Instance name : bar-n1500-1
Authors : Alexander Yuskov (a.yuskov@g.nsu.ru), Igor Kulachenko (ink@math.nsc.ru), Yury Kochetov, Igor Vasilyev, Zhangdong, Chenjuan, Huanghaohan, Wanglongfei
Date : 28.05.2025
Reference : HGIM
Solution
Route 1 : 189 113 939 543 672 1293 704 1422 644 863 1394 1454 740 586 218 71 968 1490 1336 821
Route 2 : 720 717 664 1470 1467 550 1414 349 1300 1099 109 744 523 509 1259 1494 1273 859
Route 3 : 281 1031 428 336 1178 1086 529 306 1279 180 368 514 1056 1264 675 930 1118 1425 253 1003
Route 4 : 122 545 872 535 1295 1285 337 1087 321 743 1493 1071 680 445 106 1430 856 1195
Route 5 : 276 44 794 699 687 1026 607 112 1437 1449 1357 862 274 141 21 1024 771 891 409 1159
Route 6 : 407 329 345 1095 198 301 1079 948 1157 61 1051 411 811 700 1161 252 354 1104 1002 1450
Route 7 : 546 693 1296 1443 381 1131 162 166 912 266 142 916 658 892 541 527 1016 1277 1408 1291 610 1360
Route 8 : 353 618 619 1103 649 1369 1368 615 597 1365 1347 19 1399 435 103 1185 447 1197 160 769 910 79 829 853
Route 9 : 208 365 254 958 631 1004 1115 1381 528 25 1278 775 454 501 1204 1251 745 358 1108 1495
Route 10 : 76 93 826 646 151 1396 843 419 2 536 901 752 15 1169 1286 765 538 64 1288 161 911 814
Route 11 : 553 33 783 444 716 1194 1303 588 1338 439 1189 220 89 1466 839 40 970 790 456 364 1114 1206
Route 12 : 65 815 670 201 692 1420 951 542 388 1138 326 1442 1292 68 818 487 1237 1076
Route 13 : 129 278 1028 145 570 1320 879 683 624 1374 895 508 98 1258 31 549 848 1299 1433 781
Route 14 : 677 62 812 1427 101 255 851 701 684 1451 1005 179 1434 929 325 249 116 999 1075 214 866 139 964 889
Route 15 : 464 7 1214 719 757 246 267 1469 996 51 1017 801 70 169 820 747 919 1497 204 50 800 462 1212 954
Route 16 : 293 640 1043 748 1390 118 647 324 1498 1397 868 96 415 519 1074 1269 1165 846
Route 17 : 323 322 176 1072 1073 20 770 731 605 651 926 1355 560 1481 448 1310 440 1190 1198 280 1401 1030
Route 18 : 152 515 394 902 369 1144 1265 367 74 824 232 1119 431 525 177 1117 982 1181 1275 705 927 1455
Route 19 : 184 132 882 120 88 119 869 934 29 838 207 957 870 779 421 175 105 1171 925 855
Route 20 : 230 695 980 1445 168 467 59 259 809 1009 499 495 378 1217 359 1249 1109 1128 1245 186 918 396 1146 936
Route 21 : 638 691 1388 272 412 1441 384 1022 237 1162 987 1134 713 224 251 1001 974 1463
Route 22 : 111 861 676 708 1426 219 1458 385 969 410 1135 465 1160 334 1215 283 441 1084 1191 1033
Route 23 : 390 711 258 1140 739 1008 1489 1461 488 606 260 669 1010 1419 1238 1356 578 663 1328 1413
Route 24 : 314 749 1064 685 601 171 1435 1499 921 630 1351 1380 678 1428
Route 25 : 102 714 572 1464 99 849 852 1322 375 425 481 1175 592 1231 41 547 1342 1125 60 611 791 810 173 1297 1361 923
Route 26 : 134 82 398 832 1148 884 69 463 52 1213 697 1447 802 819 636 1386 620 250 1000 1370 286 1036
Route 27 : 392 455 1142 144 135 1205 617 885 894 213 1367 652 963 1402 552 437 16 1302 200 362 1112 1187 950 766
Route 28 : 153 164 561 903 914 57 1311 316 192 942 608 1066 807 657 1358 292 1407 1042 215 128 965 878
Route 29 : 233 217 505 983 1255 967 478 43 793 484 517 330 1080 1228 1267 1234 679 1429 461 256 1211 512 1262 1006
Route 30 : 236 137 493 1243 986 737 582 887 1487 49 47 1332 268 797 799 1018 53 491 500 1250 803 1241
Route 31 : 666 27 1416 777 212 361 962 1111 446 548 471 1196 1298 587 376 167 917 1221 1337 1126
Route 32 : 738 470 1220 594 494 1488 91 1344 235 841 985 632 707 291 1457 1041 1382 1244
Route 33 : 149 408 1158 627 899 78 273 357 1377 1023 1107 406 348 45 138 828 1098 888 1156 795
Route 34 : 504 80 433 305 1254 1183 830 14 472 1055 569 764 1222 8 1319 366 758 386 315 1116 309 1136 1059 1065
Route 35 : 244 689 994 67 243 1 993 438 1188 1439 751 36 817 295 786 1045 735 382 1485 1132
Route 36 : 634 287 1037 598 1384 637 1348 715 1387 136 1465 573 1323 886 332 318 157 203 1068 907 1082 953
Route 37 : 614 557 1364 1307 289 497 1039 746 659 712 1409 1496 75 1247 1462 395 114 825 1145 864
Route 38 : 351 595 100 1101 1345 741 850 193 526 202 1491 952 1276 943 400 537 1287 1150
Route 39 : 58 12 808 240 990 522 762 558 1272 303 1308 42 23 1053 792 389 302 377 183 773 933 1127 1052 1139
Route 40 : 452 310 307 350 1060 1057 1202 1100 702 667 633 1452 1417 333 261 1011 1383 1083
Route 41 : 125 97 262 875 847 1012 698 10 1448 199 703 760 513 949 427 1263 1453 1177 63 813
Route 42 : 533 732 1283 1482 3 163 393 753 913 87 1143 510 837 1260
Route 43 : 239 104 854 13 556 1306 532 989 575 763 1325 1282 327 300 1077 1050 148 195 945 898
Route 44 : 599 299 56 1349 806 710 694 1049 1460 1444 723 648 264 1398 1473 458 1014 1208
Route 45 : 317 429 612 1179 84 1362 241 1067 991 639 613 1389 1363 603 834 1353 341 1091
Route 46 : 290 399 380 479 1040 1130 159 1149 584 1229 1334 909 271 424 1174 1021 577 5 275 1327 1025 755
Route 47 : 600 661 1411 227 245 590 1350 977 436 995 1340 1186 319 242 992 1069
Route 48 : 30 308 346 518 1058 780 373 1268 1096 172 1123 922 35 530 785 72 1280 544 822 635 1294 1385
Route 49 : 39 729 405 789 1155 653 1479 1403 506 55 1256 146 24 805 674 774 896 231 981 1424
Route 50 : 77 736 1486 22 643 571 772 564 1314 1393 205 596 1321 827 955 706 1456 1346
Route 51 : 563 328 181 1313 383 270 1133 604 1078 931 1020 1354 108 340 1090 858 339 1089 298 9 1048 759
Route 52 : 540 430 1290 482 342 1232 18 1180 768 724 503 1253 539 1092 1474 131 475 1289 1225 881
Route 53 : 154 485 904 46 1235 115 796 865 211 344 961 1094 609 650 1359 593 1400 1343
Route 54 : 422 222 972 524 516 1266 1274 1172 733 1483 140 642 490 1392 284 1240 1034 477 890 6 756 1227
Route 55 : 126 531 876 313 426 1063 401 1281 1176 1151 288 370 1038 568 404 1120 727 1318 1154 413 1477 83 1163 833
Route 56 : 234 559 984 1309 248 221 998 391 356 971 196 1141 37 946 787 228 1106 641 1391 978 206 956
Route 57 : 625 66 397 449 1375 668 816 1199 1147 1418 521 1271 285 662 1035 117 867 709 1412 1459
Route 58 : 32 216 442 11 1192 761 28 966 782 682 778 414 338 90 1432 1088 418 840 1168 1164
Route 59 : 567 1317 626 402 1152 1376 432 279 194 489 1182 944 1239 1029 226 155 143 905 976 893
Route 60 : 107 498 857 665 1248 728 1478 1415 565 229 387 979 1137 457 1207 1315 688 621 1438 1371
Route 61 : 158 265 94 1015 182 38 844 908 788 660 932 1410 360 191 460 1210 347 941 1110 466 1097 1216 343 1093
Route 62 : 443 1193 81 831 434 190 554 940 1304 722 725 1475 417 1167 1472 238 277 1027 988 1184
Route 63 : 85 294 483 450 1233 742 835 1044 1492 718 1468 583 750 1333 468 188 1500 1218 1200 938 54 804
Route 64 : 473 372 1122 574 1324 726 1223 1476 451 1201 681 1431 629 247 997 480 156 1379 1230 906
Route 65 : 197 507 671 947 585 628 178 1257 622 928 1378 1335 127 1372 581 1421 877 1331
Route 66 : 416 223 1166 492 1242 696 973 654 1446 423 1173 1404 579 686 502 1252 1329 1436
Route 67 : 123 623 734 1484 1373 589 1339 873 730 1480 121 150 496 900 476 871 562 1246 1226 352 1312 1102
Route 68 : 335 34 1085 566 784 371 534 1121 1284 1316 26 776 576 363 17 767 1326 1113 269 474 130 1019 1224 880
Route 69 : 591 721 355 1471 403 1153 1105 209 92 616 959 842 1341 1366 602 147 1352 225 897 975
Route 70 : 331 174 257 924 1007 1081 511 420 1261 1170 304 469 580 486 1330 1219 1236 1054
Route 71 : 263 374 1124 170 282 1013 210 1032 920 960 555 110 1305 860 187 520 655 1270 937 1405
Route 72 : 73 823 673 48 297 453 1423 798 656 1047 1406 1203 645 1395 379 551 1129 133 1301 883
Route 73 : 165 915 690 124 86 1440 874 311 312 836 185 1061 935 296 95 1062 845 4 320 1046 459 754 1070 1209
