Instance name : bar-n1500-6
Authors : Hiermann, G. and Schiffer, M.
Date : 2024-04-30
Reference : arXiv:2405.00230
Solution
Route 1 :  137 676 887 650 1400 1426 672 442 1422 1192
Route 2 :  690 408 1440 348 1098 625 1158 376 1126 1375
Route 3 :  610 735 1485 199 248 998 1360 693 1443 949
Route 4 :  114 864 525 1275 12 17 717 762 1467 767
Route 5 :  213 657 963 247 534 1407 997 1284 641 1391
Route 6 :  228 978 362 52 802 331 1112 1081 166 916
Route 7 :  317 457 1067 244 1207 25 994 775 335 1085
Route 8 :  504 394 1254 577 169 1327 652 1402 919 1144
Route 9 :  414 413 1163 216 157 907 966 278 1028 1164
Route 10 :  55 205 736 805 436 1486 637 1186 1387 955
Route 11 :  522 88 485 838 1272 1235 240 272 990 1022
Route 12 :  19 31 769 491 781 1241 419 319 1069 1169
Route 13 :  535 1285 665 627 1377 104 90 854 1415 840
Route 14 :  66 816 728 361 196 1478 946 1111 587 1337
Route 15 :  473 193 943 352 1223 351 1102 379 1101 1129
Route 16 :  531 498 1281 605 1248 700 453 1355 1203 1450
Route 17 :  238 215 965 988 667 661 364 1411 1417 1114
Route 18 :  430 131 881 1180 222 450 1200 76 972 826
Route 19 :  576 321 1326 1071 668 187 1418 575 937 1325
Route 20 :  456 274 1206 1024 109 620 1370 859 589 1339
Route 21 :  697 710 1447 154 1460 455 904 1205 260 1010
Route 22 :  514 13 1264 165 763 915 582 1332 359 1109
Route 23 :  567 400 461 1150 1317 398 1211 139 1148 889
Route 24 :  235 985 328 22 772 1078 232 982 563 1313
Route 25 :  500 583 1250 1333 33 617 8 783 1367 758
Route 26 :  177 281 1031 49 927 799 374 415 1165 1124
Route 27 :  117 30 867 77 780 827 101 851 555 1305
Route 28 :  40 790 185 935 521 660 233 1271 983 1410
Route 29 :  142 264 271 1021 1014 588 892 1338 72 822
Route 30 :  440 1190 614 496 1364 1246 146 449 1199 896
Route 31 :  411 1161 737 123 81 1487 873 831 543 1293
Route 32 :  16 579 150 1329 900 669 766 1419 606 1356
Route 33 :  492 1242 162 23 912 773 282 1032 39 789
Route 34 :  354 404 1104 330 1080 371 562 1121 1312 1154
Route 35 :  402 236 986 691 1152 528 1441 1278 252 1002
Route 36 :  388 363 1138 357 1113 723 1107 532 1282 1473
Route 37 :  644 1394 220 365 970 201 1115 569 951 1319
Route 38 :  342 1092 325 318 1075 1068 708 729 1479 1458
Route 39 :  369 1119 586 1336 148 18 898 619 1369 768
Route 40 :  211 61 961 811 286 481 396 1036 1231 1146
Route 41 :  360 383 1133 1110 712 571 497 1462 1321 1247
Route 42 :  731 1481 212 647 1397 962 184 195 945 934
Route 43 :  269 1019 600 1350 275 71 1025 287 821 1037
Route 44 :  242 992 75 10 825 760 223 536 1286 973
Route 45 :  648 511 298 1398 1048 1261 512 192 1262 942
Route 46 :  221 266 971 127 877 692 1016 180 1442 930
Route 47 :  204 954 409 1159 599 305 1349 633 1055 1383
Route 48 :  469 207 1219 957 299 277 1049 48 1027 798
Route 49 :  748 133 329 883 1498 1079 406 472 1156 1222
Route 50 :  506 1256 520 1270 38 326 788 392 1076 1142
Route 51 :  57 11 807 339 1089 761 428 629 1178 1379
Route 52 :  687 426 1437 725 1475 1176 21 209 771 959
Route 53 :  590 1340 334 516 454 1084 1266 320 1204 1070
Route 54 :  526 412 1276 608 1162 249 1358 999 245 995
Route 55 :  649 338 544 1399 458 1294 594 1208 1088 1344
Route 56 :  6 715 35 1465 785 743 674 1493 756 1424
Route 57 :  699 370 486 1236 1120 155 905 203 953 1449
Route 58 :  151 132 628 901 882 696 1378 105 1446 855
Route 59 :  713 524 1274 1463 294 118 868 93 1044 843
Route 60 :  307 1057 336 167 1086 675 917 635 1385 1425
Route 61 :  292 466 1216 1042 115 865 417 465 1215 1167
Route 62 :  36 786 572 438 1188 475 1322 638 1225 1388
Route 63 :  663 611 1361 1413 47 595 797 424 1345 1174
Route 64 :  78 432 828 1182 732 642 407 1482 1392 1157
Route 65 :  120 59 870 9 678 622 809 759 1372 1428
Route 66 :  24 108 422 774 858 1172 721 679 1471 1429
Route 67 :  32 89 839 60 640 701 1390 810 1451 782
Route 68 :  501 389 1251 92 288 1038 842 208 1139 958
Route 69 :  189 939 553 437 1303 69 97 1187 819 847
Route 70 :  467 1217 707 1457 603 149 596 1353 899 1346
Route 71 :  510 664 1260 225 975 1414 259 740 1009 1490
Route 72 :  85 116 835 423 866 658 1408 1173 80 830
Route 73 :  82 733 1483 539 502 1289 463 1252 832 1213
Route 74 :  439 1189 549 130 1299 880 515 312 1062 1265
Route 75 :  347 94 380 1097 844 1130 476 176 1226 926
Route 76 :  46 551 124 874 1301 796 487 1237 706 1456
Route 77 :  29 779 144 56 58 806 894 570 808 1320
Route 78 :  445 366 533 1116 1195 1283 680 250 1430 1000
Route 79 :  464 1214 257 65 1007 815 613 391 1363 1141
Route 80 :  138 482 1232 270 888 654 1020 1404 96 846
Route 81 :  102 499 852 684 121 1434 1249 871 41 791
Route 82 :  541 418 1291 1168 291 542 1041 1292 140 890
Route 83 :  653 616 262 1012 1366 14 1403 158 764 908
Route 84 :  565 74 824 378 1315 1128 597 73 1347 823
Route 85 :  425 749 1499 1175 327 67 483 1077 1233 817
Route 86 :  593 63 714 813 1464 173 615 923 1365 1343
Route 87 :  346 84 441 834 1191 337 1087 686 1436 1096
Route 88 :  558 1308 285 45 284 795 1035 1034 183 933
Route 89 :  43 722 793 490 1472 1240 734 241 991 1484
Route 90 :  568 68 711 1318 818 1461 705 251 1001 1455
Route 91 :  261 739 219 1489 1011 969 580 147 897 1330
Route 92 :  143 91 841 893 560 311 1310 1061 618 1368
Route 93 :  86 51 836 508 1258 801 42 746 792 1496
Route 94 :  26 776 447 451 505 1197 1255 1201 5 755
Route 95 :  747 1497 79 554 1304 829 718 263 1013 1468
Route 96 :  161 308 911 1058 113 863 651 7 757 1401
Route 97 :  670 170 1420 920 609 1359 126 876 709 1459
Route 98 :  324 276 1026 1074 459 395 1209 1145 279 1029
Route 99 :  443 372 1193 1122 591 385 1341 3 1135 753
Route 100 :  390 381 527 1277 1131 523 1140 1273 726 1476
Route 101 :  200 950 662 1412 564 2 1314 752 685 1435
Route 102 :  367 1117 702 1452 530 306 1056 1280 175 925
Route 103 :  462 382 1132 1212 135 444 885 1194 153 903
Route 104 :  639 1389 742 256 547 1492 1297 1006 310 1060
Route 105 :  537 129 879 1287 190 171 940 134 921 884
Route 106 :  112 106 862 856 434 1184 295 683 1045 1433
Route 107 :  218 479 968 1229 110 493 1243 860 267 1017
Route 108 :  689 255 1439 480 1005 1230 566 427 1316 1177
Route 109 :  182 95 188 932 845 938 340 403 1090 1153
Route 110 :  333 645 1083 1395 70 343 1093 820 377 1127
Route 111 :  452 1202 604 341 1354 163 913 602 1091 1352
Route 112 :  704 716 1466 1454 598 186 4 936 1348 754
Route 113 :  727 1477 349 720 1099 214 1470 54 964 804
Route 114 :  471 621 1221 1371 20 677 1427 770 304 1054
Route 115 :  210 401 136 886 960 1151 387 416 1137 1166
Route 116 :  421 197 1171 947 344 1094 477 607 1227 1357
Route 117 :  646 1396 145 429 224 895 1179 974
Route 118 :  174 159 924 302 909 1052 655 1405 231 981
Route 119 :  509 268 1259 1018 694 1444 601 100 1351 850
Route 120 :  489 1239 561 545 1311 384 368 1295 1134 1118
Route 121 :  119 474 1224 869 557 253 393 1307 1143 1003
Route 122 :  626 745 703 1495 1453 1376 433 1183 624 1374
Route 123 :  698 386 1448 1136 254 181 1004 741 1491 931
Route 124 :  258 303 1053 1008 289 237 1039 987 513 1263
Route 125 :  229 979 234 738 1488 984 160 910
Route 126 :  27 777 552 375 435 1125 1302 1185 217 967
Route 127 :  431 503 1253 1181 15 765 83 833 744 1494
Route 128 :  350 1100 206 956 612 632 656 1406 1382 1362
Route 129 :  87 837 273 168 1023 918 125 875
Route 130 :  62 1 751 812 719 246 1469 996
Route 131 :  468 103 1218 559 853 122 1309 872
Route 132 :  34 546 1296 784 488 540 1238 1290
Route 133 :  313 682 1063 518 1432 585 1268 1335
Route 134 :  724 239 989 446 1474 478 1228 1196
Route 135 :  164 548 314 914 1064 99 849 1298
Route 136 :  495 265 1245 293 1015 194 944 1043
Route 137 :  688 1438 300 280 1030 1050 50 800
Route 138 :  460 1210 28 448 778 178 1198 928
Route 139 :  550 1300 623 1373 202 681 952 1431
Route 140 :  507 243 1257 53 993 358 803 1108
Route 141 :  373 494 1123 1244 44 517 794 1267
Route 142 :  323 179 630 929 695 1445 1380 1073
Route 143 :  230 980 355 37 1105 301 787 1051
Route 144 :  730 290 1040 1480 666 673 1423 1416
Route 145 :  296 107 857 1046 198 405 948 1155
Route 146 :  634 592 1384 1342 470 519 1220 1269
Route 147 :  227 573 977 1323 671 574 1421 1324
Route 148 :  659 1409 152 902 332 283 1082 1033
Route 149 :  529 578 128 1279 1328 878 584 1334
Route 150 :  345 141 1095 891 581 410 1160 1331
Route 151 :  156 353 906 1103 420 397 1170 1147
Route 152 :  484 1234 356 556 226 1306 1106 297 976 1047
Route 153 :  322 1072 631 1381 399 315 1065 1149
Route 154 :  316 1066 750 98 1500 538 848 111 1288 861
Route 155 :  636 1386 643 191 941 1393 172 922
Route 156 :  64 309 814 1059
