Instance name : bar-n800-1
Authors       : Dmitriy Demin, Mikhail Diakov (msd@veeroute.com), Ivan Ilin, Nikita Ivanov, Viacheslav Sokolov (vs@veeroute.com) et al. VRt Global (https://veeroute.com/)
Date          : yyyy-mm-dd
Reference     : veeroute.com
Solution
Route 1 : 150 550 280 87 92 492 680 72 487 472 21 421
Route 2 : 44 390 444 790 109 509 12 43 443 412
Route 3 : 68 468 290 690 223 75 13 623 413 475 74 474
Route 4 : 300 278 84 484 678 373 137 537 773 700
Route 5 : 145 285 248 685 318 648 718 396 545 796
Route 6 : 185 254 654 585 55 135 292 455 535 692
Route 7 : 365 765 123 237 303 523 703 637
Route 8 : 213 613 299 311 699 711 251 651 112 512
Route 9 : 363 763 352 362 752 111 762 133 511 533
Route 10 : 8 210 610 305 67 705 467 199 599 408
Route 11 : 271 61 671 461 167 180 567 71 580 471
Route 12 : 146 131 218 229 618 546 531 629 283 683
Route 13 : 282 41 42 682 442 441 85 62 56 456 485 462
Route 14 : 298 48 103 698 448 503 360 760
Route 15 : 312 22 252 712 190 652 179 422 590 579 99 499
Route 16 : 182 582 391 385 791 785 206 367 767 606
Route 17 : 387 235 34 194 635 434 787 594 322 722
Route 18 : 366 33 766 433 147 30 430 547 355 755
Route 19 : 107 149 243 25 643 425 287 507 549 687
Route 20 : 130 188 345 745 588 530 326 369 769 726
Route 21 : 198 31 399 598 799 380 5 780 405 431
Route 22 : 154 554 132 140 540 101 275 532 501 675
Route 23 : 45 386 445 319 719 786 175 310 710 575
Route 24 : 331 196 324 731 596 724 356 178 756 578
Route 25 : 296 86 696 329 729 486 246 323 723 646
Route 26 : 212 120 14 612 414 520 181 165 581 289 565 689
Route 27 : 393 374 793 176 774 576 398 102 502 798
Route 28 : 224 35 624 435 91 114 491 334 514 734
Route 29 : 164 263 225 564 625 663 344 341 741 744
Route 30 : 172 174 64 464 574 169 257 572 221 657 621 569
Route 31 : 347 747 40 128 528 368 768 440 153 553
Route 32 : 357 757 308 306 313 713 708 706
Route 33 : 203 245 603 371 645 376 297 771 776 697
Route 34 : 51 451 330 10 410 730 134 258 658 534
Route 35 : 215 615 141 541 166 315 241 641 566 715 307 707
Route 36 : 256 269 343 743 669 656 216 115 515 616
Route 37 : 286 340 686 740 336 317 717 736
Route 38 : 69 186 469 586 94 121 27 494 427 521 95 495
Route 39 : 244 104 644 504 293 117 693 274 517 674
Route 40 : 273 39 262 439 673 662 377 777 397 797
Route 41 : 231 184 631 584 236 250 66 636 650 466
Route 42 : 110 58 339 458 47 510 739 78 447 478
Route 43 : 59 272 116 459 106 29 516 506 429 672
Route 44 : 270 139 539 670 122 46 316 446 522 716
Route 45 : 353 389 753 789 364 295 695 764
Route 46 : 152 552 15 291 171 691 32 571 415 432
Route 47 : 328 208 267 17 728 608 417 7 667 407
Route 48 : 83 63 483 148 463 233 548 119 633 519
Route 49 : 156 320 556 36 720 436 207 73 607 473
Route 50 : 26 143 426 543 144 89 142 37 489 437 544 542
Route 51 : 38 276 676 438 255 49 151 125 655 551 525 449
Route 52 : 160 560 3 76 403 476 4 404 227 627
Route 53 : 238 159 6 406 304 638 268 559 704 668
Route 54 : 253 333 158 653 558 733 279 679 113 513
Route 55 : 80 197 294 480 383 597 694 783 54 454
Route 56 : 105 108 505 508 16 214 416 60 614 460
Route 57 : 183 19 249 583 419 649 126 526 187 587
Route 58 : 79 479 327 370 261 770 661 384 727 784
Route 59 : 321 100 2 500 402 309 709 195 721 264 595 664
Route 60 : 400 337 88 800 488 90 200 490 737 600
Route 61 : 205 161 605 173 191 378 778 591 561 573
Route 62 : 1 202 401 77 602 266 666 477 382 782
Route 63 : 138 118 189 589 538 518 155 96 496 555 281 681
Route 64 : 193 593 395 192 795 136 592 536 97 497
Route 65 : 18 52 242 452 230 239 639 630 418 642
Route 66 : 220 209 620 609 394 361 794 349 761 749
Route 67 : 338 388 738 788 222 23 240 640 622 423
Route 68 : 20 234 634 168 28 568 420 428 124 284 524 684
Route 69 : 359 759 375 775 358 758 127 57 527 457 219 619
Route 70 : 342 247 742 647 81 162 481 379 562 779
Route 71 : 354 754 350 346 746 750 265 204 665 604
Route 72 : 129 529 351 9 751 409 277 226 211 677 626 611
Route 73 : 302 332 702 93 732 381 335 781 493 735
Route 74 : 50 450 372 217 772 617 24 157 557 424
Route 75 : 314 232 65 170 465 570 228 714 628 632
Route 76 : 53 453 98 70 498 177 470 577 325 725
Route 77 : 163 392 301 563 701 82 482 288 792 688
Route 78 : 11 259 348 201 411 748 601 659 260 660