Instance name : bar-n4000-6
Authors       : BIG3 - Dmitriy Yampolskiy, Egor Nikolaev and Daria Savina. Smart Logistics Point by the BigThree team (big3.ru).
Date          : 2025-04-23
Reference     : BigThree team (big3.ru)
Solution
Route 1 : 1464 341 594 2594 404 2341 3464 842 2404 254 1980 2842 2254 1678 3678 1423 3980 1831 3423 92 289 3831 2289 1106 1353 3353 3106 2092
Route 2 : 1574 1479 750 3574 14 3479 2750 328 2014 420 2328 947 2420 2947 648 989 2989 2648 541 1596 2541 1088 3596 1104 3088 3104
Route 3 : 557 986 128 2986 1751 2128 803 1926 2557 2803 595 3751 3926 583 2595 830 2583 1621 156 3621 694 2156 1838 2694 2830 1312 3838 1916 982 3312 3916 2982
Route 4 : 1653 1733 3733 3653 292 2292 846 1691 3691 327 475 2327 2846 2475 1569 219 2219 3569 186 1864 2186 1441 3441 1146 3864 3146 1481 959 3481 2959
Route 5 : 316 1117 2316 344 2344 3117 1037 3037 1225 1889 3225 1746 1846 3889 1142 3846 1748 3746 1798 3142 676 1556 3748 3798 1619 2676 3556 1253 3619 3253
Route 6 : 182 1571 1403 2182 283 3571 624 3403 2283 1363 1971 3971 3363 2624 535 1468 3468 299 2299 48 2535 296 1111 2048 861 2296 1623 2861 3111 3623
Route 7 : 1228 272 2272 3228 1669 650 2650 304 1575 3669 459 2304 3575 227 2227 1536 2459 847 3536 71 2847 1664 366 2071 3664 1568 2366 3568
Route 8 : 1888 80 2080 333 3888 360 727 2333 2727 1601 2360 3601 835 713 1463 2000 3463 4000 848 2835 2848 1294 1093 2713 1565 3093 3294 3565
Route 9 : 938 1349 3349 2938 432 440 2432 2440 872 446 2872 1605 2446 773 401 2773 3605 1747 826 2826 175 3747 2401 819 977 2819 1729 2175 2977 3729
Route 10 : 962 1548 2962 3548 314 682 2314 1562 3562 1256 2682 665 2665 923 1857 2923 388 3256 245 3857 2245 1949 2388 3949 236 2236
Route 11 : 1839 3839 755 646 2755 1559 3559 1357 2646 736 2736 386 2386 3357 1483 3483 1891 319 2319 805 3891 2805 937 741 2741 2937
Route 12 : 827 239 2827 1241 3241 2239 1722 1988 1285 3722 764 3988 3285 2764 377 1424 3424 322 2322 214 2377 1786 3786 1102 330 3102 2214 1856 2330 3856
Route 13 : 1598 520 841 2520 1229 2841 3229 3598 480 661 1529 2480 1069 3529 1220 2661 566 2566 3069 3220 1522 3522 641 1197 2641 3197
Route 14 : 1057 3057 134 75 1788 3788 124 2075 2124 2134 629 1226 3226 1523 2629 1307 1341 3523 3307 1677 894 2894 3341 1370 3677 1280 481 3280 3370 2481
Route 15 : 1927 1125 3927 70 1564 3125 3564 51 2070 2051 1248 3248 1764 103 3764 290 491 2103 2290 2491 430 1314 3314 1535 2430 1689 3535 3689
Route 16 : 1202 1995 3202 197 3995 909 564 1503 2197 1830 3503 1833 2564 3833 2909 790 3830 237 2237 1192 2790 607 2607 903 3192 271 2271 809 2809 2903
Route 17 : 301 74 1131 3131 2074 1700 2301 1694 3700 184 3694 603 2603 926 2926 2184 580 1064 3064 1975 2580 1913 3975 1495 3913 1449 3449 3495
Route 18 : 65 2065 1682 1296 426 3296 3682 723 1411 2723 1485 2426 3411 1537 1869 3485 3869 1235 3537 1666 3666 1274 3235 1133 1765 3765 3274 3133 125 2125
Route 19 : 1306 38 2038 1775 3306 3775 1987 917 2917 859 3987 1124 2859 365 2365 123 3124 1756 3756 2123 956 1094 166 1216 2166 2956 1656 3094 3216 3656
Route 20 : 964 1665 2964 339 1750 3750 3665 2339 832 589 2832 422 1239 2589 1436 3436 3239 1114 1084 2422 3084 1561 3561 613 3114 1673 3673 2613
Route 21 : 1758 1097 1432 3432 3758 801 1966 2801 3097 1254 3966 883 885 2885 2883 1043 3254 636 3043 1745 2636 3745 1244 95 3244 1427 2095 257 2257 3427
Route 22 : 1425 1081 3425 1808 1637 3081 638 3637 275 3808 1873 2638 925 3873 2275 431 1998 769 2925 72 2431 2769 1167 2072 3998 202 2202 3167
Route 23 : 1145 591 957 3145 2591 411 913 2411 2957 710 2913 2710 1309 655 991 3309 2655 455 2991 576 2455 678 2576 1797 2678 3797
Route 24 : 1794 1640 3640 3794 1327 748 452 3327 2452 1458 2748 1508 66 3458 2066 1283 3508 1790 395 3283 2395 1880 3790 1844 3844 3880 600 592 2592 2600
Route 25 : 905 1854 3854 2905 530 1218 3218 924 1613 2530 444 863 2444 3613 1607 3607 973 2924 2863 2973 1324 1525 3525 3324 108 772 2772 601 2108 2601
Route 26 : 1227 1083 3227 706 2706 604 238 1799 3083 2238 1732 3799 2604 689 3732 1827 2689 3827 1703 954 2954 99 3703 1437 3437 2099 61 2061
Route 27 : 1213 1258 370 1263 3213 3258 795 2370 3263 90 2795 1242 2090 331 3242 228 2331 976 2976 2228 1581 1233 35 3581 2035 3233 142 2142
Route 28 : 297 1207 2297 732 1224 2732 3224 1293 3293 3207 1847 465 3847 1395 1592 3395 2465 1668 1628 3668 3592 886 266 3628 1584 2886 1017 3584 2266 3017
Route 29 : 1209 739 3209 212 2739 2212 1953 1381 3953 904 3381 495 2495 1774 221 2221 2904 856 1330 3774 2856 477 3330 2477 1917 3917
Route 30 : 789 73 2073 1130 551 2789 2551 849 3130 2849 788 335 2788 484 2335 2484 1757 1454 3454 170 3757 1547 323 2323 2170 3547 1942 1005 3942 3005
Route 31 : 1319 1667 1826 3667 1710 708 3319 2708 3710 602 716 3826 2602 2716 345 1183 273 2273 158 3183 740 2345 2158 1499 1500 2740 3500 3499 984 2984
Route 32 : 1609 1159 3609 321 2321 56 144 3159 2144 1048 3048 1415 305 2056 2305 1597 1963 3415 424 3963 3597 19 2424 397 2019 2397
Route 33 : 1194 3194 1982 647 3982 1480 2647 1932 1400 3932 3480 287 2287 3400 1137 518 2518 3137 1390 8 1467 2008 3390 3467 277 2277
Route 34 : 1938 737 3938 549 2737 1948 2549 44 3948 1222 1024 3222 2044 1560 3024 912 3560 921 2912 1123 3123 1768 3768 1139 2921 1108 3139 3108
Route 35 : 701 1740 3740 439 141 2439 1787 2701 1781 1178 3178 2141 1453 3781 3787 1484 205 3484 1791 3453 1132 2205 880 3791 907 3132 2907 2880
Route 36 : 415 692 2692 778 2415 1413 2778 3413 1892 1554 3554 975 3892 623 2975 2623 658 1332 3332 1558 560 2658 1648 3558 3648 2560
Route 37 : 1681 3681 864 119 2119 516 146 2516 2864 631 2631 1402 1878 2146 3878 280 1030 1289 3289 3030 3402 1614 1134 3134 1445 2280 818 3445 2818 3614
Route 38 : 1512 1981 3981 406 3512 2406 1326 1061 3326 1951 3061 383 2383 644 3951 1287 2644 617 704 2617 3287 1141 2704 896 3141 1800 3800 2896 858 2858
Route 39 : 1462 1001 3001 747 3462 1991 2747 1509 3509 3991 834 276 1501 2834 2276 588 981 2588 3501 1234 2981 3234 492 1818 2492 1752 3752 3818
Route 40 : 163 1599 3599 268 586 2163 1189 2268 437 2586 1078 3189 2437 262 3078 2262 552 1872 1085 2552 303 1922 3872 3085 3922 1928 2303 3928
Route 41 : 1290 3290 543 355 2543 1697 1737 2355 3737 816 2816 666 41 173 3697 897 2173 1149 2666 2897 87 3149 2087 1168 34 3168 2041 2034
Route 42 : 1112 285 531 2285 3112 139 340 2531 2139 2340 490 222 2490 2222 1374 759 1067 2759 3374 811 887 3067 2811 1755 3755 1713 2887 3713
Route 43 : 473 1041 2473 3041 1907 3907 950 718 2950 347 2718 618 722 2618 1348 2722 2347 3348 1850 910 2910 1170 3850 598 2598 955 3170 762 37 2762 2037 2955
Route 44 : 761 1185 2761 3185 193 2193 46 2046 1221 466 2466 3221 587 949 183 862 2587 2862 2949 1941 2183 1323 3941 3323
Route 45 : 135 225 1976 2225 1375 2135 1978 3375 3976 3978 1759 220 3759 1910 1414 3414 1169 3910 252 2220 2252 1720 3720 1051 792 3051 3169 2792
Route 46 : 110 1238 55 3238 2110 1404 3404 695 2695 1896 2055 1617 3896 307 3617 1236 2307 3236 1394 1986 3394 3986 652 1517 3517 1019 1816 2652 3019 3816
Route 47 : 1505 3505 911 1092 2911 3092 933 2933 329 2329 1416 1583 1488 3416 3583 3488 114 1606 2114 1811 3811 3606 1442 410 3442 1817 712 2712 2410 3817
Route 48 : 100 42 2042 2100 758 1447 2758 1909 3447 3909 399 2399 413 775 2775 697 1219 2413 504 2697 3219 483 2504 2483
Route 49 : 1524 1815 3524 393 2393 1440 501 3440 3815 2501 1824 643 1474 2643 1397 3474 3824 1071 3397 1066 3071 1958 3066 241 2241 3958
Route 50 : 1175 3175 1835 1704 3835 1214 3214 510 1316 3704 2510 715 3316 1629 1257 3629 302 3257 2715 54 2054 2302 1875 781 3875 1908 2781 176 3908 2176
Route 51 : 1128 3128 168 1034 194 2168 3034 542 2542 2194 1304 361 3304 458 2361 508 2508 2458 1776 226 898 3776 1715 3715 2226 2898
Route 52 : 1735 1042 3042 705 1557 2705 408 2408 1031 3735 3557 6 1320 2006 1380 1634 3031 1894 3320 3380 3894 3634 1842 153 3842 121 2153 2121 639 817 2817 2639
Route 53 : 1630 507 3630 626 1426 2626 2507 260 3426 1276 890 2890 2260 309 3276 1615 2309 929 2929 3615 1206 198 3206 343 942 2198 2343 1161 2942 3161
Route 54 : 295 22 2022 2295 1230 1731 1642 3731 3230 3642 451 1004 3004 407 2407 532 2451 1333 2532 3333 218 1829 1994 3994 2218 1455 3829 3455
Route 55 : 1944 3944 1195 845 2845 3195 1282 1262 3282 117 3262 782 2117 181 558 2558 2782 1365 3365 2181 620 960 2620 2960
Route 56 : 1366 1645 454 2454 169 3645 3366 2169 1647 1515 1513 106 3515 2106 3513 3647 1950 1090 379 3090 2379 3950 717 1939 49 1935 2049 3939 3935 2717
Route 57 : 1497 3497 573 900 2573 1113 1451 3451 565 2900 101 2565 2101 628 1014 235 2628 1698 3014 1860 2235 3698 3860 112 1077 2112 3113 3077
Route 58 : 1496 1270 726 3496 3270 165 82 2165 2082 1901 3901 2726 1924 1062 953 3062 523 3924 930 952 2953 2952 2930 2523 416 1486 3486 2416
Route 59 : 325 1813 2325 1753 380 3753 779 3813 2380 1 2779 1531 3531 31 2001 342 2342 2031 1714 94 3714 1626 669 2094 1814 3814 2669 3626
Route 60 : 1947 1174 3174 1249 3249 1212 3947 728 2728 1545 3545 1566 3212 1840 1905 3566 284 2284 3840 3905 1688 210 1724 3688 1029 3029 2210 3724
Route 61 : 26 417 2026 11 229 1627 2417 2011 987 1712 3627 3712 2229 2987 1521 1789 3789 3521 537 1379 3379 2537 1608 1709 996 3709 3608 2996
Route 62 : 374 2374 206 353 1883 3883 1967 2353 2206 1121 3967 3121 1297 1275 267 1646 2267 3275 3297 1618 387 3646 2387 3618 940 81 2940 2081
Route 63 : 187 609 2187 2609 369 445 1337 3337 2445 1122 2369 1060 3122 791 3060 1695 2791 1343 3695 1965 1600 3343 489 3600 2489 3965
Route 64 : 371 2371 753 443 2753 729 1532 2443 1317 2729 3317 1538 581 3538 3532 1016 1631 3016 724 3631 2581 104 2724 2104 476 394 2476 2394 1675 3675
Route 65 : 1542 3542 563 248 1742 3742 2248 2563 76 519 2076 1063 2519 1736 1419 3419 3063 733 1999 2733 3736 133 122 3999 2133 1360 2122 3360
Route 66 : 1364 1000 234 2234 1772 3364 3772 810 2810 3000 674 2674 756 1527 2756 1199 3527 3199 642 2642 1022 3022 1925 663 1792 2663 3792 3925
Route 67 : 1211 1002 136 263 3211 958 2136 2263 1286 3002 3286 1494 2958 892 3494 2892 709 590 1382 96 1418 3382 2590 1247 2709 2096 1603 3418 3247 3603
Route 68 : 1945 1726 3945 575 3726 1683 3683 1802 2575 1329 3802 1470 3470 946 3329 18 2946 1801 1193 3193 2018 536 3801 608 2536 23 2608 770 2770 2023
Route 69 : 945 2945 1313 1399 1805 1881 3805 3399 3881 3313 62 662 2062 1025 572 2572 1422 2662 3025 376 178 2178 317 2376 152 1398 3422 2317 3398 2152
Route 70 : 85 315 2085 680 1651 3651 2315 569 1670 2680 2569 3670 1516 927 1620 2927 487 3620 2487 1828 3828 3516 441 154 2441 463 2154 2463
Route 71 : 358 857 1940 2358 500 2857 3940 2500 776 615 928 2776 502 2928 546 2502 951 2546 2951 2615 891 1298 828 2828 157 3298 1906 2157 2891 3906
Route 72 : 1563 3563 1785 199 253 1407 3785 2253 1361 2199 3407 3361 1902 852 2852 1027 3027 1387 3902 109 2109 28 3387 1553 2028 3553
Route 73 : 1914 529 2529 1482 3914 3482 4 1129 3129 2004 1779 1641 469 3779 1493 1848 2469 3848 3641 1328 3493 1594 3594 657 3328 244 2657 2244
Route 74 : 1100 605 2605 3100 524 1929 2524 1804 1410 3804 3929 479 1266 3410 2479 1164 3266 3164 1743 3743 616 683 2616 129 2683 2129 1068 180 3068 2180
Route 75 : 1448 1232 3448 686 746 3232 800 2686 2800 2746 1763 1555 3763 1155 3555 3155 871 32 2871 308 498 2032 2308 1973 2498 881 3973 2881
Route 76 : 1076 1147 457 3147 3076 233 1580 2233 2457 622 3580 1291 2622 3291 974 1160 2974 1708 1052 3708 3160 33 2033 1396 3052 878 3396 774 2774 2878
Route 77 : 86 1179 1281 3281 1009 2086 3179 102 1622 3009 3622 1749 2102 988 3749 2988 189 2189 1727 979 1960 3960 3727 200 2979 1260 2200 3260
Route 78 : 1429 1487 3429 1259 1356 3356 230 3487 673 3259 2230 359 204 2673 1707 1711 3711 246 2246 2204 2359 1961 79 2079 3961 1706 844 2844 3707 3706
Route 79 : 1692 1188 1504 3692 3504 1611 3188 1868 3611 3868 1412 3412 255 995 2995 2255 877 509 2877 243 2243 2509 1401 334 3401 751 2334 2751
Route 80 : 1956 3956 1573 3573 1264 1946 3264 242 3946 15 434 2015 1544 2242 690 3544 993 2434 2690 2993 105 2105 1874 1809 3809 3874
Route 81 : 1984 1972 1177 3984 1279 3177 468 3279 3972 1589 1101 2468 3589 1318 3101 3318 916 944 2916 107 2944 840 2107 2840 983 2983
Route 82 : 1342 794 2794 659 251 990 2659 2251 2990 3342 820 1300 3300 1335 2820 1997 3997 462 3335 1204 2462 1150 3204 948 3150 1773 3773 2948 550 2550
Route 83 : 1638 3638 428 155 2428 1033 2155 3033 619 2619 1738 346 3738 1166 2346 3166 992 578 2578 596 1540 2992 3540 279 2596 2279
Route 84 : 1741 1120 3120 3741 382 874 2382 1393 2874 1045 1690 3393 1305 3045 1469 274 2274 3690 3305 1476 115 3469 91 2091 3476 203 2203 2115
Route 85 : 12 1388 2012 522 2522 1676 3388 865 3676 1163 1346 3163 2865 625 1546 3546 2625 3346 1841 1180 3841 402 208 3180 998 2402 2998 2208
Route 86 : 368 265 540 2540 2265 2368 1384 1572 884 2884 3384 1879 3572 1886 150 3886 3879 1237 2150 3237 1223 350 2350 3223 1303 757 2757 3303
Route 87 : 367 16 24 2367 2016 547 2547 467 1734 2467 1806 3734 2024 526 3806 207 1074 2207 2526 3074 1717 247 3717 771 2247 2771
Route 88 : 1151 185 1338 3151 2185 767 1334 3334 98 2767 3338 2098 1943 1718 1271 1409 3718 1377 3943 3271 3377 1184 1367 1567 3567 3184 1593 3367 3409 3593
Route 89 : 460 796 2460 1138 797 2796 2797 1582 3138 1355 3355 1255 3582 3255 1919 1819 3919 1428 3428 1903 1862 3903 3819 1502 164 3862 3502 2164
Route 90 : 528 969 1533 2528 2969 196 2196 3533 310 1186 3186 579 2310 687 2579 89 2687 2089 149 963 700 2963 2700 2149
Route 91 : 232 1836 3836 1871 3871 612 696 2696 2612 1577 151 2232 3577 389 1053 2151 2389 3053 291 685 2291 1526 3526 1056 2685 1478 3478 3056
Route 92 : 1549 418 281 2281 2418 851 3549 2851 568 450 2568 2450 1325 780 3325 1970 2780 1433 3970 69 3433 1452 3452 2069
Route 93 : 1391 649 2649 1006 559 3391 1368 2559 3368 825 2825 1050 668 3050 384 2384 30 2668 1930 544 3930 1272 2544 2030 3272 3006
Route 94 : 1858 3858 1171 702 1822 3171 1528 2702 3822 3528 760 1339 1140 2760 3339 409 3140 1044 1570 3570 2409 1153 3044 895 2895 1439 3153 514 3439 2514
Route 95 : 875 584 2875 1699 1625 2584 3699 539 2539 171 3625 1784 656 2171 513 3784 2656 1520 1674 2513 517 3520 807 3674 2517 1047 2807 3047
Route 96 : 860 1904 3904 1890 486 2486 3890 1187 2860 1655 3187 1089 3089 3655 131 1373 3373 1884 2131 464 2464 787 2787 3884 833 675 2675 2833
Route 97 : 1812 1003 714 3003 449 1144 3812 2714 1723 3144 3723 392 2449 512 2512 1288 2392 1507 3507 3288 1246 1660 1992 3660 3246 3992 567 2567
Route 98 : 113 1386 2113 1843 3386 1182 906 3843 2906 635 3182 1885 2635 3885 1434 1172 3172 839 269 3434 1198 2269 3198 2839 127 997 2127 1201 3201 2997
Route 99 : 1435 1299 3435 908 2908 503 3299 93 2503 855 1771 2093 2855 870 3771 1065 1295 1933 3295 2870 1586 3933 3586 1912 3065 1974 3974 1820 3820 3912
Route 100 : 1099 1466 3099 1430 3466 1154 804 3430 3154 1921 2804 3921 45 2045 1321 1959 3321 1405 3959 968 2968 934 3405 2934 1897 188 2188 3897
Route 101 : 140 249 2249 2140 1135 27 1268 2027 3135 1091 412 3091 1217 3217 3268 823 1392 2412 1859 2823 1173 3392 3173 3859 538 10 2010 2538
Route 102 : 256 749 453 2256 447 2749 719 2453 2719 7 77 2007 396 2396 2447 813 1761 2077 1087 2813 137 126 2126 3087 2137 3761 1684 1252 3252 3684
Route 103 : 1923 743 3923 478 456 1383 2743 2456 1979 2478 312 3383 3979 561 672 97 2672 2312 2561 2097 474 829 405 2405 1934 3934 2829 1127 2474 3127
Route 104 : 138 1406 2138 3406 1877 1870 160 326 3870 3877 2160 58 2326 972 2058 2972 1652 745 527 3652 2527 1807 3807 2745 777 414 2414 2777
Route 105 : 506 2506 1585 356 3585 1821 2356 1552 3821 3552 570 1541 2570 3541 482 3 2482 1685 3685 2003 1243 691 3243 2691 442 2442
Route 106 : 693 742 1075 3075 1080 2693 2742 505 3080 2505 731 2731 822 120 1215 3215 2120 1079 2822 766 3079 2766 381 2381 162 1310 2162 3310
Route 107 : 1421 29 599 3421 2599 2029 1716 59 3716 554 2059 606 436 2554 1654 2606 3654 1777 2436 3777 1208 1931 3931 3208 1633 3633
Route 108 : 159 1032 2159 1156 3032 363 2363 1511 3156 3511 391 240 2391 145 2145 1851 882 2240 313 3851 2313 2882
Route 109 : 1632 354 837 3632 2354 902 548 2902 1728 2548 2837 593 2593 1250 1610 3728 3250 3610 318 1181 784 2318 1952 3181 3952 653 2653 1955 3955 2784
Route 110 : 1191 147 17 3191 1898 293 2017 390 2147 40 3898 2293 2390 1962 555 2555 1352 2040 1861 3352 1007 3007 3861 3962 1769 3769 1491 1095 3491 3095
Route 111 : 1661 3661 294 932 2294 867 2932 5 2867 1018 2005 1110 3018 485 3110 1983 298 2485 738 3983 2738 1985 2298 1578 3985 1937 3578 3937 423 2423
Route 112 : 60 286 763 2286 2060 744 2763 1358 1543 3358 1020 2744 3020 1210 3543 1702 47 3702 2047 3210 21 1054 3054 2021 1408 556 2556 961 2961 3408
Route 113 : 918 172 2918 2172 1576 1115 3115 3576 429 664 1190 2429 1251 39 2664 3190 3251 2039 1686 943 2943 3686 1082 798 1778 3778 2798 3082
Route 114 : 9 1376 2009 1744 3376 36 1762 2036 3744 978 2978 3762 1265 1968 765 3968 971 3265 2971 651 2651 1010 2765 1103 3010 1136 3136 3103
Route 115 : 84 78 2084 1644 3644 967 2078 1460 2967 838 1519 1119 2838 3119 3460 1865 1354 3519 3865 231 3354 1834 3834 1602 2231 438 3602 2438
Route 116 : 261 1302 577 2261 3302 1719 2577 786 3719 2 2002 2786 118 2118 201 211 1612 2201 2211 1371 1915 671 3612 2671 3915 3371
Route 117 : 1465 901 1782 3465 2901 195 3782 2195 1635 213 1344 3635 3344 1687 1855 2213 3687 1739 3855 398 1471 2398 3739 1780 1073 362 3073 2362 3471 3780
Route 118 : 425 167 1359 2425 3359 2167 936 688 2936 2688 217 645 2645 1126 2217 1058 3126 1693 3058 348 3693 730 2348 879 2730 161 2879 2161
Route 119 : 1767 3767 320 1957 2320 52 1643 3957 3643 1989 2052 1477 721 3477 3989 1825 1550 2721 3550 3825 1616 1336 3336 3616 1162 1649 3162 3649
Route 120 : 1347 812 854 2854 853 2812 2853 1165 3165 375 3347 802 2375 1351 3351 2802 785 1284 2785 1459 3284 1444 1203 3459 3444 3203
Route 121 : 1795 1035 1008 3008 3795 1730 1322 3322 1662 3035 3730 3662 1378 1040 3040 338 3378 1518 2338 3518 179 216 2179 2216 1803 1796 3803 3796
Route 122 : 1046 866 2866 3046 1725 461 3725 1105 2461 754 3105 1672 2754 621 3672 681 1895 2681 1899 3895 1039 2621 3899 1059 515 3039 3059 1420 3420 2515
Route 123 : 1754 1011 3011 63 3754 1977 2063 1658 1028 3977 965 3658 336 2965 1539 3028 2336 25 814 3539 1269 2814 1049 3269 3049 2025
Route 124 : 1530 873 143 1636 2143 553 3530 427 2553 2427 3636 985 2873 2985 919 148 2148 493 2493 1810 1098 3810 3098 1148 3148 43 2919 939 2939 2043
Route 125 : 850 300 2300 1760 2850 3760 1072 915 1331 3331 1456 3456 2915 278 1278 3072 1292 2278 471 3292 3278 306 2471 1118 3118 2306
Route 126 : 1793 611 3793 499 2499 970 2970 1990 2611 711 735 2711 2735 3990 20 571 677 2020 311 2677 752 2752 2571 259 2259 670 2311 2670
Route 127 : 1849 1205 3849 3205 610 1273 192 582 2610 2582 1837 2192 3273 3837 836 768 2768 435 2836 2435 57 1231 3231 1659 2057 324 3659 2324 1345 1680 3680 3345
Route 128 : 224 2224 88 1450 2088 1882 3450 1261 1579 3261 3579 1036 634 3882 2634 1867 3036 868 3867 1510 2868 50 3510 632 258 2632 2258 2050
Route 129 : 1823 1770 1887 385 3770 130 3823 2130 2385 633 2633 1551 3551 1369 3887 3369 1506 698 1096 2698 1866 3506 3096 3866 899 1013 2899 488 3013 2488
Route 130 : 1920 1038 3920 494 1876 3038 419 3876 2419 703 2494 1438 2703 1457 3438 1766 1240 3766 3457 215 1498 3240 2215 799 3498 2799 64 1143 2064 3143
Route 131 : 1969 783 3969 1783 2783 470 3783 1021 2470 3021 931 282 2931 2282 1023 1340 3340 1918 3023 3918 1473 1158 920 3158 1671 3671 2920 3473
Route 132 : 191 597 1385 2191 2597 3385 1109 3109 1604 1591 3591 433 3604 1070 2433 679 3070 1663 2679 914 3663 1721 332 2914 3721 2332
Route 133 : 352 1993 2352 357 2357 1911 3993 1277 3277 3911 1311 637 2637 869 3311 821 2869 270 209 2209 922 2821 2270 2922 806 400 2806 2400
Route 134 : 67 1590 3590 1679 1657 2067 3679 497 1587 3657 2497 640 364 223 2364 1595 2223 3587 1832 3595 2640 511 3832 2511 707 2707
Route 135 : 1863 667 3863 177 2667 2177 614 53 2614 734 2734 1624 2053 3624 1315 1301 3301 3315 111 824 2111 2824 889 1015 3015 2889
Route 136 : 720 349 888 2349 1475 2720 2888 533 2533 472 2472 3475 1086 654 2654 1026 3086 1893 3893 3026 585 2585 1472 1701 3701 3472
Route 137 : 1705 1954 1514 3705 3954 1431 3514 994 3431 1157 627 2627 630 2630 3157 250 2994 1489 2250 264 2264 1900 3489 373 1200 3200 1443 3443 3900 2373
Route 138 : 966 1055 3055 808 2966 843 2808 378 2843 660 2378 1490 545 2660 1196 3196 3490 1267 2545 815 3267 337 534 2337 2815 2534
Route 139 : 1308 1012 3308 1372 3372 1492 3012 1936 935 2935 3936 1964 3492 1588 3964 13 3588 2013 132 1176 2132 1534 3534 3176 403 2403
Route 140 : 725 980 2725 525 2525 83 2980 1417 2083 372 3417 1116 1389 3389 3116 1245 3245 2372 1152 1362 3362 831 3152 562 2562 941 2831 2941
Route 141 : 1446 684 3446 1845 3845 2684 1107 190 2190 3107 1696 3696 1461 351 2351 288 1650 3461 2288 876 2876 3650 1350 574 2574 496 3350 2496
Route 142 : 1853 793 3853 699 2793 174 2699 2174 1852 999 893 3852 2999 1996 3996 68 421 2893 2068 521 2421 116 1639 3639 2116 448 2448 2521
