Instance name : bar-n200-3
Authors : Alexander Yuskov (a.yuskov@g.nsu.ru), Igor Kulachenko (ink@math.nsc.ru), Yury Kochetov, Igor Vasilyev, Zhangdong, Chenjuan, Huanghaohan, Wanglongfei
Date : 28.05.2025
Reference : HGIM
Solution
Route 1 : 19 59 119 64 159 164 82 182 74 3 103 16 116 174 38 95 138 98 195 198 99 46 146 199
Route 2 : 12 112 18 56 77 156 177 45 27 145 36 118 127 136 20 53 120 153 79 71 171 179 73 58 158 173
Route 3 : 5 93 100 105 193 8 108 200 30 66 35 135 130 87 94 54 194 154 187 166 24 52 124 152 97 197
Route 4 : 86 6 10 68 186 110 168 106 39 7 139 44 107 144 67 2 102 167 13 23 123 113 1 22 101 49 122 149
Route 5 : 25 81 21 125 181 17 65 121 165 84 117 90 47 184 147 190 96 76 176 70 196 89 170 189 48 148
Route 6 : 9 11 61 109 55 161 155 72 172 63 163 41 37 111 137 141 85 42 75 185 88 142 175 188
Route 7 : 15 115 14 33 4 133 34 114 134 104 78 32 50 80 178 132 60 150 180 160 43 29 143 129
Route 8 : 51 62 69 151 162 169 92 91 191 40 192 140 57 26 126 157 83 183 28 31 131 128
