Instance name:	bar-n1000-5
Authors:		Carlo Sartori and Luciana Buriol
Date:			2019-2-11
Reference:		A matheuristic approach to the PDPTW (to be submitted)
Solution
Route 1 : 249 296 749 337 796 322 293 837 822 327 793 75 365 575 827 428 110 928 610 123 865 351 623 851 361 100 861 313 600 272 813 193 179 693 2 679 502 192 772 497 692 997
Route 2 : 467 270 967 295 264 770 795 302 764 802 379 416 916 165 450 879 950 206 665 706 309 115 615 465 809 413 965 233 913 733 225 489 989 725 38 421 538 921
Route 3 : 374 493 993 364 108 864 432 874 230 730 608 112 932 18 518 96 612 147 596 156 352 656 267 852 122 767 647 262 377 762 405 622 877 258 905 181 681 244 744 92 758 592
Route 4 : 469 499 969 211 999 408 426 908 312 812 461 415 269 926 711 34 915 534 479 979 247 747 39 961 26 769 487 539 236 987 526 61 235 736 735 561 307 807
Route 5 : 16 382 516 259 882 456 248 759 748 285 375 463 785 77 875 3 406 963 956 503 495 577 906 995 355 37 855 537 209 9 709 454 509 381 954 265 881 388 765 888
Route 6 : 59 98 441 300 941 800 15 559 49 515 598 391 289 789 549 891 273 166 232 732 773 666 466 336 966 237 389 836 889 358 737 858 128 163 663 628
Route 7 : 159 197 659 215 697 392 715 294 794 892 136 157 452 636 387 887 657 36 291 177 791 952 228 677 728 536 13 207 513 399 707 899
Route 8 : 255 276 417 776 402 917 755 124 154 624 902 151 651 162 170 662 654 670 348 437 848 251 937 56 33 556 533 470 500 751 970 359 224 1000 859 724 189 689 455 955
Route 9 : 329 829 208 161 708 118 661 480 246 256 746 380 980 172 198 618 756 332 698 86 672 880 229 121 621 729 586 832 303 176 227 803 254 676 727 45 754 545
Route 10 : 277 113 453 613 953 777 315 93 815 241 741 148 593 141 648 182 682 439 641 85 939 427 171 585 212 712 671 371 448 927 871 210 948 710 349 447 849 368 947 868
Route 11 : 449 330 133 830 633 127 949 234 627 117 338 734 838 617 57 32 532 557 275 290 70 570 335 835 775 240 395 790 895 132 320 632 820 740
Route 12 : 139 490 383 639 883 445 990 393 893 203 703 485 187 945 390 985 890 95 687 8 595 42 486 542 90 590 250 750 508 152 143 652 457 986 643 442 957 942 173 52 673 552
Route 13 : 74 43 574 357 543 68 857 220 414 568 914 28 720 434 528 231 125 934 625 731 292 64 792 564 468 403 968 185 903 284 784 685 30 47 547 385 530 475 885 975
Route 14 : 398 433 323 898 823 62 933 186 562 238 686 446 331 831 188 76 738 688 946 99 436 599 354 936 271 278 169 854 771 314 778 814 103 669 603 89 41 589 576 541 158 184 684 369 53 658 869 553
Route 15 : 333 833 216 716 261 19 400 114 900 519 761 29 340 529 471 614 120 971 840 620 404 492 904 175 992 311 675 324 498 811 106 998 396 606 824 222 488 896 988 722
Route 16 : 137 194 226 637 308 808 694 726 474 974 97 102 372 872 597 239 602 40 739 80 540 202 580 46 702 130 546 630 14 268 768 459 514 959 135 73 635 573
Route 17 : 423 316 816 923 174 58 674 558 63 563 386 214 150 714 345 650 886 138 638 81 581 199 252 845 699 752 20 48 325 548 460 825 458 520 958 960
Route 18 : 484 422 922 145 160 645 472 984 27 217 972 281 717 280 660 527 67 567 242 780 491 781 430 742 477 930 321 991 977 435 87 935 821 376 107 876 607 587
Route 19 : 476 373 873 976 140 298 798 334 640 834 12 481 981 341 512 88 419 588 104 841 919 344 286 786 604 366 844 84 155 584 279 425 866 925 131 779 631 655
Route 20 : 213 200 713 94 700 253 5 594 753 350 850 190 505 690 483 25 525 983 360 17 257 860 7 517 153 653 245 757 50 550 507 745 60 560
Route 21 : 134 317 817 346 634 263 763 846 111 343 611 79 579 22 843 72 260 760 522 496 572 407 418 996 126 918 907 420 626 412 912 23 920 310 810 523 101 601
Route 22 : 462 962 299 196 696 167 799 168 667 274 668 219 774 205 223 719 180 723 680 142 318 705 642 288 394 894 301 788 801 451 195 818 410 951 66 695 287 566 201 910 787 701
Route 23 : 478 319 4 978 819 78 504 578 326 35 826 283 535 144 783 65 146 644 565 646 44 69 544 129 204 569 704 629
Route 24 : 282 384 884 116 105 782 605 616 55 164 664 183 6 683 506 555 11 218 511 424 718 356 856 353 924 51 362 551 191 853 221 378 878 862 721 691
Route 25 : 473 401 973 901 444 342 842 411 944 370 31 911 870 328 531 828 83 429 929 304 583 1 306 806 443 347 501 109 804 54 847 149 609 10 943 554 363 649 863 510
Route 26 : 266 82 431 582 119 931 766 619 21 71 464 521 571 367 178 964 678 243 438 867 91 591 297 938 743 409 909 440 940 494 397 797 482 994 339 839 982 24 305 805 524 897
