Instance name : bar-n4000-5
Authors       : Dmitriy Demin, Mikhail Diakov (msd@veeroute.com), Ivan Ilin, Nikita Ivanov, Viacheslav Sokolov (vs@veeroute.com) et al. VRt Global (https://veeroute.com/)
Date          : yyyy-mm-dd
Reference     : veeroute.com
Solution
Route 1 : 1556 1461 393 3461 2393 3556 1698 824 2824 3698 1111 1343 3111 3343 1071 187 2187 834 3071 1746 3746 854 1525 2834 2854 3525
Route 2 : 1661 1367 3661 1393 3367 3393 1301 3301 1512 1460 1381 3460 3512 3381 1264 1003 3264 554 3003 826 2554 2826 1767 3767
Route 3 : 433 199 2433 2199 1723 39 3723 2039 228 1899 2228 846 3899 909 2846 2909 1635 655 546 2655 3635 1305 1619 3305 1617 2546 3619 3617
Route 4 : 1131 1141 3131 656 1918 3918 3141 2656 1778 998 406 2406 721 1150 2998 2721 3150 469 3778 2469
Route 5 : 1554 1084 29 3084 1638 2029 3638 1297 1869 3297 3554 1921 3869 3921 1241 44 3241 1215 2044 3215 1036 3036 1552 3552
Route 6 : 363 759 836 1650 2836 338 2338 246 2363 2246 37 179 2179 2037 1928 3928 1495 2759 3495 3650 1277 832 252 3277 1570 3570 2832 2252
Route 7 : 920 899 2899 2920 1391 1135 1945 3135 184 811 3945 2184 781 2811 1978 3978 2781 1941 489 3391 3941 2489 1403 3403
Route 8 : 1203 3203 1221 3221 868 1534 3534 2868 898 1214 2898 3214 443 700 2443 1815 2700 1926 223 3926 2223 15 3815 2015 879 2879 972 2972
Route 9 : 202 1011 3011 630 712 2630 241 2712 2241 787 148 977 2148 1809 2787 2977 1671 1504 2202 1805 3504 10 3805 2010 234 3671 3809 2234
Route 10 : 165 1653 356 2356 741 2741 3653 657 513 2657 1368 1683 3683 2513 3368 387 2387 1304 335 1964 3304 480 3964 1457 2335 2480 1207 1883 3883 3457 3207 2165
Route 11 : 1138 829 2829 3138 922 1773 2922 118 875 2118 1044 3044 213 2213 3773 2875 1810 857 3810 1107 1016 3107 1705 3016 2857 3705
Route 12 : 931 1191 521 2521 3191 641 2641 2931 1104 3104 1631 1208 3208 1275 3631 961 2961 1528 305 3528 2305 3275 991 45 2991 1197 2045 766 2766 3197
Route 13 : 1479 559 3479 1654 585 364 2559 2585 3654 1689 1749 266 3749 30 3689 2364 2030 2266 1103 702 1414 3103 1550 2702 598 3414 2598 543 3550 2543
Route 14 : 308 1079 1189 2308 819 3189 143 2819 69 2069 780 2780 2143 3079 661 1435 1998 915 2915 3998 3435 2661
Route 15 : 996 1750 2996 817 2817 1100 3750 3100 127 60 2127 71 2060 175 2175 1974 3974 1895 2071 1170 3895 167 3170 2167
Route 16 : 502 970 1561 2970 1706 3706 1951 3951 3561 1649 2502 3649 99 2099 1246 1986 3986 3246 807 94 2807 1190 1098 3098 3190 2094
Route 17 : 1122 487 3122 340 2487 1262 2340 726 1500 3262 2726 499 3500 2499 253 582 2253 471 2471 550 359 2582 108 2359 2108 2550
Route 18 : 1349 1076 681 3349 3076 2681 1237 461 2461 1579 1114 3114 3237 3579 965 1364 3364 1279 3279 1087 2965 3087 8 1440 2008 3440
Route 19 : 835 456 2835 877 1178 2877 280 2456 1470 2280 385 3178 1238 1120 3470 2385 1599 1532 3120 3238 1721 3721 3532 3599
Route 20 : 1073 1365 3073 3365 1394 201 1764 2201 3764 3394 1803 3803 65 2065 903 901 2903 353 2901 568 2353 507 988 2988 2507 2568
Route 21 : 1063 1605 3605 823 3063 26 2026 2823 373 1498 3498 1434 2373 1321 3434 52 3321 2052 1023 678 3023 155 327 2327 2678 1981 2155 1861 3981 3861
Route 22 : 577 2577 20 2020 609 1031 1239 1478 3031 2609 1867 3478 542 3239 1494 3867 2542 3494 1227 563 3227 2563 1212 428 1082 3212 3082 2428
Route 23 : 1223 3223 752 1604 3604 2752 1174 3174 1931 646 3931 1801 1274 2646 3274 3801 1702 1592 1862 3702 3592 3862
Route 24 : 1020 3020 244 2244 888 593 2888 647 2647 358 2593 1425 3425 2358 121 116 367 976 2976 2367 2121 1006 3006 2116 659 1612 2659 3612
Route 25 : 1370 265 2265 1029 1429 3370 3029 259 2259 3429 1593 3593 441 1026 3026 1280 1294 1065 3280 3065 2441 3294
Route 26 : 1530 1957 3530 3957 1927 1081 1886 43 3927 421 777 3886 684 3081 2777 2043 2684 864 2421 2864 958 1637 258 2958 3637 2258
Route 27 : 971 762 897 2762 2897 1741 3741 1742 2971 3742 229 488 892 2229 177 1218 540 2488 3218 1760 3760 236 2236 2892 2540 1133 3133 1404 3404 2177
Route 28 : 785 1574 2785 3574 1042 3042 1799 3799 1616 277 3616 2277 124 1222 1046 2124 3222 3046 1330 1894 3330 422 3894 2422 1735 1892 3892 3735
Route 29 : 1147 3147 319 1647 2319 606 1043 2606 3043 3647 368 1483 3483 1119 2368 3119 1675 3675 862 1863 2862 1379 3379 3863
Route 30 : 35 1687 2035 3687 186 247 1377 1254 2186 3254 476 1018 2476 3018 3377 1296 2247 1943 3296 1186 1817 1115 3115 3186 3943 3817 375 1453 3453 2375
Route 31 : 852 3 2852 2003 1852 1070 386 2386 3852 3070 457 1482 3482 2457 683 2683 637 1258 3258 865 1657 1399 2637 3399 3657 2865
Route 32 : 147 1132 2147 679 3132 491 2679 2491 1373 3373 1752 1194 3752 3194 1889 3889 425 269 2269 2425 1499 1182 3182 3499
Route 33 : 508 112 1217 3217 1336 1051 2508 194 3051 2112 649 3336 7 1907 2194 2649 1090 1286 3907 3090 3286 1361 1700 3700 1371 2007 3371 3361
Route 34 : 1161 402 3161 2402 1701 3701 779 975 2779 845 82 2082 2845 725 2975 1865 2725 3865 101 844 2101 558 207 2844 2207 2558
Route 35 : 328 782 1837 2782 2328 3837 1601 799 1730 2799 3730 3601 113 523 2523 2113 889 786 1074 2889 3074 2786 774 2774 809 2809
Route 36 : 83 70 556 2556 2083 2070 770 407 2407 1908 1446 2770 3908 833 1509 2833 552 2552 634 1468 3509 3446 1712 1722 2634 3722 3712 3468
Route 37 : 77 1876 2077 132 979 3876 2132 2979 1383 1372 1442 3372 31 651 1537 3442 2651 1662 3662 452 2031 3537 2452 3383 1790 1548 3790 588 2588 3548
Route 38 : 1559 1989 3559 486 3989 934 750 2486 1796 2934 3796 2750 870 1052 3052 1680 734 2870 3680 2734 1487 1979 3979 1844 3487 3844
Route 39 : 347 2347 1679 1450 1688 3679 18 2018 3450 1953 3688 1497 3953 3497 1775 530 2530 1628 3775 1571 268 3571 2268 3628
Route 40 : 1000 149 2149 3000 483 163 2483 2163 1436 200 1378 2200 3378 600 3436 2600 27 957 2027 2957 1439 3439 237 680 2237 2680
Route 41 : 1784 1163 3784 1140 1660 612 3660 1642 3163 911 3642 2612 544 1866 2911 1092 2544 3092 448 3866 2448 126 1433 2126 973 3433 2973 1933 3933 3140
Route 42 : 767 1331 3331 2767 711 2711 1015 1360 3015 3360 1358 1969 216 3358 3969 2216 1354 3354 1912 114 719 2719 2114 3912 275 2275
Route 43 : 1285 74 500 640 2074 967 2500 2640 3285 1001 2967 3001 929 705 2929 675 2705 814 2675 2814 1575 1449 3575 3449 341 2341 180 2180
Route 44 : 1568 196 3568 1097 294 608 2608 2196 3097 332 391 884 2332 2391 607 2884 2607 1109 3109 1707 3707 88 954 2954 2088 2294
Route 45 : 946 1873 1062 3873 3062 1811 2946 1035 188 3035 3811 1157 1788 144 2188 3788 1835 2144 3835 1521 944 3521 2944 1843 3843 3157
Route 46 : 475 2475 1620 1398 687 2687 473 3620 3398 159 2473 947 698 2159 2947 822 417 2698 2822 2417 849 1501 2849 989 2989 300 3501 2300
Route 47 : 1445 990 3445 470 2990 1452 3452 983 874 2874 2983 1812 2470 1290 3812 709 3290 2709 249 1870 561 3870 2249 1772 2561 3772 541 1284 2541 1738 3284 3738
Route 48 : 792 100 2792 1041 2100 262 3041 2262 962 494 664 2494 2664 2962 1756 1529 297 3756 3529 2 2297 394 1665 2002 2394 3665
Route 49 : 603 2603 1516 672 3516 1013 2672 3013 287 1874 2287 3874 1228 571 3228 2571 442 343 133 2442 1856 2343 2133 3856 518 2518
Route 50 : 1944 1996 1291 3944 3996 3291 34 1919 3919 2034 1316 1078 3316 791 1600 3078 773 2791 1335 2773 1982 3335 3600 3982 1234 3234
Route 51 : 1786 738 3786 2738 622 1268 1357 3268 392 3357 2622 1903 2392 3903 90 1527 2090 1283 3527 838 1267 2838 1066 3283 3267 3066
Route 52 : 919 2919 533 122 2122 1577 2533 1424 3577 821 3424 182 2182 2821 840 890 2840 212 2890 479 2212 204 995 2479 2995 1524 2204 3524
Route 53 : 1469 1420 3469 1923 1034 3923 742 3034 2742 928 1925 3420 3925 1308 3308 2928
Route 54 : 1518 3518 732 760 1882 3882 2732 2760 1850 1417 3850 3417 278 788 2278 2788 1603 349 2349 565 3603 224 2565 504 1351 2504 3351 2224
Route 55 : 1229 744 3229 2744 1737 1038 1293 50 3038 2050 3293 3737
Route 56 : 1233 326 956 3233 827 2956 576 2326 2827 2576 298 633 841 2841 1059 2298 2633 1072 3072 3059 299 997 2997 2299
Route 57 : 1872 171 1342 795 2171 3342 2795 917 3872 1481 1278 2917 506 3278 3481 412 2506 2412 1668 3668 1968 1545 3968 314 2314 3545
Route 58 : 1598 1405 1673 3598 3673 3405 1522 1183 3183 3522 466 1988 2466 514 2514 468 2468 1506 3988 123 1216 2123 166 3506 3216 2166
Route 59 : 130 2130 290 1840 1220 3840 3220 1030 40 2290 3030 257 2257 1271 1824 3271 3824 2040 816 730 2730 54 380 2816 2380 139 2054 2139
Route 60 : 882 1165 618 3165 2882 579 2618 969 2579 1940 2969 3940 1085 872 3085 2872 238 1564 2238 1938 555 2555 3938 1831 3564 1777 1230 3230 3831 570 2570 3777
Route 61 : 1496 1353 17 1630 3496 2017 3353 285 3630 2285 315 735 2735 1247 2315 1418 3418 1569 3569 3247 1513 1488 3488 3513 974 739 2739 276 2276 2974
Route 62 : 939 1166 3166 2939 1017 1422 3017 3422 1226 1302 3302 129 2129 3226 140 2140 76 2076 415 354 696 2354 2415 1108 3108 2696
Route 63 : 1594 701 1911 3594 1158 3911 2701 830 2830 3158 1310 318 3310 2318 1881 225 743 1260 2743 3260 3881 2225
Route 64 : 33 2033 477 1423 511 2477 3423 2511 968 317 408 2968 1887 2408 3887 1802 3802 1326 918 2317 134 2134 1632 3326 264 2918 2264 3632
Route 65 : 509 1156 611 3156 1123 1766 3766 2611 296 3123 87 2509 2296 2087 1606 537 3606 1484 2537 1236 644 3484 3236 1733 3733 2644
Route 66 : 912 1340 2912 366 1472 2366 3340 1808 3808 1780 3472 3780 21 1930 2021 803 2803 119 2119 1410 3930 1406 3410 1937 3406 3937
Route 67 : 1695 3695 25 1211 2025 3211 192 1755 1265 312 880 3755 3265 2312 2192 638 2638 2880 1409 381 3409 2381 676 1152 1067 2676 3067 3152
Route 68 : 843 2843 695 847 1839 3839 1547 2847 2695 1916 1259 3547 3259 720 1652 3916 3652 2720 1205 1303 3205 431 3303 1242 2431 3242
Route 69 : 1884 620 1007 3884 2620 1954 3007 3954 1225 794 3225 2794 1198 3198 1315 1893 3315 1696 3893 796 2796 3696 1389 3389
Route 70 : 1692 1323 3692 1514 3323 3514 1709 59 2059 289 2289 3709 1816 3816 1421 3421 940 2940 462 2462 197 2197
Route 71 : 1411 1459 3411 1999 3459 520 260 3999 474 2520 2260 1531 2474 3531 251 230 1536 2251 3536 120 1505 2230 6 3505 2120 2006
Route 72 : 1463 3463 548 815 2815 2548 1456 1711 3711 3456 1736 1105 9 3105 2009 3736 1757 1467 3467 3757 691 191 1860 3860 1914 2191 2691 1047 3914 3047
Route 73 : 842 1739 3739 2842 1543 3543 566 142 1915 2142 2566 3915 1355 3355 111 828 2828 2111 2000 727 4000 2727
Route 74 : 663 2663 1427 1967 75 1596 3967 2075 3596 1727 1454 3427 3727 3454 1462 3462 802 1151 2802 3151 914 2914 1558 3558
Route 75 : 372 856 1089 2856 910 3089 2910 2372 597 222 1751 2597 722 1990 3751 413 2222 2722 1374 3990 2413 621 3374 1466 2621 451 3466 2451
Route 76 : 778 62 2778 1416 1864 2062 660 3864 2660 36 2036 1096 3096 3416 1128 3128 344 342 2344 2342 883 472 2472 950 2883 1814 3814 2950
Route 77 : 270 2270 1535 710 2710 921 3535 2921 1143 1719 1782 3782 3719 1888 1955 3143 1057 686 3888 136 3057 2686 1232 3955 66 2136 2066 3232 1929 3929
Route 78 : 605 256 2605 1244 2256 631 1270 250 3244 1175 3175 2250 2631 3270 625 153 2625 1245 3245 2153 1219 1658 3219 3658 907 437 2907 1502 2437 3502
Route 79 : 590 1510 389 2590 1204 3204 3510 2389 1846 1664 3664 1037 1327 3846 3327 932 263 2932 3037 1356 2263 3356 397 2397
Route 80 : 986 1697 790 557 2986 3697 772 2557 2772 1318 61 2790 302 306 3318 2061 2306 2302 432 1428 2432 3428 1806 3806 978 2978
Route 81 : 1715 3715 1791 254 1363 3791 2254 575 3363 2575 1615 1431 3431 1765 3615 3765 91 2091 164 1021 2164 411 1171 592 3021 3171 2411 2592
Route 82 : 416 293 1324 1648 2416 2293 3648 1376 3324 271 3376 2271 806 1473 1177 3473 2806 169 2169 3177 1826 723 2723 496 3826 941 2496 2941
Route 83 : 57 1785 64 2057 404 2064 1153 3785 569 1942 2404 3153 3942 2569 654 1400 2654 776 2776 86 1602 3400 2086 1025 1250 3025 3250 3602
Route 84 : 1542 3542 560 866 871 2560 1588 2871 3588 768 2866 1818 1430 703 2703 3818 2768 279 3430 211 2279 2211
Route 85 : 1173 601 3173 1891 2601 115 255 2115 3891 1885 1829 3885 1281 3281 3829 1645 2255 1437 3437 3645 1266 3266 682 2682 1825 460 2460 3825
Route 86 : 1390 105 1729 2105 3390 878 1320 528 2528 322 3320 2878 1634 2322 1868 1251 3634 3251 3729 1253 3868 632 3253 2632
Route 87 : 769 2769 1771 125 2125 693 3771 1110 1102 2693 3102 3110 1934 152 3934 512 1922 2152 3922 2512 1565 1830 3565 1541 1164 3541 3164 3830
Route 88 : 1533 3533 73 1644 2073 628 2628 3644 360 2360 1384 567 3384 2567 1557 943 2943 1385 3557 1273 574 3385 3273 135 2135 2574
Route 89 : 1902 1477 3477 3902 1248 1471 916 1823 2916 444 3471 3248 3823 1666 336 3666 2336 2444 1196 3196 89 2089 536 1627 885 3627 2885 1993 3993 2536
Route 90 : 463 2463 867 273 2867 2273 316 2316 181 1770 2181 938 589 2938 3770 2589 1566 146 2146 3566 775 1834 2775 753 2753 320 3834 522 1820 2522 2320 3820
Route 91 : 927 41 32 2032 1896 2927 2041 1703 3896 3703 81 2081 1486 1690 3690 12 3486 2012 985 2985 645 1949 3949 1977 2645 3977
Route 92 : 764 206 2206 516 2516 2764 1392 3392 426 1716 3716 2426 384 748 2384 2748 839 370 2839 2370
Route 93 : 993 495 2993 1900 2495 3900 1387 666 1794 1585 3585 3387 3794 2666 485 286 2485 2286 729 1553 3553 2729 1154 3154
Route 94 : 1622 157 440 2157 3622 168 47 2168 2047 1064 2440 673 1306 3064 3306 2673 648 758 2758 1032 3032 2648 1871 1396 3396 478 2478 3871
Route 95 : 1056 855 2855 1551 1124 818 3056 3124 2818 3551 1068 361 2361 3068 1732 1663 797 2797 3663 274 3732 1591 2274 3591 331 2331
Route 96 : 714 2714 755 245 2245 2755 395 635 2395 1438 2635 3438 1061 3061 1769 629 924 2924 2629 1130 3769 3130
Route 97 : 1572 1633 3633 1492 1667 3572 3492 1289 49 3667 303 382 2049 2303 3289 771 2382 193 2193 1075 1188 1656 3188 610 2771 3075 3656 2610
Route 98 : 46 2046 583 1948 2583 1740 3948 1137 3137 1347 3740 531 1956 1382 3347 3956 3382 1984 2531 3984 1842 383 2383 905 2905 1597 3842 3597
Route 99 : 1180 217 3180 484 2217 2484 420 1586 2420 1855 3586 3855 1950 784 3950 2784 418 2418 1317 1118 3118 900 3317 2900
Route 100 : 1743 667 3743 1726 2667 1813 3726 1991 3813 3991 572 2572 1491 1947 210 2210 53 2053 3491 1033 3947 1083 3083 1747 3033 3747
Route 101 : 1972 783 1448 2783 963 185 2963 2185 235 3972 2235 1 1682 1845 2001 348 3448 1388 3682 3845 2348 221 3388 1804 2221 3804
Route 102 : 1589 1240 3240 716 195 2716 1966 2195 1523 3589 3966 467 3523 2467 534 453 1795 2453 2534 1099 896 3099 1049 3049 1348 3348 2896 3795
Route 103 : 1359 564 587 653 2564 3359 1875 2587 261 3875 2261 2653 446 1880 3880 2446 1684 103 173 2173 2103 1314 3684 3314
Route 104 : 1685 1725 3685 1257 1641 894 3257 2894 481 3725 733 492 3641 2492 2481 2733 1841 1080 1407 3841 1710 3407 1077 3710 219 3077 3080 1366 3366 2219
Route 105 : 1939 553 2553 1179 3939 3179 1879 1256 3256 357 3879 2357 362 104 2362 2104 1193 371 933 2933 724 138 524 3193 2724 2371 2138 2524
Route 106 : 128 160 2128 1054 591 2591 1167 2160 51 1857 2051 3054 1759 150 3759 189 1101 2150 3167 851 3857 2851 2189 3101 85 586 1169 3169 2586 2085
Route 107 : 1146 3146 1924 837 3924 1069 3069 2837 525 2525 757 1004 2757 3004 639 2639 1897 3897 1012 325 3012 2325 740 2740
Route 108 : 1095 1567 3095 1129 3567 3129 1295 3295 964 2964 616 2616 728 2728 1674 1401 3674 454 1651 3401 3651 2454 240 2240
Route 109 : 497 1408 2497 3408 1678 1584 3584 1965 3678 1980 1625 1714 3980 1560 3965 3625 3560 1676 410 3676 55 2055 1185 2410 334 2334 423 3185 2423 3714
Route 110 : 697 599 2599 435 2697 1618 2435 627 3618 1455 3455 2627 1963 3963 1415 1898 414 3898 2414 3415 1269 465 3269 203 2203 378 2378 1199 3199 2465
Route 111 : 1112 3112 881 1447 3447 2881 281 902 2281 1093 2902 3093 190 615 1946 2190 388 3946 1224 2388 1906 2615 3224 3906 935 1904 2935 3904
Route 112 : 831 1451 2831 690 98 2098 2690 3451 1458 1995 1298 3995 3458 535 3298 409 2535 650 427 2409 1441 2650 1329 2427 1309 3441 3329 102 3309 2102
Route 113 : 482 2482 374 1050 1573 3050 2374 1261 3573 3261 4 96 2004 2096 1629 67 3629 1848 2067 1419 141 3848 3419 953 2141 2953
Route 114 : 619 1590 2619 1345 3590 1580 3345 1910 3580 3910 1282 1243 3282 3243 1555 1905 3905 642 78 745 3555 2642 2078 2745 1731 1176 3176 3731
Route 115 : 1822 346 3822 379 2346 2379 1935 333 1833 2333 3935 3833 584 1655 1002 3655 1014 2584 3014 3002
Route 116 : 1292 1055 3292 1287 1432 3055 3287 3432 1562 737 2737 3562 79 1932 1763 2079 1060 3060 3932 810 930 3763 2810 2930 1670 3670 1426 3426
Route 117 : 232 1511 2232 1341 3511 1677 1581 3341 873 3581 239 3677 913 2913 2239 2873 715 1249 925 2925 2715 396 3249 2396
Route 118 : 501 56 2056 176 2176 1821 63 3821 1352 2501 2063 1774 3352 3774 459 532 595 2459 2532 218 2595 1395 1159 2218 3395 3159
Route 119 : 1781 1319 959 2959 3319 1621 3781 850 1202 3621 2850 658 3202 756 2658 1039 398 2756 2398 3039 596 2596 1797 668 401 3797 2401 2668
Route 120 : 1019 981 3019 1362 3362 987 2987 515 2981 2515 311 1753 208 2311 3753 614 2614 1724 2208 1920 1669 3669 3724 3920 1909 3909
Route 121 : 329 926 2926 1172 886 2329 3172 1936 2886 858 3936 1160 2858 1694 1807 3160 3807 1704 1789 3694 3704 48 2048 1761 1517 3789 3517 3761
Route 122 : 1519 156 2156 3519 505 1008 1106 3008 174 3106 2505 1540 2174 214 3540 2214 1640 458 2458 3640
Route 123 : 1209 3209 1503 3503 1952 1126 1720 3952 3720 3126 1328 3328 445 2445 242 789 860 2242 2860 2789 1168 1970 3168 3970
Route 124 : 951 1819 2951 1235 3819 233 1985 3235 1412 948 3985 2948 749 2749 2233 449 3412 2449 805 1028 1609 2805 3609 1611 3028 3611
Route 125 : 1299 248 1127 3299 93 3127 2093 2248 1748 243 2243 24 3748 1614 2024 923 2923 3614 538 2538 1539 1443 1027 3539 3443 955 1444 3027 3444 2955
Route 126 : 1745 1009 3745 3009 992 42 2042 519 1800 2519 1507 2992 1713 3507 464 3800 3713 2464 1231 301 3231 1976 2301 3976 1195 3195
Route 127 : 1526 859 539 2859 161 3526 2539 109 2161 339 2109 1053 3053 151 613 2151 110 2339 671 2613 2671 2110
Route 128 : 503 1917 3917 295 2295 2503 731 2731 706 1397 2706 3397 1610 1145 3145 3610 1699 1975 3975 1375 3375 1582 3699 220 2220 3582 551 2551
Route 129 : 1758 1091 3091 419 2419 3758 11 549 665 2011 980 2549 545 2665 95 2545 908 2095 1313 2908 1300 2980 1148 3313 321 2321 3148 3300
Route 130 : 891 2891 307 1983 1088 1587 2307 3983 3088 3587 966 1958 2966 3958 580 2580 1334 68 1344 3344 2068 3334 1476 3476 369 904 2904 2369
Route 131 : 547 1960 517 2547 3960 960 594 1200 2517 2594 1994 2960 3200 58 510 2058 793 2510 3994 1681 2793 1792 3681 3792 1613 1520 3520 3613
Route 132 : 1595 1639 1369 1878 3878 3639 798 1485 3369 2798 3595 3485 717 5 2717 813 2005 2813 1583 937 80 3583 14 2080 2937 1040 2014 3040
Route 133 : 1337 1210 3337 1024 3210 226 3024 1832 1312 3832 861 2226 3312 2861 291 292 2291 1048 3048 2292 350 623 2350 1787 2623 1022 3787 3022
Route 134 : 72 1626 3626 1350 2072 692 429 3350 2692 2429 848 438 662 2848 2662 2438 1691 893 3691 1783 2893 624 1744 3783 2624 3744 1338 3338
Route 135 : 131 1992 2131 3992 399 708 1272 2708 804 2804 3272 2399 529 183 2183 1546 2529 1877 3546 3877 1086 365 434 2434 3086 2365
Route 136 : 1659 1508 3508 1851 3659 313 2313 92 1538 1493 2092 1325 643 3493 1779 3538 3779 3325 2643 1754 863 2863 3754 1997 3851 3997
Route 137 : 1149 1717 1849 3717 3149 3849 1489 1686 1339 3489 3686 1094 3339 3094 13 765 2765 2013 1962 3962 754 949 1184 2754 3184 2949 337 2337
Route 138 : 455 2455 1776 688 2688 38 2038 3776 215 1142 2215 1125 3142 1643 1515 604 3643 3515 2604 3125 801 172 2801 145 2172 2145
Route 139 : 231 1332 2231 3332 1734 351 2351 876 3734 578 2876 2578 1623 1847 3623 3847 288 763 2288 1276 2763 490 3276 2490
Route 140 : 1636 1181 1465 3636 3181 1113 3465 3113 1549 323 227 2323 2227 3549 945 1187 2945 562 3187 1836 1708 3708 3836 2562 1144 812 117 2812 2117 3144
Route 141 : 1010 3010 450 2450 1890 1693 3890 1475 808 2808 3693 3475 1380 158 3380 718 2158 1793 3793 2718 747 1136 2747 3136
Route 142 : 652 999 2652 1607 2999 1971 154 1973 3607 942 3971 3973 2942 1728 3728 1346 1854 3854 3346 324 2154 2324 602 1718 2602 3718 707 2707
Route 143 : 209 674 2209 1117 1139 3139 2674 3117 1206 1672 3206 936 3672 689 2936 106 2689 2106 713 1333 2713 1474 1987 3333 3987 3474
Route 144 : 1413 355 3413 2355 400 2400 895 436 2895 736 887 2887 309 2436 304 2309 2736 1311 2304 1959 3311 1961 3961 3959 573 2573
Route 145 : 751 345 2751 2345 330 952 677 2677 2330 2952 581 2581 984 1162 2984 3162 1134 1838 3134 16 2016 1480 377 1901 3480 3838 3901 2377
Route 146 : 1913 1578 283 3913 3578 669 2283 1798 526 2669 2526 405 1490 3798 1762 2405 3762 1768 352 2352 3490 424 3768 527 2527 2424
Route 147 : 439 1322 2439 3322 267 376 1576 1563 2376 205 2267 3576 430 3563 2205 1307 2430 1155 3155 3307 1005 3005 22 2022 1624 162 2162 1402 3624 3402
Route 148 : 84 28 403 2403 994 2084 2028 906 1263 2994 3263 1213 2906 670 1255 3213 2670 137 3255 1858 1058 3058 3858 1464 2137 1859 3859 3464 493 2493
Route 149 : 761 694 636 170 2761 2170 1045 2636 2694 3045 1288 3288 1121 685 310 3121 2310 1116 2685 284 3116 2284 800 2800 1544 498 3544 2498
Route 150 : 447 272 2447 1201 3201 1827 3827 1828 2272 19 23 825 3828 746 2825 2019 1853 2023 2746 3853 1386 198 390 3386 2198 820 2820 2390
Route 151 : 178 2178 97 107 2097 2107 1192 853 2853 626 3192 2626 1646 282 869 3646 2282 1252 1608 3252 2869 617 3608 982 2982 2617 704 699 2704 2699