Instance name : bar-n5000-6
Authors       : Dmitriy Demin, Mikhail Diakov (msd@veeroute.com), Ivan Ilin, Nikita Ivanov, Viacheslav Sokolov (vs@veeroute.com) et al. VRt Global (https://veeroute.com/)
Date          : 2023-04-24
Reference     : veeroute.com
Solution
Route 1 : 600 172 970 413 3470 2672 922 3100 2913 3422 1844 68 2496 2121 4344 4621 2362 4996 2568 4862
Route 2 : 1609 4109 1727 176 960 4227 499 2416 2676 2999 3460 4916 2309 2471 314 4971 2814 4809
Route 3 : 1950 933 1495 3433 991 4450 3995 867 3491 1557 3367 914 377 4057 3414 1628 2877 999 3499 4128
Route 4 : 596 1603 4103 979 1568 3096 23 3479 1820 4068 2523 1177 4320 3677
Route 5 : 1516 1027 4016 1025 3525 2015 3527 1436 4515 1158 2434 1250 4934 3936 1712 3658 3750 4212
Route 6 : 1324 2340 4840 1818 1459 4318 3824 1413 3959 262 2243 3913 2451 2762 1527 4951 3 2503 4743 4027
Route 7 : 961 1644 754 4144 3461 1893 3254 620 4393 236 3120 1906 2484 2736 537 4984 4406 3037
Route 8 : 160 544 2660 1703 1624 4124 4203 2012 3044 4512 1951 582 2035 3082 4451 358 1335 4535 3835 2858
Route 9 : 2167 1186 3686 1236 782 4667 3282 3736 1383 440 1587 3883 1229 4087 1909 2940 504 3729 3004 4409
Route 10 : 1375 2066 3875 2412 4566 1758 4912 1513 1798 4258 245 4013 1723 41 4298 2541 1661 4223 4161 2745
Route 11 : 1576 501 4076 643 3001 3143 699 1308 3808 205 644 3199 1193 1439 2705 3939 3144 3693
Route 12 : 2417 1441 1392 3941 4917 1001 2288 3892 3501 1966 4788 899 4466 3399 1228 747 3728 954 3247 1164 3454 3664
Route 13 : 755 3255 1584 1702 4202 4084 1003 362 1166 3503 3666 2002 2862 247 4502 2747 1432 1497 3997 3932
Route 14 : 1061 3561 1821 1424 538 4321 3924 769 3038 3269 2199 1730 4230 2388 4699 4888
Route 15 : 2267 1331 4767 3831 1402 2130 4630 3902 1538 795 1974 4038 3295 1749 1368 391 4474 1268 3868 3768 4249 2891
Route 16 : 1641 2285 4785 4141 1053 598 1897 3553 3098 706 4397 309 2809 320 3206 482 2820 2982
Route 17 : 1913 4413 1373 1260 1231 3873 3731 3760 2118 2377 1741 4618 4877 2059 4559 4241 1765 4265
Route 18 : 24 560 2350 4850 3060 2024 2524 60 591 2560 509 3091 4524 1498 940 3998 93 3009 2593 3440
Route 19 : 2011 1013 4511 553 3053 3513 2341 1312 4841 2138 3812 4638 1786 4286
Route 20 : 1650 1788 1398 780 1169 4288 4150 3669 3280 1377 3898 483 3877 208 2983 255 2708 498 2998 2755
Route 21 : 1350 1304 3850 1044 927 3804 1761 3427 3544 4261 2032 1927 1873 4373 1026 4427 4532 1935 4435 3526
Route 22 : 1500 2139 2058 4639 4558 1369 4000 1339 3869 547 3839 2383 4883 3047 1181 3681
Route 23 : 1652 953 1589 4152 4089 424 3453 2206 1915 4415 67 4706 2924 2567
Route 24 : 861 519 3019 557 3361 3057 718 1616 235 4116 3218 1895 2735 1068 2131 3568 4631 4395
Route 25 : 10 2510 2319 2014 198 4514 4819 677 887 3177 2698 290 1493 2790 3993 1866 419 3387 2919 4366
Route 26 : 1075 3575 1841 9 2509 4341 2154 210 4654 1359 2710 366 2160 3859 2866 4660
Route 27 : 1213 345 3713 2845 708 988 2221 2181 3208 4721 1216 3488 761 4681 3716 3261
Route 28 : 2213 2097 4597 2379 2214 4713 670 4879 4714 1410 1440 3170 3910 3940 1394 421 3894 2921
Route 29 : 1794 2009 4294 2027 4509 1218 866 4527 3366 1547 4047 3718 1415 2238 3915 1593 4738 4093
Route 30 : 2069 1452 299 3952 4569 2799 350 2311 177 1341 4811 2259 2677 2850 4759 1908 532 3841 1588 4408 4088 3032
Route 31 : 1520 1963 1983 4020 4483 982 546 4463 3482 2141 889 3046 4641 252 338 2752 3389 2838 2189 4689
Route 32 : 1979 587 4479 650 3150 2356 4856 3087 170 2401 4901 2670 694 1605 3194 168 2668 258 4105 48 2548 2758
Route 33 : 2464 1809 829 4964 4309 3329 1732 1931 1048 812 4431 4232 3312 163 3548 2663
Route 34 : 183 2188 4688 2683 1160 695 2344 4844 3660 1338 3195 158 952 3452 3838 2658
Route 35 : 685 2293 2381 1890 4881 4793 3185 15 4390 1619 2515 2241 4741 1511 986 4119 3486 1797 4297 4011
Route 36 : 561 3061 1427 1772 4272 3927 1701 321 4201 658 1793 3158 1508 2122 2821 4622 4008 187 4293 2687
Route 37 : 552 1704 466 4204 1796 3052 2966 973 254 3473 4296 2754 2000 2308 4500 4808
Route 38 : 2265 2272 26 4765 2301 308 2526 4772 1120 937 911 3437 3411 2808 4801 442 3620 1196 3696 675 3175 2942
Route 39 : 1388 2452 4952 1110 1659 3888 4159 2493 3610 4993 1477 2117 37 3977 4617 1746 1764 1924 4264 4424 4246 2537
Route 40 : 597 957 3097 101 2601 399 3457 2086 4586 2899 781 742 1885 3281 3242 4385
Route 41 : 1178 139 966 3678 2639 1262 3466 2274 1868 1425 3762 4774 732 2063 4368 3925 1782 3232 106 4282 2606 4563
Route 42 : 1745 1864 635 2277 4364 3135 4245 1828 678 4777 4328 2360 2485 3178 4985 2284 1225 4860 2324 4824 3725 4784
Route 43 : 125 920 3420 1633 445 2625 226 1060 2945 2726 4133 3560
Route 44 : 2093 855 4593 2246 3355 2193 849 4746 4693 2473 4973 3349 1096 1306 1200 90 3596 3806 3700 1471 3971 2590
Route 45 : 2261 2331 4831 4761 1481 1263 3981 3763 307 2492 52 1651 4992 2140 133 2552 2807 2633 4151 4640
Route 46 : 2123 4623 281 1464 437 2937 671 2781 328 3964 3171 2306 2164 2828 4664 1594 2072 4806 4572 4094
Route 47 : 771 174 3271 1978 2674 4478 737 1101 69 2001 3237 3601 4501 1507 1214 2569 3714 4007
Route 48 : 1733 1276 32 3776 1686 4233 2365 2532 94 2594 4186 4865 77 1042 2100 2577 707 2330 4830 631 3542 4600 3131 3207
Route 49 : 511 1586 1522 668 3011 1111 3611 4022 2053 890 3168 1998 4553 4498 2125 3390 4086 55 86 2555 4625 2586
Route 50 : 1342 895 3395 1109 3842 733 791 3233 3609 3291 1658 2478 293 2278 4778 2793 4158 4978
Route 51 : 318 1814 1142 2818 3642 4314 508 1773 877 3008 439 4273 2302 3377 4802 943 2939 3443
Route 52 : 872 543 3372 1582 2477 3043 4082 232 1546 928 4977 2732 3428 4046 280 1334 234 3834 2734 2780
Route 53 : 1946 516 4446 3016 1743 2392 1219 4892 3719 4243 588 1677 2136 4177 2082 4636 3088 4582
Route 54 : 682 173 3182 2041 2673 4541 894 1519 3394 2013 2378 4019 4513 1770 4270 962 4878 3462
Route 55 : 2044 2440 4544 1283 2466 4966 841 3783 878 4940 836 285 3341 3378 1451 3336 740 3951 3240 2785
Route 56 : 1085 638 3585 3138 1705 605 3105 541 1784 1182 4205 4284 3041 1344 3682 1726 3844 1725 4226 4225
Route 57 : 1962 2421 4462 1555 70 4055 4921 59 2570 1631 2033 4131 910 3410 2559 4533 1524 816 4024 3316
Route 58 : 2099 882 4599 788 2427 3288 3382 2279 1734 586 4234 4927 4779 373 3086 171 2873 2043 4543 2671
Route 59 : 396 126 2896 1409 3909 2626 637 602 3137 2391 1510 2219 3102 4891 2336 4719 4010 4836
Route 60 : 393 1739 1672 2893 1832 4239 4172 574 4332 2396 1033 3074 1952 512 3533 4896 3012 4452 1115 3615
Route 61 : 1753 1878 4378 2367 4253 2499 4867 2385 263 4885 111 4999 2611 1011 1862 2763 1187 4362 3511 3687
Route 62 : 1076 810 3310 1816 3576 54 4316 2554 1474 1055 3974 2134 4634 184 3555 1000 1041 2684 3500 3541
Route 63 : 1249 3749 1663 189 1325 4163 2689 1514 3825 1387 4014 2006 3887 4506
Route 64 : 2283 411 114 2911 459 4783 916 2083 2959 3416 1131 1473 4583 2614 3631 3973 1953 1968 4453 1621 4121 4468
Route 65 : 1421 1563 1237 4063 140 3737 2640 89 579 2589 667 3167 3079 1929 801 3301 1517 3921 4017 4429
Route 66 : 2237 4737 431 1808 2931 4308 967 648 3467 663 2262 3148 674 3163 741 3241 4762 3174
Route 67 : 815 3315 1668 1280 4168 3780 906 594 1483 540 3094 3406 1303 2026 3040 3983 4526 3803
Route 68 : 589 3089 2316 4816 1783 1266 4283 1523 3766 2358 4858 1098 4023 489 585 2258 3598 3085 2989 4758
Route 69 : 1627 2248 4127 1133 766 1996 430 3266 4748 4496 3633 559 2930 2062 1867 3059 1051 3551 1900 4562 4367 4400
Route 70 : 414 2914 1458 3958 2455 116 4955 626 2616 758 246 3258 972 3126 1379 449 2746 3472 2949 3879
Route 71 : 1903 830 4403 840 3330 3340 601 452 2433 2952 4933 3101 1437 109 2609 3937 693 3193
Route 72 : 796 3296 2361 365 4861 2865 1448 2255 520 1385 4755 1695 3948 1737 3020 4237 1972 3885 4195 4472
Route 73 : 1393 3893 1057 1079 429 3579 3557 2929 611 389 331 2119 3111 2889 2402 2831 123 4902 4619 2623
Route 74 : 375 2875 1960 762 4460 3262 2192 818 4692 3318 738 1282 1065 3782 3565 1475 1454 3954 3975 3238
Route 75 : 568 417 1892 2917 2498 3068 4392 2187 4687 2479 619 4998 38 1450 3119 3950 4979 2500 2538 5000
Route 76 : 1108 1991 664 4491 162 2662 2017 1837 166 3608 3164 4517 1554 4337 2666 4054 542 2198 3042 4698 1422 2364 3922 4864
Route 77 : 803 1321 660 3303 3821 3160 720 33 1021 2533 3220 329 3521 2829 1361 1002 1023 3523 3861 3502
Route 78 : 749 326 3249 2424 1984 4924 745 3245 2826 492 1577 4484 2992 2098 992 4077 3492 4598
Route 79 : 1722 4222 2200 1253 4700 3753 1560 1625 1992 4060 4492 886 4125 386 2096 2886 4596 2247 3386 4747
Route 80 : 1834 1911 4411 2223 4334 2048 4723 4548 1799 392 909 4299 2892 87 3409 2587 1406 3906
Route 81 : 2448 800 4948 360 1198 3698 118 3300 2860 2618 915 257 3415 784 3284 2757 2256 4756
Route 82 : 1094 29 2529 3594 949 334 1648 3449 2834 1272 4148 478 62 3772 2978 1293 3793 2562
Route 83 : 488 1279 193 2693 222 1738 2988 730 2722 4238 1748 3779 1883 4248 2113 3230 4383 4613
Route 84 : 1241 3741 495 2995 1825 209 1238 4325 3738 1939 313 2709 4439 2813 809 1435 3935 534 3034 3309
Route 85 : 2460 4960 1086 3586 1172 852 1636 3672 1294 3352 3794 4136 100 1973 2600 4473 306 2806
Route 86 : 2076 4576 1598 507 3007 1302 4098 2270 570 4770 3802 1105 3070 2161 2120 4620 3605 4661
Route 87 : 1251 1077 1553 3751 2441 4053 3577 227 1574 4941 2727 1064 121 3564 4074 2233 2621 4733
Route 88 : 683 2152 4652 987 3183 3487 277 2777 1147 241 443 2741 1248 2943 1318 3748 3647 3818
Route 89 : 7 1012 3512 1349 2507 672 3849 3172 716 2132 3216 487 2229 2987 4632 4729 2057 4557 654 3154
Route 90 : 161 2040 1444 4540 2661 3944 1573 731 3231 1307 4073 3807 4 847 2504 3347 1849 4349
Route 91 : 485 1091 2985 3591 2481 2472 4981 634 1714 4972 2254 4214 3134 4754 1990 4490
Route 92 : 752 1412 271 3912 2771 1928 3252 1137 3637 4428 2271 1710 4771 1685 1502 4210 4185 4002
Route 93 : 1716 722 555 4216 2425 3055 1403 3222 779 4925 885 3385 975 1667 3903 3475 4167 3279
Route 94 : 1698 2411 330 4198 1242 4911 2830 1778 1274 3742 2459 4278 4959 1969 1295 3774 4469 1833 3795 4333
Route 95 : 2370 535 4870 22 3035 1530 2292 2522 4030 268 4792 1807 2768 4307
Route 96 : 2052 604 1994 4552 3104 550 4494 17 3050 1036 2517 1916 4416 1894 4394 3536 1857 221 382 4357 2882 2721
Route 97 : 844 119 1512 2398 2619 4012 3344 835 4898 3335 2480 4980 656 1417 3156 412 3917 1971 2912 4471
Route 98 : 1062 691 1852 1104 3604 4352 3191 1205 3562 2202 576 902 3076 4702 3705 1958 3402 4458
Route 99 : 1566 2208 115 4066 2615 157 4708 211 102 2657 322 2711 2602 201 165 2822 2665 2701 566 3066
Route 100 : 496 1980 2996 1888 2216 4480 1117 787 3617 3287 2423 4716 4923 942 573 558 4388 3073 3442 3058
Route 101 : 1842 4342 2144 2295 428 4795 843 2928 4644 1926 2390 1352 4890 3343 3852 4426
Route 102 : 517 3017 1578 2182 4078 4682 288 1496 2055 817 3996 3317 4555 1945 2788 1646 4445 1156 4146 3656
Route 103 : 456 2088 2410 61 4588 2956 272 4910 2183 2561 4683 569 2772 1696 3069 1135 3635 1269 4196 3769
Route 104 : 1264 1423 934 3923 3434 3764 633 2303 4803 1230 1899 3133 144 4399 35 2644 1433 3730 2535 3933
Route 105 : 938 669 3169 1693 3438 2269 1792 4193 4769 2242 2298 4798 4292 4742 1830 1245 1689 4189 3745 4330
Route 106 : 1189 3689 2231 14 2514 1914 4731 892 2438 4938 3392 4414 2426 2067 405 4567 180 4926 2905 2380 2680 4880
Route 107 : 2065 1806 11 2511 4565 2106 4306 2240 4606 225 4740 1801 2409 4909 1647 2725 4301 903 4147 323 3403 2823
Route 108 : 1037 25 1084 3584 1688 688 3537 2252 3188 2525 76 336 4188 1787 4752 1826 4326 2836 353 2853 4287 2576
Route 109 : 1618 2342 1542 1305 4118 4842 3805 324 4042 958 2824 2305 3458 2037 1180 1795 4295 2488 4805 4537 3680 4988
Route 110 : 2092 764 4592 3264 1858 985 3485 112 2612 400 233 4358 228 2900 2733 1690 2194 4694 4190 2728
Route 111 : 1981 807 3307 1959 2436 4459 2151 4481 4936 1529 4651 1273 354 2854 4029 147 179 3773 1643 2679 4143 2647
Route 112 : 107 2007 2607 1430 3930 642 4507 3142 1982 2408 4908 2155 4482 4655 523 1715 3023 2081 4215 4581
Route 113 : 1592 4092 2260 2415 1891 4915 1932 4760 4391 549 4432 327 2827 3049 926 3426
Route 114 : 1116 1675 3616 4175 880 71 3380 1901 2571 36 47 4401 907 435 2935 438 2938 2547 3407 2536
Route 115 : 1478 1426 3926 651 3151 1657 4157 1270 3770 16 1717 4217 3978 2446 2516 506 3006 4946
Route 116 : 2443 291 2791 4943 418 1106 2918 3606 859 1391 3891 186 3359 2686 1040 2296 3540 4796
Route 117 : 108 1683 4183 1597 2608 1122 1735 3622 1149 4097 4235 3649 2444 690 3190 4944
Route 118 : 1345 494 773 3845 2994 875 3273 311 3375 1934 2811 1457 2008 4508 3957 468 2968 4434
Route 119 : 1499 342 3999 980 30 2842 455 2955 3480 1083 2530 2476 3583 2036 4976 583 4536 415 2915 3083
Route 120 : 919 3419 470 948 2334 1811 3448 4311 981 2970 1615 4834 3481 1545 4115 2397 4045 4897 2250 4750
Route 121 : 153 2078 756 2653 1877 1595 3256 4377 4578 202 1989 2354 4095 2702 1813 4313 4489 4854 621 1486 3121 3986
Route 122 : 1372 212 3872 191 2712 2691 746 1327 3246 3827 2393 1408 3908 2318 4893 4818 2010 4510
Route 123 : 554 524 725 3024 881 3054 3225 1882 950 3381 2394 4894 3450 629 4382 2016 451 4516 2951 3129
Route 124 : 518 3018 776 28 1912 4412 2528 703 1700 110 4200 339 2839 2610 3203 1138 578 3638 1707 4207 3078 3276
Route 125 : 1185 3685 1850 1132 3632 4350 2108 1472 584 3972 2087 821 3084 4608 3321 2169 4587 4669
Route 126 : 1126 1016 2337 4837 1154 3516 3626 3654 1470 3970 1449 923 2022 748 3949 3423 1556 3248 4522 4056
Route 127 : 2225 388 4725 2888 1224 1173 3724 3673 1056 446 2253 3556 2207 2946 4707 4753 1999 1371 1438 3871 4499 3938
Route 128 : 702 1129 3202 434 1165 2934 3629 3665 1170 302 3670 1757 2802 27 2527 1954 4257 700 3200 4454
Route 129 : 218 1323 44 1179 799 3823 2718 2217 3679 2544 3299 4717 2177 447 1596 4677 2947 4096
Route 130 : 1785 4285 80 96 1446 2596 1494 3946 2387 2580 4887 1905 3994 2322 4405 2463 4963 4822
Route 131 : 1144 200 2700 2019 2399 4519 4899 2090 3644 1174 743 4590 856 3243 3674 104 3356 1591 2604 4091
Route 132 : 1206 1558 3706 99 4058 500 1526 2599 1925 939 3000 4026 4425 616 372 3439 3116 978 2872 3478
Route 133 : 467 407 2404 384 2884 4904 2907 1367 2967 912 3412 497 1956 3867 1630 2997 735 458 4456 3235 4130 2958
Route 134 : 2317 1192 4817 3692 1600 1662 4100 826 471 4162 625 3326 2971 1543 2406 4043 2159 4906 3125 4659
Route 135 : 774 378 3274 2054 2878 1585 4554 333 4085 2833 863 1244 3363 3744 1047 154 1775 3547 4275 2654
Route 136 : 723 1676 370 98 3223 744 3244 1791 4291 2598 1552 4176 1029 502 4052 2870 1845 3002 3529 2275 4775 4345
Route 137 : 1161 2150 1612 3661 4112 770 3270 79 4650 1750 4250 1923 1986 2579 4486 828 88 3328 4423 2588
Route 138 : 2084 1755 4255 2294 1081 4584 4794 486 2986 1125 3581 120 3625 1898 673 2620 395 4398 3173 2895
Route 139 : 450 661 2950 592 3161 1141 3092 623 3641 2085 3123 2157 998 4585 1315 567 3815 4657 3498 3067
Route 140 : 2126 169 2669 2320 4626 74 4820 1544 2574 4044 2348 1720 684 4220 4848 409 3184 1043 3543 2909
Route 141 : 526 2357 4857 3026 1217 156 1768 2226 879 4726 2656 4268 3379 1539 647 3717 4039 772 3147 3272
Route 142 : 968 1175 18 3675 2518 3468 141 491 2991 2641
Route 143 : 515 3015 1396 1752 679 4252 3179 3896 786 1815 4315 1070 3286 1948 4448 3570 1634 251 4134 85 1320 2585 2751 3820
Route 144 : 1817 216 4317 2716 905 2314 4814 1518 3405 2205 4018 1918 97 4705 2597 4418
Route 145 : 1590 4090 1731 1301 2442 4942 1490 3801 4231 1896 3990 480 4396 423 2980 2923 2025 1565 4065 4525
Route 146 : 1534 1128 1355 3628 711 4034 3855 3211 1414 736 1347 3914 3847 3236 1278 181 264 3778 2681 2764
Route 147 : 777 2101 4601 42 65 3277 249 2542 2565 1580 2749 4080 2039 2003 1332 4503 4539 3832
Route 148 : 692 304 581 2804 3192 3081 2372 896 4872 3396 1222 1469 3969 931 282 3431 3722 1774 379 4274 2782 2879
Route 149 : 215 2176 2715 303 995 1195 4676 3495 2803 577 3695 1779 4279 3077 474 724 1762 4262 2974 3224
Route 150 : 945 3445 930 1550 4050 2376 3430 751 613 2245 3251 1871 4745 2129 3113 4876 4629 4371
Route 151 : 1977 514 4477 1092 3014 3592 898 1139 3398 3639 2445 726 4945 3226 2447 4947
Route 152 : 1384 947 609 3884 3447 1209 3109 1548 352 3709 2852 152 4048 2652 136 1771 2636 4271
Route 153 : 575 1277 63 2563 3777 1604 3075 1665 1337 3837 4104 802 1431 1492 4165 3302 3931 493 3992 2993
Route 154 : 398 2898 148 2234 811 8 2648 3311 4734 2483 2508 983 3483 4983 513 361 3013 1010 441 2941 2861 3510
Route 155 : 1197 1976 652 1184 4476 3684 3697 3152 1789 956 1995 4495 819 3456 4289 3319
Route 156 : 1289 145 2645 1872 3789 1397 3897 904 3404 20 4372 481 2981 300 2520 2800
Route 157 : 1660 1669 2482 4982 612 3112 4169 2056 4160 4556 1389 1642 4142 3889 457 617 3117 2957
Route 158 : 2191 1052 3552 4691 143 1032 1708 2312 3532 4812 2280 2643 2153 832 4208 1760 4653 4780 3332 4260
Route 159 : 1617 1921 240 4421 2740 34 1706 4117 203 618 2534 4206 2703 3118 1298 1729 1803 2230 3798 4303 4730 4229
Route 160 : 1089 1910 2346 4410 4846 1485 3589 921 853 1484 3985 3984 3353 2487 3421 2403 929 3429 4903 4987
Route 161 : 925 636 3425 2133 1907 3136 990 941 4633 3490 3441 4407 57 1208 473 2557 2973 1488 3988 3708
Route 162 : 1008 301 873 3508 608 2801 305 2173 2805 3373 676 4673 3108 3176 479 2005 2979 4505
Route 163 : 2400 132 2632 1626 4900 224 2724 2112 4126 1505 1922 4422 4005 1157 2228 4612 453 4728 2953 3657 2297 4797
Route 164 : 2474 1525 4974 1851 997 4025 1776 4351 4276 1567 3497 1805 4067 783 4305 2186 4686 3283
Route 165 : 1007 1235 3735 1343 3507 864 3843 1747 1781 416 3364 814 4281 4247 2916 1993 3314 1407 4493 319 2819 3907
Route 166 : 2290 1405 312 4790 3905 2812 1035 528 3535 1919 1420 3028 4419 775 244 1766 3920 4266 3275 2744
Route 167 : 1259 159 2659 3759 137 1456 433 2637 40 2933 2540 3956 1121 955 340 3621 256 2840 3455 2756 1319 3819
Route 168 : 1724 484 4224 2124 1100 2984 4624 865 3600 753 3253 1571 2172 3365 848 4071 3348 4672
Route 169 : 1655 951 4155 3451 1136 1551 971 4051 3636 705 3471 3205 461 564 2961 1045 3064 3545
Route 170 : 2300 1937 4800 4437 2461 759 3259 4961 984 1113 3484 3613 295 1504 1004 3504 4004 2795
Route 171 : 1902 4402 657 5 3157 2505 1201 510 3010 213 3701 1822 1386 2713 4322 3886
Route 172 : 686 969 3186 1353 3469 2195 4695 1255 1537 3853 1736 4037 1635 3755 1017 4135 1063 4236 3517 3563
Route 173 : 851 3351 993 3493 64 1287 2564 1226 3726 265 1875 3787 4375 715 2765 1316 3215 3816
Route 174 : 2468 1681 4968 4181 1326 1680 3826 4180 463 2145 2963 243 4645 275 279 2163 2743 2775 893 2779 4663 3393
Route 175 : 627 900 3127 1322 1140 3400 1069 3822 630 3640 3569 2045 465 3130 1884 4384 4545 2965
Route 176 : 689 3189 92 231 2731 1336 2592 2146 3836 82 4646 390 19 2582 2890 2020 2519 4520
Route 177 : 259 1453 355 3953 1759 2759 2855 1227 56 3727 432 4259 615 368 2932 2556 2407 3115 2868 4907
Route 178 : 2068 1856 4356 1015 3515 1058 239 4568 3558 2739 1252 989 3489 2310 3752 4810 1112 1447 3612 3947
Route 179 : 977 3477 410 2366 78 4866 2910 1572 603 1107 3103 2578 12 3607 2089 2512 4072 4589
Route 180 : 1967 2359 4467 1476 3976 2251 4859 2313 289 4751 1176 2789 1202 4813 238 3702 1881 3676 4381 2738 1744 4244
Route 181 : 1940 593 2142 1855 4642 704 4440 3093 4355 1054 164 2215 3204 4715 2273 3554 2664 4773
Route 182 : 1664 1146 728 3646 4164 2375 4875 1936 3228 2429 4436 131 4929 2422 2631 1378 3878 4922
Route 183 : 2414 4914 874 2047 2347 3374 4547 1418 4847 1286 3918 2075 3786 1207 4575 380 2880 3707 1843 4343
Route 184 : 1066 1152 3566 43 3652 1401 2543 1271 3901 1366 1171 3671 3866 2201 3771 1212 4701 3712
Route 185 : 765 696 2327 4827 2486 4986 3196 1800 4300 3265 2307 1346 4807 1917 3846 1442 4417 936 1313 3436 3813 3942
Route 186 : 1964 1559 4059 2034 4464 710 4534 3210 1606 2490 2051 4106 4551 4990 2345 2335 2149 4845 4835 4649
Route 187 : 1114 3614 1363 2042 4542 1265 278 3765 3863 1480 72 3980 2420 2778 2572 1930 1404 4430 3904 4920
Route 188 : 622 1570 3122 1380 2236 4070 1376 3880 274 2774 2291 3876 2432 4791 1827 4932 4736 4327
Route 189 : 645 2179 4679 884 3145 1087 3384 964 3587 891 472 3464 1119 1880 3619 3391 2244 2972 4744 4380
Route 190 : 1540 1819 364 2369 4040 2864 4319 4869 454 2071 2954 1769 1024 4571 4269 2061 3524 4561
Route 191 : 935 2095 4595 562 3435 1018 1022 3518 2080 3062 850 3522 4580 3350 1656 2430 1220 4930 4156 3720 713 3213
Route 192 : 248 103 2748 2603 1810 525 2104 95 3025 1416 4604 347 4310 1608 653 2847 3916 3153 4108 2595
Route 193 : 138 813 1607 3313 315 2638 1039 2815 757 4107 3539 117 2395 1859 4895 3257 4359 2617 789 3289
Route 194 : 1190 3690 1019 2203 3519 436 4703 750 383 3250 2232 2883 2936 565 4732 1579 1532 842 3342 3065 4079 4032
Route 195 : 2249 1728 666 4228 4749 1093 3593 2469 1127 963 4969 3627 3166 822 1777 3463 1285 3785 4277 3322
Route 196 : 2175 4675 53 2553 341 1328 2841 3828 402 857 2902 1879 3357 4379 2115 297 4615 1975 2797 4475
Route 197 : 1 296 2501 959 2796 1124 3459 2209 3624 4709 1886 1955 4455 284 2004 2784 4504 825 3325 4386
Route 198 : 130 1267 1292 808 1536 3308 4036 2630 1399 1562 3792 2384 4062 3899 1509 4009 2021 387 571 4884 3071 2887 4521 3767
Route 199 : 530 3030 1482 1889 3982 4389 659 266 3159 1533 1078 1257 3578 2766 4033 3757 614 860 1281 3360 3114 3781
Route 200 : 1014 1254 729 426 3514 2926 3754 3229 1673 1247 1611 4173 1463 4111 3747 1134 3634 3963 476 2976
Route 201 : 124 1275 3775 888 1428 2218 3928 2624 3388 394 1299 2894 3799 2299 1670 4718 4799 464 2964 4170
Route 202 : 1143 369 3643 641 2185 1802 3141 2869 4685 448 4302 1838 2948 1233 854 1466 3966 3354 4338 3733
Route 203 : 870 3370 2235 1581 4081 4735 1569 1461 717 1210 3217 3961 1374 4069 1691 2178 3710 3874 4678 4191
Route 204 : 2286 4786 1297 1364 639 3797 1130 3864 1987 790 4487 3139 3290 2435 778 3630 4935 665 3278 3165
Route 205 : 687 75 3187 2332 4832 2168 4668 2575 2266 1622 1390 3890 4122 1365 1443 4766 3865 3943 1839 4339
Route 206 : 1601 113 4101 2613 403 2190 1503 1479 2903 4003 367 3979 4690 1944 2867 1535 4444 2031 4035 595 3095 4531
Route 207 : 1082 2180 1288 2147 1411 3788 4680 4647 3582 580 3911 3080 2494 996 1317 3496 4994 1653 3817 4153
Route 208 : 2158 425 1153 2925 3653 4658 2315 4815 1381 1692 3881 727 551 833 3051 4192 3227 1610 1541 4110 3333 2227 4727 4041
Route 209 : 206 2706 1291 2328 1194 3694 4828 944 2439 3791 3444 1718 4939 185 1699 2685 2470 4199 4218 2023 4523 4970
Route 210 : 427 408 2927 1613 2908 1088 4113 105 3588 2605 1072 2103 4603 2289 2450 4950 3572 4789 868 3368
Route 211 : 1767 1870 4267 444 4370 1943 2944 646 649 3146 4443 3149
Route 212 : 1358 1395 1145 2467 4967 3645 3895 3858 1938 858 4438 1506 3358 1059 3559 2355 4006 4855
Route 213 : 2137 1462 804 261 628 3304 4637 3128 3962 2761 167 834 287 3334 2667 2787 869 798 3298 3369
Route 214 : 2457 1434 3934 4957 1329 590 344 250 3090 2844 2750 1649 3829 490 2990 4149 1046 3546
Route 215 : 994 1804 4304 2156 3494 4656 976 21 2521 2456 4956 1445 3476 3945 1256 839 2224 182 4724 3756 3339 2682
Route 216 : 397 194 1853 2694 4353 760 2897 1211 1666 3260 4166 1697 4197 1006 3711 3506
Route 217 : 1949 4449 13 721 2513 2373 3221 1847 1429 4873 3929 521 316 4347 1854 3021 1711 2816 4211 4354
Route 218 : 151 698 1742 135 2635 3198 1515 4242 4015 1099 714 2143 3599 422 2651 2922 4643 3214
Route 219 : 1167 2374 1460 3960 3667 4874 1300 2326 2029 539 3039 4826 1204 4529 3800 220 1239 3739 3704 2720
Route 220 : 2491 2239 1357 4739 31 4991 2531 1637 3857 2074 1719 4574 4137 1489 3989 1751 527 4219 4251 3027
Route 221 : 2276 349 4776 1284 946 3784 3446 1869 4369 2849 2489 4989
Route 222 : 2064 2281 4781 4564 1840 655 2165 3155 4340 2018 4518 4665 2264 1400 2094 3900 4594 4764
Route 223 : 734 1860 3234 793 606 4360 1221 3106 3293 292 2792 3721
Route 224 : 1763 230 4263 805 2730 363 3305 1290 3790 1933 1602 2863 46 155 4102 4433 2655 1034 2546 3534
Route 225 : 1957 2171 4457 610 4671 2386 3110 175 838 2675 317 4886 3338 460 2817 2960
Route 226 : 806 3306 845 2458 3345 273 4958 2773 2495 4995 359 662 2211 1455 3162 4711 3955 2859 127 49 2549 83 2627 2583
Route 227 : 2282 1330 1674 4174 3830 4782 1904 1102 3602 199 4404 1118 2257 2699 2166 4666 4757 3618
Route 228 : 1965 4465 1521 2428 4021 178 4928 2465 343 2843 4965 924 2678 1961 4461 3424
Route 229 : 1067 2453 3567 4953 128 2210 2353 2028 4853 2628 1354 214 4710 2714 4528 3854 2135 1632 4132 4635
Route 230 : 712 3212 1549 846 310 1340 2810 3346 4049 371 3840 1103 357 3603 2871 768 3268 2857
Route 231 : 406 2184 2906 4684 2431 533 4931 932 3033 3432 2091 908 3408 2079 4591 4579
Route 232 : 827 599 3099 1090 1531 3327 2321 4821 1074 3590 2102 276 4031 3574 4602 1163 2776 3663
Route 233 : 1031 404 719 1835 3531 207 2904 1314 2204 4335 1831 1671 4704 3219 2707 3814 4171 4331
Route 234 : 505 58 1151 3005 1874 3651 2558 1080 4374 2110 3580 1876 1941 4610 4441 4376 2325 4825
Route 235 : 1947 332 192 4447 2692 2832 1020 2287 3520 1168 4787 3668 2418 1848 2077 4348 4918 4577
Route 236 : 1419 3919 792 2111 1234 3734 3292 681 229 4611 1846 2729 4346 1823 3181 1073 122 4323 2622 3573
Route 237 : 918 1362 3418 3862 1183 1865 469 1123 1243 785 3623 3683 4365 824 3743 3285 3324 2969
Route 238 : 1215 3715 1155 3655 1468 3968 1203 195 1654 2050 4154 3703 1824 4324 4550 2695
Route 239 : 1467 1599 1985 4099 4485 1028 1564 2220 3528 4720 4064 1713 1623 3967 4123 2304 4213 4804
Route 240 : 242 572 462 2742 66 3072 767 2962 3267 2162 2566 2174 4662 1970 4470 4674
Route 241 : 2339 1942 4839 901 4442 2263 477 6 3401 4763 188 974 2506 2977 1005 2049 2688 4549 1863 3505 3474 4363
Route 242 : 640 1629 2349 4129 4849 2437 3140 1258 4937 2419 632 3758 624 4919 3124 3132
Route 243 : 84 2475 4975 1148 374 2584 3648 149 335 2649 2835 2874 897 1682 3397 2107 4182 4607
Route 244 : 1709 2114 4209 298 4614 1188 871 2798 1687 4187 1861 3688 4361 3371 376 1309 1360 3860 2876 3809
Route 245 : 150 1740 2650 146 1561 4061 2 2646 4240 1311 2502 3811 1465 2127 45 1310 3810 3965 2545 73 4627 2573
Route 246 : 1370 190 1640 3870 1348 4140 2148 4648 270 3848 1756 1754 4254 1639 1836 2770 4139 883 4256 2690 4336 3383
Route 247 : 862 260 2760 1721 3362 1678 4178 2222 548 4722 4221 325 2825 2030 3048 253 4530 2351 2753 4851
Route 248 : 1501 1988 196 1491 2696 4488 3991 217 1382 91 3882 2591 837 2717 763 4001 294 3263 3337 2371 2794 4871
Route 249 : 1812 237 2737 204 4312 51 2704 1694 2551 1261 4194 823 2073 4573 3761 3323 1162 3662
Route 250 : 2060 1159 4560 1333 3659 81 3833 2581 1049 2212 4712 1645 3549 2449 1997 4145 4497 4949
Route 251 : 1150 381 401 913 2881 2901 536 1071 3650 3413 219 3036 3571 1095 2719 3595 607 1191 1528 3691 3107 4028
Route 252 : 356 420 351 2920 2856 2851 831 134 3331 2634 337 1199 283 2837 1240 1780 3740 4280 1296 3699 2783 3796
Route 253 : 1038 3538 2413 223 4913 2046 4546 1638 2128 346 2723 348 4628 1620 2848 4138 2846 4120
Route 254 : 697 2343 917 3197 1790 4843 529 3417 385 4290 563 3063 2885 2352 3029 4852 2462 2196 39 4962 4696 2539
Route 255 : 197 1829 2697 1246 4329 2389 3746 4889 2268 680 2197 3180 4768 1887 1614 4697 1232 4387 2333 3732 4114 4833
Route 256 : 739 1351 2170 965 3851 1575 3239 3465 1684 2109 4184 1030 4670 794 3530 4075 4609 3294 2497 4997
Route 257 : 2405 4905 2116 129 142 4616 2629 2363 709 2642 4863 3209 701 545 3201 3045 1487 3987 2368 4868
Route 258 : 2323 556 3056 1583 820 4823 1097 3597 4083 522 3320 1679 3022 1050 4179 2105 3550 4605
Route 259 : 2070 269 2329 4570 2769 531 4829 267 503 3031 475 3003 2767 2975 286 2786
Route 260 : 2338 50 2038 4838 4538 876 2550 3376 1356 1920 3856 797 4420 3297 2382 2454 4954 1223 4882 1009 3509 3723