Instance name : bar-n5000-6
Authors       : Dmitriy Demin, Mikhail Diakov (msd@veeroute.com), Ivan Ilin, Nikita Ivanov, Viacheslav Sokolov (vs@veeroute.com) et al. VRt Global (https://veeroute.com/)
Date          : 2023-04-18
Reference     : veeroute.com
Solution
Route 1 : 1590 4090 1731 1301 2442 3801 4231 4942 459 758 2959 859 3258 444 2944 3359 1043 3543 1695 4195
Route 2 : 397 194 1853 2694 4353 760 2897 626 246 3260 3126 2746 2345 2335 2149 4845 4835 4649
Route 3 : 183 2683 37 1804 4304 1160 695 2537 2465 4965 3660 3195 1670 464 2964 4170
Route 4 : 702 1129 3202 434 1165 2934 3629 3665 602 2013 3102 910 3410 319 2819 88 4513 2588
Route 5 : 622 1570 3122 4070 1380 1081 3581 3880 274 569 2774 2322 3069 1135 2045 3635 1866 4822 4545 4366
Route 6 : 604 1267 1994 3104 550 4494 3767 17 3050 433 1036 2517 1916 4416 2933 3536 247 382 2747 221 2882 2721
Route 7 : 24 2350 4850 2024 2524 60 2560 1255 1302 4524 1295 3802 3755 1156 3656 3795 690 3190
Route 8 : 1370 190 1640 3870 1348 4140 2148 1893 4648 270 3848 4393 1639 1836 2770 2094 4139 4594 2690 4336
Route 9 : 1384 947 609 3884 3447 3109 1548 1294 1638 4048 3794 1633 1556 4138 509 3009 4056 4133
Route 10 : 1563 159 2659 116 1237 4063 2616 140 3737 2640 89 579 2589 667 3079 1929 801 3167 1517 3301 4017 4429
Route 11 : 108 1683 4183 2608 491 2991 2086 1682 4586 549 4182 3049
Route 12 : 2469 945 3445 930 1550 4050 2376 3430 2245 613 4969 4745 1054 3113 4876 2483 4983 1757 3554 4257
Route 13 : 150 1740 2650 146 1561 4061 2 2646 4240 1311 2502 3811 1023 3523 1729 1298 2289 2450 3798 4789 4229 4950
Route 14 : 1641 2285 4785 4141 1053 598 1897 3553 3098 1932 4397 4432 1649 2257 2364 4757 4149 4864
Route 15 : 456 2088 2410 61 4588 2956 272 4910 2183 2561 4683 267 2772 2305 327 2767 2827 4805
Route 16 : 301 2346 2801 1089 1262 4846 3589 921 853 1484 3762 3984 3353 1988 3421 2463 4488 4963
Route 17 : 1949 4449 13 721 2513 2373 3221 1847 1429 4873 3929 4347 1457 1527 3957 4027
Route 18 : 938 669 3169 1693 3438 2269 4193 2151 1792 4651 4769 2242 2298 4798 4292 2125 4742 748 3248 4625
Route 19 : 1197 1976 652 1184 4476 3684 3697 3152 1205 2202 902 576 3076 4702 3705 3 2503 3402
Route 20 : 193 1279 920 2693 3420 232 2732 1529 3779 1332 4029 2039 4539 3832 2107 4607
Route 21 : 2400 132 2632 1626 4900 224 2724 2456 4956 4126 1505 1922 4422 4005 542 2198 3042 498 4698 1807 4307 2998
Route 22 : 1785 4285 80 96 1446 2596 3946 2387 2580 1723 41 4887 1118 4223 147 2541 179 2679 2647 3618
Route 23 : 1566 2208 115 4066 2615 157 4708 211 102 2262 2657 2711 1134 2602 3634 1970 4762 4470 379 2879
Route 24 : 1753 1878 4378 2367 4253 2499 4867 2385 2438 263 662 4885 4938 4999 3162 2763 373 2873 1157 39 3657 2539
Route 25 : 1251 1079 3751 148 779 3579 2648 1065 3565 684 3279 1261 3184 833 3761 3333
Route 26 : 935 2290 1405 312 4790 3905 3435 2812 1035 751 3251 528 3535 1919 90 4419 3028 1766 4266 2590
Route 27 : 10 2510 2319 2014 198 4514 4819 677 3177 2698 290 1493 2790 3993 1125 3625 1786 4286
Route 28 : 151 749 326 3249 2424 2651 1984 4924 399 2826 492 2899 4484 2992 2098 412 2912 4598
Route 29 : 1167 2374 1460 3960 3667 4874 1300 2326 2029 539 3039 4826 4529 3800 208 2708 1245 1747 3745 4247
Route 30 : 1241 3741 1772 495 4272 2995 1825 209 1238 4325 3738 389 331 2889 2709 2831 2230 2324 1466 4730 4824 3966
Route 31 : 2468 1681 4968 4181 1326 1680 3826 4180 2117 1477 2302 3977 4617 4802 1986 1365 4486 3865
Route 32 : 1838 1254 729 873 3754 4338 3373 1721 3229 278 1480 3980 2778 4221 1764 1634 4134 4264 297 85 2797 2585
Route 33 : 1153 1969 3653 2052 4469 2315 4552 4815 1381 1692 3881 727 2255 4192 2110 4755 1876 3227 1163 4610 4376 3663
Route 34 : 1189 3689 2231 14 2514 1914 4731 892 72 3392 4414 2426 2067 2572 405 4567 180 4926 2905 1900 2680 4400
Route 35 : 7 1012 3512 1349 2507 672 1188 3849 3688 3172 716 3216 784 547 3284 3047 2025 1565 4065 4525
Route 36 : 1467 1094 3594 403 1226 1479 2903 3979 3726 1713 995 265 3495 1875 4375 4213 2765 3967
Route 37 : 870 3370 2235 1581 4081 4735 2243 521 1210 663 3021 3163 2026 3710 422 4526 2922 4743
Route 38 : 851 3351 993 1393 3493 3893 1057 429 3557 2929 118 1273 2618 915 3415 2430 3773 376 2876 1296 4930 3796
Route 39 : 2175 4675 53 2553 341 1328 2841 3828 402 857 2902 1879 3357 4379 251 1435 1712 3935 4212 2751
Route 40 : 11 2511 1767 2480 4267 4980 2154 656 1803 4303 4654 624 3156 1334 280 3124 3834 2780
Route 41 : 933 2188 1495 3433 991 4688 3995 867 3491 3367 914 499 2999 82 909 2096 4596 3414 3409 2582
Route 42 : 1965 4465 1521 2428 4021 4928 1209 2348 3709 475 838 4848 2975 3338 1711 4211
Route 43 : 597 957 3097 101 2601 611 3457 502 1250 3111 3750 1420 3920 1432 3002 1497 3997 1447 3932 3947
Route 44 : 1964 1559 4059 2034 4464 710 110 4534 3210 1606 2051 4106 4551 1199 283 2244 3699 4744 1319 2610 3819 2783
Route 45 : 568 417 1892 2917 2498 3068 4392 2187 4687 2479 619 4998 16 1450 3119 3950 4979 2516 824 506 3324 3006
Route 46 : 1534 1576 501 4076 4034 643 3001 3143 699 1689 3199 1193 1439 1371 4189 3939 3693 3871
Route 47 : 505 58 1151 3005 2558 1874 3651 1080 767 4374 3267 3580 2159 1400 2362 3900 4862 4659
Route 48 : 1185 3685 1850 1132 3632 4350 91 185 2205 2685 2591 837 735 4705 940 3337 3440 3235
Route 49 : 2064 2281 4781 4564 1840 655 2165 3155 4340 445 4665 1951 582 2945 3082 4451 1335 3835
Route 50 : 526 2357 4857 3026 156 1768 2226 1547 4047 879 4726 2656 4268 3379 1997 802 3302 4497
Route 51 : 2339 1942 4839 560 901 4442 2263 3060 477 3401 4763 974 2977 188 998 1005 2688 3505 3474 3498
Route 52 : 2076 4576 1598 507 3007 4098 2270 1707 4207 570 4770 1643 3070 123 2623 4143
Route 53 : 135 1742 698 2635 3198 1515 4242 4015 1138 3638 2043 171 4543 2671 320 2178 4678 2820
Route 54 : 1150 381 401 913 2881 2901 536 1071 3650 3413 219 3036 2433 4933 2719 1869 3571 4369 282 443 2049 2943 4549 2782
Route 55 : 2474 1525 4974 2292 997 4792 4025 1776 4276 1567 3497 4067 46 1000 1041 2546 3500 3541
Route 56 : 554 524 1110 725 3610 3024 881 3054 3225 1882 950 3381 2394 4894 4382 1498 3450 2169 3998 868 3368 4669
Route 57 : 627 692 900 3127 1322 3192 3400 1069 3822 630 3569 3130 1884 2291 2074 4574 4384 4791
Route 58 : 2158 2099 882 4599 788 4658 2427 3288 293 3382 2279 1734 4927 4234 4779 1623 2793 4123
Route 59 : 1660 1669 2482 4982 612 3112 4169 2056 4160 4556 1417 348 1741 726 2848 3917 3226 4241
Route 60 : 1913 4413 1373 1260 1231 3873 3731 3760 1172 2118 3672 4618 2418 1756 4256 4918 566 3066
Route 61 : 918 1362 3418 3862 1183 1865 469 1123 1243 785 3623 3683 4365 3743 3285 474 2969 2974
Route 62 : 1061 3561 1308 1821 538 4321 3808 1666 1211 3038 4166 1697 4197 3711 458 415 2915 2958
Route 63 : 697 2343 917 3197 1790 4843 529 3417 385 4290 563 3063 2885 2352 3029 4852 244 775 93 2593 3275 2744
Route 64 : 393 1739 1672 2893 1832 4239 4172 574 4332 2083 480 3074 2445 4583 2980 186 4945 1045 2686 3545
Route 65 : 1722 4222 1877 2200 1253 4700 3753 1560 4377 1625 1992 4060 2278 4492 510 3010 4125 2432 4778 4932
Route 66 : 1609 4109 1727 960 4227 1781 4281 2434 4934 2476 3460 2256 4976 4756
Route 67 : 966 919 3466 3419 948 1811 3448 4311 981 973 3473 548 1200 3481 2062 3048 1004 3504 3700 4562 2273 4773
Route 68 : 419 2069 2919 299 4569 2799 350 1810 4310 2850 322 2162 2429 2822 4662 1009 4929 2422 3509 4922
Route 69 : 1834 1911 4411 2223 4334 2048 4723 4548 2386 175 2675 823 4886 2132 346 2846 4632 3323 1162 3662
Route 70 : 1957 2171 4457 610 4671 718 3110 1616 235 4116 3218 1895 2449 2735 4949 673 4395 3173
Route 71 : 1886 1592 4092 4386 1288 2193 1891 4693 3788 52 4391 886 2552 121 3386 1068 3568 2621
Route 72 : 925 636 3425 2133 1907 3136 990 941 3441 3490 4633 4407 57 473 2557 104 2973 2604
Route 73 : 206 1161 2706 2150 1612 3661 4112 2334 770 3270 4834 4650 1096 2134 187 4634 2487 2403 3596 2687 929 3429 4903 4987
Route 74 : 1114 3614 1363 2042 4542 1265 1678 3765 3863 4178 2222 4722 2211 1191 133 3691 4711 2633 730 3230
Route 75 : 2448 800 4948 360 1198 3698 3300 1382 2860 1523 3882 1619 4023 2160 4119 589 4660 3089
Route 76 : 1108 1991 4491 162 2662 2017 3608 166 4517 1554 2330 4054 2666 887 4830 899 76 3399 2576 3387
Route 77 : 1037 1084 3584 1688 688 3537 222 2722 2252 3188 1072 4188 1787 4752 1368 3868 4287 3572 1269 3769
Route 78 : 1788 4288 119 2619 1395 1145 177 937 2677 3645 3895 1938 3437 858 4438 3358 1506 1059 3559 2355 4006 4855
Route 79 : 517 1937 3017 1578 4437 2182 4078 4682 288 1496 2055 3996 4555 1945 2788 2402 4445 1797 4902 4297
Route 80 : 1733 1276 3776 4233 1686 2365 2073 94 4573 2594 4186 4865 77 1042 2100 2577 493 1187 2993 3542 4600 3687
Route 81 : 124 1275 3775 888 799 3299 2624 3388 1299 3799 1338 1121 1765 3621 4265 1653 3838 936 4153 3436
Route 82 : 640 1629 2349 934 4129 4849 2437 3140 1258 3434 4937 69 2419 3758 1208 4919 453 2569 2953 3708
Route 83 : 1812 237 260 2760 4312 51 2737 2551 591 3091 2016 451 4516 2951 234 854 3354 2734
Route 84 : 1143 369 3643 641 2185 1802 3141 2869 4302 448 4685 2948 1710 136 4210 1971 2636 4471
Route 85 : 1192 3692 826 471 3326 2971 1177 2138 4638 3677
Route 86 : 2338 50 2038 4838 4538 876 2550 3376 1356 1920 3856 797 4420 3297 2021 387 109 2609 4521 1394 3894 2887
Route 87 : 160 544 2660 1624 4124 2012 2071 3044 4512 1934 504 4571 3004 4434
Route 88 : 2300 4800 1630 2461 759 3259 4961 984 1113 3484 3613 295 1504 1310 2795 3810 4004 4130
Route 89 : 2283 4783 420 351 2920 2851 831 134 3331 386 2886 2634 1956 1182 2296 1379 3682 3879 4456 4796
Route 90 : 1478 1652 691 830 1514 4014 4152 3330 3978 3191 432 615 2304 368 2932 2407 3115 4804 2868 4907
Route 91 : 1372 212 3872 191 2712 2691 746 1327 3246 3827 2393 1524 1408 4024 1233 3733 3908 4893
Route 92 : 872 543 3372 1582 2477 3043 4082 1784 1668 928 4977 3428 4168 4284 309 1822 4322 665 2809 3165
Route 93 : 426 496 2926 1980 2996 2216 47 4480 1117 787 3617 3287 2423 4716 4923 942 558 3442 2547 3058
Route 94 : 2044 2440 4544 1283 2466 4966 841 3783 878 4940 836 285 3341 3378 1451 3336 740 3951 3240 2785
Route 95 : 2213 2097 4597 2379 2214 4713 2311 4811 4879 4714 1410 1440 3910 1827 3940 83 4327 2583
Route 96 : 1888 807 3307 1959 2436 4459 972 4936 4388 463 2963 2358 4858 1483 540 3472 3040 3983 1539 4039
Route 97 : 1285 1428 3785 3928 31 608 676 2531 2173 3176 3108 1887 4673 483 2983 1830 4387 4330
Route 98 : 1842 4342 2144 2295 428 4795 843 2928 4644 551 2390 4890 1361 3343 3051 1541 4041 3861
Route 99 : 1345 494 773 3845 2994 875 3273 311 1926 3375 1943 2811 646 4426 3146 4443
Route 100 : 2191 1052 3552 4691 143 1032 1708 2312 3532 4812 2234 2643 674 4208 1463 1667 3963 1320 4167 3174 4734 3820
Route 101 : 518 3018 28 1912 4412 2528 703 1700 4200 339 2839 586 3203 1011 1862 294 3086 4362 3511 2371 2794 4871
Route 102 : 2411 330 1242 4911 2830 500 3742 1416 3000 347 653 2847 3916 3153 2336 4836
Route 103 : 2123 4623 281 1464 437 2937 671 2781 328 3964 3171 1316 2306 2828 817 3317 1958 4806 3816 4458
Route 104 : 2060 1159 4560 1333 3659 81 3833 2581 178 2344 4844 924 2678 1961 4461 3424
Route 105 : 1375 2066 3875 2412 4566 1758 4912 1513 1798 4258 245 4013 715 4298 2446 3215 4946 2745
Route 106 : 130 808 1536 3308 4036 637 3137 2630 1399 2219 2391 366 3899 1359 4891 3859 4719 2866 1239 3739
Route 107 : 739 1351 965 3851 2246 3239 3465 2441 2109 4746 4941 1974 1030 794 3530 4474 4609 3294 2010 4510
Route 108 : 1499 342 3999 980 30 2842 455 2955 3480 1083 2530 1896 4396 3583 317 2397 4897 2817 1632 4132
Route 109 : 1522 1977 4022 514 4477 2260 1092 3014 3592 4760 923 1654 201 4154 2701 3423 2057 4557
Route 110 : 1289 145 2645 1872 3789 1397 3897 904 3404 4372 1854 258 48 2548 2758 4354
Route 111 : 398 2898 1492 271 176 811 8 2508 2771 3311 2676 2408 1779 4908 4279 1762 4262 3992
Route 112 : 1863 4363 1601 113 4101 2613 1503 2190 1848 4003 20 4690 4348 4 847 2504 3347 481 2981 300 2520 2800
Route 113 : 1801 803 4301 1321 660 3303 3821 3160 720 33 1455 1021 2533 3955 3220 329 3521 2829 49 2549 1378 3878
Route 114 : 1421 29 2529 3921 949 334 1648 3449 2834 1272 4148 478 62 3772 2978 2488 2562 1034 4988 3534
Route 115 : 411 425 2911 2925 1755 916 4255 3416 1131 2259 3631 1735 4759 4235 2196 465 1591 2965 4696 4091
Route 116 : 184 242 572 525 2742 3025 3072 1642 2684 321 2821 1389 4142 3889 457 286 2957 2786
Route 117 : 2414 4914 874 2047 2347 3374 4547 1418 4847 1286 3918 2075 3786 1207 4575 380 2880 3707 1843 4343
Route 118 : 98 744 3244 1791 4291 2598 1552 1575 1553 4053 1736 1196 4052 4236 4075 73 3696 2573
Route 119 : 2237 4737 431 1808 628 3128 2931 1737 4237 4308 1064 967 472 707 3467 1968 2972 3564 4468 3207
Route 120 : 1501 2261 2331 4831 4761 1481 1263 3981 3763 307 2492 1720 4992 2140 1473 4001 3973 2807 4640 4220 35 2535
Route 121 : 723 1617 3223 1921 240 4421 2740 34 1595 4095 4117 2534 1390 3890 1813 4313 2129 1282 4629 3782 1306 253 3806 2753
Route 122 : 1178 139 370 3678 2639 2274 2870 1868 1425 1449 3949 4774 732 2063 4368 3925 1782 3232 4563 4282
Route 123 : 575 1277 63 2563 3777 1604 3075 1665 1337 3837 4104 1431 1645 4165 2077 4577 4145 3931
Route 124 : 685 2293 2381 1890 4881 4793 3185 1130 4390 3630 512 1908 532 3012 1588 4408 4088 3032
Route 125 : 994 2156 1998 3494 4656 4498 976 21 2521 1445 3476 3945 2103 607 4603 694 441 2941 3194 3107 2333 4833
Route 126 : 1947 388 2888 1224 4447 1173 3724 3673 1056 446 2253 3556 2207 2946 4707 4753 2497 2166 4997 490 4666 2990
Route 127 : 1116 1675 3616 4175 880 71 3380 1901 2571 435 4401 907 1754 4254 2935 1898 3407 4398 122 2325 4825 2622
Route 128 : 1903 780 4403 840 3280 3340 601 362 3101 2309 2862 783 4809 3283
Route 129 : 1856 4356 1015 3515 1058 239 3558 462 2739 66 2050 2962 2174 2566 1610 4550 1433 4110 4674 3933
Route 130 : 2170 1599 4670 1985 4099 4485 1028 2220 3528 1557 337 4057 4720 2837 2105 1906 2484 4984 4406 4605
Route 131 : 1388 2452 4952 1659 3888 4159 2053 2493 1485 4553 3985 975 4993 2360 1671 4860 3475 842 4171 567 3342 3067
Route 132 : 1324 2340 4840 1818 1459 4318 3824 1341 1413 3959 316 3841 3913 2451 276 4951 1442 2816 2776 3942
Route 133 : 44 1091 792 3591 3292 1266 3766 2032 262 2544 564 3064 4532 1935 2762 4435
Route 134 : 1962 2421 4462 1555 1996 70 4055 4921 59 2570 4496 2033 1545 2559 4533 4045 962 3462
Route 135 : 2065 84 4565 2475 4975 1148 374 2584 3648 335 2835 2874 897 1795 2004 3397 4295 4504
Route 136 : 161 2040 1444 4540 2661 1422 3922 3944 1573 731 3231 1307 1535 3807 4073 883 860 4035 3360 3383
Route 137 : 2093 855 866 4593 2439 3366 1414 3355 849 4939 3914 3349 955 340 256 2840 3455 1002 2756 3502
Route 138 : 1627 2248 4127 1133 766 430 3266 4748 1706 3633 4206 2930 2383 1750 4883 4250 1256 839 1223 3339 3723 3756
Route 139 : 1128 1355 3628 711 2294 3855 3211 4794 736 2280 4780 3236 2037 1999 1180 4537 3680 4499
Route 140 : 806 3306 2458 273 4958 2773 2495 2473 4995 738 4973 359 3238 325 2825 1303 1647 2859 903 4147 3803 3403
Route 141 : 1305 1817 216 4317 3805 2716 2314 905 4814 1518 3405 452 4018 2952 1993 2308 4493 4808 1770 4270
Route 142 : 1190 3690 1019 2203 3519 436 4703 750 383 3250 2232 2883 2936 565 4732 1579 1532 2378 4878 4032 3065 4079
Route 143 : 777 2101 4601 42 65 3277 249 2542 2565 1580 2749 4080 1201 3701 2318 4818 1690 4190
Route 144 : 427 408 2927 1613 470 2970 2908 1088 4113 105 3588 2605 2145 4645 275 279 2163 2775 631 2779 4663 3131
Route 145 : 596 1603 4103 308 979 3096 23 3479 2808 1221 2523 236 2131 2736 3721 97 4631 2597
Route 146 : 485 815 3315 1281 1280 2985 3781 3780 594 3094 2416 1352 4916 2471 314 4971 2814 3852
Route 147 : 1206 1558 3706 99 4058 1676 1526 2599 1925 939 4176 4026 4425 616 3439 2406 3116 2264 4906 4764
Route 148 : 2225 4725 1745 1864 635 2277 4364 3135 4245 1828 4777 4328 2485 2008 678 3178 816 4985 578 4508 3078 3316
Route 149 : 821 1814 318 3321 1142 2818 3642 4314 508 1773 877 3008 4273 2470 1594 2079 3377 4970 4579 4094
Route 150 : 977 3477 410 2366 78 4866 2910 603 1572 1107 3103 2578 12 3607 2089 2512 4072 4589 999 3499
Route 151 : 2323 556 3056 1583 820 4823 1097 3597 4083 343 3320 522 131 3022 2843 2631 1046 2409 2227 4909 4727 3546
Route 152 : 1031 719 404 1835 3531 2904 1314 2204 4335 1831 4704 3219 2072 3814 4572 4331
Route 153 : 1500 2139 2058 4639 4558 1369 4000 1339 3869 3839 1252 989 3489 2310 3752 4810 1112 2030 3612 4530
Route 154 : 2286 1051 4786 1297 3551 1364 639 3797 3864 1987 4487 3139 354 2241 629 2854 4741 1228 3728 954 3129 1164 3454 3664
Route 155 : 1967 2359 4467 1476 3976 2251 4859 289 4751 2789 791 3291 2478 1658 4978 4158 1437 2454 4954 3937 693 3193
Route 156 : 1482 689 3189 231 3982 92 2731 1336 2592 2146 3836 476 2976 4646 2115 2215 4715 1488 4615 3988
Route 157 : 215 1287 1564 2715 303 1195 4064 3787 2803 3695 2238 2233 4738 2228 4733 2258 4728 4758
Route 158 : 1655 951 4155 3451 1136 1551 971 4051 3636 705 3471 1232 3205 1010 3510 3732 1744 4244
Route 159 : 1806 2095 4595 562 1018 3518 795 3062 4306 850 1820 3295 3350 4320 1105 1646 2120 4146 4620 3605
Route 160 : 2462 196 987 2696 1732 1931 3487 217 4431 4962 2266 4232 2717 4766 482 38 1746 2538 4246 2982
Route 161 : 1038 3538 2413 223 352 4913 2852 2046 4546 2723 205 1952 2705 165 4452 1461 2665 3961
Route 162 : 530 3030 681 651 3151 1657 3181 4157 577 952 3077 158 3452 1048 1407 2658 3548 3907
Route 163 : 1350 3850 1044 927 3427 3544 2321 559 4821 2128 2127 4628 3059 1268 1017 1063 3517 3563 4627 3768
Route 164 : 1144 200 2700 2019 2399 4519 4899 2090 3644 1174 1465 4590 856 1826 4326 3674 2275 3356 3965 4775
Route 165 : 1644 754 4144 3254 620 1844 1530 4344 4030 3120 461 2961
Route 166 : 248 1452 103 3952 2748 1923 2603 658 3158 229 670 2729 3170 4423 2061 2113 4561 700 3200 4613
Route 167 : 467 407 2404 384 2884 4904 2907 1367 2967 912 3412 2153 822 3867 292 2792 1471 3322 4653 3971
Route 168 : 953 1650 1589 4089 424 3453 4150 1915 4415 1718 2924 284 2186 4218 4686 127 2784 2627
Route 169 : 2491 2239 4991 4739 2108 898 120 4608 2620 3398 1438 1771 2164 4271 4664 3938
Route 170 : 406 2184 2906 4684 2431 533 3033 367 4931 2867 865 753 3253 1571 2172 3365 848 4071 3348 4672
Route 171 : 332 192 2692 2832 1020 2313 3520 1170 302 3670 1510 4813 2802 2003 761 4010 4503 3261
Route 172 : 1426 3926 763 15 2415 2515 2036 4915 164 4536 1778 4278 2664 3263 2444 4944
Route 173 : 1709 2114 4209 298 4614 871 2798 2080 1274 1158 3371 4580 67 2567 3658 3774 1344 3844
Route 174 : 515 3015 1396 1752 679 4252 3179 3896 786 1815 4315 1070 3286 1948 3570 4448 447 1596 2947 4096
Route 175 : 2265 2272 26 4765 2301 2526 2104 4772 1120 2490 1029 4604 4801 442 3620 4990 649 3529 2942 353 2853 3149
Route 176 : 2370 172 2218 2672 793 4718 22 4870 349 2522 3293 1777 1909 2849 4277 4409
Route 177 : 396 126 2896 1409 1562 4062 2626 2384 3909 706 1981 4884 1147 3206 1691 1725 4191 4481 3647 4225
Route 178 : 600 970 413 3470 922 1377 3100 3422 2913 1995 956 3877 1883 4495 1751 527 3456 4383 3027 4251
Route 179 : 1946 2070 4570 2329 269 4446 1424 2769 4829 313 531 3924 1939 3031 943 4439 2813 3443 2297 4797
Route 180 : 1763 230 4263 805 2730 363 3305 659 1290 3159 3790 1933 1602 2863 4102 4433
Route 181 : 488 1077 846 2467 4967 3346 3577 2988 227 2236 100 2600 1574 2727 1628 106 4074 4128 2606 4736
Route 182 : 450 661 2950 592 3161 1141 3092 623 3641 2085 3123 2157 1577 4585 213 2713 4077 4657
Route 183 : 1085 638 1291 3585 3138 1705 3791 605 3105 541 1944 4205 4444 1149 1060 3041 3560 1867 4367 3649
Route 184 : 968 1175 18 3675 3468 2518 1860 4360 56 460 2556 2250 2960 4750
Route 185 : 1066 1152 3566 43 3652 1401 2543 1271 3901 1366 1171 3671 3866 2201 3771 255 4701 2755
Route 186 : 1902 4402 657 5 3157 2505 1748 2155 4655 4248 2500 5000
Route 187 : 1852 4352 1140 2084 4584 486 3640 2986 1593 181 4093 513 3013 2681
Route 188 : 1075 3575 1841 9 1411 2509 4341 210 2710 3911 254 1622 4122 2754 1749 391 2380 4880 4249 2891
Route 189 : 2092 764 4592 3264 1858 985 3485 112 2612 400 233 4358 986 3486 1511 2900 2733 1845 747 3247 4345 4011
Route 190 : 1618 2342 1542 4118 4842 324 1292 4042 958 3792 2824 3458 503 1202 238 3702 3003 1374 1881 4381 2738 3874
Route 191 : 304 581 2804 149 3081 2649 580 3080 1222 1615 1469 3969 931 4115 1214 3431 3722 3714
Route 192 : 1829 1950 1246 4329 2389 4450 4889 3746 1456 2268 2317 4817 1714 3956 4768 163 724 2663 4214 1661 3224 4161
Route 193 : 1605 599 4105 827 3099 1090 3327 906 1074 3406 3590 2102 828 3574 4602 268 3328 2768
Route 194 : 107 2007 2607 1430 3930 642 4507 3142 1982 125 4482 2625 226 1715 2726 2081 4215 4581
Route 195 : 1 1376 3876 296 2501 959 2796 1124 3459 2209 3624 1955 4709 4455 1730 2199 4230 4699 2388 4888
Route 196 : 1179 2106 4606 2240 3679 111 4740 2611 595 409 3095 617 3117 2909 1774 4274
Route 197 : 2267 1331 4767 3831 1402 2130 4630 3902 1538 4038 416 2177 1472 2916 155 3972 4677 1656 264 4156 2655 2764
Route 198 : 1217 2111 1234 2176 4676 3734 1022 3717 3522 4611 1917 1443 4417 1293 3793 497 3943 2997
Route 199 : 2464 1809 829 4964 4309 3329 812 1717 4217 3312 778 2435 4935 741 3241 1386 3278 3886
Route 200 : 1215 3715 1155 3655 1468 204 3968 1203 2704 1679 3703 4179 1406 2091 3906 4591
Route 201 : 755 3255 1584 1702 4202 4084 1003 1166 3503 3666 2002 1315 4502 195 390 3815 2695 2890
Route 202 : 2443 291 2791 4943 418 1106 2918 3606 1491 1391 79 3991 3891 814 2579 2000 3314 19 4500 1620 4120 2519
Route 203 : 1851 2011 1013 4511 553 4351 3053 3513 2341 1312 4841 908 3812 3408 421 654 3154 2921
Route 204 : 861 519 3019 557 3361 1247 3057 1673 1611 4173 832 449 4111 3747 336 2836 675 3332 3175 2949
Route 205 : 845 1213 345 3345 3713 2845 708 988 2221 2181 3208 4721 1216 3488 3716 1212 4681 3712
Route 206 : 796 3296 2361 365 4861 2865 1448 606 1385 520 3106 3885 3948 1972 2247 3020 4472 4747
Route 207 : 765 696 2327 4827 2486 4986 3196 1800 4300 3265 1631 225 4131 423 1528 2725 2923 2068 2020 4028 4568 4520
Route 208 : 375 2875 1960 762 4460 3262 2192 818 4692 36 2459 3318 4959 152 1823 2652 1073 2536 4323 3573
Route 209 : 1007 1235 3735 1343 3507 864 3843 776 3364 1181 618 625 3681 3118 357 55 3125 3276 2857 2555
Route 210 : 1540 1698 364 2369 4040 2864 4869 4198 454 1769 2954 1024 3524 4269 523 3023
Route 211 : 1664 1146 728 3646 4164 2375 4875 1936 3228 438 4436 1248 1918 3748 2938 1954 4418 1975 4475 4454
Route 212 : 197 1082 2180 2147 2697 4680 4647 3582 896 3396 1095 3595 809 584 537 3084 3309 1313 3037 3813
Route 213 : 1067 2453 3567 4953 128 2210 2353 2028 4853 2628 1354 214 4710 2714 4528 3854 2135 4635
Route 214 : 2460 4960 1910 1533 852 1636 4410 3352 1099 717 4033 4136 3599 1487 3217 3987 893 3393
Route 215 : 1716 1512 2398 4216 4012 835 4898 3335 1568 2212 4068 1050 4712 2031 2035 3550 4535 4531
Route 216 : 1794 2009 4294 2027 4509 1218 1403 4527 25 2525 3903 3718 1924 2119 1941 4619 534 3034 4441 4424
Route 217 : 844 511 1586 3344 668 3011 1111 3611 890 648 3148 3168 372 978 4086 3390 86 2872 3478 2586
Route 218 : 1398 734 3898 3234 1122 1780 3622 4280 487 1861 4361 2229 1543 2987 4729 4043
Route 219 : 961 682 173 3461 3182 2041 2673 4541 894 1519 588 3394 1677 4019 2136 4177 2082 4636 3088 4582
Route 220 : 1520 1963 1983 4020 4483 982 546 4463 3482 2141 889 3046 4641 252 338 2752 3389 2838 2189 4689
Route 221 : 2405 4905 2116 129 142 4616 2629 2363 709 2642 4863 3209 701 545 3201 2143 1839 3045 4339 439 2939 4643
Route 222 : 1724 484 4224 2124 1100 2984 4624 932 2018 4518 3600 1973 3432 1240 4473 306 3740 2806
Route 223 : 552 1704 4204 1796 3052 946 1284 3784 2396 4296 3446 2425 1927 1873 4373 4896 4925 1026 4427 3526
Route 224 : 1104 555 722 3604 3055 3222 885 1738 3385 4238 1837 4337 963 144 2644 1849 3463 4349 2368 4868
Route 225 : 153 95 2078 2653 64 756 2564 3256 4578 202 243 2595 1989 2354 2743 2702 4489 1486 4854 621 3121 3986
Route 226 : 259 1453 355 3953 1759 2759 2855 1227 1546 3727 632 4259 479 4046 2979 3132
Route 227 : 1008 645 2179 4679 3508 884 3145 1087 3384 964 3587 891 3464 1119 647 3619 3147 1953 3391 4453 1621 4121
Route 228 : 2417 1441 1392 3941 4917 1001 2288 3892 3501 1966 4788 1894 4466 4394 1278 1885 992 3492 3778 4385
Route 229 : 207 2316 4816 1783 1270 4283 257 3770 1006 2707 2757 3506 1651 573 2224 4151 3073 4724
Route 230 : 1342 895 3395 1109 3842 733 2206 3233 3609 4706 1317 1635 3817 4135 228 27 2527 2728
Route 231 : 687 75 1236 3187 2332 4832 2168 3736 4668 769 2575 644 3269 1509 4009 571 361 3071 2861 3144
Route 232 : 516 1703 3016 1743 4203 2392 1219 4892 3719 4243 1694 4194 1346 3846 168 2059 2668 4559
Route 233 : 862 3362 2112 1799 392 4612 1049 1033 4299 2892 87 3533 1880 3549 2587 4380
Route 234 : 356 2282 1330 1674 4174 3830 2856 4782 1904 1102 3602 1789 199 4404 2005 4289 2699 1833 4333 4505
Route 235 : 1076 810 3310 1816 3576 54 4316 2554 1474 1055 1415 3974 3915 1098 3555 1309 1360 3598 3860 3809
Route 236 : 218 1323 2457 3823 2718 1434 3934 4957 1329 590 250 6 3090 1857 2750 2506 1905 3829 4357 358 4405 2858
Route 237 : 664 2328 1194 3694 4828 944 3164 1569 1684 4184 4069 3444 983 3483 182 1318 3818 2682
Route 238 : 683 2152 4652 1761 3183 277 4261 2777 743 241 3243 2489 2741 2382 4989 1454 3954 768 4882 3268
Route 239 : 2126 169 2669 2320 4626 74 4820 1544 2574 4044 2494 996 1662 3496 4994 1608 1699 4199 2023 4108 4523 4162
Route 240 : 1249 3749 1663 189 1325 4163 2689 3825 1387 1139 3639 2006 3887 1871 4506 2351 4371 4851
Route 241 : 771 174 3271 1978 2674 4478 737 1101 3237 2001 1230 3601 1614 4501 1507 3730 4114 4007
Route 242 : 1979 587 4479 650 3150 2356 4856 3087 170 2401 4901 344 2022 2670 45 2844 1696 2545 4522 4196
Route 243 : 1014 3514 2249 1728 666 4228 4749 2307 1093 3593 911 4807 1127 3627 3166 3411 825 2447 3325 4947
Route 244 : 414 2914 1458 3958 2455 4955 1870 2287 4370 1168 4787 3668 323 1930 1404 4430 3904 2823
Route 245 : 1600 1304 4100 1062 2372 4872 3804 394 3562 2894 2496 68 2121 4621 4996 2568 1115 3615
Route 246 : 1419 3919 2481 2472 790 4981 634 3290 1494 4972 2254 3994 3134 4754 1990 4490
Route 247 : 712 3212 1086 3586 1549 310 1340 2810 4049 371 3840 1103 714 3603 2420 2871 583 3214 3083 2161 4920 4661
Route 248 : 2167 1186 3686 782 1357 4667 3282 1383 440 3857 1587 3883 1229 4087 2940 926 1824 4324 3729 3426
Route 249 : 774 378 3274 2054 2878 1585 4554 333 2833 4085 1637 1719 4137 1489 3989 819 4219 395 468 3319 2968 2895
Route 250 : 1264 1423 1169 3923 3669 3764 633 2303 4803 1899 1204 220 3133 4399 3704 772 2720 3272
Route 251 : 1516 1027 4016 1025 3525 2015 3527 1436 4515 141 3936 1805 2641 1475 4305 1726 3975 4226
Route 252 : 752 1412 1819 3912 4319 3252 1137 2377 3637 2271 1531 4031 4877 4771 1685 1502 4185 4002
Route 253 : 1940 593 2142 1855 4642 704 4440 3093 4355 203 1846 2703 4346 2284 1225 1760 3204 3725 4260 4784
Route 254 : 686 969 3186 1353 3469 2195 4695 1537 3853 1347 4037 1928 3847 4428 781 742 3281 3242
Route 255 : 1126 1016 2337 4837 1154 305 3516 3626 3654 1470 2805 3970 863 1244 3363 3744 1047 154 1775 3547 4275 2654
Route 256 : 561 3061 1427 32 3927 1701 2217 2532 4201 1687 4187 1793 4717 1508 2122 4622 4008 4293 585 489 3085 2989
Route 257 : 138 813 1607 3313 315 2638 1039 2815 757 4107 3539 117 2395 1859 4895 3257 4359 2617 789 3289
Route 258 : 1462 2137 261 804 3304 1597 4637 3962 2761 167 834 287 3334 4097 2667 2787 869 798 3298 3369
Route 259 : 535 2276 3035 1490 4776 2087 3990 1220 2194 4587 4694 3720 713 3213
Route 260 : 1889 466 4389 745 3245 266 2966 1176 1078 1257 3578 2766 3757 614 1040 3676 3114 3540
Route 261 : 1259 114 3759 137 1358 2637 3858 377 2614 40 680 2540 3180 2299 2197 4799 4697 2877