Instance name: bar-n400-4
Authors      : CUHKSZ_HWGTS
Date         : 2024-12-04
Reference    : Unpublished
Solution
Route 1 : 115 184 384 42 315 242 164 75 34 364 139 275 160 360 234 155 187 355 127 339 327 197 387 9 397 209
Route 2 : 118 318 167 178 134 367 334 82 378 87 287 81 282 80 281 48 280 248 148 196 348 112 396 312
Route 3 : 131 128 328 65 1 265 32 331 201 180 380 62 133 333 105 262 232 18 305 161 218 361 47 247
Route 4 : 24 224 54 163 254 132 363 191 332 101 391 56 301 119 319 256 193 393
Route 5 : 84 120 284 11 211 68 268 53 320 179 253 28 228 379 140 12 340 52 252 212
Route 6 : 147 109 309 25 225 21 347 221 43 243 103 138 303 8 208 338 86 194 286 394 190 141 390 341
Route 7 : 49 74 274 249 188 154 354 72 272 110 310 388 78 3 278 121 203 321 158 185 385 76 358 276
Route 8 : 95 295 136 94 90 290 294 45 7 38 245 107 307 238 6 207 175 375 206 144 198 344 398 195 336 395
Route 9 : 98 298 63 40 240 22 263 100 300 222 177 116 172 377 372 33 316 233 97 297 174 91 169 291 369 374
Route 10 : 55 13 168 213 181 368 255 200 400 381 36 88 288 64 236 66 264 266 143 111 343 15 215 311
Route 11 : 150 173 37 350 156 356 117 237 373 157 317 357 70 85 123 270 323 58 29 285 104 258 229 304
Route 12 : 4 102 302 204 46 246 27 96 227 296 126 326 5 142 342 205 183 92 159 383 130 292 359 330
Route 13 : 73 17 217 273 83 283 192 199 399 19 392 219 152 44 186 244 386 352 171 371 51 251
Route 14 : 59 259 31 149 231 71 271 349 23 137 113 337 10 223 313 210 114 135 314 145 122 335 93 322 345 293
Route 15 : 14 182 50 214 79 382 166 250 279 20 366 220 60 260 153 41 241 353 2 162 362 170 202 370
Route 16 : 176 77 69 376 269 89 277 125 325 289 106 306 26 146 226 346 61 165 261 67 30 365 267 230
Route 17 : 16 216 35 189 235 57 124 389 108 324 308 257 151 351 99 129 39 299 239 329
