Instance name : bar-n3000-4
Authors       : Dmitriy Demin, Mikhail Diakov (msd@veeroute.com), Ivan Ilin, Nikita Ivanov, Viacheslav Sokolov (vs@veeroute.com) et al. VRt Global (https://veeroute.com/)
Date          : 2023-04-24
Reference     : veeroute.com
Solution
Route 1 : 1175 527 106 2675 1606 1123 2027 2623 756 2256
Route 2 : 1241 1226 2741 2726 678 1317 2817 369 468 2178 1869 1968
Route 3 : 1442 1067 47 2942 857 2357 1547 2567 636 652 2152 2136
Route 4 : 22 1277 1522 15 195 919 2777 1695 2419 928 1515 2428
Route 5 : 1383 686 1359 2859 2883 2186 1097 658 2158 300 2597 1800
Route 6 : 424 1197 1151 2651 1924 2697 1307 207 1707 2807
Route 7 : 1417 489 1989 2917 526 1205 2705 637 2026 242 1742 2137 139 1639
Route 8 : 646 881 2381 2146 1443 340 874 2943 1840 1115 2374 639 2615 2139
Route 9 : 1382 523 408 2023 1908 2882 640 1146 2646 2140 1004 2504
Route 10 : 1407 1269 845 2769 932 2432 2907 2345 314 1116 2616 1814
Route 11 : 1256 568 84 2068 1584 689 2756 217 1717 2189
Route 12 : 659 825 2159 1357 2325 376 353 2857 1876 1853
Route 13 : 414 328 921 2421 1828 108 501 1608 2001 993 2493 232 1914 1732
Route 14 : 410 1305 1302 1910 45 2805 2802 677 1545 250 2177 1750
Route 15 : 1289 213 844 1713 2789 630 2344 2130 324 1824
Route 16 : 273 858 2358 1169 1773 289 760 2669 2260 1789
Route 17 : 422 1922 692 267 2192 286 191 1767 1691 183 1786 1275 2775 1683
Route 18 : 102 832 343 2332 1843 1444 1602 107 444 1607 2944 1944
Route 19 : 225 688 174 1725 2188 1016 1674 66 104 2516 1604 1566
Route 20 : 1167 1150 2650 543 2667 1409 2043 14 2909 1431 2931 1514
Route 21 : 902 867 2367 1464 2402 1232 2732 2964 1100 2600
Route 22 : 1121 33 1533 577 2621 1060 2077 270 1770 2560 302 1802
Route 23 : 626 2126 1239 784 460 2284 1358 1960 2739 226 484 2858 1984 1726
Route 24 : 223 1723 883 1199 2383 944 2444 2699 362 1862
Route 25 : 746 1500 2246 380 1320 3000 2820 1880 477 1377 2877 1977
Route 26 : 365 1093 2593 1154 1865 2654 125 1625 951 2451
Route 27 : 481 1360 2860 1283 1981 561 2783 28 1528 2061 172 1672
Route 28 : 1212 603 2712 1054 2103 1436 2554 2936 729 900 2229 2400
Route 29 : 733 1213 2233 865 559 2713 2059 2365 1374 2874 1201 2701
Route 30 : 1072 752 124 2572 2252 1624 939 814 2314 1257 2439 2757
Route 31 : 726 601 2226 2101 826 1250 2326 149 1474 2750 2974 1649
Route 32 : 1493 2993 237 913 1737 205 2413 949 1705 2449
Route 33 : 188 894 1688 871 574 2394 2371 861 2361 2074 345 1845
Route 34 : 228 6 1728 595 398 2095 1898 1506 1453 1000 92 2953 1592 2500
Route 35 : 1368 1234 1466 2868 2734 2966 1127 1069 2627 2569
Route 36 : 1089 400 2589 1900 819 176 570 2319 2070 1676
Route 37 : 978 1107 720 2607 218 922 2220 2422 1220 1718 2478 885 2385 2720
Route 38 : 614 838 2114 1153 2338 63 2653 1187 1563 2687
Route 39 : 358 1484 473 1858 1024 2984 210 1973 2524 151 1710 1651
Route 40 : 264 875 287 1284 1787 2375 1764 2784 734 575 2075 2234
Route 41 : 554 1266 2054 2766 525 482 2025 1113 1982 434 2613 1934
Route 42 : 711 254 1754 2211 502 1043 2002 1323 2823 2543 855 2355
Route 43 : 323 13 1823 1267 641 994 1513 2141 1188 2494 2767 2688
Route 44 : 988 1145 551 2488 597 2645 2097 295 336 1836 2051 1795
Route 45 : 534 650 2034 2150 828 892 2392 1414 676 2328 2176 2914
Route 46 : 736 181 532 2032 2236 1378 1681 1129 931 2431 2878 2629
Route 47 : 970 2470 1488 796 447 2988 1947 738 2296 294 2238 1794
Route 48 : 341 1461 81 1581 953 2961 512 1841 2453 535 2012 1454 2035 2954
Route 49 : 404 412 1904 1325 1912 1245 1463 2825 2745 2963 397 435 1935 1897
Route 50 : 1178 2678 1049 229 2549 1729 243 977 303 2477 1743 1803
Route 51 : 556 103 648 2056 1603 283 2148 1473 1118 1783 2973 2618
Route 52 : 1270 1096 2770 542 2596 608 2042 61 1265 1561 2108 2765
Route 53 : 1005 259 2505 1759 431 1074 2574 1931 1243 113 1483 2743 2983 1613
Route 54 : 1369 1353 2869 2853 180 222 462 1962 1680 697 1722 1195 2197 2695
Route 55 : 496 966 2466 1996 764 74 64 2264 1574 765 1564 2265
Route 56 : 880 893 413 2380 2393 1913 725 429 281 2225 1781 1929
Route 57 : 52 407 1428 1907 1552 859 2928 987 1087 2359 2487 2587
Route 58 : 918 713 2418 882 1294 2382 2794 72 1231 2213 1334 1572 2731 2834
Route 59 : 860 1291 1001 2360 2791 1380 2501 749 926 2880 2426 2249
Route 60 : 1042 1200 864 471 2542 1313 2700 1971 122 1622 2364 2813
Route 61 : 1034 1298 2798 1408 2534 776 2908 2276 357 1128 1857 2628
Route 62 : 1066 2566 666 2166 1011 48 972 587 1548 2511 2472 2087
Route 63 : 643 706 2206 2143 1476 344 1844 2976 582 2082
Route 64 : 134 1494 1634 491 1991 2994 1102 696 2602 1340 2196 2840
Route 65 : 778 869 2278 62 2369 129 1562 1629 761 57 2261 1557
Route 66 : 672 609 904 2172 2404 804 2109 642 2142 423 2304 1923
Route 67 : 8 1452 2952 547 1508 2047 846 567 2346 2067
Route 68 : 337 1170 1837 2670 27 1165 721 2665 618 1527 2118 2221
Route 69 : 44 131 1228 1544 1026 517 2728 2526 383 1631 2017 1883
Route 70 : 1416 2916 1184 691 2684 842 2191 99 2342 982 2482 1599
Route 71 : 12 498 1998 164 1512 114 962 1664 1614 971 2462 2471
Route 72 : 1389 679 2889 2179 474 177 1677 1974 923 2423
Route 73 : 98 585 557 2085 247 2057 516 1747 147 2016 9 1598 1647 1509
Route 74 : 1381 485 2881 1985 1110 1135 253 2610 2635 1161 2661 1753
Route 75 : 797 1160 823 2297 2660 1264 2323 620 2764 905 2120 2405
Route 76 : 632 299 1362 1799 2132 2862 1392 660 1105 2160 2605 2892
Route 77 : 1029 1297 2797 2529 948 683 2448 2183 831 974 2331 2474
Route 78 : 142 818 583 2083 85 2318 1585 1424 1642 1057 2924 2557
Route 79 : 681 138 1179 2181 1137 2679 2637 1638 884 301 2384 1801
Route 80 : 419 1282 1015 2782 1919 1163 1126 2515 2626 339 2663 1839
Route 81 : 1214 318 798 2714 2298 1818 171 1671 1136 741 2636 2241
Route 82 : 775 1059 384 2275 2559 698 2198 1884 1230 599 2099 2730
Route 83 : 1173 1229 2673 346 1158 2729 76 1846 2658 1576
Route 84 : 1475 245 2975 1745 310 654 2154 1810 701 193 2201 1693
Route 85 : 1498 2998 1327 2827 1398 1326 2898 2826 298 1262 1798 2762
Route 86 : 1071 263 1335 2571 1763 282 1142 2835 227 2642 1727 1782
Route 87 : 390 1890 695 50 1550 538 2195 546 2038 2046
Route 88 : 145 211 1711 1645 488 385 1988 1052 1068 1885 2568 2552
Route 89 : 322 185 1822 1037 1685 584 2537 127 1627 2084 1479 2979
Route 90 : 1351 1050 936 363 2851 1863 2550 1125 2436 1480 2625 1441 2980 2941
Route 91 : 154 685 515 1654 2015 382 1386 1882 1124 2185 1365 2865 2886 2624
Route 92 : 1331 873 2831 592 2092 1395 2373 354 2895 1854
Route 93 : 443 1943 925 325 352 1852 1825 662 2425 707 2162 2207
Route 94 : 717 623 2123 2217 968 466 2468 1164 2664 1966
Route 95 : 208 945 1708 1227 2445 1287 674 2787 2727 2174
Route 96 : 271 571 2071 1296 682 2182 1771 461 872 1961 2372 2796
Route 97 : 801 1183 2301 123 916 815 1623 2315 2416 111 2683 1611
Route 98 : 612 1192 16 2112 2692 1516 675 1156 2175 2656
Route 99 : 581 820 2081 544 2320 2044 1260 896 2396 2760
Route 100 : 743 1132 908 2243 2632 2408 500 1468 2968 2000
Route 101 : 1434 1224 806 2724 2306 531 348 2031 2934 1848
Route 102 : 23 735 995 1523 2235 2495 31 668 812 2312 2168 1531
Route 103 : 1344 2844 910 1039 2410 313 38 1538 439 2539 1813 1939 550 2050
Route 104 : 68 1292 745 2792 1077 2245 1568 2577 693 2193
Route 105 : 1352 2852 246 1446 2946 1280 1746 1371 2780 2871
Route 106 : 128 1628 1174 989 2674 793 2489 446 1946 2293
Route 107 : 187 241 1687 1741 178 1247 1138 2638 1056 2747 1678 2556
Route 108 : 750 1495 119 2995 631 2250 2131 1619
Route 109 : 530 152 2030 1652 308 454 1808 957 1477 2457 1954 2977 1318 2818
Route 110 : 1149 1418 396 2649 2918 1896 30 153 1530 331 1831 1653
Route 111 : 1249 2749 541 94 190 1690 2041 1594 1159 441 1941 2659
Route 112 : 1007 73 2507 1573 997 1397 1176 2897 2676 2497 1308 2808
Route 113 : 409 1909 1186 1078 2686 1387 2578 470 2887 1970
Route 114 : 327 219 1719 1827 579 96 1222 2079 1596 32 1532 2722
Route 115 : 1031 848 1166 2348 2531 405 2666 879 1905 810 2310 2379
Route 116 : 117 1095 1617 490 1322 2822 1990 2595 215 635 1715 2135
Route 117 : 699 1425 1111 2925 2611 2199 1208 442 1942 586 2708 2086
Route 118 : 843 1286 2343 1422 1019 2786 2922 2519
Route 119 : 1030 1206 2530 2706 440 364 1940 589 1864 2089 236 1736
Route 120 : 262 1420 2920 1762 56 545 1556 1091 1459 2959 2045 2591
Route 121 : 1182 1259 1437 2759 2682 148 606 2937 2106 374 1648 1874 1223 2723
Route 122 : 967 2467 197 78 1697 1578 307 998 1807 230 1730 2498
Route 123 : 821 889 1458 2321 621 2958 2389 1430 669 2121 2169 2930
Route 124 : 572 705 2205 351 2072 1013 1851 522 2022 1062 2513 2562
Route 125 : 1447 1051 2947 476 169 1976 1162 2551 1669 2662 1025 1445 2945 2525
Route 126 : 506 786 2006 2286 954 7 2454 569 311 1507 1811 2069
Route 127 : 202 1337 1702 1133 2837 2633 605 1396 2105 1281 2896 1356 2856 2781
Route 128 : 392 159 1659 1892 315 95 1595 839 1815 2339 539 2039
Route 129 : 37 1191 2691 1537 769 771 1279 2271 2779 2269
Route 130 : 1324 2824 420 60 1347 1560 2847 1920 588 1465 2088 2965
Route 131 : 768 355 2268 1345 617 1855 2845 1471 2117 983 2971 2483
Route 132 : 1315 249 553 1749 1285 2815 86 2053 2785 1586
Route 133 : 165 1143 198 1698 2643 1665 1312 1073 2812 2573
Route 134 : 399 809 1899 2309 1194 758 2258 1293 2694 480 2793 1980
Route 135 : 146 140 1640 1646 1426 816 2316 2926 1276 326 2776 1826
Route 136 : 661 941 607 2161 1469 2441 2107 1460 258 2969 2960 1758
Route 137 : 1290 1193 851 2790 619 2693 930 276 2119 2430 2351 1776
Route 138 : 67 199 1567 216 870 2370 1699 899 1716 1185 2685 2399
Route 139 : 20 272 1211 1520 1081 1772 2711 296 2581 373 1796 1873
Route 140 : 1254 1094 2594 379 2754 1341 1879 2841 903 2403
Route 141 : 1181 1217 2717 82 1582 428 368 2681 1868 1928
Route 142 : 65 1406 2906 1565 206 1706 1367 1273 2867 1251 2751 2773
Route 143 : 716 1010 2510 2216 891 221 624 2391 651 2124 1721 2151
Route 144 : 1139 1300 2639 1478 1112 2800 194 2978 2612 1694
Route 145 : 849 97 255 1755 2349 1597 742 1390 1309 2890 2242 2809
Route 146 : 100 458 1958 261 1761 1600 999 700 2499 469 1969 890 2200 2390
Route 147 : 747 2247 1141 2641 1314 347 1847 1131 2631 240 2814 1740 356 1856
Route 148 : 1021 406 1906 929 2521 712 671 2429 448 2212 2171 933 2433 1948
Route 149 : 285 1399 2899 1785 984 1058 2558 1492 2992 46 58 1546 1558 2484
Route 150 : 115 1008 740 1615 2508 277 2240 109 1339 1777 2839 1609
Route 151 : 886 600 981 2100 611 2481 2386 718 1041 2218 2541 2111
Route 152 : 5 1065 2565 1108 1505 260 2608 279 1760 1384 1779 2884
Route 153 : 507 1306 1006 2007 2806 598 958 479 2506 1979 2098 2458
Route 154 : 332 854 1832 1342 2354 1411 132 1632 2911 657 2842 2157
Route 155 : 687 130 2187 1630 1258 1333 2758 1046 2833 1435 2546 2935
Route 156 : 714 421 366 1921 1866 1413 137 2214 231 1637 2913 1731
Route 157 : 627 2127 807 1038 393 2307 2538 877 1893 519 2019 2377
Route 158 : 220 1412 2912 1491 1720 2991 26 1526
Route 159 : 90 1088 1590 2588 811 1248 960 2460 2748 2311 783 753 2283 2253
Route 160 : 649 2149 703 1003 2503 212 2203 578 593 2093 2078 1712
Route 161 : 1075 2575 955 562 91 2062 800 1591 868 2300 2368 2455
Route 162 : 934 29 1278 2778 2434 155 1529 1655 513 2013
Route 163 : 509 1486 2986 2009 1321 297 1797 2821 335 1244 2744 1835
Route 164 : 665 1171 2165 1271 2771 437 722 1937 2222 2671 1439 2939
Route 165 : 1328 2828 1487 280 2987 1780 158 1080 2580 1658
Route 166 : 204 1044 790 2544 1202 2290 1704 1203 2702 2703
Route 167 : 781 1063 18 1518 2281 375 1304 2563 1875 1053 2804 2553
Route 168 : 1099 1134 69 2599 2634 317 1569 1400 1817 235 2900 1735
Route 169 : 288 1788 40 518 1540 1237 2018 996 1311 2496 2737 2811
Route 170 : 359 1316 1859 2816 1489 2989 979 394 1894 1240 2479 2740
Route 171 : 1421 739 1216 2921 2239 1402 2716 520 590 2902 2020 2090
Route 172 : 684 1303 2184 950 2803 291 2450 1791 537 2037
Route 173 : 555 453 2055 157 1657 306 1953 342 1842 1806
Route 174 : 830 1299 2330 71 2799 777 266 2277 1571 464 1246 1766 1964 2746
Route 175 : 80 459 1580 1959 2 887 163 2387 1502 1261 2761 1663
Route 176 : 748 451 51 1951 1551 1061 653 2248 2561 494 2153 1994
Route 177 : 549 233 2049 914 1272 1733 2772 2414 907 467 1967 2407
Route 178 : 808 19 2308 862 1519 663 2163 2362
Route 179 : 487 88 436 1987 1936 1588 432 1496 1932 2996
Route 180 : 1155 2655 1295 141 852 2795 1641 763 2352 395 2263 1895
Route 181 : 1215 1332 708 2832 2208 321 2715 1373 1821 834 2873 2334
Route 182 : 486 789 2289 952 2452 1401 2901 1986 168 1355 1668 2855
Route 183 : 1363 457 2863 290 1957 59 1790 1079 1559 248 2579 1748
Route 184 : 1098 2598 616 548 2116 156 1104 1119 2048 670 1656 2604 2170 2619
Route 185 : 799 2299 715 472 2215 1972 1221 973 2721 1055 2473 2555
Route 186 : 1497 1470 2997 540 774 2274 2970 2040 370 898 2398 1870
Route 187 : 1023 773 2273 1047 2547 2523 200 388 1700 878 1888 2378
Route 188 : 1263 2763 514 1210 2014 596 2710 805 2096 389 49 1549 1889 2305
Route 189 : 475 338 1975 841 1838 54 2341 508 1338 1554 2838 2008
Route 190 : 909 256 1376 2409 1756 985 2876 1472 2972 824 2485 2324
Route 191 : 956 1196 2696 1189 2456 827 2689 1450 2950 2327 1455 730 2230 2955
Route 192 : 724 710 42 2224 680 2210 1542 694 897 2180 2397 2194
Route 193 : 349 1084 452 1849 1952 2584 330 1236 591 2736 2091 1830
Route 194 : 503 1070 2570 2003 757 493 1993 2257 1393 565 2065 2893
Route 195 : 1225 1379 2879 427 2725 1114 2614 835 1927 372 1872 2335
Route 196 : 638 505 118 2005 79 371 2138 1871 1618 284 75 1579 1784 1575
Route 197 : 1085 175 935 2585 1675 1017 2435 2517
Route 198 : 465 759 1965 1048 2259 2548 1082 492 2582 35 1992 1535
Route 199 : 847 723 2347 1274 2223 43 1543 1101 2774 36 2601 1536
Route 200 : 116 257 1757 182 1238 1682 964 2738 1616 1350 975 2464 2850 2475
Route 201 : 173 1673 817 1433 1233 2733 2933 2317 901 754 2401 2254
Route 202 : 24 1391 1524 2891 1190 762 1346 2690 2846 622 2262 2122
Route 203 : 438 1168 2668 1938 170 876 1670 161 2376 1661
Route 204 : 214 580 1714 450 2080 415 1915 1950 924 911 463 2424 2411 1963
Route 205 : 1219 234 2719 1438 1734 2938 1209 2709 633 478 1978 2133
Route 206 : 1336 1033 2533 728 2836 449 2228 455 1949 1109 1955 2609
Route 207 : 334 1180 1834 1018 2680 316 1375 1816 2875 304 1804 2518
Route 208 : 673 969 2469 959 2173 1310 2459 563 794 2810 2063 2294
Route 209 : 83 10 1583 1152 2652 937 1207 2437 1510 853 2707 2353
Route 210 : 1140 558 1268 2640 2058 2768 416 179 1916 1679 1364 2864
Route 211 : 795 209 2295 1709 647 946 2147 655 238 2155 1738 2446
Route 212 : 1122 1 1501 990 2622 533 2033 709 2490 319 1819 2209
Route 213 : 1301 329 2801 1076 1829 2576 1090 528 2028 101 2590 732 2232 1601
Route 214 : 1218 430 1930 940 2440 2718 70 727 1570 2227
Route 215 : 915 2415 1020 89 1036 2520 2536 1589 634 613 2134 2113
Route 216 : 244 377 1744 1432 1877 625 2932 445 2125 1027 2527 1945
Route 217 : 426 1926 906 1456 1449 2406 833 2949 2333 787 2287 2956
Route 218 : 224 1724 1198 2698 767 2267 942 594 1252 2094 2752 2442
Route 219 : 425 1925 121 1621 417 312 112 1917 1812 656 920 1612 2156 2420
Route 220 : 144 87 1587 912 1644 1177 2677 2412 856 2356 1451 2951
Route 221 : 160 963 1660 251 866 2463 2366 1751 836 203 1144 1703 2336 2644
Route 222 : 189 961 1204 1689 2461 1028 2704 192 1467 1692 2528 2967
Route 223 : 166 4 201 1504 521 1701 1666 785 2021 1035 2285 2535
Route 224 : 120 41 333 1620 1541 629 55 1833 2129 573 965 1555 2073 2465
Route 225 : 1423 780 2923 2280 1366 992 2866 1343 2492 560 2843 1130 2060 2630
Route 226 : 499 135 1999 387 1635 184 1887 615 2115 126 1684 1626
Route 227 : 1405 511 150 2905 2011 1650 1022 1370 2522 2870
Route 228 : 292 840 1792 991 2340 269 2491 702 529 1769 2202 2029
Route 229 : 367 1242 1255 2755 2742 1867 162 93 1662 1348 1593 2848
Route 230 : 1172 1361 2861 2672 386 39 1539 1886 645 2145
Route 231 : 667 309 1372 1809 2167 2872 802 2302
Route 232 : 21 1329 1481 2981 976 2829 1521 2476
Route 233 : 433 17 1933 564 1517 2064 320 1086 2586 1820
Route 234 : 813 456 1490 2990 2313 1956 628 822 2322 2128
Route 235 : 268 1462 1768 2962 1148 2648 690 411 1911 704 2190 2204
Route 236 : 751 34 888 1534 2251 2388 602 1485 2985 2102
Route 237 : 1032 837 2337 791 401 1901 792 2291 274 1774 2292 1354 2854 2532
Route 238 : 186 943 1448 2948 2443 1253 1686 2753
Route 239 : 664 105 1083 1605 2583 2164 803 1330 305 1805 2303 2830
Route 240 : 772 1103 744 2603 2244 2272 1319 293 360 1860 2819 1793
Route 241 : 361 782 2282 1861 917 1349 895 110 2395 2849 1610 2417
Route 242 : 536 278 2036 850 1778 2350 1410 1385 863 2910 2363 2885
Route 243 : 196 1157 1288 1696 2657 418 1918 2788 1147 403 1903 2647
Route 244 : 770 755 2270 2255 1040 1415 1419 2540 2915 3 1503 2919
Route 245 : 136 1012 1009 1636 927 2512 2427 1092 2592 2509
Route 246 : 1120 2620 1106 1429 2929 938 2606 2438 552 1235 2735 2052
Route 247 : 1404 829 25 2904 1525 1064 2329 275 1775 2564
Route 248 : 1117 986 2486 2617 252 239 1752 402 779 1739 2279 1902
Route 249 : 1014 265 2514 497 1997 133 378 1878 788 1765 2288 1633
Route 250 : 391 524 2024 1891 737 143 1643 766 2237 2266
Route 251 : 1499 1002 2502 2999 604 731 53 2104 719 1553 2219 2231
Route 252 : 483 1394 495 1427 1983 2894 504 1388 1995 2888 2004 2927
Route 253 : 1403 167 576 2903 2076 1667 77 350 1457 2957 1577 1850
Route 254 : 566 1440 2066 2940 381 1881 644 980 2144 2480
Route 255 : 1482 11 510 1045 2982 2010 2545 947 610 1511 2447 2110