Instance name : bar-n200-3
Authors       : Dmitriy Demin, Mikhail Diakov (msd@veeroute.com), Ivan Ilin, Nikita Ivanov, Viacheslav Sokolov (vs@veeroute.com) et al. VRt Global (https://veeroute.com/)
Date          : yyyy-mm-dd
Reference     : veeroute.com
Solution
Route 1 : 25 81 21 125 181 17 65 121 165 117 30 6 35 135 130 87 94 54 194 154 187 24 106 52 124 152 97 197
Route 2 : 12 112 9 61 109 55 161 155 45 63 145 36 163 37 137 136 53 85 42 142 153 185 58 158 48 148
Route 3 : 62 51 162 151 14 91 18 114 90 191 72 172 190 96 76 176 118 43 196 143 29 129
Route 4 : 15 77 69 115 169 177 27 74 127 41 141 174 38 95 138 98 70 195 198 46 170 146
Route 5 : 86 68 10 186 110 168 4 7 92 104 47 107 192 147 50 32 57 157 150 83 99 199 183 89 189 132
Route 6 : 5 93 100 105 33 193 133 8 108 200 44 82 182 144 67 2 102 167 13 23 123 113 1 28 101 31 131 128
Route 7 : 11 84 66 184 56 156 166 39 139 40 140 111 78 49 20 149 178 79 120 71 171 179 73 22 122 173
Route 8 : 19 59 119 64 159 164 3 34 103 134 16 116 26 80 126 60 180 160 75 88 175 188