Instance name : bar-n5000-4
Authors       : Dmitriy Demin, Mikhail Diakov (msd@veeroute.com), Ivan Ilin, Nikita Ivanov, Viacheslav Sokolov (vs@veeroute.com) et al. VRt Global (https://veeroute.com/)
Date          : 2023-04-18
Reference     : veeroute.com
Solution
Route 1 : 1229 503 3729 3003 785 354 3285 2854
Route 2 : 2249 130 2630 331 4749 214 869 2714 2831 3369
Route 3 : 2313 2350 1180 4813 4850 3680 1164 3664
Route 4 : 961 1766 4266 1717 3461 1981 4217 4481 294 2794
Route 5 : 110 1367 2610 3867 2140 1305 3805 4640 1628 4128
Route 6 : 533 3033 2212 131 4712 2163 4663 2631 68 2568
Route 7 : 2437 1020 3520 4937 1017 1621 4121 3517
Route 8 : 1238 3738 1729 4229 924 1696 3424 4196
Route 9 : 2439 4939 1562 1525 4062 1427 4025 3927
Route 10 : 1067 2418 3567 781 3281 897 4918 104 2604 3397
Route 11 : 258 2758 1705 1071 1129 4205 2075 3629 3571 4575
Route 12 : 1312 103 3812 1189 2603 3689 1501 4001
Route 13 : 572 2286 1137 3637 4786 360 3072 1213 2860 3713
Route 14 : 462 2469 2962 1162 190 4969 3662 2690 140 2640
Route 15 : 685 2419 3185 2132 1052 4632 3552 4919
Route 16 : 867 1046 3367 3546 678 934 3178 3434
Route 17 : 1942 4442 2442 4942 423 589 2923 3089
Route 18 : 892 2497 4997 1087 1342 3392 3587 3842
Route 19 : 1401 1203 2134 3901 3703 394 320 4634 2894 2820
Route 20 : 1818 97 4318 94 2594 2597 1775 4275
Route 21 : 151 2651 1785 1825 4285 832 4325 3332
Route 22 : 2310 4 1951 4810 2420 4451 2504 4920 939 3439
Route 23 : 927 3427 1933 4433 835 2411 4911 3335
Route 24 : 316 2422 2816 4922 1097 2464 124 4964 3597 2624
Route 25 : 542 3042 1582 2384 1545 4082 4884 4045
Route 26 : 831 2136 1381 3331 1354 4636 3854 386 2886 3881
Route 27 : 1919 1893 2180 428 2928 4680 4393 4419
Route 28 : 1438 409 659 2909 3159 3938 1499 535 3035 3999
Route 29 : 1168 2234 3668 2312 4734 1793 4293 4812
Route 30 : 2182 55 2114 2555 4614 75 4682 791 2575 3291
Route 31 : 1458 2131 3958 1795 4631 766 4295 946 3266 3446
Route 32 : 1397 3897 165 133 2665 1038 3538 2633
Route 33 : 693 1625 3193 4125 592 330 3092 2830
Route 34 : 1807 2126 4307 1652 4626 2062 4152 4562
Route 35 : 1498 1838 1821 3998 1875 4338 4375 656 3156 4321
Route 36 : 1862 1901 4362 4401 99 2142 2599 4642
Route 37 : 433 1983 2933 1776 1782 4483 4276 4282
Route 38 : 1081 620 3581 708 3120 1719 1811 4219 3208 4311
Route 39 : 819 1463 3963 56 3319 2556 463 1158 2963 3658
Route 40 : 1550 4050 116 706 2616 1930 3206 2187 4430 4687
Route 41 : 2193 4693 715 3215 306 148 962 2648 3462 2806
Route 42 : 2223 4723 2470 4970 1748 484 4248 1153 2984 3653
Route 43 : 39 1896 2400 2539 4396 655 4900 3155 1013 3513
Route 44 : 500 54 2554 3000 891 3391 115 628 2615 3128
Route 45 : 1943 2427 1947 4443 4927 1713 4447 4213 2370 4870
Route 46 : 2119 4619 2291 475 4791 2975 759 3259
Route 47 : 2460 393 4960 2893 1722 750 3250 4222 1416 3916
Route 48 : 2050 29 2338 4550 2529 4838
Route 49 : 1422 1289 1287 3922 3787 720 3789 3220
Route 50 : 2308 1961 4461 665 4808 3165
Route 51 : 1266 1073 3573 3766 1165 238 3665 2738
Route 52 : 71 1059 2571 3559 703 1759 4259 3203
Route 53 : 434 1894 2934 947 3447 4394
Route 54 : 410 1828 4328 2910 196 1100 2696 3600
Route 55 : 563 2137 3063 1227 4637 2428 3727 4928
Route 56 : 15 954 3454 2515 495 1640 593 3093 2995 4140
Route 57 : 1285 259 3785 2759 2141 1404 4641 3904
Route 58 : 2167 1010 468 3510 4667 2968 1489 3989
Route 59 : 1327 3827 220 93 2354 2720 816 2593 3316 4854
Route 60 : 2216 4716 1102 1041 3541 3602 900 3400
Route 61 : 1395 286 2786 3895 1481 1065 3981 3565 1992 4492
Route 62 : 1127 3627 1714 198 95 4214 2595 2698
Route 63 : 2021 4521 695 646 3195 2206 3146 4706
Route 64 : 768 1510 3268 1383 224 3883 1320 4010 3820 2724
Route 65 : 1549 2486 848 4049 733 3233 3348 4986
Route 66 : 1898 1295 3795 1622 4398 336 4122 2836
Route 67 : 203 1876 2703 4376 638 2047 2281 3138 4547 4781
Route 68 : 499 2426 2999 4926 1932 276 754 2776 4432 3254
Route 69 : 426 1451 3951 907 2926 3407 1477 1591 4091 3977
Route 70 : 2372 4872 1221 3721 244 1142 2744 3642
Route 71 : 931 2171 4671 3431 619 1112 3119 3612
Route 72 : 2194 1293 3793 4694 2083 725 4583 3225
Route 73 : 1421 230 2730 458 1409 3921 3909 2958
Route 74 : 1619 4119 438 1051 201 2938 3551 657 2701 3157
Route 75 : 1752 4252 1482 668 3168 3982 2487 4987 293 2793
Route 76 : 1468 3968 451 2951 704 677 3204 3177 491 2991
Route 77 : 2341 4841 350 2850 669 3169 202 1724 2702 4224
Route 78 : 973 211 3473 2711 363 555 2863 3055 2321 4821
Route 79 : 1475 161 3975 1891 740 4391 3240 2366 4866 2661
Route 80 : 793 1080 3293 3580 1833 2042 4542 4333
Route 81 : 449 2949 126 718 2626 3218 716 3216
Route 82 : 935 21 3435 2521 1945 408 4445 2908 630 3130
Route 83 : 1969 964 3464 4469 2382 748 4882 3248
Route 84 : 1494 1683 1958 4458 3994 4183 213 2713
Route 85 : 765 1980 937 3437 3265 4480 952 231 3452 2731
Route 86 : 323 472 2823 2476 2972 4976 941 3441
Route 87 : 760 1478 3260 2159 4659 3978 248 662 2748 3162
Route 88 : 2160 35 4660 2535 1390 406 3890 2906
Route 89 : 1679 1414 4179 2293 3914 1994 4793 4494
Route 90 : 2500 877 5000 584 3377 1987 3084 4487
Route 91 : 629 3129 2491 579 4991 1631 3079 4131
Route 92 : 857 3357 1133 1004 3504 3633 527 2438 4938 3027
Route 93 : 1872 4372 2270 1863 288 4770 2788 4363
Route 94 : 1356 1939 3856 4439 90 880 3380 2590
Route 95 : 375 145 2875 2645 1054 2079 4579 3554 1881 4381
Route 96 : 1915 2292 4415 4792 2247 4747 2250 2462 4750 4962
Route 97 : 1506 4006 1178 1467 1335 3835 3678 3967 31 2531
Route 98 : 2072 4572 1996 1402 3902 4496 138 2638 1750 4250
Route 99 : 945 507 3445 3007 1957 1796 4296 4457
Route 100 : 1386 979 3886 676 3479 3176 464 2309 4809 2964
Route 101 : 843 3343 2053 25 4553 525 2525 3025 1910 4410
Route 102 : 370 431 938 2870 2388 3438 2931 4888
Route 103 : 467 2967 1678 2010 4178 4510 105 256 2756 2605
Route 104 : 1233 1636 3733 1278 640 4136 3140 3778
Route 105 : 2202 658 2403 3158 1946 2378 4878 4702 4446 4903
Route 106 : 642 2222 3142 2219 1349 4719 40 4722 3849 2540
Route 107 : 255 2755 1986 1671 4171 1125 4486 3625
Route 108 : 1139 1873 1028 4373 3528 1909 4409 2049 4549 3639
Route 109 : 2381 4881 788 1455 932 3288 3955 3432
Route 110 : 2051 1507 4007 4551 531 1663 3031 4163
Route 111 : 1914 79 2579 4414 1861 261 1101 4361 3601 2761
Route 112 : 318 2818 2266 1890 4390 4766 456 2956
Route 113 : 114 1326 2614 3826 1108 197 3608 2697
Route 114 : 958 396 164 3458 2896 2664 163 1459 3959 2663
Route 115 : 1832 1145 1836 4336 4332 1632 4132 3645
Route 116 : 1564 2040 4064 1929 4429 4540 2111 847 4611 3347
Route 117 : 1325 1554 34 3825 4054 1797 2534 435 2935 4297
Route 118 : 2061 407 2907 4561 587 591 3091 3087
Route 119 : 513 3013 729 1195 3695 3229 1502 4002
Route 120 : 610 896 3110 322 3396 2822 2003 4503
Route 121 : 1747 1487 4247 809 3987 1268 3309 1792 3768 4292
Route 122 : 1940 1152 470 3652 2970 2299 4440 4799 764 3264
Route 123 : 594 807 3094 3307 2294 1783 4283 4794
Route 124 : 598 751 3251 3098 1166 992 3666 3492 618 3118
Route 125 : 2101 2424 4601 1877 4924 2383 4883 4377 304 2804
Route 126 : 2272 1277 3777 4772 2091 30 4591 1991 2530 4491
Route 127 : 604 205 3104 2705 911 22 2522 3411 1033 3533
Route 128 : 2475 1858 1902 4358 4975 4402 1049 3549
Route 129 : 1446 2094 3946 4594 2362 2065 4565 4862
Route 130 : 1949 172 4449 2672 1431 345 2845 3931
Route 131 : 96 1952 2596 609 4452 3109 76 2576
Route 132 : 1786 4286 914 147 3414 2647 2228 4728
Route 133 : 1815 613 4315 1616 263 4116 2763 1393 3113 3893
Route 134 : 986 465 1654 3486 4154 2125 1540 4625 4040 2965
Route 135 : 158 2658 753 3253 1151 272 3651 2772
Route 136 : 626 73 2573 43 3126 421 2921 2543
Route 137 : 960 612 3112 1985 3460 1612 4112 4485 1926 4426
Route 138 : 1629 1271 4129 2371 3771 4871 2036 890 4536 3390
Route 139 : 239 2739 157 1486 2657 742 3986 801 3242 3301
Route 140 : 1128 250 2256 3628 2750 508 4756 1816 3008 4316
Route 141 : 53 2553 845 2336 3345 2192 4836 1099 3599 4692
Route 142 : 804 1925 4425 808 3304 1448 3308 3948
Route 143 : 349 1777 2849 2100 4600 4277 1032 1865 4365 3532
Route 144 : 1216 3716 993 1480 3980 1273 3493 3773
Route 145 : 1700 429 1296 2929 4200 2009 3796 6 4509 2506
Route 146 : 1526 398 1148 2898 3648 4026 865 3365
Route 147 : 379 1598 2879 4098 2466 684 3184 4966
Route 148 : 1239 1021 3739 117 3521 2617 2155 4655
Route 149 : 2019 4519 1186 1603 3686 2435 4935 1904 4103 4404
Route 150 : 455 2955 1805 2108 4608 4305 621 833 3121 3333
Route 151 : 1282 2128 4628 192 3782 2044 2692 1210 4544 3710
Route 152 : 1163 3663 1047 2340 3547 974 2284 4840 4784 3474
Route 153 : 424 2924 886 1740 4240 3386 232 1453 2732 3953
Route 154 : 497 2997 1400 1559 3900 1547 4059 4047
Route 155 : 2278 4778 1542 4042
Route 156 : 1044 2267 1923 3544 1977 4767 4423 4477
Route 157 : 1610 4110 2494 136 4994 1620 2636 4120 486 2986
Route 158 : 118 510 2317 2618 3010 4817 1218 3718
Route 159 : 2358 4858 257 2757 2410 4910 2413 4913 1989 4489
Route 160 : 219 1804 4304 514 2719 3014 1878 1839 4378 4339
Route 161 : 2133 4633 1734 41 4234 1022 3522 2541
Route 162 : 2105 121 4605 2621 955 3455 122 1834 4334 2622
Route 163 : 2493 2279 4993 4779 1505 2107 4005 4607
Route 164 : 786 1175 3675 3286 1396 532 3032 3896
Route 165 : 251 2330 2751 1002 80 3502 4830 2580
Route 166 : 560 2069 3060 4569 1172 648 3672 2311 4811 3148
Route 167 : 2448 512 4948 2285 3012 582 4785 1398 3082 3898
Route 168 : 1405 1697 3905 2191 4691 736 4197 3236 2489 4989
Route 169 : 1183 537 3683 1042 3037 3542 1415 3915
Route 170 : 235 566 2735 1228 1323 3728 3823 518 3018 3066
Route 171 : 1086 1353 1419 3853 2240 4740 3919 1535 4035 3586
Route 172 : 344 1439 2844 1245 744 3939 3244 3745
Route 173 : 2220 4720 1322 904 3404 3822 2184 1358 4684 3858
Route 174 : 829 1334 3329 2346 3834 1260 4846 3760
Route 175 : 726 3226
Route 176 : 1248 1655 3748 233 1184 4155 2733 3684
Route 177 : 171 2671 2174 1200 1908 3700 4674 4408 2482 4982
Route 178 : 144 14 107 2644 65 2514 2565 2607
Route 179 : 1058 599 3558 3099 1085 1968 4468 3585
Route 180 : 557 2221 1206 3057 432 3706 2932 4721
Route 181 : 1959 2215 4459 1967 4715 2332 4467 4832
Route 182 : 2229 1596 4729 1425 4096 3925 1763 4263
Route 183 : 2085 4585 561 420 2920 1445 3061 3945 1732 4232
Route 184 : 1160 252 3660 2752 1284 1173 3673 3784 943 3443
Route 185 : 234 2496 2734 1779 963 4996 3463 4279
Route 186 : 207 893 3393 2707 747 772 3247 3272 264 2764
Route 187 : 26 2526 478 361 2227 2978 4727 2861 980 3480
Route 188 : 218 483 2983 1647 2718 4147 1454 81 3954 2581
Route 189 : 109 2609 616 3116 888 1062 3562 3388
Route 190 : 132 1246 3746 289 2632 2789 916 3416 1643 4143
Route 191 : 1428 505 3005 3928 2059 4559 52 1576 4076 2552
Route 192 : 1595 400 1794 2900 1975 4294 4095 1937 4475 4437
Route 193 : 2262 4762 277 2298 4798 2777 1030 3530
Route 194 : 1848 4348 2273 570 4773 89 3070 2589
Route 195 : 1753 1124 4253 3624 129 1500 2629 1588 4000 4088
Route 196 : 2455 699 4955 3199 1503 691 4003 577 3077 3191
Route 197 : 2179 4679 1384 3884 391 1190 2891 3690
Route 198 : 474 1444 2974 1781 3944 653 4281 3153 840 3340
Route 199 : 1464 1868 4368 3964 143 2643 1193 3693 23 2523
Route 200 : 780 1034 3534 3280 875 1490 3990 3375
Route 201 : 1741 1976 4241 4476 1121 1226 3621 2319 3726 4819
Route 202 : 1673 1999 4173 1921 4499 4421 16 2516 1657 4157
Route 203 : 1630 4130 541 1009 3041 1222 1760 3509 3722 4260
Route 204 : 2238 1174 436 4738 3674 2936 822 3322
Route 205 : 311 2811 1061 1935 4435 3561 1842 223 4342 2723
Route 206 : 1035 3535 1025 1144 2365 3525 3644 4865 341 2841
Route 207 : 540 849 3040 1199 3349 1202 3702 3699 506 3006
Route 208 : 1208 3708 796 645 2181 3296 3145 4681
Route 209 : 177 493 2993 2677 2337 2242 4837 1903 4742 4403
Route 210 : 1011 2255 1029 4755 3511 936 3529 3436
Route 211 : 275 918 1106 2775 3606 3418
Route 212 : 2028 767 3267 864 4528 705 3364 3205 1429 3929
Route 213 : 1098 3598 1471 1066 1568 3971 4068 3566
Route 214 : 727 1830 3227 1345 3845 1330 811 3311 3830 4330
Route 215 : 221 1365 1069 2721 3865 3569 661 1169 3669 3161
Route 216 : 696 762 3262 698 3196 673 1089 3173 3198 3589
Route 217 : 24 2524 2081 2445 1027 4581 3527 4945
Route 218 : 597 494 2190 2162 4662 4690 2994 3097
Route 219 : 2305 2417 4805 2390 4917 1624 4890 967 3467 4124
Route 220 : 1516 2345 4845 4016 1812 2275 4312 903 4775 3403
Route 221 : 1733 1548 4233 647 3147 1954 4048 4454
Route 222 : 1115 2402 1560 4902 2043 4060 3615 4543
Route 223 : 1906 47 4406 841 2547 3341 2217 4717
Route 224 : 1666 1095 2265 3595 913 4166 4765 3413
Route 225 : 614 2463 2360 3114 1546 4963 4860 4046 607 3107
Route 226 : 2188 113 2613 4688 1944 4444 1520 1243 3743 4020
Route 227 : 2064 141 4564 1899 4399 1725 2641 4225
Route 228 : 2011 4511 1136 3636 1333 3833 1037 2 3537 2502
Route 229 : 1712 4212 1593 686 3186 1084 4093 1718 3584 4218
Route 230 : 1798 2000 4500 4298 2211 57 4711 1008 2557 3508
Route 231 : 707 3207 2055 91 2591 1147 4555 1597 4097 3647
Route 232 : 855 2232 4732 1885 3355 4385
Route 233 : 511 1587 1362 4087 3011 530 2375 3030 4875 3862
Route 234 : 2485 4985 1703 4203 1918 4418 298 504 3004 2798
Route 235 : 417 735 2917 1552 3235 585 4052 3085
Route 236 : 2431 4931 1036 1382 569 3882 3536 3069
Route 237 : 1533 4033 1023 153 1302 3523 2653 3802 1509 4009
Route 238 : 1074 3574 821 2231 334 2834 3321 4731 1829 4329
Route 239 : 526 303 2477 3026 4977 1662 2803 4162
Route 240 : 1645 548 4145 3048 150 498 2998 1784 2650 4284
Route 241 : 1217 1447 3717 3947 712 3212 152 2652 663 3163
Route 242 : 369 1450 2869 3950 721 995 3221 3495
Route 243 : 2189 1530 2165 4030 884 1866 3384 4665 4366 4689
Route 244 : 1519 2031 1956 4531 4019 2302 4456 4802
Route 245 : 1771 1109 4271 2197 3609 419 4697 971 2919 3471
Route 246 : 69 226 1311 2569 2726 3811 632 1328 3828 3132
Route 247 : 2129 4629 1113 3613 1156 1966 70 3656 4466 2570
Route 248 : 679 3179 482 2467 2982 812 4967 3312
Route 249 : 1710 2201 4210 2074 4701 353 4574 10 2510 2853
Route 250 : 1258 3758 413 2913 378 469 2969 2878
Route 251 : 1469 1306 545 3045 3806 556 3969 1435 3935 3056
Route 252 : 2405 1970 4905 1347 3847 4470 844 1374 3344 3874
Route 253 : 2481 382 4981 2057 4557 1292 2882 2348 3792 4848
Route 254 : 1561 237 4061 2737 296 1220 3720 2796
Route 255 : 997 3497 2379 4879 1536 1590 4036 4090
Route 256 : 966 2377 3466 4877 1928 787 4428 3287
Route 257 : 186 800 2686 928 3300 2449 3428 4949 60 2560
Route 258 : 1090 402 3590 1465 2902 176 3965 2676
Route 259 : 2364 2012 4864 1488 915 4512 3415 3988 1707 4207
Route 260 : 1513 2199 4699 1566 4013 270 4066 1614 4114 2770
Route 261 : 930 1531 3430 4031 119 990 2619 3490
Route 262 : 217 866 3366 575 2032 2717 3075 4532
Route 263 : 1570 827 4070 3327 2268 1050 1871 3550 4371 4768
Route 264 : 898 3398 2023 437 2937 850 4523 3350
Route 265 : 2301 1437 4801 3937 377 2146 2877 4646
Route 266 : 731 1003 3503 3231 169 1650 2669 2226 4150 4726
Route 267 : 1242 879 3742 1879 1484 4379 3984 3379
Route 268 : 367 1950 889 4450 2867 3389 1864 1274 3774 4364
Route 269 : 1063 3563 1264 1026 976 3764 3526 3476
Route 270 : 1817 789 4317 222 3289 2722 1040 3540
Route 271 : 17 2329 2517 2472 4829 1479 4972 2453 3979 4953
Route 272 : 605 1607 3105 732 4107 1103 3603 562 3232 3062
Route 273 : 216 2204 2716 4704 2169 1255 4669 3755
Route 274 : 851 2322 4822 411 2359 3351 2911 590 4859 3090
Route 275 : 965 1440 3465 3940 466 558 2048 3058 2966 4548
Route 276 : 1691 191 2691 1329 4191 3829 623 1646 3123 4146
Route 277 : 2122 4622 180 154 2654 2680 2124 1973 4624 4473
Route 278 : 1249 583 2073 3749 4573 3083
Route 279 : 1670 4170 2344 2300 4844 1900 4800 4400
Route 280 : 1182 783 3682 3283 950 1623 1692 3450 4123 4192
Route 281 : 2209 2471 4709 830 4971 1016 3330 3516 2205 4705
Route 282 : 872 1855 3372 4355 1844 1408 4344 3908 2331 4831
Route 283 : 321 2821 2135 1617 4635 1888 123 4117 2623 4388
Route 284 : 987 2046 4546 546 3487 3046 1432 416 3932 2916
Route 285 : 1426 1492 3926 2054 4554 3992
Route 286 : 2063 4563 1420 3920 2399 212 2712 4899
Route 287 : 2158 1706 2241 4206 4658 4741 1031 2230 3531 4730
Route 288 : 713 717 3213 271 2342 3217 2771 2173 4842 4673
Route 289 : 85 1196 3696 1638 4138 2002 4502 2585
Route 290 : 985 1841 1485 3485 4341 3985 2316 1674 4816 4174
Route 291 : 83 1261 3761 1727 2583 4227
Route 292 : 2037 1308 1676 4537 4176 2274 2034 4774 4534 3808
Route 293 : 269 818 2769 3318 274 1096 2087 2774 3596 4587
Route 294 : 1887 371 4387 1730 2871 444 357 4230 2944 2857
Route 295 : 175 184 2675 1303 2684 3803 1120 3620
Route 296 : 1803 933 4303 2269 651 3433 1964 4769 4464 3151
Route 297 : 1585 4085 20 1337 2520 366 3837 2866
Route 298 : 1159 480 3659 253 2980 2753 1209 315 2815 3709
Route 299 : 1201 287 3701 1557 2787 4057 895 3395
Route 300 : 538 1605 3038 970 4105 1695 3470 4195 439 2939
Route 301 : 2103 4603 302 1361 2802 1594 3861 1889 4094 4389
Route 302 : 2153 2183 4683 168 4653 46 2668 2546 362 2862
Route 303 : 571 567 3071 3067 443 2025 2943 4525
Route 304 : 1357 1001 1110 3857 3501 3610 2369 4869 1850 4350
Route 305 : 2425 2326 4925 4826 899 3399 88 2588
Route 306 : 62 1338 2562 988 3838 364 3488 2864
Route 307 : 709 49 1276 1207 3209 3707 743 3776 3243 2549
Route 308 : 828 3328 1187 3687 1802 2070 4570 4302
Route 309 : 795 2233 3295 615 3115 4733 446 853 2946 3353
Route 310 : 1544 874 3374 4044 1661 702 3202 4161 418 2918
Route 311 : 167 2667 2297 4797 2387 1599 4887 1060 4099 3560
Route 312 : 1843 2353 4853 4343 777 1827 4327 3277
Route 313 : 1288 2218 2374 3788 4718 4874 1286 1309 3786 3809
Route 314 : 74 1359 2574 1135 3859 2307 2254 3635 4807 4754
Route 315 : 2035 4535 1997 4497 1886 1917 4386 4417
Route 316 : 689 1558 4058 3189 683 1307 3183 2434 3807 4934
Route 317 : 2376 2045 4545 299 2799 1294 3794 4876
Route 318 : 1604 856 3356 2152 4104 1541 4041 1806 4652 4306
Route 319 : 1053 1754 3553 1474 3974 1687 492 4187 2992 4254
Route 320 : 457 671 3171 1649 2957 4149 1774 4274
Route 321 : 1515 1988 4015 1045 4488 1764 3545 1197 4264 3697
Route 322 : 1424 667 3167 3924 61 2288 2561 1403 4788 3903
Route 323 : 1751 2251 4251 384 4751 1698 4198 2884 33 2533
Route 324 : 1343 3843 1340 2289 4789 3840 1088 3588
Route 325 : 1015 3515 870 2404 4904 682 3182 3370
Route 326 : 1461 3961 1800 479 4300 333 2833 2979
Route 327 : 284 1556 4056 387 2784 581 2887 690 3081 3190
Route 328 : 622 838 3122 778 3338 3278 650 1911 3150 4411
Route 329 : 739 771 3271 445 3239 2443 2945 4943
Route 330 : 688 1155 3655 544 3188 2339 395 3044 4839 2895
Route 331 : 1953 2104 4453 1263 4604 3763 1176 3676
Route 332 : 155 2655 1280 1223 3780 3723 1589 4089
Route 333 : 2394 4894 343 2843 823 1281 3323 1473 3781 3973
Route 334 : 775 1006 325 2283 2825 3506 1265 4783 3765 3275
Route 335 : 882 3382 2248 4748 1076 1411 3576 3911
Route 336 : 1539 2095 4039 692 4595 948 3192 3448
Route 337 : 2013 666 4513 290 3166 2252 2790 4752 1134 3634
Route 338 : 1689 1235 3735 4189 1179 193 3679 2451 2693 4951
Route 339 : 1452 3952 2147 1627 4647 586 4127 3086
Route 340 : 282 1934 2782 4434 1018 3518 834 1927 3334 4427
Route 341 : 1602 4102 957 552 3457 1972 3052 4472
Route 342 : 734 45 2545 746 3234 3246 1304 3804
Route 343 : 550 2098 332 3050 4598 2397 2832 4897
Route 344 : 2452 4952 374 405 2874 2290 2905 4790
Route 345 : 1853 1746 4353 4246 242 978 3478 2742
Route 346 : 2176 4676 1584 1897 156 4084 4397 2656
Route 347 : 559 2398 3059 392 4898 2892 383 461 2961 2883
Route 348 : 2495 1214 3714 4995 2078 1851 4578 4351
Route 349 : 881 1819 3381 4319 2320 1523 4820 4023
Route 350 : 2172 4672 1847 4347 1262 3762 1441 3941 430 2930
Route 351 : 187 1995 923 4495 3423 1224 2687 3724
Route 352 : 1849 4349 908 1615 3408 4115 427 641 3141 2927
Route 353 : 227 2488 1690 2727 4190 2058 1601 4558 4101 4988
Route 354 : 910 3410 2457 1529 4957 1470 4029 3970
Route 355 : 912 1580 2352 3412 471 4080 4852 2971 442 2942
Route 356 : 1346 2090 3846 262 2762 4590 48 1138 2548 3638
Route 357 : 2385 4885 139 2639 1880 4380 1237 142 2642 3737
Route 358 : 1204 2130 2343 4630 1140 4843 3704 2099 3640 4599
Route 359 : 2456 1215 4956 3715 863 574 3074 3363 1579 4079
Route 360 : 2261 179 4761 13 1236 2679 3736 2513
Route 361 : 2244 1483 4744 1709 3983 4209 2177 2499 4677 4999
Route 362 : 2484 351 4984 2851 440 1600 4100 756 2940 3256
Route 363 : 519 3019 2168 4668 1665 4165 254 799 2754 3299
Route 364 : 229 1644 4144 2729 308 127 2808 2627
Route 365 : 989 2213 3489 4713 2333 1780 4280 4833
Route 366 : 247 672 2747 534 3172 905 1694 4194 3034 3405
Route 367 : 1301 779 194 3279 3801 2077 2694 4577
Route 368 : 601 314 1351 3101 2814 3851 1130 50 3630 2550
Route 369 : 1256 1639 803 385 4139 1123 3303 2885 3756 3623
Route 370 : 1635 1984 4135 741 4484 1387 3887 3241 710 3210
Route 371 : 1701 1324 745 4201 3824 3245
Route 372 : 2389 4889 1410 3910 523 295 3023 1014 2795 3514
Route 373 : 2349 309 4849 1609 2809 2156 4656 4109
Route 374 : 1702 969 4202 680 3180 3469 2022 1669 4522 4169
Route 375 : 2207 489 2989 2138 996 4707 2454 3496 4954 4638
Route 376 : 388 415 2915 2888 2076 225 2725 627 4576 3127
Route 377 : 1634 2096 4596 120 1331 2620 4134 3831
Route 378 : 502 3002 1982 2082 1317 4482 3817 4582 2433 4933
Route 379 : 1370 3870 1668 4168 1538 588 4038 3088
Route 380 : 837 3337 1241 279 2779 3741 1391 3891
Route 381 : 1269 1681 3769 1299 4181 2246 3799 4746
Route 382 : 447 2391 2005 2947 876 4891 4505 3376 2038 4538
Route 383 : 1728 1936 4228 4436 327 2827 1788 4288
Route 384 : 106 1092 2606 3592 1571 2304 4804 4071
Route 385 : 210 1234 1259 3734 2710 64 3759 2564
Route 386 : 1368 3868 2200 883 1567 4700 3383 4067
Route 387 : 1352 1407 3852 1083 3907 660 3583 3160
Route 388 : 968 1380 1699 3468 4199 3880 1867 4367
Route 389 : 1149 2407 3649 347 4907 1434 2847 358 2858 3934
Route 390 : 2243 4743 806 894 2139 3306 4639 452 2952 3394
Route 391 : 1854 2016 4516 4354 1198 1791 4291 3698
Route 392 : 160 2660 1664 4164 1194 1633 3694 798 3298 4133
Route 393 : 249 1708 2749 836 4208 3336 2447 1641 4141 4947
Route 394 : 2006 1449 4506 1716 3949 1279 4216 3779
Route 395 : 477 1823 1270 2977 1565 3770 543 4065 4323 3043
Route 396 : 326 1735 111 4235 2611 2052 2826 1941 4552 4441
Route 397 : 824 1757 3324 862 4257 2149 3362 1512 4649 4012
Route 398 : 1790 2225 1955 4455 4290 4725 1924 4424
Route 399 : 1116 1272 3616 3772 553 3053 404 2904
Route 400 : 1907 4407 1532 1412 4032 1039 3912 1254 3539 3754
Route 401 : 1822 1857 4322 2024 4524 4357 1688 1344 4188 3844
Route 402 : 1990 4490 2429 4929 18 549 2518 3049
Route 403 : 1355 215 2715 554 3855 337 3054 2837
Route 404 : 1920 1913 4420 711 4413 291 3211 2791
Route 405 : 1366 3866 2245 994 4745 1905 4405 3494 2325 4825
Route 406 : 2175 2263 4675 4763 1672 769 4172 3269
Route 407 : 1738 399 4238 450 2899 2950 636 3136
Route 408 : 1000 1813 4313 3500 1219 797 3719 3297
Route 409 : 719 359 2859 3219 2017 737 4517 1965 3237 4465
Route 410 : 2260 4760 328 2828 1257 1962 4462 3757 2080 4580
Route 411 : 1310 1078 1094 3810 3594 3578 2148 4648
Route 412 : 1423 643 3143 3923 1392 3892
Route 413 : 664 3164 86 1611 4111 243 2586 2743
Route 414 : 1171 1656 265 2765 4156 1586 3671 4086
Route 415 : 352 2852 87 2068 4568 2195 2587 4695
Route 416 : 441 1820 2941 36 1476 4320 3976 2536 19 2519
Route 417 : 1 2210 2501 2479 4710 2093 4979 199 2699 4593
Route 418 : 356 2856 2008 1005 4508 2084 135 2635 3505 4584
Route 419 : 338 1971 1846 4471 4346 2480 2838 4980
Route 420 : 189 714 2689 3214 2166 4666 2474 4974
Route 421 : 2253 749 1895 3249 4753 4395 1336 956 3456 3836
Route 422 : 2335 991 3491 1339 4835 3839 2303 4803
Route 423 : 1852 2444 1762 4352 4944 4262 675 3175 977 3477
Route 424 : 2259 861 3361 1755 4759 1831 4331 4255 738 3238
Route 425 : 790 3290 776 1508 3276 1341 4008 3841
Route 426 : 1177 1111 3677 3611 770 917 3270 1761 3417 4261
Route 427 : 2014 4514 901 654 3154 3401 335 183 2835 2683
Route 428 : 674 3174 921 999 3421 1527 3499 4027
Route 429 : 1517 1883 4017 1511 4383 4011
Route 430 : 188 2688 2198 44 2544 78 2578 4698
Route 431 : 2066 509 4566 414 1721 3009 2914 4221
Route 432 : 1711 2235 4211 1048 1514 3548 4014 1315 3815 4735
Route 433 : 887 1563 3387 1745 4245 4063 730 1466 3230 3966
Route 434 : 340 2120 2840 4620 2001 2315 4501 2113 4815 4613
Route 435 : 2115 2123 4623 4615 1551 839 4051 3339
Route 436 : 624 940 454 3124 3440 2954 324 2824
Route 437 : 1497 1161 3997 3661 2408 1068 4908 3568
Route 438 : 372 2872 1808 1749 2161 4249 4308 4661
Route 439 : 241 1399 1680 2741 4180 1626 1075 3575 4126 3899
Route 440 : 547 1874 4374 3047 501 1442 3001 3942
Route 441 : 805 644 3305 3144 1882 2395 611 4895 3111 4382
Route 442 : 162 2662 854 2060 3354 4560 2368 2186 4686 4868
Route 443 : 1252 2436 3752 112 4936 101 2612 2601 7 2507
Route 444 : 285 635 2785 902 2067 3135 4567 3402 982 3482
Route 445 : 2118 4618 1555 4055 1845 12 4345 2512 1185 3685
Route 446 : 755 700 3255 3200 1491 1154 3654 639 3991 3139
Route 447 : 2214 2112 652 4714 2328 3152 4612 4828 1860 4360
Route 448 : 1884 4384 722 342 1091 3591 2842 1569 3222 4069
Route 449 : 2459 98 2598 4959 1319 1960 3819 4460
Route 450 : 301 1495 2801 1744 487 3995 4244 2987
Route 451 : 2461 4961 134 2634 1824 4324 2116 885 4616 3385
Route 452 : 67 2324 724 2567 4824 3224 2071 2258 4571 4758
Route 453 : 1769 2282 4782 4269 2356 246 2746 4856
Route 454 : 2280 4780 2287 1658 4787 1504 4158 1938 4004 4438
Route 455 : 1316 1043 3816 2392 3543 4892 2363 4863 1167 3667
Route 456 : 2492 528 4992 3028 2086 4586 281 2145 2781 4645
Route 457 : 2355 633 4855 3133 568 859 3068 373 2873 3359
Route 458 : 2039 603 3103 1826 4326 4539 551 860 3051 3360
Route 459 : 1651 1077 4151 998 925 3498 3577 3425 1660 4160
Route 460 : 1024 3524 606 1191 3106 3691 868 3368
Route 461 : 1574 4074 2236 1460 4736 5 3960 2505
Route 462 : 1332 3832 2386 4886 1378 84 3878 346 2584 2846
Route 463 : 2271 2196 1012 3512 4696 1181 4771 273 3681 2773
Route 464 : 2468 4968 2296 473 4796 1993 2973 4493
Route 465 : 1685 4185 1300 2185 4685 3800 539 3039 72 2572
Route 466 : 329 1240 2829 3740 2264 784 4764 1837 3284 4337
Route 467 : 59 496 2996 2559 1107 2007 3607 4507
Route 468 : 2306 283 4806 2783 1019 983 1119 3483 3519 3619
Route 469 : 280 975 2780 1572 4072 3475 1131 1418 3918 3631
Route 470 : 2446 517 4946 305 3017 813 2041 2805 3313 4541
Route 471 : 2490 4990 580 1677 774 4177 3 2503 3274 3080
Route 472 : 266 1321 2766 3821 1157 2018 4518 3657 1578 4078
Route 473 : 1592 4092 1079 1814 4314 3579 66 178 2566 2678
Route 474 : 2178 268 4678 2768 200 2700 1809 4309 959 3459
Route 475 : 1731 1892 4231 1768 4392 596 4268 1064 3096 3564
Route 476 : 2088 1253 3753 4588 348 2848
Route 477 : 1979 1553 4479 2015 4053 401 4515 2901
Route 478 : 2327 2412 4827 701 4912 826 794 3326 3201 3294
Route 479 : 1348 1684 3848 1723 4184 1150 3650 4223
Route 480 : 2154 92 4654 602 2592 159 2659 3102
Route 481 : 2318 1773 4818 4273 1372 1739 3872 4239
Route 482 : 100 2478 2600 1406 4978 1869 4369 944 3906 3444
Route 483 : 2334 4834 181 1524 1870 2681 4370 4024
Route 484 : 380 2097 4597 1998 2880 4498 1318 1912 4412 3818
Route 485 : 137 1521 2637 42 4021 448 2542 2396 2948 4896
Route 486 : 929 481 3429 922 2981 3422 2347 4847 2483 4983
Route 487 : 564 631 521 3021 3064 3131 919 3419
Route 488 : 459 2959 236 397 245 2736 2897 2745
Route 489 : 1682 1297 3797 4182 1007 2440 1528 3507 4940 4028
Route 490 : 1756 1686 4186 4256 1225 8 2508 2450 3725 4950
Route 491 : 2409 4909 1394 3894 292 390 2792 1231 3731 2890
Route 492 : 815 981 3315 2027 842 4527 3342 3481 617 3117
Route 493 : 1290 1667 3790 339 4167 2839
Route 494 : 1493 1267 307 3767 182 3993 2682 1105 2807 3605
Route 495 : 2157 2473 4657 4973 1742 942 4242 3442 878 3378
Route 496 : 2432 2026 4526 4932 1659 1789 4289 4159
Route 497 : 312 319 37 2819 1801 2537 4301 1457 3957 2812
Route 498 : 185 2685 1767 1787 4287 792 4267 3292 565 3065
Route 499 : 476 1430 2976 3930 1379 3879 1192 3692
Route 500 : 1417 649 3917 3149 297 166 2797 2666
Route 501 : 820 3320 2295 4795 1856 1496 2465 4356 3996 4965
Route 502 : 972 536 3036 310 3472 2810 1056 403 2903 3556
Route 503 : 208 1364 2708 2151 3864 608 4651 3108
Route 504 : 516 82 3016 488 1765 2582 2988 4265
Route 505 : 763 1537 3263 4037 2170 2414 4914 4670
Route 506 : 1637 228 2728 4137 520 3020 1117 1057 3557 3617
Route 507 : 825 3325 1715 4215 728 1772 3228 4272 953 3453
Route 508 : 858 2323 4823 63 3358 2458 2563 4958 1369 3869
Route 509 : 1104 1704 4204 3604 108 681 2608 3181
Route 510 : 1778 2357 4857 4278 2106 77 2257 2577 4606 4757
Route 511 : 1931 1743 4243 4431 1205 317 2817 3705 1543 4043
Route 512 : 852 3352 2239 51 4739 422 2922 2551 2441 4941
Route 513 : 1070 3570 817 381 2881 9 3317 1518 2509 4018
Route 514 : 425 909 3409 2925 1859 2109 4359 4609
Route 515 : 1462 576 2030 3076 4530 1575 3962 4075
Route 516 : 670 906 3406 1126 3170 38 2538 3626
Route 517 : 2237 2110 173 4737 2673 4610 1653 4153
Route 518 : 1118 1314 3618 1250 3814 1373 3873 3750
Route 519 : 174 1642 2674 4142 926 1737 3426 4237
Route 520 : 2361 951 3451 260 4861 11 2760 2511
Route 521 : 1230 2430 4930 3730 1055 2020 4520 2277 3555 4777
Route 522 : 2276 2203 4703 2208 4708 573 1082 3073 3582 4776
Route 523 : 846 1093 1275 3346 1436 3593 3775 949 3936 3449
Route 524 : 920 2498 3420 984 578 3078 3484 4998 365 2865
Route 525 : 2150 4650 1114 206 3614 1385 2706 3885 1350 3850
Route 526 : 723 3223 1726 4226 871 1799 3371 389 4299 2889
Route 527 : 1577 1974 4474 4077 637 1693 3137 267 4193 2767
Route 528 : 209 125 1522 2709 2625 4022 694 3194
Route 529 : 146 802 2646 1298 3798 3302 2144 2421 4644 4921
Route 530 : 485 1835 2985 814 1122 3314 3622 4335
Route 531 : 2367 2224 4867 1534 4724 1188 4034 3688 1608 4108
Route 532 : 2373 1606 4106 4873 149 773 2649 3273
Route 533 : 1916 810 3310 1376 4416 460 3876 2121 2960 4621
Route 534 : 1146 697 3646 3197 1413 1283 3913 3783
Route 535 : 595 490 3095 2990 1375 1389 3875 3889
Route 536 : 782 3282 1363 1433 3863 3933 1948 4448
Route 537 : 1810 4310 1211 2423 1371 3711 4923 3871
Route 538 : 1978 4478 2127 1377 3877 4627 1613 4113 1456 3956
Route 539 : 58 1648 4148 2558 1573 1583 4083 4073
Route 540 : 1132 3632 1388 3888 313 1720 2813 170 4220 2670
Route 541 : 1141 278 2778 3641 1072 1618 757 3572 4118 3257
Route 542 : 761 3261 634 1244 3134 1922 3744 687 4422 3187
Route 543 : 515 3015 453 195 27 2695 2953 2527
Route 544 : 873 3373 102 2401 2602 2380 4901 1143 4880 3643
Route 545 : 752 2406 625 4906 522 3022 3125 3252 2314 4814
Route 546 : 128 1840 355 2628 2855 4340 300 1251 2800 3751
Route 547 : 758 2164 4664 529 3258 1581 3029 2393 4081 4893
Route 548 : 1232 3732 1360 524 3860 1770 4270 3024 1963 4463
Route 549 : 1313 2092 2416 4592 2004 1212 4916 3712 3813 4504
Route 550 : 1758 204 2029 2704 4529 2415 4258 4915
Route 551 : 1170 3670 2033 4533 412 1736 4236 2912
Route 552 : 2089 4589 1291 1472 28 3791 3972 2528 600 3100
Route 553 : 1443 368 3943 2117 240 2868 2740 4617
Route 554 : 2102 2056 4602 1675 4175 4556 1247 3747
Route 555 : 32 376 2532 2876 2351 2143 4643 4851