Instance name: bar-n400-7
Authors      : CUHKSZ_HWGTS
Date         : 2024-12-05
Reference    : Unpublished
Solution
Route 1 : 29 166 161 366 229 361 90 58 20 258 220 175 183 290 375 383 145 200 83 345 283 400 192 25 392 114 94 141 225 314 341 294 45 150 350 31 231 245 22 222
Route 2 : 143 148 343 49 348 97 137 3 203 297 21 249 221 88 337 288 70 23 223 270 73 172 195 273 372 119 8 395 93 208 167 293 367 197 98 298 319 397
Route 3 : 179 187 387 379 193 124 41 393 95 241 295 324 130 72 188 330 32 107 388 171 272 371 158 232 358 198 307 156 356 398 174 164 177 364 374 377
Route 4 : 16 77 216 7 168 207 368 277 129 329 162 42 362 111 311 242 91 184 291 52 33 384 252 178 154 233 75 275 354 378 144 40 344 199 240 399
Route 5 : 101 128 301 56 328 115 256 138 315 54 254 43 338 38 243 238 69 18 173 269 218 99 373 28 228 126 299 87 326 287 76 34 26 276 226 234
Route 6 : 66 170 27 266 227 47 1 370 11 201 81 247 62 281 211 262 108 186 308 24 386 113 80 224 92 313 102 280 302 292 131 86 169 331 117 286 369 317
Route 7 : 19 64 219 264 140 182 60 152 340 352 260 120 12 320 5 382 153 212 353 82 205 155 112 312 355 282 6 206 109 100 309 13 65 300 213 265
Route 8 : 163 44 244 103 363 46 303 157 246 357 53 2 253 63 4 202 132 332 204 118 263 17 217 318 135 78 335 10 210 278 68 268 105 133 333 305 196 396
Route 9 : 146 116 37 346 57 237 316 165 123 365 323 257 48 67 248 267 189 104 122 389 304 151 322 51 251 351 71 190 271 390 160 360 50 84 284 250
Route 10 : 89 191 136 289 336 391 147 180 347 79 39 279 380 30 15 230 239 9 215 106 61 306 36 236 85 261 209 185 385 181 285 59 259 381
Route 11 : 149 110 310 96 349 125 325 296 142 139 339 342 159 134 127 359 327 334 74 55 176 274 255 376 14 35 235 214 194 121 394 321
