Instance name:	bar-n400-7
Authors:		Carlo Sartori and Luciana Buriol
Date:			2019-2-11
Reference:		A matheuristic approach to the PDPTW (to be submitted)
Solution
Route 1 : 16 77 216 187 277 387 193 54 254 21 221 95 130 393 295 72 188 330 107 388 171 85 272 371 158 358 198 307 285 156 181 356 398 174 177 381 374 377
Route 2 : 29 166 161 366 229 361 65 41 265 165 241 365 37 102 43 302 243 5 237 18 173 205 75 373 275 97 218 28 228 297 190 390 59 259
Route 3 : 7 179 207 379 103 137 3 303 183 145 203 383 111 4 337 311 200 400 204 83 48 345 283 99 248 154 178 299 354 378 144 40 344 119 199 240 319 399
Route 4 : 90 58 20 258 290 220 120 81 62 281 320 159 262 9 61 359 25 261 209 114 94 225 314 14 294 214 194 121 394 321
Route 5 : 149 8 208 140 60 168 368 349 175 340 375 73 260 118 273 318 151 32 51 232 351 251 71 50 250 271 196 396
Route 6 : 66 27 266 96 146 227 346 1 11 201 296 142 124 342 211 324 134 104 304 195 141 334 93 395 74 341 274 100 293 109 150 309 117 300 350 317
Route 7 : 44 157 244 64 264 357 53 2 253 170 202 91 370 291 52 24 252 33 80 224 233 92 126 280 292 87 326 287
Route 8 : 163 148 363 348 49 46 246 147 347 88 249 38 288 23 238 223 153 112 353 82 155 282 355 312 76 167 276 26 34 367 226 234
Route 9 : 128 101 143 343 328 56 115 256 138 315 301 338 152 182 352 184 172 372 164 364 384 382 135 78 335 160 278 131 86 360 169 331 369 13 286 213
Route 10 : 89 191 136 289 57 391 336 125 325 139 339 123 47 257 247 12 67 323 212 267 189 127 122 389 186 327 386 113 322 31 313 231 22 98 298 84 222 284
Route 11 : 180 79 39 279 380 30 15 230 239 70 270 215 106 108 306 36 308 10 185 236 385 210 68 268 105 133 333 305
Route 12 : 19 116 219 316 110 310 129 42 329 162 242 63 69 362 132 332 269 192 263 17 392 6 217 206 55 176 35 376 255 235 45 197 245 397
