Instance name : bar-n5000-1
Authors       : Dmitriy Demin, Mikhail Diakov (msd@veeroute.com), Ivan Ilin, Nikita Ivanov, Viacheslav Sokolov (vs@veeroute.com) et al. VRt Global (https://veeroute.com/)
Date          : 2023-04-24
Reference     : veeroute.com
Solution
Route 1 : 307 1912 2238 4412 2807 1791 4738 95 1169 4291 3669 1224 2595 2299 4799 3724 1347 2092 4592 1319 3819 79 3847 1321 2579 3821
Route 2 : 2109 1635 916 4135 431 3416 569 4609 3069 2931 892 1548 3392 4048 1868 2426 738 4368 1078 3578 1171 4926 3671 321 3238 265 2765 2821
Route 3 : 353 2853 1117 78 1828 2578 3617 4328 154 2654 170 223 1293 2670 3793 815 484 3315 844 3344 2984 2723 1138 2183 3638 4683
Route 4 : 572 2269 4769 2312 4812 2234 3072 2017 4517 647 3147 4734 1839 1486 3986 205 2705 930 4339 3430
Route 5 : 1908 1095 3595 4408 905 1173 3673 3405 1329 503 2402 4902 3829 3003 1578 543 2403 4078 4903 180 3043 1564 2680 1761 4261 4064
Route 6 : 2046 1919 4546 4419 202 94 2594 1350 2702 3850 975 398 2160 2898 2075 326 4660 2826 3475 4575
Route 7 : 1953 4453 2027 4527 1015 446 2946 1214 599 3714 3099 1509 3515 1973 499 4473 2465 4009 4965 2999
Route 8 : 2259 764 4759 1682 3264 4182 875 2207 4707 1090 3375 58 2558 1667 4167 1775 4275 3590 2113 2089 4613 1503 4589 4003
Route 9 : 415 2263 2915 4763 2368 1228 667 4868 3167 1230 3728 1701 439 4201 812 482 2939 2982 3730 3312
Route 10 : 294 904 3404 1079 1060 3560 2794 3579 1434 289 1034 3934 105 2789 1447 3534 2605 1835 3947 2294 739 3239 4335 4794
Route 11 : 1798 2377 1568 4068 29 1356 4298 4877 2529 1259 2150 3856 3759 2257 4650 1320 3820 1789 4757 245 2745 4289
Route 12 : 2384 1923 4884 2457 4423 604 4957 2255 3104 4755 1275 801 3775 1904 3301 1638 813 4404 4138 3313 1913 4413
Route 13 : 1481 2485 3981 1133 1072 3633 3572 2004 4985 271 2771 4504 902 565 3065 1921 3402 486 2370 2986 1769 4421 4870 4269
Route 14 : 1579 392 4079 696 2277 2892 1772 3196 912 4777 4272 2357 3412 4857 336 1551 4051 2836 1546 4046
Route 15 : 1926 2088 4588 4426 1619 1283 4119 564 3064 1964 3783 6 2151 4464 2506 2211 1625 4711 4125 452 151 4651 1532 2651 4032 2952
Route 16 : 705 2030 317 4530 1308 3205 1694 2817 4194 73 3808 1872 4372 1653 4153 2573 922 11 2511 3422
Route 17 : 263 1577 2763 740 2451 3240 4951 4077 988 553 3488 736 814 3053 3236 2420 3314 1118 219 3618 2719 4920
Route 18 : 1221 1885 3721 1141 677 4385 3641 323 2823 606 1997 3177 2314 3106 970 3470 4497 4814 1816 1119 3619 4316
Route 19 : 2058 1589 646 4089 3146 580 4558 1247 3080 3747 780 2489 3280 1269 4989 2268 3769 61 4768 408 1416 2561 2908 1918 3916 4418
Route 20 : 501 1178 1018 3001 1686 3518 1223 3678 4186 2339 2002 3723 4502 1265 3765 1358 2421 3858 4839 1211 940 516 4921 3016 3711 3440
Route 21 : 953 3453 172 1665 2672 4165 505 730 3005 103 2195 2603 1334 3230 3834 4695 888 734 1333 2373 3388 3234 1567 4873 4067 3833
Route 22 : 1881 372 188 2688 4381 781 1157 2872 2260 3657 969 4760 3469 2157 1192 4657 409 3692 3281 2909 126 1115 1298 2626 3798 3615
Route 23 : 335 1470 2835 2323 889 3970 3389 1720 4220 4823
Route 24 : 1386 785 1328 3886 1655 3828 662 4155 3285 1045 298 3162 1842 2798 4342 3545
Route 25 : 2360 2488 4860 474 4988 611 2974 699 3111 3199 1076 3576 1833 1570 4333 217 2717 4070 820 1852 1617 4352 3320 284 2784 1588 4088 4117
Route 26 : 992 3492 1879 2043 4379 1430 608 3930 4543 3108 2439 1449 4939 710 1501 3949 4001 1516 3210 4016 2110 559 1978 3059 4610 4478
Route 27 : 1068 1869 3568 4369 1312 1591 4091 1896 1348 3812 4396 923 3848 2300 4800 1282 1754 3423 2417 4254 1605 3782 4917 462 2962 4105
Route 28 : 2275 4775 427 1462 3962 2406 4906 1900 2927 661 3161 4400 419 1582 4082 2496 2919 601 308 2808 3101 4996
Route 29 : 144 1007 3507 1529 2644 917 615 3115 448 4029 2948 918 2191 479 3418 4691 2979 1704 3417 1022 3522 4204
Route 30 : 432 2932 2319 1473 4819 854 34 2534 3973 2469 1135 3354 4969 885 3385 3635 1928 514 1583 4428 1037 4083 3537 3014
Route 31 : 1899 1163 2395 3663 731 4895 3231 809 1189 4399 177 3689 123 2148 2677 2623 3309 2177 4648 1957 163 4677 4457 2663
Route 32 : 134 2634 859 1945 2134 3359 220 4634 4445 2102 819 2720 1099 3319 4602 689 108 3189 2142 2608 3599 4642
Route 33 : 402 416 2902 1315 2916 118 2618 628 3128 3815 1780 522 3022 4280 1286 2044 3786 4544 131 2631
Route 34 : 22 2522 391 2891 1466 3966 726 2184 1008 3226 1893 4684 719 4393 1071 3219 2476 3508 537 3571 3037 279 2779 4976
Route 35 : 1810 158 4310 369 874 2869 1901 2658 3374 856 4401 1760 3356 594 907 3094 713 4260 3213 414 3407 982 3482 1892 2914 4392
Route 36 : 35 1540 2535 1064 1381 3564 4040 2123 4623 984 935 3484 3881 2475 23 3435 2523 1129 4975 3629 1213 1737 3713 4237
Route 37 : 1302 3802 1089 1210 3589 403 3710 1703 2903 1395 3895 4203 2146 1632 4646 4132
Route 38 : 1405 1185 3905 2039 4539 3685 1716 847 2131 4216 4631 3347
Route 39 : 404 2904 1976 4476 2094 4594 143 76 2643 2281 2576 97 328 4781 1675 2828 2597 115 4175 2615
Route 40 : 384 2884 959 3459 329 1229 2829 430 3729 1744 2930 841 1502 4244 4002 2320 4820 3341 149 2649 1039 1316 3816 3539
Route 41 : 357 153 2857 2653 833 1378 3878 3333 570 182 3070 697 3197 1176 2682 3676
Route 42 : 1993 1778 4493 775 3275 4278 521 948 3021 1455 3448 2459 3955 4959 654 106 3154 241 2606 1166 2741 3666 686 356 2856 3186
Route 43 : 1663 183 2683 554 3054 1556 4163 1011 2258 4056 124 120 3511 2624 1793 2620 1184 4293 4758 3684
Route 44 : 2213 4713 1425 2398 276 4898 230 2776 2454 3925 1006 2730 4954 1180 1385 3885 3506 1878 3680 63 2563 2374 4378 4874 1212 3712
Route 45 : 472 2972 164 861 584 2063 3361 2664 2188 4688 4563 3084 1678 2182 4178 332 2832 936 4682 1613 3436 1999 4113 4499
Route 46 : 2438 1612 4938 181 4112 2681 269 42 593 2769 2542 1453 754 3093 3254 3953
Route 47 : 320 550 2371 2820 1070 4871 3050 1725 3570 4225 1075 1941 4441 1592 3575 2291 4791 1887 4092 453 1500 4387 4000 1083 3583 2953
Route 48 : 552 69 2569 3052 1988 2205 4488 1368 547 4705 1646 2272 3047 2327 3868 4772 1218 4146 2165 4827 3718 4665 1519 1187 4019 3687
Route 49 : 2237 458 2264 4737 4764 1830 1357 2958 1624 4330 3857 1268 3768 4124 1696 467 4196 198 2698 509 2372 3009 4872 2967 1860 254 4360 2754
Route 50 : 974 3474 2159 2221 4721 2500 5000 4659 2042 2034 1934 4542 273 2352 4534 4852 2773 4434 806 2303 3306 4803
Route 51 : 293 2793 1147 189 3647 1056 1474 2689 2286 4786 3556 655 1602 3155 3974 597 167 4102 64 3097 1494 2667 2564 3994
Route 52 : 2217 4717 1867 4367 27 1820 2527 1563 4320 2192 4063 1177 4692 968 3468 2172 3677 4672
Route 53 : 2308 89 2589 4808 1781 1628 4281 1939 347 2847 2227 1985 4485 4128 4439 1942 1936 2474 4436 4442 4974 2449 4727 4949
Route 54 : 227 2727 1724 1601 783 4224 3283 2411 4101 1986 4486 4911 250 10 1030 2750 2510 2155 722 3530 4655 3222 803 3303
Route 55 : 1172 3672 639 1452 3139 1373 3873 3952 1636 610 150 4136 1736 1796 3110 2650 4236 2101 4296 2295 4601 766 1566 2190 4795 4690 4066 3266
Route 56 : 1301 3801 2415 243 2427 2743 493 4927 4915 2993 2359 1162 3662 4859 938 1243 2073 3743 1846 3438 4573 672 4346 3172
Route 57 : 1745 1323 4245 985 3485 824 3324 1681 4181 3823 1442 909 3409 2253 4753 1837 3942 2090 4337 4590
Route 58 : 200 2700 2414 1103 4914 1511 3603 4011 1713 4213 437 2937 1557 4057 1086 1527 1995 4027 3586 130 382 4495 2630 1843 4343 2882
Route 59 : 1341 1897 4397 1053 3841 1411 3553 315 2815 361 2254 2861 1364 3864 983 3911 3483 4754 1639 1684 4184 1013 4139 3513
Route 60 : 1905 4405 921 3421 1621 562 1633 4121 173 3062 2673 4133 1326 50 3826 1246 3746 2550 976 428 1325 3825 2928 3476
Route 61 : 1699 1707 4199 4207 166 1412 2666 1826 161 3912 2661 2369 4326 913 4869 291 3413 2379 2791 903 2086 4879 716 3403 4586 3216
Route 62 : 1723 4223 2243 2326 4743 2062 443 4826 2943 1700 464 4562 2964 4200 107 288 2175 4675 2788 2607
Route 63 : 535 3035 1049 1388 3549 2471 3888 4971 1001 1680 4180 3501 2209 788 4709 1054 741 3554 3288 3241 1285 530 675 3175 3030 3785
Route 64 : 1803 1439 1565 4065 4303 3939 2145 956 609 3109 3456 1084 3584 1496 4645 3996 765 698 3265 3198 1631 4131
Route 65 : 800 1389 951 1679 3300 4179 3889 371 3451 582 3082 2871 454 1262 1061 2954 68 2568 3561 1288 3762 920 3420 3788
Route 66 : 545 3045 1756 1585 4256 2214 4714 971 4085 3471 1418 80 3918 1421 2580 548 3921 290 2790 3048 551 3051
Route 67 : 1400 1669 3900 174 331 2674 4169 1630 2831 1600 74 2574 2310 4810 4130 1077 4100 3577 1209 14 760 3709 3260 2514
Route 68 : 678 3178 2394 1575 4894 4075 2026 898 3398 4526 1841 1610 4341 2115 1598 4110 4098 4615
Route 69 : 1249 49 2549 3749 1338 3838 38 1558 2538 852 4058 2197 3352 4697 2388 676 4888 772 3176 3272
Route 70 : 1422 1085 3585 3922 272 1433 2772 3933 1025 1827 3525 4327 478 585 2978 3085 2076 4576 1935 910 4435 1762 873 3373 3410 4262
Route 71 : 165 966 2665 3466 471 1174 2971 24 3674 2129 508 2524 3008 4629 807 1676 4176 1727 322 2822 927 4227 3307 1609 3427 117 4109 2617
Route 72 : 262 1253 1773 4273 3753 1640 2762 4140 1595 4095 729 3229 1533 1335 3835 4033 191 385 2364 1848 2885 4864 2691 119 2619 4348
Route 73 : 2289 4789 281 251 2781 1608 2751 441 4108 2223 2941 4723 919 233 3419 2733
Route 74 : 1980 629 4480 3129 1979 4479 1748 4248 2224 1036 3536 4724 2301 1376 3876 4801 1871 702 3202 4371 1471 1538 3971 4038
Route 75 : 1355 101 3855 1779 2601 2440 4279 1822 1194 4940 314 3694 2814 1880 1206 3706 4380 2404 4322 4904
Route 76 : 1310 1065 3810 3565 778 208 2708 3278 40 8 2508 1580 1313 2540 2487 3813 4080 4987 1031 3531 1292 3792
Route 77 : 981 1456 3956 510 1448 3010 3948 2278 140 4778 2012 2478 4512 234 2640 529 3029 4978 2734 1668 4168 152 2652 3481
Route 78 : 2256 2138 2198 4698 4756 802 4638 1915 3302 1004 3504 4415 787 2267 4767 3287 375 1100 2875 2490 4990 3600
Route 79 : 1120 1690 4190 1410 709 3620 1770 4270 3910 3209 1951 4451 2052 4552 1438 338 2838 2173 3938 2180 1165 4680 531 3031 3665 4673
Route 80 : 1956 621 1573 4456 2200 4073 3121 4700 96 744 2596 1664 3244 955 4164 1932 1450 3455 993 3950 4432 3493
Route 81 : 86 1153 2586 3653 1252 743 3243 3752 1179 3679 1201 3701 1738 4238 1998 4498 1290 3790 958 235 1362 3458 3862 2735
Route 82 : 2274 2005 2010 4774 30 4510 4505 2530 613 1440 3113 1492 3940 2168 735 4668 1188 3992 683 3183 3688 840 3235 300 2800 3340
Route 83 : 2251 986 1766 4266 4751 3486 2444 434 4944 2934 421 1735 2435 2921 3 2503 4235 4935
Route 84 : 2434 364 4934 2232 2864 1790 26 4290 980 2526 3480 4732 401 990 2901 1992 3490 694 1788 4288 2313 3194 4813 4492
Route 85 : 707 2355 1666 3207 139 2639 4855 1446 226 4166 977 3946 2726 3477 897 3397 668 56 2556 463 2963 3168
Route 86 : 1299 2006 3799 4506 2382 4882 2262 2266 4762 43 2543 4766 2179 125 292 2625 2792 4679 132 894 2632 2164 3394 4664
Route 87 : 2045 1693 4193 4545 354 727 2854 2430 1126 3626 4930 460 3227 532 2960 2317 4817 3032
Route 88 : 1732 99 2599 4232 1797 299 4297 1888 255 2799 4388 2755 2346 1235 3735 1812 4846 318 305 2805 4312 2818
Route 89 : 2329 4829 2335 4835 598 3098 769 1360 3269 2152 3860 2462 605 3105 4652 2261 4761 4962 259 2759 1959 4459 237 65 2565 2737
Route 90 : 1952 961 3461 67 4452 1278 3778 2567 348 2848 511 476 3011 1459 2976 2098 309 3959 1520 2809 4020 4598
Route 91 : 1858 1777 4358 2229 2468 4968 4729 4277 1553 500 972 3000 84 3472 784 3284 1372 3872 2584 4053 1245 3745
Route 92 : 1409 394 3909 1715 2894 770 4215 1146 3270 2050 3646 774 4550 110 2610 652 1106 3606 3152 3274
Route 93 : 2270 1662 4770 2249 4162 4749 310 574 3074 1758 4258 2810 388 728 3228 978 3478 2888
Route 94 : 7 2428 1528 4028 2117 2507 4928 324 1547 4047 879 2824 1151 4617 670 3379 1148 3170 3648 3651
Route 95 : 979 3479 2347 420 1193 4847 3693 1369 363 2920 2863 1853 3869 1240 4353 967 3467 3740 1709 498 1382 2998 1032 3882 4209 3532
Route 96 : 2405 4905 2331 1590 4831 2463 4090 4963 102 640 2602 3140 1654 2494 480 2980 1067 4994 4154 3567
Route 97 : 1771 4271 2181 1799 4681 244 4299 2106 4606 2744 413 1159 2913 204 3659 934 2704 3434
Route 98 : 895 3395 793 3293 1404 908 3408 3904 41 600 2541 877 3100 533 3377 3033
Route 99 : 679 3179 1795 845 4295 1160 1643 4143 3660 3345 1728 786 3286 4228 1156 2187 720 3656 4687 1113 3220 1587 4087 296 3613 2796
Route 100 : 28 2528 417 2108 4608 2917 1154 1849 832 592 4349 3092 616 3332 3654 791 3116 3291 1535 1903 4403 304 4035 1512 4012 2048 2804 4548
Route 101 : 818 1043 3543 901 1318 3401 3818 3318 2041 1297 3797 4541 538 37 136 2537 3038 1844 2636 4344 1658 4158
Route 102 : 706 423 261 3206 2923 880 2761 804 3380 393 3304 1484 3984 1379 868 3368 3879 1531 2893 1074 3574 4031 1672 4172
Route 103 : 651 344 3151 1012 2036 2844 1234 3512 704 4536 3204 109 3734 750 2609 1706 3250 2054 4206 795 612 3112 3295 4554 449 2949
Route 104 : 1424 77 3924 1152 3652 2577 2445 1021 3521 546 1263 3046 3763 44 4945 1175 3675 451 2544 1340 878 2951 3378 1948 3840 4448
Route 105 : 1603 1740 4240 4103 2456 1112 3612 212 4956 2712 2105 2410 4910 4605 2252 1324 4752 3824 16 2516
Route 106 : 346 1691 319 2846 1497 3997 4191 2819 1544 1931 4044 792 4431 1930 3292 1782 424 924 2924 4430 3424 4282
Route 107 : 2031 2279 4531 4779 2064 1742 2022 4564 4242 4522 477 674 2977 1524 3174 481 4024 1895 4395 2981 2351 157 4851 2189 2657 4689
Route 108 : 746 2095 4595 122 3246 1339 3839 863 588 2622 1818 3363 3088 1454 4318 862 3954 3362 473 2392 4892 2973
Route 109 : 827 3327 2477 1226 4977 2133 4633 1134 3634 1284 3784 2424 3726 2178 1250 4678 4924 3750 837 2035 3337 4535
Route 110 : 2280 1855 4355 810 3310 4780 563 1890 3063 491 374 2991 708 4390 3208 1530 2203 2874 240 2740 4030 4703 1759 566 4259 3066
Route 111 : 1894 1394 3894 4394 2074 1122 3622 2132 1272 3772 4574 1906 303 2803 4406 836 4632 3336 1746 4246 1620 4120
Route 112 : 761 3261 376 643 2876 3143 1336 450 3836 2950 512 185 1954 4454 3012 2685 2285 624 4785 3124
Route 113 : 1599 4099 377 2877 2408 906 1521 4908 3406 4021 341 1692 798 2841 1390 4192 3890 3298 1069 2013 4513 3569
Route 114 : 767 3267 1215 2296 3715 1907 4796 113 2613 4407 218 2718 2201 1354 1933 2066 3854 4433 91 2591 4701 4566
Route 115 : 1947 1019 4447 3519 88 1260 3760 286 2588 1257 2786 752 2091 4591 3757 426 891 3252 159 3391 2659 48 2548 2926
Route 116 : 1792 2204 2069 4569 4292 4704 2114 4614 1488 3988 19 295 211 2795 1197 2711 2519 2079 2284 3697 4784 4579
Route 117 : 1111 285 2785 2290 3611 1023 4790 578 3078 2470 3523 637 4970 3137 1937 2340 236 4437 2736 85 2585 4840
Route 118 : 1468 3968 1472 777 3972 1850 3277 2328 4828 1436 4350 3936 2432 1429 3929 2380 4932 1270 3770 4880 1366 1367 3866 3867
Route 119 : 607 1476 3107 3976 1722 4222 2226 1513 4726 2409 2407 4909 4013 2492 4907 1003 1408 3503 568 4992 3908 2056 3068 260 2760 4556
Route 120 : 2084 4584 2455 991 46 3491 4955 2546 351 2851 1685 1483 4185 2321 3983 666 4821 325 2825 277 3166 1861 2777 4361
Route 121 : 2422 4922 2196 4696 2342 1950 4450 2018 352 4518 4842 2852 790 1708 3290 1322 4208 3822
Route 122 : 1916 1741 4241 4416 1264 622 465 3764 3122 2965 483 442 2942 2983 1463 834 3963 3334 725 1337 3225 2065 1475 3975 3837 4565
Route 123 : 229 2497 1170 4997 3670 711 2729 433 1 25 2933 3211 1044 2501 2525 20 3544 1314 3814 2520 169 2140 4640 365 2669 2865
Route 124 : 1975 717 4475 3217 1627 555 4127 1889 3055 45 4389 184 2545 2684 1207 438 3707 147 2647 1239 2938 3739
Route 125 : 1576 517 1132 4076 658 3632 3017 850 142 339 3350 2642 3158 2839 2292 1143 939 4792 3439 3643 2009 1028 4509 748 1832 3248 3528 4332
Route 126 : 680 556 3180 3056 2154 4654 2193 2111 4693 1785 4611 333 712 3212 4285 1254 2833 1898 156 2656 4398 3754
Route 127 : 247 2747 2020 1266 1383 3766 2185 4520 3883 944 3444 886 1047 4685 337 3547 3386 2837
Route 128 : 92 2592 380 1392 51 2880 3892 1652 1996 2551 1167 4152 1688 3667 4496 4188 1195 524 3024 635 3135 1016 3695 3516
Route 129 : 360 1981 1597 4481 497 2997 2860 4097 248 1834 4334 995 2748 2072 507 3007 4572 3495 1374 2007 796 4507 3296 3874
Route 130 : 72 825 2572 3325 664 2143 3164 1237 3737 225 2725 4643 603 1877 3103 4377 2215 145 4715 2311 2645 81 2581 4811
Route 131 : 1332 3832 1124 470 2970 2025 4525 3624 1944 141 4444 1202 135 2641 900 3702 1882 2635 3400 506 4382 3006
Route 132 : 1712 373 4212 2055 2873 2431 994 3494 4555 2096 1423 4931 4596 965 3923 1096 3465 515 3596 573 3073 3015
Route 133 : 2029 311 4529 2186 2811 648 3148 789 4686 1491 2499 3991 4999 1353 3289 1642 3853 83 2336 4142 2583 4836
Route 134 : 1183 502 13 3683 3002 1990 4490 945 723 3223 2513 3445 2344 619 4844 1649 3119 4149 1873 201 4373 4 2701 179 2679 2504
Route 135 : 715 1035 3535 3215 411 525 3025 1406 2911 2362 468 3906 4862 2968 1377 1000 3500 3877 685 3185
Route 136 : 1537 1026 3526 2461 4037 4961 684 1273 3184 3773 2297 176 4797 2676 1271 2265 3771 1248 4765 673 3748 1805 1091 3173 2051 4305 4551 3591
Route 137 : 1251 2375 4875 1938 4438 32 2532 758 1657 4157 1464 3964 1457 3258 3751 1087 3957 3587 2304 280 2780 4804 1811 4311
Route 138 : 2093 623 3123 4593 527 1480 3980 1342 3027 3842 146 2103 4603 2646 759 1102 3602 3259 942 1949 456 4449 399 2899 2956 3442
Route 139 : 1002 3502 523 642 3023 282 3142 567 2782 2248 2144 3067 4748 4644 1683 2167 4667 575 4183 3075
Route 140 : 581 2412 4912 1955 1856 536 3081 4356 1136 3036 4455 1572 823 3323 4072 3636 587 396 1345 3087 334 2896 2834 3845
Route 141 : 469 2969 631 1414 3131 773 3914 2137 998 3273 1279 4637 57 3779 3498 1256 2557 620 3756 3120
Route 142 : 2176 2247 2324 1431 4747 2083 4583 4824 947 4676 3931 1984 3447 1718 4218 4484 1851 4351 542 860 367 3042 3360 2070 2413 2867 4570 4913
Route 143 : 871 2273 3371 4773 1831 4331 1295 2235 4735 747 3795 534 2338 3247 3034 4838 238 1330 2738 3830
Route 144 : 1403 1542 3903 4042 2225 2100 4725 1042 1231 3542 186 4600 2425 2686 3731 590 4925 3090
Route 145 : 490 2990 2322 2169 4822 2330 4669 4830 2309 1729 1883 1914 4229 4383 4809 1549 4414 148 4049 381 1671 2881 4171 2648 1749 2353 4853 4249
Route 146 : 1402 3902 999 1063 3499 858 2358 3563 1731 3358 4858 583 1005 4231 3083 911 3505 1611 3411 1458 3958 1550 4050 4111
Route 147 : 733 1645 4145 3233 2014 1730 1753 4514 1420 4230 3920 2282 4782 1426 4253 1554 3926 4054 2033 4533 1767 1304 4267 3804
Route 148 : 2399 4899 378 82 2878 2582 1825 366 2866 4325 197 586 2697 653 1432 3153 3086 1757 1107 3932 4257 1824 3607 4324
Route 149 : 2354 1352 4854 47 2547 1571 893 3393 127 4071 3852 1351 1593 2627 4093 1080 1305 3580 3851 1437 3937 3805
Route 150 : 192 1555 2692 4055 579 3079 306 1695 2806 313 4195 66 2116 2813 1137 2566 3637 4616
Route 151 : 1291 3791 928 1244 3744 3428 943 1560 4060 383 513 3013 1238 3443 929 2883 634 3738 3134 2120 3429 1596 4620 4096
Route 152 : 558 2038 2386 3058 1752 4252 4886 4538 1774 2147 4647 1098 4274 1344 3598 3844 1717 1863 1958 4217 4363 4458
Route 153 : 1821 345 2348 4321 2845 418 4848 933 3433 1616 2918 1303 4116 3803 1545 111 4045 2611
Route 154 : 175 2675 926 327 3426 297 359 2827 9 2859 596 2797 1526 3096 2418 2509 1097 4918 4026 665 1726 3165 3597 4226
Route 155 : 206 2097 4597 2122 4622 1698 2706 2350 4198 2376 4850 457 4876 963 2957 114 187 2614 2367 4867 2687 3463
Route 156 : 756 2337 1010 1750 3510 3256 1721 4250 4221 1768 617 3117 2068 4568 4268 1886 4837 274 645 4386 2774 162 3145 2662
Route 157 : 1495 2019 3995 817 4519 3317 1046 1182 721 3221 3546 1776 3682 4276 1991 755 3255 4491 193 2087 4587 2276 2693 268 4776 2768
Route 158 : 660 2242 2315 1902 4815 3160 2081 4742 4402 1116 4581 1387 1963 4463 3616 21 2473 3887 4973 2521
Route 159 : 577 1857 3077 1670 2466 4170 17 4357 4966 2085 4585 1968 2049 2517 4549 2241 4468 2443 4741 4943
Route 160 : 1029 1763 701 4263 3529 87 2486 2587 3201 4986 830 1220 3330 690 3190 2077 2378 3720 1515 4015 4577 4878
Route 161 : 466 62 2966 2562 492 1150 899 3399 2992 3650 39 266 2539 2016 2766 137 2637 4516 1574 4074
Route 162 : 444 1331 2944 2288 4788 3831 1465 2458 4958 350 1365 2850 1614 3965 2419 2126 4626 4114 4919 1057 1255 3557 3865 59 2559 3755
Route 163 : 925 626 1969 3425 3126 121 4469 155 2655 2621 1522 1349 4022 1854 3849 4354 1674 2 2502 228 4174 2728
Route 164 : 1371 2495 3871 2391 2128 4628 4995 2231 1809 4891 4309 4731 1073 1419 3919 2218 3573 4718
Route 165 : 2437 1840 4937 1650 2230 4730 4340 1062 4150 3562 870 355 3370 2001 2855 718 3218 1917 4417 1710 4501 2467 4210 4967
Route 166 : 1399 33 3899 848 3348 301 2533 614 1498 2801 745 1660 3114 3998 3245 703 1038 3203 4160 1104 3538 3604
Route 167 : 1393 1490 3990 1361 3893 2024 4524 1702 4202 485 3861 2985 138 1444 3944 2638 2307 4807 2141 2493 4641 4993
Route 168 : 1052 3552 782 129 1911 2629 2023 4411 3282 1121 1874 3621 4374 4523 1203 1862 3703 4362 410 2910
Route 169 : 805 3305 641 3141 1864 1401 3901 846 4364 2220 3346 2393 4720 2441 4941 1363 207 4893 3863 2707
Route 170 : 1971 724 196 3224 1606 776 3276 2696 4471 2305 4805 1875 4106 4375 2158 2446 4946 544 4658 3044 2171 2448 1487 3987 867 4671 4948 3367
Route 171 : 762 3262 340 2452 2840 1927 4427 2363 4952 75 2575 4863 811 2166 2135 3311 4666 2287 4787 4635
Route 172 : 445 2067 2945 1943 849 387 2887 4567 4443 264 3349 2764 989 1806 4306 3489 869 656 742 3242 576 455 3369 3076 3156 2955
Route 173 : 932 693 221 3432 2721 2008 4508 3193 1618 1623 4123 4118 214 1866 4366 839 1092 2714 1219 618 3719 3592 3118 3339
Route 174 : 1814 4314 1644 625 3125 4144 2015 4515 1987 2028 4487 1479 4528 1647 1536 4147 3979 946 1807 4036 3446 4307
Route 175 : 2060 283 15 4560 2783 2202 2244 2515 4702 2472 4972 2397 1925 4425 4897 1687 4744 4187
Route 176 : 1258 937 2298 3437 1482 3758 2194 732 3982 4694 1543 4798 1559 4043 3232 1477 4059 256 3977 2756
Route 177 : 2156 602 1755 4656 1689 4255 1581 4189 4081 3102 632 1289 3132 3789 1615 763 4115 3263 1199 2343 3699 1427 4843 3927
Route 178 : 2112 2318 4612 2365 714 1300 4818 3800 4865 3214 1924 549 4424 633 3049 1407 3133 1800 636 4300 2349 4849 3136 826 3907 3326
Route 179 : 1343 3843 275 2127 370 504 4627 2775 2870 3004 1127 1711 1594 3627 4211 941 4094 461 3441 2206 1733 4706 2961 4233
Route 180 : 896 3396 828 253 3328 71 2753 2571 1445 1514 4014 55 3945 1739 4239 389 2400 2480 4900 2555 851 4980 2889 3351
Route 181 : 561 3061 864 1040 3540 116 2616 2057 3364 1467 4557 3967 1236 1801 3736 842 4301 2293 1764 4793 4264 1181 3681 3342
Route 182 : 1648 835 1847 3335 4347 1370 3870 4148 2332 1014 4832 1217 3514 1506 2482 4982 3717 1525 4006 1287 4025 1734 4234 3787 1677 4177
Route 183 : 843 2061 1586 4561 638 3343 3138 949 1380 3449 3880 4086 1569 232 2153 2732 4653 1161 4069 3661 1510 4010
Route 184 : 239 2739 1109 1967 3609 1261 4467 1836 4336 1142 3761 1845 436 3642 2936 2416 1130 3630 2222 4916 4345 2047 4547 4722
Route 185 : 1277 302 3777 2802 1140 1982 3640 4482 2174 2401 4901 4674 1819 2483 1469 4983 1208 4319 1222 3969 3722 3708 1523 4023
Route 186 : 1359 1227 3859 3727 287 1059 2787 794 1865 3294 4365 528 3028 3559 397 1139 2011 4511 2897 1697 3639 4197
Route 187 : 1989 1783 2228 4283 1375 4489 4728 3875 1637 866 379 3366 1815 2879 2436 4315 2003 4137 4936 1125 4503 3625 1225 855 3725 3355
Route 188 : 2212 816 3316 195 4712 1829 2695 4329 160 2104 2660 644 3144 540 2082 4582 407 4604 2907 258 3040 2758
Route 189 : 2032 1751 4251 2306 194 2149 4806 2694 168 2668 1562 249 4649 4062 838 954 3338 957 2749 3454 1946 4532 3457 4446
Route 190 : 100 2124 2600 4624 771 884 3384 1743 3271 1041 1607 3541 4107 1539 358 4039 1541 2858 4041 2107 4607 425 4243 2925
Route 191 : 1909 4409 496 757 3257 2996 890 1155 3655 2216 3390 4716 2334 1508 4008 4834 1870 4370 128 1705 2628 881 3381 4205
Route 192 : 591 2341 3091 4841 495 2995 1131 2442 3631 4942 1050 2316 952 3452 1204 3550 494 3704 2994 595 4816 695 3095 3195
Route 193 : 1415 960 3460 1622 4122 1296 3915 557 3796 1922 3057 2071 4571 2161 4422 4661 2139 2383 768 4883 3268 4639 853 3353
Route 194 : 112 435 2612 2935 343 2162 4662 242 2843 2742 2080 1910 1417 4410 3917 133 4580 1191 3691 1058 3558 2491 4991 2633
Route 195 : 659 1232 2460 3159 1024 3732 4960 1929 2208 3524 4708 4429 1960 541 4460 2333 3041 4833 1168 2059 627 4559 1428 3668 3127 3928
Route 196 : 1384 2246 1164 4746 1082 2423 3664 865 3582 4923 3884 422 31 2922 1294 3365 3794 2531 1460 3960 1983 1196 36 4483 252 2536 3696 2752
Route 197 : 2236 997 4736 3497 687 2240 3187 1088 3588 4740 1033 1114 3614 3533 90 210 520 2710 1876 2590 1451 4376 3951 3020
Route 198 : 1309 3809 1094 2345 3594 4845 2250 278 2498 1478 4998 3978 4750 1461 2778 400 3961 1009 2900 1128 3509 3628
Route 199 : 688 2163 3188 4663 487 2447 2987 4947 1108 1804 589 3608 1719 3089 2000 4500 822 4219 1499 4304 489 2989 3322 3999
Route 200 : 1017 1505 4005 3517 829 3329 2239 1965 883 4739 98 3383 1493 3993 2598 5 663 2505 3163 1158 2118 4465 3658 4618
Route 201 : 1306 70 3806 1242 2570 1817 4317 2356 3742 246 4856 2746 405 2040 519 3019 2905 1435 4540 779 3935 3279 203 2450 4950 2703
Route 202 : 2381 1233 4881 3733 692 1977 4477 3192 1020 1661 4161 987 3520 93 1051 3551 3487 2593
Route 203 : 1604 2170 4104 1144 3644 1673 4670 1276 4173 412 2387 3776 4887 797 2210 3297 4710 571 2119 213 2713 3071 2912 4619
Route 204 : 1626 753 4126 216 2716 3253 2053 1145 2099 4599 4553 1317 3645 12 3817 1584 1651 4084 4151 2512
Route 205 : 1802 4302 876 751 1241 3251 3376 1714 3741 4214 1891 1629 4129 2233 4391 4733
Route 206 : 1307 1396 2389 4889 3807 3896 1659 4159 2125 349 190 2849 4625 1066 1561 3566 2690 4061 53 1972 2553 4472
Route 207 : 475 1859 1765 914 4265 2975 4359 1786 4286 3414 447 657 2078 3157 4578 2947 1093 560 3593 171 3060 1517 270 2770 4017 2671
Route 208 : 1205 3705 749 224 2724 1823 4323 104 3249 2604 1961 1267 3767 267 4461 2219 2767 429 4719 1280 257 2757 2929 3780
Route 209 : 691 3191 2136 2385 1489 4636 808 4885 737 3989 3308 1311 2037 3811 4537 1101 3237 440 54 1200 2554 3700 2940 3601
Route 210 : 882 682 3382 1398 178 3182 2678 831 3898 1397 1808 3331 1105 3605 1327 3897 3827 199 4308 2021 2699 4521
Route 211 : 2361 2366 4861 950 4866 3450 1123 630 1784 4284 3623 1441 3130 2302 4802 3941 1787 209 2709 4287
Route 212 : 1198 2245 4745 3698 2479 872 669 3372 4979 3169 362 1027 3527 671 2862 3171 2453 60 2560 4953
Route 213 : 1190 1920 4420 1281 3690 681 3781 222 2722 1641 3181 700 4141 3200
Route 214 : 857 1552 1994 4052 3357 1940 4494 1884 4440 395 4384 1634 2895 1656 1149 4156 4134 1443 1485 3649 3943 3985
Route 215 : 406 2906 1081 3581 1966 342 1747 2842 4466 4247 1346 1794 3846 962 4294 1413 1838 3913 3462 390 2890 4338
Route 216 : 2121 887 4621 2481 488 2988 3387 4981 2396 964 4896 316 2816 1391 3464 2271 4771 3891
Route 217 : 52 2130 2552 2464 4630 459 2959 1048 996 3548 4964 1518 1274 3496 3774 4018 2390 4890
Route 218 : 1110 386 3610 2433 2886 1186 1970 3686 4470 1962 2283 4933 4462 4783 1055 3555 330 2830 2484 931 3431 4984 1534 4034
Route 219 : 915 650 3150 3415 2429 18 4929 2518 231 518 2731 3018 312 649 3149 1504 2812 1974 4474 4004
Route 220 : 799 1507 4007 3299 1216 2325 3716 2199 4825 4699 539 3039 215 2715 526 3026 368 2868 821 1813 3321 973 3473 4313