Instance name : bar-n4000-1
Authors       : Dmitriy Demin, Mikhail Diakov (msd@veeroute.com), Ivan Ilin, Nikita Ivanov, Viacheslav Sokolov (vs@veeroute.com) et al. VRt Global (https://veeroute.com/)
Date          : 2023-04-24
Reference     : veeroute.com
Solution
Route 1 : 1663 1689 3689 3663 1151 1 3151 2001 670 994 855 2670 1121 2855 65 2065 2994 3121 1887 1120 3887 3120 1626 3626
Route 2 : 1727 465 93 2093 2465 89 1829 3727 2089 3829 904 1241 643 1141 2904 137 2643 3141 699 1254 2137 3254 1518 3241 69 2069 307 3518 2307 2699
Route 3 : 3 1818 534 3818 2534 2003 99 546 2099 2546 148 766 2766 461 2461 1300 504 640 2148 1782 2504 3782 3300 2640
Route 4 : 316 1426 3426 2316 67 1166 2067 526 3166 587 2526 350 432 2432 2350 554 2587 248 2554 783 1104 3104 591 2783 2248 1278 3278 1477 3477 2591
Route 5 : 235 1228 3228 2235 1483 242 3483 1944 2242 3944 807 1666 1567 3666 655 2655 1330 3567 1731 2807 3731 3330
Route 6 : 1041 979 1655 1959 3041 3959 3655 2979 1375 1357 3375 1848 371 3357 1177 3848 1645 3645 3177 2371 1845 1461 3845 1816 3461 3816
Route 7 : 1898 3898 735 762 2735 2762 1675 1094 529 3094 2529 1781 3781 62 1555 2062 1362 3675 3555 841 252 3362 2252 1311 3311 2841
Route 8 : 1438 119 259 2119 2259 3438 1368 1481 3481 3368 83 2083 1176 1344 3176 3344 1459 1429 3429 828 3459 2828
Route 9 : 1108 5 2005 430 3108 2430 1486 64 598 2598 3486 230 1179 3179 2064 1697 3697 31 2230 402 2031 1201 21 3201 2021 2402
Route 10 : 1479 585 1658 3658 2585 1661 1938 3479 3661 576 300 742 1188 2300 2742 2576 3938 3188 676 1710 3710 2676 59 696 2696 2059
Route 11 : 158 210 494 2158 167 2494 2167 2210 871 2871 799 983 635 2635 1057 2799 2983 923 610 3057 80 2610 879 2879 1142 2080 3142 2923
Route 12 : 508 429 2508 2429 963 545 2545 188 2963 345 2188 2345 378 906 2906 11 2378 2011 1280 1467 47 3467 136 3280 2047 2136
Route 13 : 1224 3224 757 717 2717 2757 1298 340 2340 3298 707 930 121 2121 2930 666 223 63 2666 883 2707 2063 2223 1778 1864 3778 1793 3864 3793 2883
Route 14 : 916 972 2972 1835 2916 3835 1223 435 3223 2435 103 2103 832 2832 769 267 314 2267 2769 117 2314 2117
Route 15 : 1354 1406 3406 669 2669 1910 3354 264 1076 3076 2264 1117 3910 420 3117 2420 1808 1870 3808 3870 913 241 2913 495 2241 1911 2495 3911
Route 16 : 1986 1874 3986 1392 1442 3392 3442 1947 1265 3947 3265 196 3874 1504 1732 332 2196 3732 2332 1480 1789 3504 477 3480 1591 3591 3789 2477
Route 17 : 346 427 2346 1043 2427 3043 150 315 2315 985 2150 1218 1761 3218 1759 2985 976 1351 1191 3761 575 3759 2575 2976 1133 3191 3351 3133
Route 18 : 540 236 2236 228 151 2151 1250 3250 1590 2228 2540 1153 3153 1539 3590 1790 3539 3790 510 1049 3049 729 2510 748 2748 1256 3256 2729
Route 19 : 1684 48 2048 453 3684 2453 905 1017 862 2862 2905 3017 1948 3948 1510 1412 3510 1430 3412 1431 3431 3430 767 1700 3700 2767
Route 20 : 439 1863 819 2819 2439 1991 3863 1411 3411 3991 1203 953 2953 3203 1372 3372 1795 507 3795 1288 2507 486 1244 2486 3244 3288
Route 21 : 399 637 785 2399 560 2637 2785 588 764 2764 2560 2588 297 870 2297 134 2870 1220 2134 1011 326 3011 3220 1869 3869 2326
Route 22 : 283 1886 2283 3886 1614 1101 3614 3101 169 557 2557 592 2169 2592 1906 605 3906 2605 1644 3644
Route 23 : 569 946 1060 2569 2946 1585 3585 3060 1749 3749 1794 895 2895 1800 3800 3794 1687 1824 3824 1613 3687 1811 3613 1160 3160 3811
Route 24 : 803 1226 1245 3226 3245 2803 1285 1131 3131 3285 1437 1989 1562 3562 3437 3989 1928 1063 3928 1301 3063 1152 3301 3152
Route 25 : 1182 614 3182 2614 1521 671 2671 840 2840 3521 1008 1020 993 3020 2993 3008 1859 967 2967 3859
Route 26 : 1222 1699 3222 3699 1053 503 3053 2503 548 721 2548 37 969 1754 2037 2721 1178 3178 3754 2969 1403 1457 3457 3403
Route 27 : 268 1246 3246 2268 455 101 2455 2101 1125 506 2506 3125 1456 289 206 3456 1232 70 2206 1973 2070 3232 2289 3973
Route 28 : 1726 52 847 952 2052 3726 1189 2847 3189 2952 1546 1463 3463 3546 776 1045 3045 938 2938 2776 1920 3920 1609 3609
Route 29 : 112 360 1105 2112 973 365 2973 2365 3105 2360 1386 1604 3604 1489 3489 498 2498 657 890 3386 2890 436 2657 947 1629 3629 2947 2436
Route 30 : 245 2245 86 1312 2086 880 3312 2880 1200 3200 266 2266 105 1212 2105 397 885 2885 1162 547 3162 1748 2397 2547 623 3748 3212 2623
Route 31 : 224 697 343 2224 71 2697 2343 1805 3805 2071 1974 3974 499 1145 2499 1015 1320 796 1995 3320 2796 1851 3145 3015 3995 3851
Route 32 : 1640 1384 3640 1439 3439 1026 645 3026 1421 2645 1558 3384 3558 3421 854 2854 988 1273 2988 1672 3273 3672
Route 33 : 1524 414 809 3524 2809 2414 1322 1107 91 2091 1934 3107 3934 1634 1867 3322 3634 1551 3867 1570 170 3551 2170 3570
Route 34 : 72 2072 690 1957 3957 893 2690 1270 2893 1165 579 1040 3165 3270 2579 977 3040 511 2511 688 27 2977 727 2688 448 2027 1359 2727 3359 2448
Route 35 : 23 163 2023 1738 2163 1074 3074 3738 714 2714 1435 786 3435 777 2786 1798 2777 94 3798 2094 1827 1352 3352 3827 1755 1473 3755 3473
Route 36 : 1497 1335 1286 3497 1231 3231 3335 1569 1512 3286 3569 3512 1571 1266 1730 3730 3571 1879 3266 400 3879 1055 2400 126 3055 2126
Route 37 : 1217 1908 3908 302 2302 3217 630 208 2630 132 2208 2132 61 308 502 2061 2308 2502 1170 1846 3846 3170 1651 3651 858 633 2858 2633
Route 38 : 1572 920 3572 584 1332 3332 1745 2920 1979 2584 1478 3979 3478 1716 3745 3716 1918 1593 3918 611 3593 1269 128 2611 2128 3269
Route 39 : 1769 233 3769 770 2233 2770 541 1247 2541 293 3247 2293 792 2792 1318 354 1143 3143 3318 685 2354 334 2685 116 2334 87 2087 2116
Route 40 : 1633 3633 1536 3536 368 1064 2368 667 3064 2667 743 1735 3735 2743 509 2509 844 459 837 2837 1261 2844 363 3261 2459 2363
Route 41 : 1037 3037 1018 590 3018 2590 519 10 2519 2010 986 1768 1534 3768 2986 1652 3534 749 3652 572 2749 379 2572 2379 1525 3525
Route 42 : 1747 1436 3436 3747 305 787 2305 1154 3154 292 997 2787 2292 2997 384 532 2384 2532 306 2306 165 720 2165 2720 1023 3023
Route 43 : 1566 3566 881 356 2881 1443 2356 1849 3443 3849 1309 3309 823 336 2336 924 2924 1271 2823 3271 1582 3582
Route 44 : 1678 1387 3678 1126 3126 3387 1853 3853 1006 625 2625 1229 1679 3229 3006 754 3679 551 2754 577 929 2577 102 2929 2102 2551
Route 45 : 28 1180 416 3180 198 2028 2198 1842 3842 2416 1575 179 3575 2179 1607 1617 1742 3617 1155 3742 1810 3155 1701 3810 755 3607 3701 2755
Route 46 : 177 835 22 2177 2022 2835 902 171 2902 454 2171 1500 2454 3500 1844 142 1978 2142 3978 3844 1714 438 256 2438 3714 2256
Route 47 : 1199 663 1612 2663 3199 1171 1647 950 3171 3647 1718 3612 2950 3718 1961 337 3961 2337 649 573 1505 2649 3505 795 2573 2795
Route 48 : 1765 964 626 3765 2964 372 2626 304 2372 2304 1750 3750 1729 1455 3729 40 3455 2040 1381 1639 3639 3381
Route 49 : 1315 889 3315 982 2982 2889 321 866 838 2321 2866 2838 1071 708 2708 3071 111 1405 3405 2111 475 447 594 2447 2475 2594
Route 50 : 1713 382 3713 135 229 2382 2229 2135 1547 284 3547 377 600 2377 2600 2284 730 496 2496 2730 553 945 2945 2553 97 2097
Route 51 : 1915 1492 2000 3915 4000 3492 1441 607 239 2607 2239 1028 183 1068 3441 3068 3028 648 2183 580 2580 2648 1169 419 2419 3169
Route 52 : 1418 578 2578 3418 825 839 2839 2825 570 543 2570 2543 13 2013 29 2029 1659 55 3659 1238 2055 1022 3022 664 2664 3238
Route 53 : 1187 759 2759 338 3187 2338 1982 1326 1383 3383 3982 3326 641 990 1137 3137 1416 1460 2990 3416 1804 2641 3460 1969 3969 3804
Route 54 : 325 2325 1080 1349 932 3349 2932 1826 3080 3826 1331 567 3331 491 2491 353 2567 25 1434 3434 2353 1583 2025 3583
Route 55 : 474 922 190 2190 2922 1367 3367 2474 413 434 2434 1259 2413 85 3259 2085 1144 1424 1579 1728 3144 3579 1103 3424 3728 3103
Route 56 : 1100 756 1054 2756 1994 3054 1610 3100 3610 4 3994 1213 3213 2004 1757 3757 500 2500 155 2155 891 981 2981 1083 2891 3083
Route 57 : 1488 1490 3490 3488 612 2612 1268 1632 3632 1239 3239 1855 3855 933 333 3268 2333 1695 3695 2933 395 375 1305 2395 3305 2375
Route 58 : 1602 3602 176 1205 1084 3084 2176 3205 1939 1175 515 185 3175 2185 3939 2515 404 409 2404 1164 202 3164 2409 538 2538 1249 3249 2202
Route 59 : 1586 1046 846 3046 330 927 2330 1597 2846 3586 2927 1047 3597 3047 527 373 2527 348 2348 863 2373 2863 463 1605 750 2463 2750 3605
Route 60 : 1766 3766 193 123 653 2653 2193 2123 1707 462 2462 3707 24 275 2275 1857 3857 261 2024 1185 1763 3185 3763 2261
Route 61 : 639 237 2639 2237 939 1146 2939 622 1275 2622 3275 1453 3146 1694 3453 987 2987 467 3694 220 2467 1895 443 3895 2443 2220
Route 62 : 1997 1999 3997 1775 1419 3999 3419 90 3775 2090 1156 1134 26 2026 3156 1913 3134 537 523 3913 2537 1656 1130 2523 153 2153 3130 3656
Route 63 : 1840 3840 765 581 1123 3123 2765 709 2581 528 2528 833 2709 2833 1529 1449 3529 558 106 2106 2558 3449 1815 476 243 3815 2476 1059 2243 3059
Route 64 : 1538 1739 3739 1740 3538 396 2396 1216 213 3740 2213 3216 14 441 2441 1817 3817 1822 3822 2014 1862 636 2636 3862 1221 1484 3484 3221
Route 65 : 1377 962 3377 152 386 2962 2386 42 184 2152 2184 1050 701 3050 2701 2042 222 995 2222 1264 2995 1770 1116 3770 3264 1515 3116 3515
Route 66 : 200 214 2200 1733 1587 2214 3733 1476 3587 1149 634 3476 1896 3149 3896 1493 3493 2634 277 2277 1328 593 3328 2593 678 296 2296 2678
Route 67 : 1471 1544 3471 3544 1279 908 589 3279 2589 2908 1396 665 1388 2665 1140 3140 3388 3396 203 1785 207 2203 2207 1624 3624 3785
Route 68 : 1316 335 3316 278 1636 2335 719 3636 2719 36 1240 940 2278 613 2940 2036 3240 1871 2613 3871 1621 3621 971 867 2971 159 2867 2159
Route 69 : 1211 1788 3788 3211 1954 370 928 2370 3954 381 2928 2381 1423 674 3423 247 2674 700 2247 1690 3690 2700 1721 1796 3796 3721
Route 70 : 1366 1440 3366 3440 725 1296 2725 3296 687 2687 675 705 2705 517 2517 487 191 848 2487 2191 2675 1704 2848 1662 3704 1516 1393 3393 3662 3516
Route 71 : 1257 820 1433 3257 457 3433 2457 782 2820 1841 149 738 2782 2149 1019 873 2873 3841 2738 3019
Route 72 : 1814 3814 1992 1674 3992 1606 3674 944 3606 2944 393 2393 836 682 154 2682 2836 1779 2154 3779 1682 968 3682 793 2968 2793
Route 73 : 279 2279 1389 861 3389 2861 466 912 2466 2912 646 1061 3061 2646 217 7 2007 1470 2217 1821 3821 1550 3470 3550
Route 74 : 1665 3665 1976 1923 3976 1946 3946 394 3923 1667 2394 3667 56 1664 3664 156 2056 2156 1336 1503 3503 287 3336 1021 2287 281 2281 3021
Route 75 : 566 2566 695 1012 3012 830 2695 1067 2830 780 3067 349 2780 2349 407 471 2471 1215 3215 161 781 2407 2161 869 389 2781 2389 2869 130 2130
Route 76 : 1382 1371 1650 3650 3382 1230 3371 3230 310 118 2310 525 2525 2118 958 445 2958 583 45 2045 110 2583 2445 712 2110 2712
Route 77 : 1234 1686 3234 3686 1092 1831 251 3092 1696 3831 3696 1509 2251 3509 571 1334 2571 1951 3334 1949 3951 254 2254 1237 3949 3237
Route 78 : 1706 473 3706 954 2473 810 1096 2810 2954 608 3096 911 2608 1210 212 2911 3210 597 367 2212 1631 2597 2367 3631
Route 79 : 1885 1052 3885 3052 470 246 2470 1297 2246 711 1038 3297 2711 3038 1496 433 3496 740 1081 2433 3081 209 1262 2740 1900 3262 2209 3900
Route 80 : 1643 450 2450 1089 1310 3310 3643 3089 339 1031 2339 3031 1090 1422 3422 773 3090 859 458 44 2859 1889 2458 2773 3889 2044 1743 3743
Route 81 : 472 440 784 2440 2472 77 2077 2784 480 975 2480 2975 1914 482 260 1654 2482 3914 1260 1122 3654 2260 3122 3260 1417 3417
Route 82 : 125 937 2125 2937 713 186 415 2186 2415 834 2834 273 2713 797 2273 999 2999 1248 2797 935 3248 877 2935 1958 1291 2877 3958 3291
Route 83 : 898 1333 2898 1807 1856 3856 3333 3807 1698 92 656 2656 1565 2092 909 3698 2909 1027 1444 3444 3565 1329 3027 1379 3329 3379
Route 84 : 49 804 2049 2804 1013 1327 1242 3013 113 3242 2113 3327 1599 39 1878 3599 1673 3878 1578 3673 2039 1374 3578 3374 1967 1904 3904 3967
Route 85 : 703 899 2703 1474 1135 2899 3135 998 513 2998 3474 1282 3282 2513 1741 684 3741 2684 1114 311 3114 1044 2311 919 276 2919 3044 2276
Route 86 : 1029 1341 1760 1355 3355 3760 3341 1628 3029 3628 282 2282 108 1762 2108 3762 599 2599 2 692 1873 2002 271 3873 2271 357 1865 2692 2357 3865
Route 87 : 718 1537 1139 3139 1945 2718 3537 3945 1625 3625 1623 1649 3649 1792 3792 3623 817 2817 779 1007 51 2779 2051 1353 752 3007 3353 2752
Route 88 : 1573 1850 1892 3892 3850 3573 1932 1016 3932 1452 3016 3452 1560 1172 3560 1993 3993 1462 3172 1802 878 2878 3462 78 3802 2078
Route 89 : 1823 3823 1574 1981 829 173 2173 2829 3574 3981 1936 1588 1630 3630 3588 3936 1531 3531 299 1415 497 2299 2497 3415 1466 3466
Route 90 : 32 2032 1784 3784 1977 3977 1306 668 1293 3293 3306 790 915 2790 53 2915 1511 1669 2668 2053 3669 1926 3511 3926
Route 91 : 1554 3554 1836 3836 216 1033 659 2216 624 2624 1487 3487 2659 1723 195 2195 3723 741 488 2488 3033 2741 811 896 2811 2896
Route 92 : 1820 1342 3342 1787 3820 1983 3787 3983 673 746 2746 694 2673 2694 550 512 2550 733 2512 366 2366 1615 2733 1482 1737 3482 3615 3737
Route 93 : 1508 604 1975 3508 197 2604 2197 3975 288 2288 1319 851 3319 647 1127 2851 244 3127 2647 2244 421 644 2644 957 951 2421 2957 1937 2951 3937
Route 94 : 1984 322 98 802 2802 2322 1877 3984 2098 1825 3825 408 2408 3877 1009 1290 3290 814 2814 1267 974 2974 631 3009 1933 3267 2631 3933
Route 95 : 661 1448 2661 3448 549 1253 3253 2549 789 79 1347 2789 2079 1736 788 1469 3736 882 3347 3469 2882 1323 398 3323 2788 164 2398 2164
Route 96 : 1828 3828 1109 1184 3109 182 3184 831 2182 2831 401 2401 595 959 2959 1581 1559 2595 1400 418 3581 2418 3400 1163 3559 3163
Route 97 : 662 1657 2662 362 739 3657 2362 2739 175 726 2175 561 1345 2561 2726 3345 1087 706 2706 1004 3087 3004
Route 98 : 1622 518 285 3622 936 2936 1148 2285 3148 2518 732 2732 1858 1000 3858 1972 3000 3972 1540 1950 3950 3540 258 2258
Route 99 : 1183 1157 3157 1635 3183 3635 1514 211 2211 3514 1458 1830 3830 1576 3576 3458 563 255 2563 115 2255 1708 3708 2115
Route 100 : 1517 1616 3517 3616 1552 468 3552 921 2468 1595 2921 3595 1535 763 2763 3535 1370 1577 3370 1722 1891 3577 3722 3891
Route 101 : 1557 1648 3648 1964 3964 3557 1150 1917 3150 1962 3917 1495 1725 3725 3962 3495 1924 74 3924 412 2074 805 2412 309 2805 1161 3161 2309
Route 102 : 1772 383 262 2262 1668 3772 2383 1413 3668 1124 3413 3124 385 342 552 2342 2552 1905 1931 2385 1408 3905 3408 3931
Route 103 : 1378 3378 1532 3532 704 652 2704 50 2652 1881 2050 428 444 2444 3881 2428 1688 794 3688 1373 2794 1233 3233 219 1548 3373 3548 2219
Route 104 : 1527 1955 3527 826 3955 1941 3941 2826 291 34 2034 1358 2291 1138 3358 621 3138 1522 2621 3522
Route 105 : 1369 1339 3339 145 901 818 2818 2145 3369 2901 1454 109 3454 2109 745 521 2745 1192 2521 3192 760 2760 376 227 926 2376 2926 2227
Route 106 : 15 417 2015 2417 1564 1502 75 3564 1158 3158 3502 84 2084 2075 1966 1498 1618 1450 3966 3450 1545 3545 3498 3618 1589 1641 3589 3641
Route 107 : 1797 3797 1091 269 2269 3091 1287 290 3287 1032 2290 3032 1465 1086 1526 3086 3526 3465 1399 9 2009 1024 3024 3399 187 2187
Route 108 : 218 2218 1475 481 3475 1277 2481 1102 1337 3102 3277 771 390 3337 1308 2771 2390 1720 616 3308 1970 2616 3720 3970 1990 405 2405 724 2724 3990
Route 109 : 1346 1132 3346 1313 352 3313 225 3132 2352 1292 1197 2225 1963 3963 3197 3292 1519 1376 3519 3376 1956 1420 3956 3420 1048 3048 1343 3343
Route 110 : 1272 194 3272 2194 483 303 2483 1676 1451 2303 3451 3676 88 1803 892 2088 3803 1365 1507 1809 2892 3507 1884 3365 3884 3809
Route 111 : 1361 1445 3445 1014 3361 3014 1324 620 3324 2620 619 238 1062 2619 2238 1173 391 2391 3173 20 3062 2020
Route 112 : 41 1717 3717 1909 2041 295 2295 1568 3909 1996 162 3996 875 1705 2162 3568 3705 1940 2875 539 691 3940 1680 1596 2691 3596 3680 2539
Route 113 : 1860 1530 1404 3530 3860 3404 1225 172 3225 1912 2172 3912 1195 654 2654 139 3195 812 2139 774 2774 815 2815 2812
Route 114 : 1513 3513 1799 1638 1363 3638 3799 1902 3363 3902 226 874 81 2874 2081 2226 768 934 2934 1214 2768 1274 274 3214 3274 2274
Route 115 : 1767 221 2221 3767 215 960 2215 1119 1304 2960 1533 3119 1600 3600 3533 1428 609 3304 2609 1890 3428 1919 3890 143 3919 1208 520 2143 3208 2520
Route 116 : 66 602 2066 2602 1872 358 3872 8 2358 536 681 2008 2681 2536 791 2791 677 2677 18 564 2018 2564 992 257 2257 1819 3819 842 2992 2842
Route 117 : 492 2492 1113 392 3113 843 2392 530 2530 2843 850 2850 618 1715 2618 3715 96 1098 2096 3098 424 451 2424 1289 1065 3289 3065 2451
Route 118 : 317 1812 917 3812 1642 2317 1952 3952 1030 966 3642 2966 2917 3030 586 120 2586 2120 341 280 2280 1988 2341 596 3988 1987 2596 1702 3702 3987
Route 119 : 1942 493 3942 887 716 2493 1806 2887 3806 1866 2716 3866 1899 3899 1724 1284 3284 1543 3543 3724 452 2452 996 1302 2996 1854 3854 3302
Route 120 : 1691 1485 3485 1758 3691 1196 3758 3196 35 369 460 2369 265 2460 2265 1193 2035 1235 3193 806 3235 816 2806 359 2359 2816
Route 121 : 751 2751 568 1002 2568 3002 1925 3925 565 658 2658 941 2941 1425 2565 900 3425 1843 1410 3843 1364 2900 3364 3410 1852 3852
Route 122 : 174 978 2174 1401 2978 3401 606 138 43 2606 679 2138 2043 431 2679 2431 1204 1115 3115 3204 1971 1783 1660 3783 3660 3971
Route 123 : 1088 3088 1894 485 1077 2485 1601 3894 3077 1190 351 2351 1005 3005 201 3190 984 3601 2984 2201 1099 68 3099 1147 2068 3147
Route 124 : 772 897 122 2897 2122 2772 1556 3556 46 965 2965 489 2046 1446 2489 33 3446 1010 2033 181 3010 1294 2181 1206 3294 3206
Route 125 : 1921 3921 1325 1553 3325 3553 12 380 2012 469 1072 3072 2469 144 2380 328 2328 1888 2144 627 127 2627 3888 2127
Route 126 : 1561 3561 1734 827 3734 1082 852 2827 3082 2852 1692 1079 1935 3692 3079 1039 3935 775 3039 1501 160 2775 1776 2160 683 2683 3776 3501
Route 127 : 168 189 2189 2168 1025 3025 1227 715 2715 3227 1837 1693 3837 3693 1603 1627 1876 3876 3627 3603 801 1719 2801 948 2948 3719
Route 128 : 1637 1494 3637 1833 3833 3494 318 140 313 2140 2318 1181 1753 3181 3753 2313 1703 642 3703 1299 2642 943 3299 813 2943 2813
Route 129 : 728 2728 1174 1097 3097 3174 1159 1542 3159 955 3542 2955 693 2693 1276 294 2294 1251 1380 3276 1619 3380 3619 3251
Route 130 : 1903 16 2016 3903 263 324 1683 2263 3683 2324 1646 1813 3813 3646 1563 1390 3390 1447 3563 1360 918 3360 1118 3447 910 2910 3118 2918
Route 131 : 157 422 166 660 2157 942 1756 2422 2166 3756 2942 1541 3541 884 2884 250 2250 199 234 1407 3407 387 2199 57 2660 2387 331 2057 2234 2331
Route 132 : 1409 180 1168 2180 872 3409 1927 2872 3168 3927 556 961 562 2961 2556 1034 323 2562 3034 327 2323 2327 629 1340 2629 680 3340 2680
Route 133 : 411 1397 3397 2411 253 632 617 2617 2632 2253 1594 980 1901 3901 1395 3594 2980 1980 124 3395 1491 2124 3491 3980
Route 134 : 1598 3598 1385 478 3385 1499 798 2478 535 1432 2535 956 2798 3499 2956 3432 868 689 2868 778 2689 2778 1112 1838 3838 3112 888 2888 347 2347
Route 135 : 1677 865 3677 2865 1295 141 2141 722 249 2722 2249 3295 54 2054 320 484 853 2320 2853 1985 1252 1472 2484 3252 3472 3985
Route 136 : 1929 3929 1611 319 3611 1584 1303 3584 442 2442 1751 2319 3303 3751 1861 1523 1093 3861 1953 3523 3093 651 3953 601 2601 2651
Route 137 : 1111 1219 3111 505 3219 100 2100 1106 3106 6 2505 857 2006 2857 17 2017 1078 19 3078 1847 2019 3847
Route 138 : 76 2076 388 146 1338 446 2388 2146 3338 2446 490 1236 2490 821 3236 603 2821 2603 860 1681 1897 2860 3681 3897
Route 139 : 355 1283 3283 1608 2355 1391 3391 3608 1549 3549 1670 1255 914 3670 1202 3255 2914 744 3202 1685 2744 555 3685 2555 1520 1035 3520 3035
Route 140 : 736 1711 1186 3711 1930 2736 533 2533 3930 1771 3186 1752 3771 1744 3752 3744 1464 133 2133 672 1129 2672 3129 1922 1468 3464 3468 3922
Route 141 : 582 312 2312 129 2582 1321 1058 2129 3058 3321 1791 1839 3839 1868 3868 3791 1110 761 3110 2761 104 107 2104 2107 1427 1780 3427 3780
Route 142 : 1198 205 894 1051 2894 95 2205 2095 1998 3198 1968 3998 3968 698 3051 1620 3620 542 2698 1066 2542 686 1207 2686 734 3207 2734 3066
Route 143 : 272 2272 931 800 514 2800 2514 2931 1003 1042 3003 3042 1281 1965 559 3281 574 2559 2574 298 737 710 3965 2737 2298 2710
Route 144 : 1671 1506 3671 3506 1314 1167 3314 3167 638 2638 361 989 2361 2989 1394 464 3394 824 2824 2464 1070 3070 522 240 2522 30 2240 2030
Route 145 : 1128 1085 3085 3128 1348 426 1883 3348 2426 1893 3883 3893 1764 1773 864 3764 2864 849 1069 2849 301 3773 2301 1580 3069 3580
Route 146 : 1834 845 3834 808 1001 178 2178 2845 231 3001 364 2364 2808 270 374 1056 2374 3056 406 2270 1263 2406 60 650 2231 2060 3263 2650
Route 147 : 38 2038 544 1356 3356 1774 2544 3774 1653 723 1258 2723 3653 3258 1960 1592 3960 731 2731 3592
Route 148 : 1916 3916 192 449 2192 501 2501 114 2449 1712 2114 437 3712 2437 425 1350 1095 2425 1801 3350 822 3095 1880 1907 3801 2822 3880 3907
Route 149 : 516 1307 2516 615 3307 344 2615 758 204 903 2344 2758 2204 329 2903 747 423 2329 2747 410 1075 2423 3075 907 949 2907 2949 2410
Route 150 : 1709 1882 3709 531 2531 1414 3882 1398 3414 479 2479 753 1073 2753 3073 3398 702 2702 73 58 2058 886 856 2856 2073 2886
Route 151 : 1943 3943 403 131 2403 1036 2131 3036 1777 925 2925 3777 1402 232 3402 876 2876 2232 456 1209 524 2456 1528 2524 3209 3528
Route 152 : 286 2286 1194 82 628 3194 2628 991 147 1243 2082 2991 970 1317 3243 3317 2970 1832 1875 3832 1746 3875 1786 2147 3746 1136 3136 3786