Instance name:	bar-n200-7
Authors:		Carlo Sartori and Luciana Buriol
Date:			2019-2-11
Reference:		A matheuristic approach to the PDPTW (to be submitted)
Solution
Route 1 : 78 64 178 164 52 152 49 36 23 149 136 123 55 77 155 19 177 119
Route 2 : 45 145 43 67 143 167 34 15 134 28 115 12 128 57 157 112 1 101
Route 3 : 31 82 131 182 14 114 30 47 130 147 20 86 120 186 33 48 133 148
Route 4 : 41 141 25 51 97 197 151 63 163 80 4 180 104 69 169 26 126 125
Route 5 : 37 24 137 93 124 193 84 184 50 7 150 18 107 75 175 118 92 192 68 168
Route 6 : 81 39 181 139 87 187 66 22 166 3 122 83 103 90 183 190 85 185
Route 7 : 8 44 108 54 144 154 95 61 195 161 27 60 127 29 160 94 129 194
Route 8 : 40 17 140 117 100 200 65 165 71 171 10 46 146 21 110 72 121 172
Route 9 : 42 142 53 153 59 159 88 98 188 32 198 5 73 132 105 173 79 89 179 189
Route 10 : 74 2 174 102 11 111 56 156 9 13 113 99 109 70 199 170 35 135
Route 11 : 96 16 116 196 76 176 62 6 162 38 106 58 138 158 91 191
