Instance name : bar-n5000-4
Authors       : Dmitriy Demin, Mikhail Diakov (msd@veeroute.com), Ivan Ilin, Nikita Ivanov, Viacheslav Sokolov (vs@veeroute.com) et al. VRt Global (https://veeroute.com/)
Date          : 2023-04-24
Reference     : veeroute.com
Solution
Route 1 : 1475 1834 3975 808 313 963 2813 3308 3463 4334
Route 2 : 1348 2244 3848 4744 813 573 1991 3073 3313 4491
Route 3 : 239 2261 4761 1411 2739 348 2848 3911
Route 4 : 1700 1757 4200 153 1302 4257 2653 3802 2187 4687
Route 5 : 1497 1602 4102 3997 2009 6 4509 2506
Route 6 : 958 396 164 3458 2896 2664 1727 1459 3959 4227
Route 7 : 451 1249 2951 677 3749 527 3177 3027
Route 8 : 139 2639 584 1496 1247 3996 3084 3747
Route 9 : 533 3033 2212 1394 4712 3894 1528 1811 4311 4028
Route 10 : 1619 4119 438 1051 201 2938 3551 2701 1456 3956
Route 11 : 2389 496 299 4889 2996 2799 1286 1588 3786 4088
Route 12 : 1741 1976 4241 4476 1319 246 2746 3819 585 3085
Route 13 : 1421 230 1145 2730 458 3921 273 2958 3645 2773
Route 14 : 1564 2040 4064 1929 4429 4540 590 662 3162 3090
Route 15 : 2460 393 4960 2893 1226 57 1724 2557 3726 4224
Route 16 : 831 2358 3331 4858 1055 530 3030 1635 3555 4135
Route 17 : 1325 1554 34 3825 4054 1797 2534 435 2935 4297
Route 18 : 1735 1920 1241 4235 4420 3741 1576 2113 4076 4613
Route 19 : 1353 670 3853 2240 4740 324 3170 2824
Route 20 : 879 2291 1879 4791 1406 4379 3379 2433 3906 4933
Route 21 : 2102 1979 4479 4602 432 720 3220 2932
Route 22 : 1048 1514 3548 4014 1391 2331 3891 4831
Route 23 : 1312 1786 2308 4286 3812 448 4808 2948
Route 24 : 538 1605 1211 3038 4105 101 3711 2601 7 2507
Route 25 : 598 751 3251 3098 1166 992 2141 3666 3492 4641
Route 26 : 1269 1681 652 3769 28 4181 3152 2528 600 3100
Route 27 : 2262 4762 454 2054 4554 2954
Route 28 : 249 1708 2749 836 4208 1688 3336 1809 4188 4309
Route 29 : 1464 328 3964 2828 1768 1299 3799 4268 31 2531
Route 30 : 1868 1080 3580 4368 1833 2042 4542 4333 85 2585
Route 31 : 1507 1370 4007 3870 152 1255 2652 3755
Route 32 : 622 3122 778 528 3028 3278 383 1763 4263 2883
Route 33 : 1201 1638 3701 2002 4138 994 3494 4502
Route 34 : 800 1005 3300 1572 4072 1434 2328 3934 4828 3505
Route 35 : 858 2323 4823 2296 4796 2099 3358 1693 4193 4599
Route 36 : 1223 796 1484 3723 3296 3984
Route 37 : 1229 1107 3729 377 105 3607 2877 2605
Route 38 : 1585 1338 4085 1441 2242 3838 4742 3941 223 2723
Route 39 : 2208 224 2203 4708 5 4703 274 2774 2505 2724
Route 40 : 1092 188 2688 1618 3592 1072 3572 4118
Route 41 : 819 1463 3963 56 3319 2556 2004 463 2963 4504
Route 42 : 1053 1754 3553 1474 3974 1687 492 4187 2992 4254
Route 43 : 155 475 2655 2126 4626 2975
Route 44 : 638 2047 2281 3138 4547 4781
Route 45 : 986 3486 1113 3613 1082 1156 3582 3656 1543 4043
Route 46 : 1291 1360 3860 1027 3791 1268 3527 3768
Route 47 : 1386 979 3886 676 3479 3176 1774 742 3242 4274
Route 48 : 1859 643 3143 2169 4359 99 4669 2599
Route 49 : 2494 1214 4994 3714 353 1994 2853 4494
Route 50 : 2194 2056 734 4694 3234 1091 3591 4556
Route 51 : 701 898 3398 1891 4391 1510 2230 4010 3201 4730
Route 52 : 2037 541 4537 1377 3877 3041 1760 725 4260 3225
Route 53 : 1670 2162 1729 4229 4170 4662 1869 4369 2483 4983
Route 54 : 18 549 2518 1612 3049 4112
Route 55 : 2455 4955 310 2204 4704 2810 1056 403 2903 3556
Route 56 : 1494 571 1683 3071 3994 4183 2368 791 4868 3291
Route 57 : 825 604 3325 507 3104 3007 1957 2302 4457 4802
Route 58 : 780 1447 955 3947 3280 3455 293 1371 2793 3871
Route 59 : 1931 1706 4431 1205 4206 1720 916 3705 3416 4220
Route 60 : 162 2662 1081 854 1800 3354 3581 4300 1416 3916
Route 61 : 301 2477 4977 2801 1845 2393 4345 4893
Route 62 : 2271 1289 415 2915 1917 4771 3789 4417
Route 63 : 1290 1667 3790 1523 4167 4023
Route 64 : 731 3231 1264 1026 976 3764 3526 3476
Route 65 : 2225 1955 133 4455 4725 1924 2633 4424
Route 66 : 2417 2357 4857 4917 2414 401 2901 4914
Route 67 : 882 887 3382 3387 61 2561
Route 68 : 2301 215 2715 4801 835 660 3335 3160
Route 69 : 58 1847 4347 2558 1573 1245 3745 4073
Route 70 : 864 613 3364 3113 650 166 2666 3150
Route 71 : 2063 4563 1414 620 3120 3914 2275 1830 4775 4330
Route 72 : 1272 1936 4436 3772 1304 1279 3804 3779
Route 73 : 1310 594 2342 3810 3094 1501 4842 4001
Route 74 : 2344 1010 4844 766 3510 1575 3266 4075
Route 75 : 629 937 3129 2491 3437 4991 346 1643 4143 2846
Route 76 : 503 930 678 3430 3003 3178 1535 1315 4035 3815
Route 77 : 1368 2171 4671 3868 2001 2111 4501 4611
Route 78 : 1439 692 2025 3939 3192 4525
Route 79 : 553 608 3108 850 3053 3350
Route 80 : 209 1587 625 2709 4087 522 3125 3022
Route 81 : 1443 1094 3943 2117 3594 240 2740 4617
Route 82 : 218 483 2983 1647 2718 390 4147 81 2890 2581
Route 83 : 285 902 2785 1858 468 4358 2968 3402 2443 4943
Route 84 : 1183 2019 4519 1186 3683 3686 2435 4935 1660 4160
Route 85 : 1803 933 4303 2269 651 3433 1964 4769 4464 3151
Route 86 : 763 1537 1694 4037 3263 4194 1881 4381
Route 87 : 2089 2459 4589 1173 3673 4959 2071 2258 4571 4758
Route 88 : 2432 2026 126 4526 4932 1659 2626 4159
Route 89 : 2439 631 4939 2247 3131 4747 919 3419
Route 90 : 2238 673 1997 4738 4497 1886 30 2530 4386 3173
Route 91 : 2405 1970 4905 1347 3847 4470 844 1374 3344 3874
Route 92 : 316 2422 2816 4922 1097 2464 124 4964 3597 2624
Route 93 : 2207 489 2989 2138 996 4707 1193 3693 3496 4638
Route 94 : 1446 2094 2190 3946 4594 1292 4690 3792
Route 95 : 417 255 2755 2917 1759 1788 4259 4288
Route 96 : 824 2497 47 3324 4997 1236 2547 3736 1860 4360
Route 97 : 2051 407 2907 196 4551 1100 2696 3600
Route 98 : 339 1148 297 2839 3648 1131 2797 3631
Route 99 : 2367 4867 472 1337 814 2972 3837 3314
Route 100 : 2172 1482 1880 3982 4380 4672 298 1722 4222 2798
Route 101 : 1399 2243 4743 806 3899 894 3306 681 3181 3394
Route 102 : 1316 2231 1762 3816 4262 1661 2450 4731 4161 4950
Route 103 : 1815 259 2759 4315 1225 8 2508 3725 980 3480
Route 104 : 972 3472 2278 4778
Route 105 : 1969 521 4469 3021 1764 212 2712 4264
Route 106 : 321 2821 1805 1548 2108 4608 4305 1954 4048 4454
Route 107 : 329 1240 2829 3740 51 422 2922 2551 617 3117
Route 108 : 207 323 2707 2823 1835 2476 4976 1084 4335 3584
Route 109 : 1258 3758 413 568 2913 859 3068 373 2873 3359
Route 110 : 2373 1623 1686 4186 4873 4123 452 418 2952 2918
Route 111 : 519 3019 257 1841 4341 2757 1692 1037 3537 4192
Route 112 : 2394 4894 2059 4559 1172 648 3672 1339 3839 3148
Route 113 : 349 350 2850 1379 928 2849 3428 3879 60 2560
Route 114 : 529 307 3029 1662 1341 2807 3841 4162
Route 115 : 828 26 2526 3328 1042 1960 4460 3542
Route 116 : 485 2416 2985 1534 508 4916 4034 3008
Route 117 : 2005 871 461 4505 3371 2961 1816 4316
Route 118 : 118 510 2317 2618 3010 4817 1218 3718
Route 119 : 1422 985 3485 2211 3922 4711 794 623 3294 3123
Route 120 : 1366 410 3866 524 2910 1770 4270 3024 1963 4463
Route 121 : 359 2859 1677 774 4177 3 2503 3274
Route 122 : 2355 633 4855 3133 1029 2127 4627 3529
Route 123 : 1702 969 4202 2354 3469 816 10 3316 4854 2510
Route 124 : 74 1359 129 2574 3859 1500 2629 1657 4157 4000
Route 125 : 765 1980 909 3409 3265 4480 952 231 3452 2731
Route 126 : 761 3261 634 1244 3134 1922 3744 687 4422 3187
Route 127 : 1070 2104 3570 1263 4604 2320 3763 4820
Route 128 : 689 1558 4058 3189 683 1307 3183 2434 4934 3807
Route 129 : 474 1444 2974 1781 3944 653 4281 1579 3153 4079
Route 130 : 431 776 3276 148 2156 2648 4656 2931
Route 131 : 1168 2234 3668 4734 2489 1740 4240 4989
Route 132 : 805 717 3305 1882 3217 2395 1674 4895 4174 4382
Route 133 : 1519 606 473 4019 3106 880 2973 3380
Route 134 : 2223 4723 2470 4970 772 747 3247 3272 264 2764
Route 135 : 219 1832 514 2719 4332 3014 1878 1799 4378 4299
Route 136 : 69 1892 4392 1551 2569 839 4051 3339
Route 137 : 1849 4349 908 1615 3408 4115 2170 2015 4515 4670
Route 138 : 1266 112 2283 3766 2612 913 4783 3413
Route 139 : 564 1044 1819 4319 1220 3064 3544 3720
Route 140 : 2030 2457 1529 4530 4029 1946 4957 4446
Route 141 : 2122 4622 180 154 2654 2680 2124 1973 4624 4473
Route 142 : 1629 1271 4129 2371 3771 4871 2036 890 4536 3390
Route 143 : 1285 3785 1419 934 290 2790 3919 3434
Route 144 : 144 587 2644 65 591 2565 3091 3087
Route 145 : 1610 644 179 3144 361 2679 1125 2861 3625 4110
Route 146 : 2092 4592 184 1897 2684 2366 4397 4866
Route 147 : 2442 4942 1046 1298 3546 593 3798 202 3093 2702
Route 148 : 2209 1950 4709 4450 669 1008 3169 2347 4847 3508
Route 149 : 2361 951 3451 445 4861 2370 2945 4870
Route 150 : 1907 4407 1532 1412 4032 3912 70 1527 2570 4027
Route 151 : 1035 3535 1758 2213 4713 4258 865 953 3453 3365
Route 152 : 672 534 55 3172 2555 1581 905 4081 3034 3405
Route 153 : 1990 4490 1187 3687 1013 1613 4113 3513
Route 154 : 601 1351 1836 4336 3101 1032 3851 2087 3532 4587
Route 155 : 727 116 3227 2616 1491 1154 3654 639 3991 3139
Route 156 : 605 1607 3105 732 4107 1103 3603 847 3347 3232
Route 157 : 1733 1137 1826 4233 3637 4326 495 949 2995 3449
Route 158 : 2135 4635 574 1888 123 3074 2623 4388
Route 159 : 2178 4678 1984 741 4484 1387 3887 3241 710 3210
Route 160 : 719 2100 3219 2017 4600 1142 4517 1060 3642 3560
Route 161 : 2456 1215 4956 1617 3715 863 4117 3363 840 3340
Route 162 : 1679 398 2236 4179 2898 4736 2246 4746
Route 163 : 235 1235 3735 2735 1538 1932 860 4038 4432 3360
Route 164 : 1862 4362 1363 1433 3933 3863 1415 3915
Route 165 : 723 3223 1726 4226 1749 911 4249 690 3411 3190
Route 166 : 987 2046 4546 3487 2264 4764 456 1331 2956 3831
Route 167 : 1778 204 4278 1194 2704 1633 3694 798 3298 4133
Route 168 : 2182 2114 102 4614 281 2602 4682 628 2781 3128
Route 169 : 477 1823 1270 2977 754 3770 543 4323 3043 3254
Route 170 : 1132 3632 1388 520 3888 3020 1861 1101 4361 3601
Route 171 : 1357 1001 1110 3857 3501 3610 2369 4869 261 2761
Route 172 : 71 146 2646 2571 1908 317 2817 1842 4408 4342
Route 173 : 2313 195 744 4813 2695 3244 2173 4673
Route 174 : 2066 1817 387 4566 4317 764 2887 3264
Route 175 : 838 1874 666 3338 3166 4374 1875 4375
Route 176 : 2493 2279 4993 4779 2411 13 4911 2513
Route 177 : 1710 2245 161 4210 740 4745 3240 944 3444 2661
Route 178 : 352 2175 2852 4675 1157 2018 4518 3657
Route 179 : 2011 4511 1136 22 3636 2522 657 1358 3858 3157
Route 180 : 2088 2069 4569 4588 1068 583 3083 3568
Route 181 : 114 1063 3563 2614 1547 562 3062 4047
Route 182 : 17 2329 2517 2472 4829 1479 4972 364 3979 2864
Route 183 : 1689 1974 4474 4189 736 2480 3236 2451 4980 4951
Route 184 : 4 635 1087 149 2504 3587 2649 3135
Route 185 : 843 2210 3343 127 4710 714 3214 2627
Route 186 : 379 2134 2879 1598 4098 1165 4634 238 3665 2738
Route 187 : 981 2027 842 3342 4527 1540 3481 4040
Route 188 : 1915 2292 4415 4792 1562 1525 1839 4062 4025 4339
Route 189 : 709 49 1276 1207 3209 3707 3776 2186 4686 2549
Route 190 : 1364 2429 1041 3541 3864 4929
Route 191 : 1595 2318 1773 4818 2259 4273 4095 737 3237 4759
Route 192 : 1521 1362 4021 147 3862 680 3180 2647
Route 193 : 1428 505 3005 3928 581 2401 4901 903 3081 3403
Route 194 : 2372 2067 4872 2419 4567 1993 4493 4919
Route 195 : 83 558 826 2583 3058 3326 506 3006
Route 196 : 1288 2218 2374 3788 4874 4718
Route 197 : 2266 1890 214 4390 4766 2714 1707 4207
Route 198 : 2179 2406 4906 637 4679 988 3488 3137 267 2767
Route 199 : 459 668 2959 3168 289 150 2789 663 2650 3163
Route 200 : 500 54 2020 2554 3000 1721 4520 1783 4283 4221
Route 201 : 1196 1625 746 3696 4125 3246
Route 202 : 130 2630 1672 883 769 3269 4172 3383
Route 203 : 1596 1175 3675 1184 4096 773 3273 3684
Route 204 : 1114 2409 752 1546 4909 3614 2332 4046 4832 3252
Route 205 : 1848 2097 4597 1998 4348 4498 1318 995 3818 3495
Route 206 : 1843 2353 4853 4343 875 1490 3990 3375
Route 207 : 476 1039 2976 1480 3539 2447 3980 1641 4141 4947
Route 208 : 658 647 3158 706 3147 3206 178 484 2984 2678
Route 209 : 2193 4693 1666 205 2265 2705 4166 1926 4765 4426
Route 210 : 1204 2130 106 4630 3704 2606 959 358 3459 2858
Route 211 : 1159 480 3659 253 2980 2753 270 2022 2770 4522
Route 212 : 185 1400 3900 2685 1219 1030 3719 3530
Route 213 : 1533 4033 1023 862 331 3362 3523 2831 1512 4012
Route 214 : 1854 1570 4070 4354 1019 983 1571 3483 3519 4071
Route 215 : 497 2115 802 4615 2997 3302 868 3368
Route 216 : 24 2035 2524 4535 1668 2038 4168 588 4538 3088
Route 217 : 340 699 3199 2336 2840 4836 1108 1099 3608 3599
Route 218 : 2352 2072 4572 1996 1402 3902 4496 138 4852 2638
Route 219 : 2154 753 86 4654 3253 1151 2586 3651
Route 220 : 1252 284 3752 1009 2784 38 2380 3509 4880 2538
Route 221 : 2446 517 4946 63 3017 2312 2563 1793 4293 4812
Route 222 : 2485 1058 4985 3558 1956 391 2891 956 3456 4456
Route 223 : 1301 1580 991 3491 1620 4080 3801 1153 4120 3653
Route 224 : 1685 2028 2335 4185 4528 2487 4835 4987 1260 3760
Route 225 : 380 2334 2880 2273 4834 504 4773 1597 4097 3004
Route 226 : 2341 4841 2147 2219 4647 4719 1209 315 2815 3709
Route 227 : 935 247 21 3435 2521 1945 4445 2747 1033 3533
Route 228 : 1914 917 4414 143 2643 770 3270 1761 3417 4261
Route 229 : 409 1675 2909 4175 1396 1802 4302 3896
Route 230 : 1919 1028 1951 2166 3528 4451 2316 4666 4816 4419
Route 231 : 113 1487 2613 3987 1262 2423 4923 3762 878 3378
Route 232 : 1654 1709 4154 94 4209 833 2594 1653 3333 4153
Route 233 : 550 3050 1007 2440 1273 4940 3773 3507
Route 234 : 1517 2053 4017 25 4553 525 2525 3025
Route 235 : 2214 2112 2202 4714 2285 4612 4785 941 4702 3441
Route 236 : 1170 1606 4106 3670 360 812 1454 2860 3312 3954
Route 237 : 1513 2199 4699 1566 4013 1649 4066 1903 4149 4403
Route 238 : 425 2013 4513 2925 1616 4116 1213 1499 3713 3999
Route 239 : 502 3002 1982 2082 1317 4482 3817 4582 1134 3634
Route 240 : 369 1450 2869 3950 1505 213 4005 2713
Route 241 : 1807 1526 938 4307 404 3438 4026 2904
Route 242 : 280 2780 1747 4247 423 2445 2923 2348 4945 4848
Route 243 : 158 1116 2658 855 3616 2048 3355 4548
Route 244 : 1495 1744 3995 1432 4244 682 3932 3182
Route 245 : 1256 1639 103 803 4139 2603 3303 630 3130 3756
Route 246 : 1203 954 3703 3454 1511 308 4011 2808
Route 247 : 1139 1873 2377 4373 4877 2043 2049 4543 4549 3639
Route 248 : 790 1734 3290 4234 870 1912 4412 3370
Route 249 : 526 236 3026 1977 2736 1520 4020 4477
Route 250 : 1462 1701 721 4201 2466 3221 4966 3962
Route 251 : 2272 1277 3777 4772 575 12 2041 2512 3075 4541
Route 252 : 2215 1559 4715 2086 4586 4059
Route 253 : 1927 667 1324 3167 4427 1870 3824 656 3156 4370
Route 254 : 462 2469 2962 1655 841 4969 4155 3341 2217 4717
Route 255 : 1715 4215 728 1772 789 3289 3228 4272 1780 4280
Route 256 : 1423 3923 1664 4164 1477 1591 4091 3977
Route 257 : 852 3352 2239 975 4739 1748 3475 4248 2206 4706
Route 258 : 989 827 3489 1189 3327 243 3689 171 2671 2743
Route 259 : 441 1820 1390 2941 1663 4320 3890 4163
Route 260 : 2468 4968 708 2412 1568 4912 333 4068 2833 3208
Route 261 : 96 1952 2596 609 4452 3109 1143 76 2576 3643
Route 262 : 53 1045 2553 2065 2362 3545 4862 4565
Route 263 : 356 2319 2856 2008 4508 2410 4910 885 4819 3385
Route 264 : 624 1810 4310 1652 3124 4152 607 2314 4814 3107
Route 265 : 1282 2128 3782 192 4628 1409 416 2692 3909 2916
Route 266 : 2461 2095 4961 1594 233 4595 2733 4094
Route 267 : 795 2233 3295 615 3115 4733 446 853 2946 3353
Route 268 : 466 1601 16 2516 2966 4101
Route 269 : 189 262 2689 1909 4409 2762 84 2584
Route 270 : 2475 1577 4975 4077 1198 1791 4291 3698
Route 271 : 2350 1563 450 4063 4850 2950 222 2722
Route 272 : 2385 1743 4885 4243 1921 4421 2288 1403 4788 3903
Route 273 : 1074 542 3574 1560 3042 75 52 4060 2575 2552
Route 274 : 755 715 3255 3215 306 2490 962 4990 3462 2806
Route 275 : 318 2263 4763 87 2818 2068 4568 2587 1197 3697
Route 276 : 327 98 2598 900 2827 3400
Route 277 : 515 3015 957 95 1342 3457 2595 3842
Route 278 : 455 2955 856 3356 1038 1179 982 3679 3538 3482
Route 279 : 229 1644 4144 2729 142 2322 4822 2642 427 2927
Route 280 : 1118 1314 3618 1627 3814 621 4127 3121
Route 281 : 1 1410 2501 66 3910 1418 2566 3918
Route 282 : 788 1455 932 3288 3955 3432
Route 283 : 1958 275 263 4458 2775 2763 1393 48 3893 2548
Route 284 : 1634 2096 4596 120 2148 2620 4134 4648
Route 285 : 2188 1728 4688 334 4228 577 2834 691 3077 3191
Route 286 : 160 2660 546 698 3046 1050 1871 3550 4371 3198
Route 287 : 966 1326 3466 3826 785 1448 3285 3948
Route 288 : 1752 767 4252 3267 1284 1905 3784 4405 943 3443
Route 289 : 906 100 2600 1599 3406 2151 4651 4099
Route 290 : 216 718 2716 1789 4289 3218 716 3216
Route 291 : 1355 1437 3937 3855 337 1696 4196 2837
Route 292 : 552 1206 198 3706 3052 2698
Route 293 : 338 1971 1846 4471 4346 88 2838 2588
Route 294 : 1637 228 2728 4137 555 1935 4435 3055 2321 4821
Route 295 : 175 326 2081 2675 1140 4581 2826 3640 1941 4441
Route 296 : 1753 1124 4253 3624 1135 641 389 3635 3141 2889
Route 297 : 2306 283 2783 1392 4806 1384 3884 3892
Route 298 : 1745 29 4245 730 2529 1466 3230 3966
Route 299 : 1645 548 4145 286 2786 3048 1117 1057 3557 3617
Route 300 : 2249 2064 141 4749 4564 743 2641 1309 3243 3809
Route 301 : 234 2496 2734 156 2415 4996 2656 4915
Route 302 : 2500 1043 3543 5000 501 1442 3001 3942
Route 303 : 2221 208 2708 978 395 2895 3478 4721
Route 304 : 312 319 37 2819 1801 2537 4301 1457 3957 2812
Route 305 : 1149 2407 3649 561 4907 487 3061 618 2987 3118
Route 306 : 388 1405 3905 2888 2076 225 2725 304 4576 2804
Route 307 : 929 481 3429 922 1190 2981 3422 1231 3690 3731
Route 308 : 1771 1109 4271 2197 3609 419 4697 971 2919 3471
Route 309 : 15 1604 2515 4104 1354 3854 1989 135 2635 4489
Route 310 : 1949 172 2180 4449 2672 2142 4680 4642
Route 311 : 1902 1112 1227 4402 3612 3727
Route 312 : 873 893 3373 1829 3393 2360 4860 4329
Route 313 : 1182 783 3682 1425 3283 1031 1669 3925 3531 4169
Route 314 : 997 3497 2379 2057 4879 1889 4557 1294 4389 3794
Route 315 : 309 1334 2809 3834 1431 345 2845 3931
Route 316 : 1925 2276 599 4425 2293 3099 1085 4793 3585 4776
Route 317 : 1171 1704 4204 2343 3671 4843 1779 4279
Route 318 : 457 671 3171 163 2957 2663 2438 4938
Route 319 : 2448 512 4948 136 3012 2044 2636 1210 4544 3710
Route 320 : 1769 2282 4782 4269 1265 3765 2254 2307 4807 4754
Route 321 : 1401 973 1349 3473 3901 3849 1864 1274 3774 4364
Route 322 : 1959 1923 4459 1967 4423 363 4467 2863
Route 323 : 1544 874 3374 4044 582 367 1398 2867 3082 3898
Route 324 : 688 1155 3655 544 3188 2339 1782 3044 4282 4839
Route 325 : 867 3367 1777 347 4277 2847 897 104 2604 3397
Route 326 : 434 1978 4478 1894 2934 947 3447 4394
Route 327 : 1887 371 4387 1730 2871 444 357 4230 2944 2857
Route 328 : 1673 1999 4173 1144 4499 1408 3644 3908 1167 3667
Route 329 : 2421 700 3200 2132 1052 2125 4632 3552 4625 4921
Route 330 : 931 429 2929 655 3431 2387 3155 4887 1453 3953
Route 331 : 1714 892 3392 4214 1586 4086
Route 332 : 1592 4092 1079 1814 4314 3579 2402 4902
Route 333 : 1458 2131 3958 1795 4631 888 3388 4295 946 3446
Route 334 : 2085 400 2267 664 3164 2900 4585 1614 4767 4114
Route 335 : 614 2463 889 3114 3389 4963 579 1631 3079 4131
Route 336 : 1177 2495 3677 2159 4995 1283 3783 4659
Route 337 : 580 1818 97 4318 1460 2597 1775 3960 4275 3080
Route 338 : 597 557 3097 3057 378 469 2969 2878
Route 339 : 1630 2201 4130 2074 4701 1865 4574 4365 2378 4878
Route 340 : 1913 2467 4413 4967 2403 1640 4140 4903
Route 341 : 1898 1090 1420 3590 822 4398 3920 3322
Route 342 : 2153 2183 4683 168 4653 46 2668 801 2546 3301
Route 343 : 2253 749 1895 3249 4753 646 4395 1064 3146 3564
Route 344 : 857 3357 1133 1004 1150 3504 3633 3650 2413 4913
Route 345 : 2324 1365 724 3865 3224 4824 1404 1900 3904 4400
Route 346 : 2014 4514 901 654 3154 3401 2062 759 3259 4562
Route 347 : 1098 1828 1503 4328 3598 4003 1040 3540
Route 348 : 1582 2384 1545 4082 4884 4045
Route 349 : 1015 1280 1508 3515 570 3780 4008 3070
Route 350 : 2129 4629 2191 4691 1372 2032 3872 1185 4532 3685
Route 351 : 1267 2098 332 3767 4598 2397 2832 4897
Route 352 : 210 1234 1259 3734 2710 1621 3759 4121
Route 353 : 786 567 3067 3286 335 2200 4700 2835
Route 354 : 1000 1813 4313 711 3500 2428 3211 4928
Route 355 : 1857 2024 4357 4524 2084 1555 4055 4584
Route 356 : 1034 537 1191 3534 1313 3037 3691 3813 1429 3929
Route 357 : 2349 1382 4849 2346 3882 1509 4009 4846
Route 358 : 679 1492 918 3179 3992 3418
Route 359 : 1424 547 3924 3047 248 1261 1910 3761 2748 4410
Route 360 : 137 372 2872 397 245 2897 2745 2637
Route 361 : 2305 818 4805 2390 3318 244 4890 2744 1750 4250
Route 362 : 1468 1343 815 3315 3968 3843 787 1928 3287 4428
Route 363 : 1896 2400 4396 592 4900 330 2830 3092
Route 364 : 1853 1746 4353 4246 2250 2462 4750 4962
Route 365 : 62 1216 3716 2562 1436 1723 3936 4223
Route 366 : 2157 2473 4657 4973 1742 2499 4242 2 4999 2502
Route 367 : 1493 1340 1983 4483 3840 1088 3993 3588
Route 368 : 1426 151 2651 3926 1785 272 4285 2772
Route 369 : 2136 511 1250 3011 1565 4636 4065 23 2523 3750
Route 370 : 2189 1530 2165 4030 884 1866 3384 4665 4366 4689
Route 371 : 1095 2033 4533 1650 3595 2226 4150 4726
Route 372 : 2061 1380 4561 314 3880 1732 4232 2814
Route 373 : 375 2310 2875 2079 4810 1054 4579 3554 2168 4668
Route 374 : 1397 2029 3897 165 4529 2665 27 2527
Route 375 : 793 2031 1485 3293 3985 4531 2474 611 3111 4974
Route 376 : 1787 1180 4287 1243 498 3680 2998 3743
Route 377 : 1651 1077 4151 925 998 3498 3577 3425
Route 378 : 872 1855 3372 4355 1844 990 2007 4344 3490 4507
Route 379 : 2167 739 4667 406 3239 1049 2906 3549
Route 380 : 167 2667 2297 1296 4797 1281 3796 1435 3781 3935
Route 381 : 1233 1636 3733 1278 640 4136 3140 3778
Route 382 : 241 1671 2741 206 4171 792 2706 1646 3292 4146
Route 383 : 109 2609 616 569 899 3116 3069 3399
Route 384 : 540 849 3040 891 3349 3391 2184 122 4684 2622
Route 385 : 1174 436 3674 2936 296 1375 3875 2796
Route 386 : 1550 2391 4891 4050 950 2356 750 3250 3450 4856
Route 387 : 279 117 2298 4798 2779 2617 2080 4580
Route 388 : 1804 4304 910 437 2937 3410 2274 341 4774 2841
Route 389 : 115 2010 1648 4148 4510 2192 2146 2615 4646 4692
Route 390 : 1332 134 1061 3832 2634 50 3561 1237 2550 3737
Route 391 : 1942 1287 4442 1877 4377 3787 1608 1589 4108 4089
Route 392 : 221 2721 1069 2479 3569 2093 4979 199 2699 4593
Route 393 : 1691 191 2691 1329 4191 394 3829 1105 2894 3605
Route 394 : 1242 735 3742 1552 3235 1465 4052 232 3965 2732
Route 395 : 490 1986 2990 2388 4486 518 3018 4888
Route 396 : 1884 2137 4384 722 342 4637 2842 1569 3222 4069
Route 397 : 1152 470 3652 2970 2299 443 1470 4799 2943 3970
Route 398 : 642 3142 1918 2498 4418 1413 4998 3913 68 2568
Route 399 : 1697 2016 2091 4516 2304 4197 4591 1181 4804 3681
Route 400 : 1417 649 3149 3917 242 999 3499 2742
Route 401 : 1239 200 2700 3739 1381 440 386 2886 2940 3881
Route 402 : 2123 1253 3753 4623 1257 1962 4462 3757 2003 4503
Route 403 : 1128 250 2256 3628 2750 1825 4756 832 4325 3332
Route 404 : 467 2967 1678 1345 3845 4178 2034 1899 4399 4534
Route 405 : 1160 351 2851 3660 675 3175 1344 2418 4918 3844
Route 406 : 696 1067 3567 3196 108 2284 1123 2608 4784 3623
Route 407 : 1852 2444 4352 385 4944 295 2885 1014 2795 3514
Route 408 : 881 697 3381 1199 1308 3197 2161 3699 3808 4661
Route 409 : 251 2330 2751 1002 80 3502 4830 2580
Route 410 : 1943 2427 1947 4443 4927 1713 4447 733 4213 3233
Route 411 : 1822 4322 1246 194 3746 2694 924 197 3424 2697
Route 412 : 1756 845 2090 4590 4256 3345 1965 354 2854 4465
Route 413 : 572 1111 1684 3611 4184 531 3031 2145 3072 4645
Route 414 : 1872 1680 4372 4180 1626 1075 535 3575 4126 3035
Route 415 : 420 1451 3951 2920 1445 1972 1489 3945 3989 4472
Route 416 : 1561 237 4061 2399 2737 2195 4899 4695
Route 417 : 2103 4603 302 1361 2802 2300 3861 90 4800 2590
Route 418 : 370 2870 2404 645 4904 2222 3145 4722
Route 419 : 820 3320 1076 2295 4795 2365 3576 4865
Route 420 : 576 3076 1471 1066 2139 3971 4639 3566
Route 421 : 45 2545 2152 1541 368 2868 4041 1806 4652 4306
Route 422 : 693 344 940 2844 3193 3440
Route 423 : 846 1093 1275 3346 3593 1590 3775 895 4090 3395
Route 424 : 1712 4212 1593 686 2077 3186 4093 4577
Route 425 : 465 695 1200 2268 3195 565 3700 3065 4768 2965
Route 426 : 920 3420 984 578 523 3078 3484 365 3023 2865
Route 427 : 968 2198 3468 44 2544 78 2578 4698
Route 428 : 1498 1838 3998 705 3205 4338 926 1737 3426 4237
Route 429 : 1906 1531 4406 4031 119 704 3204 2619 430 2930
Route 430 : 2176 2000 4500 4676 1796 1373 3873 439 4296 2939
Route 431 : 2150 2216 4650 1102 4716 3602
Route 432 : 67 2436 1073 2567 4936 1824 3573 4324 1904 4404
Route 433 : 707 3207 2055 91 2591 1147 4555 2311 4811 3647
Route 434 : 2120 1086 1449 4620 3949 2315 2363 4863 4815 3586
Route 435 : 145 343 2645 2843 823 2073 3323 2155 4573 4655
Route 436 : 912 1790 779 3412 471 3279 4290 2971 442 2942
Route 437 : 1024 509 3524 1699 3009 4199 11 2511
Route 438 : 1767 169 2669 942 4267 491 3442 2991
Route 439 : 2105 121 4605 2621 2177 1212 1158 3712 4677 3658
Route 440 : 2260 4760 59 1106 1025 3525 2559 3606
Route 441 : 2431 4931 1036 408 1389 3536 3889 2908
Route 442 : 2119 4619 1438 3938 1322 904 3822 3404 1578 4078
Route 443 : 2364 2012 4864 1488 915 4512 1254 3988 3415 3754
Route 444 : 2235 1483 35 3983 2535 1867 36 2536 4367 4735
Route 445 : 424 2924 886 303 3386 2337 4837 362 2803 2862
Route 446 : 610 1221 3110 777 3721 1827 3277 4327
Route 447 : 1012 2229 3512 914 4729 1930 3414 4430 1542 4042
Route 448 : 453 619 1736 2953 3119 4236
Route 449 : 1295 2452 4952 1622 3795 479 4122 2979
Route 450 : 2164 4664 921 771 1192 3271 3421 3692
Route 451 : 258 2758 1705 1071 1129 4205 2075 3629 3571 4575
Route 452 : 513 1665 4165 3013 254 799 596 2754 3096 3299
Route 453 : 494 1553 2437 4937 4053 589 2994 3089
Route 454 : 186 2196 2686 4696 260 2760 305 757 2805 3257
Route 455 : 945 1378 3445 3878 1524 2070 4570 4024
Route 456 : 2133 762 4633 3262 539 2078 3039 1851 4578 4351
Route 457 : 1146 1961 3646 781 4461 3281 1119 1336 3836 3619
Route 458 : 2039 603 3103 89 4539 1122 40 2540 3622 2589
Route 459 : 227 2488 1690 2727 4190 2058 1792 4292 4558 4988
Route 460 : 560 2492 3060 4992 1856 256 1725 4356 4225 2756
Route 461 : 1141 278 2778 1228 3641 1323 3728 193 3823 2693
Route 462 : 2280 4780 2287 1658 4787 1504 4158 1938 4004 4438
Route 463 : 1716 1609 4216 665 4109 3165
Route 464 : 1352 322 3852 1083 2822 3583
Route 465 : 128 1840 355 2628 2855 4340 300 1126 3626 2800
Route 466 : 1516 2345 4016 1472 4845 661 1169 3972 3669 3161
Route 467 : 804 277 1642 3304 2777 4142 2252 4752
Route 468 : 1469 1306 545 3045 3806 556 3969 1473 3973 3056
Route 469 : 1321 266 2766 3821 1222 2149 320 4649 3722 2820
Route 470 : 1506 4006 1178 1467 1335 3835 3678 3967 2396 4896
Route 471 : 499 2426 2999 4926 551 276 2375 2776 3051 4875
Route 472 : 311 2478 2811 684 4978 3184 1176 3676
Route 473 : 1346 632 659 3159 3846 2143 4643 1632 3132 4132
Route 474 : 782 1901 4401 3282 2333 366 2866 4833
Route 475 : 713 1003 3503 3213 402 2902 176 159 2659 2676
Route 476 : 2326 92 4826 2592 2181 1948 4681 4448
Route 477 : 1939 1356 3856 1017 4439 2303 3517 4803
Route 478 : 217 265 1656 2717 2765 4156 1427 3927
Route 479 : 2118 2471 830 4971 4618 1016 3330 3516 2205 4705
Route 480 : 1078 807 3307 2294 3578 1937 4437 4794
Route 481 : 1916 810 3310 1376 4416 460 3876 2121 2960 4621
Route 482 : 1208 2023 3708 41 4523 1022 3522 2541
Route 483 : 2327 226 4827 1311 2726 3811 464 2309 4809 2964
Route 484 : 563 2286 9 3063 4786 1518 2509 2144 4018 4644
Route 485 : 426 907 2926 2021 4521 3407 1089 784 3284 3589
Route 486 : 1751 2251 4251 384 4751 1698 4198 2884 33 2533
Route 487 : 2160 1020 3520 4660 1536 1476 3976 4036 1138 3638
Route 488 : 2220 2270 4720 1863 288 4770 2788 4363
Route 489 : 960 612 3112 1985 3460 1850 4485 1885 4385 4350
Route 490 : 1731 79 4231 2579 1975 1385 3885 2109 4475 4609
Route 491 : 1893 428 1611 4111 2928 2277 4393 4777
Route 492 : 269 2386 2769 4886 1333 1719 3833 2482 4219 4982
Route 493 : 927 287 3427 811 2787 3311 948 3448
Route 494 : 177 493 2993 2677 292 2116 291 2792 4616 2791
Route 495 : 674 1676 4176 3174 2465 532 3032 4965
Route 496 : 271 1162 190 2771 3662 140 2690 2640
Route 497 : 760 1478 3260 1539 3978 4039
Route 498 : 1940 268 2241 2768 1812 4312 4741 4440 1837 4337
Route 499 : 1163 3663 1047 2340 3547 974 702 3202 4840 3474
Route 500 : 1104 866 3366 3604 414 1739 2914 4239
Route 501 : 2101 2424 4601 1600 4924 1557 4100 1130 4057 3630
Route 502 : 2255 1059 1011 3559 4755 3511
Route 503 : 433 1293 2933 3793 2232 183 4732 19 2683 2519
Route 504 : 132 2158 2185 4685 4658 2632 1784 977 4284 3477
Route 505 : 1988 1232 3732 1911 4488 1695 4195 2441 4941 4411
Route 506 : 2376 2045 4545 970 636 3470 3136 4876
Route 507 : 685 72 3185 82 488 1765 2582 2988 4265 2572
Route 508 : 110 1367 2610 3867 2140 1305 3805 4640 1628 4128
Route 509 : 32 376 2532 2876 412 2449 4949 2912
Route 510 : 1794 157 1486 2657 4294 1328 3986 627 3828 3127
Route 511 : 961 1766 4266 1717 3461 1981 4217 4481 294 2794
Route 512 : 829 1461 3961 3329 336 2107 4607 2836
Route 513 : 1238 2050 3738 4550 2338 64 4838 2564
Route 514 : 1953 382 4453 181 2681 745 3245 2882
Route 515 : 726 3226
Route 516 : 1248 2060 3748 554 1330 4560 3054 3830
Route 517 : 1821 211 2711 1300 2163 3800 170 4321 4663 2670
Route 518 : 2425 964 3464 4925 2382 748 4882 3248
Route 519 : 2237 2110 173 4737 2673 4610 486 2986
Route 520 : 965 1440 3465 2248 4748 3940 1583 936 3436 4083
Route 521 : 626 73 2573 43 3126 421 2921 2543
Route 522 : 1006 325 2289 2825 3506 1350 4789 1164 3664 3850
Route 523 : 381 817 3317 2454 2881 2325 4825 4954
Route 524 : 174 861 2674 1755 3361 1831 4331 4255 738 3238
Route 525 : 1217 1703 4203 3717 712 1624 3212 967 3467 4124
Route 526 : 39 2392 2381 2539 4881 1933 4433 4892
Route 527 : 1230 2430 4930 3730 42 2458 2542 4958 1369 3869
Route 528 : 851 252 411 2359 2752 3351 2911 4859
Route 529 : 536 1515 4015 1944 3036 4444 869 1567 4067 3369
Route 530 : 125 1021 1522 3521 2625 4022 694 3194
Route 531 : 1452 1430 3930 3952 2106 77 2257 2577 4606 4757
Route 532 : 282 1934 2782 1603 4434 1018 3518 834 3334 4103
Route 533 : 2484 1584 4984 1303 3803 4084 1120 3620
Route 534 : 449 1407 2949 896 3907 3396
Route 535 : 447 566 2947 876 1776 2351 4276 3376 4851 3066
Route 536 : 516 14 3016 107 1062 2514 3562 2607
Route 537 : 2224 4724 1188 2174 586 4674 2453 3688 3086 4953
Route 538 : 1327 3827 220 93 2720 1202 2593 1096 3702 3596
Route 539 : 1798 1395 4298 3895 1481 1065 3981 3565 1992 4492
Route 540 : 2006 111 4506 482 2611 2420 2982 4920 939 3439
Route 541 : 1115 1556 1127 4056 1968 3615 4468 3627
Route 542 : 758 3258 1808 2083 1251 4308 4583 3751
Route 543 : 1738 1883 809 4383 4238 3309 2052 1718 4552 4218
Route 544 : 1682 1297 3797 4182 1121 2383 3621 756 4883 3256
Route 545 : 2481 478 4981 131 2227 2978 4727 2631 2228 4728
Route 546 : 768 3268 1383 821 3321 1966 3883 1320 4466 3820
Route 547 : 595 1574 3095 4074 374 602 2874 3102
Route 548 : 559 2398 3059 392 4898 2892 405 2290 2905 4790
Route 549 : 1549 2486 4049 848 993 3348 3493 4986
Route 550 : 837 3337 729 1195 3695 3229 1502 4002
Route 551 : 775 399 877 2899 3377 1987 4487 3275
Route 552 : 203 1876 2703 4376 20 182 2520 703 2682 3203
Route 553 : 187 1995 923 4495 3423 1224 2687 3724
Route 554 : 1711 1161 4211 3661 2408 797 3297 4908