Instance name:	bar-n800-3
Authors:		Carlo Sartori and Luciana Buriol
Date:			2019-2-11
Reference:		A matheuristic approach to the PDPTW (to be submitted)
Solution
Route 1 : 126 138 538 282 526 682 222 183 622 296 247 583 696 135 647 108 508 535 225 64 464 69 625 469 28 235 635 428 256 130 656 206 530 606
Route 2 : 75 219 86 619 475 486 312 19 712 145 419 100 500 202 545 270 602 232 670 297 337 737 632 313 330 713 697 730 300 323 322 700 723 722 88 488
Route 3 : 352 57 752 132 457 110 510 133 532 117 533 221 356 756 621 517 244 184 186 584 644 320 160 586 185 720 266 252 560 585 289 666 689 652
Route 4 : 340 357 38 757 740 139 308 20 420 438 104 539 708 17 504 265 271 671 665 417 26 426 198 1 401 598 309 311 709 711 207 42 36 436 336 736 442 607
Route 5 : 159 559 243 101 501 197 9 220 620 597 409 643 168 568 294 363 694 763 174 193 574 199 328 593 152 302 599 728 162 552 702 562
Route 6 : 366 210 37 766 610 52 437 127 452 50 527 261 450 661 102 87 502 332 487 84 732 236 636 49 484 170 146 315 570 546 154 715 262 662 554 449
Route 7 : 307 158 558 105 707 505 278 260 118 518 678 167 660 338 370 567 171 738 571 241 770 125 641 525 96 299 107 699 327 496 507 21 98 727 60 421 25 425 173 460 498 573
Route 8 : 43 280 40 440 680 443 89 61 461 373 773 489 51 99 451 229 629 144 499 544 8 408 372 137 772 319 719 537 258 201 658 83 601 483
Route 9 : 77 189 477 22 111 422 589 511 163 345 563 190 745 151 112 590 148 512 305 551 705 548 310 710 324 376 724 136 536 31 776 431 181 106 506 581
Route 10 : 355 377 128 755 777 147 528 547 90 333 82 490 482 343 733 342 743 742 285 238 59 172 685 572 459 638 55 255 113 655 455 513 54 454 81 481
Route 11 : 326 23 120 423 292 726 284 692 684 520 217 165 565 70 365 470 617 240 765 640 382 97 782 34 497 116 434 516 10 259 380 659 410 780 142 13 542 413
Route 12 : 155 341 555 306 741 706 65 293 465 205 693 605 30 430 15 227 627 231 66 415 631 466 149 211 5 213 405 549 613 360 611 383 760 79 783 479
Route 13 : 290 47 690 447 218 277 228 618 251 628 386 786 378 651 677 778 14 414 157 71 557 6 471 62 462 406 246 263 646 131 531 44 444 663
Route 14 : 362 196 279 679 596 388 762 788 334 316 716 734 161 561 119 114 276 514 676 519 35 72 435 249 649 24 472 288 688 354 424 76 58 458 476 364 754 169 764 569
Route 15 : 74 95 474 367 495 164 349 564 749 39 124 767 524 283 176 439 683 215 576 257 187 657 615 317 587 121 717 521 389 391 791 68 789 180 468 580
Route 16 : 91 346 359 746 214 491 614 250 650 759 2 209 32 402 609 216 392 432 616 792 85 150 3 550 27 403 485 129 529 80 272 427 268 668 672 480
Route 17 : 395 295 46 446 695 795 287 274 687 385 674 253 785 361 761 653 368 226 768 115 626 369 281 769 515 374 681 291 691 233 774 633 335 381 735 781
Route 18 : 194 594 353 396 379 779 796 753 237 248 7 648 407 303 637 390 790 703 67 73 467 273 673 239 473 12 639 177 179 577 175 412 579 575 141 33 45 433 541 445
Route 19 : 182 153 223 329 553 393 729 344 793 744 53 623 582 267 667 453 348 4 109 509 748 404 384 358 758 784 321 721 347 387 16 747 787 397 416 298 698 797
Route 20 : 143 156 264 123 556 140 664 543 540 523 191 304 29 429 591 234 704 245 634 254 645 208 654 134 608 534 339 398 739 178 63 578 798 200 463 212 612 600
Route 21 : 78 93 493 204 604 94 494 399 478 318 718 799 56 18 418 92 456 48 448 492 331 325 725 203 731 192 592 122 603 242 41 522 441 375 775 351 642 751
Route 22 : 314 714 301 286 701 394 686 794 400 166 800 566 350 188 371 588 750 230 275 771 630 103 675 11 503 411 269 195 224 595 669 624
