Instance name : bar-n3000-4
Authors       : Dmitriy Demin, Mikhail Diakov (msd@veeroute.com), Ivan Ilin, Nikita Ivanov, Viacheslav Sokolov (vs@veeroute.com) et al. VRt Global (https://veeroute.com/)
Date          : yyyy-mm-dd
Reference     : veeroute.com
Solution
Route 1 : 851 1029 555 2529 1286 2055 2786 2351 467 1967
Route 2 : 902 867 735 2402 2235 2367 642 2142 423 788 2288 1923
Route 3 : 1386 2886 818 1249 2749 317 2318 1018 1817 235 2518 1735
Route 4 : 245 542 1745 1189 2689 517 77 350 2042 2017 1577 1850
Route 5 : 600 1491 2100 2991 298 1262 1798 339 2762 1839
Route 6 : 1306 483 1983 2806 1487 654 2987 2154 279 1384 1779 2884
Route 7 : 1005 257 1757 2505 740 583 2240 802 2083 947 610 2302 2447 2110
Route 8 : 156 1255 2755 1151 1656 1472 2972 578 2651 2078 304 160 1804 1660
Route 9 : 1239 963 381 2463 408 2739 1881 1057 1908 1009 2557 2509
Route 10 : 1406 875 2906 838 2375 1142 2338 1275 2642 2775 1465 2965
Route 11 : 532 883 290 2032 2383 502 1790 2002 1479 942 2442 2979
Route 12 : 202 893 1702 1268 2393 589 2768 2089 1187 552 2687 2052
Route 13 : 1117 19 2617 1335 2835 1519 605 1077 2577 2105 104 1604
Route 14 : 458 823 1958 952 2452 655 2323 238 2155 1738 1230 2730
Route 15 : 20 349 1520 16 1849 866 1516 670 1431 2366 2931 2170
Route 16 : 1145 1176 2645 1378 2676 931 2431 2878
Route 17 : 736 1237 2236 2737 142 377 1877 1240 1642 1454 2954 2740
Route 18 : 880 854 1216 2380 1490 2716 2354 63 2990 442 1563 1942
Route 19 : 187 322 1822 1037 1687 2537 774 2274 305 890 1805 2390
Route 20 : 390 113 282 1890 201 1782 1209 1613 1701 1280 2709 923 2780 2423
Route 21 : 341 1211 744 2244 2711 828 1252 1841 2328 1357 2752 2857
Route 22 : 1049 1299 2549 2799 1449 1248 2748 2949 1346 1350 2846 2850
Route 23 : 1098 1332 2598 873 2832 1174 2373 2674 793 996 2293 2496
Route 24 : 438 1089 1938 2589 1349 1314 958 1311 2849 2458 2814 2811
Route 25 : 1336 723 2223 864 2 2836 1048 2548 2364 567 1502 2067
Route 26 : 915 2415 89 1036 1310 2536 1589 2810 971 94 2471 1594
Route 27 : 645 294 2145 821 384 2321 1794 1884 599 253 1753 2099
Route 28 : 358 514 1858 2014 455 1260 1955 2760 1161 2661 1062 2562
Route 29 : 967 399 1899 2467 218 606 2106 1718 374 651 1874 2151
Route 30 : 212 768 2268 1008 1712 865 2508 2365 1473 1474 2973 2974
Route 31 : 154 515 1654 2015 382 1882 354 937 575 2437 1854 2075
Route 32 : 1442 941 2441 2942 695 630 2195 538 2130 2038 924 2424
Route 33 : 1420 507 2920 2007 544 722 2222 2044 449 896 1949 2396
Route 34 : 1241 1369 2869 1082 2741 892 2582 446 2392 539 1946 2039
Route 35 : 173 1673 1482 1038 2982 771 1279 2538 620 2271 2120 2779
Route 36 : 465 759 1965 2259 1448 2948 1319 647 1064 2147 2819 878 2564 2378
Route 37 : 363 1863 747 1141 2641 1288 2247 379 2788 1879 26 1526
Route 38 : 1028 496 2528 1196 1996 1343 2696 296 2843 1265 1796 2765
Route 39 : 97 255 1755 260 1597 859 1163 2359 1760 2663 250 1750
Route 40 : 404 1447 1904 67 2947 47 1567 922 1547 2422 1235 1000 2735 2500
Route 41 : 1458 775 2275 1333 2958 919 2833 2419 1414 644 2144 2914
Route 42 : 256 204 1221 38 1538 2721 1704 1124 1756 855 1115 2355 2615 2624
Route 43 : 1158 627 2127 2658 1287 1024 2787 2524 480 905 2405 1980
Route 44 : 1121 534 2034 992 2621 619 2492 930 1483 2119 2430 2983
Route 45 : 196 1328 1696 2828 876 376 1876 1312 2376 2812
Route 46 : 1065 1352 2565 2852 929 999 2429 311 2499 998 2498 1811
Route 47 : 262 1762 1466 570 680 2966 2070 2180 1251 2751 537 2037
Route 48 : 24 1391 1524 2891 1190 943 2690 2443 332 1832
Route 49 : 328 685 921 2421 1828 2185 842 984 2342 1276 326 2776 1826 2484
Route 50 : 782 523 2282 176 2023 1105 1273 2605 1676 2773
Route 51 : 773 182 2273 1682 213 844 653 962 2344 2462 2153 1713
Route 52 : 1497 807 2997 15 195 2307 1695 970 2470 35 1515 1535
Route 53 : 1200 726 601 2226 2101 396 200 1896 2700 1700 478 1978
Route 54 : 1023 1226 850 2726 678 2523 2178 2350 1080 357 2580 1857
Route 55 : 134 51 50 1634 1551 1061 1550 787 2561 1041 2287 2541
Route 56 : 1075 2575 817 124 1624 2317 560 1245 1119 2745 2060 2619
Route 57 : 407 52 857 2357 1907 1552 997 913 2497 2413 1373 2873
Route 58 : 650 27 568 2150 2068 500 1527 1355 2000 2855
Route 59 : 1270 1132 2770 493 1993 1393 2632 1468 2968 2893
Route 60 : 472 715 2215 314 1972 61 1561 1814 1253 2753
Route 61 : 412 808 1912 675 2308 2175 207 149 1707 1649
Route 62 : 580 1120 2620 1191 2080 2691 1274 1457 2957 2774 1087 2587
Route 63 : 1412 1167 2667 1250 2912 520 590 2750 2020 2090
Route 64 : 1157 598 2657 280 804 2304 276 1780 1113 1776 2098 2613
Route 65 : 1291 1001 2501 2791 1380 33 1533 721 53 1553 2880 232 2221 1732
Route 66 : 780 40 2280 1123 1540 1323 2823 1477 2977 2623 1130 2630
Route 67 : 688 643 2188 2143 1476 2976 508 1338 2838 2008
Route 68 : 80 234 1580 1734 718 471 1444 1971 2218 2944
Route 69 : 1484 1438 2938 934 118 2984 2434 330 628 1830 1618 2128
Route 70 : 830 2330 1267 826 1277 1166 2777 2666 2326 535 2035 2767
Route 71 : 1219 2719 366 609 1866 662 1054 2554 2162 839 2109 2339
Route 72 : 681 1083 2181 440 2583 811 1940 777 2277 2311 783 753 2283 2253
Route 73 : 299 638 966 79 2138 1799 2466 344 28 1579 1528 1844 586 2086
Route 74 : 536 1298 649 2036 2798 1016 2149 592 2092 64 66 2516 1564 1566
Route 75 : 265 481 1981 10 1111 1765 897 2611 950 2450 2397 1510
Route 76 : 140 1640 585 548 2085 274 2048 1774 14 226 1514 1726
Route 77 : 558 1140 199 2058 2640 1043 1699 899 2543 2399
Route 78 : 421 1921 87 887 1587 114 2387 1614 1281 1356 2856 2781
Route 79 : 128 1063 1628 188 551 894 1688 2394 434 2563 2051 622 1934 2122
Route 80 : 6 1382 1506 1137 1179 2882 2679 109 2637 1441 2941 1609
Route 81 : 271 860 1133 2633 206 1771 1706 267 313 1136 1813 1767 2360 2636
Route 82 : 672 144 948 2172 1644 286 2448 369 468 1786 1968 1869
Route 83 : 425 1925 1034 1050 1469 2550 2534 734 2969 2234 900 2400
Route 84 : 717 241 185 2217 1741 1685 1397 133 2897 111 1633 1611
Route 85 : 1021 2521 167 841 2341 1667 31 668 812 2312 2168 1531
Route 86 : 981 1495 119 2995 631 2131 346 1619 2481 1846 236 1736
Route 87 : 903 1225 2403 2725 150 1156 1650 765 2656 2265
Route 88 : 365 1865 1204 453 2704 58 1953 356 1558 1856
Route 89 : 146 725 498 1646 1998 251 2225 1453 1751 836 2953 2336 639 2139
Route 90 : 224 1724 1198 2698 1233 1227 1396 2733 794 2896 2727 2294
Route 91 : 1263 2763 98 1598 239 1092 2592 246 1739 1746 1371 2871
Route 92 : 112 1363 1612 310 2863 1243 1810 707 2743 1390 2890 2207
Route 93 : 343 220 1720 938 1843 633 2438 898 2398 2133
Route 94 : 1224 825 74 2325 2724 1574 383 1883 987 2487 275 1775
Route 95 : 724 1228 703 2224 2203 800 2728 868 2300 2368 125 1625
Route 96 : 1403 41 460 333 2903 1541 629 1960 1833 2129 573 965 2073 2465
Route 97 : 1254 1192 2692 581 2081 2754 394 1894 704 613 2204 2113
Route 98 : 479 1364 254 2864 1754 1979 1385 701 863 2201 2363 2885
Route 99 : 392 159 1659 1892 473 315 1185 1973 1815 2685
Route 100 : 1351 1052 1106 2552 2606 1081 1410 2581 1377 2851 2910 2877
Route 101 : 956 42 530 1542 2456 518 531 2031 2018 911 2030 879 2411 2379
Route 102 : 293 1212 1160 1793 2712 2660 49 1549 861 731 2361 1147 2231 2647
Route 103 : 426 1313 1215 1926 959 2813 2715 2459 151 1348 1651 2848
Route 104 : 166 4 1504 164 138 1666 162 1664 1662 463 1638 1963
Route 105 : 1409 1425 2909 135 1452 2952 2925 1635 831 2331 3 1257 2757 1503
Route 106 : 1047 1426 2547 816 2316 2926 300 110 1610 1800
Route 107 : 1331 2831 607 2107 563 170 2063 1670 1435 161 2935 1661
Route 108 : 214 355 1256 1714 273 1773 1855 689 2756 1169 2189 2669
Route 109 : 228 1728 1007 197 2507 1697 180 222 1680 1722 335 697 2197 1835
Route 110 : 120 209 1620 1709 1367 48 1548 295 336 2867 1836 1795
Route 111 : 103 1039 1171 1603 2539 325 569 1825 1053 2671 2553 2069
Route 112 : 692 464 1964 1398 2192 1401 2898 2901 92 127 444 1627 1944 1592
Route 113 : 746 1500 2246 380 1320 2820 3000 1880 477 1977 928 2428
Route 114 : 1394 648 936 2436 2894 283 2148 1392 1783 694 2892 2194
Route 115 : 1381 1362 2881 2862 737 979 2237 742 2479 2242
Route 116 : 832 1440 2332 2940 871 574 833 2371 2333 2074 345 1845
Route 117 : 801 1107 2301 8 2607 1315 1508 2815 231 375 1875 1731
Route 118 : 398 1327 2827 121 1376 1621 2876 543 2043 307 1898 1807
Route 119 : 1178 2678 229 751 60 2251 1729 1560 193 611 1693 2111
Route 120 : 278 1290 420 2790 1778 43 1413 1920 2913 1543 36 1536
Route 121 : 1344 1423 1122 2844 2923 596 2622 1334 2096 700 2834 2200
Route 122 : 1389 1305 2805 1481 2889 1085 2585 2981 203 550 1703 2050
Route 123 : 1494 986 2486 2994 1258 136 1636 2758 877 519 2019 2377
Route 124 : 1071 263 2571 1763 1131 604 2104 2631 205 32 1705 1532
Route 125 : 73 1573 1108 452 1952 2608 153 416 1653 1916
Route 126 : 264 849 2349 1020 1127 2627 1358 2520 693 1764 2858 2193
Route 127 : 244 1744 485 541 1985 454 1365 2041 1459 2865 1954 2959
Route 128 : 116 1616 431 1931 698 758 2258 2198 625 2125 1027 445 2527 1945
Route 129 : 549 2049 1271 819 2771 660 2319 766 2160 2266
Route 130 : 259 329 1759 1829 953 1450 2950 1261 2453 2761 284 761 2261 1784
Route 131 : 225 510 1045 1725 2010 1148 2545 2648 690 411 2190 1911
Route 132 : 168 797 2297 1668 252 401 386 1752 1901 1886 248 1748
Route 133 : 791 1366 2866 845 1246 2746 2345 2291 636 242 1742 2136
Route 134 : 1042 2542 323 1229 1823 1139 1300 2639 2729 2800 194 1694
Route 135 : 302 1802 499 1076 2576 1999 946 1044 2544 492 441 2446 1941 1992
Route 136 : 1368 1297 2797 2868 72 482 1162 977 2477 1572 1982 2662
Route 137 : 292 840 2340 1792 588 163 2088 192 1467 1663 1692 2967
Route 138 : 673 475 1342 1975 2173 78 1578 657 469 1969 2157 2842
Route 139 : 1417 489 1989 2917 1205 2705 1114 944 2614 1159 2444 2659
Route 140 : 1155 2655 906 1428 2406 597 2928 584 2097 466 1966 2084
Route 141 : 603 805 2103 511 1405 792 2905 2011 191 1691 2292 435 2305 1935
Route 142 : 413 22 1913 1522 59 137 1559 291 1637 1101 1791 2601
Route 143 : 612 991 904 2112 1149 2491 2404 395 495 1895 2649 1995
Route 144 : 664 82 2164 1422 1582 935 2922 754 2435 2254
Route 145 : 781 2281 155 29 1529 1478 1655 2978 289 1789
Route 146 : 1099 1134 1359 2634 2599 2859 1165 277 1308 1777 2665 2808
Route 147 : 1173 679 2673 2179 175 884 1675 301 2384 1801
Route 148 : 406 1906 908 757 2408 1292 2257 2792 1109 2609
Route 149 : 1456 1168 2668 108 2956 476 1608 1976 565 1318 2065 2818
Route 150 : 646 961 881 2381 2146 2461 417 814 2314 749 1917 139 1639 2249
Route 151 : 337 486 143 1837 102 1643 618 1986 2118 230 1730 1602
Route 152 : 556 424 882 2382 1924 621 1340 2121 2056 528 2028 2840
Route 153 : 1421 739 1282 2782 2239 2921 972 243 587 2472 2087 1743
Route 154 : 733 2233 1294 2794 62 247 516 1562 1747 147 2016 656 2156 1647
Route 155 : 5 623 2123 1505 968 994 2468 1188 2494 2688
Route 156 : 820 566 2066 990 2320 533 2033 2490 1017 2517
Route 157 : 770 755 2270 2255 691 521 2021 2191 362 1125 2625 1862
Route 158 : 23 995 1523 347 2495 640 634 1847 2134 1035 2140 2535
Route 159 : 676 614 2114 683 527 2027 2183 373 593 2176 1873 2093
Route 160 : 361 1488 1861 925 2988 907 2425 1013 2407 2513
Route 161 : 318 798 56 2298 1818 171 1556 545 1671 1339 2839 2045
Route 162 : 503 806 2003 829 2306 360 2329 1860 364 1864
Route 163 : 716 705 2216 2205 960 2460 1446 2946 1445 1330 2945 2830
Route 164 : 1296 208 1708 706 2796 2206 320 1086 2586 1820
Route 165 : 1498 2998 720 796 7 2220 1507 2296 281 1025 1781 2525
Route 166 : 1088 419 2588 351 1919 269 1402 1851 306 1769 2902 1806
Route 167 : 1030 1206 2530 1329 2706 21 186 2829 1521 1354 1686 2854
Route 168 : 334 25 1834 418 993 2493 1525 1918 461 872 1961 2372
Route 169 : 1059 338 505 1838 2559 2005 512 371 1871 709 2012 319 1819 2209
Route 170 : 910 1199 2410 2699 1489 2989 776 9 2276 501 2001 1509
Route 171 : 1072 105 1605 2572 540 388 2040 1888 702 529 2202 2029
Route 172 : 288 90 1788 456 1590 1236 1956 2736 982 710 2482 2210
Route 173 : 443 1943 447 1947 1247 178 769 2747 1678 2269
Route 174 : 198 743 617 1698 2117 2243 1496 546 2046 2996
Route 175 : 661 1399 1408 1006 2899 2161 2908 785 2506 853 2353 2285
Route 176 : 813 714 2313 1126 2214 1019 2626 2519 983 2483
Route 177 : 436 88 1172 2672 1936 1588 1112 1471 1073 2612 2971 2573
Route 178 : 684 2184 30 1295 141 2795 1641 1530 1341 2841
Route 179 : 148 393 1893 526 1278 2778 2026 1648 1220 885 2385 2720
Route 180 : 189 1095 1689 2595 1164 1060 2664 1370 2560 2870
Route 181 : 165 1143 68 2643 1665 432 1568 1183 1932 2683
Route 182 : 327 219 1827 1719 1325 321 1821 96 2825 1596 172 1055 2555 1672
Route 183 : 1353 847 2853 1326 2347 815 2315 939 2826 974 2439 2474
Route 184 : 433 1486 11 2986 1933 210 827 1511 1710 2327 1128 2628
Route 185 : 1014 2514 564 1154 353 2064 2654 448 810 1853 2310 1948
Route 186 : 506 400 2006 682 1900 888 917 2182 2388 2417 513 2013
Route 187 : 1475 2975 1347 1242 2847 1184 2684 2742 215 635 1715 2135
Route 188 : 1070 359 2570 1859 945 1150 131 2650 2445 1439 2939 1631
Route 189 : 410 750 1302 1910 2250 45 2802 762 1545 1100 2262 2600
Route 190 : 1175 1066 2566 2675 837 2337 1011 402 779 2511 2279 1902
Route 191 : 1461 81 1581 1317 2961 462 1962 652 2817 846 2152 2346
Route 192 : 57 1032 1557 663 862 2532 2163 2362 368 428 1928 1868
Route 193 : 843 752 2343 91 2252 1040 1591 2540 1068 901 2568 2401
Route 194 : 430 1218 1360 2860 2718 1930 980 1293 2793 2480
Route 195 : 1289 1223 1012 2789 927 2512 2427 2723
Route 196 : 1493 2993 237 1264 1737 348 2764 1848
Route 197 : 287 1787 84 858 2358 1584 1387 470 730 2887 2230 1970
Route 198 : 659 152 2159 1652 989 2489 1388 1395 658 2158 2888 2895
Route 199 : 572 1361 2861 632 2072 427 1307 1927 2132 2807
Route 200 : 285 1193 2693 1110 1785 1146 2610 2646 949 1091 2449 2591
Route 201 : 459 699 1418 2199 2918 1959 674 158 591 2174 2091 1658
Route 202 : 969 1103 641 2469 2603 18 1518 1485 602 2985 2141 2102
Route 203 : 450 1407 415 1950 1915 957 2907 2457 297 1797 856 2356 1451 2951
Route 204 : 1002 2502 916 985 824 2416 2485 2324
Route 205 : 918 713 2418 414 1914 261 1761 1153 2653 122 2213 1622 324 1824
Route 206 : 268 1462 1768 2962 1404 2904 129 331 1831 1629 666 2166
Route 207 : 799 2299 308 1135 1808 1492 2992 2635 183 719 2219 1683
Route 208 : 309 667 1424 1809 2167 1022 2924 2522
Route 209 : 1213 1499 978 2999 954 316 2454 2713 1816 1195 2478 2695
Route 210 : 272 1033 190 2533 1460 1772 258 1690 303 2960 1758 1803
Route 211 : 17 1138 1345 2638 1067 1517 2845 177 1677 2567
Route 212 : 37 211 34 1711 352 1534 1537 227 1852 1727 1244 2744
Route 213 : 44 1170 1544 2670 932 55 2432 975 1555 738 2475 2238
Route 214 : 93 233 1272 1593 249 1733 2772 1749 637 1129 2137 2629
Route 215 : 809 1026 1010 2309 2510 2526 874 2374 835 372 1872 2335
Route 216 : 988 1379 2488 2879 562 852 2062 763 2352 582 2263 2082
Route 217 : 626 1301 2801 2126 912 54 2412 784 2284 217 1554 1717
Route 218 : 457 711 1957 2211 767 955 2267 745 594 2245 2094 2455
Route 219 : 1383 686 2883 2186 1097 1375 2875 803 1231 2597 2303 2731
Route 220 : 1051 1004 2504 553 1429 2551 2929 2053 1208 669 2708 2169
Route 221 : 886 576 2076 123 728 1623 385 2228 2386 732 1885 2232
Route 222 : 422 909 1922 1197 2409 1238 2697 1415 266 2738 741 2915 1766 2241
Route 223 : 487 914 1987 474 2414 1285 1974 86 2785 1586
Route 224 : 223 1723 976 1186 2476 2686 76 677 2177 1576
Route 225 : 65 554 1565 2054 106 790 1606 1202 2290 1203 2702 2703
Route 226 : 822 367 2322 1867 184 547 624 1684 2047 2124 1116 2616
Route 227 : 1084 1470 2584 616 2970 2116 221 1069 1430 1721 2569 2930
Route 228 : 497 1997 1015 1303 2803 2515 107 429 760 2260 1607 1929
Route 229 : 1003 1181 2503 1078 2681 2578 342 179 1679 1842
Route 230 : 145 869 1645 488 2369 671 1988 494 2171 397 1994 1897
Route 231 : 12 132 1512 1632 1152 1480 2652 895 2395 2980
Route 232 : 13 1094 2594 1513 615 1463 2963 2115 70 727 1570 2227
Route 233 : 1266 665 2766 1432 2165 2932 437 403 1937 1309 1903 2809
Route 234 : 1234 778 181 2278 491 2734 1681 1991 75 1455 2955 1575
Route 235 : 795 1180 2295 1284 69 2680 85 2784 1585 99 1569 1118 2618 1599
Route 236 : 1093 1096 2593 1058 1434 2596 2558 484 940 2440 1984 2934
Route 237 : 1182 1259 2759 2682 1443 340 1283 312 2943 1840 2783 1812 951 2451
Route 238 : 708 1433 848 2933 2208 579 2348 926 608 2079 2108 2426
Route 239 : 117 1437 1104 1617 1322 2937 490 2822 1990 933 2604 2433
Route 240 : 748 451 1951 157 891 1657 2391 756 2248 2256
Route 241 : 509 889 1177 2009 1321 2389 2677 2821 389 126 1889 1626
Route 242 : 391 524 1891 2024 1464 1232 2732 2964
Route 243 : 1416 2916 71 1411 2911 559 1046 1571 2059 2546 920 2420
Route 244 : 1324 1 2824 1210 1501 95 2710 1595 522 378 2022 1878
Route 245 : 1316 174 2816 577 1674 405 2077 1905 1374 2874 1201 2701
Route 246 : 83 1269 1583 1427 2769 504 270 1770 39 1539 2004 2927
Route 247 : 1214 789 2714 525 2289 1436 2025 1304 2936 729 2804 2229
Route 248 : 687 130 2187 786 1630 2286 1102 561 2602 439 2061 1144 1939 2644
Route 249 : 1337 2837 571 387 1194 2071 1887 1372 2694 2872 1056 2556
Route 250 : 370 557 1870 100 712 1600 2057 696 2212 1400 2900 2196
Route 251 : 1217 595 1074 2717 2095 1419 2574 973 2473 2919
Route 252 : 964 870 1090 216 2370 2590 1716 1079 2464 2579
Route 253 : 834 409 1909 169 764 2264 1207 1669 2707 101 2334 1601
Route 254 : 772 1031 115 2272 2531 1615 240 1222 46 1740 1546 2722