Instance name : bar-n200-7
Authors       : Isaiah Reimer (isaiah.reimer@rideco.com). RideCo (rideco.com)
Date          : 2023-04-04
Reference     : Rideco PDPTW Solver
Solution
Route 1 : 24 16 116 124 84 23 184 36 18 136 123 75 175 118 29 129 48 148
Route 2 : 42 142 53 153 51 65 165 151 71 171 28 12 128 57 112 157 1 101
Route 3 : 40 140 41 141 59 159 88 98 188 198 32 5 132 73 105 173 92 192 89 189
Route 4 : 39 17 139 93 117 193 66 22 122 6 166 38 106 58 138 158 85 185
Route 5 : 43 81 181 67 143 167 34 134 15 9 115 109 77 90 190 177
Route 6 : 37 100 200 137 76 49 176 149 13 113 80 55 180 155 79 179 68 168
Route 7 : 8 44 108 54 144 154 95 61 195 161 27 60 127 160 91 26 126 191
Route 8 : 78 64 178 164 52 152 30 47 130 10 147 46 146 21 110 72 121 172
Route 9 : 96 25 125 196 87 97 187 63 163 197 4 99 104 69 199 169 19 119
Route 10 : 45 145 31 82 131 182 14 114 50 150 7 107 20 86 120 186 33 94 133 194
Route 11 : 74 2 174 102 11 111 56 62 156 162 3 83 103 183 70 170 35 135
