Instance name:	bar-n2500-3
Authors:		Carlo Sartori and Luciana Buriol
Date:			2019-2-11
Reference:		A matheuristic approach to the PDPTW (to be submitted)
Solution
Route 1 : 315 236 680 1565 1930 602 1486 1248 1852 956 2206 505 2498 641 1891 117 1755 93 675 1925 1367 622 1872 1343 871 1220 2470 2121 734 1984 532 483 1733 981 1782 488 2231 1738
Route 2 : 648 750 1898 663 2000 1913 75 348 1325 418 1668 487 1598 293 1737 1165 1543 915 2165 15 461 2415 972 1711 1265 2222 507 450 1700 1757 1120 546 1796 929 2179 816 2370 949 91 2066 1341 2199
Route 3 : 1051 978 2301 2228 382 983 2233 1632 754 12 1262 2004 843 672 1922 372 1622 2093 27 114 1161 1364 570 1820 2411 959 1277 2209 860 2110 336 19 1586 1127 1269 623 2377 1107 1873 2357
Route 4 : 1246 162 1412 2496 442 149 1075 1692 255 1505 329 1579 2325 1399 509 310 313 1563 1560 98 1067 1759 346 1348 2317 1008 1144 1596 2258 99 2394 1137 1349 274 232 2387 835 1482 1205 615 2455 1524 645 1865 1895 2085
Route 5 : 324 244 1494 133 1574 1383 656 144 1906 299 1141 1549 1394 650 2391 1900 287 302 1537 1166 1552 940 214 2416 366 1464 1077 2327 690 2190 37 352 1287 968 1602 1940 1616 2218
Route 6 : 739 961 1989 1069 365 2319 899 2211 63 1313 2149 228 808 1478 1615 798 325 2058 2 2048 1575 1043 852 1252 1189 2293 444 2439 561 2102 1694 873 282 2123 1014 1811 1532 533 2264 854 2104 1783
Route 7 : 573 321 1571 1823 722 1972 96 497 1747 534 1784 1192 1346 137 2442 1098 1387 768 2018 2348 208 513 1458 802 1763 606 2052 612 1856 1034 1862 820 2284 855 2105 2070 113 1363 7 967 240 2217 1257 1490
Route 8 : 271 756 945 1521 688 2195 432 2006 1682 1938 437 57 1687 1307 1033 966 2283 910 2160 58 2216 397 1647 1308 804 1084 2334 50 2054 1241 1300 2491 333 280 1240 1019 1583 1530 580 2269 1830 2490
Route 9 : 1160 39 1289 263 829 2410 1153 2079 2403 685 31 1513 1281 897 735 2147 1935 1985 17 624 1267 1874 874 145 2124 1026 2276 1395 792 102 1352 2042 1139 235 592 1485 2389 1842 1218 2468
Route 10 : 392 1238 464 1642 2488 830 836 800 1714 2080 632 2050 2086 473 1882 659 1723 52 1302 443 1909 901 1693 713 284 637 2151 1887 660 1534 954 430 1680 708 1963 832 2204 544 1910 2082 1958 33 1029 1794 1283 2279
Route 11 : 435 889 797 2047 413 154 1404 211 203 1685 1461 574 2139 1663 1453 1824 861 568 826 1106 1818 2076 849 2111 2356 935 403 2185 1235 2485 183 1653 1433 2099
Route 12 : 655 1905 1199 1012 1045 2449 588 2262 393 1838 1643 2295 726 390 1640 879 1976 506 2129 1756 224 1011 1474 16 358 2261 1608 553 1266 200 1803 1110 1450 371 1621 720 2360 1970
Route 13 : 997 649 2247 1899 1090 1173 2340 730 2423 700 1950 1018 1980 245 1023 2268 1495 662 1912 458 2273 153 1403 1202 1708 258 2452 801 1508 696 2051 354 261 1946 190 1511 1604 1440
Route 14 : 1050 980 2230 2300 326 297 1547 766 1576 1027 2016 411 330 1661 2277 1580 813 264 1003 1514 848 2253 195 2098 2063 1083 1445 617 1867 136 471 2333 654 1904 1386 585 1721 1835
Route 15 : 394 23 1644 126 907 1037 1273 1376 199 156 2157 886 1449 1406 2136 501 192 1751 249 1442 1201 165 1499 2451 752 1415 173 626 2287 499 2002 1236 1749 2486 1423 850 452 1876 460 2100 1702 1710
Route 16 : 858 814 2108 386 2064 69 991 2241 1184 308 1319 1055 1636 1558 1193 2443 2434 595 647 1845 143 2305 1393 1897 44 783 1294 815 2033 686 1936 67 2065 925 902 1317 2152 1138 2175 2388
Route 17 : 449 875 1699 904 994 2125 2154 2244 883 380 279 1630 2133 1529 652 1902 837 478 2087 277 951 1728 227 2201 1477 1527 524 839 2089 1053 1774 2303
Route 18 : 223 204 1454 206 1473 653 985 2235 536 1456 781 1786 1903 744 1032 2282 2031 212 539 1462 438 1688 1994 522 3 1772 1789 340 1590 1191 1253 426 128 1676 2441 831 2081 8 1258 1112 1378 2362
Route 19 : 187 1024 1227 862 1437 2112 401 2477 990 510 2274 1651 1760 1168 2240 2418 1177 996 2427 960 2246 1228 2210 2478 237 1156 1487 1101 1007 2257 2351 531 1048 2406 2298 1781
Route 20 : 1016 25 665 1275 2266 1000 2250 1159 73 2409 1915 1125 295 1323 1113 2375 1545 378 2363 139 1628 644 1389 896 1894 447 1697 666 1916 1031 2146 2281 157 1036 1407 363 2286 1219 1613 312 2469 1562
Route 21 : 22 65 1272 415 1665 971 1315 353 1603 470 2221 778 1720 409 1659 2028 45 146 742 1295 189 1992 338 1439 1396 389 1639 518 1768 936 727 2186 1002 1977 1588 238 1488 2252
Route 22 : 564 436 332 1814 1582 1686 1162 963 2412 2213 677 545 465 1927 1042 1715 903 1795 658 845 2153 2095 1908 2292 347 1091 1072 489 1739 2341 1597 887 2322 370 2137 590 1620 1840
Route 23 : 86 1025 1336 1060 2275 251 2310 751 1501 2001 882 369 493 1619 2132 704 1743 712 439 1954 1962 441 500 1691 1750 1689 158 455 918 1705 1408 511 270 1761 1520 2168 375 598 1848 1625
Route 24 : 209 1459 993 846 922 2243 811 2061 481 2172 2096 1731 49 764 2014 1299 1128 484 1734 448 2378 402 1698 51 207 1652 420 1301 1670 1457 160 1157 1122 2407 1410 2372 671 1921
Route 25 : 1129 793 2379 878 2043 54 2128 633 1304 579 1883 1175 1829 104 349 2425 239 1354 1599 1489 938 942 611 2188 1861 300 1071 1550 111 2192 1361 642 2321 1892 643 1121 2371 1893 1197 620 2447 1870
Route 26 : 417 38 356 1667 1606 410 1210 1288 2460 977 1660 515 2227 1148 2398 613 1765 431 1863 636 1886 710 1681 989 423 2239 21 1673 1271 1960 112 64 1314 306 1362 388 1638 1556
Route 27 : 35 1285 475 627 1124 1877 462 1725 1221 1712 2374 740 2471 805 2055 115 1990 229 1479 974 2224 480 1365 934 266 18 2184 1268 234 1730 1484 1516 1171 243 90 2421 1493 1340 476 877 2127 1726
Route 28 : 767 422 504 2017 78 1754 1672 728 512 1762 651 976 1901 2226 1078 1978 864 1328 2328 77 1135 2114 216 2385 1183 2433 334 1327 969 1584 1164 2219 1466 761 2011 786 2414 631 895 2036 2145 1881
Route 29 : 1099 863 359 2349 440 2113 1222 1690 168 2472 1418 1609 824 2074 955 558 185 1435 2205 1114 1808 1118 74 2364 589 1324 2368 433 1839 709 1959 807 529 2057 1683 530 101 1780 1779 1351
Route 30 : 927 2177 998 40 2248 1167 2417 965 1290 309 987 1142 2237 178 2215 2392 407 1559 939 1428 1657 1009 429 286 2189 1679 1147 1536 753 790 2259 2397 2040 1180 2003 593 2430 743 702 1993 1952 1843
Route 31 : 191 81 1441 416 785 1331 870 2120 2035 789 1666 736 777 2027 771 2021 472 2039 1986 1722 747 780 1997 2030 640 364 1614 170 1890 463 1420 931 1713 150 2181 1187 1400 79 1329 2437
Route 32 : 1179 147 2429 1231 1397 1021 821 2271 2071 2481 494 1178 1744 868 2428 681 1931 772 2118 1076 2022 193 225 2326 1475 1443 973 1215 2465 2223 1085 517 2335 1767
Route 33 : 599 319 909 2159 1849 105 1355 770 1010 1569 670 2020 562 1920 2260 1812 537 919 2169 668 1787 47 1297 1918 716 923 941 2191 542 1792 2173 1966
Route 34 : 557 718 1968 247 1807 1243 1497 856 2106 408 1658 566 569 1819 2493 1816 838 2088 278 1185 1528 782 995 2435 762 106 1356 2012 806 2032 30 2056 2245 667 1280 1917 269 253 1519 100 1503 1350
Route 35 : 711 250 1237 1961 2487 881 1500 1198 2131 2448 810 1013 523 2060 1773 2263 678 453 103 1928 1703 587 1837 1233 1353 2483 6 1256 1123 2373 71 706 1321 1073 921 2323 1956 368 2171 591 1618 1841
Route 36 : 788 794 2038 342 1592 540 2044 1790 725 596 1846 176 84 1975 1334 1039 1426 812 1211 2062 1150 2461 2400 454 406 1704 2289 1656 1154 765 2404 1081 2015 2331 600 833 721 2083 1850 1971
Route 37 : 451 1100 2350 554 289 1804 1213 1701 1151 345 1595 2401 2463 1539 188 262 774 1438 1512 2024 1052 344 127 1594 1377 373 2302 703 53 1303 1953 707 1623 1957 201 246 1496 1451 857 1206 2107 2456
Route 38 : 379 597 32 1629 1282 1847 26 773 1276 2023 1214 1212 2462 36 2464 1286 818 630 2068 822 2072 459 913 1709 357 1880 916 2163 174 1607 196 2166 1424 175 1446 884 1425 937 2187 2134
Route 39 : 723 1973 331 469 958 1719 543 1581 56 1306 1226 1793 614 2208 1864 213 2476 118 1463 1149 1225 2475 2399 608 1368 1064 383 1858 222 1633 2314 474 1472 560 1724 962 2212 924 1810 2174 167 1417
Route 40 : 1086 1223 142 2336 2473 138 842 1388 1392 210 1006 1460 2092 120 2256 1229 1370 477 891 2479 186 2141 387 1637 1436 930 1727 1174 2424 2180 5 905 841 2155 107 2091 1255 1079 1357 866 758 2008 2116 2329
Route 41 : 1030 337 2280 1587 992 381 682 1631 1932 888 2242 1152 123 2138 2402 1244 498 1373 552 2494 1748 1802 267 865 563 1813 2115 316 1517 1566 376 784 535 1626 1103 350 2034 2353 495 1745 1600 1785
Route 42 : 732 1982 301 1131 1551 490 1095 2381 1158 2408 2345 1740 683 502 791 1752 646 2041 1896 809 1933 729 1979 2059 307 485 1056 1735 2306 1557 29 516 775 2025 851 1766 1279 256 2101 834 1506 2084
Route 43 : 1001 819 2251 799 2069 2049 89 1068 2318 604 1339 1196 296 2446 1546 395 427 1677 1645 1854 328 1028 226 1578 2278 1249 2499 1476 1234 42 2484 946 1017 1292 2267 323 2196 933 1573 2183
Route 44 : 1132 844 2094 2382 594 230 1480 689 1140 1844 2390 9 134 1259 218 1468 1384 305 1939 737 110 1555 132 1987 1360 847 1382 48 2097 1097 1298 88 377 2347 525 1338 184 1627 1775 467 1434 1717
Route 45 : 876 391 2126 1182 1641 508 456 1706 1758 2432 1242 673 2492 1923 1250 34 2500 867 2117 964 1284 975 2225 41 2214 1143 2393 1102 2352 583 1291 639 1889 304 1554 362 1833 1612
Route 46 : 259 657 320 1509 549 1570 171 205 1455 1421 1907 457 1799 984 1707 817 2234 2067 87 957 2207 1337 908 898 2158 445 2148 760 1695 2010 769 275 2019 405 1525 252 384 1655 1502 1634
Route 47 : 215 109 1176 1465 551 2426 260 1510 571 1801 1169 2419 217 548 1821 1359 928 1467 55 2178 399 1649 421 1798 317 1671 254 1567 1305 1136 679 2386 872 1504 2122 1146 1929 2396
Route 48 : 911 291 335 2161 1585 1247 1541 97 748 1347 83 2497 803 1998 2053 550 1333 1800 219 94 1469 367 1344 179 1617 1429 521 621 699 1949 1059 1771 1871 198 2309 979 1448 2229
Route 49 : 514 343 1764 46 555 1593 1038 1296 1805 2288 1070 1119 2320 482 20 664 1914 1270 2369 1732 948 859 2198 283 92 1533 828 1342 2078 519 172 1769 2109 1022 605 1422 396 2272 1855 1646
Route 50 : 885 731 2135 152 776 1402 1981 273 2026 220 914 2164 1470 952 1523 163 1065 1413 1093 2315 2202 61 374 1624 2343 1200 1311 526 1776 1066 2450 634 2316 1884 603 738 1853 1988
Route 51 : 714 1126 2376 825 1964 131 757 2075 715 1381 1163 1965 2007 779 2029 577 2413 141 1391 248 268 1827 661 1518 584 1911 1498 1834 943 746 2193 763 2013 1047 2297 1035 1996 2285
Route 52 : 66 303 1553 1316 491 1239 541 151 1791 1049 2489 1133 947 1401 2197 2383 894 1741 1155 2144 159 749 2299 2405 1999 129 1409 745 1217 1379 233 1483 2467 60 1995 1310
Route 53 : 1063 694 1944 322 108 130 1358 121 1572 1245 2313 11 1261 294 1371 2495 1380 1092 486 1544 2342 161 1411 503 1736 1753 400 724 1650 80 1974 1209 318 1330 1568 1186 2459 717 1967 2436
Route 54 : 970 586 2220 944 2194 619 1869 520 1770 1836 166 1416 1170 70 1320 479 148 2420 1057 1398 950 2307 1195 1729 687 2445 2200 242 290 181 1540 1937 1431 424 1674 1188 1492 124 2438 1374
Route 55 : 527 1117 1044 2294 1777 492 434 1684 576 2367 1826 1742 311 823 1561 2073 288 676 1926 414 1054 1664 953 1145 1181 1538 2304 2395 194 1172 351 2203 2422 1134 1601 1444 2431 155 733 920 1983 2170 2384 1405
Route 56 : 538 62 1788 1040 95 2290 1312 912 578 1828 638 466 1888 559 1716 2162 1116 1345 1004 1809 2254 2366 1111 496 1746 2361 926 1041 2176 900 2291 2150 182 1115 265 1515 2365 1432
Route 57 : 169 276 1419 1526 697 869 1947 741 2119 1991 705 1955 385 528 1778 853 24 1635 2103 1274 906 565 719 1969 1815 314 361 2156 1105 2355 1564 1611
Route 58 : 72 628 1208 1322 1878 932 2182 999 2249 76 1326 2458 1062 840 1087 2312 2090 567 2337 893 1817 412 1662 2143 787 601 2037 1204 1851 635 180 1430 2454 691 1885 1941
Route 59 : 692 85 1335 292 1942 404 339 1542 796 1654 468 1194 2444 827 2077 2046 164 1718 13 355 1263 701 1605 1951 1589 1108 1414 1207 2358 547 1797 1109 2457 572 140 1390 1058 2308 1230 1822 1 1251 2359 135 1385 2480
Route 60 : 1020 1190 2270 341 2440 125 1591 625 1875 1375 698 1082 119 1369 2332 1094 1948 1130 2344 1088 2380 419 674 2338 281 1669 1531 1096 1924 755 2346 327 257 556 2005 1577 693 1943 1806 1507
Route 61 : 618 1080 795 2045 2330 1061 2311 398 1868 59 1309 917 1648 1104 2354 1074 2167 2324 14 581 1831 892 1264 695 2142 988 82 2238 982 1945 2232 360 1332 425 1610 1675
Route 62 : 1224 1046 2474 1216 2296 221 1471 2466 616 285 1866 68 1535 202 43 1452 428 1318 575 1825 1678 582 1293 122 1832 629 1372 1879 116 880 1366 759 2130 2009
Route 63 : 298 684 1548 1232 241 1934 1005 2255 2482 610 1491 28 1860 669 1278 890 1015 1919 2140 2265 1089 446 10 1260 1696 607 2339 4 1857 1254 231 1203 1481 177 2453 272 609 1427 1859 986 1522 197 2236 1447
