Instance name:	bar-n400-2
Authors:		Carlo Sartori and Luciana Buriol
Date:			2019-2-11
Reference:		A matheuristic approach to the PDPTW (to be submitted)
Solution
Route 1 : 28 99 91 118 94 228 85 299 285 291 318 294 117 317
Route 2 : 93 125 4 293 105 305 107 325 53 204 253 47 307 247
Route 3 : 102 111 302 128 311 27 18 227 328 218 144 344
Route 4 : 52 116 252 151 16 30 216 316 351 23 87 230 223 287
Route 5 : 141 37 40 75 341 240 83 237 5 275 152 283 205 352
Route 6 : 90 290 34 121 147 234 127 327 321 51 81 251 153 347 353 281
Route 7 : 82 48 142 154 248 282 13 342 84 354 284 213
Route 8 : 122 322 55 58 155 255 26 258 22 44 355 244 226 222
Route 9 : 160 96 157 360 139 357 339 112 25 296 312 225
Route 10 : 143 137 56 337 343 256 163 73 363 109 273 309 88 288
Route 11 : 62 49 249 169 133 38 238 333 262 20 110 369 310 220
Route 12 : 101 172 301 35 106 372 306 235 92 80 280 292
Route 13 : 115 315 43 135 335 104 113 313 173 243 304 33 373 233
Route 14 : 70 134 270 174 334 374 132 31 332 158 164 231 364 358
Route 15 : 175 375 9 130 209 61 261 8 146 208 119 330 346 319
Route 16 : 114 41 241 76 97 314 1 276 24 176 224 376 297 19 201 219
Route 17 : 95 78 59 278 103 36 303 259 179 295 379 236
Route 18 : 181 108 46 246 178 381 308 161 39 239 378 361
Route 19 : 100 300 182 382 171 371 71 120 320 3 203 271 148 348
Route 20 : 166 366 187 7 387 207 67 89 129 267 289 329
Route 21 : 98 6 298 145 206 189 12 345 212 389 69 269
Route 22 : 14 150 214 60 260 350 184 192 392 65 265 384
Route 23 : 131 124 162 324 362 193 331 186 393 386 168 368
Route 24 : 191 54 194 177 394 254 391 165 68 377 74 268 365 274
Route 25 : 123 42 66 266 140 323 170 340 195 370 242 180 395 380
Route 26 : 77 196 126 396 277 326 86 57 32 149 349 286 257 232
Route 27 : 197 17 64 397 264 45 217 2 138 245 159 338 202 359
Route 28 : 10 29 229 198 210 398 79 136 15 279 336 215
Route 29 : 183 167 63 156 383 367 72 356 199 263 399 272
Route 30 : 190 21 221 11 185 390 211 200 188 385 388 50 400 250
