Instance name:	bar-n1500-6
Authors:		Carlo Sartori and Luciana Buriol
Date:			2019-2-11
Reference:		A matheuristic approach to the PDPTW (to be submitted)
Solution
Route 1 : 131 95 845 121 881 20 871 770
Route 2 : 114 864 285 188 155 1035 905 938 171 921
Route 3 : 117 309 867 1059
Route 4 : 229 979 356 286 1106 44 1036 794
Route 5 : 211 16 84 766 961 834 331 374 1081 1124
Route 6 : 124 109 874 377 859 96 1127 846
Route 7 : 347 274 1024 380 1097 196 1130 946 166 916
Route 8 : 46 313 1063 384 368 796 1118 1134
Route 9 : 112 106 862 856 8 397 1147 758
Route 10 : 210 401 316 1066 254 1151 1004 960 93 843
Route 11 : 402 236 986 1152 216 251 966 407 1001 1157
Route 12 : 13 763 227 355 977 346 1105 417 1096 1167
Route 13 : 426 373 1123 1176 301 21 1051 771
Route 14 : 36 325 786 438 1188 1075 403 201 951 1153
Route 15 : 27 439 777 219 1189 969 419 392 1169 1142
Route 16 : 64 11 457 814 1207 761 146 278 896 1028
Route 17 : 367 460 1117 28 1210 454 778 1204 245 995
Route 18 : 473 212 352 962 224 974 1102 1223
Route 19 : 61 81 811 481 831 420 1231 1170
Route 20 : 489 218 1239 968 244 69 994 97 847 819
Route 21 : 59 185 935 128 809 493 878 43 1243 793
Route 22 : 138 494 888 98 1244 358 848 1108
Route 23 : 467 1217 162 496 1246 110 912 475 860 1225
Route 24 : 509 350 1100 1259 99 463 849 1213
Route 25 : 511 65 45 795 1261 815 83 833 510 1260
Route 26 : 324 287 1037 1074 458 312 512 1208 1262 1062
Route 27 : 412 330 1162 220 1080 970 282 1032 513 1263
Route 28 : 262 1012 248 998 152 517 902 1267
Route 29 : 230 107 980 857 470 519 1220 1269
Route 30 : 522 408 215 1272 965 67 1158 376 1126 817
Route 31 : 242 526 1276 314 521 233 1064 1271 983 992
Route 32 : 333 486 1083 527 1236 1277 135 444 885 1194
Route 33 : 531 1281 499 518 1249 246 1268 996
Route 34 : 537 94 844 1287 395 459 1209 1145
Route 35 : 342 1092 544 291 1041 38 1294 304 788 1054
Route 36 : 541 418 1291 545 1168 340 1295 41 791 1090
Route 37 : 548 296 1298 1046 478 1228 542 1292 3 753
Route 38 : 57 549 807 10 1299 240 990 760 183 933
Route 39 : 550 62 1300 406 812 294 1156 1044
Route 40 : 79 554 1304 829 315 399 1065 1149
Route 41 : 443 372 1193 167 1122 199 555 917 949 1305
Route 42 : 103 853 382 559 1309 237 987 1132
Route 43 : 6 35 390 560 785 1310 1140 39 756 789
Route 44 : 568 389 1318 480 1230 563 1139 100 1313 850
Route 45 : 425 1175 52 802 299 569 1049 1319 472 1222
Route 46 : 189 91 130 939 841 880 571 515 1321 1265
Route 47 : 529 578 1328 1279 17 169 919 767
Route 48 : 349 1099 435 552 1302 580 1185 1330
Route 49 : 19 769 491 165 1241 915 477 581 1227 1331
Route 50 : 40 583 790 1333 47 33 202 783 797 952
Route 51 : 276 1026 378 561 1311 487 1128 1237 584 1334
Route 52 : 421 1171 505 15 765 585 1255 1335
Route 53 : 142 129 879 502 588 1252 892 1338 72 822
Route 54 : 589 1339 157 907 126 455 176 876 926 1205
Route 55 : 558 441 1308 1191 328 596 1078 232 982 1346
Route 56 : 78 193 206 943 828 597 956 532 1282 1347
Route 57 : 308 553 1058 599 1303 476 1349 1226 335 1085
Route 58 : 386 495 1136 1245 341 603 1353 1091
Route 59 : 26 776 451 605 570 1355 1201 1320
Route 60 : 264 528 58 1014 607 1278 808 1357
Route 61 : 610 68 818 265 437 1015 1187 1360 209 959
Route 62 : 197 474 612 947 344 1224 1094 1362 359 1109
Route 63 : 411 567 1161 348 1317 1098 615 178 1365 928
Route 64 : 32 616 22 1366 186 772 158 936 908 782
Route 65 : 55 257 805 1007 497 618 1368 1247
Route 66 : 137 611 362 1361 887 18 1112 619 1369 768
Route 67 : 409 375 620 1159 1125 187 1370 937
Route 68 : 621 239 1371 989 488 540 1238 1290
Route 69 : 85 431 1181 835 398 622 1372 393 1148 1143
Route 70 : 136 353 623 886 1373 1103 574 1324
Route 71 : 506 1256 461 70 1211 820 483 625 1233 1375
Route 72 : 182 255 1005 932 436 629 1186 267 1379 1017
Route 73 : 639 631 1389 547 1381 1297 415 624 1165 1374
Route 74 : 292 430 300 1180 1042 642 1050 272 1022 1392
Route 75 : 336 643 14 1086 1393 223 764 973
Route 76 : 644 590 1340 1394 280 530 149 1280 1030 899
Route 77 : 323 645 1395 471 1221 23 410 773 1160 1073
Route 78 : 492 422 647 1242 1397 1172 205 557 1307 955
Route 79 : 82 649 150 1399 564 900 122 832 1314 872
Route 80 : 456 1206 650 1400 53 595 424 1345 803 1174
Route 81 : 200 268 950 394 1018 652 1144 1402 310 1060
Route 82 : 302 654 259 1052 90 1404 1009 840
Route 83 : 204 657 954 92 1407 184 842 195 945 934
Route 84 : 66 816 659 1409 365 163 1115 465 913 1215
Route 85 : 156 303 1053 906 277 660 1027 1410
Route 86 : 24 413 1163 662 774 1412 442 633 1383 1192
Route 87 : 663 608 1413 168 918 1358 203 953
Route 88 : 535 1285 665 627 306 1377 1056 587 1415 1337
Route 89 : 133 1 883 751 666 446 1416 1196
Route 90 : 191 357 668 1107 941 1418 279 1029
Route 91 : 670 484 447 1234 1420 1197 538 111 1288 861
Route 92 : 452 1202 429 145 671 895 1179 1421
Route 93 : 464 1214 586 556 226 1336 1306 672 976 1422
Route 94 : 653 238 30 780 988 667 1403 674 1417 1424
Route 95 : 29 321 1071 779 676 214 594 1426 1344 964
Route 96 : 151 132 901 677 882 427 428 1177 1178 1427
Route 97 : 63 565 678 813 1315 632 1428 125 1382 875
Route 98 : 504 170 572 1254 920 396 1322 679 1429 1146
Route 99 : 164 445 366 1116 914 680 1195 297 1047 1430
Route 100 : 345 86 836 1095 651 681 1431 1401
Route 101 : 258 682 1432 1008 222 450 1200 76 972 826
Route 102 : 179 507 1257 337 929 686 1087 1436 80 830
Route 103 : 177 687 1437 434 927 1184 683 5 755 1433
Route 104 : 87 688 837 1438 591 326 153 1341 903 1076
Route 105 : 689 298 628 1439 1048 1378 175 391 925 1141
Route 106 : 690 363 88 1113 838 173 575 923 1440 1325
Route 107 : 221 266 971 127 877 692 1016 180 1442 930
Route 108 : 383 573 1133 37 1323 693 787 1443
Route 109 : 648 501 1398 1251 695 2 1445 752 283 1033
Route 110 : 143 400 893 1150 661 696 655 1405 1411 1446
Route 111 : 322 697 1447 1072 669 351 1101 1419 606 1356
Route 112 : 119 698 869 1448 516 1266 320 1070
Route 113 : 102 699 852 115 684 1434 865 387 1137 1449
Route 114 : 213 963 60 640 701 1390 810 1451
Route 115 : 228 978 702 433 1452 181 7 1183 757 931
Route 116 : 703 482 1232 194 1453 293 944 1043
Route 117 : 440 1190 614 485 1235 1364 705 1455 73 823
Route 118 : 579 600 1329 694 566 1350 1444 706 1316 1456
Route 119 : 707 144 56 1457 806 894 700 453 1450 1203
Route 120 : 508 1258 604 1354 708 543 1293 1458
Route 121 : 462 710 1460 275 1212 104 1025 854 709 1459
Route 122 : 269 711 1019 1461 658 423 1408 1173 364 1114
Route 123 : 503 593 1253 311 712 50 1061 1462 800 1343
Route 124 : 713 524 1274 1463 361 332 1082 1111 231 981
Route 125 : 715 479 1229 154 1465 147 904 260 897 1010
Route 126 : 704 716 1466 1454 113 319 863 1069 602 1352
Route 127 : 75 339 825 12 1089 717 762 1467
Route 128 : 281 207 691 1031 957 263 1441 718 1013 1468
Route 129 : 329 404 1079 719 371 1469 1121 1154
Route 130 : 338 370 381 1120 1131 720 1470 1088
Route 131 : 414 626 290 1376 148 1040 898 721 1471 1164
Route 132 : 161 722 911 1472 523 71 1273 449 821 1199
Route 133 : 89 839 141 891 539 1289 250 723 1000 1473
Route 134 : 468 724 1218 1474 673 405 1423 1155
Route 135 : 576 1326 334 725 1084 1475 54 804 562 1312
Route 136 : 634 592 533 1384 1283 1342 385 726 1135 1476
Route 137 : 727 1477 609 284 249 1359 999 1034 172 922
Route 138 : 354 1104 551 728 1301 139 1478 105 855 889
Route 139 : 174 159 243 924 909 993 729 1479 416 1166
Route 140 : 730 273 1480 198 1023 948 656 1406
Route 141 : 731 466 1481 714 1464 1216 288 208 1038 958
Route 142 : 120 870 9 732 577 641 1327 759 1482 1391
Route 143 : 733 1483 190 582 940 253 1332 140 890 1003
Route 144 : 31 498 781 490 1248 1240 734 241 991 1484
Route 145 : 735 469 318 1219 1485 1068 635 192 1385 942
Route 146 : 74 636 824 736 1386 1486 160 252 910 1002
Route 147 : 514 1264 737 123 225 975 1487 873 638 1388
Route 148 : 307 295 1057 234 738 1488 984 118 868 1045
Route 149 : 261 739 1489 101 1011 851 613 217 1363 967
Route 150 : 34 546 1296 784 305 740 1055 1490
Route 151 : 646 664 1414 271 1396 741 1021 637 1491 1387
Route 152 : 500 1250 742 256 1492 617 48 1006 1367 798
Route 153 : 317 1067 520 1270 675 743 134 1493 1425 884
Route 154 : 525 432 1275 1182 77 25 827 744 775 1494
Route 155 : 745 1495 270 448 1020 289 1198 1039
Route 156 : 369 51 49 1119 801 42 799 746 792 1496
Route 157 : 108 116 247 866 601 997 858 1351 747 1497
Route 158 : 235 985 748 630 1380 1498 379 685 1129 1435
Route 159 : 360 749 1110 1499 327 343 1093 536 1077 1286
Route 160 : 388 1138 750 534 1500 598 4 1284 1348 754
