Instance name : bar-n800-1
Authors : Alexander Yuskov (a.yuskov@g.nsu.ru), Igor Kulachenko (ink@math.nsc.ru), Yury Kochetov, Igor Vasilyev, Zhangdong, Chenjuan, Huanghaohan, Wanglongfei
Date : 28.05.2025
Reference : HGIM
Solution
Route 1 : 182 358 582 184 758 155 584 281 555 24 681 424
Route 2 : 105 254 505 223 654 13 623 251 413 651
Route 3 : 183 19 329 583 729 419 60 214 614 460
Route 4 : 203 245 327 603 371 727 645 771 338 738
Route 5 : 372 374 772 774 181 90 490 581 219 619
Route 6 : 130 188 345 745 588 530 356 178 756 578
Route 7 : 39 273 158 558 439 673 114 334 514 734
Route 8 : 152 552 154 554 293 693 134 258 658 534
Route 9 : 212 120 108 612 520 508 241 71 641 471
Route 10 : 51 300 451 10 46 410 316 446 700 716
Route 11 : 232 139 539 387 122 787 383 783 522 632
Route 12 : 8 146 252 22 261 408 652 661 546 227 627 422
Route 13 : 357 757 308 306 313 713 708 706
Route 14 : 332 732 391 385 791 785 179 579 99 499
Route 15 : 104 48 504 103 303 448 503 703
Route 16 : 393 14 793 414 106 29 228 429 506 628
Route 17 : 68 468 278 678 255 229 125 655 629 283 525 683
Route 18 : 49 81 449 194 111 481 594 310 511 710
Route 19 : 353 352 753 752 96 496 112 74 512 474
Route 20 : 224 107 35 624 507 435 127 57 527 457 21 421
Route 21 : 53 157 144 453 173 16 416 323 544 573 723 557
Route 22 : 259 11 208 201 608 411 601 659 384 784
Route 23 : 321 193 395 593 190 721 795 382 590 782
Route 24 : 1 202 401 602 339 266 666 739 396 796
Route 25 : 234 84 192 634 484 153 592 553 113 513
Route 26 : 185 280 311 711 585 680 206 222 622 606
Route 27 : 342 247 647 17 742 417 95 7 495 407
Route 28 : 244 86 486 644 233 246 275 633 646 675
Route 29 : 264 664 25 149 243 643 425 287 549 687
Route 30 : 256 269 343 743 669 656 369 355 769 755
Route 31 : 213 15 613 92 162 492 415 562 126 526
Route 32 : 169 145 320 116 720 516 545 335 569 735
Route 33 : 298 698 365 765 207 73 607 473
Route 34 : 351 128 9 409 751 528 37 268 437 668
Route 35 : 328 64 728 464 101 36 436 175 501 575
Route 36 : 40 231 631 440 77 47 398 477 798 447
Route 37 : 118 156 556 291 691 43 274 518 443 674
Route 38 : 18 80 301 480 370 701 770 367 767 418
Route 39 : 31 210 610 249 267 32 431 649 667 432
Route 40 : 198 399 598 326 799 380 780 12 412 726
Route 41 : 354 263 225 754 663 625 377 777 364 764
Route 42 : 174 110 574 98 239 498 226 639 510 626
Route 43 : 160 319 560 719 75 4 404 302 475 702
Route 44 : 276 676 312 712 82 295 695 482 54 124 454 524
Route 45 : 79 172 479 63 67 572 463 257 467 657 359 759
Route 46 : 282 170 570 309 682 709 195 62 85 595 485 462
Route 47 : 50 450 362 350 762 750 265 204 665 604
Route 48 : 314 286 65 465 686 279 714 97 679 497
Route 49 : 400 386 800 786 115 322 297 515 722 697
Route 50 : 38 272 333 438 28 733 428 373 773 672
Route 51 : 392 52 452 117 221 517 211 621 792 611
Route 52 : 26 340 426 324 740 724 344 341 741 744
Route 53 : 132 285 248 685 318 648 718 136 536 532
Route 54 : 271 61 671 461 167 567 236 250 66 636 650 466
Route 55 : 20 163 563 420 217 176 576 617 360 760
Route 56 : 164 305 705 389 789 397 564 78 797 478
Route 57 : 138 366 538 93 766 180 381 580 781 493
Route 58 : 100 42 41 500 442 441 56 5 260 456 405 660
Route 59 : 83 376 218 483 159 200 618 600 559 776
Route 60 : 331 346 731 375 775 746 288 133 533 688
Route 61 : 253 45 262 653 363 137 662 763 537 445
Route 62 : 6 406 94 121 27 494 427 521 119 519
Route 63 : 294 197 196 597 596 337 694 336 736 737
Route 64 : 215 615 235 34 55 635 434 102 455 502
Route 65 : 143 390 543 30 790 147 430 547 379 779
Route 66 : 58 458 3 131 151 403 551 187 531 587
Route 67 : 129 348 299 171 699 748 571 72 472 529
Route 68 : 290 140 540 240 690 23 292 640 692 423
Route 69 : 347 747 238 70 166 638 315 470 566 715 307 707
Route 70 : 150 33 550 2 433 91 402 491 76 476 142 542
Route 71 : 205 605 186 586 177 168 568 577 325 216 725 616
Route 72 : 220 209 620 609 394 361 794 349 761 749
Route 73 : 69 469 242 141 541 230 135 630 642 535 284 684
Route 74 : 296 317 88 696 488 89 304 489 704 717
Route 75 : 388 368 788 378 768 778
Route 76 : 44 59 444 459 109 148 509 199 599 548 189 589
Route 77 : 270 161 670 191 123 237 523 591 561 637
Route 78 : 330 87 165 277 730 487 677 289 565 689
