Instance name : bar-n3000-6
Authors : Simen T. Vadseth, Henrik Andersson, Jean-Francois Cordeau and Magnus Stålhane
Date : 10.07.2023
Reference : TBA
Solution
Route	1 :  559 685 1016 1140 2185 2516 212 2640 475 2059 1712 411 1383 1911 270 1975 545 1770 671 2883 2171 2045 1443 2943 662 1005 2162 339 1353 2505 1839 1008 67 2853 2508 636 1567 2136
Route	2 :  546 2046 1018 302 2518 69 1802 11 689 2189 1569 437 587 1511 1937 2087 1205 868 2705 1253 2368 2753 89 1589 753 2253 353 76 1853 1576 326 1372 1826 1150 2872 2650 1157 2657 1198 2698
Route	3 :  639 714 1266 2139 2214 2766 436 1936 648 1015 2148 2515 452 1339 2839 1952 1493 1139 2993 1465 2965 1022 2639 1268 2522 1475 1164 2975 2768 94 2664 1375 1594 439 2875 582 1939 2082
Route	4 :  469 1969 486 776 2276 1986 386 1886 1294 2794 254 1754 987 1423 2923 2487 217 396 1896 1717
Route	5 :  23 805 2305 33 1523 875 2375 1533 1240 365 2740 1865 580 858 2080 861 350 2358 1200 2361 367 2700 184 1850 1684 1867 491 920 2420 1245 42 2745 1542 1991 1398 456 1956 2898
Route	6 :  1234 505 2734 1276 2005 1461 2961 1133 768 2776 1492 2268 1373 2633 250 2992 201 2873 923 2423 1701 1750 976 866 2476 985 2366 687 2485 231 1731 2187 1279 78 510 2010 1578 2779
Route	7 :  688 742 524 2024 294 408 1794 2188 652 2242 1908 2152 462 509 1962 1090 2590 114 2009 646 1614 2146 308 1808 1327 1153 224 1724 2827 421 306 1921 823 2653 1806 1212 522 2323 601 2712 2022 2101
Route	8 :  551 1107 1397 2051 719 2607 2219 1112 796 2296 1118 2612 2897 2618 597 581 174 2097 2081 1674 544 104 2044 397 1604 371 641 2141 1871 448 1897 697 53 1948 997 1553 2197 485 2497 1985 1071 2571
Route	9 :  180 181 150 1681 1286 1680 159 1650 1659 1027 2786 694 2527 2194 405 1039 2539 40 619 1905 1540 1320 2820 1498 2119 705 2998 931 2205 906 1364 567 2067 2406 2864 1043 2431 190 1690 2543
Route	10 :  949 739 1362 2239 2862 2449 1075 2575 881 2381 1468 1028 2968 1328 1021 2521 1058 2558 2528 790 2828 1134 2290 2634 147 1647 263 1763 792 921 2421 924 1217 2424 806 2292 907 2306 2407 2717
Route	11 :  1076 1013 853 2576 2513 2353 235 610 737 1735 248 1413 1748 2110 2913 2237 722 1337 2222 975 2837 954 520 2475 2454 677 2020 1038 2177 293 2538 1793 414 913 1914 909 2409 435 2413 1935
Route	12 :  273 1773 1476 1196 2976 2696 871 721 2221 2371 1309 961 2461 2809 162 1662 733 638 2233 844 2138 1225 2344 392 1892 951 2725 470 2451 26 1526 1970
Route	13 :  604 249 2104 1749 1448 888 197 2948 1059 1697 1480 2388 2559 494 1994 2980 655 2155 1243 789 2289 556 2743 215 1715 2056 615 497 2115 1997 25 1055 1333 1525 348 2833 1848 2555
Route	14 :  124 620 1624 1167 2120 2667 926 1282 2426 1367 496 2782 39 1996 1539 1046 1420 2546 287 1787 918 2920 1007 2418 2507 560 2060 240 749 2249 2867 1740
Route	15 :  1460 1073 2960 1292 2573 258 2792 771 1758 193 2271 1445 1693 1218 2718 355 2945 1855 1322 1387 2822 1174 2887 83 904 2674 797 1583 2297 2404 632 957 2132 2457
Route	16 :  782 43 886 2386 2282 708 1543 2208 492 832 433 1992 1331 2332 2831 1933 634 937 2134 1264 2764 1416 2916 2437 368 61 1868 1006 2506 774 1561 943 2443 2274 1314 1272 2772 2814 247 1747
Route	17 :  265 1386 1765 2886 1113 822 2322 484 2613 1984 819 653 2319 376 1876 327 2153 962 1827 711 1186 2462 297 2686 1177 1797 32 2211 312 2677 1532 1431 1812 2931
Route	18 :  1222 513 2722 2013 13 562 1513 892 1048 2062 2548 255 2392 734 1755 999 2234 377 2499 1406 2906 430 1877 1151 1930 616 2116 1145 2645 167 2651 203 1667 1056 1703 2556
Route	19 :  1061 9 2561 1509 140 1001 2501 1315 1371 1640 2815 852 2871 261 2352 1761 1103 1484 2984 2603 1472 1355 2855 2972 1149 145 2649 429 1929 79 1645 1579
Route	20 :  301 143 1643 650 1801 1357 2857 1293 2793 761 1263 2150 2763 445 668 2261 2168 1945 133 68 1633 585 2085 1464 1568 1489 168 2964 2989 660 2160 1668 1458 2958 1306 138 2806 1638
Route	21 :  530 1095 2030 589 1308 2808 1175 2595 743 2089 2243 2675 186 1394 1201 2701 1686 2894 841 282 1782 984 2341 2484 643 1382 1269 2769 2882 2143 336 1285 482 1982 340 2785 1836 85 1840 565 1585 2065
Route	22 :  1440 2940 1261 1097 1141 2761 2641 707 2597 2207 932 183 2432 275 1683 1209 1775 285 2709 1271 1785 289 2771 579 2079 1789 1248 1156 1106 2748 2656 2606 1388 1065 382 1882 2565 2888
Route	23 :  757 2257 1342 1433 2933 2842 352 706 1852 1203 2703 1274 2206 2774 1100 1358 2600 2858 14 41 1385 1514 873 1541 2373 2885 158 1369 1 2869 63 1658 1501 1563 1456 19 2956 1519
Route	24 :  428 765 98 1598 2265 47 1928 1262 1547 1378 2762 2878 540 1011 2040 220 2 1720 4 2511 1502 202 1504 965 1702 2465 698 1384 2198 1142 2884 1365 1437 2642 1284 2937 2865 2784
Route	25 :  801 1467 2301 1345 2967 296 2845 1093 153 2593 1796 1653 1392 418 369 2892 1869 686 207 1918 1707 199 218 1699 1718 1064 2564 830 2330 720 2186 2220 403 1072 2572 700 1903 1210 1389 2710 2200 2889
Route	26 :  966 1454 526 715 1344 2954 1226 2466 2726 573 2844 1178 2215 2073 2678 637 2026 1277 2137 1024 2777 724 2524 44 2224 948 2448 550 1544 576 626 2126 1287 2076 2787 1304 2804 1251 2050 2751 274 1318 2818 1774
Route	27 :  264 1325 1764 969 752 2825 489 2252 1989 130 2469 1368 1252 2752 2868 528 358 2028 1630 356 1856 1450 1858 2950 910 644 2144 2410 1087 606 2587 239 2106 227 1727 1739 1010 890 511 2011 2510 2390
Route	28 :  1081 290 827 2581 1482 1790 474 1974 2982 2327 1496 1275 2996 252 787 1752 2775 2287 1084 1032 155 2584 2532 1655 842 2342 1444 1289 1499 2944 2999 1346 673 2789 1130 2846 2173 759 2630 2259 555 2055
Route	29 :  1280 812 2312 34 2780 1534 246 916 1746 2416 1434 665 1080 2580 222 2165 2934 1722 476 1338 2838 116 1976 803 1616 299 401 1901 2303 1799 809 1207 2309 260 1003 1760 2707 2503
Route	30 :  1380 2880 110 519 2019 1610 97 148 1414 1597 1648 416 1916 2914 566 323 1823 2066 1301 762 2801 811 1233 2262 2311 15 1515 2733 1449 1017 2949 99 2517 310 1599 1810
Route	31 :  876 575 2376 1258 2075 732 2232 2758 611 160 493 1993 1660 594 855 2111 2094 1340 2355 66 764 2840 1566 1270 2770 1319 713 2819 2264 525 1488 2213 2025 629 2988 331 2129 1831 1249 2749
Route	32 :  883 2383 669 1412 2912 2169 1424 1477 126 2924 2977 330 1626 815 1830 1119 170 2315 531 2619 1670 2031 642 856 324 2142 378 1824 2356 869 2369 831 1878 1082 2331 460 2582 1960
Route	33 :  930 1347 2430 2847 1220 1066 2720 543 2043 2566 538 683 2183 284 2038 1784 166 1447 1666 2947 780 1330 2280 2830 864 1109 2364 268 2609 1768 1079 2579 1054 2554
Route	34 :  1359 967 2467 884 195 608 2859 2384 2108 828 1695 712 2212 2328 341 1474 1004 2504 1091 1841 272 1772 259 2974 2591 1759 1033 2533 142 758 1495 2258 107 2995 1642 1607
Route	35 :  922 1204 2422 612 2112 2704 602 2102 75 718 1575 244 2218 1246 664 1744 2164 779 2746 370 135 2279 1635 1870 518 990 2490 607 2018 986 2486 2107 447 402 1278 1902 2778 1947
Route	36 :  1290 141 1000 1641 1116 2500 2790 836 2616 2336 1168 1216 2716 2668 1466 1070 2570 2966 1160 466 185 30 2660 1685 1108 1966 2608 549 2049 342 1530 1202 2702 1842 785 542 2042 934 2434 2285
Route	37 :  598 2098 914 738 839 2414 2339 654 2154 2238 176 529 2029 1676 928 1288 2788 2428 740 772 2272 2240 400 794 1900 527 432 2294 1451 2027 1932 956 2951 2456
Route	38 :  423 635 1242 2742 27 2135 415 702 1527 2202 1923 161 1915 344 1661 944 1844 72 2444 346 1572 191 1691 1115 1846 2615 7 1162 2662 175 818 1507 395 1675 1895 2318 651 1265 2151 1223 2765 2723
Route	39 :  390 735 1890 194 2235 628 1415 2915 1694 500 2128 128 1628 2000 640 2140 609 2109 1211 2711 283 750 1783 2250 826 372 1077 2326 169 1872 1669 2577 381 37 1329 1881 1537 1407 2907 2829
Route	40 :  837 21 2337 1428 2928 1521 865 1363 2365 2863 305 1436 146 2936 1311 1805 621 2121 804 2811 533 1299 2304 1646 2033 450 1950 117 2799 441 1044 2544 1617 1471 1941 2971 219 267 1767 1719 1034 2534
Route	41 :  345 1845 1254 1147 2754 736 2647 1099 778 1463 2963 2236 2278 281 2599 1781 1296 614 2796 1316 2114 1171 262 2816 1762 2671 1438 269 2938 1769 940 941 760 2440 2441 347 1847 747 2247 2260 939 2439
Route	42 :  1193 192 2693 1069 763 1692 2569 1030 1019 2530 1302 2263 891 1446 2519 2802 710 2946 380 2391 2210 257 1757 1230 1312 2812 1880 1483 2730 647 2983 2147 963 889 2389 1067 2567 2463
Route	43 :  86 303 394 1894 1803 618 1586 320 1820 1350 2118 1138 2638 726 2850 2226 1255 709 2755 569 2209 245 1745 164 2069 182 1664 1682 808 897 295 2308 1795 2397
Route	44 :  1457 850 1486 2957 2986 31 2350 729 2229 1531 91 1351 1591 1300 2800 187 2851 1256 1687 793 2756 443 214 1361 2293 1040 1943 2540 46 1714 1546 291 2861 1401 1791 1085 1376 2585 2901 2876
Route	45 :  1213 410 2713 1031 667 2531 1910 2167 106 672 88 1606 1588 2172 896 840 2396 424 1924 517 2340 1159 2017 981 972 2659 2481 1184 2684 2472 863 1161 2661 1283 2783 253 2363 1753
Route	46 :  385 149 1649 479 1979 1885 1390 1088 748 2588 2248 846 2890 927 2427 971 2471 422 2346 590 2090 81 1922 825 1581 458 206 2325 1706 59 1958 595 1559 2095 54 1101 1554 716 2601 2216
Route	47 :  92 1592 623 938 2123 1490 2990 2438 77 1577 62 1127 684 2184 1562 2627 630 1343 2130 767 2267 1102 2843 2602 1418 216 2918 1716
Route	48 :  70 727 2227 982 1570 2482 1481 1129 2629 670 2981 1426 2926 1227 2170 444 2727 902 139 1944 1639 899 547 2399 2402 1360 2047 2860 1047 1098 2547 2598 1144 1197 1381 2644 2881 2697 80 1396 120 2896 1580 1620
Route	49 :  817 568 2317 502 2002 679 2068 311 2179 438 1094 1811 2594 379 1879 1045 1938 1354 600 2854 412 2100 307 2545 1807 1912 1411 591 2091 49 2911 1188 48 1549 105 1548 592 2688 1605 2092 657 2157
Route	50 :  431 471 1417 1971 3 1931 1503 829 599 2917 2329 994 2099 349 1849 887 2387 2494 624 577 2124 409 2077 234 1909 1734 333 870 230 1833 1730 278 2370 1778 449 1949 1228 680 2180 2728
Route	51 :  915 189 627 2415 156 1689 2127 1656 993 366 2493 955 1866 461 1961 2455 807 280 1780 1214 2714 2307 663 55 225 1555 17 2163 1725 1517 1023 860 2523 583 572 2083 232 2360 2072 1732
Route	52 :  277 1777 1435 885 813 974 2313 2935 2385 123 477 1623 596 1977 2474 1366 2096 1400 584 2866 2084 2900 52 586 1552 945 2445 1303 2086 315 603 2803 20 2103 1332 1815 1520 2832
Route	53 :  16 854 1516 233 1229 908 1733 2729 625 2354 880 2408 2380 2125 1429 228 60 2929 1728 1560 18 516 1166 1518 2016 1172 2666 1236 2672 989 1158 2736 2489 2658 1231 2731 426 1052 1926 2552
Route	54 :  696 2196 895 314 2395 1313 1814 122 2813 1323 1029 1622 2529 816 2823 781 2316 238 276 1776 1041 2541 2281 1738 1014 613 692 2514 154 1654 1238 2192 237 1737 681 321 2181 2113 2738 1821
Route	55 :  1321 970 1405 2821 2905 2470 730 1305 213 2230 1713 756 2805 1250 2256 2750 633 1131 2133 93 2631 1593 834 1110 2610 1356 118 1618 2856 317 1817 1281 2334 2781
Route	56 :  200 773 2273 425 1430 1700 1111 406 1925 2611 165 2930 1906 64 1665 919 2419 1564 399 1432 1899 728 2932 802 457 1957 2228 2302 8 958 2458 1002 1508 2502 564 210 1710 2064
Route	57 :  973 1410 2473 755 2910 1237 1036 2536 2737 2255 304 1206 2706 1804 983 1124 2483 553 209 2624 2053 1189 271 1709 2689 1771 911 745 2245 109 2411 453 675 1953 1609 508 2175 2008
Route	58 :  1241 791 73 2741 754 1573 2291 770 833 325 2254 1825 2333 605 2270 1478 2105 343 1843 322 2978 1105 1132 2605 2632 1297 1470 1822 2797 103 2970 134 1603 338 1634 1838 946 495 1154 2446 1995 2654
Route	59 :  1403 2903 1120 847 2620 108 1608 2347 427 329 1260 1185 1927 2685 1829 45 2760 455 933 2433 1545 1121 309 1955 1809 2621 1183 129 442 1942 2683 404 1904 1422 2922 1629
Route	60 :  988 2488 1409 2909 1060 499 964 335 2560 2464 678 1999 2178 131 857 1835 90 1631 2357 1590 879 1427 127 1627 2927 1062 1224 2724 2562 814 862 2379 157 5 2314 1505 2362 413 1913 102 1657 1602
Route	61 :  1152 1117 22 2617 1453 1522 2652 691 848 465 2953 236 1965 2348 2191 849 1257 1736 725 2349 2757 2225 1473 132 2973 1370 1632 2870 1439 51 704 488 1551 2204 2939 1988 286 1049 1786 467 2549 746 2246 1967
Route	62 :  211 995 2495 446 1711 656 1946 1421 2156 87 775 1587 504 1273 151 1651 2275 2773 1137 2004 1219 2637 1391 978 2478 2891 318 2719 996 1818 769 900 2400 2269 649 2496 561 2921 1057 2557 2061 2149
Route	63 :  838 1191 2691 1165 2338 1374 2665 71 2874 935 1571 570 631 2070 2435 300 2131 1182 2682 152 1800 537 1652 481 1981 1136 2037 1074 1009 2636 2509 50 1550 2574 1068 1452 959 2568 2459 1042 2952 2542
Route	64 :  1020 1352 2852 1399 2520 1050 2899 588 1494 2994 2550 2088 798 917 2298 434 2417 1934 463 1462 2962 1963 912 179 360 1679 2412 532 1860 552 2032 2052 125 313 1625 172 1672 1813
Route	65 :  501 2001 208 693 1708 2193 459 256 1756 1053 1959 1190 2553 2690 1176 563 674 2063 557 2676 2057 36 2174 328 359 1859 1536 1195 1828 2695 851 1194 2351 362 1862 2694
Route	66 :  6 1491 1326 1506 882 2382 1026 2826 2991 514 534 2526 2034 874 2014 1114 2374 2614 1377 968 2468 859 2359 173 2877 95 535 2035 1673 1336 2836 1595 1126 205 266 1705 1766 2626 393 112 1893 1612
Route	67 :  1291 1180 2680 2791 571 375 2071 1192 1875 2692 57 1557 1244 506 960 1497 2460 2997 905 2744 2405 1259 2759 503 2006 872 2003 894 2394 824 2372 2324 786 2286 1419 464 2919 1104 2604 1964
Route	68 :  666 144 1644 279 407 1907 2166 1779 661 2161 658 2158 523 417 2023 1917 1146 204 2646 1704 1335 2835 536 388 171 1671 1232 1888 2036 1173 2732 1063 1125 2625 2563 242 440 2673 1742 1940
Route	69 :  137 1307 1637 1379 2807 2879 659 558 2058 979 2159 243 2479 10 1743 1078 1455 2955 288 1510 1788 507 2578 2007 454 1179 1083 2679 676 1954 821 2583 1324 2176 2321 1479 925 2979 2824 2425
Route	70 :  1051 799 2299 2551 226 1208 1726 788 111 2708 2288 1611 351 843 1851 2343 699 744 96 2244 1596 2199 1408 136 2908 1310 2810 387 1636 1442 2942 1317 1334 2834 2817 1887
Route	71 :  1135 29 398 1529 1169 1898 82 1582 2669 119 113 1619 221 1613 1148 1721 950 2635 2648 1402 2450 578 2902 2078 361 731 1221 2231 835 2335 1441 2721 177 1469 2941 1677 893 2969 1861 2393
Route	72 :  992 867 2492 1267 2367 1181 2681 2767 28 512 2012 241 1741 1528 478 1978 1035 490 1990 472 2535 1972 942 1163 2442 1128 1096 2663 2596 929 2628 1295 2429 56 2795 723 1556 2223
Route	73 :  991 1247 2747 1393 2491 35 2893 622 1395 2122 2895 593 777 2093 229 1535 1729 163 363 1235 1663 1122 2735 1863 483 2277 1983 2622 898 383 2398 877 682 2377 800 1883 198 2182 1698 2300 645 2145 354 1854
Route	74 :  1487 784 980 2987 1170 2480 2670 2284 977 703 316 2477 251 1816 1037 2203 1348 1751 2537 2848 384 1215 2715 487 1884 1987 795 2295 391 878 1891 451 2378 539 2039 1012 1951 2512
Route	75 :  1459 364 2959 196 374 319 1874 38 1696 1538 1864 1819 12 1155 1512 419 751 1919 2655 783 337 2251 952 2452 2283 1837 947 2447 901 903 2401 468 2403 548 1968 1298 717 2798 2217 2048
Route	76 :  480 845 1980 515 2345 1092 2015 1500 1143 3000 2592 741 2643 998 2241 936 2498 695 2195 332 2436 1025 1832 2525 298 1123 1199 1798 2623 701 2201 953 357 2699 1857 2453
Route	77 :  810 521 617 2021 554 2310 1187 2054 1425 2117 1341 2925 2841 541 2687 2041 121 498 100 1239 1998 1600 1621 2739 178 690 2190 24 1678 188 1524 1688 1404 74 1574 58 334 2904 1834 1558
Route	78 :  766 115 1615 2266 389 292 84 1584 223 1889 420 1792 1723 1089 101 1601 2589 1920 65 1565 473 820 1485 1973 2320 2985 1086 574 2586 373 1873 1349 2074 2849
