Instance name : bar-n400-1
Authors       : Dmitriy Demin, Mikhail Diakov (msd@veeroute.com), Ivan Ilin, Nikita Ivanov, Viacheslav Sokolov (vs@veeroute.com) et al. VRt Global (https://veeroute.com/)
Date          : yyyy-mm-dd
Reference     : veeroute.com
Solution
Route 1 : 159 97 76 359 83 172 372 276 297 45 283 245 32 232
Route 2 : 14 118 214 318 26 193 174 74 374 274 226 393
Route 3 : 48 4 248 191 204 104 73 304 71 273 271 391
Route 4 : 63 67 167 267 162 367 51 251 263 183 362 383
Route 5 : 179 15 379 50 141 215 341 250 125 170 325 370
Route 6 : 29 21 229 111 25 225 49 95 221 311 249 295
Route 7 : 9 146 346 209 93 187 35 293 70 88 288 235 387 270
Route 8 : 31 114 314 148 348 24 224 200 400 231 112 312
Route 9 : 37 1 155 110 33 237 98 310 201 233 355 298
Route 10 : 173 171 371 373 28 23 52 223 228 252 82 122 282 182 382 322
Route 11 : 86 78 69 175 269 176 286 278 375 192 376 134 334 392
Route 12 : 163 72 109 363 272 140 340 22 222 309 116 58 316 258
Route 13 : 129 113 329 61 313 261 12 80 280 103 185 385 303 212
Route 14 : 151 126 351 102 326 121 302 62 321 262
Route 15 : 135 169 335 54 254 178 133 369 57 333 257 378
Route 16 : 108 119 308 319 10 210 11 75 275 198 398 211 189 389
Route 17 : 53 91 47 253 138 338 139 291 247 339
Route 18 : 157 136 357 336 117 18 79 20 279 317 220 218
Route 19 : 5 101 59 259 19 301 219 205 115 165 365 315
Route 20 : 120 161 320 107 361 60 307 147 347 194 260 394
Route 21 : 16 3 100 203 181 216 94 99 300 145 294 381 299 345
Route 22 : 30 84 89 68 289 284 230 268 41 241 190 166 366 390
Route 23 : 27 34 227 40 240 234 17 77 217 277 87 127 287 327
Route 24 : 184 65 384 168 124 265 7 368 324 195 207 395
Route 25 : 131 6 199 331 206 399 180 153 380 150 350 353
Route 26 : 42 242 2 81 202 281 105 142 305 43 243 342
Route 27 : 156 152 352 160 164 364 197 356 360 38 397 238
Route 28 : 39 132 332 92 36 239 13 56 256 213 236 292
Route 29 : 55 44 130 330 255 128 244 46 328 246 177 377
Route 30 : 188 158 196 396 186 358 386 388 64 106 306 264
Route 31 : 144 154 90 290 344 143 354 149 349 343
Route 32 : 85 8 123 323 285 66 208 96 296 137 266 337