Instance name : bar-n5000-3
Authors       : BIG3 - Dmitriy Yampolskiy, Egor Nikolaev and Daria Savina. Smart Logistics Point by the BigThree team (big3.ru).
Date          : 2025-04-23
Reference     : BigThree team (big3.ru)
Solution
Route 1 : 1180 1670 2237 3680 1789 4737 4170 1732 4289 350 552 2850 246 4232 1499 3052 528 3028 1755 2746 3999 4255
Route 2 : 1037 568 2471 888 3537 1089 4971 1836 3589 3388 384 3068 4336 178 2884 1003 2678 3503 1720 1556 4056 4220
Route 3 : 589 3089 2422 159 1545 4045 693 2659 1124 3193 4922 3624 2156 702 4656 627 1904 3202 4404 1010 3127 3510
Route 4 : 1208 1001 3708 3501 1606 2176 4676 4106 591 3091 1714 875 4214 2129 3375 2042 1221 3721 1362 3862 4629 4542
Route 5 : 2137 4637 2218 1827 4718 4327 1873 4373 1072 935 3435 441 256 3572 1759 2941 2756 4259 328 2828
Route 6 : 1505 1600 4100 4005 1032 537 1823 3532 1900 4323 3037 998 4400 2301 3498 1413 744 4801 484 3913 1581 4081 2984 3244
Route 7 : 2165 785 1927 1137 4665 3285 259 2759 1805 4427 1664 535 4305 933 3637 1558 4164 3433 2113 3035 4058 4613
Route 8 : 90 1495 1566 2590 3995 1017 4066 2064 3517 2093 4564 1045 11 4593 1323 3823 3545 2054 2511 1622 4554 4122
Route 9 : 2187 4687 1580 567 4080 2451 2188 3067 793 4688 3293 1948 4951 4448 2008 523 3023 4508
Route 10 : 100 1766 2600 2139 4266 1785 130 4285 532 2442 4942 730 3032 2630 2140 4639 1882 3230 4640 16 4382 2516
Route 11 : 806 1564 3306 1575 4064 847 2450 4075 149 3347 4950 418 1256 2918 422 2649 2412 3756 2922 444 1176 2944 4912 3676
Route 12 : 1846 133 498 4346 2633 1429 2998 127 3929 485 2627 2985 2390 548 4890 2323 3048 471 850 3350 2971 4823
Route 13 : 546 3046 1391 2361 4861 2125 121 3891 4625 2621 1456 967 3467 3956 1309 2299 1959 4799 4459 3809
Route 14 : 2304 175 4804 2201 2675 296 2796 947 3447 4701 1662 1135 4162 3635 339 1387 2839 1913 3887 4413 753 2374 3253 4874
Route 15 : 2312 1504 2122 4004 4812 4622 1539 685 1627 3185 486 4039 1266 2986 66 3766 4127 2138 4638 1374 3874 2566
Route 16 : 1347 2294 1635 4794 4135 607 1205 3847 3107 1751 3705 2407 4251 470 490 2970 1896 2990 4907 13 4396 2513
Route 17 : 2328 68 2568 4828 387 2887 2223 1368 1302 3868 4723 170 2145 3802 2491 4645 4991 2670
Route 18 : 804 941 3441 3304 1282 1043 3543 3782 355 1475 3975 1462 3962 2855 1150 3650
Route 19 : 2424 261 2761 4924 2402 1173 3673 4902 1648 2496 2349 4148 4996 540 633 3040 398 4849 3133 2898 2011 4511
Route 20 : 1014 1127 3514 3627 380 460 2880 2960 2353 1308 4853 844 3808 1831 746 3246 4331 3344
Route 21 : 665 289 2789 2370 3165 1721 62 4870 57 4221 713 1860 2562 1923 2557 3213 4360 4423 1968 834 4468 3334
Route 22 : 1470 555 3970 840 3340 1038 3055 1013 3538 445 2945 1764 3513 4264 544 3044
Route 23 : 2341 2305 4841 554 4805 513 3054 1682 3013 807 4182 468 3307 939 3439 1320 2968 2327 4827 3820
Route 24 : 24 2524 1451 1906 2205 3951 726 4705 643 3143 2100 4406 3226 4600 1591 2079 333 4579 1472 2833 4091 3972
Route 25 : 1361 2186 2281 3861 1926 4781 2001 2160 595 4426 3095 317 4660 4686 4501 291 2106 2791 1284 798 4606 3784 2817 3298
Route 26 : 517 1740 3017 4240 209 1844 2709 4344 1570 1889 4070 72 334 4389 1737 2834 2572 1644 4237 4144
Route 27 : 1716 1898 4216 1602 4398 1863 4363 2497 379 4102 2879 1213 3713 748 4997 2272 3248 2258 4772 4758 1279 3779
Route 28 : 190 1086 390 2690 3586 602 2890 714 3102 822 1917 3322 3214 254 2754 144 4417 2644 1465 870 3965 3370
Route 29 : 1476 3976 1431 308 3931 899 2808 1007 3507 3399 272 2266 4766 2772 1850 4350
Route 30 : 1551 2184 1548 34 4684 4051 2534 64 4048 2478 1272 2564 394 4978 3772 41 868 2894 2541 1440 577 3940 3077 3368
Route 31 : 1377 1859 3877 1182 3682 2159 4359 1024 3524 1858 4659 1359 4358 3859 358 2858
Route 32 : 457 207 2707 1373 2957 1053 2041 3553 2142 3873 210 2710 4642 342 4541 482 1301 2842 3801 2982 1396 3896
Route 33 : 423 187 2687 723 2923 1262 3223 3762 114 2046 2614 2284 4546 4784
Route 34 : 760 6 336 3260 2506 233 1528 2836 4028 1178 3678 2733 463 945 950 3450 3445 5 2963 2136 2505 4636
Route 35 : 2198 2427 4927 4698 506 663 3163 984 3006 1576 2183 3484 637 4076 990 3137 287 3490 4683 770 2787 3270
Route 36 : 150 2650 2098 1516 4598 2490 4990 2396 4016 556 698 862 4896 3362 3198 464 3056 426 450 2950 2964 2926
Route 37 : 1658 1920 976 3476 4158 4420 1167 882 3667 3382 2101 1903 205 4601 4403 2032 4532 2705 815 3315
Route 38 : 706 587 235 2735 3206 3087 1493 952 1492 3993 2086 2219 3992 3452 1565 4719 4065 4586
Route 39 : 2484 696 1848 3196 1669 4984 4348 1537 1656 4156 1593 4169 4093 168 4037 557 2668 1130 103 3057 3630 2603
Route 40 : 1385 165 2033 3885 588 2665 861 4533 1851 4351 3361 1623 3088 126 1187 4123 2626 1158 3687 405 2905 3658
Route 41 : 2195 1102 3602 1225 4695 826 1297 3797 151 3725 2651 3326 626 1824 4324 1319 3126 1353 3819 3853
Route 42 : 1815 837 3337 800 912 4315 185 3412 2685 2052 3300 2334 4552 1840 4834 2234 2386 4734 4886 4340
Route 43 : 574 2085 4585 1894 1110 3610 3074 4394 1506 1616 846 4116 2313 4006 1144 3346 4813 916 3644 1991 1765 3416 4491 4265
Route 44 : 1106 666 3606 1712 3166 4212 1671 141 4171 2641 1360 1093 3593 3860 1562 1367 3867 4062
Route 45 : 1094 47 603 2547 1444 3594 1976 3944 4476 1760 3103 1077 4260 2482 3577 4982 1890 1783 700 3200 4283 4390 262 2762
Route 46 : 791 252 3291 710 2752 227 3210 2727 173 1249 620 3749 2673 319 2147 385 3120 2819 4647 2069 2885 1839 4339 4569
Route 47 : 1073 2015 1383 3573 18 4515 392 3883 2458 2518 2892 1694 4958 1543 4043 4194 2171 2494 884 4671 4994 3384
Route 48 : 364 1794 897 2864 4294 3397 337 1420 3920 1164 2837 217 3664 2717 1631 4131 258 267 2767 2758
Route 49 : 304 1819 973 3473 690 2804 2445 1542 3190 2464 4042 955 4945 4319 2126 4626 738 4964 1557 3455 2181 3238 117 4057 4681 2617
Route 50 : 679 1231 776 3731 2040 110 3179 2610 4540 3276 1989 794 3294 4489 1950 1234 3734 4450 553 3053
Route 51 : 465 238 864 2965 1845 3364 4345 901 3401 1609 215 4109 2738 1817 1371 2715 4317 356 3871 2010 2856 4510
Route 52 : 1554 2245 4745 769 4054 1092 1522 3269 1990 3592 87 4022 2587 2017 1747 4490 4517 447 4247 625 2947 3125
Route 53 : 2273 1087 848 3587 3348 4773 415 2166 2915 1829 4666 2316 4816 4329 186 1061 3561 2686
Route 54 : 684 386 3184 2886 495 1738 2995 2377 22 4238 2522 1021 1966 4877 3521 735 1568 3235 4466 898 58 4068 3398 2558
Route 55 : 1833 1350 4333 1194 3850 1608 3694 375 2875 4108 268 2768 1186 1141 3641 3686 476 1772 2976 4272
Route 56 : 1578 307 4078 329 960 2807 692 3460 644 2829 3144 1775 3192 934 638 3434 4275 2288 3138 1140 4788 3640
Route 57 : 1940 4440 1569 325 4069 2392 1690 2825 2480 4892 839 4980 56 4190 112 1531 2612 2556 4031 3339 181 1550 2681 4050
Route 58 : 818 3318 1170 2029 3670 2432 4529 1515 4015 1065 4932 771 1346 3271 1345 3846 3565 1081 3581 3845 1796 4296
Route 59 : 1122 1497 3622 1514 754 3997 2344 2384 4844 3254 4884 1101 99 2599 3601 59 4014 1357 2559 2130 4630 3857
Route 60 : 2141 2493 4641 1579 4993 501 1402 3001 4079 1965 3902 1148 1243 3648 4465 3743 814 1251 3751 3314 1329 497 2997 3829
Route 61 : 2387 19 4887 2163 965 2519 3465 673 293 4663 3173 1500 752 2793 1595 808 3252 183 4095 4000 3308 2683
Route 62 : 579 2036 3079 4536 768 2261 3268 2 4761 2365 522 2502 3022 774 3274 1672 4865 1220 3720 4172
Route 63 : 913 1066 3413 1074 3566 1553 4053 1695 250 3574 288 954 2788 2426 2750 4195 1011 3511 550 4926 3050 3454
Route 64 : 604 737 2454 3104 989 3489 3237 306 4954 2806 1787 4287 1856 1411 3911 2418 4356 4918
Route 65 : 585 1165 3085 3665 1954 2233 2363 371 4454 4733 1854 4863 1847 4354 1174 2871 799 3299 3674 4347
Route 66 : 36 196 2696 2536 1552 2411 4052 832 368 4911 3332 2868 1618 503 4118 228 3003 2333 4833 2728
Route 67 : 1259 671 3759 512 346 2846 39 1352 3171 2539 946 3012 3446 383 1317 3817 805 2883 3852 1283 3783 3305
Route 68 : 742 3242 182 972 1808 2682 1201 184 4308 3472 2684 1659 167 3701 4159 2667 1886 570 3070 4386
Route 69 : 691 792 177 3292 1486 686 3986 2677 1026 2463 3191 3526 4963 3186 412 895 2912 3395 1070 2022 3570 4522
Route 70 : 2446 866 3366 2009 4946 122 4509 2622 514 2419 707 3207 3014 4919 2382 2400 4882 4900
Route 71 : 226 1663 1919 4419 1248 4163 2190 2726 4690 3748 253 2028 780 2753 340 3280 4528 2840 2023 2016 4523 4516
Route 72 : 682 680 3180 1322 3182 812 1782 3312 3822 1169 1363 3669 73 4282 2573 2397 3863 677 4897 3177
Route 73 : 1276 1028 1161 3776 3528 1236 3661 52 1541 3736 2552 1154 3654 1637 2203 2057 4041 1372 3872 4703 4557 4137 1799 4299
Route 74 : 1777 1049 1872 4277 827 3549 3327 70 1296 1432 4372 2570 3796 948 1784 3448 2226 4726 4284 1512 893 4012 3932 3393
Route 75 : 1337 825 1971 3325 4471 865 3365 975 1480 3837 3980 300 3475 188 2800 1076 3576 2688 1884 76 1524 4384 2576 4024
Route 76 : 1837 4337 1816 775 4316 565 2265 3275 538 3065 3038 2473 1914 4973 4414 2107 4765 255 2755 124 2624 4607
Route 77 : 2155 1099 4655 220 3599 1084 2720 1778 3584 1908 1339 3839 766 4278 2182 3266 4408 951 4682 3451
Route 78 : 455 867 3367 2955 1364 1410 3864 113 1698 3910 2613 155 1474 4198 3974 2655 91 1988 2591 4488
Route 79 : 403 2472 4972 2903 1008 1255 351 3508 717 3755 2460 650 2851 3150 43 4960 3217 2543 345 1454 2845 2082 4582 3954
Route 80 : 654 1986 3154 4486 2251 894 4751 3394 907 649 3149 2169 27 1138 3407 2527 21 4669 2521 1918 3638 1293 4418 3793
Route 81 : 2116 1828 1390 4328 1667 4167 1426 4616 397 3890 674 1691 2897 1179 3926 872 4191 3372 1842 3174 3679 2031 4342 4531
Route 82 : 1549 1870 4049 2293 4370 344 1098 2844 4793 802 2024 4524 3598 3302 2071 2256 4571 1036 4756 1905 4405 3536
Route 83 : 2308 764 4808 1909 2462 3264 2466 4409 4966 926 4962 3426 2296 2002 4796 493 249 4502 2749 902 2993 3402 2403 4903
Route 84 : 590 1464 1143 3090 401 2901 2230 4730 46 3643 669 3964 2546 689 699 3189 2399 3199 4899 3169
Route 85 : 221 1263 1467 3967 731 2721 1172 3672 1079 3231 32 1324 3579 2532 1701 3824 3763 1797 4297 61 4201 1686 2561 4186
Route 86 : 2307 496 4807 2996 1005 582 3505 1985 421 3082 162 4485 2921 294 1638 2794 2662 1103 192 3603 4138 2692
Route 87 : 1987 477 4487 658 3158 2977 2401 1117 2385 4901 2055 2291 3617 4885 4791 727 4555 2081 4581 3227
Route 88 : 2433 2429 4933 502 3002 1496 4929 2073 3996 139 4573 2075 2639 2485 4985 521 4575 1438 3938 3021
Route 89 : 1200 1286 119 3700 2364 1697 4864 824 3786 3324 4197 2619 849 1344 3349 2405 3844 4905 1523 2092 4592 4023
Route 90 : 915 1599 1936 4099 4436 566 3415 1292 944 3792 1960 3444 853 3066 1857 410 4357 2910 131 4460 3353 1511 4011 2631
Route 91 : 2378 4878 1238 1064 3564 3738 2300 1000 1978 3500 4800 38 2467 2538 12 2512 4967 759 4478 3259
Route 92 : 1653 8 820 2049 2508 4153 3320 877 879 3377 1781 3379 4281 499 4549 1871 2999 4371
Route 93 : 1801 374 2489 2874 4989 609 4301 352 3109 1642 551 2852 3051 2441 4142 1652 4941 1185 2416 4152 4916 3685
Route 94 : 2229 1131 938 3631 1757 4729 1776 4276 4257 3438 1039 3539 500 1126 2238 3626 4738 1139 3000 1615 3639 4115
Route 95 : 1336 1097 279 1395 2779 3836 2117 4617 854 3597 3895 402 2212 4712 2902 3354 1025 20 3525 2520
Route 96 : 1120 3620 2297 1977 4797 2150 549 3049 335 4477 4650 767 1428 116 2616 1651 4151 3267 3928 2835
Route 97 : 1647 889 4147 2232 3389 1877 908 4377 129 3408 1113 3613 1689 4732 4189 153 2629 1441 3941 407 2653 2907
Route 98 : 612 755 3112 2227 438 2938 389 3255 4727 1222 2889 1983 2175 4675 3722 1583 1743 4483 4083 4243
Route 99 : 1722 420 4222 408 2920 2908 1034 937 1365 3534 2200 3865 2236 2449 33 3437 4736 1100 3600 4949 4700 2533
Route 100 : 63 1491 1230 2563 2158 3730 3991 4658 721 2192 1478 3221 2253 4692 3978 999 1159 4753 3659 1883 3499 4383
Route 101 : 573 782 3073 419 3282 645 479 2919 354 3145 2854 2979 1171 1404 2456 3671 1907 4956 3904 102 4407 2602
Route 102 : 599 1188 1311 3688 15 2515 3099 1332 44 3811 2544 3832 467 659 1219 3719 2967 3159
Route 103 : 31 2531 1628 1306 1401 3901 1620 4128 3806 1727 303 2059 4120 1121 4559 2247 4227 2167 2803 4747 305 4667 3621 2805
Route 104 : 2013 140 2640 60 4513 189 1696 2560 2689 357 2857 2395 4895 563 2347 4196 3063 2437 4847 4937
Route 105 : 757 266 2766 474 3257 439 2248 4748 1482 2974 733 3982 2939 3233 1152 1924 3652 4424
Route 106 : 427 466 2302 2966 2927 23 1707 507 4207 2523 1048 3007 1477 3977 529 4802 3548 1211 1572 3029 125 2625 3711 4072
Route 107 : 487 1573 2987 4073 2133 2290 4790 1398 4633 241 3898 1547 2741 1009 4047 2331 4831 809 3509 3309
Route 108 : 1204 1483 3704 1915 4415 3983 297 2368 2797 4868 28 1752 2528 619 1450 4252 719 3119 1949 4449 885 3950 3219 3385
Route 109 : 586 1790 796 3086 2375 4290 4875 318 2355 2818 2157 3296 4657 4855 914 2068 1307 4568 1380 3880 3414 3807 1534 4034
Route 110 : 1957 1981 4457 315 2420 4920 2815 906 3406 1665 4481 2131 2443 4631 2329 4165 4829 1700 4200 4943
Route 111 : 1885 2298 4798 414 4385 247 2914 1678 2747 4178 292 2414 2322 2792 118 4914 4822 2311 4811 1629 1719 4219 2618 4129
Route 112 : 1901 274 4401 2066 2774 956 3456 2124 4566 1183 1082 4624 2319 3683 435 2499 3582 4999 786 2935 3286 4819
Route 113 : 1773 957 4273 143 3457 2643 37 683 3183 2134 2537 519 1584 3019 4084 4634 2371 4871
Route 114 : 1881 1655 670 2191 4691 4155 1269 3170 1706 676 4206 651 3176 3769 1195 2274 4774 1358 4381 3695 1105 3605 3858 3151
Route 115 : 1342 761 3261 1050 3842 3550 880 1770 942 3380 572 4270 1445 3442 1035 3945 3535 3072 147 709 3209 1645 2647 4145
Route 116 : 576 2112 3076 1630 4612 2246 4130 2039 1612 4746 4539 1745 4112 4245 886 2380 4880 1400 3386 1041 3900 3541
Route 117 : 179 240 2679 2740 993 1394 3894 3493 1517 511 892 3392 4017 3011 1163 1928 1384 4428 3884 3663
Route 118 : 494 2053 4553 1786 1108 2994 527 3027 365 3608 2865 4286 197 1298 3798 2180 2697 1865 4365 4680
Route 119 : 2286 1916 4786 2338 4416 4838 1215 1935 3715 504 1389 962 3889 3004 4435 3462 481 1489 1280 3989 3780 2981
Route 120 : 1142 920 3642 275 3420 1791 2775 273 2773 214 4291 219 2714 1333 3833 1399 2309 2719 1487 4809 3987 3899
Route 121 : 657 1498 3157 2185 3998 458 2958 2278 4685 1481 2228 4778 4728 1603 3981 2235 606 4103 3106 4735
Route 122 : 1270 1555 1273 4055 2091 1287 3773 4591 2020 3787 158 4520 701 1594 2658 4094 79 1998 3201 2579 3770 4498 909 3409
Route 123 : 202 1147 2702 442 981 3647 2942 1386 201 828 3886 904 3481 3328 1214 3404 2701 2270 1993 3714 2067 4493 4567 1002 3502 4770
Route 124 : 97 520 2597 136 3020 697 1677 1430 2636 3197 1305 2453 4177 377 2877 3805 3930 816 4953 664 3316 2105 4605 3164
Route 125 : 26 225 1128 2526 1741 3628 2431 4241 581 2725 232 2076 4576 2197 4697 4931 1963 2732 3081 4463
Route 126 : 80 2350 2099 2580 4850 1680 974 4180 3474 1984 4599 2455 728 4484 295 4955 1961 3228 2795 263 622 3122 1822 2763 4461 4322
Route 127 : 321 176 45 2821 1878 2676 2545 4378 534 1316 3816 711 3034 84 2584 510 3211 838 3010 1203 3703 3338
Route 128 : 598 3098 1812 593 1958 1723 3093 1356 1969 4458 4312 4223 3856 1806 35 4306 4469 2535 271 2771
Route 129 : 1729 4229 1838 4338 1228 1116 3728 3616 953 765 3453 2109 3265 4609 1258 2108 4608 1704 3758 2193 4204 4693
Route 130 : 1588 1343 2340 3843 299 4088 2799 1668 4840 212 4168 2282 2712 4782 903 687 3187 817 404 3403 1224 2904 3724 3317
Route 131 : 1448 3948 1619 1111 1 2501 4119 592 505 3611 1405 3005 3905 3092 1469 277 3969 509 2777 1059 3009 3559
Route 132 : 718 1278 3218 2351 3778 314 4851 2814 2045 2373 4545 2243 4873 977 1876 4376 4743 3477 313 2813
Route 133 : 584 1244 3084 1964 3744 29 783 4464 905 3283 2283 3405 2529 2436 1944 4444 876 4936 1802 4783 4302 3376
Route 134 : 1975 172 843 4475 2672 1756 1718 3343 1731 4231 1809 4256 4218 750 3250 1261 4309 1530 3761 2012 4030 1281 4512 1632 3781 4132
Route 135 : 1114 2483 286 3614 1254 4983 1382 3754 1780 1162 3662 3882 2786 1744 1527 4027 1536 4280 4244 646 4036 3146
Route 136 : 1054 1774 411 3554 763 2911 653 3153 1535 3263 1832 4274 4035 381 4332 541 2474 2881 4974 871 3041 2189 4689 3371
Route 137 : 842 647 3147 1735 3342 1397 4235 2425 987 3897 2194 4694 338 3487 4925 863 2838 3363
Route 138 : 1529 429 4029 7 195 135 2507 1973 2695 2635 2317 2929 4817 1592 4473 4092 396 1861 2896 4361
Route 139 : 353 2367 4867 489 2275 2989 2853 4775 2352 156 4852 2656 370 1091 1758 4258 2870 508 3008 3591
Route 140 : 2276 2383 4776 2005 4883 1415 833 1611 3915 4505 2178 4111 4678 3333 323 1598 4098 2823
Route 141 : 694 994 1980 3194 1216 4480 1586 4086 747 3247 1733 3494 3716 311 98 4233 2598 1257 2811 2037 4537 2051 3757 4551
Route 142 : 459 1952 1788 2959 4452 856 4288 1330 2143 3830 1761 3356 4643 461 2961 454 4261 1587 526 2954 1803 4087 3026 4303
Route 143 : 269 413 1807 2913 2769 2231 2144 4307 1452 3952 4644 2358 1157 4731 2025 3657 4858 4525
Route 144 : 530 2072 3030 931 4572 3431 560 3060 1435 1875 3935 1299 3799 4375 115 2615
Route 145 : 1375 3875 652 621 3152 1683 969 3121 3469 2303 923 3423 4183 1096 4803 3596
Route 146 : 388 703 3203 2888 2310 4810 715 276 1018 2776 2500 5000 610 3110 2435 3518 3215 883 3383 440 4935 2940
Route 147 : 1062 3562 434 2337 4837 2934 1134 932 3634 3432 891 264 3391 629 2000 4500 3129 2764
Route 148 : 222 1604 2722 2421 231 4104 2731 1166 4921 722 260 3222 2760 575 2030 3666 3075 1793 4530 1814 4293 4314
Route 149 : 615 811 784 3311 3284 823 3115 3323 491 1625 330 2830 1813 4125 1349 1417 2991 3849 2164 3917 4313 4664
Route 150 : 2346 929 3429 1196 4846 302 605 2802 2394 3696 3105 642 1210 3710 3142 211 4894 608 2438 4938 50 3108 2550 2711
Route 151 : 1679 2406 309 4906 1821 4179 1223 2809 4321 631 1318 3723 858 524 3131 3818 1030 3024 3358 3530
Route 152 : 852 1051 3352 2495 4995 3551 1942 1303 3803 341 4442 1466 2841 2447 4947 132 3966 2632
Route 153 : 1484 925 1407 3425 3907 3984 67 985 1888 1055 3485 2567 200 3555 4388 777 705 2700 1711 3277 3205 4211 75 2575
Route 154 : 1146 787 3287 594 3646 1702 4202 3094 1507 1424 4007 1520 3924 1463 3963 4020
Route 155 : 1160 1006 3660 1693 1726 3506 4193 4226 2094 104 4594 1023 725 2604 2149 3225 1260 3523 452 4649 3760 2952
Route 156 : 204 111 1315 2704 3815 2120 2611 2007 1442 3942 2477 4507 4620 2211 4977 531 4711 3031 1771 4271
Route 157 : 1661 4161 1509 1107 3607 1804 245 2745 741 940 4009 2111 85 4304 2585 3241 4611 3440 1544 1012 4044 1239 3512 3739
Route 158 : 1376 1967 3876 4467 92 1853 4353 2592 623 3123 270 2770
Route 159 : 851 1252 3752 2062 1060 4562 1582 2498 3351 4998 3560 1416 4082 285 2785 3916 109 1433 3933 2609 2154 4654
Route 160 : 635 2381 2127 3135 1370 3870 4881 128 4627 1962 2335 1198 4462 1502 2628 2034 4835 14 3698 2514 4002 4534
Route 161 : 1069 2417 1369 4917 3869 1058 3569 239 2739 3558 1067 3567 488 1868 2988 4368 1646 1725 4225 4146
Route 162 : 1253 2398 4898 3753 2135 982 4635 1212 3482 970 1056 3712 3470 1992 3556 4492
Route 163 : 779 668 3279 1328 3168 971 3828 3471 2162 1925 4662 4425 1446 1891 4391 3946 1136 194 3636 2694
Route 164 : 2295 1240 4795 3740 601 943 3443 1268 3101 251 3768 1763 2751 4263 2262 10 2277 4762 4777 2510
Route 165 : 1412 2078 367 4578 2867 3912 2014 1538 4038 2263 4514 2153 4763 4653 2268 4768
Route 166 : 1348 3848 282 1290 2782 1626 542 3790 1607 2019 4107 4519 3042 51 4126 2084 2551 4584
Route 167 : 1739 801 2348 4239 3301 2269 174 1501 2674 1461 4848 1235 4769 968 3735 2102 4001 887 3961 3387 4602 781 3468 3281
Route 168 : 1247 1792 3747 2222 4292 1300 3800 613 3113 366 298 1559 2866 4722 2798 4059
Route 169 : 30 743 1193 3243 1996 4496 3693 2530 349 145 745 2849 1673 3245 1175 2645 4173 2410 4910 3675
Route 170 : 2428 1310 4928 154 3810 896 958 3396 2206 4706 3458 2654 2210 105 4710 331 2038 2605 2831 672 4538 3172
Route 171 : 2267 911 1869 4767 1911 3411 928 4411 1078 3578 4369 964 3428 1354 1312 3464 3812 3854
Route 172 : 1546 1197 4046 2250 2065 3697 1715 4565 1409 3909 78 4215 327 4750 451 2827 2951 2578 77 82 2577 2582
Route 173 : 71 206 1151 3651 2706 2571 1434 597 2342 3097 1109 4842 3609 138 3934 473 2095 2973 2638 1118 2215 4595 3618 4715
Route 174 : 1063 583 1624 4124 890 3083 3563 1206 42 988 88 3390 2542 3488 3706 2588 2168 2343 4668 4843
Route 175 : 1994 4494 739 736 191 3236 2090 3239 1277 2376 2691 3777 1156 4876 4590 161 2661 3656 2196 1218 4696 3718
Route 176 : 316 789 3289 1177 462 2962 2816 3677
Route 177 : 740 363 2259 3240 4759 2863 1068 243 3568 248 169 2743 2486 1459 4986 2097 2748 2448 3959 2669 1040 4597 4948 3540
Route 178 : 436 1508 2936 596 1189 4008 1621 3689 3096 4121 242 1090 2326 4826 2742 813 660 1521 3590 2006 4506 3160 3313 4021
Route 179 : 416 2043 543 1449 3043 2916 1271 3771 332 4543 2832 3949 1834 724 1699 4334 3224 108 4199 2608
Route 180 : 2279 1004 3504 399 2173 4779 2899 376 2876 4673 2096 1930 1015 4596 1227 4430 3515 1181 3727 3681
Route 181 : 2325 1422 4825 3922 417 2170 4670 2917 369 1378 3878 9 2869 2087 2509 2249 4587 4749
Route 182 : 578 1820 3078 49 2549 4320 1525 2063 1748 4563 1080 433 4248 4025 244 3580 624 2933 2744 2179 1294 3124 4679 3794
Route 183 : 320 569 2820 3069 1577 688 4077 2408 3188 4908 1088 3 1388 3588 2503 1895 3888 1494 4395 1042 3542 3994
Route 184 : 347 483 2847 2983 949 3449 2444 359 1921 4421 198 4944 2423 2859 1880 4923 2698 4380
Route 185 : 2151 1818 1634 4651 1688 4318 1708 4188 1418 4134 4208 810 3310 1614 3918 1956 4114 448 2948 4456
Route 186 : 1705 1119 4205 3619 979 2468 3479 819 281 4968 1250 3319 2781 3750 2452 1730 4952 106 2606 4230
Route 187 : 917 878 1866 4366 3378 3417 393 1016 2893 1982 3516 4482 1366 1932 4432 2389 3866 1649 4889 1852 4352 4149
Route 188 : 40 561 2540 199 1490 2699 2074 1613 3061 3990 1379 4113 3879 1455 2110 4574 2413 4610 3955 4913
Route 189 : 959 835 3459 1519 1518 3335 4019 4018 1460 1419 3919 2172 3960 1331 2242 3831 4672 756 3256 4742
Route 190 : 324 469 2969 992 1947 2824 3492 478 2978 1425 708 3208 4447 164 3925 492 2664 54 2992 137 2637 2554
Route 191 : 2213 1939 536 3036 2060 662 4560 4713 1132 4439 3632 910 229 3162 1596 3410 831 3331 1590 2729 4096 4090
Route 192 : 628 2470 3128 1123 4970 3623 1972 134 148 2634 2648 1874 4472 1734 4374 4234
Route 193 : 571 1681 1351 3851 3071 123 2623 2047 4181 4547 996 1327 1685 3496 3827 859 1843 3359 4343 2465 4185 4965
Route 194 : 2056 1019 1289 3519 1421 3921 1406 4556 2128 3906 1190 4628 3789 547 821 3690 3321 3047
Route 195 : 924 3424 430 96 2345 2596 2930 1115 265 2765 3615 1561 4845 558 2148 4061 516 4648 3058 3016
Route 196 : 525 1893 3025 980 4393 2207 3480 1709 4707 1488 661 3988 95 4209 3161 163 101 2601 2663 2595
Route 197 : 997 1510 1471 4010 3497 2177 362 4677 2103 3971 1184 2862 1639 3684 2492 4139 4603 2123 4992 4623
Route 198 : 203 1125 2703 1779 681 4279 3625 1153 3181 301 3653 449 1393 2801 1862 2320 4362 3893 4820 2949
Route 199 : 1640 437 4140 2088 4588 1610 632 2937 1275 758 3775 3132 1447 4110 3947 2440 788 3258 678 3288 4940 1392 3178 3892
Route 200 : 790 171 2671 120 3290 395 2620 1937 4437 869 1285 2895 2332 3785 93 3369 2593 432 4832 2161 2932 4661
Route 201 : 428 2928 2379 634 3134 4879 2070 762 4570 3262 2409 107 4909 1571 2607 4071
Route 202 : 1304 360 2860 2044 3804 1754 4544 4254 2356 533 712 4856 749 3249 3212 3033 2114 1423 4614 1071 3923 3571
Route 203 : 1945 472 1532 4445 4032 1902 2972 936 3436 4402 378 2434 2878 734 4934 1217 3234 3717
Route 204 : 655 927 3155 2239 803 3427 3303 2469 1692 4969 4739 2018 4192 773 4518 3273 1899 2080 4399 1597 4580 4097
Route 205 : 2199 1443 4699 1199 3699 3943 2026 1749 1724 4526 218 2475 4249 4224 2718 1341 2459 3841 2004 4975 4504 4959
Route 206 : 1242 1046 3546 1052 3742 326 2360 918 2826 1841 3552 795 3418 3295 1750 4341 1288 4860 3788 4250
Route 207 : 1226 3726 1687 424 2924 446 4187 2946 1810 2208 4708 4310 1022 1879 1633 4379 237 4133 3522 667 2737 3167
Route 208 : 4 829 3329 2504 1027 3527 1660 1202 1830 4330 900 4160 3702 278 431 3400 2931 1340 797 1953 3840 4453 3297 2778
Route 209 : 234 1798 772 3272 391 2734 4298 2461 1020 2891 4961 1246 3746 1717 2393 4893 348 3520 475 4217 2975 2848
Route 210 : 2391 1468 4891 860 1574 3968 1675 4074 4175 986 3360 991 1479 3491 146 3979 3486 845 2646 841 3345 2118 3341 4618
Route 211 : 539 2174 1703 4674 1326 1589 3039 2214 4203 3826 4714 1473 4089 2264 3973 2021 4764 922 3422 224 4521 2724
Route 212 : 1762 425 1095 2925 1746 4262 3595 4246 611 166 559 3059 81 3111 2581 2404 1929 2666 4904 4429
Route 213 : 223 1029 1437 3529 3937 2723 1104 2209 3604 729 3229 160 2660 1636 4709 1245 3745 4136 2257 1207 2202 4757 4702 3707
Route 214 : 208 2708 361 2285 2861 2314 1057 4814 4785 1563 3557 1684 2321 4184 4063 1295 4821 564 3795 3064
Route 215 : 2289 1768 4789 1912 640 4268 2315 4412 1232 4815 1458 3140 3958 1650 1453 4150 1274 3732 3774 3953
Route 216 : 2487 2083 4987 1938 4438 4583 1974 2292 1943 4474 4792 1997 545 4497 4443 3045
Route 217 : 1044 1237 3737 3544 2252 1676 4752 213 2115 4176 2713 372 4615 1887 4387 2271 2872 4771
Route 218 : 236 1241 830 1728 3741 2077 3330 4228 83 2583 2736 2035 963 4535 4577 1601 1209 3463 3709 1933 4101 4433
Route 219 : 2119 400 2900 617 4619 17 25 3117 2525 1133 3633 2121 2517 4621 142 1427 3927 2146 2642 2415 4646 1436 4915 3936
Route 220 : 86 1033 3533 1605 2586 48 1513 2548 4013 65 1931 2565 4431 4105 1457 716 284 3957 2784 1674 3216 4174
Route 221 : 1503 518 656 4003 2204 4704 751 3156 1533 3251 1795 2260 4295 3018 193 2221 4721 4033 2372 2693 4760 4872
Route 222 : 1979 1946 4446 4479 290 978 2790 1867 3478 2132 480 2980 4367 1149 4632 966 3649 3466 443 2943
Route 223 : 2430 2339 4930 280 4839 2217 2780 2357 1560 4060 1955 4455 1657 4717 1083 4857 3583 1710 4157 1835 4210 4335
Route 224 : 1334 616 3834 2457 3116 4957 1753 704 3204 4253 152 2652 2354 961 3461 343 618 4854 3118 1414 2843 3914
Route 225 : 1325 1666 4166 1825 3825 4325 89 157 2657 382 2589 312 2882 1897 778 3278 4397 2812
Route 226 : 1641 636 3136 580 4141 1321 3080 1439 630 3821 1314 3939 3814 69 2569 1585 4085 1995 3130 983 4495 3483
Route 227 : 675 2359 3175 2152 1910 4652 2220 4859 720 4720 4410 3220 836 409 3336 2909
Route 228 : 2324 1168 2225 3668 1922 4824 2240 2061 4422 4725 4561 873 4740 1264 1864 4364 3373 1736 3764 2050 4550 4236
Route 229 : 1291 2003 857 562 3791 2104 4604 3357 1567 4503 3062 4067 74 2574 1970 919 3419 4470
Route 230 : 1800 2318 4300 53 2553 4818 1526 2476 874 2369 4026 406 4869 4976 1654 1617 2906 4117 2255 3374 4154 4755
Route 231 : 648 2058 1229 4558 2048 2224 3148 3729 2089 456 4548 1941 2956 373 4724 2873 4589 1192 4441 3692 995 1540 4040 3495
Route 232 : 600 3100 1075 322 3575 2241 2822 1643 930 4741 1265 4143 1769 3765 1485 3985 1767 3430 4267 1999 4269 4499
Route 233 : 515 2388 4888 732 3015 55 1381 3232 2555 1129 3881 1408 1951 921 3908 283 4451 2783 3629 3421
Route 234 : 1355 1713 1031 3855 2336 4836 180 4213 3531 1085 881 2680 3585 1403 1233 3381 2244 3903 3733 4744
Route 235 : 1338 1934 453 2953 4434 2481 4981 3838 2216 2027 4716 1855 4527 1191 4355 3691
Route 236 : 1155 1267 3767 3655 2287 641 3141 4787 2254 230 1313 2730 2306 4754 4806 614 1145 3114 3813 1849 3645 4349
Route 237 : 2330 4830 695 94 3195 310 257 2594 2362 1811 4862 1826 4311 2810 2757 2479 1112 1742 4979 4242 4326 3612
Route 238 : 2366 639 2488 4866 3139 1335 1892 3835 4988 2280 2439 4392 855 4780 216 4939 1047 3547 3355 2716
