Instance name : bar-n800-1
Authors       : BIG3 - Dmitriy Yampolskiy, Egor Nikolaev and Daria Savina. Smart Logistics Point by the BigThree team (big3.ru).
Date          : 2025-04-22
Reference     : BigThree team (big3.ru)
Solution
Route 1 : 183 19 329 583 729 419 72 214 614 472
Route 2 : 130 188 345 745 588 530 344 341 741 744
Route 3 : 372 374 774 772 153 216 553 325 725 616
Route 4 : 100 41 320 720 500 441 56 5 260 456 405 660
Route 5 : 282 65 465 682 82 127 57 482 457 527
Route 6 : 244 14 414 644 293 693 75 189 289 589 475 689
Route 7 : 11 348 201 411 601 748 4 404 227 627
Route 8 : 53 453 98 46 498 106 73 446 506 473
Route 9 : 312 245 252 712 261 645 652 661 156 283 556 683
Route 10 : 182 582 391 385 791 304 785 704 367 767
Route 11 : 129 298 698 365 765 155 529 555 99 499
Route 12 : 357 757 308 306 313 713 708 706
Route 13 : 198 203 598 603 371 378 771 778
Route 14 : 338 388 738 788 222 23 240 640 622 423
Route 15 : 26 235 426 635 171 128 90 528 571 490 219 619
Route 16 : 45 386 445 176 576 786 398 292 692 798
Route 17 : 220 163 87 620 563 91 491 76 487 476 21 421
Route 18 : 185 390 585 55 790 287 455 164 687 564
Route 19 : 242 80 333 480 733 642 265 204 665 604
Route 20 : 330 148 10 410 730 200 548 268 600 668
Route 21 : 393 28 793 339 266 428 666 739 396 796
Route 22 : 68 253 468 324 653 363 137 724 537 763
Route 23 : 294 272 197 262 662 597 672 694 397 797
Route 24 : 48 174 574 173 103 303 448 503 703 573
Route 25 : 8 210 610 17 249 417 649 126 408 526
Route 26 : 186 586 280 94 392 680 494 384 784 792
Route 27 : 256 50 269 450 669 656 326 369 769 726
Route 28 : 327 346 746 343 727 743 322 297 722 697
Route 29 : 399 799 362 375 775 85 762 195 595 485
Route 30 : 161 290 690 191 123 237 523 591 561 637
Route 31 : 400 352 800 752 16 246 416 233 633 646
Route 32 : 276 676 25 243 643 425 162 379 562 779
Route 33 : 270 52 670 452 223 13 623 251 413 651 112 512
Route 34 : 20 33 433 420 380 780 96 71 496 471
Route 35 : 353 340 753 740 317 383 783 717
Route 36 : 314 247 319 647 714 719 323 274 674 723
Route 37 : 51 451 92 89 142 37 492 489 437 542
Route 38 : 331 209 609 731 12 291 691 157 412 557
Route 39 : 138 213 538 613 147 217 617 547 355 755
Route 40 : 150 238 550 70 166 638 315 470 566 715 307 707
Route 41 : 105 254 505 232 654 122 134 534 522 632
Route 42 : 143 196 543 318 596 718 54 124 454 524
Route 43 : 224 107 624 507 394 361 794 349 761 749
Route 44 : 79 110 479 35 149 47 435 510 549 78 447 478
Route 45 : 18 387 194 202 602 787 594 310 710 418
Route 46 : 144 332 248 116 732 648 516 66 544 466
Route 47 : 108 86 267 508 486 7 27 667 427 407
Route 48 : 1 169 145 401 295 77 695 477 545 569
Route 49 : 342 300 742 154 554 29 288 688 429 700
Route 50 : 263 158 225 558 663 625 113 22 513 422
Route 51 : 321 193 395 593 102 721 795 279 502 679
Route 52 : 358 63 758 463 257 275 74 657 675 474
Route 53 : 264 664 305 705 389 789 377 777 364 764
Route 54 : 132 118 230 532 518 111 630 356 511 756
Route 55 : 83 296 696 483 236 250 199 636 599 650
Route 56 : 354 754 88 229 131 488 531 629 187 587
Route 57 : 152 15 552 286 686 336 415 736 119 519
Route 58 : 69 469 285 139 685 539 316 207 607 716
Route 59 : 205 302 140 540 605 239 36 436 639 702 382 782
Route 60 : 141 541 301 192 592 114 701 373 514 773
Route 61 : 347 747 278 84 484 678 136 536 133 175 533 575
Route 62 : 146 172 190 572 221 546 258 590 621 658
Route 63 : 44 444 159 177 43 443 577 178 559 578
Route 64 : 59 366 459 766 93 180 381 580 781 493
Route 65 : 160 560 58 458 3 49 403 125 525 449
Route 66 : 259 104 218 121 504 60 618 521 659 460
Route 67 : 38 234 231 634 168 631 568 115 438 97 515 497
Route 68 : 271 61 671 461 167 117 277 567 677 517 281 681
Route 69 : 351 30 751 368 430 768 360 760
Route 70 : 40 2 402 350 440 750 228 334 628 734
Route 71 : 359 759 6 299 406 311 711 699 335 735
Route 72 : 215 615 34 9 409 135 434 62 535 284 684 462
Route 73 : 376 208 776 608 179 206 226 579 626 606
Route 74 : 81 309 709 255 151 481 655 24 551 424
Route 75 : 42 170 570 442 31 67 467 32 431 432
Route 76 : 328 64 728 464 101 241 211 641 501 611
Route 77 : 39 273 673 337 439 370 770 95 737 495
Route 78 : 212 120 184 612 520 109 584 509 181 165 581 565
