Instance name : bar-n4000-4
Authors       : Dmitriy Demin, Mikhail Diakov (msd@veeroute.com), Ivan Ilin, Nikita Ivanov, Viacheslav Sokolov (vs@veeroute.com) et al. VRt Global (https://veeroute.com/)
Date          : 2023-04-24
Reference     : veeroute.com
Solution
Route 1 : 1845 1805 3845 1178 3178 1514 3805 1359 3514 3359 731 332 2332 796 2731 208 2208 2796 164 836 2164 1624 3624 748 2836 2748
Route 2 : 763 2763 659 2659 869 1616 2869 3616 737 617 2737 972 2972 721 288 2288 2617 2721 101 1647 2101 166 3647 999 722 2166 2722 2999
Route 3 : 452 1501 2452 3501 1127 1614 3614 200 3127 2200 1788 3788 1051 3051 1392 1165 3165 1735 3392 3735
Route 4 : 470 281 2470 2281 46 28 2028 2046 3 2003 672 637 2637 2672 1318 227 1917 3318 3917 1773 2227 362 3773 2362
Route 5 : 945 143 2945 1875 3875 1791 821 3791 2143 2821 1861 1191 3861 1378 270 3378 1027 3191 851 2270 3027 1493 96 2851 2096 3493
Route 6 : 433 2433 1387 1170 3170 3387 1400 850 1026 3400 3026 1698 2850 1013 3698 1435 1532 3435 3013 24 1737 2024 3532 1778 3737 3778
Route 7 : 1749 1084 3749 1516 3084 1153 3153 3516 1503 3503 901 2901 899 1640 3640 543 2543 210 2210 2899 1247 418 3247 1954 2418 384 2384 3954
Route 8 : 1924 1602 3602 185 2185 3924 496 338 2338 1526 2496 1689 3526 1229 1553 1570 3229 3570 3553 275 2275 1175 1368 3368 3689 442 3175 2442
Route 9 : 486 277 4 2004 310 2310 1492 702 2277 2486 986 2702 3492 2986 20 38 2020 997 2038 696 987 2696 2997 1469 2987 494 3469 2494
Route 10 : 1033 206 173 2206 1536 3033 2173 1097 3536 1330 3097 909 3330 2909 1206 1824 3206 759 75 3824 664 2759 2075 2664
Route 11 : 1783 3783 729 2729 1242 325 2325 545 1692 2545 3692 3242 885 1630 3630 1880 2885 93 3880 2093
Route 12 : 1122 793 3122 959 2793 1770 2959 285 3770 2285 1154 81 1618 3154 1398 2081 3618 3398 1603 449 3603 2449 1067 1935 3935 1906 3067 3906
Route 13 : 1706 1485 602 3706 376 2376 2602 74 3485 2074 541 1548 961 2541 3548 2961 1644 1574 220 3644 3574 2220 1813 1411 1121 3411 3813 3121
Route 14 : 714 622 1046 2622 2714 593 3046 1245 2593 768 2768 3245 951 2951 1240 334 3240 998 2334 251 2998 739 2251 153 2739 1757 2153 3757
Route 15 : 416 2416 1232 3232 1622 1683 3683 12 2012 1326 3326 3622 1339 685 1638 2685 557 2557 3339 694 2694 3638 830 778 2778 2830
Route 16 : 1995 1310 3310 3995 1755 934 2934 1070 3755 1257 1407 3257 3407 3070 1325 464 3325 2464 773 2773 834 757 2834 2757 333 1149 2333 422 2422 3149
Route 17 : 720 2720 867 709 884 2709 2884 1929 2867 3929 343 65 2343 663 639 2663 2065 1445 395 2639 3445 2395 1528 130 3528 2130 905 276 2905 2276
Route 18 : 735 801 2801 991 2735 1885 3885 1106 2991 351 3106 2351 311 405 2311 64 2405 921 513 2064 2921 373 2513 2373
Route 19 : 1957 211 1765 3765 3957 1535 1560 3535 2211 1972 3560 456 3972 715 1307 2715 1585 3307 3585 882 1134 2456 940 3134 2940 2882
Route 20 : 879 1005 190 2190 3005 278 2879 2278 44 1740 3740 261 2261 2044 315 1401 2315 1932 3401 3932 1994 1642 3994 1709 266 3709 3642 2266
Route 21 : 468 1888 3888 1085 2468 1800 3085 3800 341 479 2479 2341 645 1279 3279 1357 603 3357 2603 2645
Route 22 : 612 1672 1934 2612 237 2237 3672 1157 3157 3934 201 1965 3965 1776 2201 403 2403 1890 3776 250 1651 3651 2250 1792 3890 3792
Route 23 : 1865 1866 3865 1423 1409 3423 3409 503 2503 530 1823 2530 3823 447 3866 1443 271 3443 2447 1759 1743 3743 3759 2271 348 649 2649 2348
Route 24 : 92 808 2092 1985 273 2808 2273 1834 3985 1766 3834 1222 3766 3222 1539 1145 3145 738 3539 1311 1916 2738 3916 1391 862 3311 2862 3391
Route 25 : 1600 218 2218 3600 484 2484 160 1303 2160 1123 3123 1946 3303 1512 3946 1549 3512 3549 971 319 1001 3001 2971 1333 2319 3333
Route 26 : 1566 3566 1410 1509 264 3509 1943 2264 3943 1991 3410 1826 3991 818 1799 3799 3826 705 2705 203 2203 572 2818 760 2760 179 2572 2179
Route 27 : 1425 1956 1497 3956 3425 3497 1413 391 2391 3413 1842 1009 3009 1146 3842 651 3146 436 2436 2651 1772 1236 3772 1725 3725 3236
Route 28 : 67 600 2600 2067 1695 1282 3282 364 1747 3695 2364 892 1375 3375 676 2892 2676 3747 673 119 2673 2119
Route 29 : 1428 3428 1266 50 157 2050 2157 3266 381 1519 2381 3519 776 1484 2776 1414 3484 1044 897 3044 1724 3414 254 2897 1197 2254 3724 3197
Route 30 : 480 657 116 2657 27 2480 785 2027 313 209 2209 761 2785 1547 2116 704 2313 2761 3547 1 1058 2704 1775 3058 1984 3984 2001 3775
Route 31 : 523 2523 1174 1876 3876 3174 241 286 2286 632 2241 2632 1234 3234 790 2790 1886 554 1918 2554 1687 3886 3687 257 648 2257 891 2648 3918 2891
Route 32 : 1803 3803 437 2437 791 880 2791 1496 2880 3496 563 141 2563 2141 367 1438 2367 3438 473 33 2473 531 2531 2033
Route 33 : 1983 142 2142 346 3983 1383 2346 587 3383 565 2565 2587 547 1183 1159 3159 3183 350 840 2840 2547 443 2350 2443 1988 3988
Route 34 : 1384 1997 1453 3997 1818 3453 963 3384 1836 2963 1838 3836 502 1685 2502 3685 3838 1016 813 2813 11 2011 636 2636 3818 3016
Route 35 : 691 2691 596 374 171 2374 646 2171 1633 2596 195 3633 2646 2195 706 226 1114 3114 2706 2226 105 2105
Route 36 : 1116 383 2383 3116 693 1437 2693 1048 3048 3437 1608 1427 952 3608 1577 3427 615 2952 964 3577 1324 3324 2964 2615
Route 37 : 798 2798 360 2360 1589 1219 1227 3589 1141 132 3219 2132 1751 3751 3227 3141 789 1578 2789 3578 1259 591 3259 324 2591 2324
Route 38 : 106 1467 2106 3467 1081 3081 913 126 2913 745 2126 1920 2745 3920 804 18 2018 1083 2804 1980 3083 476 3980 1893 2476 579 3893 2579
Route 39 : 1822 1950 3950 3822 478 1297 2478 3297 423 2423 1131 1347 3131 846 3347 1370 1104 2846 1629 3104 184 1454 2184 3370 3629 3454
Route 40 : 1887 1859 3859 412 282 3887 2282 1217 1857 1490 3217 2412 61 146 3857 2146 3490 2061 1779 22 1937 3779 3937 2022
Route 41 : 857 1128 2857 3128 805 1334 2805 3334 675 946 2946 448 2675 1471 2448 1270 1230 3471 3270 3230 781 833 2781 1276 1843 2833 3843 3276
Route 42 : 1966 3966 1590 1696 3696 966 3590 2966 807 960 782 2782 309 2807 1082 2960 2309 1678 3082 1459 3459 3678 766 1491 3491 2766
Route 43 : 1200 1537 3200 3537 841 635 569 2841 1938 3938 2569 713 2713 2635 409 1620 881 2409 2881 138 777 3620 2138 2777
Route 44 : 1515 1731 1241 3515 3731 1764 3241 1249 3764 3249 1207 3207 320 150 958 1595 2150 2320 3595 1571 2958 826 3571 1626 2826 3626
Route 45 : 260 1049 1850 2260 3049 385 191 2191 3850 1754 2385 510 3754 147 1682 2510 571 2147 302 2571 3682 2302 1292 1513 3292 3513
Route 46 : 829 2829 1419 365 3419 1922 2365 1905 3922 1531 3905 1771 1075 3531 3075 974 263 2974 3771 2263 618 887 1594 3594 2618 2887
Route 47 : 1278 1335 3278 1345 3345 3335 1035 1192 3035 292 3192 2292 1031 3031 726 1262 1264 441 3262 2441 3264 2726 1434 1864 3434 3864 289 2289
Route 48 : 1136 1688 3688 3136 1699 37 3699 9 1990 2009 820 532 2037 2532 3990 812 1628 3628 2812 2820
Route 49 : 1209 1302 3209 1275 3275 671 2671 1138 3138 912 3302 2912 1774 3774 497 2497 1251 976 3251 1942 3942 2976 643 125 2643 2125
Route 50 : 1908 3908 321 2321 377 2377 889 2889 1762 303 2303 1719 3762 154 1342 2154 1851 3719 3851 294 1841 3841 3342 2294
Route 51 : 1313 3313 357 687 2687 2357 700 1436 3436 1417 577 329 3417 2577 17 2329 2017 620 825 2825 2620 598 411 2411 2598 2700
Route 52 : 576 1196 2576 3196 117 2117 316 823 2316 1430 2823 77 3430 2077 162 2162 1095 809 40 3095 2809 2040
Route 53 : 1815 1204 3204 3815 1030 431 3030 2431 1399 817 3399 2817 1656 3656 222 2222 420 920 2420 2920 1986 1298 1461 3298 342 3461 3986 151 2342 2151
Route 54 : 253 633 317 2253 2317 2633 10 293 183 2010 1660 368 2293 2368 3660 1542 3542 397 2397 1964 3964 1999 110 3999 2183 2110
Route 55 : 1010 1464 3464 3010 330 549 2549 667 703 2667 2330 459 207 2703 1385 2207 3385 1299 1631 2459 1184 3631 710 3299 3184 2710
Route 56 : 989 2989 1362 1110 3110 3362 483 2483 630 988 2630 2988 90 1161 3161 1072 103 2090 3072 1090 2103 1063 3090 832 2832 3063
Route 57 : 1052 1073 3073 3052 888 754 2754 1034 592 2888 1277 2592 3277 1721 3721 1080 3034 1012 3080 41 3012 2041 193 1520 2193 3520
Route 58 : 1472 3472 1895 3895 1797 1811 3811 947 2947 1968 3797 3968 231 1463 2231 1681 3463 558 3681 2558
Route 59 : 445 2445 677 2677 1478 1892 3478 3892 492 2492 1869 3869 1214 627 2627 3214 924 1573 1777 3573 2924 361 3777 2361
Route 60 : 740 936 2936 2740 1921 1283 3283 708 3921 1557 29 3557 1126 3126 1108 2029 3108 2708 1670 928 3670 1066 2928 907 3066 2907
Route 61 : 8 647 2008 1734 2647 3734 197 1878 2197 1784 670 2670 495 3878 3784 396 2495 1586 2396 1158 996 3158 1053 3053 3586 102 2996 2102
Route 62 : 1562 345 2345 865 2865 1479 3562 232 3479 1431 2232 99 3431 2099 298 26 2298 1798 2026 1744 3744 985 2985 1142 3142 3798
Route 63 : 1060 3060 514 619 2514 485 2485 2619 1237 724 3237 1992 1305 3992 3305 2724 1643 3643 1500 1903 490 1677 3500 1891 2490 3903 3891 3677
Route 64 : 1274 3274 684 1522 2684 3522 1941 686 3941 359 1746 2686 2359 1248 3248 3746 1853 204 2204 1130 3130 3853 1579 3579
Route 65 : 1405 3405 980 1661 859 2859 3661 2980 54 1781 2054 1226 3781 323 3226 876 2323 2876 1533 1317 1293 1091 3533 3293 149 3091 3317 2149
Route 66 : 217 2217 42 784 2042 1089 3089 256 2784 1604 3604 1395 400 2256 3395 1902 1769 3902 3769 2400 1707 94 3707 2094
Route 67 : 252 1412 2252 3412 58 1390 2058 1597 3597 3390 244 2244 134 1949 3949 1796 788 2134 2788 3796 1720 1487 3720 3487 1340 3340
Route 68 : 95 2095 268 2268 177 1258 2177 1804 3804 3258 552 196 2552 336 2196 520 2336 161 2520 1231 2161 933 3231 2933
Route 69 : 1675 1429 3429 1910 3675 1156 3156 950 1115 3910 736 3115 2950 2736 948 1353 775 3353 2948 481 2775 1403 3403 1323 3323 2481
Route 70 : 76 1180 3180 499 1457 2076 2499 1914 3457 1304 3304 3914 337 1854 2337 1960 3854 1563 3960 911 2911 744 3563 1215 2744 941 2941 3215
Route 71 : 213 956 2213 14 7 2007 1272 2956 413 3272 2413 1654 2014 843 3654 31 2031 1137 2843 1745 88 3745 3137 1014 248 2088 2248 3014
Route 72 : 1489 1023 3489 847 2847 1693 3023 895 3693 280 2895 87 2087 2280 1343 1029 3343 1320 3320 3029 80 2080 741 1723 2741 398 3723 2398
Route 73 : 127 970 626 1619 2970 2127 216 2626 588 3619 2216 1250 2588 583 3250 707 2583 2707 1369 430 1567 2430 1758 3567 3369 3758
Route 74 : 1961 1021 3961 628 3021 2628 1722 1056 1593 1119 3722 3593 3119 1118 3056 144 1717 3118 2144 3717 701 1615 2701 355 3615 2355
Route 75 : 1291 3291 1572 1129 3129 1708 1896 3572 1040 1541 3896 392 2392 3541 3040 767 3708 238 2767 1473 3473 1389 3389 51 2238 2051 819 2819
Route 76 : 863 1558 3558 1928 2863 1071 3928 1582 3071 3582 1846 168 2168 1958 3846 1300 3958 1551 3300 3551
Route 77 : 927 2927 1377 5 2005 3377 1019 1050 283 690 2690 3050 3019 2283 414 290 2414 133 205 2205 1901 2133 1736 2290 3901 983 3736 2983
Route 78 : 1045 3045 590 1632 3632 2590 233 2233 1729 3729 624 2624 48 1162 2048 1704 641 3704 1203 3162 3203 835 1652 3652 2641 2835
Route 79 : 1544 926 3544 25 2025 2926 1189 272 3189 2272 1970 1450 3970 1418 1173 3418 3450 1008 1911 152 3911 181 3173 2181 3008 772 2772 2152
Route 80 : 814 1358 3358 1480 2814 434 734 2434 528 2528 3480 1244 2734 3244 1284 594 2594 314 2314 3284 1669 631 2631 1351 3351 1011 3011 3669
Route 81 : 269 2269 1810 3810 1517 2000 3517 84 4000 683 2084 749 2749 111 2111 2683 1499 308 2308 661 2661 1057 3499 454 3057 2454
Route 82 : 1007 3007 1225 3225 1087 3087 845 2845 1176 1899 3899 3176 553 258 2553 764 2764 995 2258 524 2995 2524 662 2662
Route 83 : 1506 3506 1426 1388 3426 1363 3388 3363 1852 1795 3852 508 2508 1187 3187 1455 3795 1015 1125 3015 678 3455 2678 3125
Route 84 : 1710 3710 1662 716 3662 2716 582 890 2582 1462 2890 962 53 3462 1927 584 3927 2962 2584 2053 328 1959 2328 3959
Route 85 : 1909 1552 3552 3909 929 2929 198 1545 1947 2198 3545 3947 935 2935 214 623 1355 2214 1691 3691 2623 3355
Route 86 : 689 1831 1621 2689 3831 607 72 2607 1394 3621 3394 2072 163 1402 1047 3047 1655 3402 3655 1475 2163 1451 3475 965 2965 3451
Route 87 : 1730 3730 719 1933 2719 3933 733 758 1802 2758 875 2733 1099 2875 1338 3802 642 3338 3099 108 2108 2642 274 717 2274 2717
Route 88 : 564 718 2718 393 1816 2564 871 3816 712 2393 877 2877 1697 2871 915 2712 3697 752 219 2915 1648 3648 428 2428 500 2219 2752 539 2500 2539
Route 89 : 1308 580 3308 2580 410 1092 2410 1273 3273 3092 1623 1188 1482 3188 3482 1953 1601 3953 3623 1732 3732 1973 3601 787 3973 2787
Route 90 : 1285 3285 1280 3280 425 1352 35 2035 2425 1069 3352 910 2910 6 2006 3069 860 1787 732 2732 2860 3787 1605 906 3605 2906
Route 91 : 1819 3819 519 529 2529 2519 750 1666 3666 2750 1042 842 2842 287 3042 967 1421 2287 2967 1863 1761 1186 3421 3761 3186 3863
Route 92 : 194 1789 2194 3789 868 2868 1185 3185 1002 1288 922 3288 3002 1674 1529 3529 2922 68 1613 3674 1738 2068 3613 3738
Route 93 : 979 644 2979 404 2404 1036 2644 1833 3036 3833 1790 1931 3790 937 993 3931 2937 1587 1598 2993 3587 1556 170 3598 864 2170 3556 2864
Route 94 : 1752 537 124 2537 597 3752 2124 2597 665 1679 2665 3679 1003 3003 1627 1233 3627 1332 3233 1113 3113 1923 295 2295 3332 1912 3923 3912
Route 95 : 1168 3168 466 1416 2466 3416 1448 606 3448 2606 604 1612 2604 3612 444 2444 369 1546 3546 799 2369 723 2799 1664 2723 1835 3835 3664
Route 96 : 225 2225 854 878 2854 1936 267 3936 1133 2267 2878 3133 816 1466 2816 3466 1321 556 3321 1086 3086 1331 2556 3331
Route 97 : 1441 370 2370 1969 560 3441 1020 3020 727 3969 2727 2560 753 1100 2753 1397 3397 1979 1930 136 3100 491 3930 2136 3979 2491
Route 98 : 629 2629 534 2534 1782 3782 1981 1849 3981 1583 212 3583 1840 3840 121 3849 2212 2121 1913 1658 3913 407 202 3658 2407 2202
Route 99 : 1904 828 2828 1263 3263 467 2467 944 3904 1862 3862 783 1649 3649 2944 1575 2783 797 3575 1224 2797 870 2870 472 2472 3224
Route 100 : 770 331 2331 2770 1341 86 2086 3341 312 1646 3646 2312 353 1054 1996 3996 2353 3054 994 1870 2994 455 3870 518 2518 2455
Route 101 : 131 2131 810 291 2810 1336 3336 169 2291 1634 2169 156 3634 2156 747 779 1151 2779 666 3151 2747 1534 1261 2666 3534 3261
Route 102 : 1077 3077 189 2189 1915 1166 3166 1281 3915 3281 1182 3182 1255 800 3255 39 2800 608 2608 2039
Route 103 : 1018 1581 3018 439 3581 1592 3592 2439 1199 1386 746 3199 1065 2746 3386 3065 1739 1360 3739 516 585 2516 3360 2585 1117 3117
Route 104 : 1269 1238 3269 3238 1243 1726 3726 3243 1424 1374 3424 3374 1062 792 3062 872 2792 2872 1742 1525 1877 3742 3525 114 3877 424 2114 2424
Route 105 : 658 2658 1486 3486 795 1101 2795 82 3101 1476 2082 3476 382 2382 611 1998 3998 861 78 2078 2611 1659 551 3659 1439 2551 1460 3439 3460 2861
Route 106 : 221 2221 1295 688 3295 873 2873 1554 2688 3554 1684 1287 3684 3287 159 463 2159 1024 3024 2463 172 601 2172 1221 2601 3221
Route 107 : 306 919 1093 1780 2919 3093 2306 1120 3120 1635 3635 765 595 1096 3780 2595 2765 1801 3801 326 1625 3096 3625 1768 2326 904 2904 3768
Route 108 : 1828 908 3828 1379 2908 113 3379 1442 2113 3442 1315 3315 440 2440 402 2402 1507 1596 3507 1606 3596 3606 526 1366 660 2526 3366 2660
Route 109 : 155 1637 2155 1821 3637 1253 1508 3253 3821 3508 774 1208 3208 2774 856 223 2856 304 728 2223 838 2304 2838 2728
Route 110 : 118 848 2118 955 2955 1975 3975 1078 1006 3078 1962 2848 3962 3006 522 2522 1858 1989 3989 1144 3858 3144
Route 111 : 1147 1193 3147 1673 477 3673 3193 2477 1993 1135 21 3993 2021 743 3135 1663 3663 30 2030 460 2743 2460
Route 112 : 372 1094 3094 1665 453 1371 2372 3665 401 3371 1223 2453 2401 3223 1447 939 2939 137 3447 488 2488 89 2137 2089
Route 113 : 378 2378 711 446 1881 2711 2446 3881 1808 32 3808 2032 247 527 2247 1741 2527 3741 318 574 2318 2574 1609 3609
Route 114 : 573 1714 2573 762 2762 1260 3714 3260 1806 1294 3294 3806 942 2942 1748 1422 831 3422 923 2923 3748 555 140 2831 2140 2555
Route 115 : 1848 1361 3848 3361 1569 1555 3555 1639 3639 1017 3569 3017 415 1952 1286 2415 339 2339 1812 3952 3286 390 3812 2390 228 2228
Route 116 : 1897 3897 139 1329 2139 305 2305 504 3329 2504 1584 844 451 2451 1636 2844 469 3584 916 3636 2916 2469 1456 1256 3256 3456 1169 73 3169 2073
Route 117 : 1348 3348 112 1900 3900 1470 2112 3470 918 482 158 1760 2158 2482 559 2918 3760 1098 1701 3098 581 1561 2581 566 2566 3701 3561 2559
Route 118 : 605 91 1028 3028 1825 2091 653 3825 2605 1322 883 2653 3322 432 2432 1346 3346 307 2307 1354 3354 1254 2883 932 1190 3254 1112 3190 2932 3112
Route 119 : 655 1785 2655 654 3785 1449 3449 2654 957 394 2957 1945 2394 535 3945 849 2535 1474 2849 852 3474 2852
Route 120 : 1820 3820 1978 487 3978 1686 2487 1337 3686 71 903 3337 2071 1617 2903 3617 505 1212 3212 2505 1025 3025
Route 121 : 546 2546 1817 3817 1372 536 2536 3372 1022 3022 1289 1452 3289 265 2265 1830 3830 1483 3483 408 769 2769 2408 990 3452 2990 1599 3599
Route 122 : 1468 1179 3468 1444 3444 614 3179 1350 2614 681 1140 1124 3124 2681 3140 1987 3350 3987 387 1894 379 2379 246 3894 2387 2246
Route 123 : 1076 1540 3076 3540 199 501 2199 2501 954 2954 1809 1716 3716 902 2902 3809 1396 1827 3396 107 780 2107 3827 2780
Route 124 : 540 1718 2540 1919 3919 1538 3718 3538 1580 1415 3580 794 43 2043 578 3415 1727 2794 1344 2578 1328 1194 3727 3194 3344 3328
Route 125 : 1309 23 1591 3309 3591 2023 533 375 2533 914 640 2640 1041 2375 2914 1367 3041 100 3367 2100 180 19 893 2019 2180 1510 2893 3510
Route 126 : 742 2742 474 1000 3000 2474 1177 1068 1433 1676 3177 3433 489 1700 3068 953 2953 2489 3676 3700 697 1733 2697 1874 1767 3874 3767 3733
Route 127 : 429 1550 2429 544 2544 3550 1873 969 3873 284 2284 340 2340 669 2969 1925 2669 435 3925 1160 2435 3160 548 1607 3607 2548 1971 123 3971 811 2811 2123
Route 128 : 406 1074 3074 1860 3860 2406 973 609 1650 2973 1364 2609 255 3364 224 1327 3650 2255 695 2224 1458 2695 3327 1702 3458 3702
Route 129 : 249 1844 3844 1235 2249 3235 1271 1713 3271 1530 3530 1856 3856 978 1884 2978 3713 1038 3038 1756 1976 3976 3884 3756 1404 610 3404 15 2015 2610
Route 130 : 300 2300 1882 59 2059 1171 3171 3882 802 1523 3523 2802 981 122 2122 2981 229 128 1446 2229 3446 1948 2128 66 3948 2066
Route 131 : 512 682 2682 1868 2512 109 2109 3868 262 1132 3132 1879 2262 1872 3879 1172 3172 1349 3349 389 3872 1889 2389 1793 3793 3889
Route 132 : 239 344 2239 215 2344 1408 2215 3408 1690 3690 230 2230 1898 3898 668 616 2668 586 240 2616 380 2380 2240 1382 2586 3382
Route 133 : 1205 730 2730 1967 3967 1393 3205 3393 679 417 2417 188 2679 1565 2188 55 3565 1376 2055 525 855 2525 1705 3705 2855 3376
Route 134 : 751 1807 2751 347 3807 167 2347 2167 575 866 638 2575 824 2638 2866 1955 1316 3955 975 2824 2975 1167 1202 3167 3202 3316
Route 135 : 1524 1568 1847 3568 3524 3847 803 1181 2803 1246 3181 1088 3246 1055 3088 3055 1786 1314 1588 3314 3786 511 3588 2511
Route 136 : 1645 3645 982 900 2900 1111 3111 1951 3951 2982 1829 1505 3829 3505 1139 1521 3521 1576 3576 1494 3139 3494
Route 137 : 755 1301 2755 698 2698 674 771 3301 1944 34 2771 3944 135 2135 2034 2674 1694 3694 462 874 1610 2874 2462 1043 1213 3610 3213 3043
Route 138 : 297 2297 692 104 2104 1440 3440 498 457 2692 2457 301 2301 471 931 2498 1109 2931 1218 2471 3218 57 3109 2057 570 2570 187 371 2187 2371
Route 139 : 1164 1312 3164 1201 3201 1239 3312 176 182 2182 56 2056 2176 1763 3239 234 3763 917 2234 97 2097 1004 2917 3004
Route 140 : 1907 1306 1290 3907 3306 493 2493 438 1871 3290 426 2438 1502 3502 2426 3871 465 822 1228 2822 1728 2465 419 3728 2419 3228
Route 141 : 1195 3195 60 1152 2060 1143 47 352 3152 3143 2047 62 521 2352 2062 148 2521 2148 1356 839 3356 1211 2839 1641 3211 3641
Route 142 : 1064 13 1103 938 3064 3103 421 2013 2938 165 2165 1102 827 3102 63 2063 1855 1527 2827 3527 3855 299 450 2421 2450 2299
Route 143 : 1148 507 650 3148 388 2507 1680 3680 1465 2388 1977 2650 3977 3465 1814 680 3814 1867 2680 115 1939 3939 2115 1926 3867 3926
Route 144 : 1032 98 3032 1252 1543 2098 3252 3543 279 192 296 1753 349 2192 2296 2349 2279 3753 894 2894 621 2621
Route 145 : 354 461 2354 2461 1963 1319 3963 568 2568 1711 652 3711 517 3319 1265 2517 3265 475 175 2475 2175 2652 756 242 562 2242 2756 2562
Route 146 : 1498 1039 1839 3039 3839 3498 567 542 2567 1559 3559 363 2542 2363 69 2 2069 1105 2002 853 3105 2853
Route 147 : 1198 656 2656 3198 725 1657 515 3657 2725 1481 3481 1059 2515 1883 3883 1668 3059 943 2943 3668 1794 1504 925 3794 3504 634 2634 2925
Route 148 : 366 1750 2366 1381 3381 1365 3365 1380 3750 1296 3296 3380 1216 3216 1061 178 3061 427 2178 1495 2427 358 2358 1715 1406 3495 3406 3715
Route 149 : 79 16 2016 2079 1940 949 1703 3940 83 3703 2949 2083 613 2613 399 1107 2399 3107 1837 3837 806 506 2806 984 2984 2506 145 2145
Route 150 : 992 2992 129 589 2589 236 509 2129 2236 1832 3832 2509 1671 52 3671 120 2120 2052 1974 625 968 3974 2625 2968
Route 151 : 49 1611 2049 3611 1220 930 3220 335 815 2335 1267 2815 45 3267 2930 1432 2045 786 3432 1037 1653 3037 85 2786 3653 2085
Route 152 : 1155 1667 186 3667 2186 599 3155 1210 2599 1268 3210 1564 3564 1982 3982 174 1712 3268 699 2174 3712 322 2322 259 2259 2699
Route 153 : 1079 1488 3488 3079 356 837 550 2356 2837 2550 977 2977 1373 235 2235 1511 3373 1150 3150 327 3511 2327
Route 154 : 70 561 2561 1163 896 2070 3163 538 36 2538 2896 1518 3518 858 2036 886 2858 386 2886 898 2386 245 1477 2245 3477 243 2243 458 2898 1420 3420 2458