Instance name : bar-n2500-5
Authors       : BIG3 - Dmitriy Yampolskiy, Egor Nikolaev and Daria Savina. Smart Logistics Point by the BigThree team (big3.ru).
Date          : 2025-04-22
Reference     : BigThree team (big3.ru)
Solution
Route 1 : 1060 714 2310 1964 645 1143 1895 2393 1085 1128 2335 1011 2378 800 2261 2050 325 1575 388 409 1659 1638
Route 2 : 1168 1098 2348 165 52 1415 764 1302 2418 2014 1088 351 2338 119 1601 1369 1129 155 1405 2379
Route 3 : 853 366 2103 1616 255 766 1505 2016 1247 1016 812 2266 2497 2062 732 1982 405 1220 1655 2470
Route 4 : 276 319 1569 1526 1152 365 2402 968 1615 234 2218 1230 1484 998 2480 2248 1029 918 2168 2279
Route 5 : 1243 90 2493 173 318 1423 1097 2347 1568 455 457 1705 187 1707 704 1437 1163 1954 2413 1340
Route 6 : 436 20 1686 211 795 1270 1461 542 2045 1127 1792 574 2377 1824 573 1823 145 1050 1395 235 2300 1485
Route 7 : 1227 11 2477 1242 1250 2492 1261 591 1841 1194 2444 2500 337 649 1587 1899 910 2160 644 1894
Route 8 : 209 375 1459 349 1599 1625 876 727 329 2126 1977 322 1579 1572 602 673 1852 1923
Route 9 : 297 796 581 2046 1547 1831 777 722 2027 1972 169 963 1419 2213 976 2226 1213 631 1058 2463 1881 2308
Route 10 : 511 222 1761 1472 500 1750 979 883 2229 2133 394 76 1326 1644 1102 2352 37 794 1287 2044
Route 11 : 17 988 1267 2238 791 55 2041 152 1305 359 1402 478 1728 1609 889 670 2139 531 1920 1781
Route 12 : 420 387 323 1670 1637 102 1573 51 1352 935 1301 2185 921 545 1795 2171 525 779 1775 2029
Route 13 : 650 836 1900 2086 302 553 1803 1552 126 1376 592 949 1842 53 2199 1303 802 989 2052 2239
Route 14 : 239 1489 15 1265 665 357 1915 1017 2267 1607 406 39 1656 1289 556 931 2181 1806
Route 15 : 971 331 2221 305 1581 1555 1136 2386 307 1015 2265 1557 799 840 2049 2090 1082 2332 894 2144
Route 16 : 265 1515 985 502 2235 1752 1047 2297 248 98 1348 936 1498 133 2186 400 1383 1186 2436 1650
Route 17 : 97 1347 376 603 1626 414 888 1664 2138 423 1853 1673 580 908 1830 850 2158 2100 1206 2456
Route 18 : 1185 551 258 2435 1508 1801 435 586 1685 1836 557 368 332 1807 1582 1618 426 829 2079 1676
Route 19 : 418 1035 1668 2285 892 987 2142 642 2237 125 1223 1892 1375 2473 700 483 1733 1950 1159 2409
Route 20 : 583 986 2236 1833 310 743 1095 2345 1993 1560 289 1539 161 77 1411 230 1327 170 1480 1420
Route 21 : 811 134 2061 1384 653 823 2073 1903 997 1079 398 1648 2247 2329 1215 2465 251 1199 1501 2449
Route 22 : 759 184 163 2009 1434 1413 861 493 1743 2111 320 873 2123 309 1570 373 1623 476 1726 1559 561 1811
Route 23 : 615 1865 108 253 1358 1503 1026 506 2276 327 1577 1756 1122 2372 27 1277 1113 1241 2491 536 2363 1786
Route 24 : 189 547 1439 897 1797 922 2147 2172 92 1342 816 2066 820 926 2176 1048 2070 2298 821 2071
Route 25 : 1171 674 2421 1093 1924 2343 1211 410 1660 2461 287 1141 1537 2391 543 1793 1007 1077 2327 2257
Route 26 : 1191 2441 203 144 1453 952 1394 1076 2202 2326 1083 2333 758 2008 181 391 1641 1431
Route 27 : 872 185 1181 1435 2122 2431 848 59 2098 486 1736 1309 254 773 2023 532 1504 1782
Route 28 : 494 786 2 1744 1252 2036 784 693 2034 734 1943 856 1984 335 2106 453 384 1703 1634 1585
Route 29 : 783 1248 402 2033 548 1652 2498 1798 393 63 1313 522 1643 343 1772 154 1593 733 584 1834 1404 1983
Route 30 : 264 1514 291 1541 509 386 1759 1636 977 107 1357 2227 1149 2399 361 1123 1611 898 2373 2148
Route 31 : 860 1144 121 2394 2110 367 1371 1617 762 533 1783 2012 959 2209 750 844 2094 2000
Route 32 : 204 1454 790 497 1747 1024 2040 951 2274 2201 300 614 1550 1864 981 206 2231 1456 770 2020
Route 33 : 197 315 75 1565 1447 355 1325 1605 973 2223 16 89 1266 369 1339 1135 1619 67 2385 1317
Route 34 : 314 914 628 568 1818 1878 1564 594 622 1844 1066 1872 1044 2316 817 2294 151 2067 1401 1148 2164 2398
Route 35 : 389 312 1562 575 1639 1825 761 2011 273 559 1809 970 2220 1523 475 803 2053 1725 510 1760 1068 2318
Route 36 : 1132 1022 2272 810 2382 709 2060 174 1959 146 117 1424 1367 484 1396 1734 808 449 2058 1699
Route 37 : 1104 341 2354 710 256 1591 1960 1506 427 42 1292 95 1677 1345 442 1692 446 286 1696 156 1536 1406
Route 38 : 1006 1124 179 2374 2256 465 1429 1715 138 932 1388 362 324 1574 1612 740 882 1990 2132 2182
Route 39 : 29 1279 57 864 2114 549 1307 450 1700 1799 832 2082 252 928 2178 123 1502 1176 2426 669 1919 1373
Route 40 : 826 213 1463 231 600 1850 1210 2460 1161 2411 726 1976 311 1481 1561 2076 1222 466 1716 462 2472 1712
Route 41 : 629 845 1879 2095 347 275 1597 1525 957 412 1662 807 2207 140 2057 707 1390 424 1957 1674
Route 42 : 1065 969 2219 2315 1056 893 1180 2143 2306 2430 338 837 1588 2087 640 867 2117 415 1665 1890
Route 43 : 458 924 2174 1708 991 49 2241 58 1299 461 1711 1308 606 1115 1019 1856 2365 2269 326 1576
Route 44 : 1042 651 2292 1901 804 1165 2415 540 2054 1790 1150 585 1835 2400 503 708 1958 1753
Route 45 : 186 1087 2337 1009 2259 292 1436 1542 566 1158 480 1816 1730 2408 939 137 2189 1187 1387 2437
Route 46 : 245 1495 942 1130 5 2380 1255 994 72 1322 2244 1133 2383 1105 229 2355 1479 782 2192 2032
Route 47 : 1193 346 392 1596 1642 380 115 1365 283 1533 1630 2443 535 433 1785 1683 946 891 2196 2141
Route 48 : 1126 2376 544 1117 1794 2367 1049 64 2299 282 1314 1175 1532 2425 1099 2349 1091 411 2341 1661
Route 49 : 944 2194 430 1080 1209 2330 1680 2459 1160 1162 2410 1188 1121 2412 2438 2371 177 1120 2370 1427
Route 50 : 22 3 1272 975 1253 690 1940 2225 370 1226 1620 236 2476 805 1486 2055 84 238 1334 1488
Route 51 : 1020 736 2270 833 1986 508 1758 2083 200 178 1450 1428 143 1106 142 1393 2356 1392 920 2170
Route 52 : 822 1200 2450 2072 841 2091 23 1232 866 1273 2482 849 2116 2099 1216 10 2466 1260
Route 53 : 1038 416 14 2288 1666 966 1264 572 2216 1822 1100 2350 741 216 1991 1466 656 661 1906 1911
Route 54 : 905 492 1742 528 2155 477 1778 1727 901 2151 191 232 1482 1441 519 1027 2277 1769 268 1518
Route 55 : 149 555 1805 1064 2314 193 1399 1443 1023 1040 2273 2290 40 755 1290 2005 857 303 1553 2107
Route 56 : 241 639 192 1442 1491 227 1889 1146 1477 2396 429 1679 377 201 1627 1090 1451 490 2340 1740
Route 57 : 620 1870 363 199 1613 1449 482 751 1732 516 2001 1766 967 524 1774 2217
Route 58 : 298 304 226 1554 1476 1548 1166 917 2167 2416 664 1914 1108 2358 1145 906 2156 2395 71 293 1543 1321
Route 59 : 1084 321 809 2334 1571 2059 995 2245 1177 9 1259 2427 657 404 1907 1654 473 1723 625 1875
Route 60 : 13 913 1263 1032 2163 588 1838 2282 374 296 1624 746 1546 681 60 1931 1310 684 1996 1045 1934 2295
Route 61 : 1037 852 923 2102 2287 902 2173 787 2152 871 2037 2121 419 299 948 1669 1549 2198 947 2197
Route 62 : 616 518 1768 839 1866 2089 270 1520 243 587 1493 328 1837 597 1578 990 1847 705 1955 2240
Route 63 : 685 1935 723 159 1409 1973 87 444 1337 756 1694 2006 278 678 1528 1928 86 507 101 1336 1351 1757
Route 64 : 445 468 1718 1695 1224 929 2474 2179 854 806 2056 210 2104 1460 47 618 1297 1868 680 1930
Route 65 : 1039 1173 2423 1153 2289 2403 113 336 702 1363 1586 269 1952 190 1519 1440 1018 440 2268 1690
Route 66 : 666 1203 1054 2304 2453 1916 688 982 1938 2232 589 295 1839 958 961 1545 2208 116 1366 2211
Route 67 : 348 33 1598 739 1989 1283 875 781 2125 1014 2031 771 2264 2021 570 208 1820 925 1458 2175 459 1709
Route 68 : 130 1380 1059 582 2309 1832 1234 2484 627 539 1877 364 1789 1614 630 855 2105 1880
Route 69 : 1134 2384 613 504 1863 1754 1030 1157 2280 2407 1184 2434 378 1628 593 611 471 1861 1843 1721
Route 70 : 7 730 1257 774 1238 608 2488 2024 1858 1094 2344 824 158 1408 2074 1178 1980 691 2428 1941 219 1469
Route 71 : 1116 2366 82 828 1212 1332 2462 2078 562 233 1483 1812 339 1089 1589 819 2339 1198 2069 2448
Route 72 : 24 1274 99 249 1349 1499 1174 1031 2424 2281 94 719 1969 1344 563 12 1813 1262
Route 73 : 1101 2351 658 877 1908 31 2127 401 1651 1281 1063 2313 306 1556 385 1635 788 868 2118 2038
Route 74 : 246 683 1933 1496 1033 999 2283 425 1003 2249 1675 2253 1221 763 2471 2013 1233 2483
Route 75 : 941 168 2191 1110 1418 2360 775 2025 26 1010 1276 183 2260 261 1433 1511 1179 66 2429 1316
Route 76 : 776 2026 217 984 1467 62 1312 2234 340 36 1286 577 1590 1827 789 996 2039 2246
Route 77 : 992 1036 2286 660 112 1362 1910 65 81 1331 2242 317 1315 558 513 1567 1763 114 1364 514 1764 1808
Route 78 : 263 712 1962 1513 274 1524 699 527 638 1949 1777 38 1888 469 1288 619 1719 85 1335 1869
Route 79 : 567 342 1817 571 1592 491 1741 196 1821 530 1446 1780 8 843 1258 1118 104 2368 1354 330 2093 1580
Route 80 : 689 479 1061 1939 2311 1729 1192 501 1751 139 2442 34 1389 1284 1246 290 2496 1540 247 1497 737 1987
Route 81 : 778 1012 2028 2262 460 579 1829 1086 2336 874 659 2124 128 1909 1710 188 1378 1438 612 422 1862 1672
Route 82 : 202 718 521 1968 701 1771 1951 1452 452 1702 1235 738 1988 194 1444 729 2485 851 1979 1 2101 1251
Route 83 : 909 541 2159 818 1791 652 2068 1902 646 633 792 1896 1883 2042 956 863 2206 927 2113 2177
Route 84 : 456 1706 207 124 1374 1457 662 1057 2307 1912 919 80 1330 1067 2169 2317 696 1078 1946 2328
Route 85 : 1214 147 131 1397 1381 830 2464 2080 54 643 1304 1204 1893 2454 515 1000 1765 1169 2419 2250
Route 86 : 132 879 869 1382 2129 272 2119 1522 198 356 899 1606 609 1448 1142 1859 2392 1137 2149 2387
Route 87 : 945 950 706 2195 2200 1956 284 749 1534 878 2128 379 1629 1999 129 635 360 1379 1885 1610
Route 88 : 1125 801 2375 724 870 2051 470 2120 1974 1720 1131 663 2381 1013 171 2263 1218 1421 1913 2468
Route 89 : 604 44 955 1854 1294 2205 598 69 1196 1848 1319 2446 242 157 1407 847 1492 2097
Route 90 : 747 1237 972 2222 2487 933 2183 953 2203 1182 225 2432 1475 1021 554 2271 1804 1195 1997 2445
Route 91 : 885 313 2135 162 1412 1563 164 1414 520 1164 676 780 2414 141 2030 1926 1391 1770 382 686 1632 1936
Route 92 : 884 2134 223 1249 1473 50 352 2499 1300 1602 333 1112 358 1608 1583 2362 443 417 1667 1693
Route 93 : 880 499 767 1749 1114 2364 2017 334 383 2130 1633 1081 1584 2331 692 1942 1008 2258 88 1338
Route 94 : 135 896 1385 1155 2146 1205 2405 1229 2455 2479 431 1681 717 1967 166 785 1416 2035
Route 95 : 496 279 1138 1746 1004 1529 2388 160 1202 1410 2452 79 403 2254 1653 881 390 2131 1329 1640
Route 96 : 617 1867 35 1225 1285 408 2475 1107 1658 569 2357 1819 498 1208 1748 2458 1239 2489
Route 97 : 301 489 1551 1739 835 711 1201 2085 1961 565 2451 74 1815 1324 277 578 1527 91 1828 1341
Route 98 : 18 1070 1071 2321 2320 1046 1268 150 2296 1400 281 974 1531 675 2224 1217 2467 1925 428 1678 637 1887
Route 99 : 621 827 2077 1871 911 354 1604 205 260 2161 1455 1510 395 288 1538 1645 464 1156 1714 2406
Route 100 : 1244 2494 546 687 1937 834 2084 1109 1796 534 2359 1784 654 634 1884 1904 262 136 1512 1386
Route 101 : 1167 73 1323 220 2417 838 1470 1034 2284 2088 485 512 1735 396 1762 1154 1646 1074 2324 2404
Route 102 : 1236 2486 904 111 1361 1231 2154 2481 294 916 1544 78 1328 2166 1072 753 2003 1002 2322 2252
Route 103 : 590 1840 6 895 1256 2145 25 488 1275 725 1738 267 1517 1975 371 438 623 1873 1621 1688
Route 104 : 308 1103 2353 244 1558 529 1494 1779 655 560 1810 1905 720 647 1970 434 1897 940 1684 2190
Route 105 : 964 2214 212 813 1462 2063 28 218 1151 1468 2401 56 1278 1306 448 793 1698 2043 32 697 1282 1947
Route 106 : 765 2015 1245 432 1682 2495 350 30 1280 626 463 1876 250 1713 1500 1600 728 439 1978 1689
Route 107 : 106 1356 648 1898 1051 2301 993 636 2243 1886 505 176 937 1755 1426 2187 280 381 1530 1631
Route 108 : 43 1293 1041 668 2291 1918 748 1998 1075 345 2325 172 1422 1595 978 266 1516 495 1745 2228
Route 109 : 703 1953 1207 421 1671 1111 2457 2361 752 865 2115 2002 118 842 1368 934 2092 862 2184 2112
Route 110 : 641 610 1860 1891 259 938 1509 960 2188 814 744 2210 1994 68 2064 1318 682 1932
Route 111 : 1147 552 214 1802 2397 1464 716 537 745 1966 1787 538 1995 1788 517 1767 772 2022 607 1857
Route 112 : 715 1240 120 954 2490 1370 122 2204 815 2065 1965 1372 907 890 2157 257 1507 1055 2140 215 1465 2305
Route 113 : 344 182 1432 21 1053 1271 1594 2303 596 1846 698 399 671 1948 1649 1921 831 768 2081 1190 2018 2440
Route 114 : 240 1096 1490 2346 694 599 1849 1944 523 1073 407 1773 1657 2323 454 672 1704 441 1922 1691
Route 115 : 1069 2319 221 1471 228 1478 103 887 2137 1353 1219 526 1776 2469 731 1005 1052 2255 1981 2302
Route 116 : 797 886 2136 2047 100 127 1350 980 1377 2230 1228 679 915 2478 2165 110 1360 451 1701 1929
Route 117 : 754 195 1445 2004 105 760 2010 1355 632 798 1119 1882 2048 2369 46 372 667 1296 1622 1917 397 1647
Route 118 : 624 825 735 1874 2075 1025 1985 1172 2275 2422 1139 1197 2447 2389 48 1189 2439 353 1298 1603
Route 119 : 1001 943 2193 2251 41 70 1291 1140 605 2390 1320 1855 677 1183 2433 1927 487 467 1737 1717
Route 120 : 1170 167 2420 19 1269 713 1963 4 83 1417 153 1254 1333 1403 148 1398 93 1343
Route 121 : 481 437 1731 601 1687 109 1851 1359 1092 965 2342 757 2007 2215 576 1826 413 903 2153 1663
Route 122 : 962 2212 61 472 237 1722 1311 846 1043 2293 2096 695 447 1697 564 1945 595 1814 1845 1487 316 1566
Route 123 : 45 180 285 1295 1535 550 1430 742 271 1800 1521 721 474 1971 1992 930 1724 2180 1062 2312
Route 124 : 900 858 2150 2108 769 1028 2019 2278 983 912 2233 2162 175 96 1346 1425 224 859 2109 1474
