Instance name:	bar-n5000-3
Authors:		Carlo Sartori and Luciana Buriol
Date:			2019-2-11
Reference:		A matheuristic approach to the PDPTW (to be submitted)
Solution
Route 1 : 984 1708 3484 4208 769 379 3269 2485 4985 2879 945 677 3445 1472 788 3288 1736 2118 3972 3177 4618 4236
Route 2 : 2276 4776 2209 1104 3604 870 4709 940 1245 838 3370 3338 88 3745 704 2588 3440 2037 3204 4537
Route 3 : 851 1716 3351 1027 784 4216 2458 3527 960 3284 4958 1385 3885 1991 4491 797 1953 3460 1353 4453 3297 3853
Route 4 : 1188 697 3197 655 3688 768 3268 3155 1594 4094 803 3303 620 510 319 3120 1770 2819 3010 4270 192 2416 2692 4916
Route 5 : 150 2650 2273 1275 245 1383 3775 2745 179 2679 2208 1445 3883 4773 3945 4708 1382 717 3882 368 798 3217 3298 2868
Route 6 : 1120 3620 1252 1147 3752 2058 4558 466 1841 2966 3647 1631 816 4341 4131 3316 750 3250 1047 1021 3547 526 3026 618 3521 3118
Route 7 : 1885 791 261 4385 3291 1133 3633 2370 279 4870 2761 280 2779 2448 2780 2309 2148 1511 4809 4011 1905 1195 4405 4948 4648 3695
Route 8 : 691 764 3191 3264 408 828 2908 3328 1475 445 1151 3651 3975 627 1884 2945 4384 2064 1581 4081 3127 4564 1488 3988
Route 9 : 374 1448 2874 763 1851 3948 2157 645 4657 1549 3145 4049 442 3263 1929 2942 1033 3533 983 4351 198 2698 4429 3483 2249 4749
Route 10 : 2346 221 2383 4846 2245 4745 286 4883 397 2897 867 2786 3367 2721 1465 1035 3965 1711 3535 4211 1849 4349
Route 11 : 740 3240 2420 102 2602 1221 4920 485 3721 2985 1797 4297 1060 2012 3560 4512 614 2164 3114 2172 2296 4796 4672 4664
Route 12 : 1493 1094 332 2832 3594 2384 375 2875 3993 1061 1380 3880 4884 1881 464 1629 3561 1534 4034 4381 268 2768 2964 4129
Route 13 : 97 599 2597 487 2987 3099 972 856 1408 747 3472 3247 3908 2147 3356 950 3450 21 2521 1279 4647 2092 3779 4592
Route 14 : 1066 530 1196 3566 502 3030 3002 1606 3696 552 3052 4106 2274 672 4774 2011 3172 4511 809 343 3309 2843
Route 15 : 668 2088 4588 3168 1160 2017 3660 1546 2115 1453 4517 4046 1442 2097 3942 1586 4615 1547 4597 4086 2031 3953 4047 4531 33 2533
Route 16 : 1336 1681 2267 4767 3836 1516 4016 362 846 2283 4181 2481 4981 3346 1674 2862 774 4174 1203 3274 4783 729 3703 3229
Route 17 : 1276 60 3776 1588 1901 4401 1577 4077 4088 1080 2560 1528 3580 1261 1530 3761 4028 4030 54 2322 4822 328 2554 2828
Route 18 : 2480 1872 2199 149 70 4699 2649 4980 4372 692 2570 2197 480 2486 4697 3192 814 4986 1251 2980 3751 3314 1771 4271 1003 3503
Route 19 : 574 680 2341 3074 4841 477 3180 227 1971 2727 1787 4471 2376 2977 113 4287 4876 1324 2613 2333 4833 792 3824 3292
Route 20 : 579 2187 1337 4687 1095 3079 2141 4641 1231 2342 3595 3731 3837 2210 898 4710 137 2637 2076 4576 4842 1487 3398 3987
Route 21 : 1833 4333 132 390 1057 2314 2632 4814 1501 3557 619 2421 2890 4921 749 3119 161 4001 2661 3249 971 3471 1597 4097
Route 22 : 2304 1237 4804 580 3737 2099 1766 4266 3080 2111 705 2329 4829 4599 422 2922 4611 1023 356 3205 2856 3523
Route 23 : 973 1529 3473 419 4029 94 2919 2594 1045 2446 1613 3545 4946 471 4113 1479 2393 4893 3979 1218 3718 2971
Route 24 : 1800 208 4300 36 2708 1538 4038 2136 2536 977 631 3131 4636 3477 1059 3559
Route 25 : 1741 253 1075 1131 3575 4241 2455 4955 2753 1860 888 3631 1015 4360 3515 3388 1455 2397 4897 3955 1632 4132
Route 26 : 1180 304 718 2804 3680 2310 4810 3218 2380 4880 104 2080 1575 4580 2604 1178 3678 2130 4075 4630 2288 108 4788 2608
Route 27 : 4 411 2911 86 259 2504 2586 1255 2759 3755 1076 188 1038 3538 3576 2688 69 1301 3801 2569 1103 3603 484 2984
Route 28 : 320 1566 578 2820 1235 4066 3078 344 2844 1450 1979 3735 1956 632 4456 868 3950 4479 1362 3862 1283 3132 3783 3368
Route 29 : 929 3429 290 980 2790 3480 418 658 741 2918 1745 3158 2415 1082 4245 3241 2414 4915 3582 1759 4259 4914
Route 30 : 1705 30 4205 349 2530 1470 2849 1391 3970 1489 3891 3989 1132 1760 3632 4260 2236 922 4736 995 3422 3495
Route 31 : 1964 429 2237 4737 486 4464 1079 2986 1101 1367 2929 2313 3867 3601 2203 3579 4813 4703
Route 32 : 494 457 2957 2190 2994 1974 1780 4690 4474 1007 2500 327 5000 2319 2827 1307 3507 4280 4819 3807
Route 33 : 318 238 2818 296 533 2796 682 3033 2738 1000 3182 103 3500 1345 1184 3845 1207 2603 2253 2181 4753 3684 4681 3707
Route 34 : 569 1819 3069 4319 1569 1927 2184 1306 4069 1677 4684 4177 2373 3806 4427 2440 4873 4940 2244 1056 1651 4151 3556 4744
Route 35 : 2307 1739 4807 4239 2094 732 4594 3232 336 2258 4758 1187 2836 1441 3941 821 1270 3687 1880 3321 3770 4380
Route 36 : 1122 182 3622 628 3128 37 2682 1984 2537 728 4484 2183 3228 1542 2068 4042 2167 4667 4683 497 4568 2997
Route 37 : 806 860 1724 811 3311 4224 823 495 3323 2995 1793 3360 3306 1214 4293 488 3714 2257 16 2988 348 2516 1002 4757 3502 2848
Route 38 : 1504 4004 2127 1309 4627 3809 274 1726 2774 1008 3508 444 2944 4226 2051 1802 4302 2277 4777 4551
Route 39 : 1653 1818 979 3479 122 2622 4153 1113 4318 193 575 3075 1918 3613 2693 1750 4418 2123 4623 4250
Route 40 : 520 2085 3020 4585 123 2623 1314 3814 1430 2499 4999 521 340 3930 2840 2395 3021 4895 563 3063 1440 1622 4122 3940
Route 41 : 1620 956 3456 1386 401 4120 1792 3886 2901 2105 4605 1650 4292 4150 447 246 1130 2746 3630 2947
Route 42 : 1755 2411 4255 1866 289 4911 40 2789 4366 2098 4598 1085 2540 83 3585 2583 1041 570 3541 2428 1662 3070 4162 4928
Route 43 : 133 2112 635 3135 1735 2633 17 4235 4612 2517 1083 559 2412 3059 3583 357 2857 2069 540 4912 3040 4569
Route 44 : 2312 400 2900 812 4812 3312 1173 360 2860 3673 1955 1618 4455 1857 4118 460 2960 1091 1706 4357 4206 3591
Route 45 : 2229 1939 465 4729 68 2965 2335 4439 135 2 2568 167 4835 131 2635 2667 2631 1949 2502 4449 1185 3685
Route 46 : 1940 236 2165 2060 4665 1621 4440 2275 4121 1896 2736 4560 4775 1499 4396 1006 694 3194 1009 2129 3509 3506 4629 3999
Route 47 : 1975 653 3153 1407 3907 4475 67 985 1725 4225 1574 2567 3485 461 883 2961 4074 3383 440 1012 3512 2940
Route 48 : 1898 4398 534 2158 3034 953 4658 1098 935 3435 2331 3453 4831 1601 609 3109 3598 2271 4101 4771
Route 49 : 997 654 3154 2026 3497 4526 2340 895 4840 3395 805 1623 2413 2010 4123 817 3305 4510 1719 4913 3317 4219
Route 50 : 169 1377 3877 2669 2402 758 310 2265 4902 1657 2272 2810 311 4765 4157 4772 2110 1512 2811 3258 4012 4610 1239 3739
Route 51 : 636 2096 3136 302 1879 2802 4596 731 291 2791 3231 503 283 3003 4379 339 2783 2038 2839 2437 4937 4538
Route 52 : 517 1049 3549 1740 3017 4240 331 489 2989 2831 719 963 333 1685 1363 3219 3463 3863 4185 2833
Route 53 : 1044 1503 3544 1134 4003 3634 2009 1202 1660 4509 4160 3702 168 41 2668 1864 2541 850 4364 3350
Route 54 : 2293 2261 4761 1659 617 4159 3117 1330 4793 2001 2259 3830 1447 4759 3947 4501 1840 813 1521 4340 3313 4021
Route 55 : 1347 222 2722 165 703 1669 2665 232 3203 4169 2328 243 3847 2743 2732 2196 4828 921 4696 3421 1540 4040
Route 56 : 761 1693 3261 925 4193 2269 174 3425 622 3122 2674 1535 4035 76 2126 4626 1982 4769 2369 4869 909 2576 3409 4482
Route 57 : 1226 3726 1204 1443 3943 3704 722 825 3222 100 2600 3325 1179 1319 293 3819 1485 3679 2793 3985 13 2513
Route 58 : 191 2013 1068 4513 2691 1640 4140 1233 3568 992 2028 3492 4528 3733 626 650 3150 43 3126 2543
Route 59 : 2295 1114 4795 796 3614 478 2978 273 2351 2773 4851 630 3296 683 735 3183 3130 3235 209 1861 2709 4361
Route 60 : 234 1798 1107 2734 4298 1859 3607 890 4359 896 42 3396 3390 1993 4493 2152 2542 2399 4652 553 4899 3053
Route 61 : 1116 853 3616 2452 1616 4116 3353 862 1954 4952 1612 4454 3362 1914 4112 1317 4414 1835 3817 1686 4335 4186
Route 62 : 842 2478 4978 3342 587 2490 4990 1129 1368 855 3868 3087 1776 3629 4276 643 3143 3355 1743 951 3451 4243
Route 63 : 590 2427 4927 1026 3090 2463 1602 4963 3526 52 334 4102 1174 532 2442 2834 3674 4942 2552 1154 3654 3032
Route 64 : 1515 4015 2047 2464 4547 1395 1067 3567 4964 230 3895 610 3110 1868 4368 1288 2730 1320 3788 3820
Route 65 : 1142 1788 353 3642 1230 1162 3662 39 2539 2349 3730 2853 4849 4288 1177 1729 2039 4539 4229 3677 2327 4827
Route 66 : 604 1615 2454 3104 875 3375 1795 4115 874 4295 151 2651 1352 715 3374 904 183 3852 3404 3215 2683 4954
Route 67 : 1193 1508 974 679 3474 110 4008 2610 3693 3179 2254 1644 4144 2321 4754 255 2755 4821 287 2787
Route 68 : 136 686 2636 1794 1402 4294 337 3186 3902 160 2837 2660 406 877 778 2906 3278 2168 3377 1587 4668 2311 4087 4811
Route 69 : 1712 1869 242 4212 2073 4369 2742 880 4573 3380 77 82 2577 2582 1438 3938 1427 3927
Route 70 : 121 751 568 2621 3068 1199 3699 226 1607 3251 4107 2044 4544 1384 2447 4947 2726 1404 3884 3904
Route 71 : 2433 424 4933 380 2924 195 1960 2880 2695 685 4460 1944 313 2813 4444 876 3185 1042 3376 3542
Route 72 : 512 2487 2422 4922 2225 3012 4987 4725 2117 1302 2364 4864 4617 27 153 3802 2527 2182 4682 2653
Route 73 : 1128 1272 1097 3772 1946 3597 937 4446 3628 1680 87 4180 278 3437 2587 2494 1036 2200 3536 4994 2778 4700
Route 74 : 2425 1029 1437 3529 4925 3937 1863 4363 1053 2348 2375 3553 4848 2156 4875 4656 1435 1414 3914 1224 3724 3935
Route 75 : 2297 1267 3767 2483 4797 4983 506 2344 4844 1256 3006 426 1883 3756 118 2926 2618 481 2981 4383
Route 76 : 958 543 3043 276 2776 1671 4171 65 1388 3458 155 2565 2655 3888 2284 1992 4492 4784
Route 77 : 1777 4277 80 2368 2580 4868 2377 1691 312 4877 831 3331 2812 1908 2169 264 4669 4408 2764 4191
Route 78 : 1054 3554 223 438 2723 1271 3771 267 2938 1406 3906 185 20 2520 2767 606 2685 323 3106 2823
Route 79 : 1001 3501 491 233 446 2946 2206 4706 1664 2733 410 905 2991 3405 4164 1399 1149 3649 2910 3899
Route 80 : 1828 1790 4328 695 4290 148 1976 3195 248 2132 4476 558 4632 2748 2648 1882 4382 2202 3058 4702
Route 81 : 1679 848 2432 934 1804 4932 3434 1930 3348 4179 1830 4430 4304 4330 78 1961 2578 1284 4461 3784
Route 82 : 345 441 2845 573 1409 3909 3073 861 2941 660 3361 317 3160 2180 872 3372 2817 667 3167 277 2777 4680
Route 83 : 589 3089 1526 1197 96 4026 3697 1937 2596 4437 2390 548 3048 4890 1331 3831 181 1294 2681 3794
Route 84 : 772 34 3272 366 2534 1926 175 975 2675 4426 2082 4582 98 2866 3475 254 2754 2598 2071 893 4571 3393
Route 85 : 920 3420 1589 637 2214 4714 354 4089 2176 3137 1264 4676 1531 3764 2854 4031 766 1425 3266 3925
Route 86 : 2325 1422 4825 437 3922 1816 4316 2223 2937 1216 595 3716 3095 1423 4723 3923 1824 1550 4324 2006 4506 4050
Route 87 : 2298 1600 4798 4100 712 1715 2466 4966 4215 1568 306 2806 1198 3212 1163 4068 1357 3698 3663 3857
Route 88 : 864 3364 554 513 3054 3013 926 605 3105 1212 3426 962 1496 3996 3462 2027 3712 4527
Route 89 : 2324 1952 275 2775 4824 1412 2256 4756 3912 4452 591 3091 1500 752 162 2154 4654 3252 2662 4000
Route 90 : 2493 2318 4993 2137 4818 928 4637 2014 215 1417 3428 3917 2715 1392 4514 756 3256 3892
Route 91 : 2378 235 4878 2735 710 857 2104 3210 3357 239 4604 1327 2739 3827 1039 3539 2389 4889 1649 4149
Route 92 : 2119 1573 4619 1238 4073 3738 1941 1948 2007 4448 1259 3759 4441 4507 1796 305 4296 2805 770 3270 124 2624
Route 93 : 1823 1285 3785 601 4323 2491 4991 2217 2436 3101 2445 4717 2247 4945 4936 955 4747 3455 1799 4299
Route 94 : 818 1670 3318 4170 329 130 2139 2142 2829 4642 2034 858 2630 730 3358 4639 509 3230 3009 4534
Route 95 : 827 2398 4898 3327 1161 1419 1483 3983 3661 1168 3919 3668 991 3491 2459 1396 786 3286 4959 3896
Route 96 : 583 2220 3083 282 2782 2173 4720 288 4673 1720 2788 4220 597 2146 4646 3097 224 2724
Route 97 : 459 947 1837 4337 3447 2959 90 2590 1158 412 3658 2912 1563 396 2896 170 1312 3812 4063 2670
Route 98 : 1205 62 2469 3705 2562 1 1910 4969 2320 4410 2501 194 335 608 4820 3108 2694 1665 2835 4165
Route 99 : 2387 4887 2392 1434 771 4892 538 3038 933 3271 2353 3433 14 3934 4853 376 2514 2876
Route 100 : 1242 1073 1619 3573 1996 4496 3742 1567 4119 107 4067 2021 216 2607 2716 4521 644 3144
Route 101 : 665 2431 3165 4931 483 2482 4982 405 839 2905 385 3339 2983 946 3446 2885 186 1175 3675 2686
Route 102 : 1497 3997 1194 1034 1005 3694 3505 1985 673 3534 1093 3593 4485 508 3173 294 3008 706 2794 3206
Route 103 : 202 176 2676 2702 1752 1334 3834 4252 887 1135 1048 3387 3548 409 3635 528 3028 2909 2386 4886
Route 104 : 2170 469 4670 2969 1477 3977 1753 1832 824 3324 1451 4253 1341 3951 4332 2374 3841 2067 4567 1213 3713 4874
Route 105 : 2061 2240 141 2641 4561 4740 2457 954 4957 109 456 3454 2956 2609 1265 1842 3765 4342
Route 106 : 111 1492 545 1723 3992 930 2611 4223 3045 1779 3430 1429 4279 3929 1904 2221 4721 4404
Route 107 : 1150 361 3650 73 504 2573 2861 819 2343 351 2851 1366 4843 3004 3866 1730 3319 4230
Route 108 : 2224 4724 2285 2250 4750 4785 1398 3898 2365 59 2559 1152 4865 1700 3652 4200
Route 109 : 1655 1325 2294 3825 2359 4794 4155 2063 4859 1379 4563 5 3879 511 886 2505 3386 3011
Route 110 : 693 322 3193 978 3478 1545 2822 1119 2049 4045 3619 1393 4549 2382 1346 3893 3846 4882
Route 111 : 196 127 1634 2627 1789 4134 2696 2046 4289 1781 4546 4281 499 1772 2999 476 4272 2976
Route 112 : 172 515 2672 6 2506 1254 3015 3754 1633 1354 1892 1459 4133 1769 3854 4269 4392 3959
Route 113 : 1342 571 3071 2471 3842 1321 1667 2059 4971 4167 2055 4559 3821 647 4555 794 3294 1040 3147 3540
Route 114 : 1641 656 1148 4141 2204 4704 3156 969 3469 723 3648 1452 1466 3966 3952 2323 3223 753 4823 3253
Route 115 : 365 2865 567 1532 4032 1608 3067 1732 4108 2439 4232 1592 2143 4643 4939 4092
Route 116 : 787 785 3285 206 2706 1099 3287 3599 892 961 3461 2207 3392 1648 4707 200 2700 4148
Route 117 : 24 177 2677 314 2524 501 3001 2814 2355 1696 1266 4855 4196 2270 1699 4199 3766 1986 4770 4486
Route 118 : 1286 671 1037 3537 3171 1292 944 3786 1326 3792 3444 431 2931 1701 3826 4201 914 125 2625 1803 3414 4303
Route 119 : 1989 1062 4489 490 3562 1973 1858 2990 4358 93 4473 2593 1831 2268 4331 4768
Route 120 : 1291 3791 2192 1987 257 4487 1123 2757 1889 3623 258 4692 1584 4389 2758 4084 1234 1329 3734 3829
Route 121 : 2308 2106 4808 4606 2003 2239 1063 2228 4503 4728 250 4739 746 3563 1598 3246 2750 4098 742 3242
Route 122 : 666 496 3166 2460 2996 919 3419 4960 1877 84 2584 700 4377 3200 285 885 2785 3385
Route 123 : 1962 889 29 3389 119 2529 4462 775 1118 3275 3618 1843 859 3359 2619 4343 2465 2054 4965 4554
Route 124 : 2287 642 4787 1713 3142 1031 1024 449 4213 3531 3524 2949 651 1775 3151 492 2992 4275
Route 125 : 757 266 435 3257 2766 474 1405 2974 1925 2935 780 3280 3905 4425 214 2004 4504 1260 2714 3760
Route 126 : 309 829 2809 3329 350 869 212 2850 2712 2219 623 2467 3369 4967 4719 759 3123 3259
Route 127 : 779 3279 1519 1490 1081 3581 1387 4019 3990 479 146 3887 2979 1646 2646 256 4146 2756
Route 128 : 600 1838 4338 2062 3100 4562 726 782 1461 3282 398 968 3226 2898 106 2102 4602 3468 3961 781 2606 3281
Route 129 : 2424 4924 53 2553 2120 1690 4620 1947 46 4190 4447 1456 2339 3956 4839 2299 2546 4799
Route 130 : 2232 1476 3976 1763 4732 1167 4263 201 3667 72 2701 1524 2572 1403 4024 1890 4390 3903
Route 131 : 1774 321 2821 582 2241 4274 1170 3670 556 3082 4741 1638 3056 2443 4943 2042 4542 4138
Route 132 : 707 252 2752 2434 3207 4934 2360 2052 145 745 4552 3245 4860 2645 1227 1181 3727 3681
Route 133 : 1146 639 1812 3646 1943 1248 3139 649 3149 3748 1934 4312 4434 1374 4443 1562 4062 3874
Route 134 : 760 190 2498 2690 3260 2338 4838 986 1143 634 4998 3486 1572 3134 3643 387 2887 1536 1077 3577 4072 4036
Route 135 : 1846 4346 26 2388 45 2526 4888 1552 2545 315 4052 832 1692 2815 3332 1186 4192 3686 432 2932
Route 136 : 2303 698 1361 3861 4803 1058 2357 3558 1166 3198 1209 4857 2179 3666 3709 624 3124 4679
Route 137 : 112 913 2612 1551 3413 1110 3610 1721 1811 4051 1313 4221 4311 2226 932 3432 1078 3813 4726 3578 1145 3645
Route 138 : 1919 4419 708 1315 3208 1643 3815 1565 4143 2278 4065 1190 4778 701 3201 3690
Route 139 : 1579 1666 4079 4166 15 2100 4600 2515 1595 1886 4386 1556 1480 4095 3980 541 1839 3041 4056 4339
Route 140 : 1762 866 1663 3366 1836 4163 527 3027 4262 2479 1826 4336 1112 371 4979 4326 3612 115 2615 2871
Route 141 : 790 1707 3290 2450 1676 4207 4950 2396 2317 4176 4896 2403 4817 1369 4903 1571 4071 3869
Route 142 : 1894 1365 3865 2238 4394 4738 1139 199 3639 1360 2699 3860 1806 35 4306 2535 271 2771
Route 143 : 1580 1449 4080 1912 3949 1348 4412 3848 163 101 116 284 2663 2601 2616 2784
Route 144 : 1554 1335 4054 3835 1019 382 2882 1809 3519 588 4309 395 1834 3088 1933 2895 4433 4334
Route 145 : 1599 2394 4099 837 4894 2159 3337 1862 4659 4362 434 669 237 2934 3169 2050 2737 4550
Route 146 : 936 1517 3436 4017 739 736 3236 629 3239 1865 4365 157 2657 565 3129 1614 4114 3065
Route 147 : 436 2936 47 1244 3744 2124 2547 833 2358 1157 4624 2025 3657 4858 844 4525 3333 1652 3344 4152
Route 148 : 1555 2350 4850 943 4055 1189 3443 1668 3689 173 4168 1845 2057 1502 4345 468 2673 4002 2968 4557
Route 149 : 1498 662 3162 1467 3967 3998 612 594 3112 2072 3094 4572 2108 1983 1206 3706 4608 4483
Route 150 : 407 2162 2907 4662 1278 3778 330 602 3102 2830 2326 1478 4826 3978 2347 1243 4847 3743
Route 151 : 1088 1102 3588 3602 734 2151 3234 4651 355 1684 1458 4184 1356 3958 2855 3856
Route 152 : 1647 2290 4147 1486 4790 1675 3986 1215 4175 849 3715 147 1995 2647 2053 4495 3349 4553
Route 153 : 2305 1004 4805 2337 3504 912 4837 402 2212 3412 2902 716 4712 1222 3722 3216
Route 154 : 2195 4695 154 2135 2654 4635 852 3352 1932 1783 4432 2114 1211 4283 4614 3711
Route 155 : 1064 3564 550 3050 1942 373 2873 2263 4442 1210 1553 4053 4763 3710 1507 4007
Route 156 : 2356 648 3148 4856 1977 184 1332 2684 3832 4477 505 1428 1695 3928 4195 1192 3005 3692
Route 157 : 2116 2366 4616 367 4866 1109 2867 3609 1778 2334 4278 4834 633 58 744 3133 2558 3244
Route 158 : 2015 1032 3532 2252 4515 2090 1473 3973 4590 1856 4752 2231 4356 89 152 4731 2652 2589
Route 159 : 657 2083 3157 4583 1223 458 2958 3723 966 1090 2144 3466 482 3590 2982 4644
Route 160 : 1046 3546 2093 901 3401 4593 25 873 2525 1533 738 3238 2045 4545 3373 4033 2255 1694 4194 4755
Route 161 : 1661 613 3113 4161 1959 1728 420 4228 4459 2920 1141 1709 4209 3641 1025 3525 1852 4352
Route 162 : 1870 4370 2131 4631 63 2563 1439 1462 3939 1016 3516 1011 500 3511 3962 3000
Route 163 : 688 3188 1731 4231 2401 4901 1738 603 4238 3103 378 2878 1921 1191 4421 3691
Route 164 : 1635 1253 3753 1014 4135 1734 1874 3514 4374 1339 4234 3839 1924 902 3402 4424
Route 165 : 64 2564 2233 346 4733 1922 2475 2846 134 2634 1609 4422 4109 1397 646 4975 3897 3146
Route 166 : 225 1920 2725 240 4420 241 2740 1338 3838 2741 2074 2079 987 3487 4579 4574
Route 167 : 388 2888 1229 1604 126 2087 4587 3729 4104 1105 2626 164 3605 795 2664 1583 3295 2404 4083 4904
Route 168 : 1108 1287 2020 3787 4520 3608 2178 2409 4678 4909 557 394 1951 2894 999 3057 4451 3499
Route 169 : 616 3116 942 3442 2033 303 23 453 2803 4533 2523 2953 66 1156 3656 38 2538 2566
Route 170 : 1208 1415 3708 1756 22 549 2522 879 4256 3049 1626 3379 3915 524 4126 1030 3024 3530
Route 171 : 670 2177 4677 2281 3170 1758 4258 4781 272 2266 2772 2451 4766 263 2763 4951
Route 172 : 428 1111 2227 2928 1702 4727 4202 3611 472 1821 2972 1899 4321 218 2718 4399 841 3341
Route 173 : 2489 203 4989 2703 1303 1658 2077 4577 1784 3803 4158 2078 4284 338 4578 1999 2838 4499
Route 174 : 1522 1958 1746 4246 1703 4458 2362 802 4862 4022 1432 3932 4203 1246 3302 1071 3746 3571
Route 175 : 663 1805 3163 363 4305 2863 1296 1028 3528 3796 1100 1917 3600 822 3322 4417
Route 176 : 1350 976 3476 754 3850 1968 4468 1460 3254 1654 3960 1364 3864 1389 4154 2234 4734 3889
Route 177 : 908 611 3408 755 3111 2292 4792 2150 3255 4650 467 982 1855 3482 2967 4355
Route 178 : 1127 830 3627 1124 3624 952 1137 3637 3452 625 3330 1998 4498 1281 3125 3781
Route 179 : 1630 721 3221 1698 581 3081 4130 765 988 3265 4198 773 3488 1704 3273 4204
Route 180 : 2429 1782 1697 4197 4282 4929 593 1250 3093 1978 3750 1474 3974 547 4478 3047
Route 181 : 403 2903 2066 300 2188 4566 2242 2800 2134 4742 4688 2086 4634 1359 4586 3859
Route 182 : 2286 2024 998 4786 7 4524 1873 2507 1737 4373 724 3224 3498 2301 4237 120 2620 4801
Route 183 : 1994 1125 4494 1043 3625 3543 1844 48 2548 1164 4344 916 3416 3664 1176 249 2749 139 2639 3676
Route 184 : 1241 2430 3741 4930 1087 1878 3587 292 4378 2792 1678 1576 4076 433 4178 2435 2933 4935
Route 185 : 1304 737 3804 1827 3237 341 4327 1418 2841 3918 2140 808 1454 3954 3308 2022 4640 4522
Route 186 : 835 1510 3335 4010 1436 1159 3936 260 1915 3659 4415 1636 1727 2760 4136 4227 1557 1900 4057 4400
Route 187 : 989 415 3489 1051 2345 2915 2222 4845 3551 74 4722 2574 964 281 3464 2781
Route 188 : 1355 3855 1052 359 2444 2859 3552 1854 4354 1527 4944 1585 4085 2243 4743 4027
Route 189 : 1289 1773 1642 4273 931 3789 3431 767 2441 4142 1683 4941 3267 2260 4183 4760
Route 190 : 2109 1126 3626 762 3262 4609 1232 640 1424 3732 3140 2032 4532 3924 815 2070 4570 3315
Route 191 : 1909 1086 3586 2016 4409 965 3465 4516 450 99 2950 2381 2599 2084 372 4584 2872 4881
Route 192 : 2472 4972 1624 352 2852 1895 4124 2400 4395 105 95 1928 2605 4900 4428 2595
Route 193 : 1768 1401 3901 1815 4315 4268 1225 826 2018 4518 1935 3326 3725 519 4435 3019 50 2550
Route 194 : 2279 49 2549 1308 3808 4779 1136 2438 3636 4938 370 1269 2113 2870 4613 3769
Route 195 : 1375 1548 3875 1807 413 4307 2913 4048 2121 4621 92 2426 2592 4926 1767 4267
Route 196 : 2495 4995 681 159 3181 389 2659 1096 1611 3596 4111 2336 2889 2175 4675 4836
Route 197 : 1710 1092 140 3592 2640 4210 903 32 3403 2532 1875 1433 4375 3933 1561 4061
Route 198 : 369 854 1605 894 3394 3354 4105 1431 2043 4543 2869 244 2744 3931 1293 3793 117 2617
Route 199 : 1981 865 3365 1505 4005 4481 393 2893 2155 377 2877 2474 4655 907 4974 1997 3407 2000 4497 4500
Route 200 : 2251 4751 9 1013 2509 3513 1891 1371 4391 1376 659 3876 3159 3871
Route 201 : 207 2707 1718 1426 783 1965 4218 3926 1411 3283 3911 4465 2160 1591 777 3277 678 4091 4660 3178
Route 202 : 2461 1390 959 3459 4961 1570 3890 1257 3757 2030 4070 4530 967 2407 4907 3467
Route 203 : 1311 1268 3768 3811 2406 923 3423 1639 4906 4139 295 1593 638 2795 1543 4093 4043 3138
Route 204 : 1343 3843 1888 1381 899 4388 3399 1506 3881 4006 711 1963 56 3211 2556 61 4463 2561
Route 205 : 31 2289 2531 4789 807 664 3307 2300 1980 4480 4800 1747 4247 3164 1754 1274 3774 4254
Route 206 : 1373 900 3400 3873 537 2470 1966 4466 4970 3037 205 1903 793 4403 3293 2705 544 3044
Route 207 : 576 3076 607 675 3175 2230 3107 4730 1761 463 217 2717 2002 4261 1544 2963 4502 577 4044 3077
Route 208 : 525 918 3025 1893 1733 1817 4393 3418 4317 4233 114 891 970 3391 2614 3470
Route 209 : 1182 3682 1219 2315 1457 3719 1764 3957 4815 1299 4264 2352 3799 156 4852 2656
Route 210 : 1421 2091 3921 2128 4591 4628 1298 1290 3798 3790 939 1617 4117 3439 1183 3683
Route 211 : 561 1509 3061 4009 1416 220 3916 2720 12 2512 358 1295 2858 516 3795 3016
Route 212 : 1200 8 820 3700 2065 2508 3320 2367 4565 4867 572 3072 299 2799 2075 1765 4575 4265
Route 213 : 1273 1564 3773 1938 4064 1022 4438 1055 3555 3522 2008 11 342 4508 475 2975 2511 2842
Route 214 : 2048 917 924 3424 3417 4548 1911 2316 4411 4816 178 1469 2678 213 2713 2095 3969 4595
Route 215 : 584 71 2571 3084 776 2302 1165 4802 3276 3665 1829 2218 4718 4329 1220 1672 4172 3720
Route 216 : 2198 4698 1247 1714 3747 1808 4214 1050 4308 713 3550 381 2881 3213 2262 845 4762 3345
Route 217 : 615 843 3343 1089 3115 55 3589 493 1121 1972 2555 1558 2993 522 3621 4472 4058 443 2943 3022
Route 218 : 2330 4830 187 423 1065 2923 3565 542 727 3227 3042 2687 1950 1072 4450 3572
Route 219 : 938 307 847 3347 3438 2807 2089 2476 4976 404 4589 1541 180 2904 4041 2449 2680 4949
Route 220 : 364 2484 2419 2864 301 4984 1656 4156 2801 211 4919 1217 3717 462 2711 2193 2962 4693
Route 221 : 2056 2125 4625 1420 3920 1482 3982 993 4556 81 2581 674 1970 3493 2166 3174 4666 4470
Route 222 : 1916 2019 1514 4416 1902 4519 4014 1560 4060 425 4402 1323 2925 1645 3823 4145
Route 223 : 1328 3828 1578 386 981 4078 2886 3481 1810 142 2642 4310 1400 863 3900 3363 564 3064
Route 224 : 2468 1689 4968 4189 10 882 3382 2510 1155 189 3655 1394 1138 2689 3638 144 3894 2644
Route 225 : 2029 1471 498 2998 4529 1525 3971 2280 4780 4025 1625 810 3310 2081 4581 4125
Route 226 : 2213 1228 1491 3728 3991 1322 4713 3822 1349 455 3849 2955 2492 383 2883 1446 4992 3946
Route 227 : 840 1945 416 4445 3340 507 2916 2153 897 3397 1931 3007 4653 4431 1494 3994
Route 228 : 518 3 3018 1153 3653 2503 1871 800 3300 4371 1333 3833 2418 4918 2371 4871
Route 229 : 1801 994 2453 4301 1688 4188 4953 2205 2041 4705 3494 1559 4541 1813 1887 4387 4313 4059
Route 230 : 427 586 1240 3086 3740 2927 596 1717 2423 4217 3096 748 452 4923 3248 2372 1822 2952 4322 4872
Route 231 : 325 2201 4701 2825 1957 4457 1318 535 2282 3818 138 3035 1169 2638 3669 4782 687 3187
Route 232 : 171 430 2671 2930 2497 384 2884 1358 2246 4997 884 4746 1413 3858 1070 3913 3570 3384
Route 233 : 878 1518 3378 957 4018 3457 326 555 2826 3055 1171 2107 3671 228 2728 4607
Route 234 : 1372 1370 3870 247 3872 514 2747 1378 3878 1258 3014 1673 4173 3758 262 2762
Route 235 : 1236 3736 1748 4248 2211 1990 421 4711 2216 2921 4490 1520 1481 4020 3981 4716
Route 236 : 1277 3777 417 166 2917 1263 641 2666 28 2528 3763 210 3141 2710 448 2948
Route 237 : 1310 1351 3851 1967 3810 158 2658 2496 1744 4996 4467 1907 219 4244 2719 523 4407 3023
Route 238 : 546 1936 4436 652 3152 3046 941 804 3441 3304 1463 3963 91 2591 529 3029
Route 239 : 2462 1484 801 3984 3301 4962 1084 2185 3584 391 4685 1627 1610 4127 2891 4110 1010 3510
Route 240 : 2191 1464 269 2488 3964 4691 2769 4988 1144 1897 3644 733 4397 2023 2456 3233 4956 4523
Route 241 : 1582 4082 566 949 3066 3449 1106 1637 3606 2473 4973 454 4137 2954 2215 4715
Route 242 : 927 910 3427 204 3410 1853 1742 4242 2704 4353 948 2149 3448 2194 702 4649 3202 4694
Route 243 : 689 720 3189 536 3036 3220 308 560 3060 2808 725 2332 4832 2161 4661 3225
Route 244 : 2174 439 2939 4674 143 265 2643 911 2765 2133 3411 1282 3782 4633
Route 245 : 1074 399 3574 1297 2899 3797 128 470 2628 51 2970 229 2551 2729 1850 4350
Route 246 : 1017 3517 2361 621 3121 4861 298 1687 1628 4128 4187 85 2798 2585 1847 2264 4347 4764
Route 247 : 324 1495 3995 2824 1848 18 4348 1537 2518 2171 4037 1751 4251 2138 4638 4671 2035 4535
Route 248 : 2186 1539 57 4039 2557 4686 2379 1906 4406 4879 1249 79 2579 3749 799 1867 3299 4367
Route 249 : 598 1410 3098 1172 3910 3672 1262 1020 3520 3762 709 2005 3209 2235 4505 4735
Route 250 : 2391 915 4891 1786 392 2892 3415 2291 1018 1814 3518 4314 44 4791 2544 4286 197 1988 2697 4488
Route 251 : 2408 696 4908 551 3196 1444 3944 562 996 661 3496 3062 1603 3161 3051 270 2770 4103
Route 252 : 1791 585 4291 684 3085 714 1923 3184 4423 451 3214 2385 1117 3617 2951 4885 2189 4689
Route 253 : 1820 2122 1722 4320 4622 1513 4222 1785 4013 2101 4285 1913 2145 4413 1115 3615 4601 4645
Route 254 : 316 789 871 2816 3289 3371
Route 255 : 1825 1682 4325 4182 473 2103 1969 2973 129 4469 4603 990 2629 834 3490 3334
Route 256 : 1757 1468 690 3968 4257 906 3406 2477 699 3199 3190 297 2797 4977 531 1876 4376 3031
Route 257 : 414 1340 2914 1201 3701 676 347 3840 3176 1749 2847 2410 4249 2306 4806 75 4910 2575
Route 258 : 1069 2417 2040 539 4917 592 4540 3569 836 3092 3039 3336 1344 2405 3844 4905 1523 4023
Route 259 : 2163 231 4663 1300 3800 2363 881 2731 3381 2354 4863 1316 4854 3816 1280 3780
Route 260 : 743 1140 3640 2036 3243 19 2248 4748 4536 251 2519 1305 1596 2751 1590 4096 3805 4090
