Instance name : bar-n800-2
Authors       : Dmitriy Demin, Mikhail Diakov (msd@veeroute.com), Ivan Ilin, Nikita Ivanov, Viacheslav Sokolov (vs@veeroute.com) et al. VRt Global (https://veeroute.com/)
Date          : yyyy-mm-dd
Reference     : veeroute.com
Solution
Route 1 : 250 286 686 141 111 541 78 49 449 650 511 256 83 483 196 478 656 242 596 9 642 409 293 334 734 693 79 17 479 417
Route 2 : 166 47 390 790 272 566 48 447 193 672 448 593 363 214 154 763 614 554 340 61 41 740 441 70 470 73 461 473
Route 3 : 247 647 69 163 13 469 117 413 517 302 563 205 209 605 609 75 702 258 475 16 658 221 621 64 416 91 491 93 464 493
Route 4 : 168 228 34 395 628 318 718 35 568 795 159 559 357 435 757 239 434 149 639 50 549 382 55 782 455 312 156 556 712 450
Route 5 : 148 152 552 158 231 631 548 558 44 315 715 374 444 338 774 268 668 332 738 18 182 418 273 582 171 732 571 673
Route 6 : 281 192 255 681 592 138 305 655 705 95 538 133 533 495 327 727 263 663 134 201 601 534 378 119 778 74 474 519
Route 7 : 131 396 531 796 204 155 604 555 178 355 110 510 176 755 87 578 127 527 576 331 487 37 731 85 437 128 528 485
Route 8 : 359 62 107 759 462 279 507 358 758 292 386 679 80 692 114 786 514 339 343 480 329 743 739 169 569 104 504 729
Route 9 : 123 523 40 116 440 76 516 387 476 314 320 787 714 326 720 253 653 726 373 29 21 773 429 335 421 735
Route 10 : 244 23 38 438 423 342 742 644 125 230 223 630 296 696 151 551 525 284 623 684 379 356 60 779 756 460 24 424
Route 11 : 271 126 187 526 324 375 587 129 724 175 529 211 775 575 671 317 611 227 627 28 394 717 428 385 311 785 794 711
Route 12 : 310 710 3 219 619 19 278 419 403 678 383 218 323 723 618 783 381 220 781 620 337 260 236 636 660 737
Route 13 : 153 11 553 12 411 328 412 367 728 30 430 384 767 238 257 784 657 325 725 349 638 144 544 122 749 522 96 496
Route 14 : 210 22 232 632 120 610 422 520 94 139 282 494 539 251 191 682 651 591 341 376 252 652 132 532 776 741
Route 15 : 106 33 506 100 433 344 500 313 744 713 270 10 90 410 490 670 118 294 518 26 694 426 289 297 697 689 14 414
Route 16 : 264 308 203 603 708 350 750 664 288 298 688 698 368 15 768 415 246 646 184 6 584 406 216 197 597 616
Route 17 : 208 108 267 608 130 508 530 392 667 167 199 393 792 567 285 66 599 466 277 685 793 677 4 234 404 634
Route 18 : 58 226 262 626 92 458 662 112 492 233 512 287 633 290 181 690 215 687 366 615 581 362 766 762
Route 19 : 27 67 427 351 72 467 20 276 676 121 71 471 420 472 751 521 136 52 536 452 5 212 405 322 612 389 789 722
Route 20 : 45 137 371 771 309 445 537 360 235 635 760 162 709 57 179 562 160 457 560 82 579 99 482 306 266 706 499 666
Route 21 : 101 86 501 486 200 174 142 600 542 353 304 364 753 195 704 595 135 535 316 764 574 365 7 716 407 765
Route 22 : 259 361 761 180 147 580 194 547 659 594 103 372 772 377 777 369 503 380 769 780 1 189 401 589 400 800
Route 23 : 190 124 300 524 237 637 700 301 590 222 701 295 198 622 695 598 370 145 545 88 488 188 770 588 348 146 546 748
Route 24 : 303 225 703 56 625 456 143 319 719 53 543 307 707 183 583 217 397 453 617 150 261 550 661 797 275 675
Route 25 : 36 42 442 347 388 747 436 788 399 202 799 602 345 241 43 745 443 274 172 641 572 291 243 674 643 89 691 68 468 489
Route 26 : 8 186 207 408 84 484 586 607 109 102 502 2 105 509 402 59 505 54 213 613 206 459 333 454 733 606
Route 27 : 265 665 51 98 240 498 81 640 451 352 481 140 752 540 299 97 699 63 497 249 463 173 573 248 165 649 113 565 648 229 513 629
Route 28 : 321 185 336 721 736 391 585 164 564 791 115 280 680 157 515 283 39 683 557 354 754 346 31 439 398 746 431 798
Route 29 : 224 624 269 254 245 654 669 645 46 170 446 77 570 477 65 161 25 561 32 465 425 177 432 330 730 577