Instance name : bar-n5000-3
Authors       : Dmitriy Demin, Mikhail Diakov (msd@veeroute.com), Ivan Ilin, Nikita Ivanov, Viacheslav Sokolov (vs@veeroute.com) et al. VRt Global (https://veeroute.com/)
Date          : yyyy-mm-dd
Reference     : veeroute.com
Solution
Route 1 : 979 2360 3479 21 4860 2521 1918 1528 2110 4418 2256 4028 4610 1284 4756 3784
Route 2 : 1815 837 3337 4315 439 555 918 2939 3055 3418 2451 545 3045 4951
Route 3 : 1505 997 4005 537 1510 908 4010 1438 3497 1113 3408 3938 1631 3613 1171 3037 4131 3671 1152 1213 3713 3652
Route 4 : 1659 635 1417 3135 2217 4159 1657 4717 1486 457 2957 3917 3986 2023 1320 4157 4523 3820
Route 5 : 1619 776 1 3276 1818 326 4119 2501 359 1405 2859 4318 3905 1736 2826 102 2602 4236
Route 6 : 772 1193 1069 2302 110 3272 1996 2610 3693 4496 4802 3569 1989 794 4489 1234 3294 2196 3734 4696
Route 7 : 894 3394 949 330 3449 1391 2830 366 714 3891 748 2866 3248 3214 614 3114 2244 2271 4771 4744
Route 8 : 4 1774 2504 4274 2344 663 2211 3163 1333 4844 1313 3833 4711 723 1813 3223 2164 3813 4313 4664
Route 9 : 2141 4641 2230 325 697 3197 4730 2825 1753 704 3204 4253 1293 1212 3793 1380 3712 2268 4768 3880
Route 10 : 691 525 3025 1893 239 1971 2739 2482 4982 4393 1178 3191 4471 3678
Route 11 : 2170 1017 4670 3517 658 2455 3158 782 4955 296 3282 1411 2796 1456 3911 706 3956 966 3466 2034 3206 4534
Route 12 : 1833 1823 1724 4323 4333 495 1738 2995 22 336 4224 4238 2522 2836 1159 643 3143 845 3345 577 3659 3077
Route 13 : 2229 1514 729 3229 4729 1541 1751 4251 4041 242 4014 1072 2326 2742 4826 181 3572 214 2681 2714
Route 14 : 1709 2469 4969 4209 1895 1298 3798 2180 4395 1865 4365 4680
Route 15 : 1939 1165 3665 2233 4439 1726 4733 1688 4188 4226 142 1427 3927 396 2642 2896 2405 2386 4905 4886
Route 16 : 2289 1094 4789 3594 1187 1441 3941 1443 3943 528 3687 405 2905 2010 3028 1799 4299 4510
Route 17 : 653 3153 2251 1189 4751 228 1834 3689 283 4334 2783 1664 535 2728 853 410 3035 2910 1091 3353 4164 3591
Route 18 : 842 647 3147 3342 2097 1043 235 4597 2735 1454 3954 3543 160 1061 2660 3561 1156 1100 3656 3600
Route 19 : 760 1863 3260 2338 4363 1906 4838 708 518 3208 1576 4406 733 3018 3233 4076 990 2347 3490 4847
Route 20 : 70 2058 1229 4558 2392 1757 4892 3729 874 4257 2570 1419 1105 3605 3919 1117 3374 384 3617 1279 3779 2884
Route 21 : 1515 1282 4015 3782 1684 92 4184 2592 373 1754 2873 4254 65 1931 2565 4431
Route 22 : 539 2174 4674 1718 1731 1131 4231 3039 1854 4354 4218 3631 2390 88 638 2588 4890 3138 1140 3640
Route 23 : 2286 1310 586 4786 3086 549 1074 3574 3810 158 606 3049 701 3106 2658 426 1003 3201 2926 3503
Route 24 : 2401 2124 4901 4624 1104 1439 3604 1475 445 3975 2945 3939 724 1787 3224 951 4287 2193 3451 4693
Route 25 : 397 527 2242 3027 2485 2897 4742 2207 4985 2100 4707 4600 378 2434 2878 734 4934 376 3234 2876
Route 26 : 261 1837 4337 1816 4316 2761 565 668 2265 3168 3065 2473 1914 4973 4414 2107 4765 255 2755 13 4607 2513
Route 27 : 496 1712 1679 4212 2488 2996 4179 1892 1625 1972 4472 4988 858 524 4125 3024 1399 4392 3358 3899
Route 28 : 1792 322 2822 1643 752 4292 1595 4143 2468 1598 3252 1617 4095 4968 4117 1341 3841 4098
Route 29 : 1503 1666 4003 2204 4704 1324 934 4166 2253 3434 885 4753 431 3824 2931 1701 4201 3385 2068 1016 4568 3516
Route 30 : 1641 636 1161 3661 130 3136 4141 1626 51 4126 2630 1973 2551 2146 4473 4646 1436 3936
Route 31 : 684 207 2707 438 796 2938 3184 882 2491 3382 1513 3296 4013 1797 1796 4297 210 4296 2710 4991
Route 32 : 1241 234 1798 2734 3741 4298 2077 1370 4577 1460 3870 559 3960 114 2046 3059 2614 767 4546 3267
Route 33 : 413 899 3399 976 2913 2231 2144 3476 4644 2209 4731 1671 4709 2249 4749 4171
Route 34 : 757 266 2766 3257 288 1297 2788 3797 1636 821 4136 597 2423 3097 3321 4923
Route 35 : 1116 1291 2003 3616 857 562 3791 2104 4604 3357 4503 3062 1384 2334 3884 2440 4834 4940 2071 356 4571 2856
Route 36 : 1253 208 3753 1064 3564 1565 2219 2708 2086 4586 2175 4065 1772 4719 4675 4272
Route 37 : 87 980 2587 803 2239 3480 3303 1932 1186 4432 2228 4728 3686 1222 476 4739 183 3722 2683 2976
Route 38 : 1630 1395 1125 4130 1946 3895 2342 4446 2421 3625 2252 4752 1867 4921 480 4842 1485 4367 2980 1295 3985 3795
Route 39 : 1885 1777 1866 4277 1483 4385 4366 125 3983 1543 2625 4043 799 490 481 3299 2990 1896 1280 4396 3780 2981
Route 40 : 2109 762 3262 2336 4609 896 3396 1597 4836 2333 4097 4833 2407 398 1547 4907 2898 4047
Route 41 : 546 399 1031 2899 3046 2387 4887 1434 2105 4605 3531 3934 372 1959 4459 1645 2872 4145
Route 42 : 1554 925 3425 4054 233 2016 2733 463 4516 2355 193 4855 883 2693 2963 3383 338 863 2838 3363
Route 43 : 1801 374 2874 4301 718 352 3218 2227 1605 2852 4105 1457 284 4727 1494 3957 2784 2369 4869 3994
Route 44 : 418 1249 1256 2918 3749 501 137 3001 1759 2637 3756 4259 1020 1246 2415 4915 3746 3520
Route 45 : 1226 1681 3726 324 1828 4328 1667 2824 4167 1426 511 674 3926 2282 4782 3174 4181 935 2031 3011 3435 4531
Route 46 : 2378 1208 3708 1606 4106 711 4878 1238 3738 2154 4654 1499 2042 3211 295 3999 4542 1294 2795 3794
Route 47 : 176 1407 2676 1812 3907 341 2188 2841 1356 1969 4312 4688 625 3856 1806 4306 4469 1839 3125 4339
Route 48 : 616 2457 4957 1480 3116 1577 3980 4077 1608 1055 464 3555 4108 268 2768 2964
Route 49 : 1073 2015 3573 1912 4515 931 4412 3431 1507 954 1367 4007 1562 3867 4062 2371 3454 4871
Route 50 : 49 2549 2429 923 3423 312 4929 2812 389 264 270 2889 2770 2764
Route 51 : 686 2383 926 3426 985 4883 961 3461 328 3485 3186 2828 1883 168 4383 2443 2312 4943 2668 4812
Route 52 : 177 1168 3668 67 2677 1057 2013 3557 1669 631 4169 2567 128 4513 1852 3131 2628 443 2943 4352
Route 53 : 94 1110 3610 2594 2359 675 3175 4859 1913 1710 4413 1646 4146 2076 4210 4576
Route 54 : 1170 2029 3670 4529 2432 1721 4221 1065 4932 771 1346 3271 2396 3846 1345 3565 4896 1730 2403 3845 4903 4230
Route 55 : 428 530 1005 3030 2009 2928 696 4509 3196 819 1250 216 3505 105 2716 232 3750 3319 2732 2605
Route 56 : 579 2294 3079 1205 4794 607 3107 3705 1414 1068 3914 237 3568 786 2737 3286 1260 1039 3539 1986 3760 4486
Route 57 : 1394 993 3493 1517 3894 534 1418 4017 246 3034 570 1009 3918 2236 4736 3070 3509 2746
Route 58 : 1390 866 3890 2037 3366 143 4537 892 2643 3392
Route 59 : 669 1687 1128 3169 1060 3628 2431 4187 3560 807 4931 1558 3307 2313 473 4058 2973 1059 4813 3559
Route 60 : 2033 1522 2411 23 4533 4911 2523 1705 1048 4022 4205 1477 3977 529 3548 1307 2099 3029 1283 4599 3783 3807
Route 61 : 1658 1920 1869 1804 4158 732 4369 4304 2002 3232 4420 1167 4502 793 3667 1903 205 3293 4403 2705
Route 62 : 1219 1967 165 3719 4467 292 679 897 2665 2792 3397 1571 1611 4071 323 4111 3179 2823
Route 63 : 40 1954 2540 862 1516 4016 556 698 2381 4454 3198 3362 43 4881 3056 1534 4034 1036 742 3242 3536 2543
Route 64 : 628 1342 2472 3128 4972 1639 3842 1008 3508 4139 104 440 2604 1890 1371 2940 492 4390 2992 3871
Route 65 : 1421 2292 4792 1194 3921 1223 3694 1424 3723 370 2870 1520 3924 1463 4020 3963
Route 66 : 57 1019 1336 3519 2214 1231 3731 2557 4714 1904 475 4404 727 3227 3836 2418 730 4918 2975 3230
Route 67 : 1325 39 2073 2539 187 4573 1825 3825 2687 4325 2280 1184 2439 4780 4939 3684
Route 68 : 368 1235 2868 3735 2446 802 1733 4946 4233 3302 1970 2136 4636 770 4470 3270
Route 69 : 1979 2304 175 4804 2163 4479 2101 1960 2675 917 4663 4601 3417 4460 1397 516 558 3058 3897 3016
Route 70 : 2424 2115 4924 2402 4615 522 4902 1845 3022 2339 180 2680 1251 4345 3751 4839 342 482 2982 2842
Route 71 : 791 252 3291 710 2752 227 3210 2493 2727 173 620 4993 343 2673 319 1749 2843 385 3120 2819 2221 4721 2885 4249
Route 72 : 309 1927 2368 4868 2809 2340 4427 1805 353 2106 4840 4305 219 2853 4606 933 2719 313 1149 2813 3433 3649
Route 73 : 2224 2479 878 3378 623 4979 4724 815 3123 3315
Route 74 : 1846 133 498 4346 846 2633 2998 127 393 2893 3346 339 2627 488 2839 69 2988 1770 2569 1047 3547 4270
Route 75 : 364 1794 2864 4294 337 1420 3920 1164 2837 297 2797 3664 1102 1553 4053 2284 3602 197 2697 1982 4482 4784
Route 76 : 1994 4494 1302 1874 229 2266 4374 629 2729 3802 2000 4766 3129 4500
Route 77 : 1087 848 3587 1938 3348 823 4438 3323 1022 1633 937 4133 3522 2272 3437 503 230 4772 2730 3003
Route 78 : 1383 2350 580 45 4850 2006 2545 3080 3883 1071 249 2749 2375 4506 4875 3571 1686 927 4186 3427
Route 79 : 1038 1464 2240 3538 7 3964 2507 225 4740 1955 4455 37 2725 2537 178 1700 2678 4200 694 161 2661 3194
Route 80 : 2428 1046 4928 958 3546 505 592 3458 3092 3005 2208 1035 4708 3535 1023 1316 3523 3816
Route 81 : 2437 489 4937 2989 761 722 3261 3222 1628 1993 1923 4128 332 2832 4423 2262 4493 61 4762 1207 2561 3707
Route 82 : 779 835 3279 430 3335 1984 4484 2345 1943 2930 1115 4443 3615 1561 4845 1767 4061 2448 4267 4948
Route 83 : 1471 1676 429 2177 4176 2929 4677 362 2103 3971 1129 2223 2862 3629 4723 4603 1824 1550 4324 4050
Route 84 : 860 206 1151 3651 2706 1240 649 3360 3740 1138 3149 2169 1339 81 3839 4669 3638 144 2581 2644
Route 85 : 455 1697 4197 1026 2955 1589 1698 3526 1891 4089 4391 107 4198 163 101 2601 2663 2607
Route 86 : 984 3484 1315 1518 3815 2133 4018 879 4633 241 2741 3379 499 2235 2999 4735
Route 87 : 1940 4440 785 1584 1549 1682 3285 4049 2139 334 4182 2299 4084 59 2834 4639 1882 4799 4382 16 2559 2516
Route 88 : 567 543 1449 3043 1496 3067 3949 139 3996 532 2442 2639 1847 1889 4389 4347 3032 4942
Route 89 : 992 1634 784 3492 4134 3284 1392 147 1544 2647 4044 2311 4811 2329 3892 4829
Route 90 : 569 1188 3069 3688 15 2298 2515 2481 4981 4798 2102 968 33 887 3387 3468 781 4602 2533 3281
Route 91 : 203 1303 2703 1827 4327 3803 478 2978 936 519 3436 1531 3019 1734 4031 4234
Route 92 : 604 550 2120 3104 2007 3050 1442 3942 1478 4507 4620 3978 1174 756 3256 2134 1856 3674 4634 4356
Route 93 : 1909 2462 2483 4409 843 4962 4983 3343 1364 2475 3864 200 4975 777 705 2700 1711 3277 3205 4211 1849 4349
Route 94 : 345 662 3162 533 2845 1334 3033 2116 3834 1663 2024 1745 4163 4245 4616 4524 626 243 3126 1353 2743 3853
Route 95 : 1497 159 1703 2659 3997 1277 4203 581 113 3777 1953 2613 3081 884 2197 1905 4405 4697 4453 3384
Route 96 : 1120 2480 1872 1947 3620 4980 4372 4447 1252 1857 3752 1965 531 4357 3031 1771 287 2787 4465 4271
Route 97 : 2484 1848 191 126 4984 4348 1537 149 2691 2649 2149 2626 4037 2389 1130 721 4889 103 3221 2603 3630 4649
Route 98 : 1476 1355 3976 3855 250 1695 542 2750 4195 2019 1090 4519 3042 2365 1737 4237 4865 3590
Route 99 : 2305 856 25 4805 775 2525 1216 3275 2206 3716 4706 792 3356 2045 3292 4545 1070 2022 3570 4522
Route 100 : 427 2496 4996 2927 833 1642 2072 4572 2444 4142 1673 3333 4944 2051 4173 4551
Route 101 : 973 1579 3473 4079 1675 1708 1451 4175 986 4208 85 2458 2585 3951 2234 4958 4734 999 3486 1524 1572 3499 4024 4072
Route 102 : 1270 568 2199 289 3068 4699 3770 2450 52 2789 4950 470 2552 1154 3654 2970 1637 2203 2057 922 4703 4557 3422 4137
Route 103 : 1529 900 111 4029 3400 318 2048 2818 456 1941 2956 2611 1150 4548 3650 1897 251 4441 2751 4397
Route 104 : 1236 3736 2406 666 3166 4906 2185 1744 962 4685 4244 3462 245 1644 2745 774 3274 271 4144 2771
Route 105 : 1311 2195 301 2801 4695 800 44 3811 3300 836 116 2544 1921 2616 4421 678 3336 3178
Route 106 : 403 1044 3544 2903 1680 2210 4180 4710 869 1285 1416 3785 2332 3916 93 3369 2593 432 2932 2161 4832 4661
Route 107 : 2026 609 4526 3109 717 2061 919 3419 873 4561 1045 3217 1613 1928 3545 4428 4113 3373
Route 108 : 63 275 2563 1791 2775 1467 764 4291 3264 932 1930 3432 3967 4430 2410 1694 4194 1880 4910 618 3118 4380
Route 109 : 1468 2053 4553 3968 938 1271 3771 865 3365 1093 3438 1360 1011 3593 3860 2032 4532 1265 3511 1041 3765 3541
Route 110 : 888 24 2524 3388 1756 1373 1780 3873 4256 1179 1109 3679 4280 3609 1144 1309 3809 3644
Route 111 : 2297 4797 2367 880 4867 3380 1385 1075 3575 3885 895 1056 3395 813 983 1651 4151 3483 3313 3556
Route 112 : 1800 2318 4300 2127 1714 4818 1615 1526 4214 4115 4627 4026 1482 2028 3982 1793 4528 1814 1218 4314 4293 3718
Route 113 : 466 2966 641 2287 3141 4787 1564 4064 891 2190 4690 1398 3391 5 2505 3898
Route 114 : 740 683 1049 3240 827 3549 3327 1957 3183 1991 4457 4491
Route 115 : 1337 693 825 3325 1321 630 3821 1314 3814 2398 4898 975 3193 3837 300 3130 788 2800 3475 3288 1465 870 3965 3370
Route 116 : 1062 3562 434 2337 4837 2934 1096 331 3596 1058 2831 3558 2274 4774 2021 1540 4040 4521
Route 117 : 1114 1086 3614 3586 1092 2205 2269 351 4705 3592 1228 2181 3728 79 4681 4769 2851 948 3448 2579
Route 118 : 790 1838 763 4338 3263 1832 3290 943 3443 98 2373 4332 2598 2323 4873 1995 146 1840 4823 2646 4495 4340
Route 119 : 1808 657 972 4308 1508 3157 1007 4008 2176 3472 4676 1481 2278 3507 4778 759 2315 3981 4815 3259
Route 120 : 2151 19 4651 861 28 3361 2528 2519 1446 1079 1692 3579 4192 2438 3946 4938
Route 121 : 1133 1097 3633 2362 2001 1648 4862 2349 4148 4501 3597 484 2171 2984 2449 2486 4849 4671 4986 4949
Route 122 : 236 1340 665 3165 3840 2736 685 1081 3581 3185 713 1763 3213 1997 4263 871 4497 167 3371 2667
Route 123 : 812 1511 3312 53 1289 2553 1948 4011 4448 213 1978 2713 38 2467 2538 12 2512 4967 4478 3789
Route 124 : 1237 347 2847 1976 3737 2047 4476 4547 996 119 1685 3496 340 2619 2840 624 4185 1404 3124 3904
Route 125 : 2366 1351 1936 3851 4436 4866 594 2049 1141 3094 3641 4549 1862 358 4362 2113 2858 4613
Route 126 : 204 1853 2241 4353 930 2704 1453 4741 875 3375 1769 169 3953 1614 2669 3430 1999 4269 4114 4499
Route 127 : 2470 363 2863 950 3450 4970 946 2456 1479 3446 2123 4956 3979 4623
Route 128 : 637 2225 811 3311 390 491 379 2879 2890 2991 3137 1917 4725 939 758 3439 2306 4417 3258 4806
Route 129 : 395 1202 1660 4160 3702 1809 2895 652 4309 1470 3152 2409 3970 1992 4492 4909
Route 130 : 578 889 3078 3389 2422 953 2131 2143 4922 4643 1461 4631 1119 3453 3619 3961
Route 131 : 1498 1286 6 3998 1292 3786 1326 2506 1214 3714 3792 3826 1690 1267 4190 839 735 3767 3235 3339
Route 132 : 517 3017 122 209 2622 60 2709 189 1696 2560 2689 357 2857 2395 4895 563 1672 4196 3063 797 3297 4172
Route 133 : 1173 2281 2186 1926 4781 3673 2160 595 4426 3095 2155 4655 4686 4660 1568 633 898 744 798 3244 3298 4068 3398 3133
Route 134 : 1635 743 864 3243 2112 3364 8 157 4135 2084 2657 4612 1601 2508 2412 4101 1472 4912 4584 677 3972 3177
Route 135 : 573 1296 3073 3796 1139 199 2699 74 3639 1078 2574 886 3578 1400 3386 3900
Route 136 : 304 2162 1402 690 2804 4662 224 2724 3902 1542 1727 3190 2126 4227 955 4042 4626 738 3455 995 3238 1583 3495 4083
Route 137 : 179 1937 2679 465 238 4437 2213 2965 906 4713 2738 3406 1330 1949 3830 4449 1674 1185 2416 4174 4916 3685
Route 138 : 2187 1713 1290 640 4687 3790 911 4213 2363 3411 3140 35 4863 2535 263 58 2763 2558
Route 139 : 1551 1548 34 4051 2534 1377 4048 1272 3877 394 1488 3772 95 3988 1198 868 2894 3698 1622 2595 2118 4122 3368 4618
Route 140 : 2036 1259 3759 2261 4536 4761 298 901 1098 3401 1609 4109 215 2357 2798 2715 75 3598 4857 2575
Route 141 : 1361 1560 4060 182 3861 1067 2682 692 184 3567 1489 2684 3192 1536 651 3989 84 2584 4036 1925 3151 4425
Route 142 : 1980 391 4480 2461 2891 4961 412 1654 2912 1247 4154 3747 2352 156 4852 2656
Route 143 : 1573 4073 2285 1051 4785 965 2054 3465 4554 421 293 2793 3551 2921 294 1638 921 2794 4138 3421
Route 144 : 576 3076 1107 1509 3607 1123 4009 1083 2145 3623 3583 281 1956 2781 448 4645 2948 4456
Route 145 : 829 1278 3778 847 1575 3329 290 4075 3347 212 2790 2712 903 687 3187 817 404 3403 1224 2904 3724 3317
Route 146 : 1578 4078 55 134 1922 2555 855 4422 2634 613 1408 3113 1357 3908 256 1557 3857 1021 4057 3355 2756 3521
Route 147 : 1014 1127 3514 3627 380 460 2880 2960 2353 1308 4853 844 3808 1831 746 3246 4331 3344
Route 148 : 150 1350 2650 736 3850 3236 120 1124 2620 974 2376 3624 3474 422 2194 4876 4694 262 2922 2762
Route 149 : 671 2307 3171 4807 458 1732 2958 4232 881 1429 3929 1843 1533 4033 4343 849 3381 3349
Route 150 : 2356 789 316 3289 1177 4856 2816 3677
Route 151 : 589 3089 2222 2290 681 4722 4790 3181 267 1287 3787 2400 2767 2382 4882 1886 4900 4386
Route 152 : 2341 2487 4841 424 4987 2924 446 726 2946 1810 4310 2380 1082 4880 1331 3831 753 3582 3226 672 3253 3172
Route 153 : 1160 469 3660 2969 680 682 3180 1322 3182 1000 3822 1748 3500 2388 1363 4248 766 4888 3863 2255 2168 3266 4668 4755
Route 154 : 1761 2089 700 3200 2413 4261 1704 4589 4913 4204
Route 155 : 172 386 18 2886 276 2518 2672 454 2776 2500 2314 4814 5000 1985 2954 1112 1826 4485 3612 4326
Route 156 : 1028 514 3528 2419 707 3207 3014 4919 1191 1855 4355 151 2651 3691
Route 157 : 2137 1422 3922 1201 4637 3701 1368 2477 3868 4977 402 854 3354 2902 1025 20 3525 2520
Route 158 : 820 382 477 1574 3320 2977 2882 2237 2358 4074 1157 4737 2025 1929 3657 4858 4525 1652 4429 4152
Route 159 : 1242 571 3071 3742 2052 1580 2043 4080 4543 1850 4552 2499 4350 2087 2215 4999 4587 4715
Route 160 : 612 329 3112 1902 603 2829 4402 3103 989 2014 4514 1527 3489 964 3464 1329 4027 3829
Route 161 : 2361 621 3121 4861 2125 121 2489 4989 4625 2621 46 967 3467 387 2887 1372 2546 909 3872 3409
Route 162 : 494 2324 1415 4824 1108 2994 1257 3757 2020 3608 982 4520 3915 773 3482 1455 3273 1512 4012 3955
Route 163 : 1122 747 3622 1273 217 768 3247 3268 2254 3773 998 2717 4754 2301 3498 117 4801 2617
Route 164 : 190 1689 2690 907 4189 3407 1934 872 3372 4434 1618 4118 834 1440 3940 2138 3334 4638
Route 165 : 1111 1741 1013 4241 1977 3513 661 3611 194 4477 3161 1232 2320 4820 3732 2694
Route 166 : 1566 654 4066 3154 1860 240 4360 2740 828 1623 3328 1530 2012 4030 977 4512 170 4123 2183 3477 2670 4683
Route 167 : 2273 26 513 2526 3013 956 805 3456 218 4773 2296 4796 2258 4758 2718 1288 2459 3788 526 3026 3305 4959
Route 168 : 971 1328 3828 3471 1594 1204 4094 538 3704 2079 1233 3038 2260 1445 4579 4760 1389 3945 3733 1750 3889 4250
Route 169 : 2088 4588 2083 1919 4419 1089 269 4583 3589 1335 1121 3621 2769 3835 2140 2095 14 4595 4640 2514
Route 170 : 1200 3700 1182 1859 4359 659 3682 416 1258 2916 3758 3159 1469 509 3969 3009
Route 171 : 1142 920 3642 3420 867 2310 3367 2463 4810 1410 278 3910 1966 4963 2062 1717 4562 4466 258 4217 2758 2778
Route 172 : 1412 2078 367 4578 2867 3912 1487 2452 3987 500 1274 3000 3774 4952
Route 173 : 406 2445 1819 1301 4945 4319 1569 2030 4530 850 3801 2906 76 1884 4069 3350 4384 2576
Route 174 : 1054 3554 1647 2232 4147 1877 4377 129 588 4732 153 2629 3088 375 2875 1699 407 4199 2653 2907
Route 175 : 320 1448 2259 2820 3948 648 2157 4759 4657 1318 947 3148 2132 3447 1459 814 3959 3818 1030 4632 3314 497 2997 3530
Route 176 : 2325 411 4825 419 2911 479 2184 2919 4684 1868 4368 244 2979 991 3491 254 2744 2754 1725 4225
Route 177 : 1599 4099 423 655 3155 2923 1607 106 644 4107 3144 1211 2606 1900 4400 54 2414 4914 3711 2554
Route 178 : 1519 957 1006 4019 3457 100 2600 1134 354 3506 3634 355 2854 1723 1433 1458 4223 2855 3958 3933
Route 179 : 64 1987 2564 1169 4487 3669 838 2327 4827 485 3338 1042 2985 2038 3542 1629 4538 4129
Route 180 : 202 1147 2702 442 981 3647 2942 1386 201 1656 3886 904 3481 4156 3404 2701 2399 1822 1907 4899 2264 4407 4322 4764
Route 181 : 2308 1230 4808 3730 1811 591 3091 1538 4311 916 3416 4038 1781 1153 3653 4281
Route 182 : 994 1327 257 3827 3494 945 2757 1447 3947 2319 2091 3445 4591 82 435 2582 2935 4819
Route 183 : 2346 2330 4830 4846 1870 1894 4370 765 4394 1332 3832 3265 2108 1908 4608 2182 4408 4682
Route 184 : 1600 1693 4100 1032 741 3532 942 3442 2179 3241 2351 4193 253 317 4679 2753 2050 4851 2064 2817 4564 4550
Route 185 : 36 196 2696 2536 1552 506 4052 832 1366 3006 3332 11 3866 1592 4092 2511 1523 4023
Route 186 : 1493 1268 1961 3993 3768 751 4461 3251 963 452 73 1632 3463 2573 2397 4897 2952 4132
Route 187 : 459 1952 1491 1199 3699 2959 4452 3991 1627 2044 1275 3775 4544 1158 4127 164 2664 3658 2288 108 4788 2608
Route 188 : 840 1945 1532 4445 4032 2379 3340 248 4879 1951 2364 2748 468 4864 2968 4451
Route 189 : 2198 2427 4927 4698 220 596 2720 310 808 699 3096 3308 572 3199 725 3072 2810 3225
Route 190 : 913 2165 1473 3413 1604 4665 231 2731 417 4104 3973 1245 311 2917 575 3745 548 3048 3075 893 2811 3393
Route 191 : 1768 1910 720 4410 3220 1225 4268 1871 826 4371 3725 970 3326 2263 4763 547 3470 3047
Route 192 : 437 1962 2370 2937 4462 4870 2 1539 486 4039 1266 2502 2494 2986 66 3766 1126 3626 1374 4994 3874 2566
Route 193 : 223 1029 1437 3529 3937 2723 401 566 2901 1243 3066 3743 1775 521 4275 3021 540 660 3040 3160
Route 194 : 1555 436 2936 306 4055 1444 2806 2464 2293 3944 1649 4793 1118 4964 4149 1556 3618 1720 4056 4220
Route 195 : 2080 1836 273 2773 2328 4336 656 2335 3156 4580 1764 4828 4835 1758 4264 4258 544 523 3044 3023
Route 196 : 1375 1484 1137 3984 3875 314 1990 2814 1747 3637 4490 447 4247 115 2947 914 2615 2004 4504 3414
Route 197 : 2158 1788 1762 4658 2192 4288 689 3189 1593 4692 2075 4262 4093 1209 4575 285 3709 471 2785 2971
Route 198 : 1276 611 3776 392 3111 1143 2892 960 2497 3643 3460 4997 1729 4229 2200 1192 3692 702 2156 4656 3202 4700
Route 199 : 959 1304 3459 361 3804 1779 928 4279 1585 2861 3428 1354 4085 2243 1876 3854 4376 4743 564 3064
Route 200 : 1146 1254 3646 634 3754 2153 3134 988 4653 308 467 1206 2967 3706 3488 2808 1765 4265
Route 201 : 1722 420 4222 408 2920 2908 1365 1148 712 3865 3648 646 1963 3212 2039 4539 2476 4463 4976 3146
Route 202 : 929 1716 3429 302 2802 4216 415 2166 1742 2915 4242 1829 4666 2316 4816 4329 2404 186 4904 2686
Route 203 : 2119 2267 4767 4619 17 247 2246 2517 2747 97 2597 2111 4746 1262 4611 3762 1220 493 2993 3720
Route 204 : 1975 1739 801 4475 4239 2348 3301 2377 4848 4877 673 2426 265 2765 4926 3173 1760 1665 4260 4165
Route 205 : 1004 2279 3504 2173 4779 1683 940 4673 4183 2435 1015 3440 4935 2385 3515 1181 4885 3681
Route 206 : 1050 1492 3550 582 2017 3082 2454 1500 4517 162 3992 1610 2662 4110 4000 1435 4954 3935
Route 207 : 154 2135 4635 10 1338 2654 2510 68 2568 89 3838 1323 3823 2589
Route 208 : 1546 1197 4046 2250 2065 3697 1715 4565 78 4215 4750 451 2951 2578 1875 1299 3799 4375 1842 4342
Route 209 : 2085 1670 31 4585 2531 80 2580 2245 4745 286 4170 1018 715 444 2786 2944 622 3122 610 3110 1203 2277 3518 3703 3215 4777
Route 210 : 584 1785 4285 1878 3084 86 2586 1582 4378 4082 1076 3576 109 952 3452 2609 508 3008
Route 211 : 1916 1773 4273 1215 1879 4416 1935 3715 504 507 4379 3004 4435 32 3007 2532
Route 212 : 321 2096 2821 1196 259 2759 642 4596 2394 3696 1210 3710 3142 2018 4894 560 3060 2069 4518 4569
Route 213 : 30 2417 2040 4540 2530 349 145 4917 2849 2447 1466 2645 4947 132 3966 2632 327 198 2827 2698
Route 214 : 615 605 3115 3105 307 602 2807 2300 3102 483 2983 1563 2321 4821 4800 4063
Route 215 : 590 3090 1691 1053 1381 3553 2142 4191 4642 3881 1864 1778 4364 2343 4278 1521 2374 4843 4021 4874
Route 216 : 112 600 2612 1851 2420 3100 1034 4351 1746 4920 4246 1432 450 2950 441 2129 3534 2941 3932 1755 4629 4255
Route 217 : 806 2295 4795 601 3306 769 3269 1844 3101 1901 4344 2212 4401 2189 155 4689 1474 4712 2655 3974
Route 218 : 1155 3655 1501 754 2384 3254 4884 1101 99 260 4001 1502 2599 3601 1950 2760 4450 1103 3603 4002
Route 219 : 851 171 2671 140 3351 2041 2640 1570 728 3228 4070 72 1261 3761 778 2572 4541 822 3278 1012 3322 3512
Route 220 : 1347 1640 4140 414 3847 2914 1678 166 4178 2666 1830 1821 1587 4321 2322 4330 1743 4822 118 4087 4243 2618
Route 221 : 1588 1343 3843 299 1888 4088 2799 1668 315 4168 2815 4388 2074 667 3167 1784 2226 4574 4726 4284 1899 4399
Route 222 : 639 787 3287 3139 1248 1974 944 4474 3748 48 3444 780 2147 2548 4647 1176 1281 3280 192 3676 3781 2692
Route 223 : 90 1495 2590 3995 2238 344 226 2844 1452 2478 4738 4978 1166 859 3666 2726 2372 3359 3952 4872
Route 224 : 2391 62 632 2275 4891 2562 1776 3132 4276 487 1545 2987 4775 2008 4508 4045 409 1379 3879 2909
Route 225 : 222 619 2722 2201 3119 4701 1662 1135 4162 1010 3635 3510 1264 371 1998 3764 2871 4498
Route 226 : 645 2152 3145 688 4652 1255 3755 3188 2408 4908 1088 3 1388 2503 3588 3888 1603 1190 335 4103 2835 3690
Route 227 : 804 941 1653 3304 3441 737 96 4153 795 2596 3237 3295 593 902 3093 50 3402 2550
Route 228 : 924 1504 2122 3424 400 2900 1735 4622 4004 1795 4235 1612 4295 598 3098 1933 4112 2465 4965 4433
Route 229 : 599 574 3074 3099 1506 1616 4116 617 2309 4006 4809 1077 3117 2331 3577 56 4831 809 2556 3309
Route 230 : 135 1525 2063 2635 1782 4563 1080 433 3580 2933 2172 4282 709 4025 3209 77 4672 1803 2577 4303
Route 231 : 1180 1066 3680 1344 3566 3844 365 2220 2865 608 1136 4720 211 449 3636 3108 2711 2949 462 2962
Route 232 : 515 2433 4933 502 3002 2094 4594 3015 152 1425 2652 2354 3925 274 4854 1413 2393 2774 4893 3913
Route 233 : 1820 1348 2303 4320 912 185 3848 91 3412 2685 4803 2591 2081 969 4581 3469
Route 234 : 703 388 3203 2888 750 978 3250 1752 1581 4081 1450 4252 719 3478 1915 4415 2082 4582 2130 4630 1396 3950 3219 3896
Route 235 : 2056 554 3054 1702 4556 2128 4202 1393 4628 1887 3893 1349 3849 4387
Route 236 : 1431 472 3931 1807 2972 1382 3882 1873 4373 272 4307 1163 2772 27 2527 1033 3533 3663
Route 237 : 1661 279 2779 4161 561 587 1300 3800 1817 3087 3061 877 4317 2492 1227 3377 4992 3727
Route 238 : 1244 1964 3744 29 783 4464 905 3283 2283 3405 2529 2436 1944 4444 876 4936 1802 4783 4302 3376
Route 239 : 282 2159 2782 1024 3524 1858 4659 1359 4358 1376 3859 3876 350 1924 552 2850 3052 4424
Route 240 : 852 3352 2495 4995 1650 1942 4150 2218 4718 2291 2055 4442 174 2674 2067 4567 4791 1988 4555 4488
Route 241 : 136 123 2623 1677 1430 1766 2636 4266 1305 2453 4177 461 3805 3930 2961 816 4953 664 3316 1462 3962 3164
Route 242 : 1790 695 4290 148 1621 3195 1106 4121 3606 2027 2216 2648 4716 4527 2114 1783 4283 4614
Route 243 : 2276 2471 2066 4776 2005 4566 1183 4971 1786 3683 1369 4505 4286 1217 3869 1002 3502 3717
Route 244 : 512 346 1841 1352 2846 1162 3662 1789 3012 4289 824 4341 3324 383 1317 3817 2883 3852 553 3053
Route 245 : 71 2571 1401 1306 377 3901 1620 3806 1409 3909 303 2877 2059 4120 4559 2247 2167 2803 4747 305 4667 2805
Route 246 : 369 453 9 2869 2090 2953 2509 2070 1221 4590 3721 1378 3878 4570 2248 1567 4748 4067
Route 247 : 818 585 3318 1095 3085 1911 1490 3990 188 4411 291 2791 3595 1362 1319 3862 2257 2688 2202 4757 3819 4702
Route 248 : 1099 1898 3599 141 4398 2460 650 3150 2641 749 3249 4960 124 2011 2624 4511 277 1719 2777 4219
Route 249 : 830 2430 4930 1728 280 3330 2780 1085 4228 83 2148 2583 2035 3585 4535 557 41 4648 520 2541 3057 3020
Route 250 : 915 1052 1037 3552 551 3537 755 3415 3051 716 3255 474 1983 2974 3216 1861 4483 4361
Route 251 : 1740 2466 47 4966 2547 2498 1707 4240 1535 4998 4207 4035 381 541 2474 2881 4974 1968 3041 2270 627 4468 3127 4770
Route 252 : 536 1981 3036 2093 2060 4560 4481 4593 1132 3632 910 841 3341 1239 3739 1596 3410 831 3331 1590 4096 4090
Route 253 : 2098 2117 676 4598 2490 4990 1586 4086 3176 360 2860 2121 4621 810 4617 1312 348 3310 1040 3812 3540 2848
Route 254 : 425 739 2925 2150 3239 1406 4650 3906 1428 2441 4941 3928
Route 255 : 583 1624 1063 4124 3563 42 3083 890 2178 745 4678 3390 1387 2542 1835 3245 3887 1175 3675 4335
Route 256 : 1881 1655 670 2191 4691 4155 1269 3170 131 138 2638 1358 3769 1195 2631 4381 3695 510 3858 3010 2092 4592
Route 257 : 1001 1084 3501 1958 195 3584 4458 2695 1706 2317 4817 4206 1403 2425 987 3903 1145 3487 4925 3645
Route 258 : 221 1027 3527 2721 1172 731 1602 1263 3763 4102 1559 3672 3231 1591 333 1423 4091 2833 4059 3923