Instance name:	bar-n800-7
Authors:		Carlo Sartori and Luciana Buriol
Date:			2019-2-11
Reference:		A matheuristic approach to the PDPTW (to be submitted)
Solution
Route 1 : 207 308 607 201 601 708 317 190 240 717 640 15 590 415 246 239 180 639 646 216 580 325 616 400 725 800
Route 2 : 26 33 168 568 166 433 566 426 256 107 42 507 344 656 442 135 744 70 470 535 149 236 636 282 549 682
Route 3 : 171 331 571 265 731 57 665 457 339 283 277 176 739 315 576 677 715 197 683 248 113 648 597 513
Route 4 : 202 247 244 602 296 647 696 13 307 644 413 707 215 231 615 96 6 496 106 506 406 209 631 7 407 609 224 624
Route 5 : 324 111 511 29 724 69 429 22 469 116 516 68 422 279 468 142 679 109 542 43 443 509
Route 6 : 123 184 349 523 386 584 310 710 786 749 35 46 37 435 300 23 437 362 700 446 157 762 423 380 780 557
Route 7 : 146 41 441 546 73 262 473 388 662 788 352 170 752 138 570 340 538 235 396 635 78 740 478 796
Route 8 : 194 347 747 17 334 594 417 164 734 564 36 20 420 436 337 737
Route 9 : 61 461 104 114 504 267 217 514 145 667 617 351 751 87 58 458 234 634 487 545 332 382 732 333 230 782 630 245 733 645
Route 10 : 161 561 11 117 127 527 517 411 336 156 736 366 556 766 241 192 369 641 105 769 322 505 592 722
Route 11 : 40 186 91 440 491 27 427 167 45 586 567 258 445 658 14 158 414 59 459 303 558 52 75 703 475 452 76 44 444 476
Route 12 : 92 81 63 481 341 463 191 492 741 4 404 155 354 591 555 71 294 754 175 694 77 575 471 477
Route 13 : 226 626 99 93 493 30 263 430 280 313 499 663 377 713 680 38 438 213 356 613 777 136 212 756 612 204 536 604
Route 14 : 12 210 328 1 401 412 137 728 89 489 610 287 537 387 687 83 787 483 133 293 533 260 394 693 794 660
Route 15 : 150 162 141 562 550 28 428 381 541 298 781 698 353 753 66 189 25 466 589 285 425 264 685 281 664 681
Route 16 : 359 393 793 118 2 759 374 518 402 214 774 309 709 82 398 482 614 271 379 798 779 198 671 598
Route 17 : 21 399 799 67 421 467 274 255 329 674 655 729 370 268 297 770 697 143 203 668 378 543 206 603 778 269 606 669
Route 18 : 62 462 301 31 701 375 775 219 619 10 410 5 47 431 358 447 758 221 405 74 621 474 18 147 418 97 497 547
Route 19 : 257 225 200 600 54 657 289 454 19 625 419 120 689 222 622 321 520 270 372 772 721 384 152 670 205 784 605 552
Route 20 : 314 714 291 85 187 485 587 691 243 154 229 643 554 371 629 771 218 53 618 453
Route 21 : 160 355 560 16 8 416 252 408 181 385 785 652 581 131 531 24 365 32 765 755 140 424 432 540
Route 22 : 121 343 132 743 521 128 532 368 292 528 768 692 196 51 596 342 55 455 346 742 451 233 633 360 760 746
Route 23 : 220 367 620 318 65 718 767 227 323 723 627 108 237 39 465 357 637 439 508 757 278 295 177 678 577 695 173 573
Route 24 : 95 397 495 266 172 797 392 666 124 792 348 524 572 90 748 56 376 490 776 80 153 480 110 553 456 510
Route 25 : 174 163 563 574 276 312 251 676 361 712 651 169 761 390 569 272 193 790 672 49 593 389 449 79 789 479
Route 26 : 64 238 195 464 391 249 638 649 595 350 286 750 686 242 791 185 364 642 259 585 764 659 275 119 519 675 102 502 178 578
Route 27 : 34 94 494 126 434 326 526 726 288 179 579 100 500 88 261 139 688 84 488 484 539 232 661 632
Route 28 : 9 182 582 72 409 395 159 125 795 559 525 472 373 319 773 327 305 719 363 727 705 304 763 704 383 783
Route 29 : 199 335 735 208 188 599 345 3 608 588 223 745 284 623 403 86 486 98 684 498 211 338 611 101 738 501 50 450
Route 30 : 228 129 130 628 302 702 530 112 148 529 512 548 165 48 565 448 253 115 320 653 290 515 690 254 720 183 654 583
Route 31 : 311 316 716 60 250 650 460 103 306 711 151 706 503 330 551 134 730 144 534 273 299 544 699 673 122 522
