Instance name : bar-n2500-5
Authors       : Dmitriy Demin, Mikhail Diakov (msd@veeroute.com), Ivan Ilin, Nikita Ivanov, Viacheslav Sokolov (vs@veeroute.com) et al. VRt Global (https://veeroute.com/)
Date          : 2023-04-24
Reference     : veeroute.com
Solution
Route 1 : 1022 2272 504 613 1863 1754 340 1590 461 1711 643 1893 466 667 1716 462 1917 1712
Route 2 : 718 279 1968 1529 1225 1185 160 2475 284 1410 1534 832 2082 2435 618 988 1868 415 2238 1665
Route 3 : 1070 588 1838 2320 452 1702 987 977 2237 755 2227 522 1772 2005 946 891 2196 2141
Route 4 : 263 712 1962 1513 274 888 2138 1524 54 1304 505 1755 1222 176 1426 998 2248 405 2472 1655
Route 5 : 458 111 1361 1708 600 979 766 1850 2016 2229 343 907 2157 614 1864 181 1593 391 1641 1431
Route 6 : 204 1454 790 954 2040 2204 562 233 1812 1483 926 322 1572 2176
Route 7 : 1170 2420 547 121 1371 810 2060 412 1797 1662 512 526 1776 1762 93 262 1343 136 1512 1386
Route 8 : 1193 581 942 1831 599 870 1849 1177 2120 806 2056 2427 1013 2192 728 2263 1120 2443 2370 1978
Route 9 : 253 131 1381 1503 1095 308 2345 974 2224 378 1628 842 881 2092 2131 1148 1558 2398
Route 10 : 130 1380 366 310 743 1616 1993 1560 260 1510 324 1574 564 309 1814 138 1559 665 1915 1388
Route 11 : 1104 2354 841 2091 224 553 273 1474 1803 234 1182 1484 1523 2432 956 976 2226 1213 2206 2463
Route 12 : 1132 222 1472 2382 1245 1192 2495 2442 23 807 146 720 2057 1273 1970 1396 449 1233 1699 2483
Route 13 : 754 195 2004 869 1445 144 2119 1394 1076 1119 2326 744 2369 1230 442 1994 2480 1692 1029 456 1706 2279
Route 14 : 715 765 2015 984 1181 115 2234 1365 1151 592 2431 1842 2401 448 1965 793 1698 2043 241 737 1491 1987
Route 15 : 185 648 1898 1435 345 232 1595 1482 959 1105 2355 2209 857 303 1553 2107
Route 16 : 496 1746 555 1805 231 1209 883 1481 2459 2133 394 642 1892 110 1644 990 1360 705 1955 2240
Route 17 : 108 1001 1358 2251 975 775 2025 2225 912 530 1780 2162 558 221 1137 1471 543 1793 2387 1808
Route 18 : 312 1562 839 255 2089 1505 598 756 2006 1848 201 94 1344 350 1451 251 1501 1600
Route 19 : 197 315 75 1565 1447 355 1325 1605 960 646 1896 2210 1021 554 2271 1804 788 2038 1062 2312
Route 20 : 420 972 1670 2222 1046 1024 2296 2274 752 865 2115 2002 379 1629 578 1135 91 1828 2385 1341
Route 21 : 445 767 1695 1114 2364 2017 334 1201 605 1855 1228 2451 1584 2478 140 707 1390 424 1957 1674
Route 22 : 616 518 1768 1866 864 414 2114 1664 243 1073 1493 27 1277 2323 704 467 1954 487 1737 1717
Route 23 : 583 786 1833 2036 818 2068 1094 2344 698 1948 210 1460 47 68 1297 1318 155 1405
Route 24 : 2 1144 724 2394 1252 784 1974 1023 2273 2034 1088 2338 1106 819 2356 1048 2069 2298 733 1983
Route 25 : 1042 2292 687 1937 5 1255 804 2054 749 725 1011 1975 1999 1171 2261 644 2421 1894
Route 26 : 783 147 432 2033 1397 90 1682 534 64 1784 1314 295 1340 958 961 1545 2208 2211 123 1373
Route 27 : 43 941 2191 877 1293 2127 444 401 1651 1694 873 2123 1149 2399 361 433 1683 768 1611 2018
Route 28 : 639 785 651 1901 1889 62 2035 1043 1312 169 2293 963 1419 2213 186 1102 2352 37 700 1950 1287 1436
Route 29 : 331 746 1155 1581 701 1951 2405 4 83 403 1254 1653 1333 773 802 2023 989 2052 2239 1996
Route 30 : 1243 2493 897 922 2147 2172 893 2143 734 1984 187 908 396 2158 1437 1646 808 316 2058 1566
Route 31 : 265 202 1515 896 2146 55 1452 26 1276 1305 191 494 351 1441 1601 867 2117 1129 1744 2379
Route 32 : 971 2221 1069 124 1374 2319 1026 506 2276 1756 377 837 2087 1019 1627 1115 2365 2269 326 1576
Route 33 : 628 742 568 1818 1878 50 352 488 1300 1602 1738 333 1112 2362 1583 1169 779 1992 2419 2029
Route 34 : 1098 2348 165 1080 1415 2330 1205 307 2455 1184 1557 2434 10 863 1260 661 2113 1911
Route 35 : 621 827 1871 2077 302 1552 787 358 2037 89 1608 290 1339 1540 247 1187 2437 1497
Route 36 : 389 1244 1639 2494 761 2011 690 1940 848 59 2098 486 1736 1309 254 1216 2466 532 1504 1782
Route 37 : 436 285 1686 1535 914 709 1229 1959 2479 580 915 1830 2165 1 2164 584 1834 1251
Route 38 : 346 212 1596 645 1462 1895 540 636 1790 1886 824 916 890 2166 2074 2140 215 440 1690 1465
Route 39 : 314 620 1870 99 1349 1564 876 727 1977 2126 329 153 1579 1403 1091 656 1906 2341
Route 40 : 723 159 1973 662 1409 1057 2307 1912 457 921 1707 833 2171 510 1760 2083
Route 41 : 552 860 1802 895 2110 408 2145 1658 370 278 1620 236 1528 1486 385 1635 426 490 1676 1740
Route 42 : 245 1495 392 736 1986 1642 777 699 2027 1196 2446 1949 38 1089 1288 171 2339 1421
Route 43 : 617 168 1867 35 1285 1418 875 470 2125 1720 1014 2264 1217 2467 570 208 1820 1123 1458 213 2373 1463
Route 44 : 1116 2366 1009 1117 2259 861 2367 2111 559 1809 566 816 1816 2066 137 1090 1387 2340 607 1857
Route 45 : 747 836 3 2086 1253 1997 911 901 2161 2151 1162 1122 654 2412 2372 1904 925 898 2175 2148
Route 46 : 962 1060 2212 2310 1147 1143 2393 764 586 2014 335 1836 2397 469 732 928 2178 1982 384 1719 1634 1585
Route 47 : 520 348 1598 1054 1153 2304 2403 113 36 1286 1363 1131 2381 657 404 1770 1907 1654 967 2217
Route 48 : 1125 2375 1165 72 2415 1322 455 1705 545 474 1724 1795 460 1055 708 2305 1958 1710
Route 49 : 685 1935 182 491 1432 509 1741 196 1759 1446 9 1259 619 1142 517 1869 1767 2392 561 419 1811 1669
Route 50 : 1236 2486 904 479 1729 2154 1056 716 2306 1966 745 1012 1995 257 2262 1507 556 931 2181 1806
Route 51 : 237 472 1722 828 846 2078 722 1972 569 1819 2096 498 1748 796 595 2046 1845 1487 1085 2335
Route 52 : 624 731 1096 1874 1981 2346 1232 336 2482 158 1586 678 1408 1928 1178 87 2428 116 1366 1337
Route 53 : 924 246 2174 1496 19 1269 1047 1160 2297 2410 814 539 1789 2064 630 855 2105 1880
Route 54 : 913 2163 375 571 966 1625 2216 1821 393 1015 1643 2265 277 104 1354 1189 1527 2439 353 1603
Route 55 : 132 546 1382 706 1796 272 1956 1522 198 356 936 1606 1248 1448 2186 252 1502 1220 2498 475 2470 1725
Route 56 : 298 304 226 1554 1476 1548 1166 917 2167 2416 664 1914 1108 2358 597 154 133 1383 1847 382 1404 1632
Route 57 : 1124 249 610 1860 1499 1174 2424 633 792 1883 2042 428 1678 1007 927 2374 2177 2257
Route 58 : 342 291 521 1592 1541 1111 1771 1180 2361 1017 2430 2267 757 937 1113 2007 2187 1159 910 2160 2363 2409
Route 59 : 603 376 1207 1626 2457 938 1853 2188 172 762 2012 820 1422 1239 2070 821 2489 2071
Route 60 : 1006 61 2256 14 1311 550 1264 952 1800 2202 935 1175 2185 242 2425 471 1492 1176 1721 2426
Route 61 : 759 1138 2009 760 2388 2010 268 95 1518 1345 719 1969 696 84 1946 1334 238 1488
Route 62 : 1036 2286 660 668 1910 1918 1086 2336 423 1673 407 40 1657 1290 1033 840 2090 673 2283 1923
Route 63 : 167 797 2047 1417 489 1739 1231 537 2481 76 1787 1326 996 453 844 2246 2094 1703
Route 64 : 97 1347 421 497 1747 1671 103 1353 270 1520 565 328 1815 1145 1578 2395 71 293 1543 1321
Route 65 : 650 674 1900 1924 244 902 1494 1146 2152 2396 248 1016 1498 2266 1005 1052 240 2255 2302 1490
Route 66 : 770 11 2020 1242 1250 2492 1261 591 1841 2500 640 337 649 1587 1173 1899 697 2423 1947 1890
Route 67 : 1214 82 826 1210 1332 2464 380 2460 1630 1161 2411 311 2076 1561 484 851 1734 862 2101 2112
Route 68 : 950 853 2200 2103 1034 1234 2284 2484 949 125 2199 1375 473 637 1723 666 1916 1887
Route 69 : 905 387 220 2155 1637 838 1470 200 2088 627 1450 1877 206 439 1456 1221 2471 1689
Route 70 : 774 1238 608 2488 2024 1858 854 399 638 1888 2104 634 1649 684 1884 85 1335 1934
Route 71 : 45 437 1295 430 1687 109 1680 1359 427 738 1988 1677 606 1856 519 1027 2277 1769 397 1647
Route 72 : 1237 1130 2380 2487 933 1031 2183 480 1158 2281 1730 2408 939 763 2013 2189 669 1919
Route 73 : 96 175 1346 1425 162 173 1412 1423 993 1003 344 2243 2253 339 229 1479 1589 894 1594 2144
Route 74 : 1240 1087 120 2337 2490 1370 980 98 1348 2230 327 1577 799 675 2049 1925 831 2081 1190 2440
Route 75 : 1191 739 1989 2441 748 1998 1109 1128 1219 2359 2378 2469 729 1235 1979 2485 536 1786
Route 76 : 1101 2351 845 2095 367 1617 1049 533 2299 1783 287 1246 1537 847 73 2496 1323 625 1875 2097
Route 77 : 184 323 1434 163 1413 582 1832 1573 178 383 1633 143 1428 503 1393 170 1753 1420
Route 78 : 811 134 2061 52 1384 769 2019 1302 294 429 1679 1544 269 190 1519 1072 1440 2322 525 1775
Route 79 : 207 1457 112 1362 579 834 1829 2084 300 117 478 1550 1728 1367 188 1438 612 903 1862 2153
Route 80 : 18 575 1825 228 1268 1478 999 122 425 2249 1675 1372 1118 677 1927 2368 918 443 2168 1693
Route 81 : 189 822 1439 2072 1059 2309 58 830 2080 42 1292 1308 577 1827 789 1078 2039 691 1941 2328
Route 82 : 944 2194 17 1267 347 107 1597 1357 16 871 2121 1266 119 1179 1369 2429 680 1930
Route 83 : 402 801 31 1652 2051 1032 1281 205 970 2220 1081 1455 2282 2331 692 1942 1008 2258 88 1338
Route 84 : 969 2219 995 529 2245 1779 587 174 1837 1188 1424 338 1588 2438 495 1198 1745 2448
Route 85 : 209 1459 714 1964 41 1053 2303 1291 1140 1226 2390 2476 372 406 39 1656 1289 441 1622 1691
Route 86 : 885 2135 872 2122 354 1604 781 1028 2278 2031 1079 535 368 1785 2329 1618 1199 1195 2445 2449
Route 87 : 945 468 1718 2195 1051 2301 1030 1157 702 2280 2407 1952 53 1303 276 483 1045 1733 2295 1526
Route 88 : 1039 879 2129 2289 1136 548 1798 2386 51 1301 78 609 1859 1328 868 563 2118 1813 219 1469
Route 89 : 629 923 2173 363 1613 1879 482 1150 1732 1000 2400 829 142 2250 434 1392 1684 2079
Route 90 : 481 1731 544 1110 292 2360 1794 1542 152 560 1810 1402 647 161 1411 1897 330 531 1781 1580
Route 91 : 149 193 1399 594 1443 663 1107 1844 2357 1066 538 2316 817 1788 151 2067 411 1401 1913 1661
Route 92 : 776 341 2026 710 227 1591 1477 1960 25 1275 589 695 1044 1839 2294 1154 1074 2324 1945 2404
Route 93 : 192 1126 1442 2376 652 28 1902 1075 1278 139 2325 1389 805 573 1823 772 2055 1018 2268 2022
Route 94 : 258 1064 2314 1508 275 542 1525 849 1792 157 2099 602 1407 1241 156 1852 2491 1406
Route 95 : 1071 2321 500 1750 798 1010 225 2260 2048 1475 266 1516 177 631 1427 1881
Route 96 : 1004 1041 986 2236 2291 435 2254 199 1685 1449 751 398 1648 2001 371 623 1873 1068 1621 2318
Route 97 : 217 1467 21 1271 658 1908 386 1636 622 1872 951 2201 359 1609 513 803 2053 1763 940 1163 2190 2413
Route 98 : 22 1272 1103 105 2353 693 1355 771 1943 2021 800 332 2050 1582 325 1575 388 409 1659 1638
Route 99 : 179 499 313 1749 465 932 1715 1429 30 1280 626 8 1876 1258 431 1681 1563 740 882 1990 2132 2182
Route 100 : 7 1257 33 813 1283 2063 49 283 1299 1533 983 2233 369 981 985 1619 2231 670 1920 2235
Route 101 : 1084 934 809 2334 2059 2184 596 1846 1202 2452 1194 2444 1133 364 2383 1614 682 978 1932 2228
Route 102 : 567 1817 1065 601 2315 1152 1851 2402 968 953 2203 2218 118 69 114 1368 1364 321 1319 1571
Route 103 : 992 6 899 880 1256 2149 2130 65 81 1331 2242 317 1315 34 1121 1284 1567 180 422 2371 1672 1430
Route 104 : 297 1547 735 508 1985 102 1758 271 1352 1083 1521 856 2333 758 2106 2008 446 286 1696 1536
Route 105 : 900 858 2150 477 2108 259 1727 1509 56 1306 717 299 948 1967 1549 2198 947 2197
Route 106 : 135 1385 1203 214 1025 2453 1172 1464 2275 2422 1139 1197 2447 2389 48 1099 2349 67 1298 1317
Route 107 : 106 223 1356 1093 1473 2343 1211 410 1660 2461 1141 574 1824 2391 753 859 2003 1002 2109 2252
Route 108 : 590 1840 20 211 795 1270 1461 964 2045 1127 973 2223 74 2377 1324 145 1050 1395 2214 235 2300 1485
Route 109 : 604 44 955 1854 150 1294 2205 1400 296 1546 681 60 141 1931 1310 1391 400 1186 1650 2436
Route 110 : 1227 264 2477 1514 929 2179 711 1961 585 1835 362 1612 507 516 1766 524 1774 1058 1757 2308
Route 111 : 492 301 1551 653 1742 823 2073 1903 997 320 2247 128 1570 373 1378 576 1623 1826 413 1663
Route 112 : 641 528 1891 791 2041 493 1743 887 1778 2137 1063 2313 77 306 1556 1134 1327 1218 2384 2468
Route 113 : 1200 2450 825 2075 164 1414 815 2065 1164 676 2414 780 906 2156 459 2030 1926 451 1701 686 1709 1936
Route 114 : 29 1279 778 57 2028 1307 450 357 1700 282 1607 194 1444 1532 148 514 1398 920 2170 1764
Route 115 : 1020 683 2270 1933 694 549 1944 523 1799 1092 1773 2342 454 730 1704 32 166 1980 1282 1416
Route 116 : 511 541 1761 884 2134 1791 92 1342 1247 281 812 1531 2497 593 2062 1249 611 1861 1843 2499
Route 117 : 239 1489 15 1265 203 527 1453 782 671 1777 721 1921 1971 889 2139 750 2000 2032
Route 118 : 381 713 1631 1168 1963 878 2418 2128 183 261 1433 476 12 1511 1726 1262
Route 119 : 418 1035 1668 2285 835 70 1040 2085 2290 1320 909 463 250 1713 1500 390 2159 1640
Route 120 : 319 551 1569 305 1801 1555 688 982 1938 2232 557 1204 1807 2454 515 86 101 1765 1336 1351
Route 121 : 943 2193 1097 994 2347 2244 80 1330 46 672 1077 1296 1922 2327
Route 122 : 1038 2288 447 1697 843 318 866 2093 1568 919 2116 965 2215 2169 930 438 2180 66 1688 1316
Route 123 : 13 416 1263 349 1666 572 1599 1822 659 874 1100 2124 1909 2350 1067 280 2317 417 1530 1667
Route 124 : 24 703 1953 1274 892 991 2142 2241 374 63 1624 1313 395 288 1538 1645 129 635 360 1379 1885 1610
Route 125 : 689 1061 1939 2311 501 218 1468 1751 957 485 2207 679 1735 1223 2473 1082 2332 1929 615 1865
Route 126 : 1167 886 2417 2136 100 127 1350 1377 126 655 1905 1376 1183 1208 2458 2433 464 1156 2406 1714
Route 127 : 79 1212 2462 1224 256 2474 1506 726 1976 289 1539 1215 2465 850 1329 2100 1206 2456
Route 128 : 1037 852 502 2102 365 2287 1752 632 1615 267 1882 741 1517 216 1991 230 1466 794 1480 2044