Instance name : bar-n2000-4
Authors : Alexander Yuskov (a.yuskov@g.nsu.ru), Igor Kulachenko (ink@math.nsc.ru), Yury Kochetov, Igor Vasilyev, Zhangdong, Chenjuan, Huanghaohan, Wanglongfei
Date : 28.05.2025
Reference : HGIM
Solution
Route 1 : 658 625 1658 509 637 1625 1637 508 222 215 1509 1222 1215 1508 672 395 822 1672 275 1275 1395 119 1822 831 266 1831 1266 1119
Route 2 : 614 147 1614 166 1147 478 551 581 1166 1478 1581 407 504 418 1551 1418 1504 998 1407 943 453 1453 922 1943 398 1998 982 209 1922 1982 1398 1209
Route 3 : 575 318 1575 1318 845 752 1752 908 280 1908 1280 1845 378 28 1028 708 426 1708 1378 143 556 329 1143 1329 1556 1426 579 1579
Route 4 : 431 643 288 1431 1288 629 1643 1629 859 479 677 1859 1479 497 1677 942 527 1497 915 1942 1915 860 1527 446 464 1446 1860 1464
Route 5 : 601 753 1753 766 1601 605 1766 734 655 1655 1734 1605 198 445 1445 167 1198 743 1167 1743 543 216 686 893 1893 1543 1216 309 1309 1686
Route 6 : 361 684 1361 472 896 1684 1896 1472 613 642 346 1346 1613 1642 194 466 225 1194 1466 903 1903 848 1225 1848 971 953 1971 1953
Route 7 : 846 638 1638 919 898 1919 1846 864 577 1864 1577 975 1975 321 1898 64 555 1064 624 1321 1624 1555 148 691 139 1691 789 1139 1789 1148
Route 8 : 608 739 322 1608 1739 719 640 1322 1719 254 66 1640 633 317 1254 1633 568 1317 809 1809 43 878 1568 1878 1043 211 1211 1066
Route 9 : 287 498 650 1498 1287 268 500 1268 769 1769 835 117 904 1500 1117 697 61 1650 1904 1835 646 1061 442 1697 925 1442 1646 1925 550 1550 101 1101
Route 10 : 358 156 1156 436 666 1358 940 1940 456 1666 1436 816 723 1723 1816 840 1456 817 438 1817 1840 1438
Route 11 : 130 293 583 727 1130 1727 529 1583 1293 158 1158 1529 169 819 1169 1819 603 359 1603 489 414 152 1359 615 1414 1152 1615 1489 437 1437
Route 12 : 775 596 1775 588 1588 439 1596 273 1439 1273 39 89 1039 415 496 342 1496 1342 821 1415 1089 460 372 1821 1372 1460
Route 13 : 50 604 1050 832 449 1604 946 1449 1832 959 1946 1000 1959 747 2000 81 1747 197 957 1957 177 1081 1177 814 49 1197 1814 1049
Route 14 : 21 1021 847 652 1847 1652 978 917 316 1917 1978 163 1316 376 347 1163 1347 1376 833 155 1833 477 1155 680 137 1680 559 1559 1137 1477
Route 15 : 707 1707 938 123 836 1836 1123 1938 337 16 698 1337 1698 24 936 1016 918 1936 1024 410 1918 815 1815 1410 738 584 1584 1738
Route 16 : 761 422 53 1761 1053 692 1422 598 236 1236 693 1692 1693 810 1598 620 1810 404 26 1404 842 1842 1620 1026 307 126 1126 1307
Route 17 : 388 544 1388 881 991 1544 1991 901 1881 279 1901 1279 469 728 1469 801 46 491 1728 1801 1046 732 597 1491 1732 955 1955 1597
Route 18 : 334 546 987 933 1334 1987 945 890 1546 1890 1933 494 1945 768 77 1768 364 1494 1364 522 252 1077 1522 421 517 289 1421 916 1916 1252 1517 1289
Route 19 : 454 403 308 351 1308 463 1454 1351 710 1403 45 1045 1463 870 1870 1710 104 1104 98 587 520 1520 1587 1098 805 913 75 765 1765 1805 1913 1075
Route 20 : 116 533 1116 594 716 448 1448 1716 531 1533 731 1594 682 1531 7 450 1450 1731 1007 612 1682 94 1612 1094 127 593 1127 1593
Route 21 : 488 561 440 1440 1488 850 95 1561 1095 1850 432 656 299 360 392 1299 586 1392 1360 899 1656 1899 1586 563 63 1563 1432 1063
Route 22 : 283 160 42 824 1283 1824 737 396 854 1160 1737 787 8 1008 1854 1787 1042 207 1396 433 1433 444 1207 250 1444 1250
Route 23 : 473 829 1829 961 952 895 1895 1473 1961 468 1952 457 1468 203 1203 106 1457 249 1249 592 1106 571 664 1571 1664 1592
Route 24 : 690 742 1690 964 1964 981 1742 912 362 1981 572 626 262 1626 379 1912 1572 1362 663 1379 90 1262 1090 910 1663 635 1635 384 1910 1384
Route 25 : 259 798 1798 865 428 1428 1259 1865 618 505 1505 1618 295 542 797 1295 1542 1797 790 764 1790 967 920 1920 1764 1967
Route 26 : 462 667 939 759 1667 1939 927 44 1462 1759 218 1927 974 1218 1044 808 212 1808 335 751 1212 1335 1751 702 205 340 1340 1205 1702 1974
Route 27 : 37 746 1037 954 1746 1954 171 447 1171 1447 536 736 1536 1736 100 492 135 834 1834 1135 871 1871 272 1100 192 1272 1192 1492
Route 28 : 324 22 1324 990 780 1022 1780 705 1990 970 1705 562 1970 924 1562 470 246 1924 85 1246 733 1470 1085 1733
Route 29 : 164 248 537 484 1248 1537 1164 852 1484 616 1616 18 406 1852 1018 191 1406 217 1191 385 1385 1217 803 688 228 1688 1803 1228
Route 30 : 882 59 88 251 1882 1088 240 774 425 1059 1240 389 700 1251 142 1700 1774 1142 230 1389 1230 580 788 1425 1580 1788 269 1269
Route 31 : 353 657 36 1353 1036 187 1657 258 1187 1258 648 176 1648 319 1176 108 968 1319 274 1274 820 1820 1968 929 1108 1929
Route 32 : 323 441 40 1323 1441 23 1040 30 1023 679 1679 255 1030 338 979 133 1133 1338 1255 393 548 1393 1979 238 554 11 1548 1554 1011 1238
Route 33 : 292 1292 535 294 226 1535 926 995 1226 1294 1995 300 811 1926 1811 1300 67 724 1067 270 791 1724 928 475 1475 1270 1791 1928 800 1800
Route 34 : 804 6 355 1006 969 794 1804 1969 944 931 377 1931 1355 345 179 1794 72 1944 1345 278 1377 1179 111 897 1278 1072 1111 56 1897 1056
Route 35 : 68 825 786 1825 793 1786 1068 476 348 1348 1793 76 827 1476 1827 138 185 1076 10 1138 1185 1010 576 260 1260 14 511 1014 341 1576 1511 1341
Route 36 : 962 370 264 755 271 611 1264 569 1370 1962 1271 1569 1611 778 880 1778 1755 339 1880 837 1339 1837 112 610 1610 725 1725 296 1112 1296
Route 37 : 783 754 1783 204 1204 1754 451 482 1482 1451 524 326 1326 653 547 1524 1547 869 735 1869 1735 985 1653 1985 58 235 1058 1235
Route 38 : 685 227 947 1227 27 65 1685 1947 110 619 1065 1619 87 1027 1110 132 1087 206 1132 343 1343 948 1206 214 1214 1948 70 1070
Route 39 : 729 1729 673 350 99 1350 838 1673 1099 1838 15 301 1015 906 1301 1906 902 855 516 1902 1855 232 1232 1516
Route 40 : 654 923 1654 784 853 1784 242 1853 1923 630 284 1630 1242 1284 84 107 178 503 1084 1178 394 1107 1503 1394
Route 41 : 999 1999 866 365 1866 1365 405 828 51 1828 1405 368 1051 868 1868 1368 748 757 333 1748 1333 1757
Route 42 : 474 670 515 1670 1515 851 1474 863 1851 1863 951 443 599 1599 1443 541 397 1951 1397 711 1541 771 1771 409 1711 1409
Route 43 : 153 590 1590 799 263 1153 3 1263 1003 1799 721 363 745 659 1659 1363 1745 1721 223 770 417 74 1770 1074 1223 1417
Route 44 : 777 701 1777 455 1701 352 486 1455 1486 499 1352 963 628 1499 1628 623 694 1623 976 1963 921 1976 1694 1921 196 165 1196 402 1165 681 1402 1681
Route 45 : 375 683 1375 105 373 1373 1105 678 1683 435 1678 1435 115 241 47 1115 367 1047 1367 545 776 1241 1545 1776 92 229 1229 224 1092 1224
Route 46 : 387 73 144 1387 1144 1073 245 60 175 1245 1060 34 1175 1034 740 380 609 244 1740 1609 265 549 1380 756 1244 949 1265 103 1103 1549 1756 1949
Route 47 : 9 909 1009 154 267 1909 1267 55 1154 782 495 1782 276 1495 1055 578 720 1276 1578 382 501 665 1501 1720 1665 1382
Route 48 : 314 627 1314 941 1627 988 277 1941 773 1988 1773 1277 972 97 1097 849 1972 894 1849 471 674 1471 1674 131 932 1932 371 1371 1131 1894
Route 49 : 758 1758 802 1802 669 420 1669 383 1420 357 79 1357 1383 566 510 1079 1510 877 1877 960 1566 237 1237 792 525 1960 1792 1525
Route 50 : 128 506 1506 168 1128 763 1763 564 1564 891 1168 485 722 530 1722 843 1891 989 662 1485 526 1843 1662 1530 1526 1989
Route 51 : 190 173 812 641 1641 1173 704 1812 750 1190 718 1704 1718 1750 172 118 1118 1172 937 320 553 1320 257 1257 994 1553 1994 1937
Route 52 : 997 149 315 1315 977 1997 1977 1149 120 188 703 1703 1120 574 261 956 570 1261 1574 1188 884 1956 1884 984 1984 1570
Route 53 : 419 306 32 1306 1032 480 1419 1480 558 467 1467 1558 298 785 689 1785 649 1298 595 1649 582 146 1595 534 1689 374 1582 1374 1534 1146
Route 54 : 844 38 1844 876 862 1862 1038 591 632 1632 1876 726 1726 150 1591 1150 17 174 183 1017 336 1183 1174 202 1202 1336 675 281 1281 1675
Route 55 : 712 861 532 157 1861 1532 1157 841 1712 114 1114 356 210 1356 282 1210 29 1282 86 1841 434 1029 1086 429 381 1434 1429 1381 201 33 1201 481 1033 1481
Route 56 : 170 332 193 1170 892 96 1332 1193 1096 354 1892 914 1354 1914 639 82 1639 1082 180 980 1980 1180 413 312 1413 1312 151 286 1286 1151
Route 57 : 567 122 888 1567 1888 1122 806 883 687 1883 521 1521 1806 874 1687 744 1874 1744 889 25 1889 661 1025 741 1661 818 1818 1741
Route 58 : 966 539 19 121 303 1966 996 1996 1019 1303 1539 291 1121 1291 145 493 234 631 1631 1234 129 1493 1145 208 873 1208 399 1399 1129 1873
Route 59 : 519 401 706 386 1519 1386 1401 1706 458 552 1458 1552 560 302 1302 513 1560 52 1052 35 749 1035 905 1749 1513 1905
Route 60 : 730 887 1887 830 1730 973 1830 1973 199 102 483 1199 1102 1483 327 195 717 1327 1195 290 1717 1290 965 1965
Route 61 : 958 540 1958 12 621 518 1012 1540 1621 328 13 1518 233 1233 514 1013 1514 1328 161 4 600 1161 1004 839 1600 1839
Route 62 : 408 1408 424 57 557 826 1826 1424 1057 1557 867 644 1867 872 1644 695 390 1695 807 1390 1872 930 885 1885 1807 1930
Route 63 : 41 256 253 1041 671 1253 134 1671 304 1134 1256 589 93 1304 1093 330 247 5 1589 1005 886 1330 585 1247 411 1886 668 1585 1411 1668
Route 64 : 651 461 136 71 1651 1136 140 813 1813 1461 221 69 1140 310 1221 1310 1069 1071 200 762 91 647 1762 1091 1200 305 459 1647 1459 1305
Route 65 : 622 20 528 1622 715 1528 184 1020 714 1184 1714 1715 124 113 573 1573 1124 900 858 1113 907 699 1858 1900 538 1907 1538 1699
Route 66 : 186 1186 325 427 430 1325 1430 452 606 1606 1452 1427 502 162 781 297 1162 1502 1781 993 1297 935 1 607 1993 1935 1607 1001
Route 67 : 423 182 331 1423 1331 602 1182 1602 109 823 1109 709 1823 219 1219 795 1795 125 1709 983 313 1983 189 1189 1125 1313
Route 68 : 634 54 78 1054 1078 507 62 1507 181 1062 48 1048 1634 349 31 1181 490 1349 1031 772 1490 934 366 1772 1934 344 465 1465 1366 1344
Route 69 : 779 617 220 1617 796 1220 1779 159 243 1796 1243 1159 512 391 1512 660 400 1391 1660 1400 369 83 412 1369 1412 1083
Route 70 : 239 713 1239 285 1713 231 213 1285 487 1213 1487 311 1231 1311 696 986 1986 1696 141 2 416 676 1676 911 1141 1416 1002 767 1767 1911
Route 71 : 80 879 856 1080 992 1879 565 1856 1992 523 1565 875 1523 760 1875 1760 857 950 1950 636 645 1857 1636 1645
