Instance name:	bar-n5000-6
Authors:		Carlo Sartori and Luciana Buriol
Date:			2019-2-11
Reference:		A matheuristic approach to the PDPTW (to be submitted)
Solution
Route 1 : 1155 1349 21 3849 3655 1290 2521 3790 175 1445 2074 2675 447 3945 4574 2947 1954 1047 3547 4454
Route 2 : 713 738 3213 1664 3238 807 3307 867 47 4164 95 2433 3367 4933 1472 2256 3972 4756 1707 4207 2547 280 2595 2780
Route 3 : 1376 2486 408 3876 1752 2908 2321 4986 4252 4821 79 716 3216 1750 1986 4250 2579 1827 4486 2368 4327 4868 1320 3820
Route 4 : 2191 1536 4036 4691 51 1673 2551 2187 4687 4173 435 1011 2935 438 3511 2938 255 2755
Route 5 : 1516 1947 4016 4447 1159 677 3177 2455 3659 769 4955 3269 1498 983 3483 2016 819 4516 3319 2010 3998 4510
Route 6 : 1394 3894 76 2424 4924 173 2576 1519 1176 2673 1083 4019 3583 423 376 3676 2923 497 2876 2997
Route 7 : 622 429 1079 3122 1818 3579 2929 2499 786 4318 4999 2103 4603 3286 1813 4313 1565 1662 1643 4065 4143 4162
Route 8 : 1913 1605 273 2773 4105 4413 1018 864 3518 1311 3364 3811 1074 1261 2229 3574 4729 3761 748 3248
Route 9 : 1007 895 3395 1804 4304 1343 3507 3843 2259 4759 1773 185 2685 4273 2006 2245 4745 1054 4506 2172 3554 4672
Route 10 : 2443 291 2791 4943 411 1969 745 2911 2353 4469 1118 4853 2207 3245 4707 1228 3728 120 2196 1060 2620 4696 3560 1774 4274 3618
Route 11 : 1655 526 4155 2276 3026 2332 4832 140 4776 2640 656 2358 2134 4858 4634 1420 3156 1233 854 3920 3354 3733
Route 12 : 197 1048 1937 200 2700 1877 2697 4437 3548 4377 67 2128 499 2999 4628 2567 1371 2291 842 4791 3871 3342
Route 13 : 2124 1659 4624 1133 4159 1595 1117 3617 1966 4095 3633 4466 706 3206 2211 4711 1968 439 2939 4468
Route 14 : 1259 3759 2478 345 1357 4978 2845 486 2986 3857 886 1483 2212 4712 3983 3386
Route 15 : 993 190 1977 4477 3493 1015 3515 211 834 3334 2451 2711 4951 1756 258 2690 4256 887 2758 3387
Route 16 : 1964 196 4464 84 2130 2696 2584 1413 110 4630 2050 3913 4 2504 1754 4254 4550 2610 1319 2227 3819 4727
Route 17 : 972 2457 1145 4957 3645 3472 1974 1177 590 3677 1803 3090 4474 1990 4303 1497 4490 3997
Route 18 : 150 1331 2650 3831 1426 3926 2482 430 4982 613 1518 4018 2930 1805 3113 1469 3969 187 1797 4305 2687 85 4297 2585
Route 19 : 604 1267 3104 1994 959 3767 4494 580 3080 1124 302 3624 510 3459 2318 2802 4818 3010 353 2853 1268 2161 4661 3768
Route 20 : 1739 1542 1301 2442 4042 4239 3801 1369 4942 1870 3869 1666 4370 532 4166 1045 3545 3032
Route 21 : 2126 169 194 2669 2694 342 4626 2842 2190 4690 372 521 2872 1830 3021 4330 583 2115 4615 3083
Route 22 : 517 2338 2417 4838 1104 3017 3604 4917 905 1718 33 3405 2533 1229 322 3729 4218 2822 171 2164 2671 4664
Route 23 : 697 1276 3197 419 2919 1767 389 3776 2889 4267 981 1615 594 3481 2238 3094 2228 4738 4115 1214 4728 3714 2297 4797
Route 24 : 153 1249 2653 3749 668 525 703 2490 3025 3203 3168 630 4990 1619 4119 3130 2402 2403 4902 4903
Route 25 : 935 1108 1814 4314 3608 3435 1227 746 1327 3727 3827 2393 3246 1004 3504 4893 2380 4880
Route 26 : 763 560 2147 4647 420 2920 3060 2269 4769 354 2241 3263 4741 2854 247 2747 1511 4011 1164 3664
Route 27 : 2073 1419 920 3919 1553 4053 1515 3420 890 4573 1385 3390 520 4015 1026 3020 3885 1539 4039 3526
Route 28 : 119 1590 689 2619 4090 2367 3189 916 4867 731 3231 3416 331 2085 1096 3596 2831 1063 3563 358 4585 2858
Route 29 : 1967 32 4467 2532 2285 1978 413 4785 2913 4478 952 1273 3452 814 1112 3314 3773 109 3612 2609 379 2879
Route 30 : 2064 425 2925 4564 2381 1613 278 4113 1322 4881 3822 1487 2778 1917 3987 4417 1699 1711 4199 4211
Route 31 : 2342 4842 505 866 222 3366 367 3005 2722 1196 2867 2431 4931 847 1943 3347 2470 4443 3696 4970
Route 32 : 1189 3689 1853 1794 4353 516 3016 4294 2012 4512 2429 2162 4929 823 4662 732 3323 35 3232 2535
Route 33 : 518 3018 2320 1363 4820 1912 4412 2347 4847 3863 1509 233 4009 2324 4824 2733 1884 253 4384 2351 4851 2753
Route 34 : 1086 1674 3586 1910 927 4410 1270 3427 3770 4174 2479 619 1450 3950 4979 615 2407 3119 2304 3115 4804 4907
Route 35 : 660 2374 1173 3673 4874 710 3160 3210 1622 2036 1948 4122 4448 856 4536 1787 3356 382 4287 2882
Route 36 : 1375 645 3875 1427 3145 2425 3927 1341 1873 2396 1120 1837 4337 3620 3841 4373 4896 4925 883 1212 3712 3383
Route 37 : 1027 1681 4181 803 2277 3303 825 3527 2236 4777 445 730 3325 601 4736 2127 3101 2945 4627 147 3230 2647
Route 38 : 966 370 2231 1126 4731 3466 2870 3626 2395 1678 1107 757 4178 1859 3607 4895 2382 3257 4359 4882 1621 4121
Route 39 : 1629 2399 4899 4129 1410 207 2204 2206 4704 3910 2177 4706 4677 1157 573 3657 2707 3073
Route 40 : 139 2639 2076 4576 1501 826 1382 3882 3326 4001 2426 2067 4567 4926 1191 3691 1765 4265 468 2968
Route 41 : 2065 2070 1946 4565 4446 2264 4570 298 2798 1783 4283 1131 4764 1473 201 3631 3973 2234 2701 2023 4523 4734
Route 42 : 1370 1888 1693 1781 4193 2379 4388 3870 4879 257 4281 2757 155 313 46 1454 2813 2546 2655 3954
Route 43 : 2137 1421 1094 1630 3594 4637 157 3921 1347 2657 2473 4973 3847 1506 4130 1278 992 3492 3778 4006
Route 44 : 160 2346 4846 1412 2660 272 3912 250 2772 2750 2257 1271 1352 3771 3852 4757 1447 3947
Route 45 : 1834 1235 2248 3735 4334 2311 4748 4811 1594 2480 4980 1593 758 4093 3258 279 542 3042 1386 3886 2779 4094
Route 46 : 29 1150 553 3650 2529 3053 662 60 3162 1916 4416 2560 833 2057 508 3008 741 3333 3241 936 4557 3436
Route 47 : 2062 4562 1890 1020 111 937 2294 3520 4390 4794 3437 2611 1823 1729 122 2622 473 4323 4229 2973
Route 48 : 2175 4675 1280 148 2648 310 3780 17 2517 1642 2810 4142 1575 570 2022 2230 3070 4522 4730 4075
Route 49 : 2218 1589 917 3417 22 4089 4718 2235 4735 932 1944 3432 2522 4444 926 286 3426 2786
Route 50 : 994 388 2888 1965 4465 2244 4744 94 3494 2594 2018 4518 648 3148 877 2296 3377 1749 251 4796 4249 2751
Route 51 : 301 1724 2801 4224 365 1110 2865 701 3610 1099 912 3412 3201 3599 2333 4833 1009 999 1691 3509 4191 3499
Route 52 : 1192 3692 609 985 3485 3109 1692 2013 548 625 3048 618 3118 4192 55 3125 4513 2555
Route 53 : 1154 393 114 782 2893 3282 3654 1078 311 2614 3578 2811 1068 1406 1240 3740 3568 3906
Route 54 : 1075 3575 1333 1308 3833 3808 2270 2288 2033 4770 735 4788 1524 4533 4024 3235 675 3175
Route 55 : 961 488 872 3461 1703 2988 3372 4203 1882 2183 4382 1366 4683 761 2471 3261 3866 4971
Route 56 : 686 501 3186 533 3033 705 3001 1828 4328 1138 3638 405 3205 2905 1634 2079 4134 4579 234 2734
Route 57 : 664 1351 1745 3851 969 3164 3469 1403 4245 753 1569 2252 3903 4069 1596 4752 3253 180 4096 1334 3834 2680
Route 58 : 1975 4475 1179 2475 4975 2398 137 4898 3679 2637 1130 586 1938 674 3086 3630 1760 2284 3174 4438 4784 4260
Route 59 : 1178 3678 1089 135 1513 3589 1798 2635 652 3152 245 4013 479 2005 4298 2979 2745 4505
Route 60 : 1842 369 70 2869 657 4342 3157 1415 584 2570 1923 3915 2136 3084 88 4636 4423 2588
Route 61 : 2123 4623 1292 1265 455 3792 2955 3765 1209 1616 3709 540 1606 4106 4116 3040 482 2982
Route 62 : 1116 1251 3616 107 2607 1084 3584 3751 650 2053 1998 3150 4498 4553 1042 2100 106 3542 476 4600 2976 1437 2606 3937
Route 63 : 636 820 3136 721 176 3221 1263 2676 3320 531 3763 3031 2308 1867 4808 700 4367 3200 97 2597
Route 64 : 1612 4112 1453 1402 3902 1547 3953 1735 4047 528 4235 210 3028 2710 565 1180 1532 3065 3680 4032
Route 65 : 1675 1903 4403 75 4175 470 2386 2970 2575 205 4886 2705 2198 4698 915 3415 1656 4156 1303 3803
Route 66 : 2287 511 3011 2328 4787 2488 4828 2015 1414 4515 4988 3914 52 2420 2552 1502 1404 3904 4920 4002
Route 67 : 846 519 1892 346 3019 4392 2356 3346 4856 1485 2846 2485 3985 2201 4985 616 3116 509 4701 3009 690 3190
Route 68 : 1241 3741 2315 2166 4815 459 2959 2314 4666 871 4814 704 3371 2215 3204 4715 1690 747 3247 4190
Route 69 : 804 1949 115 1806 3304 4306 2615 4449 2 102 2068 2602 2502 1499 441 1374 4568 2941 3874 3999
Route 70 : 1753 4253 2467 2188 4967 1459 162 4688 2662 3959 36 416 1158 164 2916 1924 2536 3658 2664 2325 4424 4825
Route 71 : 543 685 1032 3043 3532 3185 577 1730 4230 1789 3077 163 724 2663 4289 868 3368 3224
Route 72 : 132 1206 2078 3706 2632 2436 1931 4431 4578 1654 4936 2298 4154 4798 928 3428 1786 4286 537 3037
Route 73 : 1153 627 3653 3127 1811 1474 1247 4311 3974 611 2416 3111 4916 243 1252 2743 3747 3752 1378 1046 3878 3546
Route 74 : 530 2180 25 5 3030 4680 31 2531 1637 2505 4137 2096 2341 4841 1517 4596 4017 2525
Route 75 : 1085 248 3585 2748 1458 2024 3958 818 1732 4232 2205 3318 4705 4524 547 3047 2043 4543 421 2921
Route 76 : 870 3370 1640 436 4140 733 3233 1677 2936 327 4177 49 2827 2549 39 2539
Route 77 : 2088 2156 4588 860 4656 3360 166 1436 1457 2666 2376 3957 3936 4876 2483 4983 1725 4225 673 3173
Route 78 : 1950 4450 1825 1441 4325 3941 550 559 3050 37 2352 3059 4852 1466 2537 869 3369 3966
Route 79 : 1829 1277 4329 575 1016 3075 3777 3516 946 72 1387 343 3446 2843 2572 1443 3887 3943 1839 4339
Route 80 : 764 50 3264 1800 4300 2550 957 3457 446 1065 784 3284 3565 2946 986 3486 93 1766 4266 2593 1059 3559
Route 81 : 1297 212 568 3068 3797 849 2712 78 1188 3688 6 3349 2506 2578 974 1885 4385 3474
Route 82 : 970 3470 2340 800 4840 1148 3300 695 3648 671 3195 3171 924 1723 2254 4223 4754 3424
Route 83 : 2170 1709 556 129 4209 2629 3056 960 4670 1597 908 4097 3460 1747 3408 4247 1620 4120
Route 84 : 295 1558 4058 128 335 2795 2835 637 3137 863 1244 2628 3363 1988 3744 1225 2289 4488 3725 4789
Route 85 : 2265 4765 467 2282 1914 4782 639 2967 4414 1567 3139 463 2963 4067 1580 4080 954 775 3275 3454
Route 86 : 1563 4063 991 103 1146 3646 3491 189 2603 1356 2689 3856 293 348 133 2793 2848 2633 1034 3534
Route 87 : 1185 1213 2142 1855 3713 3685 402 4642 1529 4355 2902 27 4029 12 2527 2512 1653 4153
Route 88 : 44 244 2272 2744 4772 1810 2544 1705 4310 1199 4205 822 1956 3699 899 3399 4456 3322
Route 89 : 755 965 913 3255 3465 1552 3413 219 2719 1489 3989 896 4052 3396 412 264 567 2764 2912 3067
Route 90 : 771 2184 3271 1819 4684 1936 4319 1302 1992 3802 4436 1919 2021 4492 4419 1866 2194 4521 4694 4366
Route 91 : 1161 2453 3661 2192 4953 229 4692 1456 2268 40 2729 4768 3956 2540 1614 1239 3739 772 4114 3272
Route 92 : 1540 1328 3828 4040 2104 1381 3881 1171 1294 3794 4604 3671 357 921 714 3214 2857 3421
Route 93 : 1733 485 4233 1291 1217 628 2985 3791 3717 3128 491 2080 2991 4580 168 449 2668 2949
Route 94 : 1077 544 1340 3577 3840 3044 853 1484 1934 2280 3984 3353 4434 1135 3635 4780
Route 95 : 514 126 3014 2626 2209 791 4709 3291 2278 307 184 284 4778 2684 121 2807 2784 2621
Route 96 : 1864 113 4364 1582 2613 4082 1430 3930 34 1266 2459 2534 3766 644 629 4959 571 3129 82 3144 3071 2582
Route 97 : 2286 2223 4786 4723 987 852 1172 2118 3487 3672 2032 3352 4618 2059 4532 4559 1843 1971 4471 4343
Route 98 : 1384 2421 2099 4921 1106 3884 4599 1531 3606 1307 4031 1535 2094 3807 1461 4594 4035 3961
Route 99 : 903 756 1321 3821 3403 418 3256 538 2918 3038 1056 1208 3556 2432 3708 4932 2355 4855
Route 100 : 682 711 3182 3211 53 2553 2051 1801 2373 4301 270 4551 767 2770 4873 2125 3267 1163 3663 4625
Route 101 : 2283 1460 3960 610 4783 1337 3110 843 2271 3837 3343 4771 1945 415 4445 1156 2915 3656
Route 102 : 2414 1254 101 873 2601 4914 3373 3754 1868 1425 1211 4368 3925 3711 1746 2120 4620 4246
Route 103 : 1355 1981 3855 944 1809 1688 4481 4309 743 4188 3243 1465 3444 1869 2450 4369 1696 3965 4950 2273 4196 4773
Route 104 : 161 1512 2661 1422 3922 2389 289 4012 2313 4889 958 3458 117 2789 4813 1757 2617 1770 4270 4257
Route 105 : 2357 1680 4180 2106 4857 536 1860 3036 4360 4606 1820 306 1274 3774 4320 558 2806 3058
Route 106 : 1186 3686 138 2472 2461 2638 4972 4961 576 598 3076 3098 2160 2199 4699 4660
Route 107 : 2474 2239 4974 4739 1587 1815 906 4315 855 3406 4087 1281 3355 1953 4453 3 3781 2503
Route 108 : 918 318 2182 3418 4682 2818 1584 371 4084 2871 321 336 2821 2836 1886 1439 3939 4386
Route 109 : 1224 216 3724 2716 204 2704 1708 1490 471 3990 2445 4208 2971 1780 4280 726 4945 3226
Route 110 : 1478 1865 2203 4703 750 3250 922 2155 3422 1899 4365 1205 3978 1844 4655 4399 4344 3705 320 2820
Route 111 : 1038 1057 3538 332 3557 2832 1399 2141 3899 2087 4641 1993 1105 4493 4587 2371 3605 4871
Route 112 : 925 2044 3425 2027 4544 1283 4527 858 362 3783 213 503 3358 2862 2713 3003 768 3268 693 3193
Route 113 : 555 2249 722 2040 4749 4540 3222 3055 1537 950 4037 487 923 3450 2987 3423 2035 4535
Route 114 : 1812 2337 4312 4837 1604 266 718 2766 4104 287 3218 2105 2787 624 4605 3124
Route 115 : 406 2093 4593 1184 2906 1160 2028 1717 3684 3660 2306 4528 4217 1013 4806 3513
Route 116 : 2331 776 4831 2365 177 1686 670 2677 4186 4865 1782 3170 938 3276 2163 4282 4663 3438
Route 117 : 1452 2054 2014 4514 4554 3952 835 1925 3335 1346 4425 3846 1836 2077 409 4336 4577 2909
Route 118 : 315 466 2090 2815 1665 2966 267 4590 2767 1043 4165 3543 1972 2189 4472 4689
Route 119 : 396 1549 4049 142 2896 2642 1069 1174 3569 2157 3674 1999 490 2990 4657 4499
Route 120 : 968 806 3306 1364 719 892 1761 4261 3864 3468 3392 1697 914 4197 3219 564 1881 3414 3064 4381
Route 121 : 953 696 3196 2469 1183 4969 1025 1101 3525 2303 3453 4803 3601 3683 2202 2364 1541 4702 4041 4864
Route 122 : 2049 1991 4549 4491 2151 641 4651 810 3141 2055 3310 2310 4555 817 3317 4810 1726 2025 4226 4525
Route 123 : 1324 2316 4816 1817 4317 3824 2029 2046 4546 4529 69 158 1438 2569 2658 282 2782 3938
Route 124 : 1716 821 3321 2084 1578 4216 4078 2439 4584 1035 4939 1871 1667 3535 1719 4219 1306 4371 4167 3806
Route 125 : 1676 851 1444 979 3944 3351 2498 4998 4176 3479 2434 1918 1250 4934 4418 3750 1905 1488 4405 3988
Route 126 : 1702 24 4202 799 3299 2524 1586 462 728 3228 2962 4086 86 1400 3900 649 3149 2586
Route 127 : 1037 554 223 3054 881 1424 3537 3381 2360 2723 1248 3924 1298 3748 4860 1295 1646 3798 4146 3795
Route 128 : 230 2195 2730 885 4695 3385 941 341 990 2841 1658 3490 3441 797 3297 1528 361 4158 4028 2861
Route 129 : 1911 4411 299 240 2740 2263 2799 217 263 4763 38 2717 2763 294 2444 2538 2794 4944
Route 130 : 401 1731 2901 1339 4231 92 3839 118 2618 2401 2592 1689 4901 4189 186 127 2686 2627
Route 131 : 398 375 2875 2898 2116 688 3188 4616 1022 1221 2484 3522 1098 1602 4984 3721 3598 4102 297 2797
Route 132 : 1076 2148 3576 4648 1503 2240 4003 760 4740 1741 3260 2242 4742 4241 144 2644
Route 133 : 1962 4462 805 1219 2440 3305 1237 3737 3719 4940 831 3331 195 942 3442 566 2695 3066
Route 134 : 1062 1650 830 4150 3330 3562 840 2117 3340 1687 4187 4617 1365 87 3865 2587
Route 135 : 640 1012 3512 1581 3140 4081 678 1554 363 3178 4054 2086 2863 4586 1591 179 2679 4091
Route 136 : 1482 947 3447 3982 1808 1448 4308 1064 236 3948 1695 2736 3564 4195 809 3309
Route 137 : 654 3154 669 1067 3169 658 374 3158 3567 659 1896 3159 2874 742 1579 4396 545 3045 3242 4079
Route 138 : 165 792 2665 2246 1325 2295 4746 3292 2221 4795 3825 274 4721 2774 2098 781 3281 4598
Route 139 : 2140 2060 4560 80 347 4640 2847 2001 2580 2496 2121 62 4501 4621 4996 1854 2562 4354
Route 140 : 2139 1520 1236 4020 3736 4639 2165 1100 3600 316 4665 2008 2007 4508 2816 1435 4507 3935
Route 141 : 1061 98 2598 3561 612 339 2839 744 3244 1326 3826 3112 1338 478 1883 2978 3838 4383 395 2895
Route 142 : 2150 2101 4601 1600 99 4650 4100 1982 2599 125 2625 4482 1408 2082 4582 90 3908 2590
Route 143 : 1330 2404 808 3308 2361 4904 3830 4861 1194 3694 907 292 1793 2792 3407 1898 4293 4398 2081 4581
Route 144 : 600 702 1669 3100 3202 2056 4169 1897 4556 4397 859 481 3359 268 2981 2768
Route 145 : 2293 845 1592 3345 4092 1996 4793 708 988 4496 3208 2037 1216 3488 1649 3716 4537 4149
Route 146 : 1704 1963 2058 4204 4463 4558 1090 1001 3501 2307 4807 3590 2102 1543 1610 4043 4602 4110
Route 147 : 1652 813 3313 793 4152 606 469 1243 3106 3293 653 2335 3743 4835 3153 2969
Route 148 : 1052 3552 1279 982 3482 1922 754 4422 3254 3779 563 1272 3063 3772 1463 3963 2169 4669
Route 149 : 561 3061 11 495 2511 2995 1617 720 480 4117 787 2980 663 3287 3220 3163 1442 228 3942 2728
Route 150 : 1771 1570 4271 2009 4070 1624 4509 4124 837 1036 400 3337 2900 3536 2275 943 4775 3443
Route 151 : 1304 1082 1626 3582 2377 4126 3804 2476 1284 3784 4976 1417 1332 3832 2107 3917 4877 4607
Route 152 : 2300 4800 2176 4676 2111 2363 1727 4227 4863 4611 889 275 2775 789 3289 252 3389 2752
Route 153 : 1555 605 1288 3105 3788 1434 4055 1093 3593 3934 939 595 3095 3439 2406 2159 4906 2020 4520 4659
Route 154 : 2329 1521 4829 4021 178 522 2210 3022 539 3039 2678 4710 715 1316 3816 3215
Route 155 : 1609 1740 4109 1234 4240 1226 3734 303 3726 2803 448 2948 1344 2089 3844 665 4589 3165
Route 156 : 1323 3823 437 1526 1238 3738 2937 666 2427 4026 4927 3166 891 472 2091 3391 2972 4591
Route 157 : 1878 4378 596 2133 198 1668 3096 4168 2698 4633 2279 2378 256 4878 2756 1040 4779 3540
Route 158 : 2066 2181 281 2781 4681 1758 4566 1759 4258 902 4259 432 506 2932 1762 4262 3402 3006
Route 159 : 1428 3928 1559 4059 2274 1840 231 4340 2731 4774 1951 2243 442 4743 4451 73 2942 2573
Route 160 : 426 2926 815 725 3315 3225 1477 1122 3622 3977 134 684 3184 2634 2031 4531
Route 161 : 14 1672 4172 2334 2514 1468 3968 2384 2305 309 4834 4884 2809 1601 4805 4101 493 2993
Route 162 : 2114 4614 2366 1821 4321 4866 894 2154 290 4654 3394 2790 390 1010 3510 2890
Route 163 : 589 1902 3089 4402 1496 288 3996 241 2741 2788 838 667 2422 3167 3338 4922
Route 164 : 2011 191 2691 4511 2415 8 2508 4915 1523 1200 4023 1493 3993 3700 387 2887
Route 165 : 440 193 355 2855 2693 227 2940 2441 879 4941 3379 2727 2449 1050 1431 3931 3550 4949
Route 166 : 2038 4538 874 765 3374 1383 3265 308 2083 2808 3883 4583 1557 2026 4057 2247 4526 4747
Route 167 : 1660 1264 4160 3764 1348 984 3484 2375 3848 4875 1588 582 4088 2487 3082 4987
Route 168 : 2448 360 1198 4948 2041 2860 3698 105 4541 1721 4221 1623 2605 460 4123 2960
Route 169 : 2167 4667 1755 112 2612 4255 973 3473 1480 188 602 3102 3980 1861 4361 2688 1023 3523 1318 3818
Route 170 : 2052 2261 4552 1772 1372 4272 2217 4761 3872 4717 1508 123 4008 2623 2430 4930 1285 3785
Route 171 : 1618 4118 524 3024 1141 592 3092 3641 507 3007 451 2354 2951 1710 1647 4854 4147 4210
Route 172 : 1887 1525 1851 4025 4351 4387 15 1416 812 2515 3312 3916 1632 1807 4307 4132
Route 173 : 687 1143 3187 3643 2185 1802 77 4685 1103 4302 2577 2330 276 3603 4830 816 2776 3316
Route 174 : 862 237 260 2760 3362 2737 1548 4048 317 828 2149 4649 2817 3328
Route 175 : 2466 330 364 2864 4966 352 1694 2830 2852 359 4194 1651 2859 504 1909 4151 4409 3004
Route 176 : 749 919 3419 71 2571 3249 1625 1391 3891 1072 4125 2002 3572 4502 998 2322 4822 3498
Route 177 : 1396 218 3896 397 2718 1984 2897 399 502 4484 2899 3002 1125 3625 2119 4619 798 3298
Route 178 : 1550 930 4050 3430 1242 3742 64 2564 591 2000 3091 319 4500 1223 2819 3723
Route 179 : 2400 4900 1960 494 1411 4460 1481 2042 4542 2994 3911 551 3981 783 1908 3051 4408 3283
Route 180 : 1342 1031 1852 3531 3842 4352 156 911 23 3411 2656 2523 1880 802 3302 2174 4674 4380
Route 181 : 1848 643 2477 4348 232 3143 2262 2732 66 2566 978 1633 4977 1777 4762 4277 3478 4133
Route 182 : 1129 434 1607 2934 3629 603 1572 1203 4107 3103 727 3703 3227 1245 4072 3745 893 3393
Route 183 : 26 1788 4288 1683 1449 2526 1792 1706 4206 4183 512 3949 4292 3012 2362 1935 4862 4435
Route 184 : 215 2715 949 3449 1738 4238 910 3410 963 56 3463 2345 2556 4845 1961 4461
Route 185 : 752 2097 4597 2495 3252 4995 89 1166 2589 1055 3666 443 3555 2943 154 1775 4275 2654
Route 186 : 1305 3805 407 496 2996 2907 2220 1564 4064 4720 1737 4237 647 2447 1379 3147 4947 3879
Route 187 : 1816 1019 3519 1850 4316 4350 1904 2344 4844 4404 2299 2336 4799 474 4836 2974
Route 188 : 2370 1423 3923 945 4870 3445 672 225 3172 1901 4401 2725 1293 3793 1849 1929 4429 4349
Route 189 : 414 2092 2914 2171 4592 4671 81 2581 1087 1568 4068 3587 2131 1906 1895 4395 4631 4406
Route 190 : 796 1832 3296 1464 4332 691 608 676 3964 3191 3176 3108 2135 2197 1204 4697 3704 4635
Route 191 : 2343 2349 4843 4849 620 2017 4517 1713 3120 265 1875 4375 2765 2250 4213 4750
Route 192 : 2112 1942 312 4612 4442 1791 2812 4291 1546 1714 41 2500 4046 4214 2541 5000
Route 193 : 2237 4737 1169 734 3669 3234 1397 2292 4792 3897 1639 329 4139 2829 1361 249 3861 2749
Route 194 : 777 1091 3591 1785 4285 2109 3277 1891 4391 4609 1926 1682 2003 1795 4503 4426 4182 4295
Route 195 : 1940 1598 4440 433 2145 2933 4098 4645 1201 57 2557 3701 1822 19 4322 2519
Route 196 : 861 1863 3361 2019 224 4519 4363 1611 2075 2301 2724 4575 865 4801 4111 1232 3732 3365 1833 4333
Route 197 : 829 980 3329 876 3480 3376 394 2219 366 1359 2894 824 4719 3859 2866 3324
Route 198 : 1603 1599 1260 4099 4103 3760 143 996 3496 2643 2143 1440 1970 4470 3940 4643
Route 199 : 1641 7 4141 2507 383 2232 4732 2883 1170 3670 2309 1638 1952 4138 4452 4809
Route 200 : 2213 2369 827 4869 4713 1491 2385 3327 3991 2383 4883 4885 16 2397 2516 2446 4897 4946
Route 201 : 587 774 3087 269 2392 3274 1743 2769 4892 4243 1847 1021 4347 3521 646 3146
Route 202 : 2072 4572 334 1152 3652 2834 1874 1080 3580 338 1210 4374 1162 3662 3710 2838 1958 4458
Route 203 : 773 552 428 1329 3273 3052 2456 2928 4956 1533 875 3829 444 3375 1115 2944 4033 3615
Route 204 : 404 58 1790 2558 2904 529 4290 1995 4495 3029 475 2186 4686 2975
Route 205 : 739 2095 655 3239 4595 3155 976 1657 4157 277 2777 45 3476 2545 1269 3769 1475 3975
Route 206 : 1215 3715 1053 424 2253 3553 2924 546 1510 4753 3046 1220 4010 1744 3720 4244
Route 207 : 410 30 557 3057 2910 2173 2391 2530 1354 4673 3854 1670 4891 464 4170 2964
Route 208 : 661 96 3161 1648 349 2596 1121 1314 4148 3621 3814 1571 391 2849 4071 1712 4212 2891
Route 209 : 1246 1492 1231 811 3746 3311 344 3731 2844 878 1005 3378 3992 3505 2233 4733
Route 210 : 2412 593 1742 3093 4242 4912 170 1336 975 3836 2670 1764 3475 4264 1545 4045
Route 211 : 1114 3614 1495 1253 3753 1390 3890 3995 1826 1778 1368 4278 3868 4326 238 585 2738 3085
Route 212 : 2267 1350 4767 149 3850 2649 1470 3970 898 2108 4608 1049 3398 1973 614 3549 4473 3114
Route 213 : 1576 1071 4076 1151 3651 385 2885 209 3571 1879 2709 4379 513 3013 1471 1017 3971 3517
Route 214 : 2069 9 65 4569 74 2509 2565 2438 2574 235 1933 4938 4433 2735 1119 48 3619 2548
Route 215 : 1976 785 2481 4476 4981 634 3285 633 3133 2110 1876 3134 1661 4610 4376 4161
Route 216 : 427 2927 1980 1044 679 3544 1028 3179 4480 1701 4201 3528 1006 2129 4629 3506 1309 181 3809 2681
Route 217 : 2464 1698 4964 1058 4198 3558 1102 1779 214 3602 4279 2714 226 523 3023 2726
Route 218 : 2323 2409 4909 1197 4823 1123 1479 3979 3697 3623 1377 68 3877 208 483 2708 2983 2063 2568 4563
Route 219 : 977 3477 1362 1218 3862 3718 59 1631 1720 2559 4131 340 2840 801 4220 3301
Route 220 : 2468 4968 1663 1358 4163 574 3074 751 3858 3251 1862 373 4362 2873 1095 3595 839 3339
Route 221 : 2225 1763 4725 635 4263 2428 3135 699 4928 3199 1845 465 4345 2965 1751 527 4251 3027
Route 222 : 159 1144 2659 3644 1893 1168 4393 1574 3668 1930 141 4074 2641 4430 2497 4997
Route 223 : 1345 1380 63 3845 2563 3880 1139 3639 1635 489 4135 1315 1041 2989 3815 3541
Route 224 : 844 261 108 3344 709 2761 1195 2608 1097 3209 3597 3695 2454 4954 2224 681 4724 1187 3181 3687
Route 225 : 951 2491 3451 1039 1799 4991 1562 4062 3539 1257 4299 2418 3757 4918 617 3117
Route 226 : 1566 766 1907 4066 1784 3266 4284 1299 4407 3799 2388 778 3278 4888
Route 227 : 515 3015 1577 1175 723 3223 3675 4077 1181 1286 3681 1846 3786 4346 458 1504 4004 2958
Route 228 : 1393 3893 933 900 3433 2493 3400 2071 4993 1769 4571 4269 707 1685 4185 3207
Route 229 : 1008 417 3508 1088 206 2917 2706 1560 3588 152 2652 623 1317 4060 3123 1335 1900 3817 4400 3835
Route 230 : 1522 378 2319 4022 2878 20 4819 1987 790 4487 3290 2520 300 1715 2113 2800 4613 4215
Route 231 : 2339 10 2510 4839 1776 1768 4276 1312 4268 167 3812 2667 2462 2258 4758 929 3429 4962
Route 232 : 1 151 384 2501 2884 350 500 2651 2850 1684 3000 100 2600 4184 1296 131 2631 3796
Route 233 : 901 1889 4389 116 1955 2616 4455 2348 3401 262 285 955 4848 2762 2785 3455
Route 234 : 1534 4034 1446 759 1401 3259 3946 1494 2387 3901 3994 4887 897 136 3397 2636
Route 235 : 1313 1462 3813 431 1561 3962 4061 13 2931 795 2513 1070 3295 3570 325 2146 2825 4646 848 3348
Route 236 : 1289 1627 4127 3789 328 2492 2828 1585 4992 1894 4394 569 4085 3069 1432 3932
Route 237 : 2405 192 4905 2152 2692 4652 2168 626 4668 1300 3126 3800 2435 1433 4935 631 3933 3131
Route 238 : 1979 692 1838 4479 61 2144 1109 3192 3609 2561 492 4644 4338 1932 4432 2992 1857 104 4357 2604
Route 239 : 1167 1856 4356 3667 1983 333 4483 2833 2039 1222 3722 314 4539 2814 457 2957
Route 240 : 2034 28 4534 2528 2214 2326 4714 2437 4826 4937 1230 220 1207 3707 2720 3730
Route 241 : 1287 995 403 2903 2193 1429 4693 2226 3929 3787 4726 337 2837 1645 1997 3495 4497 4145
Route 242 : 1190 3690 2317 4817 1551 1136 3636 4051 1081 541 1029 3041 3581 2458 3529 1000 3500 4958
Route 243 : 2460 296 4960 242 2796 1395 2742 3895 377 1134 1455 3634 380 2880 3955 422 2877 2922
Route 244 : 1014 259 3514 2312 1353 562 2759 4812 3853 3062 850 1030 1628 3350 4128 221 3530 2721
Route 245 : 1722 4222 2281 2047 4781 2222 4547 1796 841 4296 3341 4722 2302 642 4802 621 1486 3142 3986 3121
Route 246 : 183 2683 1392 651 3151 3892 1140 572 3640 3072 452 2952 2132 1451 4632 3951 962 3462
Route 247 : 124 597 2624 3097 1636 1418 3918 4136 1182 2138 1608 3682 4638 4108 638 3138
Route 248 : 2200 54 4700 1132 3632 2554 770 3270 2408 680 4908 632 199 3180 1149 3132 2699 3649
Route 249 : 1409 1841 4341 948 3909 880 3448 3380 1113 3613 1282 3782 1941 1073 4441 3573
Route 250 : 1388 2216 3888 2260 239 4716 1092 2739 4760 3592 1389 909 386 2886 3409 3889
Route 251 : 2452 2179 4679 145 1835 4952 4335 2645 1530 997 3497 1939 1679 4439 4030 4179 323 2823
Route 252 : 2158 450 1921 2950 351 4421 2851 882 4658 3382 1734 254 2754 579 694 4234 3079 3194 1002 3502
Route 253 : 42 1985 326 4485 1544 4044 2494 2826 2542 246 1573 4994 2746 4073 1527 2178 4027 4678
Route 254 : 1959 4459 888 1165 1858 3388 1920 3665 4358 4420 1202 836 3702 3336 740 3240 1507 4007
Route 255 : 683 3183 1728 2350 4850 4228 203 91 964 2703 3464 794 283 2591 2783 578 3078 3294
Route 256 : 2413 2411 1373 271 4911 4913 3873 884 2771 3384 454 1927 1024 2954 4427 3524
Route 257 : 581 2359 4859 2048 477 3081 4548 305 2805 2977 588 1407 3088 2061 3907 4561
Route 258 : 130 2630 2327 4827 1644 1262 4144 3762 1255 1736 736 3755 4236 2045 3236 2463 4545 4963
Route 259 : 43 599 3099 324 2543 1505 2824 4005 2266 989 1033 3489 4766 3533 498 2998
Route 260 : 1275 3775 1538 1111 3611 762 1127 3262 4038 1367 3867 2153 3627 2423 4923 940 4653 1051 3551 3440
Route 261 : 729 1500 484 3229 698 4000 1514 2984 737 3198 4014 956 3237 2419 368 3456 2868 4919
Route 262 : 1957 4457 304 1915 4415 2804 1928 1137 2372 4872 3637 4428 549 2390 2004 4890 3049 4504
Route 263 : 1467 174 934 2674 3967 3434 1258 3758 1193 392 931 2892 3431 461 3693 2961
Route 264 : 172 1128 3628 535 2672 3035 1700 2255 4200 4755 1556 832 1310 3332 3810 4056
Route 265 : 712 3212 356 18 2856 2518 1476 3976 1003 3503 2489 2122 1671 4171 4989 4622 534 3034 2030 4530
Route 266 : 1066 2251 3566 1583 4751 4083 2465 1748 4965 1831 4248 453 4331 2953
Route 267 : 788 2290 3288 2208 146 4790 2646 4708 967 717 3467 904 3404 1824 4324 3217 182 83 2583 2682
Route 268 : 456 2410 1142 2956 4910 3642 779 2394 4894 1989 3279 202 1360 2702 4489 607 3860 3107
Route 269 : 381 2881 780 1398 1405 3280 1872 3898 971 3905 3471 4372 857 3357 1147 1256 3756 3647
