Instance name : bar-n4000-2
Authors       : Dmitriy Demin, Mikhail Diakov (msd@veeroute.com), Ivan Ilin, Nikita Ivanov, Viacheslav Sokolov (vs@veeroute.com) et al. VRt Global (https://veeroute.com/)
Date          : yyyy-mm-dd
Reference     : veeroute.com
Solution
Route 1 : 312 1365 1835 1374 2312 655 3365 698 3835 3374 944 2698 2655 1201 880 2880 446 3201 1993 3993 1931 1459 3931 1989 351 2944 3989 992 324 2446 2351 2992 2324 592 3459 599 1096 3096 2592 2599
Route 2 : 154 1017 1536 1277 3017 3277 3536 1430 1183 3183 213 2213 2154 1298 3430 1881 3298 1873 1565 3881 3873 1415 1978 1587 3978 3587 1437 3565 3415 1742 3437 1531 3742 1921 3921 1677 3531 1832 382 3677 2382 3832
Route 3 : 1593 317 2317 812 3593 397 2812 52 2052 2397 1714 1998 1840 3714 3840 1068 3998 3068 1700 399 2399 3700 1912 1557 3912 1899 275 3557 2275 829 374 3899 1051 3051 2374 2829
Route 4 : 851 741 2851 1521 1454 2741 3454 1769 3521 3769 1830 344 3830 841 2344 1688 2841 747 1844 3688 2747 1316 991 2991 3844 1696 3696 1853 361 2361 369 3853 195 2195 1331 3316 3331 2369 218 2218
Route 5 : 774 1652 687 1055 3652 2774 2687 7 719 3055 2719 2007 734 617 554 1075 2617 2734 2554 626 654 2654 93 1177 3075 3177 2093 2626 736 1370 908 2908 3370 261 2736 1069 2261 659 858 2858 2659 3069
Route 6 : 750 954 178 2750 1883 2178 196 366 551 2366 1173 3883 2954 2196 3173 2551 1047 1995 3995 1727 3727 3047 647 1892 2647 1670 3892 1867 3670 1816 1615 3816 1560 1315 3615 3560 3315 3867 911 1364 2911 3364
Route 7 : 66 1780 2066 1733 3780 1774 3774 1760 3733 1168 236 3760 2236 1619 3619 235 682 2235 3168 119 1909 2119 1360 1006 2682 3909 3006 3360
Route 8 : 254 1344 231 3344 1601 2254 1891 3601 936 3891 2231 942 2936 1598 384 2942 2384 938 2938 1418 3598 1185 1642 3642 148 763 3418 3185 1468 2763 2148 1225 3468 1850 3225 1580 3850 3580
Route 9 : 1409 1053 3409 73 1222 3222 2073 3053 1573 26 207 859 2026 3573 434 1154 2859 191 3154 2434 1032 641 2641 1008 2191 1572 3572 3032 3008 1073 821 2207 123 3073 2123 2821
Route 10 : 1092 1501 3092 1889 3501 1990 1216 3216 725 3990 2725 3889 542 852 104 2852 2104 1528 1389 3528 1280 977 2977 2542 3280 1552 3389 3552 1958 1271 1367 3367 180 1404 2180 3958 3404 1975 1357 3271 3975 3357 230 1132 355 1126 3132 2355 2230 3126
Route 11 : 761 836 2836 1917 1050 2761 1487 3917 3487 203 256 3050 508 2256 67 1495 2203 3495 2067 1215 1062 2508 1575 3062 3215 1759 1014 3014 3575 582 604 3759 2604 2582 1765 3765
Route 12 : 225 1337 1098 3337 292 3098 685 2225 650 2650 2292 854 488 2685 2488 784 117 2854 1028 2117 2784 163 1414 2163 953 2953 822 145 3028 2145 389 2822 3414 791 2791 805 2389 2805
Route 13 : 1358 1987 3358 286 54 315 820 2820 137 3987 2054 356 2137 2315 16 808 2286 2808 2356 1054 2016 21 1133 3054 3133 584 1306 2021 2584 3306 1129 28 1391 2028 3129 407 664 3391 556 2556 288 2664 1796 3796 2407 2288
Route 14 : 1083 1166 3166 875 684 2875 3083 2684 1701 623 3701 476 2623 1485 2476 934 153 266 919 2266 2153 1725 2919 3725 2934 3485 1985 1953 3985 165 3953 958 2165 1900 2958 1848 3900 813 1778 3848 88 2813 898 2898 2088 3778
Route 15 : 425 1893 2425 1591 1686 413 713 3893 3686 1031 3031 810 470 2810 1529 3529 2413 3591 707 2470 619 2619 2707 832 680 2832 1410 3410 2713 1694 1860 2680 3694 3860
Route 16 : 157 48 1856 2157 1318 3856 1499 1762 2048 3499 3318 1948 925 3762 3948 1959 2925 3959 1612 265 3612 1060 2265 1841 876 3060 1256 1924 2876 3924 618 472 2618 3841 3256 866 1261 1030 3261 3030 2472 2866
Route 17 : 1302 1623 3302 3623 1332 1077 1042 3332 711 3077 3042 1577 2711 204 2204 1242 576 3577 2576 386 2386 3242 303 1019 2303 1009 3019 569 2569 3009 15 1462 910 3462 373 2015 864 2910 2864 2373
Route 18 : 1729 494 3729 1426 2494 865 98 2865 1705 3426 3705 2098 700 341 2700 1920 3920 1821 3821 140 2341 1299 2140 1394 3299 3394 427 578 499 2427 2499 978 2578 1233 2978 3233
Route 19 : 629 2629 653 1163 1923 3923 1605 3163 3605 226 2653 847 1553 2226 1320 946 3553 2847 1519 3320 279 2279 788 3519 1179 2946 2788 3179 273 1234 2273 3234 1039 3039 627 453 1895 2453 3895 1081 570 3081 2570 514 2514 2627
Route 20 : 1461 1387 1669 1712 3669 337 727 3712 3461 2727 1661 479 2337 2479 56 3661 1349 1034 3349 3387 2056 879 2879 1914 638 3034 2638 353 2353 3914 801 37 1682 200 2801 481 2200 3682 2481 2037 959 1373 2959 1130 3373 3130
Route 21 : 417 1063 3063 2417 237 903 2237 716 2716 440 2440 1940 2903 679 3940 199 2679 697 2697 2199 1608 3608 420 1375 3375 1251 2420 3251 1105 1308 686 3308 176 2686 518 2518 2176 1756 3105 3756 150 2150
Route 22 : 1449 49 1149 471 565 3449 360 2565 2049 329 2471 1622 3149 2360 3622 1240 2329 882 3240 574 1161 2882 65 3161 2574 1538 624 2065 1822 3822 3538 1898 811 1823 2811 3823 2624 1026 3026 1674 957 3674 2957 3898
Route 23 : 468 1107 2468 837 3107 1457 2837 1617 1932 3617 3457 1203 3932 939 1933 3933 668 2939 3203 2668 132 1 2001 1472 3472 818 2132 1693 3693 2818 553 1248 3248 68 2553 380 2380 2068 1974 3974
Route 24 : 250 1527 2250 1085 3527 536 116 1827 3827 2536 1198 3085 3198 987 1199 2116 2987 219 3199 2219 1626 1340 3626 1851 3851 1444 3340 3444
Route 25 : 827 722 1211 690 1684 2722 708 2708 2827 3684 1611 3211 3611 222 20 2222 2020 1152 1842 1288 3842 1270 1744 3152 3288 3270 2690 188 184 1314 3744 233 985 2188 3314 2985 2233 710 2184 403 2710 2403
Route 26 : 1533 1896 967 3896 3533 2967 175 1333 1433 2175 1999 1599 3333 3433 3999 1390 3599 1033 3390 304 3033 789 2304 993 2789 30 922 2030 2922 1775 2993 510 833 2510 438 3775 1434 2833 2438 3434
Route 27 : 1590 166 1290 3590 3290 2166 1193 1772 3193 3772 320 108 2320 868 2108 489 2868 1866 652 2489 144 1496 3866 984 2652 2984 3496 753 921 2753 2921 2144 1777 1494 3777 414 3494 1176 2414 3176
Route 28 : 1649 1793 3793 1763 3763 3649 1147 1829 505 1366 2505 216 3829 3147 1874 3874 2216 3366 1325 322 1112 3325 785 2785 3112 486 1937 3937 167 2322 2486 1272 3272 485 1078 424 2485 2167 3078 2424
Route 29 : 948 441 2948 1620 90 1291 2090 3620 2441 215 1517 2215 730 3291 2730 1399 3399 1966 3517 545 3966 31 1833 1913 3833 2031 3913 252 456 1805 2545 562 3805 2252 632 2456 2562 528 2632 1361 3361 2528
Route 30 : 1879 1864 1915 3864 1715 187 3915 1600 3715 3879 1983 3983 2187 1123 1508 3600 3123 1690 3690 1135 3508 3135 92 381 2092 1886 2381 102 3886 1643 902 2102 3643 1507 2902 3507
Route 31 : 1206 689 13 2689 3206 316 2013 975 552 2316 2552 1035 3035 748 1005 2975 1049 3049 86 1636 3005 780 2748 580 886 613 2580 1214 201 2201 3636 2086 2780 325 2886 2325 3214 533 834 728 2613 5 2834 2005 2533 2728
Route 32 : 1635 501 1159 1383 2501 1703 962 1813 2962 3703 3159 3813 3635 1969 3383 3969 1230 272 3230 1189 2272 1076 3189 3076 651 319 363 2651 1022 2363 1980 2319 539 3980 2539 1002 842 3002 3022 335 2842 2335 466 768 2768 2466
Route 33 : 615 193 1059 138 2615 2193 1354 1857 3857 663 3354 3059 2663 2138 126 2000 1749 2126 4000 503 1672 3749 2503 474 147 3672 2474 89 2147 512 1102 2089 264 24 3102 2512 778 2024 2264 2778
Route 34 : 1681 1838 4 3838 2004 1403 3681 920 1218 241 2241 3403 523 2523 142 2142 2920 658 1351 3218 1307 3351 3307 1490 1275 2658 331 442 2331 2442 3490 1392 1451 460 3275 3451 3392 2460
Route 35 : 1229 1578 620 3578 3229 2620 433 131 614 927 2131 2433 2927 27 2614 1217 2027 979 3217 1846 1101 1737 364 2979 3101 1548 3846 2364 3548 3737 907 1530 2907 894 1137 3137 3530 336 2894 2336
Route 36 : 379 211 2379 1208 1164 891 2211 3208 3164 1297 1708 3297 1027 2891 3027 170 1820 3708 1648 3820 571 3648 899 2899 2170 2571 1474 1656 3656 3474 1492 1584 3492 3584
Route 37 : 1903 1702 3702 450 3903 396 2450 860 2860 693 2396 792 777 2693 2777 1181 495 1087 3087 2495 35 3181 2035 1330 683 1322 2683 769 2769 3330 2792 3322 430 1625 2430 3625 129 2129 532 1377 757 3377 2532 2757
Route 38 : 1664 585 3664 327 918 1413 2918 2327 2585 740 112 3413 2740 1493 1422 3422 3493 1091 2112 1348 3091 134 143 1463 2143 94 2134 452 3463 3348 2094 2452 467 943 2943 2467 956 2956 561 1818 3818 41 2041 2561
Route 39 : 392 95 2392 2095 595 128 1235 2128 1902 3235 1514 220 2220 2595 3514 1877 39 3877 1904 3904 1106 2039 234 3902 1697 3697 3106 106 1368 917 537 2917 3368 2106 2537 2234 594 1458 2594 1631 1668 3458 3631 3668
Route 40 : 477 955 1450 2477 1979 1808 3979 2955 1773 1947 3773 3450 3947 3808 1722 367 3722 2367 611 110 621 1535 445 2621 2445 2611 1901 1024 2110 3024 3901 749 3535 1576 2749 1934 3934 3576
Route 41 : 1119 567 577 3119 51 2567 871 1385 3385 2871 1401 671 2577 2671 3401 1509 1471 3471 3509 1094 149 2051 3094 1640 2149 3640 419 1789 3789 2419 1128 3128 756 726 2756 2726
Route 42 : 1247 555 3247 1274 2555 3274 23 248 3 2003 2023 1313 3313 709 2248 278 2709 520 2278 2 2002 776 2776 2520 782 357 754 19 2019 2754 1072 2357 3072 2782
Route 43 : 513 496 393 2513 591 1564 2591 2496 3564 2393 58 1041 469 1839 3839 3041 208 2058 1386 2469 1379 3386 2208 1683 6 3683 1057 3379 662 3057 2662 59 2006 634 2634 2059 1532 845 1812 2845 825 12 3812 2012 2825 3532
Route 44 : 1319 1184 3184 3319 354 2354 1483 1582 3483 541 3582 1544 2541 1888 3544 343 579 2343 560 2560 2579 1336 3888 1443 1136 3443 3336 3136 1804 1341 3804 345 17 1787 3341 3787 1675 3675 2017 114 2345 10 2114 2010
Route 45 : 1241 1353 3241 1080 3353 401 1007 3007 3080 498 2401 588 2498 2588 1465 1170 3170 1739 3465 105 1994 529 3994 80 2080 2105 416 1667 3739 449 2529 559 3667 1335 2559 2449 2416 3335 40 2040
Route 46 : 904 45 186 2045 787 696 1192 2787 1160 3192 1082 2904 3160 2186 2696 3082 1963 998 3963 897 2998 348 1988 2348 2897 862 1945 665 3988 3945 2862 2665 1748 1824 3748 3824 444 2444 1125 1040 3040 3125
Route 47 : 443 1858 3858 2443 945 462 96 809 2809 53 2096 2053 2945 2462 1372 3372 1143 1589 1807 3807 3143 3589 1356 1158 3158 1267 3356 179 3267 1058 3058 2179 1432 3432 1292 815 305 1916 3916 2305 705 2815 581 3292 2581 2705
Route 48 : 931 295 2931 2295 376 1505 3505 1766 1441 3766 2376 3441 1849 3849 121 661 2121 2661 1188 75 2075 3188 124 2124 431 1633 986 853 743 3633 2431 2986 2743 2853 64 838 2064 642 2838 635 2635 2642
Route 49 : 1268 346 1140 1456 3456 3268 2346 3140 1798 1470 3470 36 3798 738 2036 1510 135 2135 1837 3837 2738 972 1190 3510 426 3190 804 2426 2804 2972
Route 50 : 46 947 2046 2947 1412 1043 82 370 3043 1249 3249 1651 3412 1395 2082 1546 2370 3395 3651 3546 1757 1061 3061 318 3757 767 2767 168 2318 994 1254 2168 3254 1981 71 2071 1910 2994 3981 463 3910 2463
Route 51 : 1311 130 2130 1719 3311 504 333 3719 930 197 2930 436 2504 1363 3363 702 798 2197 2333 2798 2436 1926 2702 408 1882 2408 1610 3882 1641 3610 3926 831 3641 721 2831 2721
Route 52 : 1279 526 3279 1689 2526 1905 3689 1065 3905 281 3065 63 2281 1745 1583 2063 253 3745 1865 290 1378 3583 3865 1475 2253 3475 1460 206 3378 2206 2290 861 1175 2861 228 3175 3460 2228
Route 53 : 568 377 1120 2568 371 3120 2377 2371 795 1783 673 3783 1556 2795 2673 352 3556 435 1596 2435 3596 2352 583 1498 550 2583 586 1142 3142 57 2550 3498 2057 2586 803 2803 712 1342 2712 1046 3342 995 2995 133 3046 2133
Route 54 : 1301 1878 3878 515 3301 1624 874 3624 2874 1052 1814 1518 3814 1276 2515 3276 1467 1023 3518 3023 3467 3052 1713 1776 3776 1174 3713 799 2799 563 3174 909 2563 814 2909 1182 1574 383 2814 3182 99 3574 2099 2383
Route 55 : 1954 940 224 3954 1036 2224 540 2540 3036 681 941 2681 1852 244 2941 2940 1767 1639 1982 3852 1604 3767 2244 3604 676 3982 1809 3639 1655 3809 2676 1295 974 3655 3295 1429 2974 1941 3941 38 3429 22 2038 2022
Route 56 : 549 1088 1262 2549 667 2667 3262 646 3088 1868 2646 1907 3907 1704 3868 547 2547 1099 3099 1758 3704 482 3758 2482
Route 57 : 83 830 2083 247 2247 1134 625 2625 3134 1525 2830 1908 3908 949 1012 3012 2949 1826 3525 3826 1545 1071 3545 3071 405 1345 2405 1122 1973 3345 3122 3973
Route 58 : 566 1779 640 2566 246 3779 1200 2640 863 3200 11 2246 2011 1167 2863 3167 895 603 164 2164 2895 1665 2603 3665 1420 359 3420 2359 1121 299 718 3121 630 1977 3977 1876 2718 2299 3876 1210 2630 1709 3709 3210
Route 59 : 1755 1448 1419 3755 3448 950 2950 1884 3419 657 3884 365 765 2657 1711 2365 174 1662 2174 3711 240 3662 2765 284 2240 415 2284 2415 18 593 458 2458 2593 2018
Route 60 : 1278 1897 3278 1563 1239 3563 3897 334 2334 1687 457 3239 989 2989 3687 2457 1479 402 3479 330 773 2402 606 2330 1376 2606 1197 2773 3197 1962 1480 3376 3962 1148 3480 1513 3148 136 2136 177 1671 3513 3671 546 2177 2546
Route 61 : 1371 421 2421 3371 321 755 2321 2755 1021 3021 260 298 1960 2260 1438 3438 139 2139 928 1244 2298 3244 2928 293 1568 3960 3568 2293 771 1231 3231 340 961 1145 2771 2340 557 29 3145 2557 2961 2029
Route 62 : 1328 824 2824 3328 120 878 478 97 1928 2878 2097 257 3928 2120 2257 2478 239 267 2239 2267 1116 525 1743 3743 2525 323 3116 362 590 2590 2323 1400 385 173 3400 2362 326 2385 2326 70 1726 2173 2070 1603 1607 3603 3726 3607
Route 63 : 1862 1447 1566 1922 746 3922 1312 3312 3447 3862 1428 2746 3566 3428 1045 797 1289 1497 3045 1038 2797 3289 1407 3038 3497 1090 1020 3407 3090 3020 1964 715 1561 3561 3964 1942 857 2715 276 42 2276 3942 2857 2042
Route 64 : 14 1111 2014 3111 758 1369 3369 1602 2758 674 1938 2674 400 3938 263 1355 3602 2400 32 1388 2032 3355 969 127 2127 2969 3388 2263 1585 428 2428 3585 608 1638 3638 2608
Route 65 : 1734 597 111 2111 2597 3734 1606 1015 232 3606 762 735 2735 3015 1676 2762 1406 2232 3406 1788 3676 1935 3935 701 3788 2701 1259 1658 1269 3658 3259 1706 473 3269 1305 3305 3706 2473
Route 66 : 660 404 2660 522 2404 1753 465 2522 1284 2465 1180 72 1971 3753 3180 1673 3284 2072 729 3971 271 2729 890 1324 209 2271 1515 2890 3324 3673 1731 1786 3515 2209 3731 964 677 2964 1257 2677 666 1887 3257 3786 2666 3887
Route 67 : 1246 3246 1209 3209 1797 1469 1961 3469 717 3797 2717 8 3961 388 2388 2008 161 1918 3918 25 2025 1001 287 3001 2161 1435 1283 3283 3435 1810 2287 3810 1540 1113 888 3540 971 1013 2971 3013 1227 3227 3113 2888
Route 68 : 118 2118 1016 3016 648 1003 1421 2648 480 1991 3991 3421 1253 3253 3003 1025 2480 69 1285 724 2069 338 3285 61 2338 3025 1127 2724 2061 1066 3127 1424 3066 723 3424 1952 2723 742 2742 33 3952 2033
Route 69 : 637 1245 3245 779 970 2970 289 2637 2779 976 2976 1393 372 2289 491 1194 3194 2491 2372 202 1659 636 3393 3659 2202 2636 531 398 1321 2398 3321 672 198 2531 2672 1943 2198 1196 464 3196 3943 2464
Route 70 : 217 1586 2217 968 62 3586 429 924 2062 2429 339 2339 1825 2968 2924 3825 616 454 2616 2454 573 2573 205 1634 3634 2205 1567 189 3567 800 2189 1927 3927 2800
Route 71 : 1150 1770 3150 1124 169 3770 3124 1885 2169 1614 3885 3614 172 923 2923 2172 745 1537 1569 2745 3569 3537 1153 835 1207 2835 1115 3153 3207 146 1195 1339 3115 3339 2146 3195
Route 72 : 643 307 2307 807 2643 156 1382 3382 2156 190 113 802 2807 1795 2190 3795 2802 390 439 2390 437 2437 2439 703 1870 1819 2113 2703 1996 1405 775 3996 3819 2775 1738 3870 101 3738 1751 3405 1919 3919 2101 1740 3751 3740
Route 73 : 1108 1416 3416 448 2448 3108 793 1004 1717 3004 2793 1621 3717 296 1828 3828 2296 1894 3621 1273 3894 622 2622 1110 3273 3110 887 328 937 2328 2937 1785 2887 283 44 2283 2044 1644 3785 1782 3644 3782
Route 74 : 487 839 609 2487 2609 1486 2839 965 1562 1326 2965 378 3486 1950 1627 3562 3627 3326 2378 1597 823 3950 1000 3597 1754 3000 3754 1680 737 3680 1522 2737 2823 892 160 2892 2160 1317 3317 1439 3522 3439
Route 75 : 1265 107 2107 3265 1949 1178 733 1801 1329 3329 3801 2733 628 350 3178 1691 2628 3949 1165 2350 544 3691 511 3165 2511 171 1526 2544 2171 1616 3526 1425 3616 9 506 3425 1869 2506 849 1741 2849 3741 3869 2009
Route 76 : 1629 115 3629 1427 332 2115 1398 3427 1871 694 3871 2694 1723 819 3723 3398 2332 966 282 2819 1806 280 2966 3806 1542 2282 2280 3542 1238 1221 1836 3238 3221 1523 3836 3523 534 848 1761 3761 2534 2848
Route 77 : 877 1310 2877 1300 1202 3300 1695 3202 1243 3695 3243 3310 996 100 2996 2100 1213 1089 3213 3089 1595 1417 1232 1925 3417 3595 3925 3232 1171 158 2158 1157 3171 1520 3157 1863 3520 933 3863 1724 2933 3724
Route 78 : 1781 575 2575 3781 516 185 183 2183 2185 2516 502 850 558 2502 2850 2558 1800 3800 243 1524 2243 3524 913 1721 2913 91 1067 905 2091 3721 3067 790 883 2883 1162 2790 2905 3162
Route 79 : 1264 1228 781 1029 3029 3264 2781 3228 1473 1204 3473 602 932 2602 2932 1309 1359 255 3359 688 3309 2688 1911 2255 1811 3811 678 3204 3911 2678 1957 309 3957 1984 3984 901 2309 1929 2901 3929 1972 155 1802 3972 2155 3802
Route 80 : 1794 1728 3728 3794 1859 3859 162 1155 2162 1477 3155 1464 3464 1442 1118 796 3477 1692 3118 2796 3442 1453 3453 3692 1951 1431 3951 60 3431 1632 1768 3632 2060 1710 990 3768 2990 3710 760 2760
Route 81 : 1347 889 3347 1647 2889 3647 915 2915 81 1223 1260 3260 3223 2081 786 633 1831 2786 432 2633 1205 2432 3205 982 3831 2982 843 242 447 2242 2447 55 2055 1343 2843 459 3343 2459 952 695 2695 2952
Route 82 : 1446 78 2078 395 1476 2395 3476 493 601 152 2493 2152 1282 2601 3282 751 3446 1219 906 2906 1263 2751 999 3219 2999 1666 3263 3666 1551 1534 50 3534 3551 76 2050 1103 3103 2076
Route 83 : 1730 1875 535 3730 1930 3875 3930 2535 1771 1861 3771 872 3861 274 2872 182 1992 770 3992 262 2274 2770 2182 645 1491 2262 1093 2645 3491 1764 3093 1660 1735 3764 1455 3660 1226 3735 3455 527 3226 2527
Route 84 : 509 806 2509 192 1489 3489 2806 2192 1151 3151 856 900 2856 2900 1817 1286 3817 1086 3286 1011 1799 3799 846 3011 1997 3086 766 2846 1678 3678 3997 2766 291 1506 2291 1967 3967 214 3506 2214
Route 85 : 229 34 2229 2034 1334 1503 3334 816 3503 394 1296 2394 2816 1855 3296 500 2500 1287 3287 387 492 3855 2492 249 2387 238 2249 1784 490 2238 2490 524 3784 699 1986 194 2524 122 2699 2194 3986 2122
Route 86 : 1906 960 3906 2960 47 929 2929 227 2047 2227 1539 916 300 519 2916 3539 572 1511 2519 2300 2572 656 3511 605 2656 1478 2605 347 3478 1718 1650 2347 1592 3718 3592 423 3650 1252 2423 3252
Route 87 : 1699 1304 3699 1084 1266 3304 3266 1558 3084 1138 3558 3138 1845 675 1653 1327 3845 2675 3327 1512 74 3653 2074 3512 391 410 731 2410 2391 670 772 2731 1212 2670 1570 2772 77 3570 983 3212 589 2077 2983 2589
Route 88 : 873 306 1547 2306 3547 2873 1380 1397 3380 3397 1255 1048 3255 1663 3663 1581 3581 3048 548 844 2844 1880 2548 612 1236 3880 2612 1803 3236 1970 3803 3970 412 1502 3502 2412 349 2349 896 2896
Route 89 : 826 223 302 2223 2826 1792 2302 87 596 3792 692 2087 2692 358 704 2596 759 2358 2704 2759 1381 926 1654 2926 3381 935 867 1172 2935 1488 3172 1618 3654 2867 3618 3488
Route 90 : 1070 912 1423 1074 3074 1109 507 3109 3070 259 2507 2259 2912 3423 1550 1939 1791 3550 406 3791 2406 3939 1187 422 3187 1500 84 2422 1946 2084 3500 3946 1445 1594 1440 1716 3594 3716 3440 530 455 2455 2530 3445
Route 91 : 598 301 2598 1010 1936 3936 1362 2301 3010 881 269 3362 1815 3815 951 2881 2951 720 2269 375 258 1281 2720 2375 3281 2258 1191 221 3191 2221 1169 1609 3169 3609
Route 92 : 1628 732 3628 1220 1834 3220 3834 649 2649 764 2732 1139 2764 783 2783 1698 980 2980 3698 483 2483 1350 3139 587 3350 125 2587 1747 1571 3747 103 2125 2103 1890 3571 3890
Route 93 : 1396 1384 3396 1100 3100 3384 277 1408 3408 1141 2277 1965 3141 342 3965 2342 543 2543 368 1146 2368 285 3146 2285 151 1720 2151 294 2294 3720 1411 870 564 1237 2564 3237 3411 2870
Route 94 : 1064 639 521 3064 2639 794 1588 2794 3588 409 644 2521 2409 1186 2644 1732 1250 752 3186 2752 1955 3250 1637 1554 3554 1044 3637 1872 3955 3732 311 3872 3044 1144 2311 141 3144 2141
Route 95 : 1095 1482 1504 884 3095 840 3504 2840 2884 3482 1541 1944 3944 981 3541 2981 1294 1736 3294 475 1018 3736 497 1484 3484 2497 893 3018 210 1402 2475 1481 2893 2210 1352 3402 3481 3352 1746 607 3746 2607
Route 96 : 1543 451 3543 2451 1752 669 2669 3752 1968 314 3968 997 2314 2997 1843 3843 109 159 2109 1293 1466 2159 3293 3466 1516 1685 313 3685 3516 79 297 2313 2297 251 610 2251 2610 2079
Route 97 : 1646 270 3646 411 1630 1549 3549 3630 855 2855 2270 2411 517 744 1346 2744 1114 2517 85 1679 3114 714 3679 2714 1037 3037 1559 1452 1613 3559 1338 3452 691 2085 1131 3346 2691 1117 3613 3338 268 3131 3117 181 2181 2268
Route 98 : 418 1956 3956 310 988 2418 1097 1156 631 2631 43 2310 3097 1847 2043 3847 2988 3156 461 1303 3303 2461 869 885 1707 2869 1657 3657 3707 2885 538 2538 308 1790 1224 3224 3790 2308 212 1323 2212 1579 3579 3323
Route 99 : 1436 963 3436 828 1645 914 1079 2963 1555 3079 3555 2914 706 3645 2828 1056 2706 1104 1750 3104 3056 600 3750 2600 1976 973 3976 739 2973 2739 817 484 245 2817 2245 1854 1258 2484 3258 3854