Instance name : bar-n5000-1
Authors       : Dmitriy Demin, Mikhail Diakov (msd@veeroute.com), Ivan Ilin, Nikita Ivanov, Viacheslav Sokolov (vs@veeroute.com) et al. VRt Global (https://veeroute.com/)
Date          : 2023-04-24
Reference     : veeroute.com
Solution
Route 1 : 1956 621 1573 4456 2200 4073 3121 4700 96 744 2596 3244 1105 1965 912 3605 3412 4465 2317 2011 4511 4817
Route 2 : 1120 1690 1103 4190 1410 3603 3620 758 1657 4157 3910 1951 4451 2052 4552 1438 3258 3938 2180 851 4680 531 3031 3351 811 3311
Route 3 : 925 626 1969 3425 3126 121 4469 155 2655 2621 1522 1349 4022 1854 3849 4354 1395 1031 3895 3531 149 2649
Route 4 : 444 1331 2944 2288 4788 3831 1465 2458 4958 350 1365 2850 1614 3965 2419 4114 4919 1057 3557 3865 1255 59 2559 3755 976 3476
Route 5 : 402 1008 416 2916 1927 2902 1315 4427 2363 4863 3508 2166 21 3815 1653 4666 4153 2521
Route 6 : 134 2634 859 818 1945 3359 220 4445 3318 2102 2253 2720 4753 797 2292 4602 1844 4792 136 2636 4344 3297 1366 1367 3866 3867
Route 7 : 1394 2222 3894 1371 4722 2495 3871 2128 4628 4995 2085 4585 1968 2049 4549 2241 4468 2443 4741 4943
Route 8 : 2437 1840 4937 1650 2230 4730 4340 1062 4150 3562 870 355 3370 2001 2855 718 3218 2307 1710 4501 4807 2467 4210 4967
Route 9 : 1814 4314 1644 625 3125 4144 2405 4905 2015 4515 1987 1502 4487 1561 4061 4002 1454 1873 3954 201 4373 4 2701 2504
Route 10 : 932 693 221 3432 2721 2008 4508 3193 1618 1623 4123 4118 214 2714 662 64 3162 576 656 3076 3156 2564
Route 11 : 1810 158 4310 369 874 2869 1901 2658 3374 856 4401 1760 3356 594 907 3094 4260 1658 2383 3407 4158 768 862 4883 3268 3362 506 3006
Route 12 : 391 2891 1466 3966 2244 726 2184 3226 1893 4684 719 4393 3219 84 671 2584 1101 4744 3171 3601
Route 13 : 767 3267 1215 2296 3715 1907 4796 113 2613 4407 218 2718 2201 1231 1933 4433 91 2591 4701 1546 3731 4046
Route 14 : 1947 1019 4447 3519 88 1260 3760 286 2588 1257 2786 752 2091 290 4591 3757 2790 3252 1250 1862 4362 3750
Route 15 : 1599 4099 377 2877 2408 906 4908 3406 727 341 1692 3227 774 4192 798 2841 2016 3298 1069 3274 3569 4516
Route 16 : 2434 364 4934 2232 2864 1790 26 4290 980 2526 3480 4732 401 990 2901 1992 3490 694 1788 4288 2313 3194 4813 4492
Route 17 : 2251 4751 1766 1911 4266 4411 434 43 2543 2934 987 1654 480 2980 1067 3487 4154 3567
Route 18 : 707 2355 1666 3207 139 2639 4855 1446 226 4166 977 3946 1066 2726 3477 2120 3566 1139 4620 1148 3639 3648
Route 19 : 2275 4775 1679 427 1462 3962 2406 4179 4906 1900 2927 2012 4512 4400 1675 97 2597 115 4175 2615
Route 20 : 144 1007 3507 1529 2644 917 615 3115 448 4029 2948 918 2191 479 3418 4691 2979 1704 3417 4204 2453 4953
Route 21 : 2006 4506 706 423 261 3206 2923 880 2761 804 3380 393 3304 1484 3984 1379 868 3368 3879 2077 938 2893 1515 3438 4577 4015
Route 22 : 1424 77 3924 1152 3652 2577 2445 1021 546 3521 1263 3046 4945 3763 2462 529 3029 4962 259 2759 2013 1611 4513 4111
Route 23 : 651 344 3151 1012 2036 2844 1234 3512 704 4536 3204 3734 750 2359 3250 1812 4859 2073 305 4573 1285 2805 675 4312 3175 3785
Route 24 : 843 2061 1586 4561 638 3343 3138 949 1380 3449 3880 4086 2153 232 1569 2732 4653 1161 4069 3661 1726 4226
Route 25 : 1648 835 1847 3335 4347 1370 3870 4148 2332 781 1014 4832 3514 3281 1246 409 3746 2909 126 1074 1298 3574 2626 3798
Route 26 : 561 3061 864 1040 3540 116 2616 2057 3364 1467 4557 3967 1236 1801 3736 1842 4301 4342 2393 1574 4893 2291 4791 4074
Route 27 : 2109 1635 916 4135 431 3416 569 4609 3069 2931 892 1548 3392 4048 1868 2426 738 4368 1078 3578 2033 4926 4533 321 3238 265 2765 2821
Route 28 : 307 1912 2238 4412 2807 1791 4738 95 1169 4291 3669 1224 2595 2299 4799 3724 1347 2092 4592 1319 3819 597 3847 3097 428 1325 3825 2928
Route 29 : 2412 4912 1955 1856 122 2622 1056 3556 4356 1136 4455 1572 823 3323 4072 191 3636 2090 2691 1683 4590 4183 2490 4990
Route 30 : 469 2969 631 1414 3131 773 3914 2137 998 3273 1279 4637 57 3779 3498 1256 2557 620 3756 3120
Route 31 : 2360 2488 4860 474 4988 611 2974 699 3111 3199 1076 3576 1833 1570 4333 217 2717 4070 820 649 3320 3149 2009 1974 4474 4509 1832 4332
Route 32 : 691 1328 1123 3191 2188 4688 3828 1607 3623 4107 440 336 1551 2836 4051 2940
Route 33 : 1603 1740 4240 4103 2456 1112 3612 212 4956 2164 2712 723 3223 2476 537 3037 279 2779 4976 4664 1510 4010
Route 34 : 2477 2375 4875 1938 4438 32 4977 1464 2532 709 1853 3964 3209 454 4353 1084 2954 304 3584 1317 2804 2048 3817 919 3419 4548
Route 35 : 320 550 2371 2820 1070 4871 3050 1725 3570 4225 1991 755 4491 3255 375 2295 2875 2101 4601 766 739 3239 4795 3266
Route 36 : 1388 2422 4922 1470 3970 3888 2438 1612 4938 786 3286 4112 962 1413 1838 3913 3462 1345 334 2834 4338 3845
Route 37 : 1590 951 420 2920 1179 4090 3451 3679 1201 2168 3701 586 4668 2448 3086 1138 2304 3638 4804 1871 4948 4371
Route 38 : 2274 2005 2010 4774 30 4510 4505 2530 613 1440 3113 1492 3940 3992 2321 280 4821 2780 325 498 2825 867 2998 1437 3937 3367
Route 39 : 353 2853 1117 78 1828 2578 3617 4328 154 2654 170 223 1293 2670 3793 815 484 3315 844 3344 2984 2723 1709 2183 4209 4683
Route 40 : 2269 4769 2312 4812 276 37 2776 2017 4517 1423 2234 2537 3923 4734 1222 1208 954 3722 2367 3708 4867 3454
Route 41 : 1193 3693 1352 47 2547 1571 3852 4071 605 1593 3105 2424 4093 1080 1305 3580 4924 1948 3805 4448
Route 42 : 2399 1382 4899 378 3882 2878 1369 197 3869 1457 2697 2261 3957 836 3336 4761 1746 4246 1620 4120
Route 43 : 1089 579 3589 3079 1649 1695 4195 2037 4537 4149 1286 2044 3786 4544
Route 44 : 209 1299 3799 2382 4882 2348 2709 1302 588 3088 3802 4848 2209 1655 4155 4709 982 414 3482 1892 2914 4392
Route 45 : 793 1693 4193 1266 3293 3766 2028 1051 4528 66 1493 3993 590 3551 2566 3090
Route 46 : 1310 1065 3810 1389 3565 778 3889 208 2708 3278 8 2508 1647 1097 4147 3597 2146 1632 4646 4132
Route 47 : 247 2747 366 1448 1825 3948 127 2866 2478 4325 2132 2480 234 2627 4980 4632 4978 2734 1668 4168 1176 3676
Route 48 : 2256 2138 2198 4698 4756 802 4638 1915 3302 1004 3504 2320 4820 4415 2397 2475 4975 2179 4679 132 2632 4897
Route 49 : 2329 4829 2335 4835 598 3098 769 877 730 3269 3377 3230 140 1175 609 2640 1188 3675 389 3109 3688 1762 1165 3665 2889 4262
Route 50 : 1732 99 2599 1797 4232 4297 1870 1888 4370 4388 1436 2141 3936 1917 4417 728 3228 4641
Route 51 : 360 1981 1597 4481 939 497 2997 2860 4097 248 1834 4334 3439 25 1265 2748 3765 1878 2525 526 3026 2374 4378 4874 237 65 2565 2737
Route 52 : 2259 764 4759 1682 3264 4182 875 2207 4707 3375 58 1090 2558 1667 4167 1775 4275 3590 2113 2131 4631 4613 1946 4446
Route 53 : 1953 4453 2027 387 4527 2887 1015 446 2946 1214 599 3714 3099 838 3338 2139 3515 2378 1848 4639 4348 4878
Route 54 : 1858 1777 4358 2229 2468 4968 4729 4277 1553 661 3161 2178 2487 4678 4987 4053 53 1972 4472 2553
Route 55 : 1409 394 3909 1715 2894 770 4215 1146 3270 2050 2430 3646 1126 4550 460 3626 4930 1118 532 2960 3032 3618
Route 56 : 1952 961 3461 67 4452 1278 3778 2567 348 814 2848 278 2778 2420 3314 219 2719 4920 2287 4787
Route 57 : 1068 1869 3568 4369 1312 1591 4091 1896 1348 3812 4396 923 1297 3797 3848 2300 4800 1282 1754 3423 2417 4254 1605 3782 1978 4917 4478 4105
Route 58 : 992 3492 1879 2043 4379 1430 3930 4543 2439 1449 4939 710 1501 3949 4001 2493 3210 4993 1525 4025 260 2760
Route 59 : 466 62 2966 2562 492 1150 899 3399 2992 3650 39 266 2539 2766 107 288 2175 2607 4675 2788
Route 60 : 239 1153 2739 3653 1109 1967 3609 1261 4467 1836 4336 1281 3761 267 3781 1130 2416 3630 2767 4916 2047 1963 4463 4547
Route 61 : 1277 302 3777 2802 1140 1982 3640 4482 2174 2401 4901 4674 1819 2432 4319 1429 3929 2380 4932 1759 4259 1427 4880 3927
Route 62 : 7 2428 1528 4028 2117 2507 4928 324 177 2677 2824 1151 4617 946 3446 3651 2118 1158 3658 4618 1697 4197
Route 63 : 2270 1662 4770 2249 4162 4749 310 574 3074 1758 4258 2810 128 1705 2628 881 3381 4205
Route 64 : 72 825 2572 3325 664 2143 3164 1237 3737 125 4643 603 1877 2625 3103 4377 2215 145 4715 2311 2645 81 2581 4811
Route 65 : 1359 1227 3859 3727 287 2787 794 1865 3294 4365 528 306 3028 2806 1461 400 3961 1009 2900 1128 3509 3628
Route 66 : 1989 1783 2228 4283 1375 4489 4728 3875 1637 866 379 3366 1815 2879 2436 4315 2003 4137 4936 1125 4503 1407 3625 855 3907 3355
Route 67 : 2237 2196 1691 4737 4696 4191 1950 1142 1479 2081 4581 3979 4450 1735 2435 3642 3 2503 4235 4935
Route 68 : 2212 816 3316 195 4712 1829 2695 4329 160 2104 2660 644 3144 540 2082 4582 407 4604 2907 258 3040 2758
Route 69 : 2306 2431 1425 194 1276 4806 3925 2694 2302 1434 1928 3934 4931 1509 3776 4802 4428 1038 4009 131 3538 2631
Route 70 : 100 2124 2600 4624 771 884 3384 3271 1041 3541 819 1539 3319 4039 1541 983 3483 4041 2107 124 4607 425 2925 2624
Route 71 : 1909 4409 496 757 3257 2996 890 1155 3655 2216 3390 4716 2334 1508 4834 4008 1156 2187 3656 1113 4687 530 1566 3030 4066 3613
Route 72 : 1415 960 3460 1622 4122 1296 3915 557 3796 1922 3057 2071 4571 2161 4422 4661 1460 3960 388 1516 4016 973 3473 2888
Route 73 : 572 1132 517 2341 4841 495 3632 3017 2995 3072 1131 2442 3631 4942 1554 952 1866 4054 3452 1177 4366 839 968 3339 3468 2172 3677 4672
Route 74 : 1576 658 4076 850 610 339 3350 3158 2839 1143 1921 3110 4421 1898 3643 1531 4031 1672 4398 4172
Route 75 : 749 224 2724 1823 4323 104 3249 2604 1961 789 4461 640 3140 1913 3289 4413 313 2116 2813 1137 3637 4616
Route 76 : 2136 1750 1489 4636 808 4250 2479 4979 3989 3308 1311 1116 3811 337 3616 886 1047 3386 2837 3547 1959 4459
Route 77 : 1881 1859 1765 914 4265 4359 1786 4381 4286 3414 447 657 2078 3157 4578 2947 1093 560 3593 171 3060 1517 270 2770 4017 2671
Route 78 : 659 1232 2460 3159 1024 3732 4960 1929 3524 4429 1960 541 494 4460 2994 3041 2087 424 1782 2924 2372 4587 4282 4872 1494 3994
Route 79 : 112 435 2612 2935 343 2162 4662 242 2843 562 142 2642 3062 2742 509 1696 3009 1268 3768 4196 467 2110 559 4610 725 3059 2967 1860 3225 4360
Route 80 : 2236 997 4736 3497 687 2240 3187 1088 3588 4740 1033 1114 3614 801 3533 970 3470 3301 1638 813 4138 3313
Route 81 : 1384 2246 4746 1164 1082 2423 3664 865 3582 4923 3884 422 2922 1294 3365 3794 1102 759 3602 3259 117 2617 1287 1 1100 3787 2501 3600
Route 82 : 1505 1017 2315 4005 3517 2100 4815 883 297 9 2797 583 3083 98 3383 2509 2598 1322 1876 4600 1610 4110 3822 4376
Route 83 : 1309 3809 1094 2345 3594 4845 2250 2498 1478 4998 3978 4750 48 2548 2066 186 23 4566 2686 2523
Route 84 : 688 2163 3188 4663 487 2447 2987 4947 1411 1108 1804 589 3608 1719 3089 3911 2000 4500 822 4219 4304 489 2989 3322
Route 85 : 1306 70 3806 1242 2570 1817 4317 2356 3742 246 4856 2746 405 109 2905 2609 198 453 2698 716 2953 2140 3216 169 4640 2669
Route 86 : 535 3035 294 2794 2394 692 1977 4477 3192 4894 2444 1661 4944 4161 1780 522 3022 4280 1245 1225 3725 3745
Route 87 : 1291 3791 928 1244 3744 3428 943 1560 4060 383 513 3013 3443 1238 2185 2883 634 3738 4685 3134 894 1372 3394 3872
Route 88 : 1230 192 1555 4055 3730 2181 2692 1383 1210 4681 1059 3883 1733 3710 256 3559 4233 2756
Route 89 : 558 2038 2386 3058 1752 4252 4886 4538 1774 2147 4647 1098 4274 1344 3598 1904 3844 1717 1958 4404 4217 4458
Route 90 : 1626 753 4126 216 2716 3253 2053 1145 2099 4599 3645 4553 1580 1313 3813 668 2257 4080 4757 1737 3168 4237
Route 91 : 1604 2170 4104 1144 3644 1673 4670 4173 2262 4762 2387 412 4887 1714 4214 2210 4710 571 2119 3071 2912 4619
Route 92 : 1307 1396 2389 4889 3807 3896 1659 4159 935 2125 349 2849 4625 1594 941 3435 4094 461 3441 2206 4706 245 2961 2745
Route 93 : 1802 299 4302 2799 876 751 3251 3376 2333 2370 722 4833 4870 672 3222 2392 3172 4892
Route 94 : 762 3262 340 682 3182 2452 2840 4952 75 1267 3767 1327 2575 2219 3827 4719 1280 257 2757 152 3780 2652
Route 95 : 445 2067 2945 475 849 4567 2975 1386 3886 264 3349 2764 989 1806 4306 3489 240 1851 4351 2740 2192 2189 4692 4689 826 1058 3558 3326
Route 96 : 896 3396 828 253 3328 71 2753 2571 1445 1514 4014 55 3945 1739 4239 2555 12 685 3185 873 1651 3373 4151 2512
Route 97 : 1052 3552 782 129 2629 2023 1121 3282 3621 600 3100 4523 1203 2388 3703 676 4888 3176
Route 98 : 1393 1490 3990 1361 3893 2024 4524 1702 4202 485 3861 1678 2985 4178 779 635 3135 1793 3279 1184 1337 3837 4293 3684
Route 99 : 2176 2247 2324 1431 4747 2083 4583 4824 947 4676 3931 1984 3447 1718 4484 4218 1243 3743 2351 332 167 2832 105 978 2667 4851 3478 2605
Route 100 : 857 1552 1994 4052 3357 536 1940 4494 3036 1884 4440 395 4384 1634 2895 1656 1149 4156 4134 1443 1485 3649 3943 3985
Route 101 : 406 2906 1081 3581 1966 342 1747 2842 4466 4247 1346 1794 3846 4294 1326 50 3826 1463 2550 1846 3963 922 4346 3422
Route 102 : 1390 2121 3890 887 4621 2481 3387 2266 4981 4766 110 2610 652 1106 3152 3606
Route 103 : 1190 1920 4420 1664 4164 3690 2410 4910 2252 1324 4752 3824 16 2516
Route 104 : 1971 724 196 3224 1606 510 2696 4471 3010 2305 4805 1875 4106 4375 2158 2446 4946 544 4658 3044 533 1487 3987 2400 130 3033 4900 2630
Route 105 : 805 3305 641 3141 1401 3901 846 106 3346 2606 565 902 3065 3402 2056 1563 4556 4063 748 2491 3248 4991
Route 106 : 1029 1763 701 4263 3529 87 2486 2587 3201 4986 830 1220 3330 690 3190 3720 1204 627 3704 1270 3770 3127 63 2563
Route 107 : 2045 52 2552 2130 4545 4630 459 2959 2464 1048 996 3548 4964 1518 1274 3496 3774 4018 2390 4890
Route 108 : 1110 386 3610 2433 2886 1970 4470 1962 2283 4933 4462 4783 1034 1314 575 3534 3814 368 3075 193 2868 1813 2693 268 4313 2768
Route 109 : 979 3479 2347 1251 2278 4778 1360 3860 3751 4847 2301 1483 3983 1496 4801 3996 765 1687 3265 4187
Route 110 : 175 926 327 2675 1894 3426 4394 359 2827 500 2859 596 3000 3096 1320 3820 653 1532 840 3153 3340 1512 4032 4012
Route 111 : 999 1403 1063 3499 2358 677 3563 3903 3177 4858 669 222 2722 1708 3169 1789 4289 1022 3522 4208
Route 112 : 1542 22 2522 4042 2225 4725 403 2903 1703 1042 3542 4203 2177 228 534 4677 3034 2728
Route 113 : 490 2990 2322 2169 4822 2330 4669 4830 2309 1729 1883 1914 4229 4383 4809 1549 4414 148 4049 2648 79 2579 60 399 2560 2899 254 2754
Route 114 : 1975 717 4475 3217 1627 555 4127 1889 3055 45 4389 184 975 2545 236 2160 2684 2075 2736 4660 3475 4575
Route 115 : 229 2497 1170 4997 3670 711 2729 433 2933 3211 2034 703 3203 361 4534 2254 2861 1364 3864 381 1469 2881 4754 3969
Route 116 : 1916 1741 4241 4416 1264 465 269 3764 2769 2965 483 442 2942 120 2620 2983 2349 636 4849 318 3136 2818
Route 117 : 2093 623 3123 4593 527 1480 3980 1342 3027 3842 146 2103 4603 618 2646 2403 1171 3118 3671 1767 1304 4903 4267 3804
Route 118 : 1002 3502 2055 642 168 3142 4555 2248 2144 2668 4748 4644 834 249 3334 1211 940 1054 2749 741 3554 3711 3241 3440
Route 119 : 756 2337 1010 2385 3510 3256 1721 872 4885 4221 1768 2068 3372 4568 4268 1886 4837 1874 4374 645 4386 162 3145 2662
Route 120 : 206 2097 4597 2122 4622 1698 2706 2350 4198 2376 4850 457 4876 14 2957 114 2614 1503 2514 4003
Route 121 : 292 827 2792 2020 3327 2391 4520 73 4891 944 3444 737 2218 2573 1550 4050 4718 3237
Route 122 : 92 2592 380 1392 51 164 2880 3892 1652 1996 2664 2551 1167 4152 1688 3667 4496 4188 1195 524 3024 1918 3695 4418
Route 123 : 882 86 3382 2586 1398 178 1902 2678 3898 1397 1808 397 2897 4308 3897 2135 199 2098 2699 4402 4598 4635
Route 124 : 2361 2366 4861 4866 630 1784 4284 418 3130 398 2898 665 54 3165 1200 2554 3700 2918
Route 125 : 2245 858 617 4745 1731 3358 3117 4231 2418 4918 601 308 2808 3101 879 93 2494 3379 4994 2593
Route 126 : 799 1507 4007 3299 1216 2325 3716 2199 4825 2032 4699 1192 539 3039 568 3692 455 4532 720 2955 3068 3220
Route 127 : 915 650 3150 3415 2429 18 4929 2518 231 518 2731 1186 3018 3686 312 1162 3662 1506 2482 2812 1615 4982 4006 624 4115 3124
Route 128 : 404 2904 1976 4476 2094 4594 143 76 2643 2281 2576 328 4781 2828 1582 891 4082 159 3391 326 790 2826 2659 3290
Route 129 : 94 2594 1350 1441 3850 1616 3941 1787 4116 566 3066 2079 4287 4579
Route 130 : 1798 2377 1568 4068 29 4298 4877 2529 1259 2150 3759 4650 2499 419 4999 700 2919 670 1641 3170 4141 3200
Route 131 : 2384 1923 4884 2457 4423 604 4957 2255 4755 3104 842 655 1417 3155 1939 3917 2276 3342 742 3242 1475 3975 4776 4439
Route 132 : 1481 2485 3981 1133 1072 3633 3572 950 2004 4985 3450 271 2771 4504 1055 3555 936 1734 3436 2484 931 4234 3431 4984
Route 133 : 1495 817 2046 3995 4546 3317 2042 1046 1182 3546 4542 1602 3682 1727 322 2822 927 4227 1523 4102 1609 3427 4109 4023
Route 134 : 1183 502 13 3683 3002 1990 4490 945 1547 4047 2513 3445 1700 464 2964 841 1845 4200 137 4345 2637 3341 1016 3516
Route 135 : 715 1035 3535 3215 411 525 3025 1406 2911 2362 468 3906 4862 2968 1377 1000 3877 3500 473 2973
Route 136 : 415 2263 2915 4763 2368 1228 667 4868 3167 3728 2231 1809 4731 4309 1073 1419 1520 3573 4020 3919
Route 137 : 904 3404 1079 1060 3560 3579 994 289 1011 3494 2789 2080 3511 1743 4580 156 119 4243 2619 2656
Route 138 : 1919 1049 4419 202 347 3549 2847 1405 3905 2039 2702 1442 4539 3942 1837 1716 847 4337 4216 3347
Route 139 : 1908 1095 3595 4408 905 1173 3673 3405 1329 503 2402 4902 3829 213 2713 3003 1578 543 4078 180 3043 1564 2680 1761 4261 4064
Route 140 : 1258 937 2298 3437 3758 2194 2357 4798 2106 4694 4606 1937 2340 4857 1387 429 4437 3887 4840 2929
Route 141 : 2060 283 15 4560 2783 2202 809 2515 4702 2472 4972 3309 413 1159 2913 1674 3659 4174 934 3434
Route 142 : 2112 4612 2365 714 1300 3800 4865 3214 2149 2221 4721 549 4649 3049 2282 4782 11 900 1499 3400 358 3999 2511 2858
Route 143 : 1821 345 2845 4321 2342 1354 929 1071 3854 3571 2473 4842 3429 274 2774 4973
Route 144 : 35 1540 2535 1064 1381 3564 4040 2123 4623 984 747 3484 3881 2338 3247 2496 4838 238 1330 2738 4996 3830
Route 145 : 1993 1778 4493 775 3275 4278 521 948 3021 1455 3448 2459 3955 4959 654 3154 181 1099 2681 689 108 3189 2142 2608 3599 4642
Route 146 : 384 2884 959 3459 329 1229 2829 430 3729 1744 2930 488 4244 2988 2396 964 4896 316 3464 1391 2816 2353 4853 3891
Route 147 : 2019 4519 357 1172 3672 153 2857 2653 833 1378 3878 3333 570 182 3070 697 2682 551 3197 3051
Route 148 : 1343 3843 275 2127 370 504 4627 2775 2870 3004 1127 1711 3627 4211 1954 2167 4667 4454 2059 1613 4559 4113 695 3195
Route 149 : 1926 82 2088 4588 4426 1619 2582 4119 564 3064 852 1964 6 4464 3352 2506 2211 1625 4711 4125 1240 3740 1351 1843 3851 4343 410 2910
Route 150 : 1579 392 4079 696 2277 2892 3196 732 4777 1543 1559 436 2936 4059 4043 3232 2115 1598 1863 4098 4363 4615
Route 151 : 953 3453 172 1665 2672 4165 505 1770 3005 103 2195 2603 1334 4270 3834 4695 888 734 837 2373 3388 3234 1567 4873 4067 3337
Route 152 : 2058 1589 646 4089 3146 580 4558 1247 3080 3747 780 2489 3280 1269 4989 2268 3769 61 4768 408 1416 2561 2908 3916 1800 4300
Route 153 : 1221 1885 3721 1141 1772 4385 3641 1198 323 3698 4272 2823 606 2314 3106 2021 4521 4814 1816 1769 4316 4269
Route 154 : 501 1178 1018 3001 1686 3518 1223 3678 4186 2339 2002 3723 4502 713 1217 3717 4839 31 2531 821 3213 1545 111 3321 4045 2611
Route 155 : 2258 372 2872 2260 1157 3657 969 4758 4760 519 2157 3469 3019 2421 4657 1671 2220 4720 1882 4921 4171 4382
Route 156 : 335 1402 2323 889 3902 2835 3389 1663 1720 4220 4823 4163
Route 157 : 705 2030 317 4530 1308 3205 1694 2817 4194 3808 1872 4372 2105 955 4605 1932 1450 3455 993 3950 4432 3493
Route 158 : 263 1577 2763 740 2451 3240 4951 4077 988 553 3488 736 3053 90 3236 210 520 2710 2590 1451 1205 3705 3951 3020
Route 159 : 432 2932 2319 1473 4819 854 34 2534 3973 2469 1135 3354 4969 885 3385 3635 512 185 3012 2685 1677 2285 4785 1091 4177 3591
Route 160 : 1899 1163 2395 3663 731 4895 3231 1189 4399 244 225 3689 123 2148 2725 2623 2744 4648 1639 1684 4184 1013 4139 3513
Route 161 : 354 2466 1670 1857 2854 4170 17 4966 1295 3795 190 2517 1925 2690 1957 4425 1458 4357 1642 3958 4457 4142
Route 162 : 204 761 3261 376 2704 643 2876 3143 1336 450 3836 2950 362 1027 3527 1596 2862 4096 2089 803 4589 3303
Route 163 : 871 2273 3371 4773 1831 1356 4331 2235 1275 3775 4735 3856 421 352 1421 2921 3921 2852 1129 3629 1213 3713
Route 164 : 1476 3976 1722 4222 2226 1513 4726 2409 2407 4909 4013 2492 4907 1003 1408 3503 1321 3908 4992 686 3821 356 2856 3186
Route 165 : 2084 4584 2455 991 46 3491 4955 2546 351 893 2851 3393 1685 4185 1738 4238 1998 452 4498 1290 3790 235 1362 3862 2735 2952
Route 166 : 262 1253 1773 4273 3753 1640 2762 4140 1595 4095 729 3229 1533 1335 3835 4033 1385 587 1037 3087 3885 390 2890 3537 1303 3803
Route 167 : 1355 101 3855 1779 2601 2440 4279 1822 1194 4940 314 3694 2814 1880 1206 3706 4380 1631 4322 2293 4793 179 2679 4131
Route 168 : 1980 629 4480 800 3129 1979 4479 3300 1748 4248 2224 956 1036 3536 4724 1376 3876 967 3456 1811 3467 1107 4311 1824 3607 4324
Route 169 : 2289 4789 281 251 2781 1608 2751 1584 4108 1087 3587 2173 4084 4673
Route 170 : 165 966 2665 3466 471 1174 2971 24 3674 2129 508 2524 3008 4629 1676 4176 1075 1592 1887 4092 3575 1166 3666 4387 1083 462 2962 3583
Route 171 : 1400 1669 3900 174 331 2674 4169 1630 2831 1600 74 2574 2310 4810 4130 215 2715 4100 1983 1196 36 4483 252 2536 3696 2752
Route 172 : 577 1575 3077 4075 898 1456 3398 3956 2026 831 1997 3331 1841 4526 4341 4497 1477 2425 3977 4925
Route 173 : 227 2727 1724 1601 783 4224 3283 2411 4101 1986 4486 4911 250 10 2510 1435 2750 1629 3935 1254 4129 1115 3754 3615
Route 174 : 639 1452 2208 3139 1373 4708 3873 3952 1636 150 4136 1736 1796 2650 4236 4296 1050 2316 499 3550 1104 4816 788 3604 3288 2999
Route 175 : 89 2589 188 1781 2688 1628 4281 608 2227 3108 1985 4485 4128 507 3007 1942 1936 2474 4436 4442 4974 2449 4727 4949
Route 176 : 1712 373 1399 4212 2873 255 721 3221 1776 2096 4276 4596 2755 1077 963 3577 1209 760 3709 3463 3260 3899
Route 177 : 1332 3832 1124 470 2970 2025 4525 3624 1944 141 4444 1202 2641 3702 2441 4941 1363 207 241 2741 3863 2707
Route 178 : 1699 1707 4199 4207 166 1412 2666 1826 161 3912 2661 2369 4326 913 4869 291 3413 2379 2791 903 2086 4879 3403 1181 4586 3681
Route 179 : 1723 4223 2243 2326 4743 2062 443 4826 2943 4562 2344 619 4844 1353 3853 163 3119 2336 83 2663 4836 2583
Route 180 : 1751 1905 4405 921 1633 4251 3421 1621 4121 173 2673 4133 787 2267 4767 3287 2155 187 869 2687 933 3369 3433 4655
Route 181 : 1792 2204 2069 4569 4292 4704 2114 4614 1488 3988 19 295 1092 2795 1197 2519 1428 3592 3928 3697
Route 182 : 2381 1526 4881 2074 1122 3622 1272 3772 1906 4574 303 1432 4406 2803 3932 666 702 3202 277 3166 1861 2777 4361 4026
Route 183 : 1537 1026 3526 2461 4037 4961 684 1273 3184 3773 2297 176 4797 2676 1271 2265 3771 1248 1028 4765 673 3748 1805 3528 3173 2051 4305 4551
Route 184 : 2331 4831 1827 4327 363 2863 2463 4963 102 1020 2602 3520 1207 438 3707 147 5 2505 2647 2938
Route 185 : 523 3023 1771 4271 1799 681 4299 1536 1807 3181 663 3163 4036 4307 1239 3739
Route 186 : 1341 1897 4397 1053 3841 3553 1864 330 2830 315 785 4364 2815 1358 3858 3285 1045 298 516 2798 3016 3545 853 3353
Route 187 : 200 2700 2414 4914 1511 4011 1713 743 3243 4213 437 2937 1557 451 4057 1086 1527 2951 4027 735 1061 3586 3235 878 3561 3378
Route 188 : 607 3107 591 680 3091 556 3180 3056 2154 4654 2193 2111 4693 1785 4611 333 712 3212 4285 2833 1617 1191 930 3691 1588 3430 4088 4117
Route 189 : 1422 1085 3585 3922 272 776 1433 3276 2772 3933 1025 3525 478 585 2978 3085 2076 4576 1032 1538 2171 4671 3532 1471 3971 4038
Route 190 : 1249 49 2549 3749 1338 3838 38 1558 2538 4058 698 972 3472 784 3284 3198 1039 1316 3816 3539
Route 191 : 2213 581 622 4713 2398 3081 4898 230 2454 2730 3122 4954 1180 965 2364 3680 3465 365 205 2705 4864 2865
Route 192 : 472 2134 2972 861 584 4634 2063 3361 863 4563 3084 3363 514 1534 2483 4034 396 4983 2896 3014
Route 193 : 183 554 2683 614 3054 1556 3114 1562 4056 763 3263 1199 981 4062 3699 1119 3481 3619
Route 194 : 28 2528 417 2108 4608 2917 1154 1849 832 592 4349 3092 616 3332 3654 791 3116 1340 3291 1535 1903 4403 4035 382 338 2838 3840 2882
Route 195 : 2029 311 4529 2186 2811 648 3148 4686 1491 118 2618 628 3991 897 3128 2018 426 4518 3397 85 2585 56 2556 2926
Route 196 : 2308 679 3179 1795 4808 845 4295 1160 3660 3345 1728 2040 4540 4228 612 795 1852 4352 3112 3295 203 2703
Route 197 : 895 3395 2095 4595 2239 1404 3904 4739 441 41 2541 2151 151 4651 2941 958 2651 3458
Route 198 : 1468 3968 1472 777 3972 1850 3277 2328 4828 4350 2346 1235 1006 3735 3506 4846 20 1447 2520 1835 3947 2294 4335 4794
Route 199 : 1111 285 2785 2290 3611 1023 4790 578 3078 2470 3523 637 4970 3137 1701 439 4201 812 482 2982 2939 3312
Route 200 : 33 848 301 2533 3348 1818 2801 745 1660 4318 3245 486 4160 1168 2986 2450 3668 4950
Route 201 : 1283 3783 2133 4633 1134 3634 40 1284 3784 582 2540 3082 1262 1995 1288 3762 4495 920 3420 3788
Route 202 : 2280 1855 4355 810 3310 4780 563 1890 3063 491 374 2991 708 4390 3208 1530 2874 4030 942 1949 456 4449 284 2784 2956 3442
Route 203 : 746 1943 282 4443 3246 1339 567 2782 2126 3839 1706 3067 4206 1444 4626 3944 1486 1839 3986 1999 4339 4499
Route 204 : 1745 1323 4245 985 3485 824 3324 1681 4181 3823 909 3409 138 1185 3685 385 1096 2638 2054 3596 133 4554 2885 2633
Route 205 : 1301 3801 2318 2415 243 2427 4818 2743 493 4927 4915 2993 1044 1941 4441 3544 1504 449 2203 4004 2949 2190 4703 4690
Route 206 : 552 69 2569 3052 1988 2205 4488 1368 547 4705 1646 2272 3047 2327 3868 4772 1218 4146 2165 4827 3718 4665 1519 1187 4019 3687
Route 207 : 458 2264 4764 1830 1357 2958 1624 4330 3857 4124 1030 542 3042 860 367 3530 3360 2070 2413 2867 4570 4913
Route 208 : 974 3474 2159 2500 5000 4659 1643 4143 807 1910 135 2635 1764 515 4410 573 4264 3307 2271 3073 3015 1212 4771 3712
Route 209 : 1521 660 4021 829 2242 3329 3160 1482 3982 4742 511 476 3011 1459 2976 309 2 2502 3959 2809 1292 3792
Route 210 : 2156 602 1755 4656 1689 4255 1581 4189 4081 3102 632 1289 3132 538 3789 3038 42 593 2542 1453 754 3093 3254 3953
Route 211 : 733 1645 4145 3233 2014 1730 1753 4514 1420 4230 3920 4253 1426 211 1749 3926 1500 2711 4000 4249 1587 4087 296 2796
Route 212 : 293 2793 1147 189 3647 1474 2689 2286 4786 1924 3974 4424 633 2404 2182 3133 1820 4682 4904 1973 4320 4473 2465 4965
Route 213 : 2217 1233 2354 4854 3733 4717 1867 4367 27 1931 2527 2007 4431 1374 796 4507 3874 3296
Route 214 : 2031 2279 4531 4779 2064 1742 2022 4564 4242 4522 477 674 2977 1524 3174 481 4024 1895 4395 2981 157 1219 2284 2657 3719 4784
Route 215 : 346 319 2846 1497 3997 2819 1544 4044 1498 3998 995 2072 595 4572 3495 3095 1891 2343 4843 2233 4391 4733
Route 216 : 678 1043 3543 3178 901 1318 3401 3818 2041 4541 647 792 1241 3147 1583 3741 4083 3292 2303 957 3457 4803
Route 217 : 1226 986 910 3726 3486 3410 908 772 3408 3272 44 2197 4697 1935 2544 683 3183 4435 1333 68 1757 4257 2568 3833
Route 218 : 545 3045 1756 1585 4256 2214 4714 971 4085 3471 1418 80 3918 548 2580 3048 1005 463 3505 911 2963 3411
Route 219 : 2471 4971 1001 1680 4180 3501 1934 273 2352 4852 2773 4434 806 1930 924 4430 3424 2065 3306 4565
Route 220 : 1803 1439 1565 4065 4303 3939 2145 371 1252 2871 3752 2035 4645 2152 4535 233 2733 300 2800 2223 4652 4723