Instance name : bar-n1000-3
Authors : Alexander Yuskov (a.yuskov@g.nsu.ru), Igor Kulachenko (ink@math.nsc.ru), Yury Kochetov, Igor Vasilyev, Zhangdong, Chenjuan, Huanghaohan, Wanglongfei
Date : 28.05.2025
Reference : HGIM
Solution
Route 1 : 266 766 318 194 38 694 818 538 208 28 528 708
Route 2 : 449 364 949 337 864 74 837 283 63 574 563 783
Route 3 : 296 485 796 43 985 319 543 819 287 787 224 724
Route 4 : 199 144 644 699 138 638 379 100 140 600 879 640
Route 5 : 191 359 377 691 859 877 17 460 165 665 960 517
Route 6 : 82 189 582 159 103 689 659 603 15 184 684 515
Route 7 : 14 160 514 660 489 147 989 219 719 647
Route 8 : 238 738 180 223 204 680 118 704 723 618
Route 9 : 353 181 853 276 681 368 868 776 490 281 990 781
Route 10 : 350 81 850 581 340 242 433 742 840 933
Route 11 : 307 278 778 425 807 467 967 925 162 205 662 705
Route 12 : 394 894 415 448 948 48 915 548 21 26 521 526
Route 13 : 246 231 746 731 275 346 775 303 846 173 803 673
Route 14 : 250 66 321 821 750 566 27 447 527 947 55 555
Route 15 : 19 519 31 11 531 125 511 363 625 863
Route 16 : 267 195 767 488 695 988 92 495 592 995 150 650
Route 17 : 46 37 546 441 174 537 674 256 756 183 683 941
Route 18 : 119 71 619 571 239 6 739 166 506 666
Route 19 : 240 443 740 309 943 9 809 49 509 549
Route 20 : 330 500 463 963 235 1000 735 209 709 404 904 830
Route 21 : 227 70 727 497 570 280 997 780 52 552
Route 22 : 120 265 459 765 959 620 496 996 419 436 936 919
Route 23 : 216 380 716 113 880 613 36 341 841 536
Route 24 : 413 426 926 87 913 201 587 701 405 435 935 905
Route 25 : 29 270 529 770 91 591 230 261 730 356 856 761
Route 26 : 221 40 540 721 77 577 255 54 755 554
Route 27 : 129 629 2 502 115 474 615 974 430 99 599 930
Route 28 : 391 891 187 687 197 279 779 316 697 326 816 826
Route 29 : 311 142 811 642 245 745 292 308 328 792 808 828
Route 30 : 349 104 604 145 849 98 645 33 598 414 533 914
Route 31 : 452 182 682 273 417 773 952 211 917 196 696 711
Route 32 : 339 161 661 421 839 333 833 921 58 302 558 802
Route 33 : 373 873 268 375 768 101 875 94 594 601 170 670
Route 34 : 179 679 327 827 3 244 503 744 109 609 130 630
Route 35 : 12 487 512 987 382 127 627 882 89 42 589 542
Route 36 : 73 392 573 892 483 983 454 110 610 954
Route 37 : 218 444 718 258 361 861 758 944 374 874
Route 38 : 389 342 889 262 842 762 372 872 260 760
Route 39 : 59 289 559 7 60 507 560 306 789 806 233 733
Route 40 : 206 706 112 88 588 612 358 858 334 410 910 834
Route 41 : 16 25 525 516 212 712 5 344 505 844
Route 42 : 56 107 556 607 486 381 881 986 442 47 547 942
Route 43 : 51 141 641 551 222 35 722 535 23 523 143 643
Route 44 : 478 978 320 820 122 62 622 75 562 575
Route 45 : 297 288 788 797 154 402 902 654 471 8 971 508
Route 46 : 64 564 133 315 815 633 186 686 128 458 958 628
Route 47 : 259 366 759 866 106 78 606 354 578 854
Route 48 : 453 428 928 498 998 432 932 953 345 111 845 611
Route 49 : 164 664 456 331 956 831 72 572 378 69 569 878
Route 50 : 332 469 832 969 384 884 355 226 855 461 726 961
Route 51 : 438 156 938 656 32 532 116 96 286 616 596 786
Route 52 : 236 53 736 553 50 550 163 149 282 782 663 649
Route 53 : 18 97 597 518 390 890 464 964 477 168 977 668
Route 54 : 422 922 466 446 423 966 946 923 22 522
Route 55 : 398 155 335 655 898 835 385 251 885 751 213 713
Route 56 : 137 93 185 685 637 593 57 557 272 1 501 772
Route 57 : 207 408 707 193 264 908 243 693 290 764 743 790
Route 58 : 399 899 480 411 911 439 939 980 126 139 639 626
Route 59 : 416 322 916 822 108 608 338 228 838 728 352 852
Route 60 : 472 188 972 688 172 83 482 672 982 583
Route 61 : 412 912 393 437 937 429 893 445 929 945 418 918
Route 62 : 324 362 824 862 220 473 973 720 371 871
Route 63 : 313 813 401 45 545 901 124 294 624 400 794 900
Route 64 : 148 365 865 648 24 386 886 132 632 4 524 504
Route 65 : 176 493 79 579 351 993 851 248 676 748
Route 66 : 198 192 427 698 692 387 927 462 962 887
Route 67 : 455 955 153 291 653 95 791 450 595 950 61 561
Route 68 : 65 565 481 981 210 710 304 804 370 870
Route 69 : 102 293 602 793 367 215 715 867 237 312 812 737
Route 70 : 388 329 888 829 465 965 357 314 857 814
Route 71 : 39 539 44 468 544 968 285 271 785 229 729 771
Route 72 : 325 68 568 476 825 976 177 677 300 202 800 702
Route 73 : 420 424 920 171 924 671 479 301 979 801
Route 74 : 232 76 576 134 634 152 732 652 343 203 703 843
Route 75 : 491 135 409 909 635 376 991 876 347 847
Route 76 : 13 234 67 513 734 567 263 763 451 407 951 907
Route 77 : 85 217 585 499 247 999 747 175 717 675 253 753
Route 78 : 336 305 805 836 169 269 669 117 769 617
Route 79 : 105 605 440 298 940 84 798 225 725 584 252 752
Route 80 : 254 396 167 754 667 896 90 369 590 869 114 614
Route 81 : 406 906 299 317 799 30 817 530 492 383 883 992
Route 82 : 158 658 277 777 284 434 475 784 975 157 657 934
Route 83 : 274 484 984 774 190 494 457 994 690 957
Route 84 : 136 403 636 903 214 714 10 510 431 121 931 621
Route 85 : 200 178 700 678 34 534 397 257 897 757
Route 86 : 249 749 470 241 970 146 646 123 741 323 623 823
Route 87 : 395 86 131 586 631 80 895 580 310 810 41 541
Route 88 : 20 151 651 295 795 520 348 360 860 848
