Instance name:	bar-n3000-4
Authors:		Carlo Sartori and Luciana Buriol
Date:			2019-2-11
Reference:		A matheuristic approach to the PDPTW (to be submitted)
Solution
Route 1 : 430 1274 1930 1314 1105 2605 2774 2814 356 1856
Route 2 : 1406 1484 473 141 2984 2906 1641 1973 151 1492 2992 1651
Route 3 : 168 797 2297 333 1833 1668 678 1319 2178 900 2819 2400
Route 4 : 799 2299 747 2247 1489 454 2989 64 1058 2558 721 1954 1564 2221
Route 5 : 465 759 1965 1300 2259 617 1112 2800 2117 2612
Route 6 : 349 17 1849 1081 98 1517 9 2581 1598 1062 1509 2562
Route 7 : 1433 708 1229 2208 2933 2729 428 1387 1928 2887
Route 8 : 1328 842 2828 405 2342 445 1905 1202 2702 1945
Route 9 : 1213 27 796 2713 654 2154 725 2296 1527 2225
Route 10 : 486 1121 1487 2621 131 1986 2987 281 552 1631 1781 2052
Route 11 : 154 515 1452 2015 1654 874 2952 2374 594 2094 104 1604
Route 12 : 1174 1360 2860 66 2674 1017 1566 2517
Route 13 : 1336 1033 2533 728 2836 449 2228 339 760 1949 2260 1839
Route 14 : 90 1418 2918 87 1590 91 1587 1591 861 1407 2361 2907
Route 15 : 1447 1178 2678 703 2947 252 1752 2203 1115 1091 2615 1354 2854 2591
Route 16 : 1316 115 1615 1432 2816 479 2932 394 1894 1395 1979 2895
Route 17 : 1218 1448 2948 1264 2718 2764 582 139 2082 1639
Route 18 : 140 367 1640 427 1927 536 1867 296 2036 1455 1796 2955
Route 19 : 830 2330 323 1332 1823 2832 538 567 2067 2038 905 2405
Route 20 : 343 832 1440 2332 1843 2940 1436 1304 2936 101 2804 1601
Route 21 : 514 1456 2014 533 2033 2956 494 947 610 2447 1994 2110
Route 22 : 627 2127 611 124 871 1624 939 2371 974 2439 2474 2111
Route 23 : 600 1083 2100 2583 1236 312 605 1812 2105 2736 879 2379
Route 24 : 626 2126 527 1065 2565 2027 1252 1400 2752 696 2900 2196
Route 25 : 128 918 1628 2418 293 360 1315 1793 2815 1113 1860 1465 2613 2965
Route 26 : 359 583 2083 1859 347 1018 1343 1847 901 2843 2401 2518
Route 27 : 265 1193 845 108 2693 1765 2345 1350 1608 618 2118 2850
Route 28 : 329 1437 1177 1829 972 587 2937 2677 1273 2472 2773 2087
Route 29 : 186 1190 943 2690 2443 1686 669 2169
Route 30 : 748 1425 1345 1114 2925 2614 2248 2845 1471 677 2177 2971
Route 31 : 638 334 1834 932 2138 55 2432 1555 383 311 1883 1811
Route 32 : 986 2486 457 290 1957 137 1790 1313 291 1637 1791 2813
Route 33 : 1223 558 1327 2827 1047 2547 200 2058 388 1700 633 1888 2133 2723
Route 34 : 6 843 1506 2343 955 251 210 1751 1144 1710 2455 2644
Route 35 : 1093 365 1865 607 2593 992 2107 2492 57 749 1557 2249
Route 36 : 1212 8 1508 2712 1160 856 2660 2356 392 335 1892 1835
Route 37 : 509 13 2009 387 516 2016 353 1513 1887 1853
Route 38 : 1249 361 2749 1171 1861 598 53 1553 1068 2671 2568 2098
Route 39 : 1403 1031 889 2389 2903 758 2531 2258 205 1308 2808 1705
Route 40 : 1021 406 1906 1085 2585 2521 994 330 1830 1188 2494 2688
Route 41 : 902 867 164 2367 2402 734 162 1664 1662 2234
Route 42 : 47 553 909 2409 456 1547 1956 86 2053 1586
Route 43 : 390 476 1890 912 1976 2412 771 769 919 2271 2419 2269
Route 44 : 117 1617 29 891 2391 1529 1393 1468 2968 2893
Route 45 : 12 71 1512 517 1571 350 694 2017 1850 2194
Route 46 : 144 1438 2938 1008 1644 96 2508 1596 3 1257 2757 1503
Route 47 : 10 1140 723 2223 1510 2640 1385 1187 2687 1467 2885 2967
Route 48 : 338 100 62 1838 1600 1243 1562 1483 1064 2743 2983 2564
Route 49 : 20 475 1520 16 1975 1415 1516 670 702 2915 2170 2202
Route 50 : 1353 2853 1398 418 1918 1401 2898 2901 207 931 1707 2431
Route 51 : 554 904 1239 2404 2054 2739 94 226 836 1726 2336 1594
Route 52 : 1389 1305 51 2889 2805 1551 1262 471 1971 2762
Route 53 : 1221 106 2721 1606 1123 385 468 2623 364 1885 1864 1968
Route 54 : 1369 1499 2869 543 2999 604 2104 1430 2043 14 1514 2930
Route 55 : 438 1168 299 2668 1938 1799 868 2368 635 215 2135 1715
Route 56 : 294 1192 1038 1794 2692 2538 439 1939 314 1116 1814 2616
Route 57 : 673 585 1179 2085 2173 790 2679 1201 2290 1203 2703 2701
Route 58 : 1270 921 2421 2770 1154 2654 1086 615 2115 727 2586 2227
Route 59 : 664 1347 2164 2847 63 852 1563 839 2352 2339 539 2039
Route 60 : 1133 2633 870 216 964 2370 1716 1079 2464 248 2579 1748
Route 61 : 496 1363 2863 1996 764 690 2264 793 2190 446 1946 2293
Route 62 : 1417 489 1258 1989 2917 948 2758 657 2448 1156 2656 2157
Route 63 : 733 988 2488 882 2382 2233 243 1195 1053 2695 1743 2553
Route 64 : 1181 1030 2530 935 2681 944 1396 2435 2444 2896
Route 65 : 1042 2542 726 826 2226 1166 1138 2666 2326 149 2638 1649
Route 66 : 1254 807 195 2307 1695 2754 1097 300 2597 1800
Route 67 : 259 1759 244 1744 130 171 1630 1671 1372 1281 1356 2872 2856 2781
Route 68 : 81 167 1581 865 495 1667 2365 1373 872 2372 2873 1995
Route 69 : 875 841 916 2375 2341 508 2416 2008 194 1694
Route 70 : 1416 2916 1210 887 2710 521 1419 2387 2021 1261 2761 2919
Route 71 : 1381 665 2881 888 2165 316 1816 1451 2388 890 2951 2390
Route 72 : 1052 1412 2912 2552 1342 1491 2991 26 2842 1526
Route 73 : 751 1351 2251 655 1284 69 2784 2155 625 2125 1569 2851
Route 74 : 770 755 2270 2255 157 1013 1657 624 2124 214 2513 1714
Route 75 : 21 68 1292 745 2792 2245 1568 32 1521 1532
Route 76 : 1155 2655 540 777 2040 266 2277 378 172 1878 1766 1672
Route 77 : 358 160 1660 132 1632 1163 59 1858 2663 1559
Route 78 : 398 768 1259 2268 2759 1898 1453 1000 92 2500 1592 2953 1004 2504
Route 79 : 1122 1 1501 2622 502 1185 1080 2685 2002 345 2580 1845
Route 80 : 956 19 2456 286 1519 1786 369 977 2477 1869
Route 81 : 44 984 1544 25 123 1525 1623 1092 2592 2484 622 2122
Route 82 : 581 1462 2081 1408 2962 184 2908 1124 1365 2865 2624 1684
Route 83 : 1498 288 780 2998 1788 1186 976 2280 2686 2476
Route 84 : 699 854 1278 2778 2354 2199 1126 1139 2626 2639 250 1750
Route 85 : 1289 1386 2886 274 2789 877 1774 255 1755 2377
Route 86 : 873 1082 2373 2582 317 1435 1817 2935
Route 87 : 11 584 1036 1511 2536 129 1148 2648 1629 656 2156 2084
Route 88 : 782 1359 2859 676 2282 1165 1230 2665 2176 700 2200 2730
Route 89 : 809 233 1026 2309 2526 1733 242 306 846 1742 1806 2346
Route 90 : 105 1106 713 1605 2213 2606 590 591 2091 2090
Route 91 : 1098 2598 451 934 1951 370 2434 1870 1220 885 374 1874 2385 2720
Route 92 : 903 2403 1250 1426 2926 640 2750 2140 1147 2647
Route 93 : 1301 2801 136 1636 752 2252 785 930 1459 2430 2959 2285
Route 94 : 232 1352 838 2852 1732 2338 1161 2661 962 971 2462 2471
Route 95 : 225 510 1725 2010 824 321 1821 815 2315 2324
Route 96 : 145 211 34 1645 1711 1534 469 1969 1129 114 1614 2629
Route 97 : 641 498 960 1998 2460 1485 602 2102 2141 2985
Route 98 : 302 1802 580 1191 2080 2691 530 441 512 936 2012 2436 1941 2030
Route 99 : 1050 958 2550 1006 1349 249 2849 1749 2506 853 2353 2458
Route 100 : 1141 2641 1361 143 2861 1643 1069 621 2121 1479 2569 2979
Route 101 : 337 572 1837 102 1427 2072 1413 662 2913 2162 2927 1602
Route 102 : 88 1271 436 2771 1936 1588 1420 1312 2812 2920
Route 103 : 1157 1466 2657 1367 2867 2966 766 742 2266 2242
Route 104 : 1263 2763 616 1422 2116 1078 2922 2578
Route 105 : 781 18 1518 2281 221 187 402 1721 1687 1902
Route 106 : 850 1197 2350 455 2697 1955 835 372 1872 2335
Route 107 : 328 199 453 1828 1469 1090 1953 2969 1699 2590 729 2229
Route 108 : 1099 686 2599 2186 1288 876 1338 2788 2376 2838
Route 109 : 173 1673 817 1103 2603 1238 2738 192 2317 179 1692 1679
Route 110 : 165 1143 743 2643 1665 177 2243 1073 1677 2573
Route 111 : 886 1244 421 2744 2 1921 2386 718 1444 2218 2944 1502
Route 112 : 659 93 2159 1434 1593 561 1183 2061 348 1848 2934 2683
Route 113 : 292 1051 424 2551 1792 246 1924 1285 1746 1371 2871 2785
Route 114 : 603 148 351 2103 1851 1648 997 466 2497 1966 639 2139
Route 115 : 189 1232 1689 208 1708 2732 896 1260 2396 2760
Route 116 : 413 22 1522 1913 30 609 1530 642 2109 2142 423 1923
Route 117 : 534 650 2034 2150 1325 1317 2825 2817 756 2256
Route 118 : 688 643 1045 2188 2143 37 2545 284 1784 1537
Route 119 : 860 1007 2507 740 2360 2240 1464 504 2004 2964
Route 120 : 1094 706 2594 2206 682 545 2182 240 1740 2045
Route 121 : 555 1204 60 2704 1446 2055 1560 2946 1025 1445 2945 2525
Route 122 : 1234 614 917 2114 2734 2417 805 522 565 2065 2022 2305
Route 123 : 1296 285 1785 544 2796 2044 1043 899 2543 2399
Route 124 : 83 204 571 1583 1320 2071 2820 477 1704 1377 2877 1977
Route 125 : 263 1404 2904 1763 462 1044 1962 2544 973 1055 2473 2555
Route 126 : 1095 775 511 2275 2011 376 2595 1876
Route 127 : 120 1620 1076 488 135 2576 1635 831 1988 814 2314 1128 2331 2628
Route 128 : 1120 595 2620 239 1739 269 2095 652 1769 2152 1056 2556
Route 129 : 773 182 2273 1682 1040 1077 569 2577 2540 975 2475 2069
Route 130 : 1442 716 2942 2216 150 163 1405 2905 1650 1136 2636 1663
Route 131 : 1475 481 2975 1981 1111 386 1268 2611 2768 1886 193 1693
Route 132 : 1089 400 2589 1900 945 1364 1207 2864 2445 230 2707 1730
Route 133 : 556 857 2056 526 2357 1402 2026 636 2902 2136 147 1647
Route 134 : 1368 103 1603 784 2868 1046 2284 2546 928 693 2193 2428
Route 135 : 772 1482 1104 2982 490 2272 1990 855 2604 357 2355 1857
Route 136 : 1224 1391 2724 273 2891 1773 432 1496 1932 2996
Route 137 : 1344 2844 278 310 1778 1810 107 416 1607 685 1916 2185
Route 138 : 97 981 260 1597 452 1952 2481 279 1760 127 1627 1779
Route 139 : 443 1943 966 802 564 2466 2302 2064 320 235 1820 1735
Route 140 : 391 735 995 1891 2235 2495 970 2470 1414 940 2440 2914
Route 141 : 1500 1294 2794 380 1880 3000 1164 125 982 1625 2482 2664
Route 142 : 245 667 309 1745 563 1809 704 2167 2063 2204
Route 143 : 159 1286 1659 767 2786 2267 342 535 1842 2035
Route 144 : 549 736 2049 914 2236 1490 2414 2990 907 467 1967 2407
Route 145 : 113 705 1488 2205 574 2988 1613 442 1942 2074 1022 2522
Route 146 : 714 679 2179 474 906 2214 2406 738 1974 923 2238 2423
Route 147 : 1023 2523 396 1428 1896 950 2928 2450 987 1235 2487 2735
Route 148 : 431 256 1931 695 50 1550 2195 1061 1756 2561 933 2433
Route 149 : 820 925 2320 315 2425 866 1815 2366 586 2086
Route 150 : 1072 1015 2572 2515 645 2145 231 375 478 1875 1978 1731
Route 151 : 80 459 166 1666 1959 1580 990 674 1307 2490 2807 2174
Route 152 : 1329 647 2829 2147 1322 637 2822 2137 788 2288
Route 153 : 801 881 1032 2381 2301 619 401 1901 547 2047 275 2119 1775 2532
Route 154 : 1486 433 2986 282 1933 1142 965 1782 2642 707 2465 2207
Route 155 : 840 623 880 2380 1127 2123 859 2627 58 2359 1558 2340
Route 156 : 844 929 2344 560 2429 2060 397 651 2151 1897
Route 157 : 146 341 821 1646 2321 382 800 1841 2300 1882 754 2254
Route 158 : 687 485 2187 1152 1985 2652 668 99 1125 326 2625 1826 2168 1599
Route 159 : 1497 601 2997 1233 2101 701 1267 2201 2733 810 2767 2310
Route 160 : 746 223 1723 2246 1326 985 2826 2485
Route 161 : 750 82 2250 45 1582 298 1798 1545 1100 2600
Route 162 : 363 1863 220 229 1720 1411 1231 1729 2911 753 2731 2253
Route 163 : 188 551 894 1688 833 2394 429 2333 1929 2051
Route 164 : 156 499 1999 190 541 1656 1690 2041 403 942 1903 324 2442 1824
Route 165 : 672 991 2491 2172 630 993 2493 952 2452 2130 111 1611
Route 166 : 924 2424 493 1150 757 2650 1993 2257 500 741 2000 2241
Route 167 : 910 1199 2410 989 2489 379 2699 776 2276 1879 513 2013
Route 168 : 711 834 2334 2211 1287 1024 2787 1341 2524 2841
Route 169 : 1443 247 953 2943 1747 2453 1441 110 1610 2941
Route 170 : 1219 234 2719 366 1734 155 1866 1478 1655 2978
Route 171 : 202 40 1702 1540 1110 1135 253 2610 2635 550 1753 2050
Route 172 : 264 557 1242 2057 892 2742 2392 1293 1764 480 2793 1980
Route 173 : 1029 851 1297 2797 2529 307 1012 276 2512 1807 2351 1776
Route 174 : 1493 1299 1054 2799 2993 336 2554 36 1251 2751 1836 1536
Route 175 : 1084 1470 2970 548 2584 43 597 2097 1101 1543 2601 2048
Route 176 : 1182 818 2682 698 1194 2694 2318 2198 35 884 1535 2384
Route 177 : 1331 1410 2831 895 722 2910 575 2222 2395 2075
Route 178 : 134 1184 340 1634 2684 1477 1840 373 2977 783 1873 2283
Route 179 : 1059 963 381 2463 2559 222 1881 7 1722 1507
Route 180 : 198 24 1524 1698 1169 689 470 2669 2189 1970
Route 181 : 5 52 968 1505 1552 1247 178 2468 1678 2747
Route 182 : 112 1612 808 1335 2835 1137 2308 620 2637 1027 2120 2527
Route 183 : 961 532 883 2032 2461 1283 2383 206 1706 331 2783 1831 666 2166
Route 184 : 1226 67 2726 1567 39 1460 258 1539 2960 1758
Route 185 : 827 409 2327 1909 1131 1102 2631 2602 1333 1431 2833 484 1984 2931
Route 186 : 355 568 399 1899 2068 1855 634 613 2134 2113
Route 187 : 1170 1172 2670 829 2672 61 2329 1409 1130 1561 2909 2630
Route 188 : 1421 739 2921 2239 1449 305 1805 2949 303 528 2028 1803
Route 189 : 1070 1001 2570 308 2501 1808 660 77 779 2160 2279 1577
Route 190 : 1088 419 1919 138 2588 816 1638 2316 658 2158 362 1862
Route 191 : 1379 1225 2725 1211 2879 1384 444 2711 2884 1944
Route 192 : 1495 2995 684 1162 2662 2184 153 158 1355 1658 1653 2855
Route 193 : 786 1003 2286 2503 1472 2972 828 492 2328 1992 1454 2954
Route 194 : 322 185 1822 1037 1685 1397 2537 1208 803 2897 2708 2303
Route 195 : 1145 2645 1176 1205 2705 529 2676 787 2287 2029
Route 196 : 224 1724 1198 864 2698 1019 1048 562 2062 2548 2364 2519
Route 197 : 1383 1134 523 2023 2883 2634 1057 1276 812 2312 2776 2557
Route 198 : 422 1922 1429 1217 2929 811 2717 959 2311 2459 920 464 1964 2420
Route 199 : 268 460 1960 371 1768 1871 1237 996 1311 2496 2737 2811
Route 200 : 414 1914 261 1761 201 1321 927 2427 1701 878 2378 2821 1253 2753
Route 201 : 681 1458 2181 631 119 2958 2131 1619 217 289 1789 1717
Route 202 : 1494 1117 2617 1039 2994 28 1528 2539 191 730 1691 2230
Route 203 : 717 73 1573 2217 774 938 1280 2438 2274 2780
Route 204 : 1461 1215 1295 2795 2961 629 2129 2715 1370 719 2870 2219
Route 205 : 228 1481 1728 2981 170 277 644 1670 1777 2144
Route 206 : 566 254 2066 596 1754 95 1595 697 2096 227 1727 2197
Route 207 : 1324 649 2824 1196 472 2149 2696 1972 593 1318 2093 2818
Route 208 : 1071 2571 1375 280 325 2875 1825 1330 1780 1439 2939 2830
Route 209 : 661 1132 908 2161 2632 653 2408 546 2153 2046
Route 210 : 823 1255 38 2755 1538 683 2323 675 2183 2175
Route 211 : 426 1277 1926 913 1020 2777 2520 1222 2413 448 2722 1948
Route 212 : 1175 1066 133 2566 2675 313 1323 2823 267 1813 1767 765 2265 1633
Route 213 : 789 181 1010 2289 1153 1681 2510 2653 122 732 1622 2232
Route 214 : 1167 869 2369 1378 2667 1119 238 1738 2878 2619
Route 215 : 1002 2502 412 1912 79 1579 461 1035 1961 2535
Route 216 : 1200 849 2349 1108 15 2700 1227 2608 1374 1515 2727 2874
Route 217 : 450 1269 648 1950 2769 85 1585 1240 2148 979 2479 2740
Route 218 : 152 33 1533 1652 715 31 2215 183 1531 1275 2775 1683
Route 219 : 507 1306 1399 2899 2007 2806 283 1473 1474 1783 2973 2974
Route 220 : 212 720 1712 1216 142 2220 2716 520 628 2020 2128 1642
Route 221 : 778 806 2278 2306 531 203 2031 804 1246 2304 1703 2746
Route 222 : 1173 410 1302 1910 2673 2802 346 1158 76 1846 2658 1576
Route 223 : 257 1757 893 1282 440 2782 1940 2393 863 1159 2659 2363
Route 224 : 506 946 2006 680 737 2446 1457 2957 2237 2180 537 2037
Route 225 : 632 118 487 1987 1618 2132 599 1118 2618 2099
Route 226 : 497 813 1997 1209 2313 1248 2709 1346 2748 2846
Route 227 : 23 848 1523 542 2348 1245 2042 1265 2745 2765 435 1935
Route 228 : 967 1049 2467 218 922 2549 606 2422 1718 2106 1087 2587
Route 229 : 915 2415 89 237 559 1737 1589 2059 761 75 2261 1575
Route 230 : 241 407 1303 1907 1741 589 2803 2089 236 1736
Route 231 : 271 327 1827 837 2337 1011 1771 897 48 1548 2511 2397
Route 232 : 425 1925 1034 518 2534 1016 1480 2018 319 2516 1819 2980
Route 233 : 219 1719 1366 2866 954 344 1844 2454 980 1339 2839 2480
Route 234 : 822 174 2322 577 1674 437 2077 270 1770 1937 1309 2809
Route 235 : 116 1337 1616 1028 491 2837 1074 2574 1991 1348 592 2092 2528 2848
Route 236 : 65 524 1565 377 2024 1877 1388 354 937 2888 2437 1854
Route 237 : 1096 1228 2596 957 671 2728 1450 2457 2950 2171 1041 2541
Route 238 : 393 795 1893 84 2295 862 1584 368 2362 762 1868 2262
Route 239 : 941 911 2411 2441 1476 1060 608 2976 126 2108 2560 1626
Route 240 : 197 78 1697 1578 999 1340 2499 998 2840 2498
Route 241 : 1390 272 458 1958 712 2890 501 1772 2212 926 2001 2426
Route 242 : 1291 1298 825 2798 2791 1380 2325 46 2880 1009 1546 2509
Route 243 : 209 1180 1709 415 1915 2680 109 74 951 1574 1609 2451
Route 244 : 1214 318 798 2714 408 1818 2298 1357 1908 161 2857 1661
Route 245 : 1290 1067 709 420 2790 2209 588 1920 2088 2567
Route 246 : 404 1904 1256 1189 2689 54 663 2163 2756 1554
Route 247 : 41 1266 1541 447 2766 525 2025 1947 434 898 2398 1934
Route 248 : 262 196 1696 1762 56 1146 1556 731 2646 949 2449 2231
Route 249 : 483 1394 1362 1983 2894 2862 1392 176 519 1676 2019 2892
Route 250 : 1241 791 2741 169 1272 2291 482 2772 1669 1334 1982 2834
Route 251 : 612 287 1787 2112 352 1149 72 304 1852 1804 1572 2649
Route 252 : 1075 2575 969 744 2469 2244 578 792 2078 389 2292 1889
Route 253 : 724 710 42 2224 2210 1542 1358 411 794 2858 1911 2294
Route 254 : 332 4 1504 384 1832 691 1279 1884 2779 2191 463 1963
Route 255 : 847 692 1107 2192 2607 2347 573 579 395 2079 2073 1895
Route 256 : 1063 1206 858 2358 2706 983 2563 2483
Route 257 : 213 1376 121 1621 417 2876 1310 2810 1917 763 2263 1713
Route 258 : 1423 2923 646 1151 2146 297 2651 1797 49 1549 1109 2609
Route 259 : 503 1382 2882 570 819 2003 2319 2070 295 1795
Route 260 : 505 576 2076 978 2005 180 1463 1680 70 2963 1570 2478
Route 261 : 1014 1005 175 2514 1424 1675 301 2505 2924 1801
