Instance name : bar-n200-3
Authors : Hiermann, G. and Schiffer, M.
Date : 2024-04-30
Reference : arXiv:2405.00230
Solution
Route 1 :  5 93 100 105 33 193 133 8 108 200 30 6 35 135 130 87 94 54 194 154 187 24 106 52 124 152 97 197
Route 2 :  25 125 21 121 17 65 49 165 117 18 44 118 149 144 67 2 102 167 13 23 123 113 1 22 101 43 122 143
Route 3 :  81 181 36 19 59 119 64 159 164 82 182 40 140 136 20 53 80 120 153 60 180 160 46 146
Route 4 :  86 68 10 186 110 168 4 14 34 114 134 104 32 16 50 116 57 157 150 83 99 132 183 199 29 129
Route 5 :  12 112 9 61 109 55 161 155 27 74 127 3 103 174 38 95 138 98 70 195 170 89 198 48 189 148
Route 6 :  84 11 66 184 56 156 166 45 72 172 63 145 163 41 37 137 141 111 85 42 75 185 175 142
Route 7 :  73 77 173 15 115 177 92 91 192 90 191 190 96 76 176 196 28 31 131 128
Route 8 :  62 51 69 151 162 169 39 7 139 107 47 147 78 26 178 126 71 79 171 179 88 58 158 188
