Instance name:	bar-n800-4
Authors:		Carlo Sartori and Luciana Buriol
Date:			2019-2-11
Reference:		A matheuristic approach to the PDPTW (to be submitted)
Solution
Route 1 : 30 430 17 334 417 284 734 341 684 322 741 722 42 442 27 289 427 383 689 213 613 226 783 269 626 7 669 231 631 407 154 177 577 554
Route 2 : 243 69 643 162 469 242 123 642 562 12 101 523 412 501 346 248 746 146 648 546 16 416 70 140 470 540 141 541 328 318 728 718
Route 3 : 375 775 147 330 64 730 464 117 517 547 137 537 279 331 679 28 731 428 333 299 225 733 699 92 625 301 701 492 51 451 143 543
Route 4 : 165 247 85 565 647 485 391 170 791 182 570 255 655 281 217 582 617 261 350 750 271 661 681 44 671 444 14 337 414 5 405 110 510 737
Route 5 : 313 713 96 224 107 624 507 315 496 300 74 474 700 236 715 167 636 370 567 343 743 770 359 67 759 282 682 467 304 272 672 704 240 640
Route 6 : 329 21 729 199 283 332 421 732 364 683 324 599 764 724 200 600 345 342 188 742 745 588 223 623 285 168 10 410 568 685
Route 7 : 87 487 394 178 77 578 256 656 191 477 132 591 219 532 241 619 365 641 765 794 142 209 542 384 609 46 784 103 306 503 325 725 706 446
Route 8 : 357 757 348 195 265 595 665 114 748 339 514 353 739 229 753 133 258 629 658 73 533 473 6 340 406 740 270 392 670 387 792 374 774 787
Route 9 : 112 512 156 108 398 250 556 650 400 798 508 297 697 280 800 680 47 259 129 447 529 19 298 659 698 118 89 489 11 419 518 257 411 657
Route 10 : 386 786 66 466 181 65 581 379 266 465 376 390 776 790 666 779 308 124 708 38 524 438 29 93 493 94 494 183 373 429 583 773
Route 11 : 389 100 380 500 116 516 780 293 693 789 220 620 40 58 276 440 235 676 246 635 63 646 458 151 463 395 303 551 795 703
Route 12 : 321 368 721 23 768 355 423 204 604 755 273 234 673 215 615 634 221 356 621 81 481 366 766 756 179 382 388 782 90 490 579 788
Route 13 : 193 320 593 211 720 35 611 307 435 707 4 239 639 378 404 778 338 354 187 754 83 738 587 121 483 361 131 521 41 161 761 326 441 561 531 726
Route 14 : 176 76 252 476 652 576 260 122 660 302 86 522 72 702 171 571 15 472 91 486 491 372 349 772 415 160 560 371 233 771 749 633 144 245 544 645
Route 15 : 367 126 71 526 767 323 278 57 471 723 138 678 205 457 605 538 290 690 53 206 453 606 104 62 312 13 712 462 158 291 504 558 691 413 351 751
Route 16 : 61 305 461 309 166 705 95 566 495 352 314 714 264 295 664 752 113 709 695 513 115 22 422 515 169 399 569 43 799 443 393 8 793 408
Route 17 : 190 381 9 781 409 274 674 230 590 630 327 267 667 24 727 424 155 218 618 125 525 555 32 52 452 432 262 662
Route 18 : 111 511 88 210 488 288 97 688 610 497 244 192 592 644 119 134 172 534 207 607 31 572 377 431 519 198 777 347 598 747 203 78 603 396 796 478
Route 19 : 287 25 425 212 612 197 105 687 135 505 535 597 294 157 694 557 84 238 184 484 584 202 638 145 602 360 545 385 785 174 760 82 482 574
Route 20 : 253 362 762 653 26 148 426 319 719 548 80 128 480 49 528 449 251 296 696 136 651 33 433 254 536 237 201 637 164 654 48 601 564 448
Route 21 : 50 1 450 222 622 317 717 60 401 358 460 758 316 716 286 194 686 185 56 594 249 585 34 649 434 18 59 456 418 459 228 628 208 608
Route 22 : 152 153 553 311 552 232 369 632 711 37 127 2 402 437 109 509 769 55 75 527 455 475 173 180 580 336 573 736 99 102 499 502 277 677
Route 23 : 3 79 403 397 797 150 479 68 196 596 227 468 268 627 550 668 363 763 275 20 214 675 175 614 189 575 420 310 589 120 710 520
Route 24 : 292 692 163 335 735 563 106 45 39 445 506 439 263 216 663 616 98 344 744 498 36 186 586 130 530 436 159 149 139 539 54 559 549 454
