Instance name:	bar-n600-3
Authors:		Carlo Sartori and Luciana Buriol
Date:			2019-2-11
Reference:		A matheuristic approach to the PDPTW (to be submitted)
Solution
Route 1 : 116 37 38 416 294 337 338 83 594 119 128 428 6 383 65 306 419 365 30 123 69 330 423 272 118 35 572 369 335 418
Route 2 : 141 138 441 121 140 164 440 464 438 219 216 519 275 516 421 186 248 575 548 155 45 486 241 455 345 541
Route 3 : 67 87 220 520 387 28 367 183 483 328 31 48 79 379 331 348 54 26 213 102 354 402 151 326 285 451 513 585
Route 4 : 244 153 110 453 544 15 315 410 228 21 71 321 371 528 257 557 166 466 70 103 370 66 403 88 366 388 243 543
Route 5 : 224 96 232 532 396 524 74 115 415 5 374 286 10 310 245 305 545 586
Route 6 : 23 205 505 105 323 156 124 405 75 456 375 80 424 154 226 380 454 526 176 36 55 336 14 476 16 355 316 314
Route 7 : 19 89 109 319 299 100 599 389 125 425 409 400 24 174 162 474 206 506 185 324 485 50 200 462 500 350
Route 8 : 126 3 152 452 426 33 268 303 197 497 289 18 333 568 589 318 252 46 552 346 184 122 484 249 422 549
Route 9 : 280 73 17 373 217 580 317 11 284 311 584 517 208 508 58 211 196 230 172 511 358 530 496 472 120 7 420 307
Route 10 : 178 51 351 238 225 538 297 478 223 525 523 298 597 598 148 187 212 40 512 487 448 231 59 340 531 181 481 359
Route 11 : 277 577 270 254 570 43 180 554 480 168 343 9 309 98 261 561 214 514 101 401 274 574 398 468
Route 12 : 81 381 132 2 432 302 99 171 193 493 399 279 471 53 117 134 353 579 434 8 417 308
Route 13 : 135 104 259 435 161 165 461 404 559 278 465 578 167 145 218 445 518 133 209 467 291 509 433 591
Route 14 : 86 41 341 32 92 49 349 392 386 332 72 44 94 394 344 372 175 27 85 475 198 169 469 136 498 327 385 436
Route 15 : 247 547 202 39 194 502 339 296 160 460 494 292 596 592 97 397 84 34 107 173 473 334 158 384 407 458
Route 16 : 13 204 313 129 504 429 95 93 393 395 251 82 382 150 106 146 551 406 253 446 450 12 553 42 179 190 312 479 490 342
Route 17 : 263 149 63 363 255 555 449 563 182 61 78 482 47 378 4 57 127 347 236 304 536 427 361 357 203 112 503 412
Route 18 : 189 235 489 239 539 234 534 293 593 264 535 564 170 300 600 470 1 64 269 301 364 569 163 463
Route 19 : 188 62 488 233 139 533 91 362 391 282 439 227 527 192 137 207 437 288 492 250 588 582 550 507 76 376
Route 20 : 240 229 540 529 256 142 130 442 556 276 430 271 576 215 515 111 131 411 431 221 571 157 521 68 52 368 352 457
Route 21 : 295 281 283 595 114 581 210 510 583 290 414 29 590 143 258 144 443 444 558 56 329 201 356 501
Route 22 : 266 77 195 566 377 199 495 222 499 22 265 565 522 322 273 108 408 237 573 177 537 159 477 459
Route 23 : 60 260 360 287 262 562 560 587 113 147 447 413 242 267 542 90 567 390 25 246 325 20 320 191 546 491
