Instance name : bar-n400-4
Authors : Alexander Yuskov (a.yuskov@g.nsu.ru), Igor Kulachenko (ink@math.nsc.ru), Yury Kochetov, Igor Vasilyev, Zhangdong, Chenjuan, Huanghaohan, Wanglongfei
Date : 28.05.2025
Reference : HGIM
Solution
Route 1 : 95 295 24 224 163 132 363 191 332 101 391 152 352 301 56 256 193 393
Route 2 : 178 82 378 87 287 35 235 189 282 80 389 108 143 308 197 280 343 15 397 215
Route 3 : 17 73 217 273 83 283 68 268 53 253 179 28 228 379 126 326 145 112 171 371 312 345
Route 4 : 115 94 315 156 294 150 356 38 81 350 281 157 238 6 206 357 144 141 198 344 398 195 341 395
Route 5 : 13 168 213 181 381 368 20 58 220 8 208 258 86 194 286 172 394 162 372 33 362 29 104 233 304 229
Route 6 : 90 290 34 234 98 117 298 36 317 23 236 223 124 57 187 387 324 111 257 151 351 99 185 299 311 385
Route 7 : 165 63 40 365 240 22 263 100 222 300 116 177 316 377 41 153 241 138 353 97 338 297 161 361
Route 8 : 147 14 188 347 74 214 110 274 310 388 78 278 10 210 5 122 322 93 205 183 383 293
Route 9 : 84 54 284 11 211 199 120 254 399 19 219 192 320 392 186 44 244 386 119 319 9 209
Route 10 : 49 249 109 154 200 354 21 309 221 43 400 243 113 137 337 158 313 358 26 176 226 47 175 375 247 376
Route 11 : 118 318 167 367 4 102 302 204 45 7 96 245 107 307 155 355 207 296 135 335 129 114 314 76 39 239 329 276
Route 12 : 16 216 166 3 203 103 366 303 2 30 61 261 67 267 230 170 202 370
Route 13 : 42 173 37 242 46 373 237 246 139 27 227 339 134 142 48 342 248 334 148 196 396 348
Route 14 : 59 259 77 69 269 89 277 125 325 289 106 146 306 346 121 70 321 85 123 270 323 285 190 390
Route 15 : 182 50 250 55 79 382 255 25 225 72 272 174 279 374 88 159 92 292 288 130 136 359 330 336
Route 16 : 131 128 328 65 1 265 32 331 201 180 380 60 260 62 133 333 105 262 232 18 305 91 169 291 218 369
Route 17 : 184 384 31 149 231 71 271 349 164 75 364 275 160 64 360 66 264 266 140 12 340 52 252 212 127 327 51 251
