Instance name : bar-n600-2
Authors : Alexander Yuskov (a.yuskov@g.nsu.ru), Igor Kulachenko (ink@math.nsc.ru), Yury Kochetov, Igor Vasilyev, Zhangdong, Chenjuan, Huanghaohan, Wanglongfei
Date : 28.05.2025
Reference : HGIM
Solution
Route 1 : 119 145 66 445 142 442 419 366 163 194 494 207 463 103 507 403 273 185 268 485 573 283 583 208 568 108 408 508
Route 2 : 110 233 68 533 295 368 595 410 139 125 439 48 425 348 59 173 158 91 473 391 277 458 359 92 577 392
Route 3 : 61 220 162 361 462 106 520 120 223 406 130 420 30 523 430 65 176 330 365 476 218 17 518 154 454 317 33 333
Route 4 : 252 552 202 502 49 99 399 349 192 241 492 29 541 297 47 329 210 597 510 347 64 132 432 364
Route 5 : 128 428 58 38 200 338 358 155 500 105 405 122 422 455 117 177 477 417 275 25 575 249 161 549 325 461
Route 6 : 278 166 466 209 578 203 121 503 509 13 276 313 421 115 415 127 50 427 206 576 350 245 506 293 545 593 282 582
Route 7 : 171 471 31 67 237 537 27 367 331 34 334 274 43 327 343 191 574 491 232 140 112 532 217 440 517 412
Route 8 : 157 196 496 457 143 443 187 224 524 487 149 449 170 80 190 470 94 380 264 564 24 394 39 490 160 324 339 460
Route 9 : 104 147 447 123 150 423 404 15 281 315 188 126 581 450 240 488 159 426 540 459 8 54 308 289 354 589
Route 10 : 152 87 387 116 452 165 113 416 465 183 129 429 413 483 174 135 114 474 435 184 414 263 563 484 230 530 74 374
Route 11 : 254 98 554 398 60 88 102 261 402 388 28 70 360 370 561 148 328 448 225 86 525 53 386 270 271 353 570 571
Route 12 : 69 111 369 84 411 44 384 75 344 169 469 375 236 286 536 290 586 153 590 1 301 118 180 480 36 453 418 336
Route 13 : 244 544 164 292 464 182 18 482 250 592 138 287 438 587 550 318 222 90 522 37 45 390 337 131 151 431 345 107 451 407
Route 14 : 95 57 262 357 9 309 395 178 562 73 478 257 373 248 557 97 231 548 186 531 216 486 516 234 397 534 156 456
Route 15 : 253 296 299 599 596 227 235 553 260 535 79 239 527 272 560 539 379 141 441 238 538 251 229 529 572 551
Route 16 : 172 52 352 226 472 228 269 569 85 528 526 385 255 279 246 555 179 35 579 546 479 7 265 335 189 565 307 489
Route 17 : 168 42 93 468 6 342 300 393 600 201 26 306 501 326 294 62 215 515 594 81 381 362 146 284 584 446
Route 18 : 247 134 285 434 71 259 547 371 212 559 585 193 512 298 598 493 204 291 19 319 10 591 72 136 504 372 221 521 436 310
Route 19 : 76 101 376 14 401 288 314 32 588 23 195 100 323 16 400 258 495 316 214 332 558 514 22 322
Route 20 : 51 243 351 109 543 409 2 266 144 444 302 280 566 580 167 124 467 424 40 205 242 542 340 219 505 519 21 321
Route 21 : 83 213 5 267 383 305 11 567 175 475 256 55 513 556 311 137 96 355 396 56 356 198 4 437 197 497 41 304 341 498
Route 22 : 63 363 89 3 389 199 499 303 211 20 511 320 78 181 481 378 12 46 346 82 382 312 133 77 433 377
