Instance name:	bar-n2500-1
Authors:		Carlo Sartori and Luciana Buriol
Date:			2019-2-11
Reference:		A matheuristic approach to the PDPTW (to be submitted)
Solution
Route 1 : 696 1946 1248 2498 339 256 1506 1589 266 75 1325 1516 773 237 2023 1487 660 1910 166 142 1416 1392 587 966 2216 719 1837 1969 789 2039
Route 2 : 131 1381 783 1223 989 2033 737 2473 542 1987 1792 347 1597 285 794 397 2044 2239 155 1535 1647 1405 1092 998 112 2342 2248 1362 813 226 2063 1476
Route 3 : 743 1023 1993 805 2273 961 2211 241 2055 762 2012 1079 1491 2329 1099 221 922 2172 1471 1036 2349 593 2286 185 1843 1435 1112 557 2362 713 1963 1807 1244 2494
Route 4 : 340 27 1590 1277 387 598 1848 1637 405 151 1655 321 1401 1074 1192 2324 2442 1571 8 1114 2364 774 1258 2024 55 173 1305 1423 1011 2261
Route 5 : 1008 324 2258 1574 1155 535 2405 1785 508 1758 880 29 1279 2130 332 73 1323 1582 115 791 2041 634 1365 1884 136 25 1386 1275
Route 6 : 189 209 1459 1439 60 315 1565 517 76 1310 1326 1138 2388 250 1500 1767 121 1371 317 458 1708 1567 771 1161 2021 568 2411 1818
Route 7 : 400 991 2241 1650 895 1191 2145 2441 179 1429 1208 1163 871 2121 2413 1051 2458 224 2301 1474 541 1791 1168 2418 620 161 1870 1072 1411 2322 85 178 1335 1428
Route 8 : 452 1034 2284 1702 59 1309 1237 2487 816 576 2066 1826 1204 228 2454 1478 687 1937 259 1233 1509 2483 1093 2343 1080 330 2330 1580 462 1712
Route 9 : 668 888 2138 444 243 1918 1493 1694 554 120 1804 1370 1246 691 139 1941 963 1389 2496 252 2213 1502 577 1827 1098 1184 2434 619 2348 1869
Route 10 : 778 2028 507 1757 839 819 2089 442 807 2069 1692 1097 10 1260 2057 2347 206 735 1456 1985 1209 656 1906 1158 2408 611 1861 509 1759 2459 46 1296
Route 11 : 353 1603 15 667 1917 377 1627 1265 413 515 1663 861 1765 449 2111 1699 1053 665 1915 2303 608 204 1858 914 1454 129 2164 311 1379 1561
Route 12 : 1006 54 683 1304 267 1933 2256 281 1517 1531 1146 2396 724 618 1868 1974 1090 2340 673 715 1182 2432 1923 1965 492 439 1742 1165 1689 2415 101 545 1351 1795
Route 13 : 499 1749 270 1520 642 87 1337 150 1400 590 1840 924 1892 395 1645 1013 2174 2263 862 872 2112 145 2122 261 1395 503 1511 1753 482 1732 359 972 2222 1609
Route 14 : 1110 846 2096 964 2214 2360 979 2229 1009 2259 1185 384 2435 1634 124 835 1374 2085 1181 728 2431 135 1385 1978 1007 1073 2257 2323 536 80 1786 1330
Route 15 : 51 343 1301 1111 1593 2361 1241 2491 1021 39 2271 583 1289 1047 213 2297 1833 1463 786 133 2036 1383 825 2075 615 1057 1865 2307 450 461 1711 1700
Route 16 : 973 1083 2333 920 2170 1060 2223 2310 1196 2446 581 1831 1020 977 2270 2227 941 586 2191 1836 408 187 265 1658 1437 1515 955 2205 195 1445
Route 17 : 889 378 2139 1628 761 2011 318 678 1928 1568 884 337 2134 1211 1587 2461 369 234 1484 756 2006 1619 1014 214 2264 1464 263 926 810 2060 1513 2176
Route 18 : 1003 72 1056 2253 1086 2306 1322 645 2336 484 1895 803 2053 1734 496 1746 505 1243 92 2493 1755 655 1342 1905 1050 714 2300 288 938 1964 1538 2188
Route 19 : 640 447 906 1697 1890 727 2156 504 666 1754 1977 392 1916 512 1762 1108 137 1387 1642 2358 925 591 2175 897 1841 720 1970 1176 2147 943 2426 2193
Route 20 : 160 126 1376 738 1410 1988 1071 2321 863 2113 1144 2394 867 585 2117 1835 280 1530 463 1713 686 1936 428 433 670 1678 1920 1683 891 36 1286 1162 2141 2412
Route 21 : 1200 2450 1134 1010 2384 2260 1033 1001 2251 153 1403 83 514 229 1333 1764 746 1479 1996 169 2283 1031 1419 1087 2281 50 2337 988 1300 113 2238 1363
Route 22 : 22 429 915 1679 1272 534 2165 110 1784 117 1367 1360 531 298 1781 1548 438 899 1688 309 2149 750 2000 901 1559 2151 294 622 1544 1872 711 1961
Route 23 : 635 1212 35 2462 186 1885 1285 1129 1436 493 62 2379 1312 1743 130 143 360 1380 1393 876 1064 2314 1610 2126 43 1004 132 2254 782 2032 1293 1382
Route 24 : 928 194 950 2200 2178 1444 457 1119 1707 44 723 1294 2369 864 2114 1973 335 799 1585 732 1982 847 2049 2097 220 859 1470 857 2109 2107 770 2020
Route 25 : 787 764 2037 2014 440 1690 468 1718 480 108 1730 1358 3 291 1253 494 1541 524 1774 1744 883 69 193 1443 1319 595 2133 327 1577 1845
Route 26 : 1043 2293 78 184 1434 854 2104 1328 909 612 2159 422 1862 199 1449 1672 171 1177 1421 2427 623 175 580 1873 1830 1425 544 198 1794 20 1448 1270
Route 27 : 260 1510 16 1266 759 2009 879 669 437 2129 1687 1919 616 1866 769 2019 1106 855 2356 77 2105 1327 742 654 1992 107 1357 1904
Route 28 : 402 781 2031 555 1652 982 898 1805 40 1290 2148 128 2232 262 1512 1378 1109 2359 1095 2345 672 990 1922 1040 892 2142 2240 2290
Route 29 : 254 796 231 1481 1504 2046 269 1519 709 606 1959 566 1856 1816 448 1698 56 1306 747 1242 2492 1997 912 1055 2305 2162 89 1339 927 2177
Route 30 : 530 701 1951 768 2018 1780 236 1486 308 1558 903 2153 1027 2277 434 699 1684 1949 264 684 1514 1178 82 2428 1934 1203 1332 2453 588 1838
Route 31 : 96 1101 2351 41 1291 907 498 2157 1346 1748 1179 2429 710 105 1960 1355 406 1656 1089 472 763 1722 2013 2339 1096 741 2346 1991 306 157 1407 1556 31 1281
Route 32 : 573 272 167 1823 1522 1417 808 2058 848 596 2098 1846 388 1638 962 1019 2269 366 2212 1616 605 849 2099 1855 983 2233 215 1465 904 785 2035 2154
Route 33 : 1032 648 1898 2282 66 138 1316 1388 419 1669 477 674 1727 704 1924 1954 277 1125 2375 1527 999 2249 253 638 474 1888 1503 543 273 1793 1724 734 1523 1984
Route 34 : 840 379 1629 2090 1066 2316 488 1738 647 79 1329 627 1877 1897 910 985 2160 2235 68 1318 345 1049 1150 1595 775 2400 2025 2299 609 1859
Route 35 : 811 552 1802 258 2061 325 1575 603 722 1853 1972 119 1508 929 1369 2179 690 410 1660 1940 663 567 1913 1817 34 700 1284 733 1950 1983 628 1878
Route 36 : 1152 675 1067 2402 1156 2317 1925 2406 575 1825 779 801 2029 1030 626 2280 2051 1876 123 341 116 1373 1366 1591 653 381 1631 1903 436 1686 777 2027
Route 37 : 893 1221 2143 2471 1024 469 1719 2274 1128 1127 2377 2378 223 877 1473 1117 2127 570 1820 726 282 1976 1532 182 2367 283 1533 1432
Route 38 : 832 1193 2082 376 1626 685 1935 1012 2443 1123 2373 2262 1063 739 1989 217 2313 9 1467 1259 662 1912 476 1164 2414 289 1726 1539 644 328 1894 1578
Route 39 : 584 1834 370 1620 356 398 106 1606 1648 1356 24 1274 600 1225 2475 942 2192 1850 815 344 2065 1139 1594 856 365 2106 2389 1615 551 1801 597 1847
Route 40 : 146 1396 1082 2332 127 1028 1377 834 1194 2084 2278 103 2444 414 1664 1353 435 1147 712 2397 932 1685 1962 2182 257 312 1507 90 1562 1340
Route 41 : 765 292 205 1455 1542 2015 852 2102 500 511 1761 1236 1750 140 2486 1044 1390 2294 88 572 1822 1338 1075 2325 190 935 1440 1143 2185 2393 467 1717
Route 42 : 1038 361 798 2288 2048 1611 329 483 1579 760 820 2010 1733 753 1174 2070 944 2424 2003 818 2194 2068 275 540 1790 1525 490 74 705 1740 1955 1324
Route 43 : 386 97 1636 1347 235 475 1725 1018 1485 2268 522 865 913 2115 1772 1046 2296 2163 1130 423 2380 1673 729 1070 2320 1979 610 1860 393 1643 64 1037 2287 1314
Route 44 : 316 1202 1566 2452 48 1298 227 1015 1054 2265 1477 959 2209 2304 1100 639 2350 1249 1889 2499 633 1883 248 183 1198 2448 1498 297 1433 851 1547 2101
Route 45 : 981 797 2047 1078 383 2231 53 1633 2328 1303 156 546 1796 1406 934 875 2125 2184 346 563 1058 1596 1813 992 470 172 2242 1422 1720 2308 793 2043
Route 46 : 18 1268 1205 445 1695 216 2455 149 1466 1399 558 293 1543 1808 814 564 2064 1005 2255 1002 1814 2252 100 125 1375 1350 844 2094 152 1201 1402 2451
Route 47 : 613 695 1863 32 1945 994 196 1282 1446 2244 1206 617 2456 159 1065 1867 1409 2315 268 1059 274 1518 2309 772 1524 2022 821 222 1472 755 2005 2071
Route 48 : 1118 2368 1247 1045 2497 114 2295 513 1364 1763 698 1948 553 1803 466 1716 692 607 1068 1942 1857 2318 350 1207 348 2457 1600 1598 652 1902 459 1709
Route 49 : 420 1107 2357 829 351 1670 473 2079 478 1723 1728 957 1601 168 2207 1418 538 1788 537 1787 518 49 1768 301 1551 1299 1183 2433 661 826 1911 396 2076 1646
Route 50 : 749 426 52 1676 1302 1999 579 1016 1829 19 485 1735 1269 681 2266 382 1931 1632 441 519 1691 886 556 1769 1806 2136 372 1622 225 1475 188 1438
Route 51 : 828 2078 305 212 1462 974 657 1555 2224 390 1907 1640 717 1967 1026 1186 2436 2276 767 1140 2390 338 2017 1588 373 887 1623 94 1344 2137
Route 52 : 47 624 1874 12 102 454 1704 1262 202 1352 1452 481 1297 978 170 1731 2228 1420 1187 569 1819 2437 890 881 659 2140 2131 1103 1909 1094 71 1321 2344 2353
Route 53 : 487 680 1737 239 1489 1930 592 751 1842 1148 2001 367 2398 249 916 1499 707 1617 2166 908 1957 718 326 1576 1968 2158 1081 1216 354 2331 1604 2466
Route 54 : 358 200 1450 1608 730 1137 2387 1213 1980 313 1563 602 2463 180 1852 842 1430 894 2092 65 2144 1217 1315 521 2467 1771
Route 55 : 823 885 866 2073 1052 2135 2116 869 2302 394 1644 2119 843 2093 1135 878 2385 165 1415 2128 1229 2479 307 1195 2445 1557 578 993 362 2243 1828 1612
Route 56 : 1153 255 1505 122 960 2403 1372 2210 303 446 1696 1553 757 2007 371 1154 1621 1197 2447 286 1536 725 33 2404 1975 1283 940 2190 486 1062 355 1736 1605 2312
Route 57 : 23 1273 245 1105 1495 456 2355 1706 850 1190 2440 873 2100 421 2123 1671 455 134 1705 1384 21 211 1271 374 1624 1461 1124 11 1261 247 1497 2374
Route 58 : 233 923 1483 986 2236 411 2173 560 1661 1810 550 506 1756 310 1560 1800 1224 81 2474 1331 933 2183 788 529 1126 2376 2038 302 1779 1552
Route 59 : 416 276 30 1666 1526 1280 1234 754 601 2004 2484 1851 197 1447 937 562 2187 951 1812 2201 1172 2422 1215 201 2465 1220 1451 679 1929 2470
Route 60 : 240 1490 1085 902 2335 2152 38 1288 375 1625 599 26 1849 533 1276 1235 1226 1783 2485 181 2476 1431 284 752 965 2002 2215 1534 147 352 1397 1602
Route 61 : 238 1488 745 1995 207 996 1457 676 2246 1926 418 1668 271 431 1521 671 1921 177 1427 1228 1681 2478 453 1703 831 936 2081 2186 385 682 1932 1635
Route 62 : 58 1041 1308 2291 1180 401 2430 510 1651 1760 104 432 1354 1682 320 278 953 1528 1570 532 2203 295 1545 464 1782 304 1554 334 1714 1584 244 1494
Route 63 : 412 516 6 1766 561 1662 1256 1811 958 2208 164 1414 650 841 2091 1900 1227 565 2477 1815 790 1231 997 2040 2247 342 2481 1592 1166 2416
Route 64 : 349 1599 1199 1232 795 2482 838 2045 1029 2088 2449 2279 571 1821 2 1252 1039 766 549 2289 2016 1799 921 208 2171 1458 559 1122 2372 896 1809 2146
Route 65 : 806 336 2056 1586 614 946 1864 2196 651 158 1901 1408 246 968 688 2218 708 1496 1938 1157 1958 1048 2407 2298 703 323 1953 1573 677 716 1966 1927
Route 66 : 296 621 1871 1546 918 1219 2168 2469 1035 2285 17 706 1956 1267 526 837 2087 91 1776 1341 333 1583 931 28 1278 2181
Route 67 : 427 42 70 1677 363 1292 1320 870 1069 1613 637 2120 1887 2319 192 740 845 287 2095 1990 1442 736 1537 162 1412 1986 1214 900 61 2464 1311 2150
Route 68 : 874 2124 443 631 1693 930 1881 2180 804 2054 748 1998 1132 501 2382 905 2155 917 1250 2167 547 2500 1751 1149 1797 203 300 2399 1550 331 1581 1453
Route 69 : 1151 1104 2401 491 689 2354 1113 1939 1741 1239 2489 2363 528 694 721 1944 1778 502 1971 1752 802 2052 949 2199 1173 967 2217 636 1886 2423 368 1618
Route 70 : 630 1880 403 1245 1653 1017 2267 975 2225 2495 299 980 1549 2230 404 1159 1654 836 2086 2409 380 1630 1076 1240 4 2326 2490 424 154 1254 1404 497 1674 1747
Route 71 : 945 1 357 1251 2195 970 1607 2220 539 218 1789 1468 176 1426 824 2074 1042 93 2292 523 430 1343 1680 1773 817 2067 1077 632 1210 2460 1882 2327 1061 2311
Route 72 : 758 407 1171 2008 1657 853 45 2103 109 919 2421 1295 954 2169 2204 731 1981 1131 1136 2381 1359 2386 1025 13 1263 2275 425 415 99 1675 1665 1349
Route 73 : 1167 1022 2272 174 2417 1424 858 2108 812 952 2202 1170 520 2062 1770 2420 314 191 251 1441 1564 971 1501 417 2221 1667 144 969 2219 1394 319 1091 1569 2341
Route 74 : 118 1222 1368 1230 2480 2472 1120 693 1943 780 2370 2030 574 629 460 1824 1710 1879 1115 2365 956 664 2206 279 827 1914 1529 641 2077 409 1659 1891
Route 75 : 84 1334 489 63 1313 1739 1000 2250 658 830 1908 2080 95 495 1345 391 1745 451 1641 465 1715 548 1701 525 1798 1775 7 479 1729 1257 776 2026
Route 76 : 582 868 1832 322 2118 1572 210 1460 148 163 1398 1413 604 822 2072 57 1307 697 1854 643 1947 37 1893 1145 2395 1287 5 141 1391 1255 800 232 2050 1482
Route 77 : 649 1899 1188 2438 1238 1141 2488 976 2391 290 2226 1540 947 111 2197 1189 1218 2468 1361 860 2439 1169 2110 2419 1121 219 987 2371 1469 939 2237 948 2189 2198
Route 78 : 230 995 14 1480 702 2245 1952 1264 389 1639 792 399 1649 1116 2042 471 1721 809 2366 2059 98 1348 1084 589 625 1839 2334 1875 67 1102 1317 2352
Route 79 : 594 646 744 1896 1994 1844 784 984 2234 1175 2425 2034 86 1336 527 1777 364 911 1614 833 2161 1088 1142 882 2083 242 2338 1492 2132 1133 1160 2410 2383 2392
