Instance name : bar-n3000-1
Authors       : BIG3 - Dmitriy Yampolskiy, Egor Nikolaev and Daria Savina. Smart Logistics Point by the BigThree team (big3.ru).
Date          : 2025-04-22
Reference     : BigThree team (big3.ru)
Solution
Route 1 : 211 708 232 2208 965 1711 697 2197 1732 2465 1424 135 1635 999 2924 2499
Route 2 : 1169 187 835 2335 2669 1482 1687 1262 2762 2982 1459 297 1797 1147 2959 1313 1024 2524 2647 2813
Route 3 : 1235 770 2270 81 1581 2735 1225 364 435 1864 168 2725 924 1935 1668 102 2424 1442 2942 1602
Route 4 : 1361 1134 2861 983 2634 1185 327 2483 2685 1193 1827 1211 997 2693 2711 2497 1403 745 2245 387 2903 1887
Route 5 : 1130 1318 1036 2536 362 2630 1310 1862 2818 1148 1375 150 2810 1650 2875 2648 923 1497 2997 2423
Route 6 : 1087 2587 1110 867 2367 2610 1088 395 2588 1195 481 1895 109 1981 1609 51 2695 1551
Route 7 : 1466 2966 543 272 1772 933 2043 375 2433 77 1875 1205 1577 312 2705 1247 2747 1349 1812 2849
Route 8 : 1345 1000 2845 2500 424 399 1924 992 1435 1899 2492 1391 2935 1377 214 2891 370 1870 2877 1714
Route 9 : 1329 437 2829 910 2410 1351 1937 2851 43 1543 321 328 154 1654 1821 1233 1005 1828 2505 2733
Route 10 : 950 2450 1172 1103 2672 2603 121 95 411 1595 1621 255 1911 1755 744 914 627 2127 2414 2244
Route 11 : 358 1858 1342 26 1526 241 2842 139 1741 720 1639 288 1788 2220 1374 785 308 578 2285 2874 1808 2078
Route 12 : 203 716 2216 602 169 2102 1703 1321 915 1669 2821 2415 333 275 1833 198 767 1698 1775 2267
Route 13 : 881 391 2381 221 1891 506 1279 2006 1104 1721 2604 2779 1301 1430 534 2930 2801 2034
Route 14 : 412 562 1912 1392 1152 2652 2892 2062 913 898 2398 1197 2413 1498 2697 989 2998 2489 279 1779
Route 15 : 1224 1047 2724 836 2547 212 1712 766 2336 129 114 1629 2266 1239 1614 1382 2739 661 2882 2161
Route 16 : 271 27 488 571 1771 712 2071 1344 1527 2844 730 1988 2230 277 1777 2212 1376 1072 2572 2876
Route 17 : 648 1064 1182 2682 2564 1412 2148 54 2912 1554 1451 110 2951 1610 951 1201 804 2701 2304 2451
Route 18 : 827 753 2253 286 2327 1402 1786 2902 536 752 2252 2036 65 258 1139 1758 1565 2639 1397 2897
Route 19 : 268 62 1768 1358 1562 808 56 2858 2308 356 1045 1856 622 1556 2545 1277 2777 2122
Route 20 : 840 392 2340 1892 67 118 1618 1 1567 818 151 2318 1367 1501 1154 1651 1452 2867 2952 2654
Route 21 : 762 368 920 1868 2262 2420 1359 1106 2859 776 2606 1250 2276 974 244 2750 229 1744 2474 1729
Route 22 : 1178 1487 2678 1384 2884 670 63 2987 1563 758 2258 2170 1429 449 2929 845 1949 2345
Route 23 : 1069 880 2380 1338 2838 2569 1314 1242 2814 2742 590 955 494 2455 2090 1994 963 1284 2463 2784
Route 24 : 132 907 1632 1184 2407 1419 2919 2684 1434 1183 2934 1326 2826 2683 23 583 1523 2083
Route 25 : 592 693 1035 326 2535 1826 2193 1120 2620 2092 1006 1089 2506 2589 448 237 234 1737 1948 1734
Route 26 : 39 908 1539 517 247 2408 1747 1460 2017 1416 2960 2916 617 146 1646 1425 295 1795 2117 2925
Route 27 : 1471 2971 15 630 1515 2130 647 455 1955 1040 2147 482 105 1605 1982 2540
Route 28 : 1221 2721 165 1665 219 78 1719 1578 865 315 607 2107 236 2365 1372 1736 1815 2872 1319 1427 2927 2819
Route 29 : 1500 513 2013 1353 1109 3000 1125 2853 2625 1380 2609 2880 243 1398 2898 812 1743 2312 850 2350
Route 30 : 69 1569 202 1702 1149 710 555 462 1962 2210 7 2649 2055 1180 1507 1075 1054 2680 2575 2554
Route 31 : 287 967 2467 726 1787 1448 495 207 2226 1707 1995 802 1015 530 2515 248 1748 1095 2302 2948 2030 2595
Route 32 : 875 1025 2525 2375 984 941 1251 2441 2484 2751 1226 1186 2726 270 1770 410 2686 681 1910 2181
Route 33 : 433 331 1831 899 2399 1933 1173 2673 861 161 1661 721 699 2199 2361 32 2221 1532
Route 34 : 1127 350 831 1850 178 2627 2331 18 1678 1009 1518 722 916 2416 2509 434 2222 942 725 2225 2442 1934
Route 35 : 838 931 2431 1261 2338 126 2761 696 1626 653 949 2449 2153 674 2196 188 74 1574 290 2174 1688 1790
Route 36 : 1161 138 1638 2661 240 386 1740 186 1886 1011 1686 2511 1194 174 1674 821 2694 2321
Route 37 : 761 2261 1116 250 2616 690 811 1750 2190 538 2311 505 2005 2038 381 1018 1273 1881 2518 2773
Route 38 : 206 396 640 510 1896 2140 2010 586 1706 1071 2086 1179 2571 2679 1264 1085 2764 852 2352 2585
Route 39 : 554 1129 1114 2054 2629 432 2614 561 1932 545 2061 676 2176 1077 2045 1285 2577 2785
Route 40 : 1256 2756 680 524 2024 1052 2180 2552 414 17 1517 1112 478 1914 1016 2612 1978 2516
Route 41 : 416 1138 1916 76 1328 1576 1058 2638 2828 492 2558 1170 1992 2670 734 1387 988 2488 2887 2234
Route 42 : 1099 1241 990 2490 2741 1078 2599 2578 222 502 1722 608 728 2002 2228 2108
Route 43 : 544 1420 760 2044 847 2347 2920 1222 2260 2722 698 2198 1043 765 2543 1449 2265 2949
Route 44 : 937 668 723 2223 2168 585 199 2437 2085 1699 1153 166 1666 180 451 2653 1680 1951
Route 45 : 304 1300 476 2800 1467 1976 523 1032 2023 1340 2967 2532 1474 1804 2840 461 2974 1283 2783 1961
Route 46 : 1357 1290 2790 2857 773 2273 756 266 2256 854 1766 367 2354 1060 1867 1400 2560 2900
Route 47 : 209 705 2205 1383 1709 2883 846 439 1939 2346 329 354 1854 1829
Route 48 : 1137 2637 1275 1282 2775 2782 1476 164 2976 755 2255 172 1672 1664 498 1227 1998 1447 2947 2727
Route 49 : 1272 1371 2871 1298 2772 1469 1158 2969 1438 2658 2798 891 2938 282 2391 528 1782 2 1502 2028
Route 50 : 1166 1411 2666 1455 2911 1189 108 1608 2689 2955 1212 2712 1014 982 104 1604 2514 1083 2482 2583
Route 51 : 629 346 2129 1081 1846 1356 2581 2856 1332 515 472 1972 2015 2832 1133 1339 2633 2839
Route 52 : 1366 2866 954 824 2454 2324 959 900 2400 1436 2459 2936 657 1428 2157 2928 1468 742 2968 1369 2242 2869
Route 53 : 841 311 380 567 1880 2341 2067 1811 101 149 1649 1601 46 892 1546 252 1752 10 1510 2392
Route 54 : 294 422 1794 420 1922 1146 1920 1218 2718 2646 1215 1462 1096 2962 1156 2596 2715 2656
Route 55 : 201 1701 637 635 2137 921 298 2135 1090 2590 1101 2601 1798 301 324 1824 1108 1801 1346 2846 2608 2421
Route 56 : 318 453 1818 1463 1057 2963 1953 1334 713 2834 2557 417 2213 156 49 1917 1062 1549 2562 1656
Route 57 : 1188 2688 832 1037 73 2332 1573 1207 2537 918 2418 260 2707 514 926 848 1760 2014 2348 2426
Route 58 : 527 317 360 1817 1860 2027 1191 968 2468 2691 1263 739 2763 170 548 2239 233 1670 2048 1733
Route 59 : 463 501 795 2001 2295 1963 84 614 2114 568 1584 930 2430 1488 2988 1288 2068 2788
Route 60 : 1145 1176 2676 330 1830 42 82 2645 539 1255 1542 2039 1051 1582 496 2551 2755 1996
Route 61 : 638 976 679 2179 2138 2476 246 436 1746 134 1936 1634 1324 522 975 2022 190 2824 2475 1690
Route 62 : 191 1691 389 1048 1889 408 223 1908 2548 1723 557 677 526 2026 2057 220 991 2177 2491 1720
Route 63 : 213 516 2016 1713 1347 2847 946 869 2446 365 1055 2555 1352 1865 1238 1341 2738 2852 2369 2841
Route 64 : 1499 2999 830 280 2330 426 440 1926 809 1940 1780 1050 2309 99 1305 1599 651 2805 1432 2550 2151 2932
Route 65 : 611 147 314 1814 1647 447 897 276 1776 1947 2397 2111 1253 1396 2896 55 2753 866 2366 823 1555 2323
Route 66 : 782 718 890 2282 2390 2218 1440 1252 565 2940 2752 645 1423 2065 479 2145 1979 2923 759 1413 2259 2913
Route 67 : 1214 2714 518 2018 456 90 879 1956 683 1590 259 2379 1237 2737 2183 1759
Route 68 : 1021 893 529 152 1652 2393 2521 1168 2029 1315 2668 1394 2815 53 2894 1068 1485 2985 2568 1553
Route 69 : 855 309 2355 1809 226 626 1726 650 748 2126 217 2248 2150 1717 231 727 409 1731 1909 196 1696 2227
Route 70 : 828 130 1630 497 2328 1098 1997 140 369 1640 2598 1869 558 376 719 2219 784 2058 446 1876 2284 1946
Route 71 : 1117 384 2617 605 2105 1884 793 1066 2293 1200 2566 1228 1220 2700 1478 2728 2978 2720
Route 72 : 612 2112 1418 905 2918 2405 1257 2757 1457 751 2251 1119 2619 2957 1308 649 2149 2808
Route 73 : 1437 1174 2937 1113 2674 504 2613 427 113 2004 1927 1613 547 2047 319 1355 204 2855 1704 1819
Route 74 : 778 1291 2278 285 403 1903 1785 183 703 1683 2791 1231 2731 30 2203 783 1530 1335 2835 2283
Route 75 : 1084 2584 177 1677 316 224 1724 1013 200 2513 341 1816 1841 1484 1700 310 636 1810 2984 2136
Route 76 : 868 704 2368 1208 2708 2204 1299 1254 2799 38 2754 273 1538 797 654 1773 20 2297 2154 1520
Route 77 : 825 173 872 1673 888 2388 2325 820 2320 1286 576 2786 2076 2372 791 58 2291 1558 3 406 1906 1503
Route 78 : 184 1001 1684 452 2501 1952 656 594 2156 289 939 2439 1789 2094 659 1028 2159 366 1866 2528
Route 79 : 5 932 675 2175 1505 124 249 378 2432 1749 1003 2503 1624 85 1289 1585 896 2789 2396 1878
Route 80 : 671 922 2422 581 2171 52 1259 2081 2759 1552 1100 511 2011 2600 1472 441 2972 1941
Route 81 : 1276 903 597 2776 2403 2097 469 1163 711 2663 2211 1969 1074 66 1409 2574 93 2909 1566 1593
Route 82 : 575 1010 2510 12 2075 1056 1512 662 1404 2162 2556 929 193 2904 1693 2429
Route 83 : 574 1061 2074 1076 2561 1105 2576 917 1312 2417 2605 876 2376 185 50 1685 1550 2812
Route 84 : 813 262 2313 305 964 2464 1762 689 1805 682 2182 2189 587 667 2087 353 2167 1123 2623 1853
Route 85 : 460 1960 1092 325 405 2592 859 1825 2359 1905 1475 2975 457 733 1957 112 2233 215 1612 1715
Route 86 : 1091 715 2591 44 2215 1544 235 1033 372 1735 6 591 2533 2091 1506 1336 1872 1401 2836 2901
Route 87 : 1245 388 1888 2745 1464 535 2035 361 1861 746 2964 40 1540 257 1757 2246 442 352 774 1942 2274 1852
Route 88 : 323 363 1823 1204 111 1863 519 1611 1023 2019 2704 860 72 2360 2523 1572
Route 89 : 512 600 2100 884 1141 2384 2012 2641 9 61 1561 1232 1509 2732 1126 834 1073 2626 2334 2573
Route 90 : 1244 1142 2744 887 1477 2642 2977 2387 601 216 88 307 2101 1716 1807 1588 814 97 2314 1597
Route 91 : 242 291 593 1791 2093 1742 1473 1354 2854 1306 2973 573 2806 2073 28 873 2373 1199 1528 2699
Route 92 : 947 454 673 2447 810 2173 1954 1164 2664 2310 445 858 340 2358 1945 938 685 1840 337 2185 2438 1837
Route 93 : 1304 1330 886 2804 2386 459 2830 137 542 1959 740 1637 261 1761 2240 2042 1086 1080 2580 2586
Route 94 : 1268 131 2768 781 1631 2281 343 1162 1281 2662 1843 2781 986 1029 817 2486 2529 160 1660 2317
Route 95 : 1269 885 2769 148 1648 2385 418 181 1681 373 1918 155 1655 120 1620 1873 541 2041 390 256 1890 1756
Route 96 : 401 1495 1901 717 2217 1322 2995 977 2822 684 981 2477 2481 798 996 2298 2496 2184
Route 97 : 1053 732 843 2553 2232 741 1144 2343 127 2241 2644 952 1627 379 2452 303 1803 1879 1165 2665
Route 98 : 123 345 1845 1493 1623 2993 1278 2778 239 385 1739 1885 404 1489 1219 1904 2989 2719 1229 2729
Route 99 : 25 157 115 1525 245 1657 1615 1745 182 302 413 1802 1913 1682 34 122 470 1534 1970 1004 2504 1622
Route 100 : 1408 2908 1202 2702 882 1041 228 278 2541 1778 2382 1728 1079 1046 57 1557 2579 2546
Route 101 : 844 807 1143 2344 2307 2643 1389 925 2425 2889 692 1063 2192 870 1038 801 2370 2301 2538 2563
Route 102 : 359 100 1859 620 1600 2120 254 1754 994 1118 2618 2494 646 94 2146 731 1594 819 2231 2319
Route 103 : 871 2371 842 606 1136 2342 2636 2106 665 197 1697 1381 1309 2165 2881 2809
Route 104 : 1187 566 2687 2066 944 2444 623 142 31 1642 1531 349 2123 948 1070 2448 2570 1849
Route 105 : 779 334 1834 2279 465 1965 604 1234 2734 2104 475 700 979 1975 2200 962 2479 468 2462 1968
Route 106 : 633 24 1524 1240 2740 70 1570 599 2099 1049 2133 91 1591 609 2549 2109 227 998 2498 1727
Route 107 : 1395 1209 2895 29 2709 953 1529 2453 553 2053 480 1012 1022 1980 1496 2512 2522 2996
Route 108 : 383 969 450 1883 2469 1950 336 839 1836 98 743 2339 1598 686 2243 660 2186 2160 889 2389
Route 109 : 1065 79 2565 499 175 1579 1999 1675 377 616 2116 371 1877 1871 1026 551 2526 2051
Route 110 : 1320 2820 195 1405 2905 1695 956 995 2495 972 2456 2472 1265 666 2765 856 2166 2356 652 2152
Route 111 : 1458 644 2958 1325 283 2825 1783 2144 1121 1307 2807 641 2621 2141 768 400 1007 2268 1900 284 2507 1784
Route 112 : 500 2000 1444 1027 335 2944 621 1835 143 2121 2527 853 1643 22 2353 794 1465 2294 2965 1522
Route 113 : 1490 2990 729 1479 2979 706 2229 1492 2206 2992 4 1303 803 2803 1504 1002 1020 2502 2303 2520
Route 114 : 769 570 2269 863 613 2113 2070 1362 2363 265 2862 993 1765 2493 1260 431 2760 158 1658 936 1931 2436
Route 115 : 253 80 486 550 1753 1580 444 2050 1986 540 1944 351 902 2040 1851 2402 1343 2843
Route 116 : 864 531 1453 2031 2953 2364 672 935 2172 1302 2802 2435 398 503 1898 293 582 2003 1793 2082
Route 117 : 471 695 772 2195 2272 128 1971 1373 2873 1628 799 89 2299 549 1589 837 2049 2337
Route 118 : 737 789 2237 320 849 754 2289 763 2254 2349 1820 2263 16 355 1855 1516 1422 1350 407 2850 1907 2922
Route 119 : 466 313 1966 987 1813 2487 1190 477 2690 1977 563 374 709 1874 1135 2209 2635 2063
Route 120 : 822 906 579 2406 2322 688 2079 2188 780 210 491 1710 1445 2945 2280 1991 1337 2837
Route 121 : 912 1177 2412 1294 163 1663 2677 2794 36 961 1536 1213 2713 2461 826 1439 2939 1470 2970 2326
Route 122 : 1216 2716 552 971 2471 2052 1360 1407 1443 2860 2907 125 2943 634 1625 487 2134 1987
Route 123 : 1494 1124 2624 37 2994 878 521 1537 2021 1481 1107 2378 1230 2981 2730 421 1417 2607 2917 1921
Route 124 : 473 1323 894 1973 2394 2823 1292 927 2792 267 1767 423 625 1923 1399 2427 1368 2125 2899 2868
Route 125 : 1386 484 141 1641 2886 1984 757 883 2383 2257 176 382 1882 1676 338 815 1838 1131 2631 2315
Route 126 : 1365 669 577 2077 2865 2169 632 2132 171 167 1671 1667 1175 610 2110 532 2675 2032 1414 2914
Route 127 : 458 833 588 2088 107 2333 1958 533 658 238 2033 1607 564 2158 790 1738 2290 2064 1297 2797 957 2457
Route 128 : 966 144 1644 2466 639 299 1799 694 2139 829 2194 1203 2329 2703
Route 129 : 397 493 1897 691 874 1993 2374 19 2191 1519 1393 45 2893 117 464 1617 1964 1545
Route 130 : 1111 507 911 2007 2411 687 59 2187 430 1431 2611 2931 1559 1480 1930 1410 2910 2980
Route 131 : 438 1140 663 1938 2163 1132 2640 919 2632 133 2419 1093 1633 474 1974 1363 2863 2593 736 2236
Route 132 : 771 96 2271 1008 485 1985 14 1596 2508 1514 1454 1450 2954 2950 788 218 2288 596 1718 2096
Route 133 : 357 589 342 2089 1857 1842 707 1370 2207 159 8 1508 2870 92 1659 1592 106 624 2124 1082 1606 2582
Route 134 : 537 1267 2767 119 2037 1433 48 1619 1548 87 1587 1128 2933 877 179 1679 2377 1019 2628 1192 2692 2519
Route 135 : 1388 618 2888 2118 490 1258 2758 1990 1456 2956 1280 1491 2780 1150 569 2991 2650 857 2069 2357
Route 136 : 13 192 162 1059 2559 1692 1513 64 1364 1662 269 1564 1769 631 2131 2864 75 1575
Route 137 : 1296 2796 701 747 2247 292 2201 1122 1792 300 1017 2622 1800 603 2517 508 2103 2008 1379 2879
Route 138 : 136 1246 1171 702 1636 2671 2202 2746 909 940 2409 904 2440 1031 2404 714 2214 2531
Route 139 : 1094 960 2594 1441 1378 2878 2460 2941 1461 1210 2710 2961 1311 556 1415 2056 2811 1160 2915 2660
Route 140 : 1155 584 2655 1042 2084 2542 559 35 2059 344 1295 2795 1535 1844 1217 1102 2602 1181 2717 2681
Route 141 : 1421 735 2921 425 2235 1925 958 985 1097 2458 777 2277 2597 2485 796 520 2296 394 1894 2020
Route 142 : 348 21 1521 1848 1390 619 2890 419 1919 2119 1236 467 1967 2736 978 560 2478 281 1039 2539 2060 1781
Route 143 : 580 806 2306 2080 1406 189 2906 851 1316 1689 1385 2351 1327 2816 2885 2827
Route 144 : 33 393 41 332 1533 1893 1832 1248 1541 2748 429 1044 1929 11 1511 153 2544 1167 2667 1653
Route 145 : 1486 509 1034 2534 443 2009 2986 1943 738 1249 1198 86 2749 339 2238 1586 263 2698 1271 1839 2771 1763
Route 146 : 1159 251 1751 230 2659 598 1730 2098 116 296 525 1796 2025 816 68 1616 1317 1568 2316 2817
Route 147 : 145 792 546 1645 2292 306 901 2046 1806 322 2401 642 83 1822 980 2142 749 1583 2249 2480
Route 148 : 1196 595 2095 664 2696 274 2164 1274 2774 60 1774 1560 945 786 205 1705 973 2445 2473 2286
Route 149 : 428 1206 1928 2706 678 1067 2178 805 943 2305 2567 1426 2443 2926 787 402 2287 225 1902 1725
Route 150 : 800 1266 2300 1243 572 2743 2766 489 1151 2651 2072 1348 1989 2848 208 1157 1446 2946 1708 2657
Route 151 : 655 615 895 2155 1030 2530 2115 2395 415 1915 47 264 1547 1483 1223 2983 1764 2723
Route 152 : 1333 775 970 2275 2833 2470 483 103 194 1694 750 2250 1115 1603 2615 1270 1293 1983 2793 2770
Route 153 : 1331 628 724 928 2831 2224 643 2128 2428 71 2143 764 1571 2264 347 862 934 1847 2434 1287 2787 2362
