Instance name:	bar-n4000-5
Authors:		Carlo Sartori and Luciana Buriol
Date:			2019-2-11
Reference:		A matheuristic approach to the PDPTW (to be submitted)
Solution
Route 1 : 1291 726 1192 2726 1394 3192 3291 3394 95 1946 1275 3946 415 3275 1564 191 2095 2191 907 2415 3564 2907
Route 2 : 709 254 2709 1149 2254 3149 1958 798 983 2798 2983 3958 1101 637 1680 3101 3680 405 545 2405 2545 1399 1814 3814 2637 3399
Route 3 : 131 186 1492 3492 2186 897 2131 1983 1339 2897 3339 1183 3183 1485 342 3485 1943 2342 1186 1115 3115 353 3983 3186 904 3943 154 2353 2154 2904
Route 4 : 1639 100 1369 1878 3878 3639 3369 2100 262 492 2262 2492 1938 398 3938 2398 655 284 2284 800 2655 2800 1544 314 264 3544 2264 2314
Route 5 : 1165 3165 1126 647 1574 2647 1042 3574 3042 3126 1316 1355 698 3355 373 3316 2373 2698 1629 1305 3629 431 3305 204 2204 1524 2431 3524
Route 6 : 1370 3370 1604 876 3604 939 2939 578 2876 2578 1846 1327 3846 137 3327 720 2137 1904 2720 498 2498 3904 460 2460
Route 7 : 497 1257 316 2316 35 1687 2035 3687 825 2497 3257 2825 481 2481 1959 1662 3662 995 2995 573 3959 2573
Route 8 : 160 250 767 967 2250 2967 2767 1467 2160 51 1091 3091 23 3467 1857 2051 1631 3857 3631 961 2961 1528 219 2023 2219 3528
Route 9 : 1526 539 859 3526 2539 376 229 2859 2376 806 2229 177 2806 1111 1428 3111 1893 3893 3428 1236 1053 3053 3236 2177 162 2162
Route 10 : 750 1584 1500 3584 3500 499 2750 2499 1581 848 2848 3581 151 896 1049 3049 1348 3348 2896 2151
Route 11 : 256 500 867 2256 2867 1181 1748 1300 2500 3181 3748 512 1828 1368 3300 1860 3828 2512 1052 3368 3052 387 2387 3860 1047 1207 1883 3883 1379 3047 3207 3379
Route 12 : 894 1244 2894 74 273 3244 2074 272 2273 1803 2272 266 3803 30 27 1928 2266 2030 3928 2027 1313 1487 1148 3313 321 2321 3148 3487
Route 13 : 1000 1622 3622 474 228 3000 1531 2228 2474 3531 846 1608 3608 55 2846 2055
Route 14 : 130 2130 241 736 1163 3163 544 564 1092 2241 2544 3092 448 1839 1652 3839 687 2736 2687 2448 479 2564 3652 1712 1260 2479 1403 3712 3260 3403
Route 15 : 433 39 2433 1139 1514 3139 3514 2039 909 201 1764 2201 3764 1646 2909 1675 3646 1676 3675 102 3676 2102 434 740 2740 2434
Route 16 : 1678 3678 906 847 653 2847 2653 1295 2906 3295 665 1304 1964 3304 2665 1768 923 2923 352 3964 2352 1230 3230 3768
Route 17 : 993 495 2993 1114 125 2495 179 2125 3114 1922 2179 1048 3922 870 3048 437 2870 2437 1006 1224 1844 3006 3224 3844
Route 18 : 664 679 2664 328 2679 364 969 2328 1578 165 526 3578 669 2969 2364 2669 2526 2165 1684 359 3684 2359 449 2449
Route 19 : 128 1701 2128 3701 436 597 1586 2436 3586 1967 2597 1454 3454 309 1674 3967 3674 786 2309 54 412 2054 2412 1968 1118 2786 3118 900 3968 2900
Route 20 : 1496 1073 773 1263 3263 3073 3496 26 2773 1121 2026 408 310 2408 413 3121 2310 53 1464 1546 2413 2053 3546 3464
Route 21 : 547 1960 72 3960 2547 1677 858 2072 3677 2858 1694 1763 3694 164 510 2164 793 2510 2793 3763 1249 1558 914 2914 3249 3558
Route 22 : 244 2244 56 1015 2056 667 3015 2667 1035 76 1759 3035 189 3759 851 2851 1853 2076 2189 1710 976 3853 3710 2976
Route 23 : 609 1031 608 2608 1351 3031 888 2888 1952 3952 2609 484 3351 1811 2484 763 3811 1912 562 2562 1276 3912 2763 490 3276 1219 3219 2490
Route 24 : 1741 20 307 2020 1973 2307 3741 3973 1431 3431 432 1845 703 2432 1818 3845 2703 3818 1778 469 3778 2469
Route 25 : 1110 1102 3102 3110 1580 1373 3373 3580 1908 1866 695 3908 420 2420 3866 269 2269 2695 953 337 1747 2337 1787 2953 3787 3747
Route 26 : 601 1636 3636 2601 1201 959 2959 1750 3201 625 2625 3750 1867 1374 1385 3374 1250 3867 3250 3385 1690 69 3690 2069 383 2383
Route 27 : 769 1001 2769 1085 3001 872 3085 615 980 2872 1354 538 3354 2538 1482 116 3482 2116 1386 2980 588 2588 3386 2615
Route 28 : 372 57 2372 112 338 2338 929 2057 2112 649 2929 81 2081 2649 1897 1347 3347 3897 565 2565 1212 2 1082 3212 2002 3082 1142 3142
Route 29 : 1587 1992 1791 3791 3992 731 2731 3587 91 2091 36 2036 1795 322 1634 2322 1868 3634 496 941 2496 2941 3868 632 2632 3795
Route 30 : 355 2355 1206 1365 3206 84 994 2084 2994 1855 3855 140 2140 1672 3672 210 689 3365 2689 2210 1116 155 3116 1861 1981 2155 139 2139 3981 3861
Route 31 : 1503 934 3503 2934 419 47 2047 2419 1200 1682 519 2519 3200 464 3682 1014 2464 3014 834 2834 1738 3738
Route 32 : 1988 744 3988 927 2744 1896 2927 1919 3919 148 1498 3896 1247 3498 2148 791 3247 1889 3889 2791 1632 1668 3668 3632 1611 3611
Route 33 : 1089 477 3089 1359 2477 1194 1706 3706 1261 3359 3261 3194 869 175 260 2260 2175 1974 3974 427 650 2869 2650 2427
Route 34 : 1902 1020 3020 990 3902 1272 1607 3607 2990 3272 771 444 2771 49 13 2049 2444 1145 3145 991 2013 1444 2991 1457 480 3444 1863 2480 3863 3457
Route 35 : 1940 605 1502 2605 741 2741 3940 1667 1812 3812 3667 765 1728 3728 1346 2765 1188 3188 610 3346 324 2610 988 2988 2324 3502
Route 36 : 971 916 1742 2971 1094 3094 2916 476 1018 3742 2476 3018 471 1329 2471 1565 3565 1541 1309 3329 696 3541 2696 551 3309 2551
Route 37 : 856 64 2064 1876 2856 1217 3876 3217 1429 142 1915 3429 566 2142 2566 3915 1815 985 2985 678 2678 1474 3815 944 3474 2944 225 2225
Route 38 : 17 2017 40 1423 1776 3776 1271 3423 1875 3875 3271 2040 407 1302 2407 1398 3302 3398 552 2552 1209 1338 3209 1499 3338 3499
Route 39 : 1944 466 3944 2466 289 831 2831 520 2289 794 2520 60 71 2060 1225 2071 3225 2794 1182 423 1441 2423 3182 862 3441 2862
Route 40 : 1567 3567 374 630 2374 2630 651 1727 1951 3951 31 1569 2651 3569 1023 3023 1483 2031 3727 1513 3483 1949 1987 3949 739 3513 3987 2739
Route 41 : 1598 708 1248 1363 2708 3598 762 2762 3248 942 3363 804 249 2942 2804 901 1870 3870 2901 470 2249 45 908 2908 2045 885 2470 2885
Route 42 : 1834 785 1127 3127 3834 2785 975 572 2975 2572 968 182 2182 2968 890 1401 2890 3401 918 973 2918 754 2973 2754
Route 43 : 1621 1463 850 1202 3621 2850 3463 1725 1749 3725 3202 1039 3749 3039 1326 1802 3802 852 3326 290 1977 2852 2290 1751 3977 1843 3843 3751
Route 44 : 660 1320 2660 1697 3697 3320 790 557 438 1473 2790 1507 2557 3473 3507 723 2438 2723 1733 3733 1806 3806 1350 1253 3253 3350
Route 45 : 1191 1210 1518 3518 3210 226 845 2845 3191 641 2641 2226 1358 1969 216 3358 3969 1777 2216 957 1077 3777 2957 1552 3077 3552
Route 46 : 1292 611 3292 528 2611 986 2528 2986 576 622 2622 2576 1975 1375 3375 577 3975 1471 22 2022 1550 1254 2577 3254 6 3471 3550 1993 2006 3993
Route 47 : 1642 171 1342 2171 3642 1872 317 3342 3872 96 1481 1278 2096 713 3278 3481 1509 2317 2713 1705 743 3509 2743 3705 1242 3242 1825 3825
Route 48 : 697 2697 451 435 1650 1554 2451 248 2435 2248 1090 788 3090 2788 3554 3650 1227 1277 621 3227 1708 832 3708 252 3277 2621 2832 2252
Route 49 : 402 1146 3146 41 1809 2402 261 2261 2041 3809 822 67 2822 2067 1241 44 3241 1591 381 1152 1067 2044 2381 3067 3152 3591
Route 50 : 1559 487 1723 3559 1954 149 2149 2487 3954 1880 3723 3880 251 1854 3854 2251 813 2813 1830 1164 3830 3164 390 820 2820 2390
Route 51 : 77 1740 2077 521 2521 1873 3740 938 1719 3873 1187 2938 3187 675 1137 1255 3137 3719 214 3255 1025 2675 2214 458 3025 1597 2458 3597
Route 52 : 455 2455 1050 1703 3050 1630 3703 3630 1030 1446 3030 1058 1916 304 3916 3058 685 2304 1310 2685 276 3446 3310 682 2682 2276 1314 3314
Route 53 : 501 2501 115 2115 1301 3301 1516 3516 1874 104 3874 1801 2104 268 3801 554 2268 1998 1856 2554 3998 3856
Route 54 : 267 1648 956 1864 379 2267 3864 2956 656 3648 2656 339 2379 873 1231 2873 3231 301 2339 1976 3976 2301
Route 55 : 1786 738 295 2738 1357 2295 3357 1576 3786 467 3576 2467 1364 537 925 2537 3364 1171 810 3171 2925 2810 1404 3404
Route 56 : 1262 3262 32 1140 1605 425 3140 3605 2425 1547 2032 722 917 1462 1926 2722 3547 126 2917 327 3462 3926 1107 3107 240 2327 2240 1933 3933 2126
Route 57 : 1758 1408 108 3758 3408 282 2108 1816 1895 1086 2282 3895 1871 1396 3871 3816 166 3086 3396 2166
Route 58 : 1161 513 3161 2513 281 243 2243 24 2281 1757 19 2024 2019 733 9 3757 2733 2009 857 1671 1504 3504 947 2857 2947 3671
Route 59 : 1179 313 3179 2313 1594 1923 3594 3923 1512 3512 1158 571 915 3158 2571 661 1435 1280 1294 2915 3280 3435 2661 3294
Route 60 : 404 1618 946 3618 2404 922 2946 725 2725 1383 2922 118 700 2118 686 136 183 2700 2183 3383 2686 2000 727 2136 4000 599 2727 2599
Route 61 : 921 1214 779 2779 2921 347 2347 1851 3214 443 255 875 3851 2443 1984 2875 1334 3984 3334 2255 504 1892 3892 2504 1466 145 3466 2145
Route 62 : 1069 1596 3069 821 2821 502 1424 2502 1752 3424 144 3596 1537 2144 3537 1887 3752 774 2774 1805 3887 634 1722 3722 2634 3805
Route 63 : 308 1189 3189 819 2308 2819 672 1879 2672 357 3879 2357 208 718 92 2092 2208 2718 138 524 2138 441 1707 2524 3707 2441
Route 64 : 1095 1884 3095 1007 3884 3007 1965 340 3965 2340 388 1841 1490 3841 1614 3614 1762 3490 3762 2388 1906 1108 3906 3108 11 2011
Route 65 : 1413 1100 1451 3100 1459 3413 3459 98 2098 200 3451 482 113 2200 2113 2482 1947 889 2889 1651 1033 3947 3651 234 2234 3033 982 2982
Route 66 : 1122 3122 1601 799 28 473 2028 2473 1730 2799 1649 3649 368 1226 3226 3601 3730 1635 1600 2368 242 546 3635 2242 2546 1858 3858 3600 1366 3366
Route 67 : 356 2356 1455 3455 1602 1726 1907 3726 945 2945 1286 3907 349 2349 3602 422 3286 1297 3297 1199 1144 2422 117 2117 3144 3199
Route 68 : 491 1948 217 2491 3948 277 1051 2217 2277 246 2246 604 1836 3051 639 2604 1756 3836 1529 3756 3529 2639 1159 1395 218 2218 3395 3159
Route 69 : 346 1009 824 2824 416 2346 3009 1562 2416 1691 1021 3691 271 2271 1315 3562 3315 1002 279 3021 1744 3744 3002 2279
Route 70 : 1284 3284 1615 1717 1849 3717 3849 706 1397 2706 3397 1196 3615 1103 3196 702 1414 3103 2702 1040 3414 80 2080 3040
Route 71 : 1589 1416 235 3589 61 1318 3416 3318 2061 1096 2235 1527 3096 1792 3527 1283 1670 3670 1066 3283 3792 1613 3066 3613
Route 72 : 1479 559 3479 2559 764 593 1024 2764 1417 82 3024 2593 861 2082 759 2759 3417 1877 2861 3877 121 1407 2121 354 220 2220 3407 2354
Route 73 : 1450 1638 1659 3450 1084 3638 1953 3659 3084 808 3953 2808 1325 643 1003 3325 684 2643 3003 88 1592 2684 1920 3592 2088 3920
Route 74 : 1405 1088 3405 1041 3088 1595 1445 3041 3445 247 3595 1765 2247 1686 3765 3686 598 1296 1699 883 3296 3699 950 2883 1505 3505 2950 2598
Route 75 : 1781 1319 618 1175 3175 3781 3319 483 2618 163 2483 1245 153 2163 3245 2153 1360 297 3360 213 2213 2297 1735 719 2719 203 1232 3232 2203 3735
Route 76 : 783 2783 1739 105 2105 1729 3739 3729 1376 392 1932 3376 1 2392 90 2090 838 2001 3932 913 2913 1267 2838 978 3267 2978
Route 77 : 1477 1377 865 3477 1387 1585 3377 3585 3387 1522 1610 3610 3522 298 940 2940 1772 2865 2298 543 2543 536 3772 541 2541 2536
Route 78 : 1004 677 1239 1478 3004 1901 3901 2677 581 3239 3478 1888 2581 86 2086 3888 198 1837 1914 3837 3914 2198
Route 79 : 1556 1432 3556 503 2503 3432 992 239 430 2239 2430 2992 236 1713 211 2236 3713 796 2796 1783 2211 3783
Route 80 : 1156 517 3156 1287 1055 3055 827 3287 737 2517 2737 2827 1807 3807 662 1626 3626 453 2662 2453 1761 1517 1655 3655 3517 3761
Route 81 : 1218 1341 3218 329 1994 3341 886 963 2329 2963 2886 892 1461 3994 1421 613 2892 3461 671 2613 221 2671 62 2221 2062 3421
Route 82 : 509 1324 1131 1141 3131 1918 3324 2509 1543 3141 3918 1935 3543 79 2079 1005 3935 3005 472 2472 1657 507 1583 3657 3583 568 2507 2568
Route 83 : 1147 259 3147 899 2259 2899 1945 1061 3945 3061 1540 1753 742 2742 3540 1193 3753 1669 3669 1308 3193 3308
Route 84 : 38 2038 1577 159 2159 3577 111 787 1620 3620 1491 1990 1213 2787 3990 3491 3213 318 587 2318 1881 2111 1619 3881 1617 2587 3619 3617
Route 85 : 1332 3332 319 1178 1593 2319 1174 3593 3174 3178 245 1664 3664 924 2245 1246 2924 3246 807 2807 1361 3361
Route 86 : 1573 3573 1535 710 2710 315 3535 542 1418 3418 2315 1425 2542 3425 1963 3963 1415 683 2683 3415 1645 370 2370 801 3645 2801
Route 87 : 363 1112 3112 132 910 569 1942 2910 2363 414 2132 1773 2569 3942 2414 1352 3773 3352 616 2616 734 1627 2734 3627
Route 88 : 1133 195 3133 1388 772 2195 302 3388 2772 1800 2302 965 1606 2965 3800 411 3606 930 644 2411 1154 2930 3154 1151 2644 3151
Route 89 : 1827 3827 902 1689 1093 2902 1070 3689 3093 3070 190 1443 2190 335 1790 2335 3443 424 3790 1979 3979 2424
Route 90 : 1173 996 2996 3173 1104 3104 227 1829 1153 1885 3153 2227 3885 1281 3281 3829 1382 224 3382 2224 814 2814 707 1080 3080 2707
Route 91 : 202 1011 3011 1063 2202 403 2403 823 3063 840 2823 1259 2840 3259 911 833 2911 454 1788 1157 3788 2454 2833 1317 1333 3157 1545 3317 3333 3545
Route 92 : 1129 843 3129 2843 1533 3533 1045 755 2755 184 3045 1986 1238 1120 3986 2184 567 3238 3120 2567 879 1970 2879 3970
Route 93 : 1542 3542 1714 440 157 2157 168 3714 2440 2168 1560 1796 3560 1899 3796 3899 123 1609 3609 1197 2123 1718 527 2527 3718 3197
Route 94 : 393 842 2393 624 878 2842 2624 2878 692 2692 1833 1160 3160 1681 3833 3681 110 584 1251 2584 2110 3251
Route 95 : 33 1223 2033 829 1336 3223 1447 3447 2829 964 3336 2964 18 2018 362 371 2371 2362 826 1793 2826 3793
Route 96 : 46 931 2046 1456 2931 1852 37 3852 1934 3934 658 3456 2037 962 2658 292 2962 1582 1028 2292 3582 350 699 2350 3028 2699
Route 97 : 1056 450 3056 818 515 2450 1460 2818 1034 2515 311 2311 3460 3034 158 1380 2158 3380 614 2614 1767 1724 3724 1909 3767 3909
Route 98 : 817 1985 59 2817 3985 1298 3298 535 2059 948 2535 749 2948 2749 1468 949 1016 1303 3016 2949 1335 3468 3303 3335
Route 99 : 1299 3299 603 1508 3508 29 2029 2603 1228 1469 830 3469 3228 1264 3264 933 2830 1702 724 2933 2724 747 1136 2747 3702 3136
Route 100 : 232 1972 2232 1966 161 3966 1268 3972 3268 2161 1198 3198 58 768 2058 534 2534 2768 1440 8 2008 3440
Route 101 : 575 1673 2575 399 3673 1289 1823 3289 3823 193 2193 2399 485 336 2336 903 2485 2903 1072 1075 14 3072 286 3075 2286 2014
Route 102 : 1685 283 3685 2283 714 2714 1850 1623 1400 3400 3850 3623 1269 3269 1962 3962 623 617 1216 2617 704 2623 2704 3216
Route 103 : 701 1911 1019 3911 2701 3019 1362 3362 1493 1886 3493 3886 1330 1125 3330 1371 3125 114 3371 377 1480 2114 3480 2377
Route 104 : 1695 3695 1211 752 3211 1644 1472 1265 2752 3644 3265 920 1046 2920 1391 676 2676 3046 1769 3472 3391 1941 3769 300 2300 3941
Route 105 : 640 1465 1331 2640 3465 127 2127 3331 673 1306 468 2468 3306 2673 1506 253 3506 582 2253 2582
Route 106 : 761 170 1510 2761 265 3510 2265 2170 1647 1438 3647 912 3438 1905 3905 489 2912 119 2119 2489 974 2974
Route 107 : 951 1819 2951 3819 866 960 296 2960 87 1698 3698 715 2296 2087 2866 1430 2715 1087 187 2187 3430 540 3087 802 2540 2802
Route 108 : 836 2836 895 222 2895 122 887 2122 2222 257 2887 2257 129 506 2129 1321 52 3321 2506 1488 134 3488 2134 2052 1737 410 3737 2410
Route 109 : 1229 233 3229 1709 1411 1995 3411 1999 2233 3709 1458 3999 3995 1950 3458 784 478 2784 2478 334 2334 3950 299 103 2299 2103
Route 110 : 1285 3285 657 585 2657 2585 952 330 1616 3616 1643 972 3643 2330 2952 580 2972 1476 3476 2580 905 172 2905 680 2680 839 2172 2839
Route 111 : 835 360 2835 456 2360 1384 389 3384 2456 2389 1282 1755 3282 385 2385 3755 844 312 2844 2312 94 2094 1176 3176
Route 112 : 688 511 3 2511 2688 1353 770 3353 2003 2770 99 2099 1135 3135 21 2021 1098 1930 3930 3098 1037 3037 518 812 2812 2518
Route 113 : 751 882 2882 1270 2751 1711 3270 3711 1736 1105 3736 3105 188 1810 1205 3810 936 2936 106 2106 10 1521 2188 3205 1433 2010 3521 3433
Route 114 : 223 533 70 83 2533 75 1220 2070 2083 4 2223 3220 2075 2004 380 1835 3835 141 1119 2141 2380 3119 1185 1032 3185 3032
Route 115 : 1132 1654 152 1913 3132 345 3913 549 3654 1113 2345 2549 1683 494 3683 3113 288 1494 3494 2288 2494 341 728 955 2341 2728 2152 2955
Route 116 : 1221 3221 1679 855 3679 2855 987 2987 1931 1890 3931 3890 1779 3779 1026 1109 3109 3026 93 459 532 2459 2093 2532 766 2766
Route 117 : 1337 1785 3337 1180 358 3785 3180 1097 1312 3312 3097 196 589 2358 2589 68 596 775 2196 2068 16 2596 2016 2775 85 586 1169 3169 2586 2085
Route 118 : 1633 3633 1520 3520 1822 1123 326 3822 3123 2326 1625 1980 3980 746 602 3625 2602 2746 1539 3539 1439 1356 3439 3356 397 2397 493 2493
Route 119 : 439 782 1322 2439 3322 1798 2782 3798 711 1495 3495 2711 323 7 1057 2323 668 3057 1797 2007 1820 3797 1859 3859 3820 2668
Route 120 : 206 2206 1124 1530 3530 287 981 143 2287 2981 3124 1538 1081 777 3081 2777 2143 3538 1847 1027 1449 3847 3449 659 1548 2659 3027 3548
Route 121 : 1917 1172 3172 3917 1240 716 3240 42 2716 1343 3343 2042 633 382 891 2891 2382 2633 1344 1575 3344 1842 465 3575 3842 1665 2465 3665
Route 122 : 231 694 636 1882 1340 3340 2231 606 2636 2694 1204 3882 2606 3204 1012 629 1130 2629 3012 3130 877 1190 2877 3190
Route 123 : 1233 594 1523 429 3233 2429 1903 3903 169 3523 2169 1307 1155 3155 3307 1060 2594 3060 1804 729 1553 3553 2729 3804
Route 124 : 395 366 351 2395 1734 2351 2366 3734 828 2828 816 2816 452 1419 1848 2452 789 3848 3419 748 2748 2789
Route 125 : 1572 693 1290 3572 303 2693 3290 717 5 2303 2717 230 1536 2005 3536 937 809 2230 2809 2937
Route 126 : 1568 1010 3010 401 3568 2401 101 1068 361 3068 2361 1470 628 2628 1978 2101 558 325 3470 3978 207 2325 2207 2558
Route 127 : 34 2034 280 1392 1106 2280 1808 3392 3808 1422 174 3422 1732 3106 1663 797 2174 2797 3663 274 3732 1406 1937 2274 3406 3937
Route 128 : 1840 3840 1561 107 712 2107 970 2712 2970 977 3561 735 2735 1921 2977 670 2670 3921 776 331 2776 1515 2331 1838 3515 3838 369 2369
Route 129 : 560 778 2778 205 185 2560 1563 1448 2185 3563 2205 306 348 3448 2306 1071 3071 1746 2348 854 3746 2854 48 2048
Route 130 : 792 1349 1715 3715 874 2874 1452 2792 3349 3452 1666 3666 1770 531 1956 2531 3770 12 2012 3956 1865 320 522 3865 428 2522 2320 394 2428 2394
Route 131 : 619 919 2919 583 2583 1869 2619 1566 943 3566 2943 1486 3869 3486 563 932 263 2932 1134 2563 3134 1437 2263 3437
Route 132 : 178 2178 97 1924 612 2097 3924 1074 2612 1442 3074 1434 3442 1078 3434 3078 523 173 409 2523 2173 2409 997 167 1022 2997 2167 3022
Route 133 : 1076 681 2681 3076 461 1813 391 3813 332 2461 1774 2332 2391 607 3774 595 2607 654 2654 1894 1997 2595 3894 378 2378 66 3997 2066
Route 134 : 199 209 2199 2209 1117 674 3117 2674 1323 3323 109 998 1525 2109 406 2406 721 2998 2721 396 1760 3760 3525 2396
Route 135 : 1661 1367 3661 760 3367 1222 1008 2760 3008 989 1083 1501 3083 2989 3222 3501 1700 1168 3700 3168
Route 136 : 147 631 2147 386 2386 1900 2631 3900 966 666 841 1794 2966 2841 3794 2666 1059 1771 1656 3656 3771 3059 89 2089 1402 120 2120 3402
Route 137 : 853 2853 626 1064 1252 2626 1412 3412 3064 3252 600 418 2418 446 2446 1996 3996 2600 805 2805
Route 138 : 1489 652 999 3489 2652 1971 1579 2999 1237 1258 3971 3237 3579 1128 344 3128 3258 1817 2344 1624 561 1453 3817 375 2561 3624 3453 2375
Route 139 : 505 25 2025 1017 3017 2505 646 1274 2646 3274 343 133 2133 2343 1925 958 3925 2958
Route 140 : 270 2270 663 400 2663 1660 156 3660 2156 1910 417 2417 2400 3910 803 1409 2803 1754 3409 863 3754 2863 135 2135 1234 3234
Route 141 : 1989 620 690 3989 1235 2620 3235 514 2690 1378 1436 2514 648 3378 758 3436 550 2758 1170 2648 365 3170 2550 2365
Route 142 : 590 732 1293 2732 50 2590 1166 2050 3293 3166
Route 143 : 1653 1720 3720 1799 1062 3062 3799 215 2215 1328 3328 291 367 548 2291 691 2367 3653 1658 3658 2691 1831 3831 2548 570 2570
Route 144 : 1426 871 3426 1588 2871 1390 3588 1279 3279 3390 1150 333 1789 3150 2333 1696 3789 893 2893 1389 3696 3389
Route 145 : 1549 181 2181 1821 3549 63 194 3821 2063 753 2194 2753 849 73 2073 1410 2849 574 1273 3273 2574 3410
Route 146 : 1054 591 463 2463 2591 1167 3054 756 457 2756 150 2150 3167 2457 278 529 1955 2529 2278 3955 1036 3036 1203 1612 3203 3612 1929 3929
Route 147 : 1939 553 2553 3939 1256 1013 3256 1475 3013 1688 43 3475 442 1497 3497 3688 2442 2043 954 1862 1079 1571 3079 2954 3571 3862
Route 148 : 486 2486 579 2579 757 898 2757 2898 705 1557 2705 1603 3557 3603 1775 530 3775 1381 2530 3381 1065 3065
Route 149 : 1780 1029 3029 3780 1716 426 1043 3043 3716 2426 384 2384 1599 1532 1721 3721 3532 3599
Route 150 : 1551 1957 1693 3957 1927 3551 3927 1393 421 3393 3693 1420 3420 864 2421 1628 2864 928 1637 258 3637 2258 3628 2928
Route 151 : 556 795 1784 2556 1519 3784 837 1427 2795 3427 3519 2837 124 880 642 2124 2880 1215 2642 3215 475 285 1982 2285 3982 730 2730 2475
Route 152 : 237 881 979 2979 1345 2881 516 2516 1991 2237 525 2525 3991 3345 1743 984 1162 780 2984 2780 3162 3743 294 2294 275 1570 3570 2275
Route 153 : 1891 868 3891 176 2176 1832 3832 1782 3782 2868 212 445 2445 1824 2212 645 860 3824 15 2015 1372 3372 2645 2860
Route 154 : 508 1138 2508 1143 3138 3143 1534 1590 3534 3590 627 1898 2627 1044 3044 3898 884 1640 2884 3640 1266 1311 1961 3961 935 3311 3266 2935
Route 155 : 447 815 2815 1208 3208 1731 146 2447 2146 1641 305 238 3731 65 2305 2238 462 2065 2462 180 2180 3641 555 2555
Route 156 : 293 1511 3511 926 2926 1745 2293 3745 488 1766 3766 1936 2488 3936 1177 1099 592 1484 3099 1704 3177 3704 2592 3484 1826 1195 3826 3195
Route 157 : 1692 3692 1038 3038 1288 3288 192 635 811 1243 3243 2811 2192 781 2635 638 1555 2781 2638 78 745 3555 2078 2745 1184 3184 197 2197
