Instance name : bar-n1000-3
Authors : Simen T. Vadseth, Henrik Andersson, Jean-Francois Cordeau and Magnus Stålhane
Date : 24.06.2023
Reference : TBA
Solution
Route	1 :  191 359 377 691 859 877 294 400 794 900 419 919
Route	2 :  93 593 466 446 423 966 946 923 22 522
Route	3 :  120 391 891 358 465 965 620 496 996 410 858 910
Route	4 :  353 181 853 473 220 681 973 720 170 670
Route	5 :  86 443 276 586 375 943 776 875 266 457 766 957
Route	6 :  126 452 626 333 833 30 952 211 157 530 711 657
Route	7 :  182 70 682 497 570 273 997 773 371 281 871 781
Route	8 :  485 84 985 263 396 763 896 584 96 42 596 542
Route	9 :  246 440 298 746 940 225 798 725 213 233 733 713
Route	10 :  311 811 189 245 689 745 367 867 237 312 812 737
Route	11 :  135 409 909 635 210 710 304 804 360 860
Route	12 :  167 667 403 903 214 714 10 123 623 202 510 702
Route	13 :  265 487 765 987 382 127 627 882 272 1 501 772
Route	14 :  46 250 66 546 750 566 300 800 89 323 589 823
Route	15 :  481 981 20 444 113 520 613 944 248 748
Route	16 :  161 661 381 881 34 534 397 257 897 757
Route	17 :  362 862 293 793 185 685 235 114 735 63 614 563
Route	18 :  254 315 754 133 815 633 404 904 130 283 783 630
Route	19 :  224 724 321 821 291 137 791 385 637 885 252 752
Route	20 :  350 850 483 983 454 110 610 954 287 787
Route	21 :  142 81 642 581 45 545 205 163 705 663
Route	22 :  449 408 949 87 587 177 908 677 435 229 729 935
Route	23 :  221 40 540 721 366 242 54 742 554 866
Route	24 :  2 502 484 274 984 774 368 868 21 26 521 526
Route	25 :  198 493 698 361 993 197 861 697 370 870
Route	26 :  207 707 159 174 659 5 674 505 99 599 41 541
Route	27 :  231 13 731 513 222 35 722 535 23 523 271 771
Route	28 :  307 236 807 464 736 338 964 838 52 552
Route	29 :  151 651 295 795 351 279 851 166 779 666
Route	30 :  14 160 514 660 489 989 203 343 843 703
Route	31 :  478 978 427 192 692 387 927 6 506 887
Route	32 :  17 322 822 401 108 901 608 460 477 977 960 517
Route	33 :  65 565 320 154 820 169 269 654 669 769
Route	34 :  412 912 18 437 518 937 282 782 357 314 857 814
Route	35 :  12 187 380 687 180 880 462 680 118 962 618 512
Route	36 :  264 764 422 922 256 463 963 344 756 844 208 708
Route	37 :  16 516 212 712 74 251 103 751 574 61 561 603
Route	38 :  339 421 839 439 939 386 886 921 58 302 558 802
Route	39 :  218 79 718 258 579 758 147 647 62 562
Route	40 :  500 364 864 1000 27 447 209 527 709 947 441 941
Route	41 :  29 270 529 770 317 280 817 780 310 810 374 874
Route	42 :  389 342 889 262 842 762 414 458 914 958
Route	43 :  413 426 913 926 57 193 337 837 693 290 557 790
Route	44 :  373 873 336 498 836 445 998 945 228 165 665 728
Route	45 :  107 472 972 138 607 486 986 638 442 47 547 942
Route	46 :  164 158 664 658 277 777 348 482 982 848 352 852
Route	47 :  102 602 194 694 115 94 594 474 615 974 430 930
Route	48 :  278 778 425 432 925 932 378 69 569 878
Route	49 :  73 19 519 573 3 244 503 744 109 609
Route	50 :  297 288 788 331 831 797 379 100 140 600 879 640
Route	51 :  438 156 938 656 32 247 747 532 407 451 951 907
Route	52 :  491 424 171 924 671 301 479 991 979 801
Route	53 :  129 629 399 899 480 172 672 980 492 383 883 992
Route	54 :  305 805 239 216 739 716 36 341 841 536
Route	55 :  119 71 619 571 204 223 704 75 575 723
Route	56 :  206 37 706 112 537 612 176 162 662 334 676 834
Route	57 :  453 428 953 928 459 429 959 111 168 929 668 611
Route	58 :  398 325 898 44 825 544 186 686 116 286 616 786
Route	59 :  349 104 604 145 849 98 645 128 598 628 33 533
Route	60 :  330 830 153 88 588 653 183 683 215 715 55 555
Route	61 :  332 469 832 969 384 884 355 226 855 461 726 961
Route	62 :  238 420 920 152 738 652 219 719 347 847
Route	63 :  455 955 318 38 92 818 538 495 592 995 490 990
Route	64 :  267 195 767 488 695 988 450 95 595 950 149 649
Route	65 :  200 178 678 700 122 376 622 117 617 876
Route	66 :  148 365 865 648 24 284 784 475 975 4 524 504
Route	67 :  68 67 568 476 217 976 292 567 792 717 253 753
Route	68 :  241 470 741 970 90 369 869 590 308 328 828 808
Route	69 :  56 556 188 411 911 688 190 494 150 994 690 650
Route	70 :  51 141 234 551 641 734 146 646 15 184 684 515
Route	71 :  155 335 835 655 468 968 285 143 785 175 675 643
Route	72 :  85 136 585 499 999 636 255 77 755 577 363 863
Route	73 :  232 76 576 134 732 402 634 902 316 326 816 826
Route	74 :  59 559 7 289 60 507 560 789 306 806 243 743
Route	75 :  53 393 553 467 893 967 436 345 845 936
Route	76 :  249 749 327 433 827 372 872 260 933 760
Route	77 :  199 144 644 699 131 631 417 917 132 196 632 696
Route	78 :  179 679 31 11 531 125 511 340 625 840
Route	79 :  456 227 956 72 727 572 471 139 639 8 971 508
Route	80 :  406 299 906 434 799 83 80 583 580 934
Route	81 :  416 97 597 916 50 550 82 201 701 405 582 905
Route	82 :  394 894 415 448 915 101 948 9 601 49 509 549
Route	83 :  324 268 824 768 91 591 230 261 730 356 856 761
Route	84 :  39 539 240 395 740 309 809 48 548 28 528 895
Route	85 :  259 392 759 892 106 78 606 354 578 854
Route	86 :  64 564 25 525 275 346 775 303 846 173 803 673
Route	87 :  296 105 605 796 43 319 543 819 431 121 931 621
Route	88 :  313 813 388 329 888 829 390 890 124 418 624 918
