Instance name:	bar-n2500-2
Authors:		Carlo Sartori and Luciana Buriol
Date:			2019-2-11
Reference:		A matheuristic approach to the PDPTW (to be submitted)
Solution
Route 1 : 927 1031 2177 1099 2281 406 1014 2264 1656 243 2349 1097 151 1493 1113 2363 169 660 1910 1401 1419 2347
Route 2 : 644 1188 889 457 1894 2139 2438 1707 376 112 1626 486 807 1736 1362 591 578 2057 1841 612 1149 1828 2399 1862
Route 3 : 94 1221 2471 454 1344 403 1653 264 968 1704 1036 1514 815 816 2065 993 2218 2066 2286 694 2243 636 1944 1886
Route 4 : 325 65 1315 1007 172 1575 1422 184 697 1947 666 2257 1434 958 1916 92 1342 608 1060 1858 1161 2310 2208 2411
Route 5 : 98 440 1348 1218 1690 407 2468 468 509 1718 614 1759 1657 326 364 1864 1614 765 1576 2015
Route 6 : 861 476 2111 26 1726 122 948 1372 1025 2198 564 2275 625 1276 753 1814 665 1875 2003 1915
Route 7 : 517 1240 1767 216 2490 301 137 622 1466 661 1387 1872 1551 1911 381 669 1631 1180 2430 1919
Route 8 : 819 1230 2069 395 334 1645 331 1584 842 2480 1209 2459 1581 2092 428 1172 1023 1678 2422 2273
Route 9 : 287 1537 1120 557 750 455 1807 763 2370 2000 2013 1128 1142 1705 224 939 2392 2378 2189 1474
Route 10 : 271 576 1521 1012 752 392 286 2002 515 191 2262 1092 1536 1826 1441 1765 1642 921 872 2342 2171 68 2122 1318
Route 11 : 444 989 1694 820 1052 2239 1021 2070 293 1543 215 2271 768 2302 2018 1465 501 218 1468 1751
Route 12 : 696 273 163 758 1523 813 1413 1946 2008 2063 1239 300 1074 1550 485 2489 745 2324 1735 1995
Route 13 : 1005 2255 794 781 888 2031 972 2044 229 923 1077 1479 208 2173 2327 2222 1458 2138
Route 14 : 118 980 850 534 1368 834 2230 432 1682 1126 2100 2084 1232 817 832 1784 2482 1019 2269 2067 801 2376 2082 20 2051 1270
Route 15 : 277 1073 199 540 2323 1527 721 1790 1971 695 1449 547 1945 236 1797 196 1446 881 1486 2131
Route 16 : 89 560 1810 3 1339 328 668 1918 1253 1071 13 449 1578 707 2321 116 1263 1699 1957 1366
Route 17 : 103 313 1018 805 1353 2055 1563 592 33 1842 93 1283 166 2268 1343 1041 1416 472 2291 1722
Route 18 : 366 1616 742 1030 1091 2280 857 650 1992 156 2341 1406 2107 743 303 178 1900 1553 1222 1428 2472 1993
Route 19 : 126 845 1102 1104 2352 2354 2095 49 483 1733 1376 908 1299 2158 960 1050 2210 1015 2265 2300
Route 20 : 1051 2301 1156 380 245 2406 1630 777 1495 409 16 2027 862 1266 1659 2112
Route 21 : 56 239 2 720 7 1306 235 1970 1252 891 2141 1485 1257 1489 202 589 1839 9 1259 1452
Route 22 : 496 751 385 1746 702 1635 63 2001 1952 1313 990 241 1049 1491 920 977 2240 2227 2299 2170
Route 23 : 856 2106 207 1238 2488 32 1282 1457 903 140 2153 1390 336 675 714 1586 806 2056 123 1964 1925 1373
Route 24 : 681 1931 516 551 563 1813 737 1112 1801 494 1245 2362 978 1766 1987 2495 1744 290 86 1540 1336 2228
Route 25 : 898 922 2148 2172 341 574 1824 962 1147 2397 1044 2294 1153 1591 1234 2212 2484 2403 320 1570
Route 26 : 1247 308 1558 2497 871 843 100 2093 1350 1103 2121 894 946 2144 2353 919 2169 2196
Route 27 : 67 1317 785 795 2045 421 2035 1011 255 1671 1505 2261 104 1040 1354 573 1823 1169 2290 715 2419 1965
Route 28 : 439 148 1689 662 1398 1038 1107 1912 975 580 1830 2288 899 2357 1143 2149 829 2225 2393 2079 95 986 1345 2236
Route 29 : 29 503 1127 1753 616 408 953 2377 755 1658 1866 2005 2203 629 1279 1879 1174 22 890 2424 108 1272 2140 1358
Route 30 : 1198 143 117 2448 1095 1367 1089 2345 973 404 2339 1654 2223 134 839 1384 352 1393 1602 2089
Route 31 : 323 1573 1109 736 1986 50 1300 6 2359 537 1256 1787 1184 864 2114 441 1691 2434 405 222 1655 1472
Route 32 : 1062 2312 348 70 416 1666 48 880 2130 1598 639 1320 1208 1298 285 1535 2458 545 1795 1889 351 1601
Route 33 : 190 1196 792 1440 85 43 1335 356 1293 1158 1606 466 2042 2446 1716 2408 250 400 1500 1650
Route 34 : 42 314 1564 1292 613 37 1287 431 1681 1863 722 186 532 1972 621 1782 1436 603 1871 1853
Route 35 : 99 637 648 685 1349 40 161 1898 502 1935 683 1290 1752 1411 684 1887 1934 203 1453 1933
Route 36 : 533 1075 530 1783 2325 176 150 710 1400 933 1960 1780 1132 1426 2382 31 1281 2183 706 1956
Route 37 : 194 1213 981 183 1444 848 2463 579 1433 804 1829 489 2098 2054 2231 858 983 1739 878 2128 2108 2233
Route 38 : 284 129 1379 866 1534 628 1878 846 2116 2096 935 221 905 2155 1471 875 2125 2185
Route 39 : 402 511 1761 1190 107 1652 311 2440 5 1357 1193 2443 1561 1255 185 437 1435 630 1687 274 1524 1880
Route 40 : 1029 96 34 461 1284 1711 394 227 2279 1346 1644 1225 281 1477 390 1531 1640 2475 942 12 2192 1262
Route 41 : 654 561 810 1811 855 2060 2105 1066 691 1904 723 1941 1159 1973 2316 298 159 1409 462 945 1548 2409 1712 2195
Route 42 : 859 2109 725 201 1451 167 539 1033 2283 952 1789 1975 1417 1226 1125 655 2202 240 1490 1905 2476 2375
Route 43 : 132 659 275 756 825 1525 924 1382 2075 1058 1909 2006 2308 566 2174 507 1042 598 2292 1816 1757 1848
Route 44 : 498 398 611 1861 1648 430 1748 607 1680 853 1857 377 2103 226 1476 125 1375 1250 1627 2500
Route 45 : 44 674 536 1786 160 798 1924 14 232 1294 1410 643 527 1893 2048 1264 1165 1777 1482 2415
Route 46 : 170 387 1162 1637 2412 938 822 1420 1081 1045 2331 522 2072 2295 726 339 1976 2188 1589 1772
Route 47 : 774 818 2024 2068 467 895 1717 1080 1123 2373 2145 11 1261 2330 155 1078 2328 479 136 1386 1405 263 1729 1513
Route 48 : 1231 396 257 2481 1227 652 1022 1507 835 2085 73 2272 641 1902 1646 1323 2477 1118 936 1891 304 1554 2368 2186
Route 49 : 676 985 1926 238 246 2235 1141 1488 2391 130 1496 266 782 1380 1516 799 2032 2049
Route 50 : 699 1037 552 1802 114 1949 606 2287 1856 27 631 713 1364 321 883 1571 1881 2133 152 1277 1402 1963
Route 51 : 491 1182 330 2432 941 1580 1741 970 2220 568 2191 555 1818 477 1805 1727 1013 2263
Route 52 : 967 632 759 469 2217 1882 446 1696 175 1719 2009 604 1854 1425 790 995 2040 956 2245 2206
Route 53 : 642 1152 2402 420 959 1892 475 1725 1670 438 2209 429 448 1698 1688 590 1679 979 2229 1840
Route 54 : 28 121 1371 930 1278 1223 2180 2473 234 252 1502 253 1484 195 1445 544 1503 1794
Route 55 : 982 2232 399 482 278 1048 1528 1649 2298 1150 893 2400 495 1732 1745 896 667 2143 2146 703 1917 1953
Route 56 : 1179 994 2429 506 738 1988 2244 1167 1756 327 2417 1577 885 964 2135 2214 344 1594
Route 57 : 375 1214 1625 2464 1201 966 596 2216 1034 1205 2455 1846 211 550 2284 2451 1461 900 1800 2150
Route 58 : 597 59 1847 897 393 543 1309 21 2147 1176 1271 488 1793 1643 1207 2457 427 2426 1677 1738
Route 59 : 1235 1244 1219 2494 581 902 2485 231 259 1481 460 2152 705 2469 1509 1955 1831 1710
Route 60 : 115 521 917 1365 69 1319 1079 1771 955 2329 2167 766 2205 770 971 2020 844 2016 2094 2221
Route 61 : 1064 1039 372 162 1622 2289 1412 2314 315 1106 283 2356 1565 337 1533 1587 119 1027 2277 1369
Route 62 : 1138 1151 984 2388 35 860 2234 1090 1285 670 2401 2110 1070 1920 840 2340 276 2090 2320 1526
Route 63 : 519 353 1603 916 1769 998 2248 505 182 1432 2166 827 1755 206 2077 1456 909 2159
Route 64 : 329 689 1939 510 347 876 1760 1579 2126 223 1597 197 1473 147 841 1447 442 1397 2091 1692
Route 65 : 868 209 453 1459 887 2118 1703 452 291 1702 1541 492 2137 513 1742 1008 1763 181 2258 1431
Route 66 : 1069 2319 700 487 1950 1216 1737 1146 2466 423 2396 124 727 1673 370 1977 1374 61 1620 1311
Route 67 : 585 164 1414 280 1026 1835 51 97 1301 931 1530 270 1347 1520 480 2181 1191 2441 1730 2276 1187 686 1936 2437
Route 68 : 424 1121 177 2371 133 1674 113 988 1427 1363 1383 1249 1115 279 1529 2238 2365 2499
Route 69 : 39 1087 2337 1088 1289 2338 779 53 2029 1303 295 542 19 1792 1233 1269 1545 2483 1076 2326
Route 70 : 569 733 1063 1983 623 2313 1017 1110 1873 2360 2267 826 1819 25 1131 2381 803 2076 413 1275 2053 1663
Route 71 : 1175 180 1430 456 2425 1016 2266 391 1706 1100 1641 2350 767 617 30 2017 577 1867 1827 1280 729 1979
Route 72 : 776 425 362 1675 1612 1072 2026 754 1229 2322 2004 269 2479 363 821 1519 1613 2071
Route 73 : 735 109 1985 1359 1242 1154 2404 2492 586 1129 1836 692 204 678 2379 1928 1942 594 1454 957 1844 2207 1144 2394
Route 74 : 1024 524 75 342 1774 999 2249 2274 82 17 1592 1325 200 248 1267 1450 357 627 1332 1498 1607 1877
Route 75 : 233 354 1604 15 106 1483 1224 1265 1000 2474 2250 144 138 1356 1388 951 1394 365 640 2201 1615 1890
Route 76 : 1189 389 2439 230 1639 120 1480 837 131 1381 450 2087 463 1700 319 1713 1370 71 1321 1569
Route 77 : 728 1228 1978 615 525 1775 2478 556 1806 360 1610 538 1865 892 1788 268 426 2142 1676 1518
Route 78 : 1157 294 2407 1544 242 368 1618 717 1967 324 1181 730 1492 79 2431 1329 1574 558 57 1980 1808 1307
Route 79 : 158 645 1895 1408 135 915 1243 1385 682 168 2165 2493 258 1508 1098 2348 1418 497 778 963 2028 2213 1932 1747
Route 80 : 464 41 210 1714 1291 52 1302 1460 212 24 918 1186 1462 383 2436 2168 1212 1633 1274 1108 2462 2358
Route 81 : 228 761 367 1478 1617 379 762 1096 2011 2346 500 1750 1629 2012 81 1136 2386 1331
Route 82 : 1133 410 624 1874 1660 773 849 2023 1140 2099 414 2390 2383 870 912 1068 1664 2162 2318 369 2120 1619 934 2184
Route 83 : 382 1119 2369 619 1632 679 1869 443 823 1693 1929 2073 976 2226 791 1194 2041 1065 2444 2315
Route 84 : 1059 188 618 943 1438 757 1241 2193 1868 345 2491 47 2007 84 87 1334 2309 1595 1067 1297 1337 2317
Route 85 : 1086 2336 828 373 2078 771 272 1623 90 2021 1046 929 1522 1340 677 1927 2296 101 2179 1351
Route 86 : 554 350 528 1778 1804 346 1600 54 1304 451 797 2047 1596 1701 251 1501
Route 87 : 732 824 1982 740 663 165 780 788 1990 2074 1415 2030 796 2038 1913 783 2033 2046 950 2200
Route 88 : 698 244 1004 2254 1003 2253 1053 1494 237 1948 288 1166 1487 2303 1114 2364 1124 1155 1538 2416 562 2374 1812 2405
Route 89 : 445 386 1636 1695 671 719 1969 1105 2355 401 1651 1921 458 1246 657 1708 800 2496 1907 198 2050 1448
Route 90 : 219 1469 1009 193 508 548 1173 1798 1443 1758 1199 634 2259 584 1884 1834 567 2449 1817 254 724 1504 1974 2423
Route 91 : 764 141 2014 1391 638 1215 711 2465 1888 214 1177 2427 1464 1178 1961 1202 2428 2452
Route 92 : 256 1028 105 1506 789 2278 102 1355 149 1352 2039 928 18 635 1885 1268 693 2178 1399 1943
Route 93 : 45 1217 335 2467 1585 1295 937 739 651 2187 1171 2421 997 1901 1989 433 2247 814 2064 1683
Route 94 : 653 359 1609 1903 838 716 2088 10 465 747 1966 1260 72 1997 626 1715 1322 55 1305 718 1876 1968
Route 95 : 610 1860 470 1111 2361 8 205 1455 1720 436 1686 599 1258 884 1002 1849 2252 877 2127 2134
Route 96 : 309 174 1559 553 1424 1803 80 307 78 1330 1557 142 481 1392 1328 749 873 1731 2123 1999
Route 97 : 1203 38 1288 704 2453 830 299 1549 2080 127 332 1582 647 1954 1163 2413 1897 1056 1377 865 2306 2115
Route 98 : 992 1248 947 2242 987 808 2498 2237 2058 355 2197 1605 340 588 213 1838 906 471 1721 1463 847 1590 2156 2097
Route 99 : 949 2199 793 601 1116 1851 910 145 1395 1220 2366 2160 2043 66 2470 310 262 1316 649 1560 1512 1899
Route 100 : 520 965 672 2215 1770 1082 110 2332 62 192 1922 1312 411 1442 802 1661 2052 1360
Route 101 : 575 1825 249 1499 882 171 2132 852 1421 289 2102 1210 974 1539 2224 961 2460 2211
Route 102 : 1043 1130 593 2293 189 786 1843 2380 36 2036 1439 217 1286 1467 292 83 1542 1333
Route 103 : 701 1951 1 493 1743 1251 153 371 571 1821 1403 913 1134 954 2384 2163 2204 944 1621 1197 2194 1054 2304 2447
Route 104 : 582 1122 1832 2372 225 712 1475 297 926 1547 1168 2418 1962 1139 529 2389 2176 709 1779 1959
Route 105 : 46 1296 656 690 535 1940 302 1552 1906 91 1785 1341 358 318 1568 1608 1192 1160 2410 2442
Route 106 : 1195 267 2445 296 851 514 646 2101 1517 1764 419 338 1101 1546 1896 2351 1669 969 1588 2219
Route 107 : 633 1085 1883 2335 744 1084 1135 2334 1994 901 2151 609 595 1859 1845 809 179 2059 2385 1429
Route 108 : 282 504 384 1754 1532 23 1634 1117 1273 459 833 2083 991 572 2367 1822 760 1709 2010 2241 518 1094 1768 2344
Route 109 : 1145 154 2395 680 77 559 1404 1809 1930 1093 415 1327 1665 2343 772 1237 523 2487 2022 1773
Route 110 : 664 312 1562 473 1914 1061 1723 775 2311 146 2025 673 1396 746 1923 397 1996 1647
Route 111 : 349 1083 2333 187 1599 620 1437 58 1870 74 1211 1308 1020 2461 2270 1324 741 602 1852 1991 531 388 1638 1781
Route 112 : 343 418 914 1593 422 886 1672 879 2164 2136 658 1668 417 1667 831 1204 2129 1908 2081 2454 784 2034
Route 113 : 139 1055 854 1137 1389 600 2305 565 1850 687 2387 1815 874 2104 1937 1032 2282 173 2124 1423
Route 114 : 260 734 869 1510 1984 546 769 2019 1796 220 316 2119 1470 484 1170 1734 688 1566 811 2420 1938 2061 76 1326
Route 115 : 412 570 1662 708 541 1958 378 1820 435 996 1791 1164 1628 2414 1685 836 2246 478 1728 1001 2086 2251
Route 116 : 111 512 940 1361 526 1762 1035 863 2190 1776 583 2285 1833 549 2113 333 812 1799 1583 2062
Route 117 : 907 1236 925 2175 2157 2486 748 1206 587 1998 265 2456 1047 1837 2297 1515 1200 499 2450 1749
Route 118 : 787 932 2037 261 4 605 1511 1855 1254 2182 474 731 867 2117 1724 60 1981 911 2161 1310
Route 119 : 1010 247 64 904 2154 361 1314 1057 2307 1497 157 1611 1185 2260 306 1556 2435 1407
Route 120 : 1006 128 1148 2398 490 1740 1378 1183 2256 317 305 447 1697 1555 434 322 2433 374 1567 88 1624 1572 1684 1338
