Instance name : bar-n3000-5
Authors       : Dmitriy Demin, Mikhail Diakov (msd@veeroute.com), Ivan Ilin, Nikita Ivanov, Viacheslav Sokolov (vs@veeroute.com) et al. VRt Global (https://veeroute.com/)
Date          : yyyy-mm-dd
Reference     : veeroute.com
Solution
Route 1 : 1469 1419 2969 2919 867 1175 48 46 2675 1546 675 1548 326 2367 2175 254 1754 1019 1826 2519
Route 2 : 727 510 2227 28 1528 668 2010 2168 910 252 1752 766 2410 664 2266 2164 216 864 438 2364 1938 1716
Route 3 : 742 374 661 2242 2161 1874 1129 738 2629 280 238 1738 2238 520 1780 258 191 1691 2020 1758
Route 4 : 792 811 731 357 2292 2311 2231 490 464 674 1857 1964 265 1990 2174 1204 1765 347 2704 705 585 2085 2205 1847
Route 5 : 844 1097 2597 2344 733 1001 2233 146 8 1508 1646 706 783 2501 451 2206 1148 2283 1951 2648
Route 6 : 143 736 473 54 1973 2236 1643 1326 107 2826 1554 1607 204 33 1704 390 1533 101 1890 1447 2947 1601
Route 7 : 749 1195 2695 2249 1136 276 1776 352 348 1848 52 2636 1852 245 400 1745 915 1900 1552 2415
Route 8 : 1495 946 214 2995 1714 1488 2988 2446 198 1376 1698 699 2199 960 2876 2460
Route 9 : 1414 423 2914 782 248 1748 2282 1923 535 2035 1283 713 2783 1487 2987 2213 1173 243 313 2673 134 1634 1743 1813
Route 10 : 632 446 2132 486 1946 1986 77 944 2444 1279 1577 2779 734 695 2195 949 2234 469 1408 2449 2908 1969
Route 11 : 85 1585 639 135 2139 1635 756 1375 23 2875 1523 2256 1059 678 1364 2559 2178 2864
Route 12 : 1366 962 459 2462 147 2866 93 1959 1397 1593 1647 196 2897 796 903 2296 1117 1696 1449 2949 112 2403 2617 1612
Route 13 : 873 859 2373 60 2359 1560 442 1388 1942 1327 2827 2888 217 769 1717 2269
Route 14 : 1125 666 457 273 1957 2625 512 1355 2166 2012 689 2189 1120 2620 199 282 1782 365 1699 686 2855 1865 2186 1773
Route 15 : 476 889 393 2389 1976 318 840 1893 2340 1818 1017 1168 2517 1456 852 2352 2956 2668
Route 16 : 1003 7 1324 2824 2503 1203 1507 2703 993 965 1 95 2493 209 1501 1595 1709 2465
Route 17 : 593 1480 708 1111 2980 403 2093 2611 494 2208 1903 592 310 1994 1493 2092 2993 1810
Route 18 : 317 970 2470 1817 883 269 17 2383 1517 1769 1313 2813 790 2290 1270 913 406 2770 2413 1906
Route 19 : 1402 456 405 2902 1956 652 207 1905 848 2348 1707 1467 2152 1071 335 2571 1835 2967
Route 20 : 1497 2997 1330 582 281 1781 2830 1415 2082 1110 1027 2527 2610 694 2915 444 116 2194 1944 5 1505 1616
Route 21 : 978 791 1256 891 2478 2291 904 2404 2391 338 2756 1113 325 1838 690 2190 1825 612 2112 2613
Route 22 : 188 526 1688 236 2026 256 416 1736 1756 1070 1916 1033 2570 349 1448 2948 1849 2533
Route 23 : 287 1102 1787 2602 1181 966 2681 1251 1459 2466 332 2751 1163 1832 2959 952 2452 82 2663 131 1582 1631
Route 24 : 264 441 1764 538 2038 1941 1199 213 603 2699 1713 461 551 2103 2051 1961 813 819 2319 907 2313 2407
Route 25 : 1161 2661 1238 2738 607 404 2107 1904 439 1052 169 1939 1669 2552 1492 850 2992 2350
Route 26 : 894 53 1553 925 1028 2394 2528 1357 2425 1240 2857 2740 268 1398 1100 2898 2600 174 1768 841 2341 1674
Route 27 : 1295 834 38 1538 69 2795 2334 1039 1115 1569 922 2615 2422 972 2472 2539
Route 28 : 448 56 721 1948 2221 1556 1065 1466 2966 987 2565 2487 559 1048 2059 2548 436 1936
Route 29 : 224 1498 1724 2998 874 2374 568 2068 235 1735 340 1840
Route 30 : 259 1051 1014 1759 355 189 2514 1855 2551 1689 700 1005 2200 881 358 2381 750 2505 1858 2250
Route 31 : 1427 132 1255 1632 2755 2927 1160 567 728 911 2660 725 2067 2228 482 2411 162 1982 2225 1662
Route 32 : 1269 1286 2786 629 2769 99 1179 1058 1599 2679 2129 164 2558 591 1664 102 2091 991 1602 2491
Route 33 : 22 547 76 2047 580 1576 1522 342 447 2080 1842 1246 290 1947 2746 1047 1790 2547 201 1077 2577 1701
Route 34 : 1140 1060 992 2560 2492 2640 1477 805 880 2305 1458 2380 2977 2958 511 373 2011 875 492 1873 2375 1992
Route 35 : 1471 1178 2971 630 2678 344 2130 1844 1219 701 2719 153 2201 905 2405 617 1653 2117
Route 36 : 1009 359 2509 43 1859 1543 988 114 1614 2488 832 1302 1201 353 2332 1151 2802 2701 1853 2651
Route 37 : 1442 671 2942 584 876 2171 1094 2594 2376 2084 1095 173 1673 611 2595 1476 468 2111 1968 2976
Route 38 : 96 1596 1368 1217 2717 810 2868 488 1403 2903 895 1988 2395 2310 528 63 1563 2028
Route 39 : 1018 635 1328 2135 543 2518 2828 2043 1042 261 2542 1761 522 680 293 2022 1793 2180
Route 40 : 778 549 1369 2278 2869 2049 4 1030 163 1663 1504 2530 1373 2873 30 87 1530 1171 828 2671 2328 1587
Route 41 : 806 2306 718 2218 16 1516 839 295 479 743 1979 2243 2339 679 1795 2179 294 1298 1794 2798
Route 42 : 950 1231 2450 2731 645 1263 2763 2145 1045 2545 1050 1350 1004 2550 619 2850 499 2504 141 1304 2119 1641 1999 2804
Route 43 : 24 1319 1133 757 2819 234 1524 981 1734 286 2257 1786 58 2481 2633 136 1473 1558 1636 2973
Route 44 : 941 1121 2441 298 2621 1798 1336 1260 2836 251 2760 504 544 857 2004 1751 780 2357 2044 2280
Route 45 : 1226 2726 35 1535 305 1085 1805 1289 2789 2585 804 2304
Route 46 : 117 1617 1197 80 2697 683 2183 1580 1379 1021 2879 1022 648 2521 223 2522 1723 2148
Route 47 : 1421 487 2921 334 458 1834 1987 514 2014 656 1958 847 2347 1450 2156 1428 2950 627 2928 802 2127 2302 1274 2774
Route 48 : 786 861 2286 2361 1213 26 1526 2713 1321 1057 2821 919 2419 1132 2557 2632
Route 49 : 41 183 1541 1683 122 508 2008 156 1622 1489 2989 1656 1390 2890
Route 50 : 842 1080 178 1678 1154 2654 1196 2580 969 2696 74 2469 1198 2698 2342 1465 1574 754 2254 595 2965 2095
Route 51 : 1446 1190 2690 1182 2946 1068 2682 784 716 2284 1276 2568 1308 2776 2216 2808 1474 983 2974 388 1888 2483
Route 52 : 1310 443 1312 2810 2812 111 1943 980 1611 2480 507 498 2007 947 2447 1998
Route 53 : 289 1789 1305 149 1649 1441 797 2941 2805 2297 427 345 1927 274 1845 1774
Route 54 : 413 1913 615 1434 1236 2115 849 29 2349 1529 1335 2736 2934 1184 795 2835 2684 1029 2295 2529
Route 55 : 1494 2994 195 781 1472 775 1695 2972 175 1389 1202 2281 2889 2275 1675 2702 703 336 921 2203 2421 1836
Route 56 : 1020 1486 669 2169 2986 670 2520 301 2170 389 1801 455 263 1889 1763 691 1955 920 2420 2191
Route 57 : 882 1424 324 2924 1824 303 2382 1803 306 1806 902 1438 2938 2402 229 767 68 2267 1729 1568
Route 58 : 1323 1127 2823 673 66 2173 2627 887 776 835 1566 940 2335 2276 501 2387 646 2001 667 2440 2167 2146
Route 59 : 241 540 1741 655 2040 1170 2670 2155 1215 55 994 2715 1555 322 1822 2494 42 624 1542 2124
Route 60 : 1081 172 2581 1437 2937 1672 49 1410 1549 493 2910 1993 9 521 1509 709 2021 1158 2209 2658
Route 61 : 1044 1342 2842 1138 900 2638 560 2060 2400 2544 641 1153 1157 506 2006 2657 2653 973 2141 2473
Route 62 : 1445 789 773 2273 2289 2945 1332 1092 2832 2592 682 929 2182 650 816 2316 2429 2150
Route 63 : 81 1360 1581 2860 1072 1106 2606 2572 1380 1363 297 2863 1797 2880 371 927 2427 1871
Route 64 : 1074 2574 997 1043 2497 2543 339 1338 2838 474 1839 1418 67 484 1567 1974 2918 1984
Route 65 : 1073 726 103 2226 2573 1228 1603 539 2728 636 2039 2136 429 1929
Route 66 : 956 370 2456 1147 1870 1108 2608 1292 2647 1351 2792 879 2851 503 2379 331 1831 166 2003 1666
Route 67 : 513 1241 2013 121 2741 556 1621 2056 979 1016 2479 1254 328 110 2516 1828 1610 2754
Route 68 : 128 247 1628 908 1451 1747 2951 2408 974 227 2474 1130 1727 677 2630 1249 2749 2177
Route 69 : 843 1334 2834 2343 152 1275 253 1652 2775 1282 1753 2782
Route 70 : 1496 1483 185 2996 2983 823 2323 1386 1685 1007 1257 2886 1079 2757 2507 748 2579 2248
Route 71 : 1131 1340 2840 649 943 2631 130 2443 1343 2149 1630 1126 1253 2626 2843 2753
Route 72 : 1008 931 414 1914 892 2392 2431 350 1850 2508 1277 6 1506 470 88 2777 323 1970 1823 1588
Route 73 : 137 1025 1409 2909 1023 588 1347 1637 2525 2088 2523 1412 2847 1143 1230 2730 1435 2643 2935 2912 407 602 1907 2102
Route 74 : 84 1259 1584 1046 2759 2546 774 2274 541 576 2076 1349 2849 846 2041 2346 127 565 1627 601 2101 2065
Route 75 : 971 2471 1320 1244 799 2820 2744 220 2299 1187 1720 2687 771 1266 2271 2766 485 1452 2952 1985
Route 76 : 1358 2858 647 945 2147 2445 777 472 2277 1188 2688 863 1972 2363 453 761 2261 1953 1374 2874
Route 77 : 826 2326 1135 44 2635 1544 330 785 1830 623 379 2123 723 1879 2285 1491 1040 2540 2223 2991
Route 78 : 19 877 208 197 1708 1697 1457 1519 333 633 1833 222 1278 2377 2957 740 2133 2240 1722 918 2778 2418
Route 79 : 1026 1300 1265 417 2765 2526 218 1917 1261 2800 2761 672 1718 968 2172 463 2468 901 1963 2401 272 1772
Route 80 : 171 1339 1671 160 2839 990 2490 408 1660 1426 1264 1908 2926 2764 1481 923 181 2981 1681 376 2423 564 2064 1876
Route 81 : 460 1444 2944 527 1078 1191 2578 1960 2027 2691 628 363 1863 1288 2128 2788 618 2118
Route 82 : 809 1139 1353 2309 744 2853 2639 1223 2244 906 764 2723 1061 604 2561 2264 751 2406 836 2104 2251 2336
Route 83 : 369 202 205 951 2451 1869 1702 1705 155 113 123 1655 1623 1613 142 125 351 1642 1851 106 1625 1606
Route 84 : 283 1041 1783 605 2541 158 1372 2872 1318 2105 1658 651 938 2818 2151 1370 2438 817 2870 2317
Route 85 : 820 497 712 304 2320 2212 1997 732 1032 2232 1194 2532 838 2338 1804 14 1155 2694 360 1514 2655 1860
Route 86 : 1341 1354 1066 2854 1082 2841 2566 1417 419 2582 1919 1384 2917 1396 717 2217 914 2884 2414 2896
Route 87 : 658 2158 546 2046 384 1316 2816 1420 1392 2920 2892 1884 1401 1301 2901 1104 606 2801 1309 2604 1400 2809 2106 2900
Route 88 : 1211 2711 148 534 1648 415 1105 2605 752 2034 2252 1915 397 1382 1897 1114 467 2614 382 2882 1967 1882
Route 89 : 495 1183 1995 924 2683 366 2424 193 1866 798 955 1243 2743 2298 1693 2455 2 398 1502 1898
Route 90 : 1284 108 2784 1229 1608 1499 2729 2999 321 471 1971 1352 10 1821 2852 502 1510 1365 2002 2865
Route 91 : 314 1086 1814 161 563 548 2063 984 2586 83 1661 2048 1583 684 2484 2184 793 529 1069 2569 2293 2029
Route 92 : 714 772 2214 1297 2272 2797 284 1237 2737 909 893 1322 2409 2393 982 1784 596 418 2482 1918 2822 2096
Route 93 : 622 638 437 1937 2138 428 1404 1024 2122 986 2904 2486 2524 1928 1439 985 2485 1333 2833 2939
Route 94 : 231 1731 435 250 1750 34 1935 886 975 2386 1534 916 812 2312 2475 394 2416 1894 676 2176
Route 95 : 533 2033 89 1589 242 634 2134 168 1742 368 759 1668 2259 1868 1395 399 1116 2616 1899 2895
Route 96 : 1406 1443 2943 2906 888 1206 2388 2706 61 1142 1561 954 2642 2454
Route 97 : 262 735 1762 2235 729 1463 402 1394 1012 1902 2894 2229 11 2963 292 1511 2512 489 1792 1989
Route 98 : 616 1210 1096 2596 537 2710 2116 2037 1013 509 475 2009 957 2513 1975 868 1088 2368 2588 2457
Route 99 : 1015 25 2515 741 1314 2241 1317 2814 1525 277 1064 1189 2817 1777 2564 2689 697 1118 1208 2197 2618 2708
Route 100 : 445 516 1945 1281 2781 745 1107 2245 2016 1205 803 2607 2705 1344 660 2303 1093 2844 2160 573 2073 2593
Route 101 : 654 72 1572 532 1329 2154 637 760 2829 2260 2032 1411 2137 329 239 724 659 2224 2911 1829 2159 1739 625 2125
Route 102 : 396 1896 821 977 1218 853 2718 2321 2477 815 642 375 2142 1875 2315 266 2353 1766 91 1387 598 2887 1591 2098
Route 103 : 395 212 1712 203 1895 177 958 411 747 2458 1677 299 1911 2247 221 1721 165 1665 307 1799 1703 1807
Route 104 : 851 2351 1185 1075 2685 2575 237 1306 182 1682 1164 2806 3 2664 1503 300 233 1737 109 1800 1733 1609
Route 105 : 1478 480 822 2978 818 2318 2322 1980 1455 995 410 1910 2495 2955 409 1239 1909 1099 2739 2599
Route 106 : 1141 2641 424 827 1924 279 1779 257 2327 1757 454 688 1954 2188 1152 2652
Route 107 : 608 770 2108 1268 2768 1134 2270 2634 1430 129 1629 1180 1454 2930 2954 288 2680 1303 1788 2803
Route 108 : 1090 610 662 184 1684 1225 2110 2725 2590 2162 614 192 219 2114 1692 97 1034 1719 1597 2534
Route 109 : 953 337 575 2453 1837 739 426 2075 70 1570 430 2239 1930 1926 308 78 1808 244 1578 1744
Route 110 : 562 255 1391 1755 2891 246 884 2062 1746 180 2384 1680 935 1460 1186 2435 1124 2686 2960 2624
Route 111 : 1436 422 2936 391 1294 1922 421 2794 21 1921 1891 13 1521 1513 39 179 1539 531 1679 343 2031 1843
Route 112 : 1248 831 2748 2331 1464 1381 2881 1285 2964 45 1545 1311 2785 1432 2932 2811
Route 113 : 890 594 2390 367 2094 753 225 1725 2253 1867 1262 1440 698 2762 1055 2940 2555 2198
Route 114 : 579 98 768 2079 959 1598 2268 2459 711 187 1687 517 2211 1174 1296 2796 2017 2674 571 2071
Route 115 : 1232 1367 31 2732 491 1531 1991 2867 643 2143 1258 621 2121 86 2758 387 1887 1586
Route 116 : 609 1112 779 2612 462 2109 1962 1356 2279 999 2856 1250 2499 1331 2750 1035 1221 2831 2721 1291 2791 2535
Route 117 : 1209 807 933 2307 215 2709 1037 872 2433 1715 599 2537 145 2372 1645 2099 211 1461 2961 500 1711 2000
Route 118 : 319 1383 275 550 2050 1819 1775 2883 800 1273 2773 433 730 2300 2230 240 1933 1156 2656 1740
Route 119 : 707 2207 1000 1233 378 2500 140 1878 722 2733 100 1640 2222 1600 249 1242 1749 1272 2742 1393 2893 2772
Route 120 : 1307 32 665 2165 1053 2807 710 1532 862 2362 1485 2553 2210 2985 47 644 1547 2144
Route 121 : 569 2069 154 450 1654 1423 1950 1010 755 2255 2923 570 425 2510 1089 1925 2589 2070 15 1515
Route 122 : 481 1981 525 1371 2025 2871 1433 385 2933 1885 936 57 1084 2584 2436 1557
Route 123 : 440 1940 824 377 2324 1877 1109 948 2448 2609 1224 1407 587 2724 2087 2907
Route 124 : 210 1144 586 1710 1290 1146 2086 420 1176 2644 2646 2790 2676 1920 912 200 2412 1700
Route 125 : 1167 2667 1145 964 2645 814 2464 1413 631 2131 2913 346 2314 787 523 2287 2023 1846
Route 126 : 432 1932 364 1864 381 555 1169 1881 524 2055 2669 2024 1087 1252 40 530 2587 2752 2030 1540
Route 127 : 1470 1280 2970 1063 2780 1293 581 2793 2081 2563 312 763 452 1952 1812 2263 704 2204
Route 128 : 341 1425 1841 692 687 829 2192 2187 2329 37 2925 133 1537 1633 1348 898 2848 2398
Route 129 : 825 1247 1067 2567 2325 878 2747 1006 1405 928 2905 2378 2506 1076 2428 1165 2576 2665
Route 130 : 380 1880 1484 1220 1287 2787 552 2052 2984 989 2720 115 794 536 2036 2489 2294 1615
Route 131 : 296 144 1796 866 1644 1031 1123 2531 2623 1056 2366 465 1965 2556 316 226 1214 1726 2714 1816
Route 132 : 302 934 1802 1177 939 2439 2434 2677 899 1385 2885 930 1479 2430 2979 657 2399 62 2157 896 2396 1562
Route 133 : 356 1399 1856 1036 2899 1359 2859 554 2536 190 808 1091 2308 2054 1690 2591 79 1579 583 2083
Route 134 : 150 897 1235 2397 2735 1062 1650 2562 855 597 702 2355 92 2097 2202 271 1592 228 1771 1728
Route 135 : 120 976 1271 2771 2476 1620 1346 1482 2982 2846 963 477 1977 2463
Route 136 : 663 320 558 577 2163 1299 1337 2077 1098 1820 2799 854 2837 553 2598 2053 466 2354 327 1345 1827 1966 2845 2058
Route 137 : 230 1137 1730 496 2637 1996 401 1901 354 833 1854 1038 2333 572 2538 2072
Route 138 : 267 720 1767 1378 2220 2878 640 2140 478 998 2498 1083 2583 1978 1475 871 2975 2371 1234 519 2734 2019
Route 139 : 685 1468 2185 681 291 2181 2968 1377 1122 1791 2877 653 693 2622 2153 1200 64 2193 1119 2619 1564 2700
Route 140 : 1429 1101 232 2929 2601 837 1732 311 2337 1159 613 2113 1811 361 2659 1227 2727 1861
Route 141 : 27 746 1527 105 1192 1605 2246 1362 2692 574 2862 386 1886 2074 167 315 170 1667 278 1815 104 1670 1778 1604
Route 142 : 194 1054 600 845 2100 1694 2554 372 159 1872 157 1659 2345 589 1657 801 961 2301 2089 2461
Route 143 : 18 1325 1518 696 2825 73 285 2196 926 1573 2426 1785 1193 138 518 2018 2693 1638
Route 144 : 1453 858 434 1500 1934 2358 2953 206 3000 12 1361 1512 2861 937 1706 578 2437 2078
Route 145 : 126 1626 1011 2511 1212 260 186 2712 1002 1760 566 2066 119 1686 1166 2502 2666 1619
Route 146 : 449 1949 1150 176 2650 737 1676 50 1315 515 2015 2815 2237 1550 856 59 1559 2356
Route 147 : 412 917 1912 1267 1149 2649 2417 2767 865 788 967 2288 620 2467 762 2365 2262 1103 1172 2672 2603 2120
Route 148 : 1222 758 715 2258 2722 1245 2215 124 1422 2922 1624 2745 51 362 36 1551 1536 1862
Route 149 : 118 1216 139 1618 860 483 1431 2360 1639 1983 2716 2931 869 590 830 2330 2369 2090 392 1162 1892 2662
Route 150 : 557 545 1207 2057 2707 2045 431 1128 2628 1931 1462 2962 765 2265 932 20 2432 65 1520 1565
Route 151 : 719 1416 561 383 2916 1883 2219 94 2061 1594 870 309 942 1809 505 2370 2442 71 2005 1571
Route 152 : 1490 2990 996 885 2385 626 2496 1049 2126 151 2549 75 1651 270 90 1575 542 2042 1770 1590