Instance name : bar-n3000-5
Authors       : BIG3 - Dmitriy Yampolskiy, Egor Nikolaev and Daria Savina. Smart Logistics Point by the BigThree team (big3.ru).
Date          : 2025-04-22
Reference     : BigThree team (big3.ru)
Solution
Route 1 : 396 1494 1896 60 195 781 2994 1560 1695 981 855 2481 1110 2355 164 562 469 2610 2281 1664 2062 1969
Route 2 : 1145 2645 692 577 424 2077 1305 2192 113 1924 107 351 2805 1607 1613 142 1642 1851 489 316 1989 1816
Route 3 : 1445 770 2270 89 1589 146 1646 706 2945 1332 2832 2206 209 430 1930 1408 1709 2908
Route 4 : 210 27 1710 1527 105 1287 1605 2787 796 419 2296 1379 1021 1919 2879 587 2521 2087 1467 278 1778 2967
Route 5 : 413 412 1912 1913 969 260 2469 186 607 2107 1760 1335 1686 1184 1116 2616 2835 2684 1281 2781
Route 6 : 214 672 2172 1299 149 1714 1010 2799 1107 1649 1344 2607 2510 353 972 1151 2844 1853 2472 2651
Route 7 : 1003 538 291 2038 213 2503 1347 1791 1713 1230 2847 394 181 903 2730 451 1681 1393 1894 2403 1951 2893
Route 8 : 809 1453 2309 1218 2953 391 2718 656 1891 475 2156 180 930 1680 921 1975 2430 1171 2671 2421
Route 9 : 275 1150 218 1718 2650 1775 702 2202 568 2068 1071 335 116 2571 1616 1099 1835 2599
Route 10 : 1231 820 608 2731 2108 990 2490 2320 1065 1466 1290 2966 986 2565 695 2790 1058 2558 2486 1233 2195 2733
Route 11 : 1081 2581 205 49 1705 1410 1549 493 559 2910 1993 409 1361 1909 2861 2059
Route 12 : 719 1424 615 2219 2924 2115 428 1085 2585 1928 901 949 55 2401 1555 136 1473 2449 1636 2973
Route 13 : 359 43 1859 1543 348 1194 352 1848 1852 95 2694 79 1168 1579 852 2352 1595 769 2668 2269
Route 14 : 231 450 1731 1950 289 122 1789 220 508 2008 1622 1720 1193 138 783 2283 2693 1638
Route 15 : 1009 516 2509 66 1175 2675 884 2016 1464 1566 2964 808 2384 798 2308 1243 2743 2298 762 2262 1165 2665
Route 16 : 731 201 600 1192 2100 1701 2231 158 1362 2692 433 2862 865 2365 1658 10 1114 2614 1933 1510 2 1502
Route 17 : 1358 176 2858 269 17 1676 306 1806 728 2228 1769 1517 155 627 1655 676 2127 2176 104 1604
Route 18 : 197 194 1697 1238 2738 1477 1694 354 2977 1318 651 2818 2151 518 1854 1489 2989 2018
Route 19 : 1484 1402 1229 2902 2729 1423 755 2255 2984 1459 2923 350 1850 697 922 2197 565 2959 2422 1399 2065 2899
Route 20 : 934 807 2307 1268 2434 2768 872 555 321 2372 2055 893 1821 109 233 36 2393 1536 1733 1609
Route 21 : 1216 1181 2716 28 1528 1105 2605 2681 204 1401 2901 774 641 2274 1153 1704 961 907 2653 2141 2461 2407
Route 22 : 1050 2550 44 825 1544 998 2498 756 1404 404 2256 2325 1904 2904 591 564 2064 2091 819 2319
Route 23 : 803 624 2303 215 2124 1292 1715 967 2467 1143 2792 2643 1027 87 2527 896 2396 453 1953 1587
Route 24 : 882 1300 1471 2382 2971 121 2800 556 1621 130 1630 12 879 2056 249 1512 2379 500 1749 2000
Route 25 : 941 1137 2441 939 2637 1397 2897 410 1488 2439 2988 1910 198 717 2217 1698 86 913 2413 1586
Route 26 : 1259 1496 1329 2759 1483 1265 2996 2983 2765 2829 490 13 869 1513 1990 2369 39 1539 686 875 2375 2186
Route 27 : 283 1067 1041 2567 1783 1036 2541 1273 2536 1012 2773 694 730 2194 1158 2230 2512 583 2658 2083
Route 28 : 749 844 2249 2344 276 1220 1776 966 552 2052 2720 906 2466 763 1262 2406 376 2762 2263 1876
Route 29 : 1178 486 1986 2678 1106 344 2606 238 975 479 1738 1844 2475 199 1979 1313 400 2813 1699 915 1900 2415
Route 30 : 826 2326 1274 356 2774 537 1856 1045 2545 2037 1388 766 1389 2266 2889 2888 699 1364 1296 2864 2796 2199
Route 31 : 476 792 2292 1976 1470 578 2970 812 2078 737 50 710 2312 2237 2210 1550 1327 347 2827 1221 2721 1847
Route 32 : 1097 2597 1139 160 2639 1028 1660 1426 408 2528 1331 1908 2926 1202 734 2831 2702 58 983 2234 2483 1558
Route 33 : 811 533 2033 2311 964 2464 401 1901 1004 1487 2987 2504 1148 467 751 1967 2648 817 2251 2317
Route 34 : 445 821 1945 496 2321 933 1996 1037 1430 2433 2537 1204 2930 664 611 2164 2704 691 920 2111 2420 2191
Route 35 : 1323 658 2823 1391 2158 1317 799 2891 560 2060 2817 987 2299 1187 2687 2487 71 166 1666 1571
Route 36 : 154 1497 1654 184 2997 1684 472 1263 2763 1246 1972 1411 329 2746 239 2911 1829 1739 62 1562
Route 37 : 320 622 638 953 437 1820 2453 681 1937 2138 2181 2122 553 863 551 2053 864 2051 2363 688 1400 2364 2188 2900
Route 38 : 18 497 645 1997 1518 776 835 2145 815 2335 1386 2276 2315 1002 1038 2886 572 2502 2538 340 2072 1840
Route 39 : 1383 917 2417 1241 1359 2859 2883 2741 899 1385 2885 455 2399 1475 703 2975 2203 1955 1152 2652
Route 40 : 1008 1054 161 2554 2508 910 1661 1032 2532 2410 397 438 1897 761 82 1938 307 2261 1807 1582
Route 41 : 208 456 1101 1708 1956 784 2601 1062 2284 2562 1283 1456 2783 1278 881 2381 723 2778 2223 2956
Route 42 : 188 370 1688 1870 378 944 2444 1306 182 1878 2806 33 1682 1172 1533 331 1831 573 2672 2073
Route 43 : 1127 1096 2596 76 1500 2627 925 1576 2425 3000 1357 173 2857 1461 1345 1673 1200 2961 836 2845 2336 2700
Route 44 : 150 1112 950 744 2450 2612 867 535 2035 1650 2244 332 797 604 2297 1061 2367 1832 2561 499 519 2104 1999 2019
Route 45 : 1495 1051 2995 1043 2551 1392 225 2892 2543 1198 2698 1725 1465 740 2240 191 2965 1691 595 2095
Route 46 : 609 671 721 945 2171 2109 304 1169 2221 2445 2669 1804 1252 125 1440 360 2940 2752 1625 1860
Route 47 : 818 1442 2318 845 546 2046 878 2942 1006 626 2378 2345 2506 1076 2126 468 2576 1476 1968 2976
Route 48 : 1167 1222 1134 2667 687 2722 2634 830 2330 1164 2187 1462 482 2962 2664 767 68 2267 1982 1568
Route 49 : 314 1814 366 1147 1866 892 2647 2392 1261 574 263 2761 386 1886 2074 465 1763 1965 705 585 2085 2205
Route 50 : 894 178 2394 1678 1472 580 2972 342 286 509 2080 1842 2009 266 1786 1766 505 1387 828 2005 2328 2887
Route 51 : 746 1075 2575 2246 236 605 416 1736 83 2105 1916 151 1583 75 1651 1448 90 1575 1055 2948 2555 1590
Route 52 : 22 579 1209 1090 2709 1251 1522 2079 2590 425 2751 1277 219 2777 1719 88 1925 56 1556 1588
Route 53 : 1121 1427 2621 1499 2927 69 2999 928 1180 2428 1569 1142 2680 750 625 2125 2250 2642
Route 54 : 714 2214 1131 1480 1260 2980 1336 2836 2760 722 2631 2222 955 124 1624 2455 1365 427 1927 2865
Route 55 : 1144 586 417 405 421 1905 1921 1917 2644 2086 541 192 2041 618 1692 2118 271 1771
Route 56 : 1366 962 2462 147 2866 943 1647 1094 2443 1250 2594 597 426 2750 133 1926 2097 1348 1633 78 2848 1578
Route 57 : 267 654 673 2154 1767 222 48 2173 442 1942 1450 847 2347 1722 1548 216 2950 387 326 1887 1826 1716
Route 58 : 126 230 1626 1011 2511 1078 1730 752 2578 514 2252 2014 1382 1245 743 2745 2243 51 2882 1551
Route 59 : 317 259 1817 1759 584 876 1053 439 2553 2376 1939 2084 61 838 1156 2338 1561 960 2656 2460
Route 60 : 1125 85 1585 639 2625 2139 385 619 713 1885 1087 141 2213 2119 226 1641 2587 1333 2833 1726
Route 61 : 1225 1247 2725 561 582 757 2061 2747 1052 2082 1166 2257 2552 679 2666 2179 294 127 1794 1627
Route 62 : 241 1741 1334 858 434 984 2834 1223 1934 2358 2484 40 1492 2723 1155 2655 30 1530 1540 2992
Route 63 : 93 1026 632 281 2132 853 2526 1593 1781 1412 759 942 2353 724 2912 407 2442 2259 2224 602 1907 2102
Route 64 : 1486 38 669 1538 2169 2986 159 623 2123 979 653 2153 1659 2479 299 211 1799 101 1711 1601
Route 65 : 96 440 1596 1940 285 415 311 1915 1455 1224 1785 2955 1811 361 2724 1227 2727 1861
Route 66 : 976 1271 1368 2476 1111 2868 2771 494 1022 2611 223 1994 2522 1723 65 371 1565 1871
Route 67 : 742 1297 2797 256 2242 1042 1257 1756 1179 2679 2757 2542 680 704 870 2370 2204 2180
Route 68 : 726 31 103 1531 753 2226 633 1603 1302 2253 1163 70 1570 2133 1253 2663 2802 2753
Route 69 : 202 52 637 1702 1552 1279 2779 2137 318 1237 1818 2737 1308 698 2808 1452 2952 2198
Route 70 : 377 1330 824 2830 1877 2324 1109 948 2609 2448 1428 64 373 2928 927 1564 2427 1873
Route 71 : 1005 635 550 2050 2135 2505 411 1316 2816 257 1911 1757 1418 1460 484 2918 1984 2960
Route 72 : 1154 2654 364 837 977 2477 1864 2337 1372 2872 589 801 1157 506 2006 2657 2089 2301 973 2473
Route 73 : 120 298 1177 2677 1798 1346 1620 1482 2982 963 2846 288 1 1501 1788 2463
Route 74 : 707 2207 1000 448 630 1948 1236 2130 303 2500 2736 1803 1160 119 667 2660 1449 2949 1619 2167
Route 75 : 81 1133 1434 1581 874 2374 152 1652 911 2934 795 2633 2411 2295 162 1662
Route 76 : 745 2245 525 73 1573 1433 2025 156 2933 1349 2849 254 1656 1754 571 2071
Route 77 : 685 2185 741 393 16 2241 384 1516 932 1893 1884 1301 2432 936 2801 1214 2436 2714
Route 78 : 1149 2649 789 108 1608 1312 403 2289 2812 1903 235 1376 1735 229 2876 1019 1729 2519
Route 79 : 53 1553 24 668 1524 1319 2168 279 2819 747 1315 1779 2815 2247 1035 748 2248 1291 2791 2535
Route 80 : 569 2069 1498 1314 2998 357 548 2814 1458 1857 2048 2958 100 1600 765 923 2265 612 2112 982 2423 2482
Route 81 : 132 904 224 1632 1724 1014 839 2514 2404 902 729 2229 2402 1390 2339 358 2890 1858
Route 82 : 32 264 1532 189 355 1764 272 567 1855 1772 277 1689 620 2067 1777 1089 1103 2589 2603 2120
Route 83 : 1436 661 2936 1328 1255 2828 2755 1438 2161 1007 1079 2507 2938 2579 157 398 1657 1119 2619 1898
Route 84 : 139 99 1468 1599 575 2968 23 2075 1639 389 1523 935 1889 153 905 2435 2405 1029 1653 2529
Route 85 : 1248 648 831 460 2748 1064 2331 1205 1960 2148 576 2076 2564 2705 846 1132 2346 1208 292 1792 2708 2632
Route 86 : 1469 2969 369 512 273 2012 1869 187 1240 2740 363 1687 674 471 1971 1863 2174 1120 601 2620 2101 1773
Route 87 : 1421 2921 1360 29 34 1024 2860 1534 566 1529 2066 912 200 2524 470 1034 1970 2412 2534 1700
Route 88 : 1244 174 1320 1674 800 2820 2744 237 2300 1481 1352 110 2981 1737 2852 382 502 1610 2002 1882
Route 89 : 1210 616 337 2710 2116 1837 926 995 1417 2426 2917 2495 1266 1384 780 2766 2280 2884
Route 90 : 1342 2842 594 1031 2094 2531 1098 554 261 193 2598 1761 268 2054 1768 1693 345 954 1845 2454
Route 91 : 1340 117 1617 2840 246 1219 1746 823 2323 2719 693 1363 297 2193 274 1797 2863 270 1774 1770
Route 92 : 171 1339 1671 2839 114 1441 1614 478 2941 1213 539 2713 957 1978 646 2039 1091 2591 2457 2146
Route 93 : 212 395 1712 958 1895 4 2458 163 190 1663 643 1504 940 2143 1432 20 1690 2440 2932 1520
Route 94 : 481 1140 1981 662 2162 775 534 2640 640 785 2140 827 2034 1176 2285 2327 2275 2676 167 244 1667 1744
Route 95 : 772 557 758 540 2272 2057 1337 2040 2258 227 1070 2837 464 1964 2570 1727 677 245 2177 1745
Route 96 : 414 1914 1135 1068 777 2635 764 2568 234 2277 3 1734 2264 1503 300 1118 112 1612 2618 1800 1447 2947
Route 97 : 733 8 2233 946 2446 111 810 980 1508 1611 2480 507 498 2310 2007 947 1998 2447
Route 98 : 196 1185 1267 1696 2685 814 2767 242 1742 1159 848 2348 2659 2314 346 581 787 2287 1846 2081
Route 99 : 343 1353 1843 140 2853 1640 1381 1146 652 2881 2646 636 2136 429 2152 1491 1929 2991
Route 100 : 1018 287 1787 513 1141 2013 2518 1321 2641 295 517 1016 2821 1795 2017 14 2516 42 1542 1514
Route 101 : 1073 1226 2726 94 2573 207 1594 1413 1707 521 2913 1239 1124 2739 2021 2624
Route 102 : 1074 2574 970 2470 708 305 1001 2501 2208 771 1805 1289 2789 2271 228 598 91 1591 2098 1728
Route 103 : 1478 1183 2683 2978 1415 25 563 1394 2063 1525 129 1629 2894 2915 1351 1174 2851 523 2674 2023
Route 104 : 526 545 1207 2026 284 2707 2045 840 1129 2629 1463 474 2963 1784 2340 392 1974 1892 406 596 1906 2096
Route 105 : 1310 1280 2780 866 2810 1367 402 2867 994 2366 1902 1485 2494 243 2985 313 1743 1813
Route 106 : 1108 250 997 1750 2608 381 631 1881 2497 2131 515 2015 854 790 2290 1254 2354 327 444 1944 1827 2754
Route 107 : 778 1369 144 2869 885 2278 488 1644 1403 2903 2385 97 92 1988 1592 1395 399 1597 1899 2895
Route 108 : 1325 334 1834 992 1409 2825 2909 330 1830 2492 689 1017 660 2517 2189 492 165 1665 221 2160 1721 1992 918 2418
Route 109 : 1211 2711 148 383 35 1883 1648 711 1123 1535 2623 1056 871 2211 2371 2556 365 1234 1370 2734 1865 2870
Route 110 : 1197 1060 2560 324 2697 1457 1824 1422 74 2922 2957 833 1574 754 1093 2254 2333 485 2593 1985
Route 111 : 380 665 1880 886 203 2165 2386 177 1072 77 1677 1577 2572 528 63 454 1954 2028 1563 1703
Route 112 : 786 143 736 610 1643 2236 2110 670 2286 301 2170 1801 520 57 1084 2584 2020 1557
Route 113 : 725 1269 374 2225 1286 1874 2786 738 2769 325 558 690 2190 1825 179 2238 1679 5 1505 2058 1374 2874
Route 114 : 727 1446 2227 41 1182 2946 2682 1122 1541 2622 701 282 1782 642 375 2142 2201 170 315 1875 323 1815 1670 1823
Route 115 : 1015 2515 7 768 1136 1507 2636 993 2268 909 2409 2493 1130 2630 1249 617 2749 2117
Route 116 : 851 842 2351 1437 1228 2937 2342 1212 2728 1275 2712 253 895 2395 1753 1047 2775 1282 2547 2782
Route 117 : 978 72 1572 532 2478 1063 996 2496 1049 2032 700 2549 2563 2200 1104 606 1162 2662 2604 1309 2809 2106
Route 118 : 423 956 1419 1923 2919 446 2456 1946 543 280 2043 916 1780 590 2416 1304 2090 1272 2772 2804
Route 119 : 877 84 547 1584 2047 782 988 2282 1350 2850 2377 1115 312 452 2488 2615 813 1952 1812 531 2031 2313
Route 120 : 720 696 859 457 1957 2359 1276 2220 2196 372 1872 1479 2776 2979 1077 1040 2540 1493 2577 2993
Route 121 : 843 715 21 1521 683 2343 2215 2183 461 258 1961 937 290 1790 2437 1758
Route 122 : 1161 931 889 2661 2431 26 1083 2583 1526 2389 1258 621 2121 2758 59 293 1559 1793
Route 123 : 432 1932 1354 1416 2916 339 2854 1377 887 2877 1030 2387 1839 2530 657 1373 2873 1474 336 2157 2974 388 1888 1836
Route 124 : 1284 1232 2784 2732 491 1451 1991 968 463 2951 67 1963 2468 1059 1057 1567 2557 2559
Route 125 : 98 1080 959 1598 1378 2580 2878 614 2114 1326 2459 2826 952 1188 2452 1435 2688 501 2001 659 2935 2159
Route 126 : 449 1102 1949 718 2602 2218 322 1128 1822 682 2628 929 2182 650 816 2316 2429 2150
Route 127 : 1086 443 593 2586 634 1371 2134 2871 2093 1943 9 1117 1242 1509 709 2742 2617 2209
Route 128 : 666 951 135 2451 1635 1203 739 1355 2166 965 2703 206 2239 542 2855 1706 2042 2465
Route 129 : 1414 487 2914 1046 1987 732 2546 716 462 2232 175 1962 1675 2216 985 2485 868 1088 2368 2588
Route 130 : 296 1217 1796 908 891 2717 2391 338 1838 2408 1113 1380 1186 2880 802 2613 2302 2686
Route 131 : 791 549 900 2049 1138 1293 2291 2638 2793 675 2400 1189 919 2689 2175 2419 850 2350
Route 132 : 1190 2690 185 183 341 1841 1683 829 1685 169 2329 1288 1322 1669 240 2788 134 1634 2822 1740
Route 133 : 890 232 1444 2390 367 2944 1732 1867 805 265 2305 628 1765 47 2128 1033 1547 2533
Route 134 : 255 897 1755 1420 2920 1082 2397 773 251 2273 1751 2582 1311 938 2438 11 1511 2811
Route 135 : 118 495 1618 1995 483 1431 860 834 1983 2360 2931 2334 37 390 1890 898 1537 1439 2398 2939
Route 136 : 1429 1044 2929 422 524 1922 2544 123 1623 6 2024 570 115 1506 804 2070 2304 1615
Route 137 : 319 779 1195 2695 1819 999 2279 1356 2856 1092 2499 2592 530 1264 349 2764 522 1849 2030 2022
Route 138 : 1235 441 1941 54 1554 2735 527 1201 1095 1191 2027 794 2595 2691 1407 2907 2701 2294
Route 139 : 873 137 1637 2373 172 1294 1672 46 599 309 1546 2794 2099 1809 466 328 1270 1966 1173 2770 2673 1828
Route 140 : 128 510 1069 2569 1196 2010 252 1752 880 2696 1039 379 544 857 2380 1879 2044 1628 2357 2539
Route 141 : 480 1406 473 1324 2824 1973 1980 760 2906 888 2260 613 2388 1396 2113 310 2896 1810
Route 142 : 971 1025 2471 362 1023 588 1375 1862 2525 2088 2523 2875 603 1398 1100 131 2103 1631 2600 102 2898 1602 418 1918
Route 143 : 1490 1256 247 2990 2756 974 1747 431 2474 333 1833 1931 477 106 1977 914 1606 2414
Route 144 : 663 2163 655 629 1170 2155 2670 1215 862 1405 2129 2715 788 2362 2905 2288 145 1645 436 841 2341 1936
Route 145 : 1307 735 262 2807 883 2235 1762 1443 2383 2943 511 2011 856 644 1303 2356 2144 2803
Route 146 : 19 1519 712 248 649 2212 420 1748 504 2149 1338 1013 1920 2838 308 2513 2004 503 1808 991 2003 2491
Route 147 : 806 80 2306 459 1199 2699 1959 447 1580 1947 45 1285 2785 592 1048 1545 15 2092 1515 2548
Route 148 : 302 822 924 435 2424 1802 2322 1935 168 849 368 2349 1868 1668 678 217 1717 2178
Route 149 : 458 1341 1066 2841 2566 1425 1206 1958 1454 684 2925 2184 2954 2706 793 529 1298 2293 2029 2798
Route 150 : 861 1020 647 1295 2795 2147 2520 2361 832 989 1343 2332 536 1126 2843 2626 2489 2036
