Instance name:	bar-n800-2
Authors:		Carlo Sartori and Luciana Buriol
Date:			2019-2-11
Reference:		A matheuristic approach to the PDPTW (to be submitted)
Solution
Route 1 : 186 245 305 207 645 84 484 586 607 241 705 307 641 707 183 583 59 161 459 206 398 798 561 606 32 432
Route 2 : 148 192 592 158 231 631 548 558 44 315 715 374 444 338 774 268 668 332 738 18 182 418 273 582 171 732 571 673
Route 3 : 321 33 47 48 447 721 196 433 448 596 363 214 154 763 614 554 340 169 569 41 212 740 70 441 612 470
Route 4 : 51 98 240 498 81 640 365 451 352 481 25 752 24 424 425 173 765 573 172 572 248 165 113 565 648 229 513 629
Route 5 : 281 116 681 76 516 387 476 314 787 714 97 497 277 274 677 674 96 496 14 50 414 104 504 450
Route 6 : 224 377 624 269 777 254 654 669 46 298 446 77 698 221 477 6 621 82 316 406 716 482 7 312 407 712
Route 7 : 276 49 676 449 100 399 799 344 500 194 744 594 162 562 253 275 675 326 653 726 400 800 197 597
Route 8 : 185 226 585 138 538 20 626 121 34 420 521 434 205 209 605 609 83 1 483 181 366 581 401 362 766 762
Route 9 : 228 359 628 318 718 35 759 159 559 357 435 125 140 757 239 540 525 368 639 61 768 74 461 184 474 584
Route 10 : 45 308 708 350 445 750 299 12 699 412 160 117 517 560 52 149 452 215 549 266 189 615 666 589
Route 11 : 124 11 524 22 232 411 230 632 120 422 520 223 630 296 696 151 551 102 502 284 623 684 378 356 60 778 38 438 756 460
Route 12 : 101 86 501 486 204 155 604 129 555 270 110 510 176 529 670 118 87 518 127 527 576 331 487 37 731 85 437 485
Route 13 : 27 427 106 8 506 408 193 75 475 95 593 133 533 495 327 373 727 29 5 773 405 429 119 519
Route 14 : 69 180 147 580 313 547 713 71 469 90 10 471 410 380 490 258 780 246 646 658 26 426 289 122 522 58 689 458
Route 15 : 234 300 190 237 637 700 590 301 634 372 772 282 701 295 198 695 598 370 682 88 488 188 770 588 89 146 546 489
Route 16 : 371 131 771 288 112 531 688 199 512 66 170 599 466 570 330 213 31 613 156 730 556 333 733 431
Route 17 : 152 174 142 552 200 542 600 353 304 753 364 704 195 290 690 595 135 574 535 764 177 144 577 346 544 746
Route 18 : 247 647 3 219 619 19 278 419 403 678 383 323 723 783 354 220 754 251 651 620 91 491 4 145 545 404
Route 19 : 328 92 728 30 492 175 430 384 355 575 755 238 257 784 657 325 725 349 638 341 376 749 348 776 741 748
Route 20 : 244 163 13 351 413 644 235 302 563 751 292 386 635 786 702 692 114 514 339 343 389 743 187 739 789 587
Route 21 : 271 303 671 225 703 56 456 320 625 143 319 719 543 720 53 94 65 494 54 465 453 454 64 93 464 203 603 493
Route 22 : 166 107 395 566 279 507 358 795 43 758 443 679 80 480 16 201 601 9 416 260 409 236 337 636 660 737
Route 23 : 67 126 467 259 262 659 662 526 218 103 618 287 503 369 687 15 769 415 21 263 663 134 534 261 421 661
Route 24 : 153 208 324 553 111 396 608 724 796 233 511 211 633 2 611 402 317 227 627 28 394 717 385 428 311 785 794 711
Route 25 : 264 137 342 742 360 375 537 664 210 178 760 578 57 775 179 105 457 579 99 505 297 610 306 697 706 322 499 722
Route 26 : 265 123 665 523 40 255 440 367 655 139 767 222 23 539 191 217 423 622 617 591 252 132 652 109 73 532 509 473
Route 27 : 250 286 686 141 309 541 78 709 72 650 256 381 478 656 242 472 642 781 136 293 536 334 734 693 79 17 479 417
Route 28 : 108 391 508 361 761 329 729 310 710 791 115 280 680 157 515 283 39 683 557 335 382 55 782 735 439 455
Route 29 : 36 42 442 347 388 747 788 436 164 202 602 345 564 745 63 463 249 168 649 243 291 643 568 390 790 691 68 294 468 694
Route 30 : 267 336 62 130 736 272 530 392 667 462 167 393 792 567 285 672 379 793 779 685 150 216 397 797 128 550 528 616
