Instance name : bar-n1500-6
Authors : Simen T. Vadseth, Henrik Andersson, Jean-Francois Cordeau and Magnus Stålhane
Date : 10.07.2023
Reference : TBA
Solution
Route	1 :  639 1389 257 247 997 1007 470 1220
Route	2 :  164 129 879 914 523 312 1273 557 1307 1062
Route	3 :  63 813 565 499 1315 423 477 1173 1249 1227
Route	4 :  388 503 1138 459 1253 195 945 1209 208 958
Route	5 :  13 763 561 1311 115 518 865 1268 569 1319
Route	6 :  34 103 853 784 488 673 1238 1423
Route	7 :  531 394 1281 451 505 384 1255 1201 1134 1144
Route	8 :  522 215 485 1272 1235 965 288 1038 240 990
Route	9 :  322 150 900 1072 669 299 1419 1049 606 1356
Route	10 :  345 409 1159 1095 660 202 952 1410
Route	11 :  26 432 1182 776 169 113 863 651 919 1401
Route	12 :  567 102 486 852 1317 1236 101 851 147 897
Route	13 :  659 703 1409 293 1453 194 944 1043
Route	14 :  644 1394 220 970 720 214 1470 964 638 1388
Route	15 :  404 682 1432 355 1154 1105 246 996
Route	16 :  688 1438 191 357 668 1107 941 1418 575 1325
Route	17 :  583 336 168 1333 1086 250 918 1000
Route	18 :  649 402 1399 1152 395 186 158 936 1145 908
Route	19 :  236 986 691 225 975 538 1441 1288 310 1060
Route	20 :  576 1326 647 422 1172 1397 445 637 1387 1195
Route	21 :  731 466 1481 461 1216 289 1211 237 1039 987
Route	22 :  317 1067 527 1277 155 905 340 428 1178 1090
Route	23 :  469 735 1219 1485 259 654 90 1404 1009 840
Route	24 :  170 426 920 433 1176 209 1183 635 1385 959
Route	25 :  64 549 814 70 1299 625 820 483 1233 1375
Route	26 :  57 43 793 807 599 14 1349 740 764 1490
Route	27 :  55 529 805 344 1279 125 1094 726 875 1476
Route	28 :  339 59 566 1089 809 1316 677 1427
Route	29 :  369 295 234 1119 738 1488 984 118 868 1045
Route	30 :  11 128 761 493 878 641 1243 1391
Route	31 :  373 366 1123 1116 349 1099 282 1032 619 1369
Route	32 :  205 36 786 348 1098 12 178 762 928 955
Route	33 :  66 816 316 1066 695 2 685 1445 752 1435
Route	34 :  333 383 15 1083 1133 765 613 217 1363 967
Route	35 :  296 329 1079 1046 719 97 847 1469
Route	36 :  363 1113 144 56 806 894 562 54 1312 804
Route	37 :  177 687 1437 434 927 1184 420 5 1170 755
Route	38 :  276 1026 378 206 956 1128 487 1237 706 1456
Route	39 :  525 714 1275 1464 77 827 83 833 444 1194
Route	40 :  558 441 1308 1191 328 596 1078 449 1199 1346
Route	41 :  189 489 1239 291 939 450 1041 1200 403 1153
Route	42 :  85 431 1181 835 398 622 1372 393 1148 1143
Route	43 :  589 593 1339 311 712 50 1061 1462 800 1343
Route	44 :  292 430 300 1180 1042 1050 183 615 1365 933
Route	45 :  750 534 1500 598 4 1284 1348 754
Route	46 :  539 1289 38 743 788 679 1429 1493
Route	47 :  40 52 790 521 233 802 1271 983
Route	48 :  707 526 1457 1276 608 680 1358 272 1430 1022
Route	49 :  213 963 586 643 1336 284 1034 1393 172 922
Route	50 :  482 494 1232 270 1244 44 1020 794
Route	51 :  182 298 932 123 1048 105 873 93 855 843
Route	52 :  120 400 1150 870 732 661 723 1411 1482 1473
Route	53 :  156 229 906 979 8 397 758 1147
Route	54 :  108 676 88 92 842 838 858 1426 387 1137
Route	55 :  360 1110 520 560 1270 1310 581 512 1262 1331
Route	56 :  235 748 985 630 1380 1498 379 351 1101 1129
Route	57 :  354 136 1104 210 886 960 721 1471 513 1263
Route	58 :  648 418 628 1398 1168 542 1378 1292 3 753
Route	59 :  242 992 162 157 907 912 463 584 1213 1334
Route	60 :  546 239 1296 989 406 294 1156 1044
Route	61 :  467 1217 715 1465 275 104 1025 854 260 267 1017 1010
Route	62 :  138 84 834 725 371 888 1121 1475 416 1166
Route	63 :  112 106 862 856 356 226 1106 297 976 1047
Route	64 :  264 285 188 1014 938 1035 203 953 587 1337
Route	65 :  31 498 781 490 1248 1240 734 241 991 1484
Route	66 :  550 78 1300 478 828 601 1228 278 1351 1028
Route	67 :  516 45 249 795 1266 320 999 1070
Route	68 :  114 864 32 314 60 701 1064 810 1451 782
Route	69 :  663 132 1413 640 882 187 173 1390 923 937
Route	70 :  634 592 533 1384 1283 1342 385 674 1135 1424
Route	71 :  670 484 447 1234 1420 1197 686 1436 252 1002
Route	72 :  425 749 1499 1175 327 343 1093 536 1077 1286
Route	73 :  568 193 389 1318 943 17 717 1139 767 1467
Route	74 :  537 94 844 1287 318 1068 254 1004 472 1222
Route	75 :  324 350 1074 491 1100 1241 419 319 1069 1169
Route	76 :  137 439 887 556 548 429 1306 1298 1179 1189
Route	77 :  262 1012 145 152 396 895 902 1146
Route	78 :  412 330 1080 530 1162 337 1087 1280 76 826
Route	79 :  62 697 1447 812 728 171 1478 921 335 1085
Route	80 :  626 745 448 1495 1376 71 1198 821
Route	81 :  440 1190 614 212 216 962 1364 966 427 1177
Route	82 :  704 544 1454 458 98 1294 1208 848 111 861
Route	83 :  131 578 20 1328 881 139 770 889
Route	84 :  6 390 35 159 785 909 1140 39 756 789
Route	85 :  510 1260 334 248 998 1084 301 21 1051 771
Route	86 :  313 258 1008 1063 678 642 223 1428 1392 973
Route	87 :  573 227 977 1323 671 517 1421 1267
Route	88 :  737 736 1486 201 1487 358 951 1108
Route	89 :  733 1483 190 711 1461 940 253 140 890 1003
Route	90 :  24 616 1366 774 655 1405 392 618 1142 1368
Route	91 :  79 554 1304 829 399 315 1065 1149
Route	92 :  151 657 901 1407 545 304 1295 41 791 1054
Route	93 :  269 82 457 1019 352 1207 224 1102 974 832
Route	94 :  174 179 924 508 929 1258 700 453 1450 1203
Route	95 :  690 699 716 1440 438 1466 1188 497 1449 1247
Route	96 :  274 727 1477 1024 109 377 859 96 1127 846
Route	97 :  421 1171 698 684 1448 1434 160 594 1344 910
Route	98 :  75 825 605 553 1303 1355 570 1320
Route	99 :  541 511 1291 165 1261 126 915 580 876 1330
Route	100 :  255 22 772 1005 99 849 540 1290
Route	101 :  504 572 1254 244 994 1322 708 543 1293 1458
Route	102 :  200 509 950 1259 480 1230 407 563 1157 1313
Route	103 :  535 1285 665 627 256 1006 1377 192 1415 942
Route	104 :  204 954 271 375 1021 620 1125 1370 656 1406
Route	105 :  143 91 841 893 667 632 100 1382 1417 850
Route	106 :  590 1340 185 935 564 198 1314 405 948 1155
Route	107 :  142 261 65 1011 815 588 892 1338 72 822
Route	108 :  456 1206 650 1400 53 595 1345 424 803 1174
Route	109 :  86 346 365 836 163 1115 465 913 1096 1215
Route	110 :  211 61 961 811 481 47 48 797 1231 798
Route	111 :  514 747 1264 1497 496 1246 110 860 166 916
Route	112 :  611 51 1361 801 42 331 374 1081 792 1124
Route	113 :  16 307 1057 33 766 617 681 783 1367 1431
Route	114 :  636 474 612 1386 1224 1362 134 476 1226 884
Route	115 :  46 303 1053 121 796 532 1282 871 80 830
Route	116 :  221 266 971 127 877 1016 692 180 1442 930
Route	117 :  464 1214 742 547 1492 1297 415 624 1165 1374
Route	118 :  621 287 1371 577 1037 25 1327 629 775 1379
Route	119 :  506 321 1256 1071 675 302 1052 475 1425 1225
Route	120 :  228 978 362 528 58 1112 808 1278 417 1167
Route	121 :  495 1245 341 603 702 1452 1353 414 1091 1164
Route	122 :  401 372 443 1193 1122 1151 574 1324
Route	123 :  218 479 968 1229 130 222 880 515 972 1265
Route	124 :  551 124 874 1301 658 519 1408 1269
Route	125 :  87 290 837 1040 729 7 1479 181 757 931
Route	126 :  238 30 408 780 988 67 1158 376 817 1126
Route	127 :  473 1223 382 710 1460 582 1332 364 1114 1132
Route	128 :  462 1212 502 1252 122 283 872 1033
Route	129 :  133 1 883 751 219 969 175 391 925 1141
Route	130 :  492 29 154 1242 436 1186 904 779 709 1459
Route	131 :  500 1250 631 1381 148 18 277 898 1027 768
Route	132 :  623 353 1103 1373 683 286 1036 1433
Route	133 :  689 116 552 1439 1302 866 279 696 1446 1029
Route	134 :  117 309 867 1059
Route	135 :  367 460 1117 1210 454 28 778 245 1204 995
Route	136 :  507 1257 280 149 10 760 1030 899
Route	137 :  411 1161 81 662 1412 607 831 1357 746 1496
Route	138 :  342 1092 325 722 1472 1075 591 326 1341 1076
Route	139 :  281 207 1031 957 49 263 799 718 1013 1468
Route	140 :  713 524 1274 1463 361 332 1082 1111 231 981
Route	141 :  468 724 1218 1474 666 446 1416 1196
Route	142 :  579 600 1329 694 1350 251 1444 146 1001 896
Route	143 :  107 230 857 980 368 37 787 1118
Route	144 :  646 664 1396 167 1414 199 555 917 949 1305
Route	145 :  161 308 911 1058 196 232 982 946 744 1494
Route	146 :  19 769 197 437 947 359 69 1187 819 1109
Route	147 :  610 68 818 338 265 1015 1360 1088 693 1443
Route	148 :  452 1202 604 1354 306 741 672 1056 1491 1422
Route	149 :  323 645 1395 471 1221 23 410 773 1073 1160
Route	150 :  119 9 268 869 1018 652 759 1402 602 1352
Route	151 :  347 95 380 1097 1130 845 705 1455 73 823
Route	152 :  89 839 739 141 1489 891 455 176 926 1205
Route	153 :  370 74 243 824 1120 993 442 633 1383 1192
Route	154 :  386 381 1136 1131 435 135 885 1185 153 903
Route	155 :  653 501 413 1251 1163 1403 571 585 1321 1335
Route	156 :  27 777 609 305 1359 184 1055 934
Route	157 :  730 273 559 1480 1023 597 1309 1347
