Instance name : bar-n3000-4
Authors       : Dmitriy Demin, Mikhail Diakov (msd@veeroute.com), Ivan Ilin, Nikita Ivanov, Viacheslav Sokolov (vs@veeroute.com) et al. VRt Global (https://veeroute.com/)
Date          : 2023-04-18
Reference     : veeroute.com
Solution
Route 1 : 556 103 1603 2056 1009 1012 927 2512 2427 1092 2592 1354 2854 2509
Route 2 : 1014 2514 781 1063 18 1518 2281 805 2563 637 2137 139 2305 1639
Route 3 : 105 750 1605 1300 2250 1112 2800 1471 1073 2612 2971 2573
Route 4 : 52 407 1428 1907 1552 859 2928 987 1087 2359 2487 2587
Route 5 : 772 1103 744 2603 2244 2272 360 1161 2661 1860 1439 2939
Route 6 : 1139 2639 144 87 1587 1644 1177 2677 846 567 2067 2346
Route 7 : 1423 780 2923 2280 1366 992 2866 2492 594 179 2094 1679 911 2411
Route 8 : 1042 421 366 1921 1866 1436 1126 2542 2626 2936 729 2229
Route 9 : 98 576 2076 273 1598 1169 1773 760 890 2669 2260 2390
Route 10 : 1315 249 1749 2815 364 738 1864 645 2238 2145
Route 11 : 65 1565 527 2027 206 1706 344 926 608 1844 2108 2426
Route 12 : 1224 806 2724 518 2306 1341 2018 592 2092 2841
Route 13 : 1200 1456 1268 2956 471 2768 2700 294 1971 478 1978 1794
Route 14 : 1221 10 2721 1152 2652 937 1469 461 2969 1961 2437 1510
Route 15 : 323 13 1823 1449 351 994 1851 2949 1513 1188 2494 2688
Route 16 : 209 41 1541 1709 647 2147 606 2106 590 1390 2090 2890
Route 17 : 196 1157 1696 94 2657 1127 466 584 2627 1594 1966 2084
Route 18 : 1301 329 2801 1076 1829 2576 1090 528 2028 101 2590 732 2232 1601
Route 19 : 534 650 2034 2150 828 892 2392 2328 31 668 2168 1531
Route 20 : 506 786 2006 2286 954 680 2454 877 519 2180 2019 2377
Route 21 : 8 1452 1508 2952 1082 879 2582 362 1862 2379
Route 22 : 1297 1357 2797 1322 948 2822 2448 1257 2757 2857
Route 23 : 208 945 1708 1227 2445 1287 674 2787 2727 2174
Route 24 : 1029 648 2529 1264 2764 2148 300 110 1610 1800
Route 25 : 1030 1206 2530 2706 440 938 1940 2438 552 885 2052 2385
Route 26 : 717 623 2123 2217 968 620 2120 2468 477 1977
Route 27 : 1447 1051 2947 476 60 1976 1209 2551 1560 434 2709 878 2378 1934
Route 28 : 699 1425 1111 2925 216 2199 2611 611 1716 1185 2685 2111
Route 29 : 404 412 1904 1325 79 1912 1245 1463 2825 2745 2963 397 1579 1897
Route 30 : 875 2375 570 819 176 2319 2070 1676
Route 31 : 1328 2828 1487 280 2987 467 1780 1967 513 2013
Route 32 : 1071 263 1335 2571 1763 282 2835 1782 1080 127 2580 1627
Route 33 : 154 515 1654 2015 382 800 2300 1882 1124 373 1873 2624
Route 34 : 902 867 2367 932 2402 1338 2432 54 1554 2838 324 1824
Route 35 : 743 2243 1061 844 2561 985 2344 2485
Route 36 : 1498 2998 1327 2827 1401 2901 1478 2978 76 1158 1576 2658
Route 37 : 487 1987 68 1292 653 2792 1568 2153 582 2082
Route 38 : 1089 400 2589 1232 1900 1464 2732 2964 1100 2600
Route 39 : 102 832 343 2332 1843 1602 388 633 1888 370 2133 1870
Route 40 : 288 1788 40 682 2182 162 1540 1237 982 1662 2482 2737
Route 41 : 166 4 201 1504 1701 1666 1448 2948 1318 378 2818 1878
Route 42 : 292 840 1792 991 2340 621 2491 2121 1430 669 2169 2930
Route 43 : 189 961 1689 1204 2461 2704 839 2339 642 2142 226 1726
Route 44 : 711 254 1754 2211 502 814 2002 2314 448 810 1948 2310
Route 45 : 566 1440 2066 2940 381 1881 928 599 2099 2428
Route 46 : 1094 851 2594 1288 379 2788 1879 903 2351 2403
Route 47 : 334 1180 1834 1018 2680 316 1375 1816 2875 707 2518 2207
Route 48 : 361 782 523 2282 1861 2023 598 980 1339 2839 2098 2480
Route 49 : 115 1008 740 1615 2508 876 2240 161 2376 194 1661 1694
Route 50 : 536 278 2036 1778 107 725 281 2225 1781 1607 1147 2647
Route 51 : 770 755 2270 2255 1415 1419 266 2915 3 1766 1503 2919
Route 52 : 198 88 436 1698 1936 1588 1496 546 2046 2996
Route 53 : 337 1170 1837 2670 27 676 2176 482 1527 1113 1982 2613
Route 54 : 956 1196 2696 1189 2456 2689 1450 2950 696 975 2196 2475
Route 55 : 1263 2763 514 1210 2014 596 2710 1000 2096 49 1549 1492 2992 2500
Route 56 : 80 459 1580 2 1959 1154 2654 125 1625 656 1502 2156
Route 57 : 1085 175 935 2585 354 1675 2435 1854
Route 58 : 1381 485 2881 1985 1110 1135 253 2610 2635 550 1753 2050
Route 59 : 22 1277 1522 15 195 919 2777 1695 2419 1057 1515 2557
Route 60 : 156 795 1382 2295 408 1908 2882 640 1146 2646 2140 1004 1656 2504
Route 61 : 438 1168 2668 1067 1938 170 1105 1670 660 2160 2605 2567
Route 62 : 265 1364 1150 2864 2650 108 501 1608 2001 993 2493 439 1939 1765
Route 63 : 410 1305 1302 1910 45 2805 2802 346 1545 1846 1313 2813
Route 64 : 530 152 2030 1652 308 1808 564 2064 320 1086 2586 1820
Route 65 : 128 1628 1174 1166 2666 463 2674 924 2424 1963
Route 66 : 433 17 89 1933 1517 957 1589 2457 765 2265
Route 67 : 1172 1361 2861 2672 39 258 1460 1539 2960 1758
Route 68 : 67 199 1567 870 59 2370 1079 1699 1559 248 2579 1748
Route 69 : 1475 2975 21 1329 1481 2981 1156 2829 1521 1309 2656 2809
Route 70 : 664 1083 2164 2583 200 1444 1700 933 2944 345 2433 1845
Route 71 : 341 1461 81 1581 953 2961 512 1841 2453 535 2012 1454 2035 2954
Route 72 : 1070 946 2570 757 2446 493 1993 2257 1393 414 2893 1914
Route 73 : 1256 568 84 2068 1584 689 2756 432 1932 2189
Route 74 : 1417 489 1989 2917 526 1205 2705 293 1064 2026 275 1775 2564 1793
Route 75 : 424 1197 1924 1137 2697 2637 984 1311 2484 2811
Route 76 : 1212 603 1162 2712 2103 2662 1081 296 2581 1365 2865 1796
Route 77 : 665 1171 2165 1271 2771 722 895 2222 2671 2395 168 1668
Route 78 : 285 1399 2899 1785 1349 64 1058 2558 1348 2849 1564 2848
Route 79 : 1331 873 2831 1424 2373 454 104 1954 2924 1604
Route 80 : 837 2337 791 401 1901 792 2291 274 1774 2292 435 1935
Route 81 : 120 963 2463 333 1620 629 1833 2129 901 1052 2552 2401
Route 82 : 160 889 1660 251 866 2389 2366 1751 1022 949 2449 2522
Route 83 : 860 1246 2360 190 2746 1044 2544 1252 1690 403 2752 1903
Route 84 : 116 223 1723 883 123 2383 1623 1346 745 2245 2846 1616
Route 85 : 228 6 1728 595 2095 1506 221 522 2022 205 1721 1705 302 1802
Route 86 : 262 1420 2920 1762 56 1556 543 2043 1451 389 1889 2951
Route 87 : 789 1132 2289 752 2252 2632 298 1262 1798 2762
Route 88 : 808 19 2308 1519 999 2499 70 727 1570 2227
Route 89 : 1336 1033 2533 728 2836 2228 718 1043 2543 2218
Route 90 : 687 130 2187 1630 1258 1333 2758 480 2833 1293 2793 1980
Route 91 : 332 854 1832 1342 2354 1411 2911 657 469 1969 2842 2157
Route 92 : 426 1926 899 906 871 2406 833 2371 2333 973 2473 2399
Route 93 : 1493 2993 237 269 1737 1769 868 2368 1164 2664
Route 94 : 768 355 2268 1345 617 1855 2845 177 2117 779 1677 2279
Route 95 : 1175 723 2675 1274 2223 43 597 2097 1543 2774 1235 2735
Route 96 : 1173 1267 1229 2673 474 2767 2729 1974 923 1280 2780 2423
Route 97 : 1289 908 2789 630 2408 2130 1468 2968
Route 98 : 1369 1353 2869 2853 180 222 462 1962 1680 697 1722 1195 2197 2695
Route 99 : 327 219 1719 1827 1407 53 2907 55 1553 565 1555 1116 2065 2616
Route 100 : 1050 1034 1298 2798 1408 2550 2534 776 2908 2276 357 1857
Route 101 : 83 1583 106 25 1606 1123 1525 2623 756 2256
Route 102 : 133 1495 119 2995 1278 631 2778 2131 1619 1633 500 2000
Route 103 : 146 140 1640 1646 641 1250 1426 2926 2750 1435 2141 2935
Route 104 : 117 1160 1617 2660 490 521 1990 2021 610 947 2447 2110
Route 105 : 173 1673 817 1433 848 2348 2933 2317 1159 1261 2761 2659
Route 106 : 1007 73 2507 1573 997 1397 1176 2897 2676 2497 112 1612
Route 107 : 549 233 2049 914 1272 1733 2414 2772 636 242 1742 2136
Route 108 : 778 869 2278 62 2369 129 1562 1629 761 75 2261 1575
Route 109 : 821 1458 2321 929 2958 136 1636 2429 702 529 2202 2029
Route 110 : 498 1998 164 114 790 1664 1614 1017 2290 2517
Route 111 : 1398 1326 2898 2826 207 1467 1707 2967
Route 112 : 134 1494 1634 491 1991 2994 989 149 2489 1473 2973 1649
Route 113 : 475 1059 1975 841 2559 348 2341 508 1479 1848 2008 2979
Route 114 : 90 1088 1590 2588 811 1248 960 2460 2748 2311 783 753 2283 2253
Route 115 : 632 818 1362 2132 2862 1392 2318 1097 2597 2892
Route 116 : 365 1093 2593 1296 1865 1373 872 2873 2372 2796
Route 117 : 830 1299 2330 71 2799 777 2277 1571 1222 32 1308 2808 2722 1532
Route 118 : 555 453 2055 1054 2554 1953 1355 741 2241 2855
Route 119 : 1098 2598 616 548 2116 1294 2794 1104 1119 2048 670 2604 2170 2619
Route 120 : 145 211 1711 1645 488 573 965 1988 1068 2073 2465 2568
Route 121 : 1482 11 1045 1020 2982 2520 1511 2545 951 1202 2702 2451
Route 122 : 240 1352 2852 1740 246 1446 2946 1746 1371 1025 2525 2871
Route 123 : 481 1360 2860 1283 1981 516 2783 147 2016 9 1647 1509
Route 124 : 465 759 1965 1048 2259 2548 619 930 276 2119 2430 1776
Route 125 : 724 710 42 2224 2210 1542 7 569 311 1507 1811 2069
Route 126 : 813 456 2313 1956 1013 618 2118 92 2513 1592
Route 127 : 1416 2916 1184 691 1310 2684 2191 99 812 2810 2312 1599
Route 128 : 673 969 2469 1024 2173 531 2031 802 2524 74 2302 1574
Route 129 : 1254 681 1179 2181 1165 2754 2679 996 109 2665 2496 1609
Route 130 : 626 2126 1239 784 460 2284 1960 28 1528 2739 539 763 2263 2039
Route 131 : 443 1943 925 325 352 1852 1825 1285 2425 86 2785 1586
Route 132 : 915 2415 510 1036 2010 1102 2536 395 2602 1340 2840 1895
Route 133 : 1181 1217 2717 82 1582 428 368 2681 1928 1868
Route 134 : 1028 496 966 2466 1996 764 2264 842 2528 2342 1276 326 2776 1826
Route 135 : 509 1486 2986 1153 2009 816 2653 628 2316 2128
Route 136 : 799 2299 486 715 472 2215 1972 1459 1091 1986 2959 2591
Route 137 : 220 1412 1720 2912 243 977 303 2477 1743 1803
Route 138 : 100 458 1958 261 1761 1600 675 815 2175 2315 831 2331 464 1964
Route 139 : 1344 909 1376 2409 2844 270 1770 2876 1472 2972 942 1062 2442 2562
Route 140 : 532 986 2486 2032 239 897 48 1739 1548 295 2397 1795
Route 141 : 684 1303 2184 950 2803 291 2450 1791 537 2037
Route 142 : 1219 234 2719 1438 1734 2938 1330 803 305 1805 2303 2830
Route 143 : 893 413 2393 1913 30 153 1530 331 1831 1653
Route 144 : 224 1724 1198 2698 767 339 2267 385 1839 231 1885 1731
Route 145 : 391 524 2024 1891 737 143 1643 742 2237 2242
Route 146 : 1140 880 558 2380 2058 2640 416 163 306 1916 1663 1806
Route 147 : 5 1065 2565 1108 1505 260 2608 279 1760 1384 1779 2884
Route 148 : 359 1316 1859 2816 1489 2989 979 394 1894 1240 2479 2740
Route 149 : 1021 406 1906 2521 1238 712 2738 671 192 2212 2171 1377 1692 2877
Route 150 : 1099 1134 69 2599 2634 317 1569 1400 1817 754 2900 2254
Route 151 : 886 600 981 2100 2481 455 449 2386 1949 1109 1955 2609
Route 152 : 37 1191 2691 655 1537 1279 2155 283 2779 1783
Route 153 : 1406 1405 511 150 2906 2905 2011 1136 1650 57 2636 1557
Route 154 : 849 97 255 1755 2349 1597 766 336 1836 356 1856 2266
Route 155 : 716 721 1010 2510 2216 1402 771 2271 644 2902 2144 2221
Route 156 : 422 1922 692 267 2192 286 191 1767 1691 183 1786 1275 2775 1683
Route 157 : 24 1391 1524 186 2891 1190 762 2690 1686 622 2262 2122
Route 158 : 775 338 384 1838 2275 698 2198 1884 734 575 2075 2234
Route 159 : 801 847 2301 1183 2347 685 916 2185 2416 111 2683 1611
Route 160 : 322 185 1822 1037 1685 913 2537 1040 2540 2413 855 2355
Route 161 : 572 705 2072 132 2205 138 1632 342 1638 1842
Route 162 : 1241 1226 2741 2726 678 1317 2817 304 1804 2178 330 1830
Route 163 : 659 825 2159 2325 376 371 1871 353 1876 1853 217 1717
Route 164 : 419 1015 1919 1490 2990 589 2515 2089 701 193 2201 1693
Route 165 : 918 713 2418 882 2382 148 72 1648 1231 2213 1334 1572 2731 2834
Route 166 : 661 941 607 2161 2441 2107 77 350 1273 1577 1850 2773
Route 167 : 747 2247 1141 2641 1314 347 1847 1131 2631 1370 398 2870 1898 2814
Route 168 : 1363 457 2863 290 1957 315 1790 1208 1815 2708
Route 169 : 1005 1155 2655 1295 141 2505 2795 1641 694 402 1902 2194
Route 170 : 1499 1002 2502 2999 313 604 1813 2104 719 297 1797 2219
Route 171 : 1218 430 1930 940 2440 2718 172 1055 2555 1672
Route 172 : 425 1925 121 1621 417 61 1561 210 1917 920 1710 2420
Route 173 : 214 580 1714 450 2080 415 1915 1950 1441 1118 2618 232 1732 2941
Route 174 : 1290 1193 845 2790 2693 2345 912 700 2412 856 2356 2200
Route 175 : 20 272 1520 1215 852 1772 962 2715 2352 2462 693 2193
Route 176 : 1386 2886 934 29 1282 2782 2434 155 1529 1655 26 1526
Route 177 : 1120 2620 1106 1429 553 2929 2606 774 2274 1445 2053 2945
Route 178 : 399 809 1899 2309 1194 758 1358 2258 2694 2858 1372 2872
Route 179 : 1145 551 2645 898 2398 1163 2051 250 2663 1750
Route 180 : 1149 1418 396 2649 2918 1896 375 1304 1875 1053 2804 2553
Route 181 : 612 1192 16 2112 2692 1516 1142 46 1546 2642 1244 2744
Route 182 : 1403 1031 12 1512 2903 2531 1367 834 662 2867 2162 2334
Route 183 : 271 585 557 2085 247 1771 2057 1747 1323 2823 1128 749 2628 2249
Route 184 : 1214 318 798 2714 2298 1818 171 1671 971 2471 905 2405
Route 185 : 1270 1096 2770 542 2596 1477 2042 2977 787 974 2287 2474
Route 186 : 1249 2749 541 418 1918 312 2041 1032 1812 545 2045 2532
Route 187 : 627 2127 807 1038 393 2307 2538 14 1893 1431 2931 1514
Route 188 : 142 583 2083 85 1585 1642 1016 1480 66 2516 2980 1566
Route 189 : 188 894 1688 1211 574 2394 1307 2711 2074 2807
Route 190 : 1383 686 1359 2859 2883 2186 446 658 2158 793 1946 2293
Route 191 : 1497 714 1470 2997 540 2214 2970 2040 1465 651 2965 2151
Route 192 : 1225 1379 2879 427 2725 1114 2614 835 1927 372 1872 2335
Route 193 : 797 823 2297 2323 1077 861 2361 2577 423 151 1651 1923
Route 194 : 1269 1291 1001 2769 2791 1380 2501 944 2880 238 1738 2444
Route 195 : 1075 2575 562 91 2062 964 1591 1319 1350 2819 2464 2850
Route 196 : 23 735 995 1523 2235 2495 484 1414 277 1984 1777 2914
Route 197 : 1072 124 2572 1233 1624 939 2733 1203 2439 1041 2541 2703
Route 198 : 1178 2678 1049 229 2549 1729 1413 137 900 1637 2913 2400
Route 199 : 1167 959 2667 2459 411 794 1911 2294
Route 200 : 1066 1117 2617 2566 1011 1151 2651 972 587 2511 2472 2087
Route 201 : 1409 244 2909 377 1744 1432 1877 625 2932 445 2125 1027 2527 1945
Route 202 : 1389 679 1095 2889 2179 2595 235 1457 2957 1735
Route 203 : 638 505 118 2005 563 2138 1434 2063 405 1618 1905 2934
Route 204 : 499 135 1999 387 1635 184 1887 615 2115 126 1684 1626
Route 205 : 257 1757 182 1223 858 1078 2723 1682 2578 2358 289 677 2177 1789
Route 206 : 349 1084 452 1849 1952 2584 955 1236 591 2736 2091 2455
Route 207 : 503 751 2003 888 2251 1453 2388 1069 731 2953 2569 2231
Route 208 : 497 1997 864 63 1491 2991 2364 1563 788 2288
Route 209 : 367 1242 1867 2742 666 1343 494 2166 560 2843 2060 1994
Route 210 : 970 2470 1488 796 447 2988 1947 2296 158 442 1942 1658
Route 211 : 649 1404 829 2149 2904 517 2329 383 2017 1883
Route 212 : 1121 33 1533 577 2621 1060 2077 96 1596 2560 444 1944
Route 213 : 917 1466 2966 520 2417 652 931 2152 2020 2431
Route 214 : 483 1394 1427 1983 2894 504 1388 437 1937 2888 2004 2927
Route 215 : 672 609 904 2172 2404 804 2109 2304 492 441 1941 1992
Route 216 : 268 1462 1768 2962 1148 2648 1243 113 1483 2743 2983 1613
Route 217 : 988 259 2488 1759 431 1074 2574 952 2452 314 1931 1814 1253 2753
Route 218 : 614 838 2114 1321 2338 2821 769 1046 2546 2269
Route 219 : 358 1484 473 1858 887 2984 1973 2387 1035 785 2285 2535
Route 220 : 1324 921 2421 2824 420 1347 2847 1920 602 1485 2985 2102
Route 221 : 165 1143 2643 667 309 1665 2167 1809 1395 2895
Route 222 : 167 1667 169 252 386 1752 1669 1886 236 1736
Route 223 : 978 1107 720 2607 218 922 2220 2422 1220 1718 2478 827 2327 2720
Route 224 : 392 159 1659 1892 95 547 2047 1595 335 227 1727 1835
Route 225 : 643 706 2206 2143 1476 203 2976 836 1144 1703 2336 2644
Route 226 : 554 1266 2054 2766 525 2025 36 1101 1251 2751 2601 1536
Route 227 : 225 688 174 1725 2188 654 1674 1207 2154 2707
Route 228 : 646 881 2381 2146 1443 340 874 2943 1840 1115 2374 639 2615 2139
Route 229 : 131 910 1039 2410 38 683 2539 1538 2183 58 1558 1631
Route 230 : 390 1890 695 50 2195 538 1550 2038 1374 2874 1201 2701
Route 231 : 328 1003 703 1828 2503 212 2203 578 593 2093 2078 1712
Route 232 : 1182 1259 2759 2682 157 891 1657 2391 624 2124 1265 730 2230 2765
Route 233 : 256 204 571 1756 2071 1704 690 1199 2190 704 2699 2204
Route 234 : 187 241 1687 1741 178 1247 1138 2638 1056 2747 1678 2556
Route 235 : 1023 773 2273 1047 2547 2523 1410 1385 863 2910 2363 2885
Route 236 : 746 1500 2246 380 1320 3000 2820 1880 635 215 2135 1715
Route 237 : 733 1213 2233 865 559 2713 2059 2365 284 1455 1784 2955
Route 238 : 1122 1 1501 990 2622 533 2033 709 2490 319 1819 2209
Route 239 : 202 1337 1702 1133 2837 2633 605 1396 2105 1281 2896 1356 2856 2781
Route 240 : 843 1286 2343 1422 1019 2786 2922 983 2519 2483
Route 241 : 748 451 51 1951 943 1551 213 2248 1130 2443 2630 1713
Route 242 : 1332 708 2832 2208 321 579 1821 561 2079 2061 586 2086
Route 243 : 736 181 34 1534 2236 1378 1681 1129 613 2878 2629 2113
Route 244 : 245 850 1745 310 824 2350 1810 122 1622 2324
Route 245 : 726 601 2226 2101 826 822 2322 2326 1230 1474 2974 2730
Route 246 : 1421 739 1216 2921 2239 588 907 2716 2088 374 1874 2407
Route 247 : 1442 1234 47 2942 857 2734 2357 1547 429 1187 1929 2687
Route 248 : 507 1306 1006 2007 2806 958 479 2506 1979 853 2353 2458
Route 249 : 581 820 2081 544 2320 2044 896 1260 2396 2760
Route 250 : 264 287 1284 1787 1764 634 2784 35 301 1535 2134 1801
Route 251 : 1368 1437 2868 2937 663 862 2163 2362 1312 2812
Route 252 : 299 1351 936 1799 363 2851 1863 1125 2436 2625 93 884 2384 1593
Route 253 : 967 2467 197 78 1697 1578 998 307 1807 230 1730 2498
Route 254 : 1255 409 2755 1909 976 1186 2686 1387 2476 470 2887 1970
Route 255 : 44 1228 1544 1026 495 2728 2526 468 369 1995 1869 1968