Instance name : bar-n4000-1
Authors       : Dmitriy Demin, Mikhail Diakov (msd@veeroute.com), Ivan Ilin, Nikita Ivanov, Viacheslav Sokolov (vs@veeroute.com) et al. VRt Global (https://veeroute.com/)
Date          : 2023-04-18
Reference     : veeroute.com
Solution
Route 1 : 28 1180 416 3180 198 2028 2198 1842 3842 2416 1575 179 1308 3575 2179 1617 1742 3617 1155 3742 1810 3155 3810 734 1540 3308 3540 2734
Route 2 : 1508 604 1975 3508 197 2604 2197 3975 288 2288 1319 851 3319 647 1127 2851 244 3127 2647 2244 421 644 2644 957 951 2421 2957 1897 2951 3897
Route 3 : 1921 3921 76 2076 1325 1553 3325 3553 12 380 2012 469 1072 3072 621 2469 2621 2380 926 307 2926 1680 2307 3680
Route 4 : 283 1886 2283 3886 1614 1101 3614 3101 169 557 2557 592 2169 2592 1138 3138 1522 3522
Route 5 : 1554 3554 1836 3836 216 1033 659 2216 624 2624 1487 3487 2659 1723 195 3033 1207 2195 3723 741 47 2741 793 3207 2047 2793
Route 6 : 1943 3943 403 131 2403 1036 2131 3036 1777 925 2925 3777 1402 232 3402 876 2876 2232 1501 456 524 2456 1528 3501 2524 3528
Route 7 : 1377 962 3377 152 386 2962 2386 42 184 2152 2184 1050 701 3050 2701 2042 222 995 2222 328 2328 2995 254 633 2254 1237 3237 2633
Route 8 : 125 937 2125 2937 713 186 415 2186 2415 834 2834 273 2713 797 2273 999 2999 1248 2797 935 3248 2935 155 2155 891 896 2896 2891
Route 9 : 1241 272 2272 931 514 3241 2514 2931 1003 1042 3003 3042 1281 1965 559 3281 574 2559 2574 298 737 3965 2737 1852 2298 3852
Route 10 : 508 429 2508 2429 963 545 2545 188 2963 345 2188 2345 378 906 2906 11 2378 2011 203 2203 1280 1467 3467 136 3280 2136
Route 11 : 174 978 2174 1401 2978 3401 606 138 43 2606 679 2138 2043 431 2679 2431 1204 1115 3115 3204 1731 3731 1891 1907 3907 3891
Route 12 : 1665 3665 1976 1923 3976 1946 3946 394 3923 1667 2394 3667 56 1664 3664 156 2056 2156 1336 1503 3503 287 3336 1021 2287 1477 3477 3021
Route 13 : 1557 1648 3648 1964 3964 3557 1150 1917 3150 1962 3917 1495 1725 3725 3962 3495 1924 74 3924 412 2074 828 2412 1142 1267 2828 3267 3142
Route 14 : 1709 1882 3709 531 2531 1414 3882 1398 3414 479 2479 753 1073 2753 3073 3398 702 2702 1011 326 3011 660 948 2660 2948 2326
Route 15 : 1088 3088 1894 485 1077 2485 1601 3894 3077 1212 351 2351 1005 3005 692 2692 201 3601 1399 2201 623 3399 3212 2623
Route 16 : 1828 3828 1109 1184 3109 182 3184 831 2182 2831 401 2401 595 959 2959 1581 2595 1400 3581 1415 1169 3400 1163 3415 3163 3169
Route 17 : 200 214 2200 1733 1587 2214 3733 1476 3587 1149 634 3476 1896 3149 1603 3896 1493 3493 2634 277 551 2277 1288 3603 219 2219 2551 3288
Route 18 : 177 835 22 2177 2022 2835 902 171 2902 454 2171 1500 2454 3500 1844 142 1978 2142 3978 3844 1459 913 2913 1626 3459 3626
Route 19 : 72 2072 690 1957 3957 893 2690 1270 2893 1165 579 1040 3165 3270 2579 977 3040 511 2511 2977 629 2629 1185 7 2007 1937 3185 3937
Route 20 : 1488 1490 3490 3488 612 2612 1268 1632 3632 1239 3239 1855 3855 933 333 3268 2333 1695 3695 2933 102 929 1221 2929 3221 2102
Route 21 : 1586 1046 846 3046 330 927 2330 1597 2846 3586 2927 1047 3597 668 3047 527 148 2527 2148 655 2655 1330 2668 3330 1427 1780 3427 3780
Route 22 : 158 210 494 2158 167 2494 2167 2210 871 2871 799 2799 983 635 2635 1057 2983 3057 80 2080 400 888 2888 1191 1055 2400 126 3055 2126 3191
Route 23 : 1497 1335 1286 3497 1231 3231 3335 1569 1512 3286 3569 3512 1571 1266 1730 3730 3571 1879 3266 261 3879 696 2696 2261 1922 3922
Route 24 : 1418 578 2578 3418 825 839 2839 2825 570 543 2570 2543 13 2013 763 39 29 2029 664 2763 2664 2039 1659 507 3659 2507
Route 25 : 772 897 122 2897 2122 2772 1556 3556 46 965 2965 489 2046 1446 2489 33 3446 1010 2033 181 3010 1294 2181 1631 3294 3631
Route 26 : 1029 1341 1760 1355 3355 3760 3341 1628 3029 3628 282 2282 108 1762 2108 3762 599 2599 2 1873 727 2002 271 3873 2271 357 220 2727 2357 2220
Route 27 : 1315 889 3315 982 2982 2889 321 866 838 2321 2866 2838 1071 708 2708 3071 111 1405 3405 2111 475 447 594 2447 2475 2594
Route 28 : 286 2286 1194 82 628 3194 2628 991 1243 2082 2991 970 1317 3243 3317 2970 1832 1875 3832 3875 130 2130 87 1719 116 2087 2116 3719
Route 29 : 1224 3224 757 717 2717 2757 1298 340 2340 3298 930 795 2930 666 2795 223 994 63 2666 2063 2223 2994 1136 3136 1809 1816 3816 3809
Route 30 : 916 972 2972 1835 2916 3835 1223 435 3223 1861 2435 832 2832 1895 314 3861 2314 858 3895 2858 1639 3639
Route 31 : 1706 473 3706 954 2473 810 1096 2810 2954 608 3096 911 2608 1210 212 2911 3210 597 367 2212 729 2597 2367 2729
Route 32 : 662 2662 362 739 718 2362 2718 2739 175 726 2175 561 1345 2561 2726 3345 823 706 2823 610 2610 879 2879 2706 1911 3911
Route 33 : 1840 3840 765 581 1123 3123 2765 709 2581 528 2528 833 2709 2833 1529 1449 3529 558 106 2106 2558 3449 731 2731 1958 451 3958 2451
Route 34 : 803 1226 1245 3226 3245 2803 1285 1131 3131 3285 1437 1989 1562 3562 3437 3989 1928 814 2814 124 3928 1570 2124 3570
Route 35 : 1823 3823 1574 1981 829 173 2173 2829 3574 3981 1936 1588 1630 3630 3588 3936 1531 3531 299 1700 2299 1864 3700 1900 3864 3900
Route 36 : 540 236 2236 228 151 2151 1250 3250 1590 2228 2540 1153 3153 1539 3590 1790 3539 1887 3790 1505 3887 3505 354 311 2311 1049 3049 2354
Route 37 : 1361 1445 3445 1014 3361 923 3014 2923 1324 620 3324 2620 619 238 2619 2238 1173 3173 1714 438 256 2438 3714 2256
Route 38 : 1513 3513 1799 1638 1363 3638 3799 1902 3363 3902 226 874 81 2874 1995 2081 2226 768 1214 2768 1274 274 3214 3274 3995 2274
Route 39 : 1222 1699 917 3222 3699 1053 503 3053 2503 548 2917 721 2548 37 1754 2037 2721 1178 3178 3754 1755 1905 3905 1525 3525 3755
Route 40 : 41 1717 3717 1909 2041 295 2295 1568 3909 1996 162 3996 875 1705 2162 3568 3705 1940 2875 918 1048 3048 1035 3940 1311 3311 2918 3035
Route 41 : 1302 3302 1566 3566 881 356 2881 1443 2356 1849 3443 3849 1309 3309 55 336 2336 924 2055 2924 1271 3271 1582 3582
Route 42 : 1747 1436 3436 3747 305 787 2305 1154 3154 292 997 2787 2292 2997 384 532 2384 2532 306 2306 165 1888 1147 2165 3147 3888
Route 43 : 1942 493 3942 887 716 2493 1806 2887 3806 1866 2716 3866 1899 3899 1284 3284 1543 1724 1373 3543 3724 160 1776 683 2160 2683 3373 3776
Route 44 : 1187 759 2759 338 3187 2338 1982 1326 1383 3383 3982 3326 53 1137 990 3137 1690 2990 1845 2053 3845 1701 3690 3701
Route 45 : 1527 1242 3242 3527 826 1941 3941 2826 291 342 2342 1416 2291 3416 1609 3609
Route 46 : 1772 383 262 2262 1668 3772 2383 1413 3668 1124 3413 34 3124 385 552 2034 1889 2552 3889 1931 2385 1644 3644 3931
Route 47 : 1041 979 1655 1959 3041 3959 3655 2979 1375 1357 3375 1848 371 3357 1177 3848 1460 3177 2371 3460 1971 1783 1660 3783 3660 3971
Route 48 : 898 1333 2898 1807 1856 3856 3333 3807 1955 3955 92 656 2656 1565 2092 909 2909 458 1027 3565 20 3027 1379 2458 3379 2020
Route 49 : 1969 1567 3969 3567 1111 1219 3111 505 3219 100 800 2800 2100 1106 3106 6 2505 857 2006 2857 1960 3960 1682 3682 841 2841
Route 50 : 245 2245 86 1312 2086 880 3312 2880 1200 940 3200 266 2266 105 2940 329 2105 885 2885 153 1162 3162 70 2329 1329 2153 2070 3329
Route 51 : 38 2038 544 1356 3356 1774 2544 3774 1615 1653 3653 1592 3615 1473 3473 19 3592 2019
Route 52 : 3 1818 534 3818 2534 2003 99 546 2099 2546 766 2766 461 2461 1300 1801 1464 3801 3464 3300 605 1613 2605 1811 3613 3811
Route 53 : 1409 180 1168 2180 872 3409 1927 2872 3168 3927 556 961 562 2961 2556 1034 323 2562 3034 327 2323 1209 2327 375 1305 3209 2375 3305
Route 54 : 1767 221 2221 3767 215 960 2215 1119 1304 2960 1533 3119 1600 3600 3533 1428 609 3304 2609 1890 3428 1919 3890 341 3919 2341 520 1208 3208 2520
Route 55 : 728 2728 1174 1097 3097 3174 1159 1542 3159 955 3542 2955 693 2693 1276 294 1264 2294 1380 3276 1472 3472 3380 1743 3264 3743
Route 56 : 1183 1157 3157 1635 3183 3635 1514 211 2211 3514 1458 1830 3830 1576 3576 3458 563 255 2563 115 2255 2115
Route 57 : 49 804 2049 2804 1013 1327 3013 113 2113 3327 641 1599 3599 1878 1673 2641 3673 1370 1578 3878 1920 3578 3920 3370 1466 3466
Route 58 : 626 1397 146 3397 446 2146 2446 2626 490 1236 2490 821 3236 603 2821 2603 139 1548 2139 1269 3548 3269
Route 59 : 1369 1339 3339 145 901 818 2818 2145 3369 2901 1454 109 3454 2109 745 521 2745 1192 2521 3192 781 1118 2781 1278 3278 910 2910 3118
Route 60 : 1684 48 2048 453 3684 2453 905 1017 862 2862 2905 3017 1948 3948 1510 1412 1619 3510 3619 3412 1431 3431 353 1748 3748 2353
Route 61 : 439 1863 819 2819 2439 1991 3863 1411 3411 3991 1203 953 2953 1843 3203 1372 510 3843 3372 1206 2510 1795 3795 3206
Route 62 : 1037 3037 1018 590 3018 2590 519 10 2519 2010 986 1768 1534 3768 2986 1652 3534 749 3652 572 2749 1238 2572 3238
Route 63 : 1378 3378 1532 3532 704 652 2704 50 2652 1881 2050 428 444 2444 1985 3881 2428 1688 794 3688 2794 1099 68 3099 1130 2068 3130 3985
Route 64 : 1834 845 3834 808 1001 178 2178 2845 231 3001 364 2364 2808 270 374 1056 2374 3056 406 2270 2406 60 17 2231 2017 672 2060 2672
Route 65 : 1362 1257 3362 97 2097 820 1433 3257 457 3433 2457 782 2820 1841 149 738 2782 2149 1884 1821 3841 2738 3821 3884
Route 66 : 399 637 785 2399 560 2637 2785 588 764 2764 2560 2588 297 870 2297 134 2870 1220 2134 580 3220 863 2863 767 2580 2767
Route 67 : 1561 3561 1734 1144 3734 1082 852 3144 3082 2852 1692 1079 1935 3692 3079 1039 3935 775 3039 389 2389 752 651 2775 144 2144 2752 2651
Route 68 : 751 883 2751 568 2883 1002 2568 3002 1925 3925 565 658 2658 941 2941 1425 2565 1444 3425 3444 676 1301 2676 1152 3301 3152
Route 69 : 1691 1485 3485 1758 3691 1196 3758 3196 35 369 460 2369 265 2460 2265 1193 2035 1235 3193 806 187 2806 3235 1023 2187 3023
Route 70 : 168 189 2189 2168 1025 3025 1227 715 2715 3227 1837 1693 3837 3693 1627 1876 3876 359 3627 801 376 2801 816 2376 2359 2816
Route 71 : 1199 663 30 2663 3199 1171 1647 2030 950 3171 3647 1718 2950 3718 1961 1455 3455 337 3961 2337 649 573 2573 117 2117 2649
Route 72 : 1929 3929 1611 319 3611 1584 1303 3584 442 2442 1751 2319 3303 3751 1523 1953 3523 1044 3953 748 827 2748 2827 3044
Route 73 : 218 2218 1475 481 3475 1277 2481 1102 1337 3102 3277 771 390 3337 2771 2390 1720 616 2616 3720 1244 252 650 2252 128 2128 3244 2650
Route 74 : 1517 1616 3517 3616 1552 468 3552 921 2468 1595 2921 3595 1535 877 3535 2877 103 2103 1854 1434 1987 3434 3854 3987
Route 75 : 1915 1492 2000 3915 4000 3492 1441 607 239 2607 2239 1028 183 1068 3441 3068 3028 2183 648 418 2648 2418 419 363 2419 2363
Route 76 : 703 899 2703 1474 1135 2899 3135 423 998 513 2998 3474 2423 1282 3282 2513 1741 684 3741 2684 1114 1063 1340 3114 3063 1491 1980 3340 3980 3491
Route 77 : 472 440 784 2440 2472 77 2077 2784 480 975 2480 2975 1914 1009 482 3009 2482 3914 1629 1260 1122 436 3629 3122 3260 2436
Route 78 : 1898 1657 3898 3657 735 762 2735 2762 1675 1094 529 3094 2529 1781 3781 62 1555 2062 3675 3555 1462 878 3462 2878 1116 3116 1515 3515
Route 79 : 224 697 343 2224 71 2697 2343 1669 1805 3805 2071 1974 1190 3974 499 2499 1320 796 3190 3320 1511 2796 1851 3669 3511 3851
Route 80 : 1713 382 3713 135 229 2382 2229 2135 1793 3793 1547 284 3547 377 600 2377 2600 2284 730 496 2496 2730 553 945 2945 2553 143 2143
Route 81 : 317 1812 3812 1642 2317 1952 3952 1030 966 26 3642 2966 3030 586 1141 120 2586 2120 2026 280 811 3141 2811 1988 2280 1022 3022 3988
Route 82 : 1797 3797 1091 269 2269 3091 1287 290 3287 1032 2290 3032 1465 1086 613 3086 2613 3465 9 1343 2009 1520 3343 69 2069 3520
Route 83 : 1820 1342 3342 1787 3820 1983 3787 3983 673 746 2746 694 2673 2694 550 512 2550 733 2512 366 2366 2733 755 1482 1737 3482 2755 3737
Route 84 : 1671 1506 3671 3506 1314 1167 3314 3167 638 2638 361 989 2361 2989 1394 464 3394 824 2824 2464 1070 3070 522 1233 3233 2522 1249 3249
Route 85 : 325 2325 1080 1349 932 3349 2932 1826 3080 3826 1331 567 3331 491 2491 1232 769 2567 25 2769 1605 3232 2025 3605
Route 86 : 235 1228 3228 2235 1483 242 3483 1944 2242 3944 807 1143 1666 3143 3666 1024 3024 1087 2807 3087 1778 1951 3951 3778
Route 87 : 1678 1387 3678 1126 3126 3387 1853 3853 1006 625 2625 1229 1679 3229 3006 754 3679 1351 2754 577 2577 391 2391 1133 3351 3133
Route 88 : 1602 3602 176 1205 1084 3084 2176 3205 1939 1175 515 185 3175 2185 3939 2515 404 398 2398 2404 1164 538 3164 2538 227 867 2227 2867
Route 89 : 1272 194 3272 2194 483 303 2483 1676 1451 2303 3451 3676 88 1803 892 2088 1365 3803 1507 2892 3507 1746 3746 3365 1583 1641 3641 3583
Route 90 : 1479 585 1658 3658 2585 1661 3479 3661 372 576 300 742 2372 1188 2300 2742 2576 3188 1429 27 2027 3429 1004 1933 3933 3004
Route 91 : 1637 1494 3637 1833 3833 3494 318 140 313 2140 2318 1181 1753 3181 3753 2313 1703 642 3703 1299 2642 750 1263 3299 1681 2750 3263 3681
Route 92 : 736 1711 1186 3711 1930 2736 1938 3930 1771 3186 1752 3938 3771 1744 3752 3744 133 949 2133 1129 640 3129 1468 2640 1577 3577 2949 3468
Route 93 : 1366 1440 3366 3440 725 1296 2725 3296 687 2687 675 705 2705 517 2517 487 191 848 2487 2191 2675 1704 2848 1967 3704 1904 3904 1786 3967 3786
Route 94 : 355 1283 3283 1608 2355 1391 3391 3608 1549 3549 1670 1255 914 3670 1202 3255 2914 744 3202 1685 2744 555 3685 1069 2555 395 3069 2395
Route 95 : 569 946 1060 2569 2946 1585 3585 3060 1749 3749 1794 895 2895 1800 3800 3794 1687 3687 1420 919 3420 281 2281 2919
Route 96 : 1198 205 894 1051 2894 95 2205 2095 1998 3198 1968 3998 3968 698 3051 1620 3620 542 2698 1066 2542 686 1802 2686 78 3802 2078 3066
Route 97 : 1182 614 3182 2614 1521 671 2671 840 2840 3521 1008 373 993 2373 2993 3008 1859 267 2267 3859
Route 98 : 1663 1689 3689 3663 1151 1 3151 2001 670 855 2670 58 2058 348 2348 1121 710 2855 65 2065 3121 1381 2710 3381
Route 99 : 1354 1406 3406 669 2669 1910 3354 264 1076 3076 2264 1117 3910 420 3117 2420 1808 1870 3808 3870 934 488 2488 2934 678 296 2296 2678
Route 100 : 1997 1999 3997 1775 1419 3999 3419 90 3775 2090 1698 1156 1134 3156 1913 3134 3698 537 2537 1697 523 3913 3697 2523 1078 207 3078 2207
Route 101 : 32 2032 1784 3784 1977 3977 1306 1293 1258 3293 3306 915 3258 1430 2915 410 3430 1926 3926 2410
Route 102 : 164 2164 1438 119 259 2119 2259 3438 1368 1481 3481 3368 83 2083 121 2121 1176 1344 3176 1408 3344 3408 842 1256 3256 2842
Route 103 : 1346 1132 3346 1313 352 3313 225 3132 2352 1292 1197 2225 1963 3963 3197 3292 1519 1376 3519 3376 812 1950 2812 774 3950 1059 2774 3059
Route 104 : 1903 16 2016 3903 263 324 1683 2263 3683 2324 1646 1813 3813 3646 1563 1390 3390 1447 3563 1360 3360 760 2760 402 3447 258 2402 2258
Route 105 : 1128 1085 3085 3128 1348 426 1883 3348 2426 1893 3883 3893 1764 1773 864 3764 2864 849 2849 301 1470 3773 2301 1580 3580 3470
Route 106 : 268 1246 3246 2268 455 101 2455 2101 1612 1125 506 3612 2506 3125 1456 289 206 3456 44 2206 822 1880 2289 2044 3880 1550 2822 3550
Route 107 : 566 2566 695 1012 3012 830 2695 1067 2830 780 3067 349 2780 2349 407 471 2471 1215 3215 161 2407 2161 720 869 1007 2720 476 3007 2869 2476
Route 108 : 533 1537 1139 3139 1945 3537 3945 2533 1625 3625 1623 1649 3649 1792 3792 3623 547 51 900 2051 1559 2900 73 3559 2547 2073
Route 109 : 1814 3814 1992 1674 3992 1606 3674 944 3606 2944 393 2393 836 682 154 2682 2836 1779 2154 1551 3779 170 379 3551 2170 2379
Route 110 : 1217 1908 3908 302 2302 3217 630 208 2630 132 2208 2132 61 308 502 2061 2308 2502 1846 3846 1970 636 3970 2636 1484 309 3484 2309
Route 111 : 1643 450 2450 1089 1310 3310 3643 3089 339 1031 2339 3031 1090 1422 3422 773 3090 723 1081 3081 1847 873 2723 2773 2873 3847
Route 112 : 1727 465 93 2093 2465 89 1829 3727 2089 3829 904 643 2904 137 2643 699 1254 2137 3254 260 974 2974 539 1262 3262 2260 2699 1417 3417 2539
Route 113 : 1984 322 98 802 2802 2322 1877 3984 2098 1825 3825 408 2408 3877 1290 593 3290 779 2593 1353 2779 1364 3364 3353 127 2127
Route 114 : 596 411 2596 2411 253 632 617 2617 2632 2253 1594 980 1901 3901 320 2320 1395 3594 2980 860 1093 3395 1728 3093 3728 2860
Route 115 : 1860 1530 1404 3530 3860 3404 1225 172 3225 1912 2172 3912 1195 654 2654 3195 856 1869 886 3869 2856 2886
Route 116 : 582 312 2312 129 2582 1321 1058 2129 3058 3321 1791 1839 3839 1868 3868 3791 1110 761 3110 2761 104 107 2104 2107 1374 3374 1516 3516
Route 117 : 1622 518 285 3622 936 2936 1148 2285 3148 2518 732 1020 2732 1858 3020 1000 859 3858 2859 1972 3000 3972 405 2405 601 2601
Route 118 : 1538 1739 3739 1740 3538 396 2396 1216 213 3740 2213 3216 14 441 817 2441 2817 1817 3817 1822 3822 2014 1862 943 3862 813 2943 2813
Route 119 : 1916 3916 192 449 2192 501 2501 114 2449 1712 2114 437 3712 2437 425 1350 1095 2425 1251 276 3350 1770 3095 1702 3770 3702 2276 3251
Route 120 : 1234 1686 3234 3686 1092 1831 251 3092 1696 3831 3696 1509 2251 3509 1172 571 1334 3334 2571 3172 1393 1662 1990 3393 3662 3990
Route 121 : 1677 865 3677 2865 1295 141 2141 722 249 2722 1541 2249 3295 54 2054 1782 3541 484 853 3782 2853 1252 2484 3252 1651 3651 31 2031
Route 122 : 1633 3633 1536 3536 368 1064 2368 667 3064 2667 743 1735 3735 2743 509 2509 230 844 459 2230 837 2837 1261 2459 2844 3261
Route 123 : 463 157 422 166 2157 1756 2422 2166 3756 884 2884 250 790 2790 2250 976 199 1407 3407 387 2199 57 2387 2057 2976 724 2724 2463
Route 124 : 279 2279 1389 861 3389 2861 466 912 2466 2912 646 1061 3061 2646 1328 217 2217 1120 3328 3120 59 2059
Route 125 : 1885 1052 3885 3052 470 246 2470 1297 2246 711 1038 3297 2711 3038 1496 433 3496 740 2433 611 2740 1956 3956 1973 2611 3973
Route 126 : 516 1307 2516 615 3307 344 2615 758 204 903 2344 2758 2204 707 2903 747 504 2747 1075 248 3075 1170 1656 2248 2504 2707 3170 3656
Route 127 : 1108 5 2005 388 430 3108 2388 2430 1486 64 598 2598 3486 788 1179 2788 3179 452 2452 2064 996 2996 968 159 691 2691 2968 2159
Route 128 : 1524 414 809 3524 942 2942 2809 2414 1107 91 2091 1934 1322 3107 1906 3934 1867 3322 3906 1815 3815 1160 3160 1062 3867 3062
Route 129 : 639 237 2639 2237 939 1146 2939 622 1275 2622 3275 1453 3146 1694 3453 987 2987 467 3694 627 1865 2467 443 2627 3865 2443
Route 130 : 23 163 2023 1738 2163 1074 3074 3738 714 2714 1435 786 3435 777 2786 1798 2777 94 3798 2094 1827 1352 3352 3827 1403 1457 3403 3457
Route 131 : 112 360 1105 2112 973 365 2973 2365 3105 2360 1386 1604 3604 1489 3489 498 2498 657 890 3386 397 1654 3654 2397 2890 2657 947 2947
Route 132 : 66 602 2066 2602 1872 358 3872 8 2358 536 681 2008 2681 2536 791 2791 677 2677 18 564 2018 2564 992 257 2257 1589 2992 1461 3589 3461
Route 133 : 1769 233 3769 770 2233 2770 541 1247 2541 293 3247 1140 2293 792 2792 1318 1596 3318 1634 3140 3634 334 1201 2334 243 3201 2243 3596
Route 134 : 1471 1544 3471 3544 1279 908 589 3279 2589 2908 1396 665 147 1388 2665 3396 1358 2147 3388 3358 240 815 2815 202 2240 2202
Route 135 : 492 2492 1113 392 3113 843 2392 530 2530 2843 850 2850 618 1715 2618 3715 96 1098 2096 3098 1291 424 2424 1289 1065 3289 3065 3291
Route 136 : 1598 3598 1385 478 3385 1499 798 2478 535 1432 2535 956 2798 3499 2956 3432 868 689 2868 778 2689 2778 1112 1838 3838 3112 448 1359 3359 2448
Route 137 : 1316 335 3316 278 1636 2335 719 3636 2719 36 1240 2278 1607 2036 3240 1871 969 3607 2969 3871 1621 685 3621 971 2971 2685 486 2486
Route 138 : 474 922 190 2190 2922 1367 3367 2474 413 434 2434 1259 2413 85 409 3259 1424 1579 2085 21 2409 907 3579 2907 3424 2021
Route 139 : 1100 756 1054 2756 1994 3054 1610 3100 3610 4 3994 1213 3213 2004 1757 3757 500 2500 241 688 2688 1710 2241 3710 981 2981
Route 140 : 1986 1874 3986 1392 1442 3392 3442 1947 1265 3947 3265 196 3874 1504 1732 332 2196 3732 2332 1480 1789 3504 477 3480 1591 3591 3789 2477
Route 141 : 1765 964 1338 3765 2964 3338 304 2304 1750 1729 3750 1824 3824 3729 40 1645 1722 2040 3722 3645
Route 142 : 1573 1850 1892 3892 3850 3573 1932 1016 3932 1452 3016 3452 1560 1145 3560 1993 3993 1526 3526 3145 331 1410 1785 3785 3410 2331
Route 143 : 1382 1371 1650 3650 3382 1230 3371 3230 310 118 2310 525 2525 2118 958 445 2958 583 45 2045 110 2583 2445 712 2110 2712
Route 144 : 209 1766 2209 3766 193 123 653 2653 2193 2123 1707 462 2462 3707 24 275 2275 1857 3857 1083 2024 680 3083 497 2497 2680
Route 145 : 15 417 2015 2417 1564 1502 75 3564 1158 3158 3502 84 2084 2075 1966 1498 1618 1450 3966 3450 1545 3545 3498 3618 1949 1624 3949 3624
Route 146 : 346 427 2346 1043 2427 3043 150 315 2315 985 2150 1218 1761 3218 1759 234 2985 3761 1518 1763 575 3759 2575 2234 1103 3518 3763 3103
Route 147 : 316 1426 3426 2316 67 1166 2067 526 3166 587 2526 350 432 2432 2350 554 2587 984 2554 783 1104 3104 2984 591 2783 1273 2591 3273
Route 148 : 1211 1788 3788 3211 1954 370 928 2370 3954 381 2928 2381 1423 674 3423 247 2674 700 2247 2700 1721 1796 3796 1708 3721 3708
Route 149 : 1572 1015 920 3572 584 1332 3332 1745 2920 3015 1979 2584 1478 3979 3478 1716 3745 3716 1918 1593 3918 1819 3593 1019 3819 3019
Route 150 : 1726 52 847 952 2052 3726 1189 2847 3189 2952 1546 1463 3463 3546 776 1045 3045 938 2938 2776 805 631 2805 1161 2631 3161
Route 151 : 1640 1384 3640 1439 3439 1026 645 3026 1421 2645 1558 3384 3558 3421 854 2854 988 1804 2988 1672 3672 3804
Route 152 : 661 1448 2661 3448 549 1253 3253 2549 789 79 1347 2789 2079 1736 1469 3736 882 3347 3469 2882 1323 967 3323 495 2967 347 2495 2347