Instance name : bar-n400-4
Authors       : Dmitriy Demin, Mikhail Diakov (msd@veeroute.com), Ivan Ilin, Nikita Ivanov, Viacheslav Sokolov (vs@veeroute.com) et al. VRt Global (https://veeroute.com/)
Date          : yyyy-mm-dd
Reference     : veeroute.com
Solution
Route 1 : 54 84 254 120 284 11 211 68 268 53 320 253 132 101 332 191 391 301 56 256 193 393
Route 2 : 165 63 40 365 240 22 263 100 300 222 8 208 194 86 394 286 61 261 67 70 270 104 304 267
Route 3 : 95 295 136 94 90 290 294 150 350 189 46 246 389 151 336 351 183 143 171 371 343 15 215 383
Route 4 : 118 318 167 75 134 367 334 16 275 160 216 81 281 360 26 146 226 346 144 198 344 398 190 141 390 341
Route 5 : 17 73 273 217 199 399 19 179 219 28 379 192 228 392 44 186 152 244 386 352 119 319
Route 6 : 182 188 14 214 79 382 166 388 279 103 366 303 153 41 241 353 2 30 162 362 230 202
Route 7 : 24 224 83 283 163 363 139 27 227 108 308 339 114 314 155 355 175 47 375 195 247 395
Route 8 : 59 259 34 42 242 234 89 125 325 289 106 306 140 12 340 52 252 99 212 127 327 197 397 299
Route 9 : 55 181 381 255 25 177 377 20 220 225 105 97 297 123 161 305 169 361 323 369
Route 10 : 77 69 277 178 269 156 378 356 7 96 164 207 23 296 364 6 223 206 159 92 129 359 176 292 329 376
Route 11 : 168 147 109 309 200 368 347 43 400 243 113 137 337 124 187 313 48 387 324 248 148 196 396 348
Route 12 : 98 298 49 1 131 249 331 180 380 201 116 60 316 260 138 172 372 29 33 233 338 229 170 174 370 374
Route 13 : 115 117 315 157 357 36 317 64 236 66 264 266 9 135 209 145 112 335 312 345
Route 14 : 4 102 302 204 173 37 45 237 38 245 107 373 307 142 342 238 126 326 5 122 322 93 205 51 293 251
Route 15 : 21 50 221 74 110 274 13 250 213 310 3 78 278 88 203 121 321 288 158 185 358 385
Route 16 : 184 384 31 149 231 71 271 349 82 87 287 35 282 80 235 57 280 111 257 10 311 210 76 39 239 276
Route 17 : 128 328 58 154 258 354 72 65 265 32 62 133 333 272 91 262 232 18 85 285 218 291 130 330