Instance name : bar-n600-5
Authors : Alexander Yuskov (a.yuskov@g.nsu.ru), Igor Kulachenko (ink@math.nsc.ru), Yury Kochetov, Igor Vasilyev, Zhangdong, Chenjuan, Huanghaohan, Wanglongfei
Date : 28.05.2025
Reference : HGIM
Solution
Route 1 : 157 263 563 26 457 3 326 258 65 558 303 42 85 385 365 136 342 205 436 73 272 373 48 348 572 505 17 317 282 166 270 582 66 570 466 366 285 288 11 311 23 323 585 588
Route 2 : 7 307 180 230 480 30 330 530 200 296 596 181 145 445 235 500 535 481 28 88 328 388 290 171 590 277 271 79 471 577 141 571 441 379 147 261 91 120 561 447 71 420 371 54 391 32 332 257 557 281 581 354
Route 3 : 20 320 160 118 460 242 418 169 469 542 86 143 186 486 386 278 443 21 578 51 351 46 321 346 129 57 198 429 252 279 357 498 105 552 201 501 579 210 264 510 405 45 345 564 247 97 547 228 528 397 240 540
Route 4 : 177 477 267 4 567 72 372 304 293 151 593 259 451 245 545 209 559 509 182 148 482 254 554 219 448 519 153 159 453 206 459 146 195 506 92 446 38 89 392 389 495 113 121 338 421 123 268 423 413 568
Route 5 : 193 107 211 187 407 493 511 154 222 249 549 487 74 374 454 522 60 174 474 218 360 518 286 110 102 410 402 250 550 12 52 586 132 312 432 162 352 462 217 517 266 34 566 334 37 337
Route 6 : 98 398 197 77 115 161 415 31 497 220 331 520 461 130 173 473 377 430 203 503 184 192 265 484 492 565 53 284 584 125 353 425 56 356 167 8 308 467
Route 7 : 29 280 329 70 580 81 170 370 470 287 587 10 310 381 87 63 1 363 83 387 383 251 301 551 80 150 450 155 455 244 380 224 33 544 524 275 234 333 262 562 534 575
Route 8 : 18 165 142 318 255 442 555 465 237 68 14 537 134 43 434 343 314 368 69 139 369 221 439 225 521 525 168 468 238 538 13 64 313 114 15 96 315 396 364 414 229 109 409 529 106 406 175 475
Route 9 : 111 176 476 298 411 598 2 128 196 496 302 163 428 199 24 463 61 499 324 126 426 269 112 179 479 412 260 569 233 361 253 560 135 553 533 232 435 90 78 378 35 532 335 390
Route 10 : 6 306 164 464 191 216 516 62 362 152 491 289 452 589 25 16 316 149 208 508 133 36 336 325 273 449 231 433 531 573 108 408 104 172 404 472 194 127 494 207 117 427 507 276 417 137 576 437
Route 11 : 246 39 103 403 546 158 458 300 600 202 99 502 399 339 41 44 190 223 341 523 490 204 122 344 422 124 504 424 256 299 599 40 556 144 291 591 340 243 543 82 444 382 239 22 212 322 539 512
Route 12 : 227 100 47 527 297 400 597 49 178 349 93 58 358 94 478 9 394 393 116 76 309 19 416 75 226 319 526 376 375 248 548 185 188 485 95 488 214 138 438 119 347 514 395 419 59 359 156 27 327 456
Route 13 : 183 131 431 101 292 401 215 592 515 241 483 5 305 84 541 140 440 236 536 50 283 350 583 294 384 594 189 274 574 295 489 55 595 67 367 213 513 355
