Instance name : bar-n5000-2
Authors       : Dmitriy Demin, Mikhail Diakov (msd@veeroute.com), Ivan Ilin, Nikita Ivanov, Viacheslav Sokolov (vs@veeroute.com) et al. VRt Global (https://veeroute.com/)
Date          : 2023-04-18
Reference     : veeroute.com
Solution
Route 1 : 284 2167 1352 2784 4667 3852 853 838 2364 3353 3338 4864 2443 581 4943 3081 887 1369 3869 3387 922 1108 3422 3608 1025 1879 4379 597 3525 84 3097 2584 1148 3648 162 1429 559 2662 3059 1163 3929 575 1786 3075 4286 2258 4758 1272 873 3663 2156 3772 1071 4656 3373 3571 254 2754
Route 2 : 1481 3981 2233 405 4733 1585 2905 2044 4085 1742 166 4544 4242 2666 2361 1595 523 4861 3023 4095 1929 1188 1044 4429 3544 3688 776 3276 308 2808 1226 22 2522 905 3726 691 3405 1483 3983 217 3191 1944 4444 2717 462 1912 1828 2962 4328 4412 2300 1118 4800 3618
Route 3 : 2053 1714 4553 906 3406 1516 1989 840 3340 4489 1370 4016 1613 4113 1531 4214 888 3388 3870 1757 666 4257 3166 4031 266 1253 3753 997 3497 2766 342 1133 3633 431 2931 2842 1336 1313 3836 1251 3751 1294 3813 2054 3794 649 830 3149 2273 3330 4773 1452 4554 3952 2335 4835
Route 4 : 1837 585 3085 4337 116 609 1599 2616 3109 1694 4099 1164 68 4194 957 2568 3457 821 3664 498 946 1235 2998 2478 3321 3735 3446 1233 3733 4978 1138 3638 1779 567 4279 280 3067 878 3378 823 1589 2780 3323 804 1617 1090 349 4089 3304 4117 1407 904 3907 2849 1518 3590 3404 4018
Route 5 : 1868 2059 4368 4559 400 2314 1400 3900 4814 825 3325 844 3344 2362 4862 1584 2900 1395 4084 1468 3968 812 3312 2301 4801 1477 3895 1455 3955 1523 458 4023 3977 1041 3541 1570 2958 864 4070 344 3364 2844 1240 3740 679 2369 4869 3179
Route 6 : 2455 101 2601 4955 612 1505 4005 3112 672 2462 3172 2225 1532 4962 4725 1002 3502 2456 4956 4032 1180 1897 1644 4144 4397 1921 1490 4421 2461 3990 3680 486 4961 2096 2986 811 4596 1373 3311 1013 3873 1241 3513 3741 1378 2326 3878 2141 4826 1220 4641 3720 239 2739 1001 2231 4731 3501
Route 7 : 1955 1058 4455 1289 3558 3789 444 1384 3884 1639 2944 442 1917 2942 4139 1270 3770 1871 4417 1110 4371 3610 762 439 1873 3262 2014 4373 1712 2939 806 3306 724 4514 3224 2050 77 4550 4212 2577 1325 3825 318 241 2818 1704 4204 2404 2741 2203 4703 1321 3821 4904
Route 8 : 1567 4067 651 789 3151 3289 1597 129 4097 787 3287 124 2629 2624 641 2087 3141 2074 4587 4574 1886 2015 4386 1457 4515 3957 225 232 2732 2725 1350 242 67 3850 2064 2742 2567 4564 453 2953 1399 3899 1525 4025 152 2372 275 2652 4872 2775 1813 4313 1576 4076
Route 9 : 2010 4510 1902 4402 1631 977 4131 3477 1116 102 2197 2602 18 4697 3616 2518 89 594 231 3094 2731 1858 295 2589 4358 2795 48 487 845 2987 2548 3345 1901 897 2440 4401 3397 2027 4940 1203 4527 1474 3703 3974 229 1646 2729 706 1168 3668 3206 201 1179 2701 440 1311 4146 1304 3804 3679 3811 2940
Route 10 : 2384 1630 4130 748 3248 4884 257 1496 2022 3996 1620 4120 2757 2383 1657 4522 1529 4883 4157 4029 1210 1560 4060 1368 3710 2216 4716 2393 4893 2194 4694 808 2103 4603 3308 935 3435 3868 1221 3721 855 2401 3355 300 2192 2800 4901 4692 2207 208 4707 1930 2708 1278 4430 3778 1169 3669
Route 11 : 1413 3913 1816 396 2896 346 1724 4316 1500 4224 248 4000 2846 57 2748 2166 2557 4666 1777 1738 1925 4238 4425 4277 9 2509 1319 1012 3512 3819 1601 2179 2382 4101 2217 4679 1244 4882 2198 3744 4698 2315 4717 372 4815 2872 1967 319 4467 2819
Route 12 : 2143 2082 1485 4643 375 3985 2875 4582 2406 298 982 4906 3482 2029 4529 2426 4926 2798 2416 4916 2409 2105 4605 1205 4909 3705 230 1636 1460 4136 3960 2730 2282 16 2516 1962 4782 4462 1834 1575 4334 517 4075 2107 1850 3017 4607 281 2781 535 4350 1146 3035 1176 3646 3676
Route 13 : 774 3274 285 2363 2785 4863 153 130 2653 1150 630 2630 3130 3650 2405 252 2062 4562 2752 489 1015 2091 2989 2263 4591 1806 3515 146 4306 813 2646 2481 4981 156 4905 1120 4763 2656 717 3620 3313 3217 2193 989 4693 1498 488 3489 2988 203 3998 964 279 2703 2147 2779 4647 3464
Route 14 : 1160 167 3660 2667 2073 677 3177 2387 860 4573 1913 3360 4887 889 4413 3389 1115 1183 3615 1759 3683 2321 4259 565 4821 3065 2445 374 4945 775 2874 64 2564 1252 3275 493 3752 2340 1946 4446 2993 59 2559 1515 1206 4015 3706 4840 1291 1261 3761 3791
Route 15 : 210 73 1649 2710 911 3411 2573 1302 2119 4619 3802 1799 4149 1997 4299 1359 4497 1504 4004 697 3859 419 1038 3197 725 966 3225 204 3466 380 2704 105 2880 2919 2605 1051 3551 3538 661 2374 3161 1274 4874 3774 1534 1900 4034 4400 80 2580 770 3270
Route 16 : 1656 4156 590 38 3090 529 3029 496 2996 390 2538 2890 259 1084 1356 1456 2759 3856 3584 629 3956 249 432 1762 4262 1421 2932 2749 1574 3129 4074 1903 4403 925 753 3921 3425 1137 3253 3637 2356 4856 1037 3537 991 824 1159 3659 3324 3491 2447 4947 2492 322 4992 2822
Route 17 : 534 3034 867 1209 3367 3709 866 3366 2280 2173 1596 4096 4780 4673 176 2676 226 801 2281 2726 3301 1698 4198 1606 4106 4781 2024 696 4524 981 3196 3481 33 2533 1682 4182 898 3398 315 520 2815 1514 553 165 3053 4014 3020 1363 2665 3863 2052 1158 4552 3658
Route 18 : 2092 1482 4592 3982 1661 213 569 3069 707 4161 2713 341 2841 2388 3207 914 3414 4888 1852 2069 136 4352 4569 2636 960 1697 3460 476 2976 1471 198 2698 1974 1765 2353 3971 4853 61 4197 2561 780 3280 2429 4929 170 2084 4474 4265 859 2670 2454 3359 4954 4584
Route 19 : 689 1708 907 3407 4208 336 3189 1491 3991 1495 2836 1942 3995 4442 1440 884 3940 3384 1519 4019 1752 4252 1074 3574 1479 3979 1046 2444 678 3178 1985 1441 3546 4485 1825 4944 1222 4325 1948 3722 3941 4448 1047 1587 3547 2342 2465 4965 1139 4087 4842 3639
Route 20 : 1680 1186 4180 1935 3686 4435 636 3136 513 3013 1098 896 900 3396 2328 3598 3400 574 4828 2303 3074 1287 4803 1748 3787 1789 1924 4248 1366 4289 463 4424 3866 791 2963 3291 2333 268 2768 4833 234 705 2734 3205 511 3011 505 936 3005 701 3436 1181 688 3201 3681 2329 3188 4829
Route 21 : 2305 460 4805 2960 2094 4594 1987 474 1437 4487 521 3937 2974 121 2621 1840 4340 2358 3021 4858 857 2187 3357 1276 4687 1621 4121 3776 528 2244 3028 481 4744 445 1603 2981 992 2945 3492 1331 3831 2294 4794 654 411 587 4103 3154 352 2911 3087 2852 1972 4472
Route 22 : 2304 1922 743 4804 20 2520 1398 55 3898 4422 2555 1465 359 2859 3965 179 579 3243 2679 1106 3079 1061 3561 2346 39 4846 3606 2539 538 3038 1539 2267 4767 1507 4039 777 4007 3277 339 976 2113 1426 4613 2271 3926 3476 817 4771 2839 1722 3317 1793 4222 4293 50 545 2550 321 3045 2821
Route 23 : 1014 3514 184 2684 998 290 450 2790 2950 710 3498 646 3146 3210 1298 3798 1032 3532 2081 1157 103 2603 3657 4581 2408 1406 4908 751 3906 3251 1020 1848 758 3520 2190 4690 4348 747 3247 2171 2453 3258 4671 1318 4953 874 3374 1795 159 2659 4295 1167 3818 3667 134 2435 4935 2634
Route 24 : 1833 1462 3962 4333 1973 4473 145 1907 4407 71 1236 2463 3736 2645 4963 919 3419 952 667 2571 3452 1841 576 3076 1954 4341 377 2411 3167 2877 4454 2085 1282 4585 3782 4911 647 1073 3573 3147 1883 4383 1937 4437 161 30 2661 2060 2530 1653 4560 1405 323 244 4153 3905 2823 1019 3519 2744
Route 25 : 1254 1464 3754 2376 3964 818 619 4876 3318 3119 1920 1635 4135 1675 4420 4175 768 515 3268 240 3015 2740 113 2158 1197 4658 2613 536 3697 3036 1130 2288 3630 4788 865 273 745 3365 2773 3245 550 3050 735 3235 274 1735 2774 2106 2259 310 4235 4606 1771 4759 4271 2810
Route 26 : 2343 4843 1010 3510 1784 2063 4284 4563 1730 2120 4230 4620 1182 3682 2140 1258 3758 1792 1699 4292 4199 456 2956 4640 657 36 3157 872 3372 611 2536 363 2863 3111 512 1546 3012 200 4046 2700 1161 78 2578 3661 1216 1288 3716 2046 3788 1739 4546 4239
Route 27 : 893 2090 3393 1666 4590 1549 4166 2483 4049 2260 309 4983 4760 621 3121 1992 4492 1422 2809 729 2348 3229 277 438 3922 2777 1838 2176 4676 2313 4848 4338 4813 4 539 2504 2938 1262 3039 3762 1860 2116 2028 4616 1340 4528 4360 3840 2386 4886 1322 613 3822 3113
Route 28 : 1688 199 2699 4188 148 683 2648 1392 337 3892 3183 1855 1005 4355 2837 950 3505 2370 4870 2006 3450 1528 4506 1345 3845 698 4028 871 3198 2413 2298 4798 4913 253 262 2753 625 1755 4255 3125 1449 1022 3522 3371 3949 95 2595 53 2762 2553
Route 29 : 2297 4797 854 3354 406 2906 831 913 3331 3413 2035 4535
Route 30 : 1458 1202 3702 1424 2215 3924 4715 3958 1355 2482 3855 2270 1726 4770 4982 2227 4727 404 2904 4226 1286 607 3107 2178 746 3246 3786 2389 4889 4678 947 1687 2325 4187 4825 3447 885 3385 122 2132 4632 892 2622 3392
Route 31 : 2232 4732 675 993 27 3493 635 2527 1081 3135 3581 562 3175 1264 3062 3764 1257 1173 3673 3757 2312 835 1185 4812 3685 2392 3335 1884 4384 4892 403 2903 795 1105 3295 2330 3605 2269 45 4769 4830 1772 1805 2545 4305 1214 1218 3714 4272 1610 1256 3756 3718 1681 4110 4181
Route 32 : 1658 4158 1170 1947 3670 2243 4447 4743 895 1075 3575 3395 2048 1552 1614 2180 4548 4680 643 4052 4114 3143 451 1521 1026 2951 2102 3526 448 4602 4021 2948 1 1065 941 3565 2501 189 1821 3441 2689 4321 1502 631 3131 1778 1040 4278 3540 169 2023 2669 4523 446 4002 2946
Route 33 : 781 3281 1301 3801 639 3139 973 178 3473 1189 1783 4283 3689 2678 1473 293 583 3083 2793 3973 2183 4683 1072 1526 2097 4026 3572 797 4597 2154 4654 3297 2479 464 2964 4979 829 712 3329 3212 846 1598 4098 3346 299 2799 699 918 1059 3418 2208 4708 3559 418 2918 606 3199 3106
Route 34 : 703 3203 361 2257 1207 2861 4757 1347 3847 1663 3707 754 4163 93 32 2593 2532 713 2311 4811 408 3254 1293 3793 2908 640 1846 3213 4346 2110 3140 1297 2446 3797 1229 4610 1775 4946 3729 852 4275 3352 52 1450 2552 786 3286 1414 2139 3950 4639 1679 3914 4179 70 2570
Route 35 : 1527 303 1017 2803 4027 3517 2390 2418 637 4918 1048 3548 4890 803 470 2970 410 3303 2910 412 1402 915 2912 3902 2017 3415 3137 4517 2067 773 3273 4567 827 2218 1607 4718 3327 2293 216 2716 763 3263 1976 4793 4476 1950 4107 848 4450 288 2039 4539 2788 1184 502 3684 3348 3002 2223 4723
Route 36 : 1382 2088 3882 4588 1095 467 3595 14 2967 1438 1536 2514 3938 4036 959 3459 447 1703 2947 4203 1923 424 4423 2924 2467 133 2633 238 4967 1238 2738 2108 151 2651 1326 4608 3738 542 3042 5 228 399 2728 2899 117 2617 2505 1898 1152 3652 4398 3826
Route 37 : 1800 4300 292 316 2792 24 615 3115 2524 2816 1423 628 1000 3128 3500 2322 3923 304 4822 716 2345 4845 3216 393 2804 2893 1963 197 1749 4463 1007 4249 2697 343 3507 441 2214 2941 765 2843 1938 3265 1990 4438 4714 4490 1616 2355 4116 1070 2402 3570 1857 4855 119 2619 1307 4357 4902 3807
Route 38 : 2177 1342 3842 4677 381 1802 4302 2881 112 928 2612 3428 2135 4635 1232 670 3170 3732 345 2845 340 1435 1911 2058 3935 4411 2840 4558
Route 39 : 2002 2308 1412 4502 2498 3912 4808 601 2253 2264 4753 4764 1267 4998 3101 3767 365 2378 2865 1087 2071 4571 4878 2089 4589 1878 4378 1889 4389 311 3587 2137 2075 4575 1493 3993 2811 1144 856 3356 3644 4637 1385 1380 3880 3885 2104 4604 195 1836 2695 4336
Route 40 : 945 3445 937 734 3234 891 3437 3391 1079 1982 1641 4141 4482 876 3376 3579 730 218 51 2551 3230 2718 414 2496 500 4996 3000 2914 409 2909 2248 2349 4849 4748 1391 468 3891 2968 2155 4655 177 2677 1305 1758 3805 4258 1530 531 1346 3031 4030 1086 3586 3846
Route 41 : 1520 2066 4020 877 3377 1280 255 2755 4566 3780 434 1045 953 3453 2129 1933 2934 3545 1103 4433 4629 1165 3603 1143 8 3665 454 2954 3643 1067 2508 3567 1827 4327 962 1941 222 3462 4441 1899 4399 2292 2722 4792 622 1039 3539 3122 1196 3696 1335 593 3835 3093
Route 42 : 983 1151 3483 1845 764 3264 1872 3651 4345 1605 4372 4105 2442 4942 1029 132 1782 2632 760 4282 3260 1893 1281 3781 4393 466 3529 1689 2966 43 2407 556 4189 4907 1472 2128 3972 1566 2543 4066 1225 258 4628 3725 227 2727 312 3056 1147 3647 2812 2499 1953 4453 4999 2758
Route 43 : 2306 261 4806 599 2761 3099 2169 4669 1447 1234 3734 1354 3947 3854 1652 2256 4152 589 3089 2324 4756 1487 4824 2242 4742 3987 1191 1741 3691 4241 822 1940 4440 1977 4477 634 3134 3322 799 1557 1418 3299 4057 433 2933 72 2572 245 3918 1541 1454 3954 2745 4041
Route 44 : 326 2826 85 798 2585 1986 3298 1854 1960 4486 1638 4460 1734 4234 4138 2285 2495 4995 4785 2204 4704 1260 1727 490 2410 3760 2990 4910 2181 4227 1849 4681 353 4354 4349 834 2853 1981 37 4481 1328 2537 1914 3334 3828 1155 4414 3655 1812 472 4312 1195 3695 2972
Route 45 : 1673 1374 4173 3874 910 1715 3410 4215 2331 1776 4276 2101 4831 682 4601 3182 1760 2268 4768 1445 4260 3945 1958 1650 4458 236 2736 862 4150 2277 3362 1172 4777 3672 778 1695 3278 4195 28 1439 1187 2528 3687 3939 1856 2380 4356 1349 4880 1255 658 3755 692 3158 3192 3849 233 2733
Route 46 : 1064 2477 4977 99 632 2599 160 2660 3132 933 1053 3564 3553 2212 4712 1662 3433 286 2317 4162 4817 757 967 3257 1803 3467 2423 4923 2117 4617 2786 1310 4303 1600 2417 3810 4100 708 3208 1824 4324 1410 3910 4917 890 2 92 2502 1847 3390 1895 2592 954 4395 4347 573 3073 1353 3454 3853
Route 47 : 1867 668 3168 4367 2161 1003 578 4661 3078 2150 1686 4650 2036 4186 1965 4465 4536 3503 2109 2127 360 1035 2860 1710 4627 1543 4210 4043 2012 2149 4512 4649 761 4609 3261 1740 4240 21 882 2521 7 2507 3382 149 561 2649 180 2680 1242 469 2969 3742 3061 676 1809 3176 1104 3535 4309 3604
Route 48 : 147 364 2647 504 3004 1154 2864 2175 3654 4675 508 348 3008 452 1909 2848 2952 164 1063 2664 123 3563 1419 4409 3919 921 1453 2351 779 3953 2623 3421 623 3279 665 3123 3165 1107 1383 4851 3607 2316 3883 742 1692 3242 423 4192 2427 4816 4927 2923
Route 49 : 42 2542 172 2672 1542 4042 1344 1627 3844 1720 296 2796 4220 1503 4003 54 2554 1851 4351 2126 1746 4246 4626 2360 4860 2001 4501 1553 150 4053 2650 1969 4469 2414 4914 620 3120 2341 4127 1533 4841 4033 1691 4191 1085 1099 3585 1934 951 4434 3599 3451
Route 50 : 1747 4247 560 3060 1299 1372 3872 29 1006 3506 1881 2529 4381 875 3375 437 783 3283 2937 1333 1121 3621 3799 571 3071 3833 278 2778 2220 2122 4720 1731 4622 4231 1285 1271 3771 3785
Route 51 : 2354 694 4854 3194 1444 2494 4994 2475 4975 2098 1996 4496 2221 4721 4598 2182 3944 1957 4457 549 4682 3049 929 2278 3429 4778 1983 650 3150 4483 1830 114 1891 4330 4391 355 2614 2855 2464 4964 1332 354 2854 1451 1959 3832 3951 4459
Route 52 : 2131 4631 1882 1994 1632 4494 4132 209 2709 4382 402 1678 4178 2902 2040 899 3399 420 4540 2920 2424 1149 2359 4924 1667 1581 4167 819 4859 4081 1377 2224 4724 1246 3649 1991 3877 3746 4491 1078 392 923 1711 3423 3578 1690 2892 4190 1791 163 4291 3319 395 2663 4211 2195 2895 4695
Route 53 : 1295 1096 744 3244 3795 1926 4426 331 2831 265 3596 1579 2765 1269 3769 1308 932 4079 3808 800 3300 1114 3432 3614 969 384 2884 1056 3556 2162 49 4662 2549 2211 4711 1387 3887 3469 1508 4008 870 2170 3370 2019 4519 784 3284 837 1309 3809 4670 3337
Route 54 : 740 477 1671 3240 4171 2338 2977 4838 2276 4776 917 1618 4118 3417 120 1375 2366 3875 2620 2201 1050 2095 4595 4866 4701 480 1484 3550 2980 3984 193 1890 1590 4390 2693 2391 4090 1068 2236 4891 673 847 3173 1578 3568 4736 3347 4078 1200 2133 457 1156 3656 2957 475 4633 2975 3700 1126 3626
Route 55 : 1774 980 4274 3480 501 2146 3001 1416 3916 4646 2309 4809 1259 1314 1506 2118 3759 3814 1843 4618 4343 368 1334 3834 4006 2468 4968 2868 584 3084 755 3255 1273 3773 736 1970 2289 4470 2076 3236 1804 4789 4576 4304 600 314 2814 3100 557 1572 3057 4072 1916 75 4416 842 3342 2575
Route 56 : 106 100 2606 2159 2600 4659 1754 1674 4254 2136 4174 883 4636 3383 722 485 2985 3222 125 394 843 2625 2894 3343 108 1664 2371 2608 1624 4871 4164 2200 4700 815 2493 4993 4124 3315 1042 903 2188 3542 4688 1213 3403 3713 1887 12 497 2512 2191 4387 2997 516 4691 3016
Route 57 : 1672 1844 814 4344 4172 2219 3314 2245 4719 1729 4745 4229 1894 4394 1018 902 3518 1797 1054 4297 3554 473 1463 2973 2148 2115 3963 4615 3402 4648 2008 1461 602 4508 507 3961 459 3102 2959 3007 23 1561 2523 1401 4061 142 2642 115 1459 704 3204 358 3959 3901 2077 2858 2615 527 3027 4577
Route 58 : 2230 2144 4730 4644 727 2240 1049 10 3227 4740 2510 586 3549 546 3046 3086 1801 174 4301 869 1875 1706 4375 4206 3369 2674 2412 555 2025 4912 3055 4525 1290 2395 570 3790 4895 1716 1510 3070 157 2657 4216 4010 1862 243 2743 4362 1945 4445 461 1316 868 3368 3816 2961
Route 59 : 1199 1119 2490 1177 4990 3677 168 3699 2668 2299 3619 4799 131 2250 4750 592 2631 944 3444 1569 3092 1069 4069 3569 1952 1279 4452 2030 499 3779 2999 4530 772 880 3380 1497 3272 3997 1905 4405 3 79 2503 110 2610 2579 1796 2262 1361 4762 3861 4296
Route 60 : 141 2641 1411 135 3911 2635 1060 1162 324 3560 1563 4063 1622 4122 2249 4749 3662 2334 205 2705 4834 1565 4065 995 1640 88 3495 4140 2824 2588 1436 3936 1427 3927 530 2186 3030 4686 1961 566 4461 3066 1166 2009 1522 3666 4022 256 2265 4509 109 2756 4765 564 2609 1547 4047 3064
Route 61 : 2332 4832 2247 1057 4747 1831 4331 3557 1381 3881 2476 2051 4976 841 4551 3341 1228 1111 3728 3611 987 65 3487 2565 759 1351 3259 1433 3851 2163 3933 719 4663 3219 807 723 1145 3223 3307 272 2772 618 3645 879 3118 137 98 2637 3379 429 626 2598 3126 2929 206 2706 192 2692
Route 62 : 826 317 3326 2817 532 1538 1665 1117 3032 674 4038 376 2876 3174 4165 1171 541 3671 633 3617 3041 1394 3133 1193 3894 2451 3693 1683 2172 4183 1751 4251 478 4951 2978 4672 1919 4419 455 1888 1676 2955 4176 4388 40 894 2540 1524 191 3394 4024 154 2691 1317 2654 3817
Route 63 : 1140 2352 3640 1343 958 4852 1432 1219 3458 617 3932 3843 1808 3719 138 4308 2434 2638 756 4934 1869 3117 2202 4369 4702 3256 548 1544 4044 3048 297 533 2797 181 3033 465 2965 2681 366 1700 695 4200 2866 1420 3195 1728 3920 143 2643 4228 367 2867 1936 4436
Route 64 : 1043 3543 407 2037 2428 2907 1927 4928 820 4427 1277 3320 3777 2134 1417 4634 1517 3917 1702 4017 4202 2472 1109 4972 212 3609 1362 2712 219 2719 3862 69 1315 4537 2569 3815 2471 605 4971 373 3105 2016 2873 4516 1082 1470 3970 3582
Route 65 : 1832 4332 1194 886 1379 215 1446 1815 2715 3946 3694 3386 4315 15 3879 81 2515 2581 1822 1249 4322 2450 1537 4950 4037 2038 506 796 3006 391 3749 3296 1330 2891 1501 1323 4538 3823 4001 680 1611 3180 4111 1066 3830 3566 1859 307 2807 2078 974 3474 4578 1284 1619 3784 809 4359 4119 1737 4237 3309
Route 66 : 398 2246 4746 591 3091 2898 1811 2070 4311 1861 4361 4570 155 690 3190 90 2655 2099 1918 4418 2590 2235 1648 4599 1296 4148 1367 3796 3867 1625 2041 4541 4125 4735 1091 3591 2420 104 2604 4920 1823 988 4323 3488 2033 2125 2457 4533 4625 1127 4957 3627 2112 4612 858 1874 3358 627 3127 4374
Route 67 : 1906 1178 3678 1028 3528 2153 4406 4653 1341 927 3427 3841 1794 4294 2302 211 4802 2711 144 2644 1142 247 1008 2747 2130 3508 514 3014 76 3642 1790 4630 2576 1670 4290 87 4170 1431 2587 752 3931 3252 1608 56 4108 1761 4261 603 2556 849 2437 3349 2229 3103 738 3238 4937 4729
Route 68 : 1623 1908 648 4123 4408 1102 3602 1787 4287 3148 940 924 3440 3424 614 2238 1634 3114 350 2850 4738 749 4134 972 926 3472 3249 3426 1263 709 3763 1571 4071 3209 949 1701 2210 766 4710 863 669 3449 656 3363 3169 3156 4201 1998 1602 851 3266 4102 4498 3351 2005 4505 2043 861 4543 3361
Route 69 : 930 382 580 2882 3080 2004 3430 1550 2337 4504 4050 294 2794 1943 2486 4443 270 4986 4837 1306 2770 66 2566 3806 1781 13 1339 4281 357 2513 41 2541 1548 4048 558 2034 3058 3839 4534 1112 1476 2857 3612 3976 805 1227 3727 3305 2114 2165 4665 4614 1756 2168 495 2995 4256 4668
Route 70 : 792 733 2057 3292 2049 4557 1766 4549 731 4266 3233 2032 4532 1725 3231 1719 1300 3800 425 4219 4225 2239 4739 2011 638 3138 2925 1009 3509 1555 47 4055 4511 97 1266 2547 2597 1753 4253 491 3766 389 2991 2399 4899 2889 1092 1910 2347 3592 4410 6 1780 320 2506 4280 4847 652 3152 2820
Route 71 : 2422 401 2241 4741 2901 4922 2031 416 2916 2254 4531 1480 2251 4751 4754 34 2534 305 3980 1788 2805 4288 1717 1327 3827 4217 737 978 1573 3478 4073 1175 3237 3675 334 1448 771 3948 1932 2834 1011 1660 4432 1357 3857 3511 182 2682 1880 4160 4380 2448 4948 3271 1835 4335
Route 72 : 188 1113 2688 1642 251 3613 2751 333 1034 2833 2466 3534 4142 2056 4966 4556 1396 378 3896 1122 2878 1198 3622 1033 3698 711 3533 934 3434 1004 3211 2286 2375 4875 3504 111 4786 1123 2611 2323 4823 3623 325 2398 4898 920 3420 2255 4755 94 2825 2594 2080 1865 4365 4580
Route 73 : 1275 1637 1615 3775 588 3088 1376 4115 3876 681 3181 194 685 3185 2694 328 2828 4137 351 449 1818 2851 4318 2949 1211 289 3711 782 3282 2789 2367 642 3142 4867 282 2782 687 3187 2436 471 4936 2971 1434 3934 1428 653 3153 726 3928 1904 3226 196 2696 4404
Route 74 : 436 693 2936 3193 202 415 269 2702 2769 1124 2915 3624 2291 2138 4791 4638 664 1562 3164 4062 2234 4734 645 1425 3925 267 2767 2152 3145 4652 990 1705 2000 4205 4500 3490 1743 1773 4273 912 3412 2003 4243 1668 4168 4503 2287 4787 2222 4722
Route 75 : 2072 4572 739 1612 3239 999 3499 271 4112 2771 1876 741 2357 3241 4376 662 4857 1677 4177 785 596 3096 3162 3285 2196 1995 4696 543 4495 127 2627 1817 3043 1093 4317 1469 3969 3593 554 3054 1135 2266 3635 291 4766 35 1409 2535 2791 2327 3909 1478 4827 525 3978 3025
Route 76 : 1208 2283 3708 1088 3588 1129 3629 1684 4184 4783 1721 1659 4221 2151 4159 577 4651 3077 1080 963 3580 2226 3463 4726 1594 2400 4900 17 4094 2237 2517 1559 547 1337 2079 4737 4579 1723 3837 624 128 3047 3124 4223 4059 2628 246 551 2746 313 2813 1870 3051 802 4370 3302
Route 77 : 46 2546 379 1626 2879 1389 4126 1231 3731 1810 3889 4310 2438 4938 1885 139 4385 2379 4879 2100 4600 1408 2639 3908 767 492 3267 1386 3886 2992 598 1999 4499 3098 1475 3975 427 572 2497 2927 3072 2433 2061 4933 388 2888 616 3116 4997 2307 4561 1303 3803 4807
Route 78 : 250 1404 3904 2142 4642 2750 604 3104 207 509 2707 3009 994 1669 4169 1767 2206 4267 3494 4706 1713 1971 1839 4471 1250 1283 3750 3783 2415 4213 552 2065 1062 4915 3052 4339 4565 1643 2184 2425 3562 750 4143 568 1052 4925 3552 3250 4684 158 435 2658 3068 2935 1655 2320 4155 4820 1245 3745
Route 79 : 1509 2020 4009 1733 4520 608 4233 3108 1358 171 1134 3858 386 1568 3634 2886 4068 2394 4894 2500 979 2671 2296 4796 96 5000 3479 1292 2596 3792 2290 4790 961 790 3461 3290 1966 2055 916 4466 816 3416 968 3316 2432 4555 3468 2474 4932 2365 4865 2459 4959 4974 1863 971 4363 3471
Route 80 : 2164 1100 3600 4664 2252 1360 3860 4752 1390 1798 2350 3890 1535 4850 1732 4298 4232 832 3332 4035 1685 2111 4611 4185 908 370 986 3408 3486 1415 3915 287 2787 1021 2870 3521 2284 1230 4784 3730 2228 2473 4973 4728 74 371 1645 4145 2574 173 2673 2871 1583 1842 4083 4342 237 2737
Route 81 : 417 1031 2917 1494 3994 3531 1442 3942 2145 4645 1654 4154 663 86 2586 2491 4991 2458 3163 810 4958 3310 1128 1403 1609 3903 421 2921 4109 3628 1499 3999
Route 82 : 126 1770 4270 2626 1201 1237 3701 582 1866 3737 1820 260 3082 4366 2760 2045 4320 4545 2213 4713 1443 3943 1247 3747 700 3200 2441 2485 4985 4941 1593 4093 2199 4699 430 2930 1647 2460 4147 1807 4960 4307
Route 83 : 187 1329 2687 788 3829 263 3288 2763 1388 655 3888 671 3155 684 3171 1556 3184 2047 4547 4056 330 2830 1076 3576 2431 1592 4092 2174 4674 482 2982 1956 4456 1101 4931 3601 107 1055 2607 2403 3555 494 2994 4903 327 1097 2827 3597 610 3110 2185 31 1023 2531 1397 4685 3897 3523
Route 84 : 422 224 2724 1265 2922 3765 383 1763 2883 1864 4364 644 3144 2124 4263 1364 4624 721 1268 3768 1217 3221 3717 943 955 720 3864 3455 426 3220 221 2926 2721 1633 4133 1312 3812 1243 1707 3443 2421 4207 1968 4468 1558 4921 3743 4058 1984 2368 1141 4484 3641 1577 4077 2452 540 4952 3040 4868
Route 85 : 1980 1083 4480 3583 235 1174 3674 2735 850 283 1016 3350 3516 702 2783 2385 3202 175 4885 62 2675 2562 356 2068 4568 2856 909 83 3409 2583 1192 939 3692 1709 3439 1629 1132 4129 537 3632 3037 335 1467 4209 839 984 2835 3484 3967 3339 2007 715 4507 3215
Route 86 : 1819 306 1153 2806 2093 3653 4593 4319 301 1564 4064 338 2838 544 3044 2801 1993 4493 332 2013 26 4513 1826 2526 2832 2487 4326 479 4987 2979 186 2686 223 2018 2723 91 4518 2123 4623 975 2591 329 3475 2829 1024 948 1027 185 3527 3524 3448 522 3022 659 2685 3159
Route 87 : 931 3431 881 3381 1915 4415 503 1324 483 3824 2983 3003 1204 3704 1769 4269 2469 4969 1190 1651 4151 3690 2339 60 4839 264 2764 524 3024 1979 510 3010 4479 1736 1212 3712 970 2560 4236 1744 3470 4244 2470 4970 1814 2279 4779 1764 4314 1551 4264 4051
Route 88 : 1512 4012 2086 4586 2121 1877 4621 302 1365 2802 4377 965 1089 3865 190 2690 1591 3465 4091 1393 1628 3893 2319 1580 4080 4819 1486 3986 183 2042 4542 2419 4128 44 4919 2683 118 2618 2544 942 3589 2336 2489 1077 3577 1545 3442 4989 836 4836 4045 3336 1540 732 4040 1896 3232 4396
Route 89 : 1223 19 1785 3723 956 2209 1136 2519 4709 3636 484 1036 1348 4285 2984 3536 3848 1586 2189 3456 4086 794 3294 519 4689 660 3160 3019 1030 1125 387 3530 2887 1338 718 3838 2397 3218 4897 2480 526 3625 3026 793 3293 369 413 2913 1248 4980 2869 3748
Route 90 : 2021 1975 1320 563 4521 58 4475 3063 1488 63 3988 2563 2430 4930 3820 1466 443 2943 2558 714 3966 3214 1949 1964 4464 2295 4449 1239 4795 276 3739 2776 686 2373 1094 3186 3594 2261 4873 428 4761 1224 2928 3724 1951 2449 4451 4949 1988 2488 4988 4488 1371 828 3871 3328 2157 4657 2274 4774
Route 91 : 1582 362 11 2511 1939 2026 2381 2862 1489 1513 4013 4526 4881 3989 4082 4439 728 1829 1718 4218 4329 833 3333 1430 3228 220 3930 2720 397 1892 4392 2897 1492 3992 1604 996 4104 3496 518 3018 82 769 3269 2377 2582 4877 1978 2083 1588 4583 4478 25 2525 2396 4896 4088
Route 92 : 385 140 1693 2640 4193 985 2439 3485 1928 4939 2310 4428 901 4810 3401 214 2714 938 2205 3438 4705 347 2847 2885 2318 1554 4054 2484 4818 595 3095 1931 4984 1853 4431 2272 4772 1768 4353 4268 1696 1131 4196 3631 1215 1511 1750 4250 2275 4775 4011 1745 2344 3715 4245 2160 4660 4844