Instance name:	bar-n2000-4
Authors:		Carlo Sartori and Luciana Buriol
Date:			2019-2-11
Reference:		A matheuristic approach to the PDPTW (to be submitted)
Solution
Route 1 : 292 1292 359 888 1359 479 518 1888 1479 531 682 1531 185 1682 5 1518 233 1233 465 1185 1465 1005 202 238 11 1202 1011 1238
Route 2 : 308 1308 187 528 1528 22 1022 1187 763 774 1763 721 363 186 1363 1721 1774 230 1230 1186 416 74 2 1074 459 1002 1416 563 1459 1563
Route 3 : 716 156 454 403 1716 1454 1156 346 1403 1346 159 254 243 1254 1243 1159 512 391 89 1512 417 1417 1391 1089 151 511 139 1511 1139 789 1789 1151
Route 4 : 596 583 706 1596 1583 1706 507 62 1507 693 1062 142 1142 1693 174 223 276 1276 1223 593 366 1174 1593 1366
Route 5 : 323 486 651 105 71 1323 166 1651 1166 1105 1486 745 435 729 1729 1435 115 1745 720 1115 367 1367 603 1603 501 1071 33 1501 1720 1033
Route 6 : 9 909 1009 154 149 1909 1149 1154 120 813 1120 1813 55 328 13 659 1659 620 1055 1328 1013 555 1620 1555 711 444 250 1711 1444 1250
Route 7 : 904 825 508 811 1904 280 1811 1280 303 1508 1825 1303 282 234 1282 744 631 340 1744 571 1631 1234 408 1340 1408 1571
Route 8 : 204 522 1522 144 692 1144 316 1204 1692 836 1316 339 1836 1339 438 817 776 1776 1817 1438 207 1207
Route 9 : 73 248 537 1073 160 601 1601 845 1248 1537 1160 833 1845 628 1833 176 169 1176 1628 1169 791 167 183 1791 1167 1183 260 56 1056 1260
Route 10 : 293 519 265 401 1265 386 1519 1293 158 1158 1386 1401 210 99 1210 787 630 1099 869 1630 487 1869 1487 1787 948 214 984 1984 1214 1948
Route 11 : 627 667 1627 862 1667 1862 879 80 1080 1879 632 768 672 1768 1632 1672 172 118 1118 539 762 1172 82 1539 1762 1082 305 767 112 1112 1767 1305
Route 12 : 330 472 896 1330 1896 1472 613 616 117 880 1613 1117 1616 644 241 1880 877 1241 1644 1877 797 542 107 1542 1797 738 1107 281 1281 1738
Route 13 : 684 753 440 1753 1684 678 1440 1678 110 106 540 626 1106 1540 708 1626 1110 889 1708 26 100 1889 610 1026 1610 803 1100 289 1289 1803
Route 14 : 730 538 1538 851 895 1730 532 1851 18 1895 1532 649 1018 1649 17 809 1017 336 1809 43 634 178 1178 1336 675 1634 1043 1675
Route 15 : 558 467 1467 1558 288 747 1288 1747 34 86 1034 934 434 1934 1086 429 381 1434 1429 1381 822 246 1822 1246
Route 16 : 184 1184 856 754 488 1488 1856 273 1754 1273 342 496 400 8 1496 1342 502 1008 1400 1502 75 821 372 1821 1372 1075
Route 17 : 999 758 1758 802 1802 420 1999 908 1908 728 1420 418 225 1728 1418 329 916 1916 556 1225 1329 543 1556 216 1543 1216
Route 18 : 373 441 227 1373 775 1441 114 1227 1114 1775 778 345 1345 1778 376 566 1376 843 906 1566 412 1412 1906 884 1884 1843 356 1356
Route 19 : 850 890 1850 27 986 1986 679 1890 1027 1679 262 326 1262 1326 547 624 1547 1624 584 771 818 1584 1771 741 1818 1741
Route 20 : 707 614 1707 480 1480 355 655 1614 883 1655 1355 1883 364 1364 291 552 1291 695 1552 1695 834 922 576 1834 920 1922 855 1855 1920 1576
Route 21 : 21 341 1021 318 1341 476 348 1348 1318 752 1752 827 215 130 1476 1827 67 247 1215 380 270 1067 595 1380 928 1247 1270 1928 1595 800 1130 1800
Route 22 : 461 685 1685 657 588 1461 1588 181 799 1799 1657 1181 782 51 828 1782 150 1828 1051 1150 929 1929 871 25 1871 232 1025 1232 437 1437
Route 23 : 947 840 1840 978 1947 478 79 1478 383 1978 1383 867 102 1079 1102 872 1867 674 807 1674 732 1872 930 1732 1807 1930
Route 24 : 122 332 193 607 1122 1332 1193 718 536 1536 866 1718 133 284 1133 261 1866 1607 1284 471 1261 180 586 1180 460 1586 1460 597 1471 1597
Route 25 : 147 365 1147 231 1365 1231 927 912 218 1927 379 72 1912 943 453 1453 1218 1943 1072 52 513 1052 749 1379 905 1749 1513 1905
Route 26 : 652 887 1887 876 1652 719 1876 1719 835 736 1736 750 1750 1835 28 1028 751 503 320 1320 1503 1751 662 83 526 1526 1662 1083
Route 27 : 283 334 1283 259 727 1334 1259 134 1727 1134 523 557 1523 1557 396 485 432 1485 1396 587 520 559 1520 1587 410 1559 1410 1432
Route 28 : 804 6 1006 45 969 1045 1804 944 1969 931 1931 493 392 795 1392 1944 514 1514 1493 208 1795 161 4 1208 1161 1004 839 1839
Route 29 : 713 701 1713 945 1701 826 304 424 1826 76 1424 466 1076 1304 31 1945 1466 351 1031 913 805 1351 111 1805 1913 70 1111 1070
Route 30 : 755 561 569 1569 832 449 946 1561 1449 1832 914 445 1445 406 1946 1406 1914 530 510 1755 699 907 1510 911 1699 1907 1530 668 1668 1911
Route 31 : 264 121 546 798 1264 1121 1546 1798 219 16 698 124 1219 390 1698 1016 918 1124 900 1390 815 1918 309 333 1900 1815 1333 516 1309 1516
Route 32 : 170 766 1766 1170 422 723 1723 687 1422 263 1263 221 69 564 1564 1687 1069 94 1221 612 1094 1612 224 101 1101 1224
Route 33 : 643 104 1104 498 650 1498 337 1643 863 1337 456 1863 951 1650 338 135 1135 1951 1456 1338 252 421 228 517 1421 897 1517 1252 1228 1897
Route 34 : 492 739 608 1608 213 1739 859 700 1213 179 1859 1492 673 1673 1700 377 143 1377 1179 942 1143 953 1953 1942 229 103 1229 211 1211 1103
Route 35 : 474 670 515 1670 1515 1474 311 891 1311 198 113 1198 347 722 704 1347 1722 1891 858 1113 955 932 1955 1932 1858 1704
Route 36 : 533 535 473 484 1535 1473 1484 853 1533 509 242 1853 443 1509 1242 956 735 1443 1735 1956 919 860 1919 688 464 1688 1860 1464
Route 37 : 777 256 746 1777 455 954 1746 1954 1455 529 1256 589 206 257 1529 272 1589 957 1272 1257 1206 402 1957 92 1402 1092
Route 38 : 882 220 78 793 1882 1220 1793 958 796 1078 1958 389 405 1796 1405 368 1389 321 1321 599 1599 1368 952 237 1237 792 525 1952 1792 1525
Route 39 : 477 781 463 1781 1477 388 892 1388 1463 1892 785 469 1469 349 295 1785 137 1349 446 1295 1137 959 1446 680 1680 1959
Route 40 : 370 962 938 1938 65 1962 1370 779 1065 551 44 1551 1779 1044 808 212 1808 335 302 15 1302 1212 1335 1015 910 842 275 1275 1842 165 1910 1165
Route 41 : 482 136 1482 977 1136 1977 168 963 1963 1168 81 197 820 10 1010 426 1820 1081 1197 1426 893 683 1893 1683
Route 42 : 742 829 1829 961 1742 964 1964 806 1961 468 1468 60 1806 1060 874 87 1874 1087 415 352 686 146 411 1415 1686 1352 1146 1411
Route 43 : 287 41 1287 268 500 1268 769 1041 1769 163 1500 794 1163 24 816 1816 1024 1794 717 646 1717 1646 965 935 1965 553 266 1935 1553 1266
Route 44 : 423 258 331 1423 1258 1331 565 726 1726 875 1565 64 483 1064 527 1875 1527 1483 968 903 1903 848 1848 1968
Route 45 : 846 567 638 1846 941 1638 267 1941 1567 705 1267 279 350 1350 1705 1279 740 378 1740 491 1491 1378 63 290 1290 398 949 1398 1063 1949
Route 46 : 637 998 53 625 1625 1637 870 1998 1870 1053 439 602 1602 582 868 1439 93 971 1093 382 665 1665 1868 1582 1971 1382 725 1725
Route 47 : 451 173 190 1190 1173 269 1451 1269 245 108 362 1245 973 317 1973 633 1362 1633 1317 1108 534 49 374 1374 1534 1049
Route 48 : 419 306 32 1306 1419 974 1032 590 1590 598 236 710 1598 66 1710 1236 274 1274 1066 395 541 192 1192 702 1395 1541 205 1702 1205 1974
Route 49 : 712 54 786 1712 59 1786 1054 780 1059 864 1780 577 1864 1577 975 1975 442 39 580 1039 568 1580 131 399 1442 756 1568 1399 1131 1756
Route 50 : 578 95 506 271 1506 1578 648 1648 452 606 1271 1095 976 1452 1606 921 1976 970 1921 327 1327 1970 878 550 1878 1550 312 1312
Route 51 : 617 622 88 1622 285 251 1617 1088 240 611 1611 1240 1285 203 1251 656 299 1203 360 1299 191 1360 899 1899 278 1656 886 1191 585 1278 1886 1585
Route 52 : 783 226 548 1783 30 1548 995 1226 1030 605 123 222 1995 1605 1123 310 1222 393 1393 200 489 1310 592 152 1200 1152 1489 177 1177 1592
Route 53 : 658 436 669 1658 544 1436 1544 1669 703 524 97 1703 1097 1524 128 497 979 1497 1128 414 1979 481 1481 384 636 1414 1384 1636
Route 54 : 145 358 1358 940 1145 96 199 1096 1940 760 1199 1760 239 319 162 1239 249 1162 1319 980 1980 201 554 1249 1201 394 1554 1394
Route 55 : 375 1375 40 325 427 1325 981 1427 1981 425 841 77 1040 195 1077 1841 709 1195 1709 983 1425 313 1983 189 600 1189 1313 1600
Route 56 : 294 1294 68 129 734 354 1068 1354 175 629 1175 1734 1629 819 1129 1819 609 244 801 344 1244 1344 1801 549 1 1609 691 1549 1691 1001
Route 57 : 153 155 1155 1153 20 1020 23 1023 838 298 581 1581 1838 301 915 1298 574 1915 1574 1301 985 894 1985 615 235 1615 1235 1894
Route 58 : 253 939 1939 898 1253 1898 109 430 1109 1430 458 689 1458 560 1560 475 132 1475 1689 788 1132 733 1788 1733
Route 59 : 19 987 992 715 1019 1715 1987 1992 810 1810 743 450 1450 141 1743 676 770 814 1770 831 1141 1676 1814 1831
Route 60 : 50 604 1050 847 1604 988 1847 917 773 1988 677 1773 1917 1677 90 663 731 1090 1731 385 1663 724 14 1014 1724 661 1385 409 1661 1409
Route 61 : 671 573 1671 641 812 1641 881 1573 1812 972 1881 140 42 1140 623 694 1623 1694 1972 127 1042 307 126 1127 1126 1307 989 1989
Route 62 : 594 495 1495 901 1594 991 1991 854 852 188 1852 1854 1901 857 1188 950 1950 433 1433 397 1397 296 1857 1296
Route 63 : 361 1361 591 182 1182 447 1591 57 171 1057 737 1737 1171 1447 936 885 1885 873 35 1035 1936 635 1635 119 1119 1873
Route 64 : 1000 37 2000 865 1037 618 1865 823 1618 499 521 1499 1521 696 1823 1696 849 902 993 369 1902 1849 1369 960 1993 58 1058 1960
Route 65 : 353 759 36 1353 1036 575 12 1575 1759 640 1012 407 504 1504 1640 7 1407 653 404 1404 1007 937 545 994 1653 1545 1937 1994 681 1681
Route 66 : 314 690 619 1314 428 1690 277 1428 505 1505 457 1619 1277 91 47 1047 470 1091 1457 765 85 1765 664 1085 1664 1470 579 1579
Route 67 : 966 116 1116 844 996 1844 1966 830 1996 1830 697 61 1061 660 343 1697 925 1343 837 1837 570 1660 1570 1925
Route 68 : 997 462 431 1462 48 38 1431 1048 494 138 1997 1138 255 194 1194 1255 1494 29 84 1029 413 1084 748 1038 757 1413 196 1196 1748 1757
Route 69 : 448 164 1448 654 1164 923 1654 784 666 1784 642 1666 300 1923 1300 639 1642 217 1217 1639 98 645 1645 982 1098 371 1982 209 1371 1209
Route 70 : 387 315 1387 621 933 926 1315 1933 1621 572 824 357 46 1926 1824 1046 1357 1572 790 764 1790 967 924 125 1924 1764 1967 1125
Route 71 : 761 861 322 157 1322 1861 1157 1761 324 3 1324 990 1003 714 1990 1714 562 490 1562 297 772 1490 1297 647 1772 286 1286 148 1647 1148
