Instance name : bar-n1000-5
Authors : Alexander Yuskov (a.yuskov@g.nsu.ru), Igor Kulachenko (ink@math.nsc.ru), Yury Kochetov, Igor Vasilyev, Zhangdong, Chenjuan, Huanghaohan, Wanglongfei
Date : 28.05.2025
Reference : HGIM
Solution
Route 1 : 200 213 713 700 161 58 661 478 558 156 978 182 656 25 682 206 525 247 706 747 26 526 288 394 894 227 788 7 494 727 994 38 507 538
Route 2 : 374 197 151 651 215 697 715 416 379 874 879 55 916 165 555 11 223 665 267 511 486 202 702 723 122 313 767 813 412 622 912 23 986 181 681 106 523 73 606 573
Route 3 : 493 993 76 315 327 296 576 827 256 815 241 337 796 837 741 148 348 437 848 96 756 596 40 540 648 937 306 56 344 806 286 556 786 844 84 410 584 48 910 221 548 325 825 721 368 868
Route 4 : 139 411 98 911 639 111 611 391 434 598 934 891 441 292 280 792 941 242 780 742 477 404 121 492 992 904 175 621 675 977 356 498 2 856 502 303 998 87 803 587
Route 5 : 329 238 829 383 490 738 319 819 372 883 445 990 872 334 162 662 834 390 945 83 890 172 102 583 602 1 672 316 501 460 960 335 816 835 395 160 132 895 369 632 869 660
Route 6 : 134 634 392 208 708 119 619 285 375 892 136 422 922 463 636 875 28 785 77 429 963 929 528 304 125 455 577 625 424 955 804 54 193 693 554 924 51 362 191 551 691 862
Route 7 : 16 300 800 15 516 298 798 402 63 902 515 563 141 79 150 579 31 22 522 641 496 650 531 413 301 996 801 90 590 913 70 290 47 570 385 547 790 497 885 997
Route 8 : 168 116 668 426 616 295 485 985 795 178 678 361 926 243 234 861 371 3 734 871 503 130 297 630 743 797 14 487 514 179 987 435 135 240 679 935 635 101 601 740
Route 9 : 174 294 674 382 259 882 248 759 464 748 794 6 456 964 341 841 956 495 506 995 46 377 546 409 909 260 760 440 940 442 877 457 942 173 673 957
Route 10 : 333 833 216 716 393 386 893 400 311 900 317 817 253 753 811 886 500 95 595 42 1000 218 718 420 542 451 951 233 920 733 225 482 725 982 24 399 524 899
Route 11 : 109 249 749 43 609 357 543 68 220 857 154 568 133 654 720 406 633 127 354 627 387 854 12 906 887 367 512 389 867 81 581 199 252 699 149 158 889 44 658 53 752 544 129 649 553 629
Route 12 : 384 330 884 211 345 830 198 845 711 474 974 97 698 86 597 239 739 147 275 271 775 177 586 647 36 771 204 704 13 536 677 466 966 363 513 863
Route 13 : 266 82 431 582 766 931 21 71 521 571 446 120 436 620 144 946 146 644 936 450 104 646 950 67 567 366 604 336 866 236 396 836 310 736 896 388 810 888
Route 14 : 159 276 417 776 114 659 917 194 137 637 423 614 923 694 88 166 588 91 187 591 273 407 907 318 687 281 773 666 430 781 195 818 930 403 66 695 284 903 489 989 784 287 52 566 552 787
Route 15 : 473 401 973 901 94 74 594 428 574 293 217 302 793 717 190 690 928 85 439 802 939 171 212 585 17 712 671 244 744 475 975 517 32 153 532 189 653 9 509 381 689 201 701 881
Route 16 : 105 170 499 670 605 408 999 908 365 110 865 610 65 33 452 565 533 952 228 448 728 155 948 349 849 360 279 860 131 779 631 655
Route 17 : 476 484 976 226 308 808 984 27 726 444 527 944 203 449 703 419 949 269 232 732 769 468 968 339 839 185 919 685 443 347 89 589 184 847 10 943 684 510
Route 18 : 255 373 282 873 755 140 124 624 4 504 782 640 274 326 774 343 826 332 843 123 34 623 438 832 278 169 534 421 921 938 103 669 603 778 488 265 988 258 765 92 758 592
Route 19 : 186 93 686 346 846 19 593 261 519 761 29 312 812 529 100 5 600 314 814 505 64 405 564 483 905 268 768 459 983 959 222 61 235 735 561 307 807 722
Route 20 : 469 59 969 18 518 35 535 559 49 219 719 180 549 680 461 138 470 638 970 359 37 961 859 39 537 209 709 454 954 539 69 210 569 710
Route 21 : 328 828 342 432 932 480 246 842 264 980 746 415 164 915 183 664 491 157 683 352 657 479 979 991 764 427 115 615 852 224 41 927 541 355 207 707 855 724 128 163 663 628
Route 22 : 462 962 62 364 108 562 864 230 380 730 608 112 340 612 283 880 840 229 783 418 918 126 626 729 262 331 831 425 321 762 272 925 324 772 322 821 320 192 824 822 820 692
Route 23 : 277 113 453 613 953 777 145 75 645 376 575 876 414 72 205 914 572 142 705 117 642 338 8 617 838 57 557 250 750 508 152 143 652 254 305 805 643 45 754 378 545 878
Route 24 : 467 270 967 472 770 972 263 350 850 196 763 696 78 578 231 214 289 789 714 351 731 291 851 237 791 358 737 107 858 397 607 30 447 530 20 947 458 520 958 897
Route 25 : 398 433 323 898 823 299 933 118 799 167 370 667 481 870 188 471 981 618 971 688 80 251 99 580 309 599 809 751 465 965 257 353 176 853 245 757 50 550 676 745 60 560
