Instance name : bar-n1500-5
Authors : Simen T. Vadseth, Henrik Andersson, Jean-Francois Cordeau and Magnus Stålhane
Date : 10.07.2023
Reference : TBA
Solution
Route	1 :  595 323 1345 279 1029 324 1073 160 1074 471 1221 373 435 910 1123 1185 40 710 584 1334 790 1460
Route	2 :  106 736 1486 669 1419 283 566 1316 856 23 1033 728 25 773 70 775 549 820 1478 1299
Route	3 :  663 212 1413 962 334 468 1084 490 1218 245 528 1278 403 1240 995 169 1153 54 919 804
Route	4 :  105 621 1371 855 80 432 830 30 780 337 1182 309 1087 85 1059 231 835 377 981 1127
Route	5 :  254 260 618 587 1004 717 1337 1368 1010 103 697 853 1467 339 1447 682 138 1432 1089 276 888 1026
Route	6 :  211 531 702 1281 961 1452 181 57 47 931 797 261 89 1011 839 389 807 502 1139 1252
Route	7 :  2 752 1 613 1363 564 455 751 459 520 1314 1270 1205 1209 10 704 1454 760
Route	8 :  536 571 1286 27 580 1321 1330 46 796 777 312 131 1062 217 967 881 361 164 914 1111
Route	9 :  429 660 34 784 1410 296 1179 98 1046 170 848 920 686 608 1436 1358
Route	10 :  140 162 890 671 1421 195 81 945 221 912 658 971 243 831 673 993 600 1350 508 1408 1258 1423
Route	11 :  263 442 505 1192 1255 235 1013 382 83 1132 985 136 497 833 406 1156 258 886 548 1247 412 1162 1008 272 1298 1022
Route	12 :  606 554 1304 6 756 320 715 1070 1465 1356 384 327 1077 250 1134 1000 662 440 1412 1190
Route	13 :  434 28 778 1184 152 902 78 623 1373 532 219 166 969 828 149 1282 916 612 1362 899
Route	14 :  71 110 821 147 860 269 897 706 1019 378 1128 65 815 282 1456 19 769 552 1032 1302
Route	15 :  146 48 896 189 939 500 746 798 173 1496 315 744 1250 1494 923 1065 300 281 1031 112 862 1050
Route	16 :  340 424 625 1375 363 1174 1090 642 1392 553 187 1303 111 314 1064 522 937 861 1272 322 1113 1072
Route	17 :  484 64 814 1234 585 1335 176 579 541 926 326 1329 407 1076 1291 1157 266 1016
Route	18 :  72 325 822 268 1018 431 137 1075 887 226 7 1181 757 182 976 534 102 1284 852 163 932 913
Route	19 :  154 734 1484 583 904 142 1333 366 892 194 475 1116 639 387 1225 944 1137 749 1389 253 1499 1003
Route	20 :  667 467 200 1217 17 950 190 940 1417 767 237 338 458 1088 561 987 653 1311 1208 634 1384 1403
Route	21 :  396 714 1146 265 1015 628 1378 616 1464 1366 652 439 311 1402 1189 1061 560 77 1310 827
Route	22 :  304 1054 96 171 565 846 485 921 301 1051 1315 444 1235 415 1165 1194
Route	23 :  748 333 213 1498 1083 963 93 538 843 345 1288 356 476 1106 1095 246 144 996 894 1226
Route	24 :  371 115 865 1121 82 684 45 1434 495 1245 832 303 611 795 1053 674 1424 321 1361 1071
Route	25 :  280 573 1030 310 1323 297 368 1047 646 1396 1060 148 898 369 130 1119 1118 617 880 1367
Route	26 :  651 1401 247 267 997 713 1017 724 1463 655 18 1474 157 479 1405 244 907 1229 994 768
Route	27 :  233 87 983 391 837 132 469 882 743 1219 1141 488 1493 1238 13 558 1308 763
Route	28 :  251 404 1154 416 1001 168 1166 622 542 1292 248 998 1372 918 386 420 1136 289 1170 716 1039 100 850 1466
Route	29 :  465 494 422 1244 1215 473 1223 1172 165 55 805 730 915 1480 630 308 1380 1058
Route	30 :  155 905 581 344 1331 1094 559 445 1309 546 9 349 759 202 1296 952 1099 1195
Route	31 :  470 607 1220 350 1100 610 101 1357 851 299 1360 701 1049 1451 685 562 1312 1435
Route	32 :  654 731 332 1481 114 1404 1082 864 668 145 895 185 1418 184 934 666 1416 935
Route	33 :  688 593 380 454 1438 1343 1204 605 1130 42 792 1355 720 16 1470 438 766 229 286 1188 228 1036 978 979
Route	34 :  341 126 640 876 347 1091 1390 188 938 719 1097 294 1469 290 482 1044 1040 1232
Route	35 :  56 632 1382 721 806 509 1471 477 675 199 1425 1227 104 1259 854 117 395 949 1145 555 867 1305
Route	36 :  644 4 1394 461 107 857 1211 754 626 68 238 1376 718 988 180 930 1468 818
Route	37 :  262 428 1178 1012 278 740 1028 1490 709 418 293 1459 1168 26 1043 708 1458 776
Route	38 :  125 875 257 336 1007 516 1266 513 215 1086 506 44 965 700 1256 794 1263 1450
Route	39 :  359 1109 196 450 698 1200 537 1448 352 1287 946 507 1102 676 1426 1257 390 649 1399 1140
Route	40 :  116 393 1143 567 866 230 1317 980 498 284 1248 631 1034 43 1381 793
Route	41 :  425 436 1175 525 678 1275 24 1428 408 1186 703 1158 664 1453 774 192 517 1414 1267 329 31 1079 781 942
Route	42 :  529 8 214 964 1279 492 758 729 417 1167 680 1430 22 772 1479 1242 227 526 977 1276
Route	43 :  413 120 693 870 1163 134 722 1472 550 1443 884 1300 317 489 1067 690 1239 481 737 1231 1487 1440
Route	44 :  241 20 292 1042 551 991 770 318 1301 503 1068 691 1253 41 791 1441 741 372 1122 1491
Route	45 :  609 208 958 179 929 641 1391 453 1359 69 1203 478 1228 570 487 819 1320 274 1237 645 1395 1024
Route	46 :  602 426 419 1352 1176 427 1169 133 1177 483 883 178 270 1020 242 992 122 1233 928 575 661 1411 872 1325
Route	47 :  524 207 1274 665 218 968 330 597 1415 629 1347 957 1379 90 1080 37 787 840 376 204 954 1126
Route	48 :  124 563 1313 874 84 73 823 834 225 91 348 975 603 841 21 1353 515 398 1098 771 1148 1265
Route	49 :  696 151 521 1271 574 1446 901 206 1324 193 58 943 572 808 956 365 53 1115 803 637 1322 1387
Route	50 :  156 692 456 1206 313 906 1442 462 1063 367 1212 557 360 1307 677 1117 588 1110 11 1338 514 1427 761 1264
Route	51 :  739 545 1489 201 951 216 50 1295 271 1021 966 474 800 578 1224 379 1328 236 986 1129
Route	52 :  109 400 139 1150 889 635 859 66 1385 36 577 786 816 672 1327 596 1422 727 1346 1477
Route	53 :  679 141 511 1261 1429 15 441 1191 891 765 712 399 1462 1149 52 319 802 1069
Route	54 :  234 342 1092 984 411 694 167 1444 917 1161 249 643 999 1393 540 657 1290 224 974 1407 39 789
Route	55 :  108 256 1006 699 5 385 1135 291 650 858 1449 354 1400 755 504 1041 1254 556 1104 733 1483 1306
Route	56 :  79 153 829 150 900 636 1386 903 74 3 753 307 824 1057
Route	57 :  410 533 1160 191 941 328 1283 499 527 615 1249 1365 1277 591 1078 1341 302 1052
Route	58 :  239 353 1103 240 989 210 990 689 960 172 1439 627 75 1377 535 922 825 316 1066 1285
Route	59 :  466 375 1125 335 1216 539 1085 383 414 1164 1289 123 1133 143 893 331 873 370 1081 1120
Route	60 :  285 592 1035 1342 99 177 264 849 750 437 1014 927 1187 1500 405 480 1155 491 1241 1230
Route	61 :  695 501 725 1251 88 1445 838 29 401 1151 183 1475 779 205 648 955 1398 582 933 1332
Route	62 :  86 305 836 1055 63 738 394 813 1488 409 464 1214 594 1344 1144 1159 659 1409 49 598 799 1348
Route	63 :  94 447 844 1197 287 683 1037 1433 530 687 1437 1280 76 381 826 1131
Route	64 :  277 705 707 1027 633 35 1455 159 1457 1383 614 620 1364 493 785 909 1370 174 1243 449 924 638 1199 1388
Route	65 :  421 129 879 512 1171 392 358 1262 446 355 1142 259 1108 1009 568 1196 1105 519 14 1269 1318 764
Route	66 :  576 590 1326 135 1340 351 885 288 1038 158 1101 723 32 1473 782 472 908 203 953 1222
Route	67 :  624 547 1374 397 1147 433 1183 1297 223 569 430 1319 973 486 175 1180 925 273 1023 1236
Route	68 :  12 306 762 295 161 1045 911 121 1056 252 871 1002 232 747 1497 128 982 119 869 118 878 868
Route	69 :  38 543 1293 62 788 197 947 346 711 812 681 1461 209 959 275 1025 452 1431 1096 1202
Route	70 :  735 423 732 1485 343 127 1173 877 255 1005 510 33 1482 67 1093 518 783 1260 1268 817
Route	71 :  599 463 1349 451 1213 402 1201 647 1152 388 1138 448 1397 586 1336 1198
Route	72 :  443 60 604 810 1354 1193 92 61 95 842 51 811 523 845 801 589 1339 745 1273 1495
Route	73 :  364 59 298 1048 809 222 670 1114 619 656 1420 1369 726 1406 460 1476 972 220 97 970 1210 847
Route	74 :  742 198 1492 601 374 113 863 186 1351 948 457 1207 362 1124 936 544 1294 357 1112 496 1246 1107
