Instance name : bar-n3000-6
Authors       : Dmitriy Demin, Mikhail Diakov (msd@veeroute.com), Ivan Ilin, Nikita Ivanov, Viacheslav Sokolov (vs@veeroute.com) et al. VRt Global (https://veeroute.com/)
Date          : 2023-04-24
Reference     : veeroute.com
Solution
Route 1 : 982 845 2482 2345 1424 1286 2786 106 126 2924 1606 944 1626 815 2315 170 2444 531 1670 2031 948 2448 642 856 324 2142 378 1824 2356 869 2369 759 1878 2259 1082 460 2582 1960
Route 2 : 1380 1018 366 2518 302 115 1802 2880 1866 193 1615 1693 281 1421 72 1446 2921 1781 2946 1572 1214 139 225 1639 2714 309 663 2163 1725 1046 2546 1809 36 860 572 1536 232 2360 2072 1732 91 1591 777 2277
Route 3 : 837 2337 43 1428 1543 2928 623 2123 865 1363 2365 2863 305 1436 146 2936 1805 640 2140 174 804 1674 1119 2619 1299 2304 1646 450 1950 117 441 2799 1236 1617 1418 1941 2736 2918 219 1130 2630 1719
Route 4 : 1204 895 314 2395 2704 1313 1814 122 2813 1323 165 1622 1665 2823 596 238 1400 2096 199 1699 2900 1014 1738 859 2359 259 613 2514 1759 1403 2903 237 1238 1737 681 321 2181 2113 2738 1821
Route 5 : 1213 1222 410 2713 2722 1910 661 2161 1196 672 832 2696 2332 2172 308 424 1924 1808 1159 772 2272 644 2144 972 2659 1184 2684 2472 863 1161 2661 253 2363 1753 222 1722
Route 6 : 70 1412 2912 969 1570 389 2469 151 1651 955 1889 1048 2455 486 2548 624 2124 950 1986 547 2450 185 2047 1685 1464 2964 1047 1098 830 2330 2547 2598 1144 1197 1381 2881 2644 2697 80 1396 2896 1580
Route 7 : 810 1180 2680 705 2310 2205 1220 1066 2720 543 2043 538 2566 683 2183 905 2038 2405 789 1160 2289 2660 780 1330 2280 2830 864 1109 2364 268 2609 1086 1768 2586 1173 1085 2585 2673
Route 8 : 1081 1241 150 1650 2741 2581 888 1181 2681 28 160 2388 1528 478 1660 1978 1035 1493 2993 490 2535 472 1990 942 1972 2442 397 929 1897 1295 2429 56 2795 1556 1332 785 2285 1267 2767 2832
Route 9 : 387 782 886 2386 2282 1887 1476 492 433 1992 2976 634 1933 819 2319 937 2134 2437 368 61 1868 1006 2506 774 1561 943 2443 2274 1314 20 1520 2814 247 1054 2554 1747
Route 10 : 1193 192 2693 1069 763 2569 1692 670 1302 2263 891 2802 2170 1227 2391 2727 671 288 2171 1211 2711 1294 1788 1230 2794 1483 2730 647 2983 786 2147 2286 564 963 451 2463 1951 2064
Route 11 : 1229 967 882 2467 2382 2729 554 1276 743 2776 2054 1167 2243 2667 926 1282 282 2426 2782 577 1782 2077 728 1420 616 2116 918 2920 2228 2418 1375 809 1329 2875 58 2829 1558 2309
Route 12 : 86 303 1393 2893 1586 1496 1803 558 2996 2058 1293 2793 101 1445 1601 2945 841 1322 2822 1387 2341 1489 2887 83 24 2989 904 1583 1524 2404 1442 362 2942 340 1840 957 1862 2457
Route 13 : 137 1307 1637 1379 2807 2879 659 47 1547 732 2232 2159 843 979 2479 10 1455 2955 2343 1466 234 2966 1734 1510 715 454 1179 1083 2679 676 1954 2583 1324 2176 997 2497 2824 1017 2517 2215
Route 14 : 883 2383 930 914 2430 1397 2414 2897 1206 1315 2706 1371 1078 2815 2871 1171 2578 127 1103 1627 2671 2603 1472 767 2972 1149 2267 2649 429 216 1929 79 1716 1579
Route 15 : 1291 180 812 2791 1680 34 11 2312 1534 1511 665 1434 1246 2934 614 2165 2114 2746 476 380 1976 803 1880 401 1901 986 2303 797 2297 2486 1135 464 1964 354 1854 2635
Route 16 : 1308 541 2808 2041 755 1237 1036 2536 2737 2255 161 1661 243 114 1743 1124 1614 553 209 2624 2053 1189 271 2689 1709 1771 911 745 2245 453 2411 109 142 1642 1953 130 1609 1630
Route 17 : 530 1454 2030 1113 2954 1208 2613 650 2708 2150 351 1425 1851 2925 1070 2570 699 744 96 2244 2199 1596 1408 1406 2906 2908 134 1087 2587 701 1634 2201 1060 313 1813 2560
Route 18 : 149 208 1649 693 1708 2193 1138 2638 1468 919 2968 1053 2553 2419 1176 954 674 2454 753 2676 557 2253 2057 2174 328 966 1287 1828 2787 2466 851 657 2157 1194 2351 2694
Route 19 : 1457 2957 1362 589 1169 1111 2862 2089 2669 119 113 2611 1619 221 1613 55 1148 1721 2648 1555 1402 1136 2902 578 2636 2078 835 2335 53 1334 1284 1553 267 2784 1767 2834 893 2393
Route 20 : 546 2046 9 1140 519 2019 2640 475 1509 411 1911 270 779 1975 1770 710 191 2210 776 1691 2276 516 1166 2016 2279 1172 2666 1158 2672 989 467 2489 2658 426 1926 717 1967 2217
Route 21 : 1247 922 2422 2747 1258 1226 2726 2758 320 1820 406 1906 462 493 241 1993 1962 1741 1340 66 1416 2840 1566 1270 2916 2770 898 713 2398 1411 2911 1488 2213 629 2988 331 1831 393 2129 1893
Route 22 : 1386 560 394 1894 2886 1093 2060 258 459 1758 2593 1959 252 816 111 2316 1611 726 1752 2226 1255 709 2755 569 2209 245 1745 2069 164 1142 1664 2642 987 1431 2931 2487 190 1690
Route 23 : 991 1266 2491 627 471 2127 1971 2766 1030 1187 1019 2530 1028 2519 2687 712 2212 1328 1058 2558 2528 790 2828 1134 2290 2634 147 1647 263 1763 792 298 1798 924 1217 2424 1423 2292 2923 348 2717 1848
Route 24 : 212 1141 140 1712 194 1640 365 2641 1694 1865 852 1218 2352 330 1830 2718 355 254 1855 1 230 1754 606 1730 2106 312 1346 673 2846 2173 1501 217 1812 1717
Route 25 : 277 1777 33 875 2375 304 1533 778 1804 580 2278 2080 861 1200 350 1850 2361 367 2700 39 1867 1539 1297 359 2797 103 42 317 1859 1817 1542 1603 651 1398 2898 2151
Route 26 : 949 200 2449 98 1598 652 1700 124 2152 446 1624 1946 892 64 2392 1021 2521 261 1564 399 1761 132 1632 1899 802 866 2366 824 2302 8 749 1508 210 2324 456 1956 2249 1710
Route 27 : 1409 2909 499 1120 964 2464 2620 256 1756 1999 280 1780 131 936 1631 276 90 1776 1590 879 1427 2436 1438 2927 1062 2938 2562 814 731 2379 157 2231 2314 396 934 1896 1657 2434 582 2082
Route 28 : 666 1290 2166 1020 2790 1116 2520 2616 836 2336 1168 1216 2716 2668 545 1338 2838 2045 556 162 1662 2056 1183 129 1268 2683 2768 603 315 2103 1815 584 1629 680 2180 2084
Route 29 : 423 1304 1342 2804 1923 2842 352 706 1852 1203 2703 1274 2206 2774 1100 1358 2600 2858 14 41 1385 1514 873 1541 2373 2885 158 1369 171 1671 2869 63 1658 1563 1456 1223 2956 2723
Route 30 : 988 2488 1191 2691 1165 938 2665 2438 654 2154 344 828 887 1844 2387 2328 300 152 1800 537 1652 481 1981 2037 1074 1009 1221 2509 326 2721 2574 1826 172 1672 1452 959 2459 1042 2952 2542 6 1506
Route 31 : 92 1592 226 1192 1726 71 2692 57 1557 1571 1244 506 419 1919 343 2744 1843 1259 2759 503 2006 872 2003 920 2372 2420 632 334 1834 2132 1352 539 2852 2039 690 2190
Route 32 : 1491 1326 2826 1026 514 2991 534 2526 2034 2014 1090 2590 1114 2614 1377 968 2468 173 2877 95 535 2035 1673 1444 2944 1336 2836 1595 1126 205 266 1705 1766 2626 1249 26 1526 2749
Route 33 : 23 1359 766 1523 2859 195 608 2108 2266 631 1695 1480 2131 2980 4 1004 163 1663 2504 1091 1504 1132 202 2632 1702 1033 2591 2533 382 412 1495 107 2995 1912 1882 1607
Route 34 : 22 1522 813 1097 408 2313 1908 2597 932 183 1683 275 2432 857 2357 1775 285 1271 1785 289 2771 579 2079 1789 1248 1156 1106 2748 2656 758 2606 1388 1065 2258 2565 2888
Route 35 : 727 2227 513 35 562 2013 13 1513 2062 1275 807 2775 1535 2307 445 668 999 2499 2168 1945 377 630 2130 430 1877 1151 1930 1283 2783 2651 203 1441 1056 2941 1703 2556
Route 36 : 1321 806 612 2821 2112 602 2306 2102 75 718 1575 244 2218 664 1744 2164 121 370 135 1621 1635 1870 518 990 2490 607 2018 720 2107 2220 1231 2731 403 447 1903 1947
Route 37 : 144 374 1874 1175 1644 656 993 2493 2156 2675 186 1394 1201 2701 2894 1686 517 984 2484 1312 2017 2812 643 1382 1269 2769 2143 2882 336 1285 482 1982 85 1836 2785 565 1585 2065
Route 38 : 301 1460 1801 2960 881 2381 1374 2874 1357 2857 1027 500 2527 2000 734 761 2234 2261 133 68 1633 899 2399 1163 1568 2663 168 660 2160 1668 1458 458 2958 51 1306 1551 1958 2806
Route 39 : 1254 1147 2754 702 736 2202 1481 2647 1240 292 2236 2740 223 2981 1792 1723 416 1316 1916 100 1600 2816 1064 93 2564 46 1593 941 1546 1212 2441 240 1034 1740 2712 2534
Route 40 : 696 2196 1061 839 2561 1500 2339 1092 1143 3000 2592 1296 998 2643 741 2796 444 2241 2498 695 1944 2195 332 1025 1832 2525 921 1123 2623 2421 1057 1199 897 2699 2557 601 2397 2101
Route 41 : 915 850 1486 2415 31 2986 2350 729 2229 1531 1351 540 2040 187 2851 1256 1687 793 2756 443 2293 733 1943 269 2233 1769 291 1207 747 2707 1401 1791 1007 2247 2901 2507
Route 42 : 480 1980 827 1482 436 1936 2327 618 236 2982 1015 1736 2118 1350 787 2515 2850 2287 1084 1032 533 2584 2532 933 842 2342 2433 2033 404 1904 525 2025 227 946 1727 831 2446 2331 662 2162
Route 43 : 521 1073 2021 235 2573 610 737 1735 1075 1413 2575 2110 2913 2237 722 1337 2222 975 2837 386 1174 2475 1886 2674 1038 677 2177 414 2538 909 1914 2409 925 913 2425 2413
Route 44 : 143 884 1643 1225 1399 1050 2725 2384 2899 588 1494 2994 2550 2088 798 917 2298 434 2417 1934 463 1462 2962 1963 912 870 491 2412 2370 552 1991 421 1921 345 1845 2052 112 675 1612 2175
Route 45 : 265 598 1765 739 2098 822 2239 2322 248 1185 1260 329 1748 2685 1829 45 2760 455 1545 1121 17 1955 2621 1517 1102 844 1303 2602 2803 357 953 2344 1479 2453 2979 1857
Route 46 : 685 110 2185 1610 148 97 1414 1597 768 1648 2914 566 323 2268 1823 2066 1301 762 2801 811 2262 2311 15 136 1636 1515 74 468 402 1902 1968 1574
Route 47 : 1459 992 196 2959 2492 620 908 2120 1696 529 2408 176 2029 1676 928 1288 2788 563 740 2428 520 2063 2240 527 985 2020 432 2485 155 1932 2027 1655 1154 555 2654 2055
Route 48 : 781 791 73 754 1573 2291 770 833 325 2254 1825 2333 1478 2270 605 2105 903 2403 322 2978 1484 1822 2984 1041 2281 2541 400 794 1900 2294 338 1317 1838 495 2817 1003 1995 2503
Route 49 : 273 1773 854 773 2273 658 1031 2531 2354 2158 523 417 2023 1917 1477 1209 2977 204 2709 1335 1704 2835 1105 2605 536 388 1232 1888 2036 25 2732 1525 532 723 2032 1422 2922 2223
Route 50 : 1013 853 21 1344 2513 2353 1521 678 2844 611 2178 1378 2111 2878 376 858 262 1876 1022 116 1762 1616 2522 1475 1164 2358 2975 1272 2664 413 1913 1052 2772 2552
Route 51 : 1467 765 847 2967 2265 296 108 2347 153 1608 1796 128 1653 1392 1628 418 369 2892 1869 686 207 1918 1707 218 1360 1718 2860 1310 2810 2186 1023 889 2523 1072 2572 1210 2389 700 1389 2710 2200 2889
Route 52 : 1001 617 2501 84 1029 1584 2117 1341 2529 655 2841 2155 498 272 1772 1239 646 1998 2146 178 2739 395 1678 188 1895 1245 1688 1404 1278 1419 2919 2745 2904 2778
Route 53 : 364 428 1345 1928 2845 319 38 1538 1864 1819 916 1155 2416 363 1235 1863 2735 2655 783 337 952 2452 2283 1837 1177 947 2447 901 2677 48 2401 1449 1548 310 2949 508 1810 2008
Route 54 : 1076 290 2576 1415 1790 1262 512 2012 2915 255 2762 1300 1755 2800 220 2 1720 1502 1432 976 2932 214 894 2476 2394 1384 182 1714 1682 2884 1365 1469 1012 2969 2865 2512 1376 2876
Route 55 : 1117 805 2305 2617 1453 691 848 465 2953 1426 2926 1965 2191 2348 849 1257 725 2349 2757 2225 1264 1473 2764 633 2973 2133 1439 704 1355 2204 2855 2939 293 287 1793 1787 286 1049 1298 1786 592 2092 2549 746 2246 2798
Route 56 : 264 431 559 1931 974 1764 896 2396 484 1984 2059 2474 1383 653 1311 2811 327 2153 2883 1827 962 257 1757 360 2462 698 820 2198 1860 2320 392 1451 1892 956 125 1625 2951 2456
Route 57 : 669 425 1435 2169 885 2935 2385 123 1925 427 477 1623 1366 1977 1927 229 1729 496 2866 52 1996 1552 1108 2608 549 339 2049 1152 697 821 1839 2197 2321 1407 2907 1281 2781 2652
Route 58 : 688 742 156 1656 398 622 2242 2188 2122 1463 509 82 1898 874 2963 1582 2374 983 2009 1190 840 2483 2690 2340 1327 1153 224 299 2827 488 1724 2653 1799 1988 823 808 522 2323 2308 951 2022 2451
Route 59 : 189 714 1689 279 2214 1779 1395 689 2895 593 88 2093 1588 452 2189 1339 2839 594 855 2094 2355 1952 1122 1224 483 1983 2622 383 2724 877 682 2377 800 1883 198 2182 1067 1698 2300 2567 645 2145
Route 60 : 469 575 2075 1969 507 2007 166 1447 1666 2947 711 586 965 2465 2086 94 2211 342 1842 542 1594 2042 439 99 1599 1939
Route 61 : 604 249 2104 1749 1448 197 2948 1059 1697 571 2071 788 1263 2559 2763 2288 1474 724 1243 2224 978 2478 2743 2974 615 497 981 2481 2115 1997 1063 373 1333 2563 470 2833 1970 1873
Route 62 : 1325 1016 2516 1261 752 2825 489 2252 2761 1989 1368 1252 461 1961 2752 2868 528 356 2028 1856 358 1450 1858 2950 818 910 1128 2628 306 2410 2318 595 1806 239 1104 2095 2604 1010 1739 511 2011 2510
Route 63 : 1440 2940 181 667 1681 2167 375 1490 1875 2990 77 1577 62 1127 684 2184 1562 2627 18 1343 1518 1233 1068 2733 2843 145 347 583 2568 2083 1847 1645
Route 64 : 385 501 2001 479 1979 1885 1390 1088 748 2588 2248 846 2890 927 2427 971 2471 422 2346 590 2090 81 1922 825 1581 206 215 2325 1715 59 1706 1559 54 1101 1554 716 2601 2216
Route 65 : 970 735 2470 390 1890 2235 628 494 1994 621 2128 1182 2682 2121 609 2109 283 750 1783 2250 826 372 1077 2326 1044 1872 442 2577 2544 5 361 1942 440 1861 1198 890 1505 2698 2390 1940
Route 66 : 973 1410 2473 409 2910 141 1909 474 707 1641 1080 2207 1974 1361 284 1784 2580 420 902 1089 2589 2861 1920 585 2402 2085 473 1485 1973 2985 574 260 1760 1079 2579 1349 2074 2849
Route 67 : 784 1051 2284 799 2299 2551 1000 29 1529 1331 2500 2831 871 721 2221 2371 961 1309 2461 2809 1370 154 1186 1654 2870 297 2686 862 231 1797 1055 32 1731 2362 1228 1532 2555 2728
Route 68 : 515 1107 2015 2607 502 2002 679 311 2179 438 1094 1811 2594 379 1879 1045 1938 1354 600 2854 2100 307 1807 2545 1162 591 2662 2091 49 169 1188 1669 1549 105 1002 2502 2688 1605 1470 102 2970 1602
Route 69 : 551 980 2051 719 2480 407 2219 1907 1112 796 2296 1118 2612 1367 581 2618 597 2867 2097 2081 544 104 2044 1604 371 641 30 2141 1871 1530 50 1550 177 449 37 1949 567 1537 1677 485 2067 1096 2596 1985 1071 2571
Route 70 : 757 1242 2257 2742 27 415 1527 829 2329 1915 935 570 2070 2435 1146 960 1497 2460 2997 2646 1348 1115 2848 2615 7 1005 175 1507 2505 1675 381 958 2458 1437 1881 1265 2765 138 2937 1638
Route 71 : 16 876 2376 524 1516 738 2024 69 2238 1569 437 587 1937 2087 868 1205 751 2705 2251 1253 2368 2753 89 1589 353 457 76 1853 1957 1576 1372 1150 2872 1195 2650 760 2695 1157 2657 2260
Route 72 : 435 1347 2847 1417 1935 159 335 1659 599 2917 994 2099 940 349 1849 1139 1835 2494 184 2639 1684 626 2126 333 179 2440 1833 1145 1679 2645 167 1667 278 19 1778 1129 120 1519 2629 1620
Route 73 : 211 995 1095 2495 1461 2961 526 1711 2595 573 1178 2073 2678 637 2026 1277 2137 1011 2777 341 1465 2511 44 2965 466 1841 1544 550 1966 576 2076 692 2192 1251 2050 2751 274 1318 2818 1774
Route 74 : 548 639 2139 2048 1292 2792 771 87 2271 775 1587 504 1273 2275 2773 867 1137 2004 1219 1391 2637 2367 2891 318 2719 1289 996 1818 769 2789 2269 2496 561 649 295 2061 1795 2149
Route 75 : 635 294 233 2135 1794 1733 625 880 2380 2125 12 1429 1512 228 60 2929 1728 1560 764 1443 2264 2943 900 65 1565 638 1353 2400 1008 2138 67 2853 2508 636 1567 2136
Route 76 : 1280 1405 2780 2905 246 1746 730 1305 213 2230 1713 756 2805 1250 2256 1024 2750 2524 1131 1319 2631 2819 834 1110 2610 1356 118 1618 2856 1202 2702 2334
Route 77 : 3 1503 1433 2933 708 1099 2208 694 2194 2599 405 1039 2539 40 619 1905 1540 1320 2820 1498 2998 2119 838 931 906 1364 2406 2864 1043 2338 2431 1125 2625 242 2543 939 2439 1742
Route 78 : 817 568 1487 2317 2987 1170 2068 2670 977 316 703 2203 2477 251 1816 1037 346 1751 2537 1846 1215 384 2715 487 1987 1884 795 2295 391 878 1891 1471 2971 907 2407 1499 2378 2999
Route 79 : 1234 1430 801 2301 505 2734 2005 648 2148 1133 1492 2930 1373 2633 250 2992 201 2873 923 2423 1701 1750 1040 945 2445 2540 448 687 1948 2187 1279 78 510 2010 1578 2779