Instance name:    bar-n400-1
Authors:          Dmitriy Churilov (churilov@advantum.pro), Alexander Galko. Advantum Routing System (advantum.ru/route)
Date:             2025-04-02
Reference:        Advantum Routing System, advantum.ru/route
Solution
Route 1 : 118 81 318 281 60 32 165 232 365 190 390 260
Route 2 : 143 44 130 330 343 244 128 328 103 185 385 303
Route 3 : 27 34 84 227 89 7 47 234 289 284 194 247 207 394
Route 4 : 31 90 26 56 290 256 82 159 226 231 282 359
Route 5 : 156 152 352 160 148 348 164 364 356 360 38 238
Route 6 : 186 126 386 175 78 326 19 278 375 219 115 315
Route 7 : 158 196 188 358 396 24 224 388 69 183 269 383
Route 8 : 39 87 239 287 167 174 193 367 200 374 400 393
Route 9 : 168 124 68 268 324 368 170 125 325 370 147 347
Route 10 : 120 86 176 286 320 107 376 142 307 43 243 342
Route 11 : 9 146 209 346 140 10 210 340 181 18 79 279 381 218
Route 12 : 16 3 36 203 216 88 236 46 12 246 288 212
Route 13 : 161 76 11 276 211 150 361 153 72 272 350 353
Route 14 : 85 8 123 285 208 4 198 323 191 204 398 391
Route 15 : 114 314 105 92 305 13 63 263 213 292
Route 16 : 184 65 384 108 265 80 308 102 280 302 62 113 313 262
Route 17 : 42 242 97 104 73 304 71 297 271 134 273 334
Route 18 : 121 112 117 321 20 312 145 220 317 345
Route 19 : 2 30 5 202 230 192 392 205 178 57 378 257
Route 20 : 29 229 25 111 225 49 66 311 249 197 397 266
Route 21 : 21 91 53 253 138 221 338 139 291 339 195 395
Route 22 : 50 61 250 261 14 172 95 372 295 214 41 241
Route 23 : 135 163 335 109 74 363 274 94 70 309 182 294 382 270
Route 24 : 169 100 369 37 55 237 98 300 255 180 380 298
Route 25 : 1 155 110 33 133 233 99 201 310 333 355 299
Route 26 : 15 215 22 83 222 101 96 301 296 45 283 245 189 389
Route 27 : 40 119 240 319 131 6 199 331 206 399
Route 28 : 67 54 267 162 132 332 254 166 366 149 362 177 349 377
Route 29 : 144 154 151 354 344 187 351 35 64 141 341 235 387 264
Route 30 : 129 329 48 59 259 248 17 77 217 277 127 137 337 327
Route 31 : 157 136 357 52 252 336 75 122 275 51 251 106 322 306
Route 32 : 173 171 373 371 179 93 379 28 23 293 223 228 116 58 316 258
