Instance name : bar-n1500-1
Authors       : BIG3 - Dmitriy Yampolskiy, Egor Nikolaev and Daria Savina. Smart Logistics Point by the BigThree team (big3.ru).
Date          : 2025-04-22
Reference     : BigThree team (big3.ru)
Solution
Route 1 : 165 915 455 323 124 1205 159 1073 874 266 311 909 519 1061 527 1269 1277 1016 679 1429 248 998 161 911
Route 2 : 222 972 442 11 1192 170 920 246 761 732 558 1482 1308 285 996 250 1000 530 1035 611 1280 173 157 1361 907 923
Route 3 : 244 994 716 59 166 809 1466 260 916 698 1448 303 1053 454 249 1204 1010 621 999 186 203 1371 953 936
Route 4 : 93 470 1220 594 494 2 843 1344 419 91 560 752 1169 1310 658 632 1408 1244 1382 841 147 897
Route 5 : 394 97 164 1144 13 847 914 84 169 919 205 763 575 1325 834 955 467 215 1217 413 459 965 1163 1209
Route 6 : 30 189 208 939 958 341 780 451 1201 436 1091 192 942 1186 541 574 480 1324 1230 1291
Route 7 : 546 693 1443 1296 14 416 522 1166 764 1272 3 163 490 1240 460 913 753 723 269 1210 212 1473 1019 962
Route 8 : 666 254 219 1416 1004 267 1017 37 312 969 787 179 95 845 1062 929 418 549 1299 1168
Route 9 : 473 372 1122 293 1043 1223 582 227 1332 977 47 797 435 411 1185 386 648 1161 1398 1136 309 1059
Route 10 : 719 626 479 1469 1376 505 1255 108 373 1229 1123 23 858 389 302 377 183 773 933 1127 1139 1052
Route 11 : 265 1015 450 216 101 120 310 851 1060 653 870 1403 1200 271 576 175 1021 966 466 1216 1326 925
Route 12 : 532 720 1470 1282 631 181 1381 497 367 393 1117 1247 931 1143 705 727 1477 498 1248 1455
Route 13 : 504 27 1254 345 777 1095 49 288 74 824 191 799 1038 247 941 997 396 1146 448 440 305 1198 1190 1055
Route 14 : 623 734 1484 661 1373 668 718 1411 1468 1418 150 900 61 64 177 811 493 1243 927 814
Route 15 : 132 882 94 844 103 369 690 853 162 1440 912 1119 348 261 1011 339 1098 98 1089 487 848 1237 641 1391
Route 16 : 122 336 872 1086 22 426 1176 772 374 488 1124 300 359 1109 1050 1238 581 156 1331 906
Route 17 : 402 1152 144 566 894 371 534 692 1121 1284 1316 26 1442 776 573 356 1323 141 1106 354 1104 891 79 829
Route 18 : 149 137 507 28 380 887 899 605 651 1257 63 778 1355 539 813 1289 214 1130 964 1401
Route 19 : 158 294 85 908 66 643 1044 816 835 542 606 707 1292 1356 663 635 1457 1393 1413 1385
Route 20 : 223 721 1471 676 973 731 1426 385 1481 1135 40 140 790 114 110 890 860 477 864 1227
Route 21 : 638 600 733 1388 1350 255 1483 229 1005 55 555 89 839 979 1305 805 334 60 320 1084 810 1070
Route 22 : 399 134 884 259 1149 245 590 1009 499 70 820 1249 995 1340 409 41 45 791 1159 795
Route 23 : 464 634 1214 613 1384 710 1460 1363 584 360 330 1334 1110 358 1080 1108 400 291 1041 1150
Route 24 : 673 287 1037 691 1423 272 279 1441 1022 146 1029 24 319 142 892 896 774 231 1069 730 981 1480
Route 25 : 708 655 1458 607 1405 453 209 316 1357 959 1203 1066 586 740 71 1490 1336 821 352 1102
Route 26 : 738 640 1390 1488 414 725 741 1475 202 501 1251 745 1491 952 1164 379 1495 139 1129 889
Route 27 : 559 567 80 1317 830 748 1309 571 694 1444 1498 1321 681 155 1431 735 905 382 1485 1132
Route 28 : 390 557 1140 381 1307 289 1131 403 1153 10 1039 551 376 760 133 883 1301 627 1126 1377
Route 29 : 322 531 119 1072 869 561 401 1281 1151 57 1311 180 368 514 807 602 1264 1118 930 1352 280 1030
Route 30 : 398 233 290 1040 1148 313 983 112 1063 550 1300 862 465 228 1215 130 547 1297 978 206 956 880
Route 31 : 485 1235 515 664 1265 412 234 1414 984 1162 608 274 1358 106 1024 445 469 856 1195 1219
Route 32 : 670 729 518 1268 1420 726 1479 387 388 1138 1476 268 1018 577 1137 5 275 1327 1025 755
Route 33 : 408 174 1158 257 924 1007 420 511 1170 1261 116 866 474 580 362 1112 1330 1224
Route 34 : 129 355 879 82 832 746 1105 617 446 1496 712 1367 1196 121 224 871 187 1462 974 937
Route 35 : 154 563 904 1313 646 554 151 1304 722 1396 536 552 1302 1472 901 1286 21 771 447 1197 160 910
Route 36 : 76 102 46 852 826 115 182 932 796 865 370 568 404 1120 1318 1154 395 131 1145 881
Route 37 : 407 329 739 1489 1157 1079 273 715 357 346 1023 1107 500 1250 1465 1096 238 277 988 1027
Route 38 : 443 197 1193 278 1028 585 947 178 235 193 928 985 1335 943 127 877 620 1370 83 833
Route 39 : 307 304 39 397 1057 789 742 683 1054 1147 1433 1492 35 252 785 1002 462 200 950 1212
Route 40 : 276 572 328 444 1194 1026 749 1078 1322 601 685 171 1499 921 1435 644 1351 1394 148 898
Route 41 : 67 34 784 104 854 432 817 194 221 489 1182 944 1239 439 1189 75 971 825 72 366 1116 822 315 1065
Route 42 : 297 422 618 449 1047 1199 1172 1368 696 1446 508 325 1258 744 523 520 1075 1494 1270 1273
Route 43 : 677 62 812 1427 350 484 672 1234 1100 645 1422 1395 458 347 31 1097 1208 781
Route 44 : 125 128 543 875 878 656 589 1293 704 1339 1406 1454 642 496 1246 1392 509 475 1225 1259
Route 45 : 236 7 188 757 737 986 938 528 1487 703 652 1278 417 1167 1453 1402 709 688 1438 1459
Route 46 : 406 717 152 153 1467 569 903 902 8 758 660 1319 1410 232 431 525 982 1181 1275 343 1093 1156
Route 47 : 58 12 808 240 990 361 762 410 1111 42 792 391 1160 1141 17 767 538 441 1288 1191
Route 48 : 299 434 201 570 1049 951 1320 654 1184 565 662 1412 502 1315 1404 671 1252 1421
Route 49 : 126 876 243 1 353 993 113 438 1188 424 751 1174 624 1103 1374 863 678 1428 225 975
Route 50 : 516 53 619 803 1266 649 1369 615 597 1365 1347 1399 87 510 1260 609 837 1359
Route 51 : 342 535 637 1285 211 1387 961 1092 682 324 338 1432 1088 1074 318 332 1068 1082 286 1036
Route 52 : 689 599 56 1439 806 1349 598 321 1348 1071 333 674 264 1083 364 1114 1014 1424
Route 53 : 73 823 81 430 831 553 1180 1303 588 603 1353 220 1338 136 970 886 456 218 968 578 1328 1206
Route 54 : 109 44 463 794 687 859 52 1213 697 1437 1447 802 706 700 1456 253 1003 1450
Route 55 : 736 1486 351 595 100 850 1345 1101 628 622 1378 713 1372 421 251 1171 1463 1001
Route 56 : 48 111 861 798 728 1478 198 344 948 457 1207 1094 650 579 593 1329 1400 1343
Route 57 : 77 99 308 1058 270 383 849 1020 827 724 168 1133 503 1253 686 1474 437 16 918 766 1187 1436
Route 58 : 492 482 1232 241 1242 991 702 667 1452 1417 143 50 800 226 893 976
Route 59 : 625 524 665 1274 1375 1415 659 564 1409 583 1333 1314 636 750 1386 68 1500 818 54 804
Route 60 : 483 262 1233 1012 433 25 775 1183 472 284 1222 1034 242 491 96 415 1241 992 1165 846
Route 61 : 614 1364 711 88 1461 69 838 327 1077 819 587 167 117 867 917 1337
Route 62 : 317 429 612 118 1179 868 701 1362 1451 471 423 1067 295 1173 427 1221 1177 1045
Route 63 : 65 545 1295 815 337 20 207 1087 957 770 629 616 92 1366 842 1379 610 1360
Route 64 : 184 934 428 529 1178 86 836 1279 185 548 669 935 349 1298 639 1419 1099 9 298 1389 759 1048
Route 65 : 230 32 980 190 176 647 926 782 940 743 1397 596 633 1493 680 1383 1346 1430
Route 66 : 314 18 768 1064 604 375 1354 481 19 1125 340 1090 1231 769 476 747 1497 1226
Route 67 : 556 1306 263 123 1013 384 1134 873 468 1218 714 521 1464 1271 256 461 1211 512 1262 1006
Route 68 : 15 281 425 1031 38 765 788 1175 306 517 282 237 1032 363 1267 987 1056 657 1407 1113 283 1033
Route 69 : 258 591 699 1008 405 526 1155 675 1449 1425 1276 1341 326 105 855 1076
Route 70 : 135 885 239 301 392 1142 33 783 989 544 78 1051 196 138 828 51 946 801 562 145 888 1312 537 1287 1294 895
Route 71 : 335 540 1085 533 1290 210 1283 960 213 199 36 513 963 1263 786 90 949 195 840 945
Route 72 : 452 695 365 1445 172 1115 331 922 506 592 1081 1342 495 1256 378 486 1128 1245 1236 630 1202 1380
Route 73 : 217 107 857 967 478 43 793 29 1228 779 684 292 1434 296 4 1046 754 6 1042 204 954 756
