Instance name : bar-n600-4
Authors       : Dmitriy Demin, Mikhail Diakov (msd@veeroute.com), Ivan Ilin, Nikita Ivanov, Viacheslav Sokolov (vs@veeroute.com) et al. VRt Global (https://veeroute.com/)
Date          : 2023-07-09
Reference     : veeroute.com
Solution
Route 1 : 219 190 519 490 125 425 114 293 593 112 414 412
Route 2 : 237 40 537 35 340 75 335 49 184 349 375 484
Route 3 : 187 487 58 358 253 553 233 533 39 339
Route 4 : 138 438 18 318 239 539 251 2 302 551
Route 5 : 135 204 435 504 5 11 81 305 311 381 264 564
Route 6 : 155 131 28 455 431 158 328 108 458 408
Route 7 : 32 42 332 342 194 494 23 170 323 96 470 396
Route 8 : 202 19 95 502 395 223 89 523 230 530 389 319
Route 9 : 139 137 439 437 7 172 472 300 307 600 238 538
Route 10 : 134 434 163 167 244 467 463 64 544 364
Route 11 : 51 351 84 384 124 140 424 22 440 30 322 330
Route 12 : 101 24 401 324 281 177 581 477 148 257 557 448
Route 13 : 176 60 360 476 278 578 33 13 333 313 128 428
Route 14 : 113 413 240 540 37 162 205 337 462 505 179 479
Route 15 : 156 290 181 481 590 26 326 234 456 534 224 524
Route 16 : 294 594 217 54 354 297 517 266 566 597 94 394
Route 17 : 296 596 145 277 185 445 485 577 291 46 346 591
Route 18 : 203 503 168 3 130 468 303 430 218 518 117 417
Route 19 : 232 532 157 457 80 142 442 380 280 580
Route 20 : 83 55 355 383 14 295 595 210 314 119 510 419
Route 21 : 109 175 409 222 522 475 235 9 309 169 535 469
Route 22 : 52 77 352 25 325 285 377 48 585 348
Route 23 : 47 229 347 63 363 529 195 284 495 584
Route 24 : 57 246 357 546 231 87 288 588 531 387
Route 25 : 274 574 221 256 556 208 521 248 548 508 72 372
Route 26 : 99 265 399 565 144 250 444 216 550 516
Route 27 : 105 182 405 482 228 528 160 460 152 452
Route 28 : 255 555 198 225 525 206 498 506 254 262 562 554
Route 29 : 56 282 582 356 127 252 427 193 493 552 273 573
Route 30 : 215 515 150 450 153 453 161 461 149 213 449 513
Route 31 : 85 73 385 154 373 98 212 398 512 151 451 454
Route 32 : 236 92 78 536 378 392 275 196 496 575
Route 33 : 199 258 499 558 70 298 598 289 370 589 36 336
Route 34 : 62 226 362 526 227 111 527 411 97 91 391 397
Route 35 : 12 312 147 180 259 447 559 480 141 110 410 441
Route 36 : 59 200 359 4 500 292 304 592 1 301
Route 37 : 41 122 422 106 406 341 107 407 286 88 388 586
Route 38 : 115 415 126 53 426 61 361 353 243 543
Route 39 : 15 67 367 315 166 120 466 420 220 520 116 416
Route 40 : 269 569 247 146 268 547 446 568 261 561 104 404
Route 41 : 17 189 489 68 317 368 164 21 464 321 260 560
Route 42 : 191 211 511 491 38 129 338 429 178 478
Route 43 : 197 497 43 79 343 183 379 483 165 465 174 474
Route 44 : 100 400 279 90 390 186 486 579 16 316
Route 45 : 171 471 267 74 567 29 374 283 329 583
Route 46 : 201 501 8 136 308 436 249 44 344 549
Route 47 : 93 393 121 421 118 173 473 418 10 310 245 545
Route 48 : 299 599 65 365 272 276 572 576 188 102 488 402
Route 49 : 50 31 242 350 331 542 270 20 570 263 563 320
Route 50 : 6 306 241 541 192 492 287 34 209 334 587 509
Route 51 : 271 76 571 376 82 382 45 345 133 433
Route 52 : 159 459 103 27 403 327 207 66 507 366 71 371
Route 53 : 214 514 143 443 132 86 123 432 386 69 423 369