Instance name:	bar-n4000-1
Authors:		Carlo Sartori and Luciana Buriol
Date:			2019-2-11
Reference:		A matheuristic approach to the PDPTW (to be submitted)
Solution
Route 1 : 125 396 82 2125 2396 71 2071 1030 789 2082 2789 599 2599 743 3030 2743 768 2768 1518 1425 3425 1838 3518 155 2155 3838
Route 2 : 1497 322 3497 889 2322 2889 1963 1304 446 3963 2446 1493 3304 3493 1172 406 1320 2406 1115 1809 3172 3320 3115 3809
Route 3 : 1713 3713 261 147 922 2261 2922 1367 1955 3367 1255 1246 3955 3246 247 3255 1858 53 3858 209 2247 2147 2209 1821 1889 2053 3889 3821
Route 4 : 23 835 2023 923 166 269 2269 2835 1985 1483 1896 2166 3483 1603 3896 2923 1627 3985 3627 3603 649 115 2649 1322 1289 3322 3289 2115
Route 5 : 417 1203 2417 183 3203 86 2086 630 2183 393 2630 545 2393 2545 797 1047 3047 2797 421 644 2421 1121 2644 716 627 2627 3121 1922 2716 3922
Route 6 : 158 590 2158 904 742 2904 2590 987 1817 3817 2987 1563 1390 3390 2742 3563 812 1950 2812 524 19 3950 2524 2019
Route 7 : 695 534 589 2534 32 2695 1899 2032 2589 105 3899 792 2105 1543 2792 3543 796 773 744 2744 1619 2773 3619 2796
Route 8 : 1836 1490 3490 1454 3454 3836 1101 466 2466 1945 3945 3101 1395 1887 3395 885 3887 1147 2885 116 2116 1888 3147 3888
Route 9 : 1401 1354 3401 1964 3964 1339 3339 3354 437 1029 1736 2437 3736 425 682 2425 1305 1081 2682 3081 1956 3956 1722 3305 3029 3722
Route 10 : 1226 803 1537 3226 2803 1549 3537 3549 1541 1131 780 3131 2780 238 3541 777 195 2777 2238 387 2195 2387 491 418 1873 2418 2491 3873
Route 11 : 1997 1891 1382 3891 1414 3997 3414 1571 3382 833 2833 1725 3571 3725 1924 790 280 2790 3924 87 2280 143 202 2087 520 2143 2202 2520
Route 12 : 1775 1419 1976 3976 268 3419 3775 608 2268 1106 2608 351 2351 100 3106 1595 2100 1192 3595 3192 1723 1160 3160 3723 1152 1201 3201 3152
Route 13 : 784 358 785 2784 101 2101 2358 1239 1250 3239 3250 958 2785 985 2958 250 2985 976 2250 577 1221 2577 1280 1130 2976 3280 3221 3130
Route 14 : 1132 89 1829 3829 312 3132 2312 1084 3084 2089 43 517 2517 1988 853 2043 3988 291 2853 1660 2291 856 3660 111 2111 837 2837 2856
Route 15 : 330 865 2865 2330 1527 1242 709 2709 1514 3527 1968 3242 3514 1998 1523 3998 3968 1798 3798 879 3523 1134 2879 1161 3134 3161
Route 16 : 439 1123 1831 3123 1153 3153 2439 1771 3771 3831 1794 1800 3794 3800 1960 1961 3960 3961 31 2031 402 376 2376 793 2402 2793
Route 17 : 305 526 2305 606 2526 432 2606 239 350 2239 2432 2350 1070 1056 3070 522 3056 1311 2522 130 2130 341 2341 841 3311 2841
Route 18 : 182 578 2578 831 2831 861 2182 54 2054 826 2826 2861 1495 1824 3824 3495 755 1651 3651 910 1251 2910 2755 3251
Route 19 : 1076 1426 3426 687 2687 1012 1230 3012 3076 3230 556 961 230 2961 2230 1276 689 2556 2689 1061 1567 3276 3567 25 3061 78 2025 2078
Route 20 : 1362 1938 1691 1532 3691 3532 1316 3362 208 3316 2208 4 435 3938 2435 1593 2004 1781 3781 254 2254 3593 633 774 2774 1237 3237 2633
Route 21 : 1212 151 2151 278 38 2278 3212 2038 1664 721 3664 1141 1444 504 3444 707 2721 929 1007 3141 3007 737 2504 2737 2929 2707
Route 22 : 566 1247 2566 1222 494 2494 1054 3222 3054 3247 34 290 2290 1177 2034 3177
Route 23 : 839 1348 1643 2839 1275 3275 3643 3348 1031 1284 3284 564 930 2930 699 3031 2564 1178 300 2300 3178 2699
Route 24 : 1253 1451 1298 3451 3298 3253 1216 1422 3422 14 3216 1000 3000 40 2014 1455 1360 2040 1682 3455 537 2537 3360 3682
Route 25 : 1544 123 3544 936 1148 2936 213 927 1040 2123 3148 2927 1617 2213 1742 3040 3617 57 3742 395 575 2057 2575 1470 2395 3470
Route 26 : 1341 168 2168 3341 1430 1877 3430 364 3877 1974 2364 33 3974 550 2033 1334 2550 1104 1464 3104 3334 1589 3589 3464
Route 27 : 1508 1678 3678 167 2167 849 3508 991 1337 2991 2849 1759 1005 3005 771 3337 2771 854 3759 104 2854 877 918 2104 1528 2877 3528 2918
Route 28 : 193 2193 530 1241 2530 1227 108 2108 3241 656 2656 3227 442 1584 698 2442 583 1062 2698 974 2974 631 2583 2631 724 3584 2724 3062
Route 29 : 1513 1921 1943 3513 1471 3943 3921 3471 714 2714 249 1026 827 1143 2827 3026 2249 733 586 2586 3143 2733 366 1973 2366 1880 1907 3973 3880 3907
Route 30 : 1942 887 1738 3942 3738 113 2887 2113 1377 384 2384 694 2694 3377 1179 2 3179 600 934 2934 252 2002 1271 2252 3271 2600
Route 31 : 1342 1860 3342 1787 3860 3787 1411 1476 3411 983 3476 1282 3282 2983 11 469 1801 2469 3801 2011 1843 55 367 2055 3843 2367
Route 32 : 279 739 2279 954 315 2954 2739 191 876 2876 675 1335 2315 1358 3358 2675 2191 1704 3704 1609 3335 3609
Route 33 : 1167 894 335 3167 2335 1632 2894 495 3632 225 2495 938 332 2225 1615 3615 2938 1639 2332 3639 1480 605 3480 1987 2605 1103 3987 3103
Route 34 : 1983 1473 1392 3392 3983 1494 3473 3494 787 786 2786 2787 1428 444 2444 1496 3428 3496 1659 769 1859 3859 117 2117 2769 3659
Route 35 : 355 2355 1622 1436 3436 41 2041 3622 1324 1667 3324 3667 1890 3890 1136 3136 815 2815 1174 1520 3174 3520
Route 36 : 399 1108 229 2399 1229 3108 672 2229 2672 1712 3229 3712 487 686 2686 864 2864 1204 2487 3204
Route 37 : 1184 15 3184 2015 180 321 576 2180 1474 2321 1315 3474 746 3315 997 955 2746 2955 1555 1695 3555 2997 2576 3695 553 1540 2553 1303 3540 3303
Route 38 : 1797 1199 639 440 3797 2639 2440 3199 61 378 2378 1749 2061 925 3749 2925 1027 823 409 3027 2823 2409 816 128 2128 2816
Route 39 : 1898 318 2318 3898 272 184 2184 2272 513 732 2513 658 2732 705 2658 2705 521 255 63 2063 2255 2521 1015 274 992 2992 2274 3015
Route 40 : 1091 661 3091 2661 1175 1977 2000 4000 3977 1413 3175 106 3413 149 201 2106 2201 2149 1019 1118 1264 3264 3118 3019
Route 41 : 214 317 2317 1608 2214 1777 3608 3777 455 137 2137 1941 2455 571 3941 2571 685 334 165 2165 2685 2334 412 2412 1359 3359
Route 42 : 1310 1038 3310 3038 645 454 292 2454 1375 2292 2645 3375 1114 9 996 2009 3114 1173 405 3173 2996 2405 1023 3023
Route 43 : 493 1818 1043 2493 1346 3818 3043 1067 3346 1839 3067 3839 953 2953 701 161 2161 2701 289 730 2289 2730
Route 44 : 1769 825 3769 429 901 2901 2429 2825 798 490 1086 2798 613 2490 3086 2613 1592 1503 3503 3592 240 68 2240 1785 3785 2068
Route 45 : 1640 1561 3640 1853 3561 1512 1440 3853 3440 3512 509 498 2498 1724 199 2509 1225 3724 2199 3225 523 17 2523 2017 219 1035 822 2219 2822 3035
Route 46 : 1788 48 2048 1923 3788 1092 3092 3923 505 851 653 2653 2505 674 2851 1819 2674 348 1336 3336 2348 1822 3822 3819 842 2842 1702 3702
Route 47 : 1637 76 2076 1314 3637 3314 850 671 2850 1002 1979 3002 1992 2671 3979 436 385 3992 2385 1796 3796 1783 2436 3783
Route 48 : 1706 473 2473 150 173 3706 2173 1025 3025 998 2150 6 1465 2998 3465 2006 913 2913 1318 848 750 2848 3318 2750
Route 49 : 1100 1940 343 3940 1492 3100 2343 3492 1297 1793 3793 3297 1188 1837 3837 1673 3188 1687 3687 655 2655 1330 3673 3330
Route 50 : 604 963 492 2604 2963 2492 426 266 2266 1326 821 3326 1421 2821 2426 1906 3421 1948 3948 1951 3906 1949 3951 1869 3949 127 3869 2127
Route 51 : 1442 1903 736 3442 3903 944 2736 1606 3606 1437 2944 242 2242 1893 3893 1764 1962 3437 1919 3962 3764 3919 1579 1448 60 3579 3448 2060
Route 52 : 501 1397 3397 1387 2501 1883 1874 3883 3387 1265 3265 3874 1090 135 3090 1072 3072 2135 80 2080 400 1055 2400 136 3055 2136
Route 53 : 973 897 978 2897 518 2978 1481 3481 2973 1158 1286 2518 567 3286 3158 397 890 657 2567 2397 2890 2657 420 1261 3261 2420
Route 54 : 198 234 1542 3542 2198 370 1676 471 2234 273 2471 2273 794 2794 888 2370 1351 3676 2888 1191 1810 3810 1701 3191 3351 3701
Route 55 : 1957 1553 788 3553 2788 624 2624 1848 1600 3957 3600 619 3848 1402 18 2018 3402 1319 2619 775 2775 957 3319 858 2957 2858 1381 3381
Route 56 : 1596 1333 770 2770 1959 338 3959 3333 2338 1614 840 1526 3614 1878 3878 1799 1498 2840 3526 3498 3799 1420 1021 3420 281 2281 3021 3596
Route 57 : 1485 690 819 2690 1806 3806 2819 3485 1398 1952 1832 3952 3398 551 804 2804 1562 3832 3562 1459 2551 1343 3343 3459
Route 58 : 1833 427 979 3833 1655 35 2427 3655 2979 1529 2035 3529 433 595 2433 1049 2595 729 3049 138 1066 2138 1170 2729 3170 3066
Route 59 : 1986 1814 1628 3814 3986 1932 3628 1994 3994 3932 316 2316 1176 684 2684 1053 3053 3176 1703 1328 3703 593 3328 2593 1249 1099 3099 3249
Route 60 : 703 346 759 2346 2759 584 2703 1135 1146 3135 1243 3146 1487 3487 2584 3243 1808 1447 3808 3447 144 2144 761 477 2761 2477
Route 61 : 237 855 756 2237 1102 8 3102 197 2008 2855 1912 2197 1993 3993 3912 1757 467 2756 3757 271 2467 2271 767 1410 2767 3410 1852 3852
Route 62 : 296 1228 2296 937 3228 1916 2937 3916 940 1107 2940 638 2638 776 121 2121 3107 1510 1693 3693 1731 3510 3731 2776 1427 1780 3427 3780
Route 63 : 388 235 757 2388 2235 2757 52 931 1168 3168 2052 2931 1042 310 2310 336 2336 3042 1373 1200 852 3200 926 2926 664 2852 3373 2664
Route 64 : 1013 669 2669 660 3013 1296 3296 928 372 2660 2372 1774 2928 1385 3774 1648 3385 391 3648 1137 2391 1434 3137 3434 971 591 2971 2591
Route 65 : 751 585 2751 1126 3126 2585 535 753 2535 677 587 340 2340 2753 2677 88 373 2088 2373 2587 70 1232 357 2357 1519 3519 2070 3232
Route 66 : 1677 1696 1198 3677 1050 3050 715 3696 1625 2715 3625 3198 1453 1720 3453 1746 3746 616 1970 2616 3970 3720 1461 1393 3393 1802 3802 3461
Route 67 : 1915 1885 3915 503 1554 3885 1756 3756 3554 1357 2503 339 2339 74 2074 3357 1500 648 580 3500 2580 2648 1748 1189 1895 3895 3748 3189
Route 68 : 1758 1475 3475 612 2612 536 3758 1277 3277 647 2536 1535 2647 1844 1472 3535 3844 3472 1484 511 2511 727 3484 1816 2727 3816
Route 69 : 728 1612 607 2728 122 2607 1097 75 2122 1546 3097 3612 2075 3546 1649 1394 3394 3649 1412 1252 3252 1905 3412 1931 1408 3905 3408 3931
Route 70 : 1601 1611 1981 3601 905 3611 1630 3981 1661 3630 2905 56 3661 1876 3876 611 2056 1215 3215 1846 2611 3846 1462 623 3462 2623
Route 71 : 802 719 354 2719 1433 917 2354 2802 3433 2917 1124 834 726 2834 634 2634 2726 832 3124 2832 419 363 497 2363 2497 2419
Route 72 : 1272 1046 3046 1219 3272 1435 3435 132 2132 3219 866 543 2543 2866 693 297 2297 424 2424 243 2693 1697 3697 949 2243 1548 2949 3548
Route 73 : 602 383 2602 531 2531 2383 313 625 359 2625 156 2156 552 2313 2552 2359 1376 1652 3376 559 3652 1570 2559 919 2919 3570
Route 74 : 1767 765 3767 311 1636 3636 2765 171 2311 172 2171 2172 646 2646 668 740 984 2984 29 2029 700 2740 2700 1721 2668 3721
Route 75 : 1037 465 3037 93 2093 2465 830 415 2830 42 2415 1236 1647 3236 2042 3647 85 1629 1235 2085 3235 1728 3629 1621 3621 3728
Route 76 : 1088 94 3088 2094 483 956 2956 2483 241 665 2241 1010 1190 232 2665 2232 3190 3010 1294 720 1714 2720 3714 1206 3294 3206
Route 77 : 1506 1616 3616 3506 754 1954 3954 966 2754 109 2966 2109 666 2666 1449 1507 3507 3449 539 1827 1065 328 2328 3065 3827 2539
Route 78 : 1828 3828 394 95 1332 3332 2095 2394 506 1768 3768 2506 1565 909 3565 2909 133 2133 451 601 2601 1511 3511 2451
Route 79 : 1823 3823 1169 881 1323 2881 3323 1909 3169 1568 3909 906 1069 3568 1559 2906 1953 3953 948 2948 3559 1329 3069 3329
Route 80 : 772 818 1807 2772 1384 3807 3384 1842 2818 3842 1486 1717 37 3717 3486 2037 277 2277 882 306 2306 2882 947 1415 2947 3415 1904 3904
Route 81 : 1366 129 3366 1307 2129 1657 3657 3307 1196 356 1281 3281 3196 257 2257 2356 1098 741 3098 69 2069 1238 2741 47 1048 3048 2047 3238
Route 82 : 569 1151 2569 3151 1363 1569 3363 1240 528 2528 3569 3240 1388 1223 3388 1875 3223 1966 3875 3966 126 1256 3256 2126
Route 83 : 1517 1671 3517 1585 3671 3585 176 2176 1766 3766 1125 92 1020 2092 3125 3020 323 65 2323 988 2065 2988
Route 84 : 1234 1633 3633 1052 1740 3234 3052 1270 579 3270 2579 3740 264 2264 374 212 525 2374 2525 574 389 2574 2212 298 2389 331 2298 2331
Route 85 : 164 540 626 2164 114 2540 1059 2114 2626 431 3059 868 2431 1073 2868 1407 3073 844 459 3407 488 2488 1273 2844 2459 3273
Route 86 : 527 210 2527 632 1205 2210 3205 434 2434 2632 1594 1003 3003 1679 3594 1217 3679 96 3217 2096 475 447 375 2447 2475 2375
Route 87 : 365 1624 2365 3624 1670 3670 1017 3017 1127 561 185 3127 2561 2185 706 562 1260 2562 2706 594 1004 2594 3260 3004
Route 88 : 508 1085 2508 3085 1996 380 441 3996 817 2441 791 2817 2791 2380 670 1501 2670 783 2783 1278 160 3278 1776 2160 683 2683 3776 3501
Route 89 : 1739 3739 478 1902 302 3902 413 2302 1910 2478 2413 3910 1356 1978 3356 3978 1861 1747 1551 3861 3747 102 1340 3551 3340 2102
Route 90 : 1009 1313 3009 3313 795 570 2795 2570 1293 1521 1149 3293 3149 1416 3416 3521 1879 1142 3879 131 3142 1577 2131 3577
Route 91 : 1032 91 2091 368 3032 758 2368 2758 462 529 2529 2462 1705 1489 3489 610 779 1301 2779 2610 3705 1631 3301 3631
Route 92 : 360 174 1658 3658 2360 2174 1552 615 3552 226 884 2615 2884 2226 244 1754 2244 217 371 2217 1690 3690 2371 3754 1743 3743
Route 93 : 177 581 2581 450 190 2450 1014 2190 2177 3014 1805 3805 1666 484 1008 3666 2484 3008 967 924 2967 347 2347 2924 1937 3937
Route 94 : 1778 3778 549 1765 902 1064 2902 874 2549 3765 2874 1803 3064 1504 1365 3803 618 2618 621 3365 2621 3504 1990 159 951 2951 2159 3990
Route 95 : 16 1389 2016 952 1077 3077 932 3389 2952 1881 2932 1792 3792 3881 120 320 778 2120 2778 2320 1429 805 2805 3429 1911 3911
Route 96 : 1418 1438 3418 119 259 2119 3438 2259 514 482 1469 2482 597 2514 3469 702 438 2702 2438 2597 1244 1854 3854 3244
Route 97 : 97 414 2097 862 697 145 2414 1826 2697 2145 2862 3826 1840 3840 747 820 1210 2820 3210 410 2747 142 1379 2142 1755 2410 3379 3755
Route 98 : 1538 286 2286 1502 3538 1194 1372 3194 3372 843 3502 1560 2843 598 3560 499 2598 1220 2499 265 3220 2265 811 2811 1024 3024 813 2813
Route 99 : 112 2112 66 2066 970 1317 390 2390 3317 1450 1618 2970 1918 3618 3450 3918 907 107 1958 2907 2107 3958
Route 100 : 1784 735 3784 1590 2735 912 2912 1530 3590 3530 1729 3729 1576 162 2162 3576 73 1400 1424 886 3424 3400 2073 2886
Route 101 : 1572 192 2192 79 3572 981 2079 2981 1927 1309 3309 3927 299 1087 3087 2299 1613 287 3613 710 2287 1269 2710 3269
Route 102 : 893 453 1587 2453 3587 713 2893 479 2713 2479 1599 457 3599 1531 2457 3531 995 558 2995 2558 731 1900 2731 3900
Route 103 : 325 899 872 1180 2899 3180 2872 1096 2325 782 1791 3791 3096 58 2782 2058 1913 510 3913 1795 2510 1491 3795 3491
Route 104 : 1946 642 3946 712 2642 1109 3109 423 1082 2423 3082 2712 1533 659 1129 2659 3533 62 2062 3129 1662 3662 1605 21 2021 3605
Route 105 : 228 939 681 2228 2681 799 2939 2799 13 489 2013 1762 3762 1347 2489 3347 206 443 2206 1116 2443 1515 3116 3515
Route 106 : 614 1566 662 2614 2662 3566 810 1683 2810 654 3683 977 2654 532 2977 307 2532 1460 2307 3460 1804 1969 3969 3804
Route 107 : 1602 3602 1607 1295 920 3295 1463 2920 3607 1539 3463 1745 1623 3539 3745 1744 3623 3744 45 1857 2045 3857 124 1274 2124 1417 3417 3274
Route 108 : 1684 3 178 3684 1727 2178 2003 3727 1259 980 1446 3259 1849 3446 3849 933 333 2933 2980 860 2333 1864 3864 1680 2860 3680
Route 109 : 1573 1850 1439 3439 1991 3573 1668 3850 1751 1936 3668 3751 3991 3936 260 745 1214 2745 592 2260 2592 1708 1669 3214 3669 3708
Route 110 : 1187 422 1128 1105 3128 3187 2422 3105 10 617 2617 2010 12 90 2012 2090 51 456 2051 1779 3779 1525 2456 3525 1641 3641
Route 111 : 1018 1586 3018 1597 3586 1327 1855 3327 3597 3855 1057 565 3057 941 2565 892 2941 1233 3233 867 458 2892 2458 2867
Route 112 : 472 667 2667 2472 216 1033 3033 2216 204 1547 3547 2204 1654 308 1732 3732 1283 2308 3283 555 3654 542 2555 2542 1353 3353
Route 113 : 1361 288 2288 1975 711 3361 295 3975 1028 2295 2711 1458 3028 1773 3773 1406 3406 563 3458 2563 749 1302 2749 7 2007 3302
Route 114 : 200 1355 2200 1144 652 1338 3355 3144 1231 2652 622 3231 2622 3338 103 1112 2103 1299 3112 59 3299 207 2207 696 2696 2059
Route 115 : 568 1882 2568 1635 1371 3882 3371 319 1117 3635 186 2186 211 2319 3117 1845 2211 1928 3845 1120 463 3928 1626 3120 2463 3626
Route 116 : 1445 3445 1488 481 3488 67 2481 1166 2067 3166 401 1715 2401 1841 544 2544 873 3715 911 2911 1930 3841 2873 3930
Route 117 : 898 1524 1564 3524 2898 1308 303 3564 3308 1499 1575 2303 1345 1935 3499 3575 408 3935 2408 557 806 3345 2557 2806 1467 809 3467 1786 3786 2809
Route 118 : 362 99 718 2362 2718 344 2099 1150 986 2344 1140 3150 2986 3140 1867 3867 572 1344 2572 3344
Route 119 : 704 908 2704 1733 3733 1423 2908 1386 994 1698 3423 3386 548 1396 3396 3698 2548 781 2781 1965 20 3965 2994 2020
Route 120 : 847 972 533 2972 2847 2533 895 1006 2895 921 430 2430 2921 3006 1095 857 3095 1591 2857 3591 1457 1403 3403 3457 1644 3644
Route 121 : 1369 163 2163 1699 3699 3369 1638 3638 175 515 2175 284 2284 304 2515 353 2353 2304 1862 573 3862 309 2573 28 2028 2309
Route 122 : 64 1872 2064 157 3872 541 2157 293 2541 1122 2293 81 1980 2081 1730 1645 3730 3645 3122 3980
Route 123 : 516 263 324 2516 1734 588 2263 3734 2324 1707 1079 3707 2588 1456 464 3456 2464 3079 1287 248 869 2869 2248 1477 3477 3287
Route 124 : 1211 329 382 2382 3211 1692 285 485 3692 222 2485 2329 546 2546 24 2222 900 2024 181 2181 2285 1364 2900 3364 1479 3479
Route 125 : 717 1711 845 3711 829 2845 734 2717 1181 3181 2829 2734 643 914 2643 512 2914 1352 2512 1681 1920 3352 3681 3920
Route 126 : 1312 663 3312 2663 1894 377 1058 2377 1726 3726 270 3894 1039 3058 496 2270 3039 452 2452 1934 3934 2496
Route 127 : 1709 3709 1074 3074 596 1154 2596 3154 1165 36 1452 2036 3452 3165 1871 1588 3871 1370 3588 3370 139 1815 2139 748 3815 2748
Route 128 : 1689 1863 3689 1665 3863 1391 3665 3391 1558 84 3558 2084 1138 3138 945 203 2203 2945 227 1262 3262 1583 2227 3583
Route 129 : 962 98 1984 2962 189 474 2189 2098 3984 2474 470 2470 1716 3716 294 2294 635 688 2635 982 27 2027 448 2688 1263 2448 2982 3263
Route 130 : 1820 916 946 2946 2916 1866 3820 1478 3866 3478 1432 179 3432 2179 337 2337 760 2760 1034 629 3034 110 2629 1063 3063 680 2110 2680
Route 131 : 1036 637 2637 560 2560 3036 1856 1925 3856 3925 282 824 2282 1782 153 3782 2153 2824 1075 1700 3700 3075 1133 3133
Route 132 : 1139 231 352 3139 762 2352 83 2762 461 2083 1254 369 3254 1218 2369 2461 3218 1022 903 2231 3022 1811 3811 1044 1185 2903 3185 3044
Route 133 : 5 152 1041 2005 146 2152 262 1186 2146 3041 2262 1368 3186 1752 1870 3752 3870 407 3368 1989 2407 1380 1431 3989 3380 1672 3672 3431
Route 134 : 1374 1967 3374 246 1557 3967 2246 3557 999 641 766 2766 26 2999 327 1995 2327 2026 1653 3653 1851 2641 3995 3851
Route 135 : 1349 404 3349 2404 392 1409 2392 1443 3409 3443 196 140 2140 1868 2196 1011 3868 3011 476 896 1208 2896 752 2476 1656 2752 3208 3656
Route 136 : 1825 1947 3825 1908 3908 468 2468 965 3947 764 2965 1750 3750 2764 449 828 2828 379 2449 1482 3482 2379
Route 137 : 283 1157 3157 2283 1642 1886 3886 838 1156 3642 1405 3156 2838 3405 1164 39 223 3164 1300 640 2223 2039 3300 2640
Route 138 : 1060 1574 1080 3060 3574 3080 871 2871 679 154 2154 1982 3982 500 2679 2500 1258 1291 1155 3155 1737 1789 3258 3789 3291 3737
Route 139 : 1268 77 416 2077 46 2046 2416 349 3268 1383 3383 2349 1620 1688 1694 3620 3694 1741 3741 676 3688 1710 2676 3710 1083 3083 1582 3582
Route 140 : 883 245 2883 519 2245 2519 880 2880 1331 1292 148 3331 1068 807 2148 3292 609 2807 2609 3068 1207 1209 1847 3207 3209 3847
Route 141 : 205 411 1113 2411 1016 3016 3113 1646 2205 3646 964 275 1761 445 2275 134 2134 3761 2964 891 2445 1933 1763 2891 3933 3763
Route 142 : 1834 72 3834 221 2072 141 1675 2221 2141 1441 808 1939 3441 3675 2808 3939 1290 554 3290 301 486 2554 968 691 2301 2691 2486 2968
Route 143 : 49 582 2049 725 800 2582 1325 3325 2725 1111 2800 620 3111 1534 723 859 2859 3534 1770 1892 2723 3892 2620 1522 3770 3522 1516 3516 636 2636
Route 144 : 1378 3378 1598 1944 3598 1556 3944 1051 3556 460 1159 3159 1735 2460 1197 3735 1213 3051 3197 3213 1399 1193 326 2326 3193 3399 187 2187
Route 145 : 1321 236 2236 975 3321 1718 2975 950 2950 3718 935 870 2935 2870 993 1760 1202 3202 1545 3760 3545 1884 2993 3884
Route 146 : 1279 1183 1812 3812 3183 1835 3279 1610 3835 3610 188 345 2188 836 1350 2345 1248 2836 3248 3350 1089 1719 1078 3078 1897 3089 3719 3897
Route 147 : 1071 30 1536 3536 251 50 2030 942 1753 2050 3071 3753 2251 2942 875 547 1581 2875 3581 2547 1163 603 3163 2603
Route 148 : 1224 386 22 3224 2022 403 2386 480 502 2403 1865 2480 342 2342 1685 3865 2502 276 3685 1093 170 3093 258 2170 2276 2258
Route 149 : 1686 1404 3686 1772 1917 3917 3772 3404 1650 3650 361 989 2989 1634 1830 3634 3830 2361 863 1162 2863 3162 267 314 2314 2267
Route 150 : 1505 215 3505 960 2215 1119 1171 3119 2960 1001 3001 3171 169 1914 3914 398 2398 801 2801 538 2538 650 651 2169 2651 2650
Route 151 : 233 628 2233 2628 1663 673 2673 1509 3663 3509 1094 1195 1257 3195 3094 3257 915 1266 3266 1971 2915 1466 3971 3466
Route 152 : 1674 1929 3929 3674 1245 1901 1 3245 3901 2001 990 381 1145 969 2381 2990 2969 3145 1926 1578 3926 3578
Route 153 : 194 846 2194 1813 1182 2846 3182 3813 763 708 2708 1790 2763 44 1110 738 3790 3110 1580 3580 2044 2738 1550 3550
Route 154 : 218 1468 1999 2218 3468 3999 1306 1285 428 3285 1604 3604 3306 2428 878 1972 2878 3972 1288 692 943 2943 2692 220 2220 3288
Route 155 : 224 722 253 2722 2224 118 2253 959 2959 2118 1045 814 3045 2814 1267 507 2507 256 3267 678 2256 2678
