Instance name : bar-n4000-5
Authors       : Dmitriy Demin, Mikhail Diakov (msd@veeroute.com), Ivan Ilin, Nikita Ivanov, Viacheslav Sokolov (vs@veeroute.com) et al. VRt Global (https://veeroute.com/)
Date          : 2023-04-24
Reference     : veeroute.com
Solution
Route 1 : 1601 188 1337 3337 795 710 2710 1855 2188 1730 2795 202 3730 3601 3855 1023 822 3023 2822 828 2828 373 225 2373 2225 1843 3843 2202
Route 2 : 1411 487 3411 2487 340 2340 1678 3678 948 2948 1209 523 2523 1338 3338 3209 1499 1182 423 2423 3182 3499
Route 3 : 508 836 583 2583 1650 2836 2508 1813 451 3813 1898 2451 875 3898 183 788 2788 3650 2875 2183 1546 3546 1203 219 1612 3203 3612 1366 3366 2219
Route 4 : 1573 630 2630 712 698 2712 787 906 3573 2906 670 2787 572 2670 2572 67 2698 1977 2067 1858 285 3977 2285 3858 1464 3464
Route 5 : 1055 1972 235 3055 3972 2235 392 1903 2392 3903 1111 537 3111 810 1364 2810 1253 2537 3364 1792 1283 3253 3283 3792 1613 3613
Route 6 : 744 1129 3129 2744 97 374 2097 1263 2374 651 1727 3263 290 1213 1809 1205 2651 3205 3213 3727 1468 546 789 860 3809 3468 2546 2789 2290 2860
Route 7 : 108 2108 83 70 84 2070 2083 994 2084 2994 159 2159 1916 417 3916 2417 849 1501 1410 2849 3501 1406 3410 1937 3406 3937
Route 8 : 1432 503 3432 2503 1966 3966 42 1936 2042 3936 453 1315 2453 1893 3315 1681 3893 411 2411 3681 802 1133 3133 1154 3154 2802
Route 9 : 674 620 2674 419 2419 2620 1980 3980 1531 1803 3803 30 2030 3531 626 1541 2626 746 3541 961 2746 1197 2961 1844 3197 321 2321 3844
Route 10 : 559 2559 132 1336 881 3336 1345 2881 516 2516 1187 2132 3187 1090 3345 3090 562 1385 2562 812 2812 1640 3385 3640 237 680 2237 2680
Route 11 : 1073 1580 3580 511 1586 3073 2511 3586 1967 1427 368 3967 3427 1116 1462 3116 3462 2368 449 1895 2449 3895 167 1022 2167 3022 805 2805
Route 12 : 1223 3223 1447 3447 1042 3042 599 589 2599 529 2589 1782 3782 2529 1929 3929 623 2623 1216 334 2334 820 1506 2820 166 3506 3216 2166
Route 13 : 1007 1000 1459 3000 1584 3459 3007 499 3584 1514 1985 3514 2499 123 3985 427 650 2123 550 2427 2650 1170 2550 982 365 3170 2982 2365
Route 14 : 667 608 2608 2667 56 1126 2056 856 2856 3126 569 1942 3942 2569 705 945 2705 2945 1859 3859 1645 1476 3476 522 3645 2000 727 2522 4000 2727
Route 15 : 831 2831 160 2160 483 2483 261 722 2261 917 2917 506 2506 242 2242 2722 1159 465 832 1820 2465 3159 2832 719 2719 3820
Route 16 : 1567 3567 1519 612 315 3519 525 484 2525 2484 2315 564 2612 448 318 2564 1537 1157 2318 1674 2448 786 3674 3537 739 2739 2786 3157
Route 17 : 1221 3221 1013 3013 1679 855 3679 2855 1301 1874 3301 3874 104 92 2104 2092 268 371 138 2268 1435 1998 2371 3998 3435 2138
Route 18 : 196 2196 759 677 2759 2677 1127 1726 1821 3726 3127 63 943 3821 2063 2943 684 421 2684 747 1775 3775 2421 1136 2747 3136
Route 19 : 178 2178 1011 663 2663 1660 3660 3011 400 770 2400 2770 1058 985 3058 2985 55 1675 3675 1164 3164 2055 1399 120 1814 2120 3814 3399
Route 20 : 967 767 2767 996 2996 262 2967 2262 850 9 2850 1631 538 1275 3631 976 367 2009 1841 2538 3841 2976 2367 3275
Route 21 : 1201 1725 3201 1261 3261 1192 3192 3725 19 549 665 2549 545 2665 2019 1938 555 2555 3938 908 1224 2545 527 2908 3224 570 2527 2570
Route 22 : 577 2577 495 782 2495 1165 3165 2782 1711 3711 1208 658 2658 1354 3208 3354 278 1449 68 3449 2068 1892 3892 2278 1386 1080 3080 103 3386 1146 2103 3146
Route 23 : 1636 500 1181 2500 3636 3181 345 2345 1952 3952 1616 3616 1643 332 2332 3643 1847 1575 3847 288 3575 2288 1548 955 1444 3444 3548 2955
Route 24 : 1739 293 105 2293 1918 2105 1729 3739 3918 3729 271 2271 1562 1763 3562 3763 1231 1404 3404 1005 3231 3005 466 1185 2466 1032 3185 3032
Route 25 : 990 762 2762 2990 1594 1923 3594 1460 1274 3923 3460 830 1380 3274 2830 1497 3497 530 3380 2530 1637 1909 3637 1065 3065 3909
Route 26 : 128 1781 2128 3781 1202 1456 1167 3202 3456 1934 3167 3934 1757 1467 3467 756 2756 1407 3757 3407 197 991 45 2991 1710 2045 3710 2197
Route 27 : 891 1284 916 3284 1823 2916 2891 1289 476 3289 3823 2476 1975 3975 471 1830 2471 1684 1608 3608 3830 617 3684 2617 704 699 2699 2704
Route 28 : 1502 165 356 959 2356 272 3502 2959 2165 2272 106 1990 2106 129 413 2129 1629 816 3629 3990 223 2413 380 2816 974 2380 2223 2974
Route 29 : 1626 1009 3626 772 3009 528 956 2772 858 2956 873 2528 467 2467 2858 2873 1694 3694 930 783 1826 2783 723 2930 2723 396 3826 2396
Route 30 : 1685 1285 3685 3285 1114 1149 3114 3149 1736 1105 3736 3105 902 1853 2902 3853 292 398 2292 602 2398 116 2602 1528 2116 3528
Route 31 : 1740 57 2057 3740 115 443 2115 255 2255 2443 1810 1904 3810 284 1805 2284 1835 3835 3805 3904 1737 3737
Route 32 : 250 969 1940 2969 3940 2250 1104 3104 146 2146 581 1885 2581 1829 1865 3885 3829 595 3865 2595 1025 1842 1250 3025 3250 3842 1665 3665
Route 33 : 1701 3701 206 2206 1015 3015 1455 3455 1564 983 1958 2983 3958 1666 1052 3052 3666 615 3564 1768 2615 480 2480 1234 3768 3234
Route 34 : 1362 1256 808 3256 1957 2808 3362 3957 208 1753 1801 3753 2208 933 2933 724 3801 524 1702 2724 3702 1856 3856 2524
Route 35 : 1944 3944 1110 1102 1595 3102 3110 1900 1485 3900 3595 1615 901 3485 249 3615 1145 3145 1870 2249 3870 2901 470 353 324 2353 2470 2324
Route 36 : 455 2455 1919 3919 1113 3113 1852 3852 1387 3387 1048 3048 1494 3494 861 2861 1959 1815 3959 1651 3815 38 3651 2038
Route 37 : 1062 888 2888 1876 3062 277 3876 2277 246 2246 938 2938 1963 3963 1352 1955 3352 580 1439 2580 3439 3955 66 801 2066 1970 2801 3970
Route 38 : 1031 461 2461 1534 3534 3031 227 181 1770 2181 531 2227 3770 2531 1603 3603 459 532 93 2093 2532 2459 839 370 2839 2370
Route 39 : 501 2501 435 2435 1687 3687 798 247 2798 1610 3610 1742 3742 1296 2247 3296 251 903 1059 2903 2251 3059 883 1445 2883 536 3445 2536
Route 40 : 1533 3533 760 732 2760 2732 1106 1647 3647 1068 1732 3106 3068 44 3732 1215 3215 381 2044 1754 2381 863 2863 3754
Route 41 : 1010 1695 3695 1051 347 2347 3051 3010 401 2401 420 182 2420 1434 2182 1788 3434 655 3788 2655 1266 800 431 2800 1333 3266 2431 3333
Route 42 : 509 738 2738 1697 3697 1698 2509 886 963 3698 430 2963 2886 913 2913 1060 3060 1307 2430 1155 3155 3307 1624 472 2472 769 1402 2769 3624 3402
Route 43 : 1479 3479 741 1175 3175 2741 1673 3673 1094 3094 717 1018 2717 1346 3018 3346 13 870 2870 2013 1487 882 1148 3487 1914 3148 2882 3914
Route 44 : 217 1785 77 3785 1574 2077 3574 257 2257 887 2887 2217 1241 3241 1908 1446 3908 1848 1033 1474 3033 3848 1987 944 3474 2944 3987 3446
Route 45 : 46 2046 328 1748 243 2328 3748 51 2051 2243 1869 3869 1162 775 2775 1797 3162 3797 932 263 2932 1356 1134 3134 2263 3356 397 2397
Route 46 : 403 2403 1063 1605 3605 3063 259 628 2259 2628 1384 3384 1425 3425 1334 563 3334 2563 394 2 172 2002 2394 320 2172 2320
Route 47 : 1913 591 2591 631 1578 2631 3913 3578 669 526 2669 962 2526 1759 2962 637 3759 872 1490 2872 1762 424 3762 3490 1777 1313 3777 2637 3313 2424
Route 48 : 1556 3556 557 1268 3268 1233 302 3233 519 1800 2302 965 3800 2965 1634 2519 3634 1760 3760 2557 279 1390 3390 2279
Route 49 : 619 2619 1093 3093 1577 3577 1030 3030 1442 52 3442 2052 140 2140 1488 918 3488 1632 2918 682 264 2682 2264 3632
Route 50 : 603 1189 2603 3189 1179 3179 18 672 2672 1475 3475 1886 2018 3886 1012 629 1130 2629 3012 3130 558 207 2207 2558 740 2740
Route 51 : 1743 1784 3784 28 2028 1394 3394 481 711 2481 2711 1549 3549 929 2929 753 1912 2753 214 1597 3597 2214 1276 3912 3743 3276
Route 52 : 74 2074 799 1163 3163 2799 1850 1417 3850 1358 3417 3358 673 1309 1306 3306 2673 1996 3309 1974 3974 1999 3999 3996
Route 53 : 1257 316 2316 24 1245 3257 2024 923 352 2923 95 3245 305 691 2305 191 2095 2352 2191 907 2691 1047 2907 3047
Route 54 : 425 1703 847 3703 653 695 2847 2695 2653 2425 96 1662 2096 1483 3662 479 1824 3483 1949 3824 15 3949 2015 2479 1403 3403
Route 55 : 792 439 2792 125 1992 2439 2125 3992 61 1318 488 1473 2488 1177 3473 3318 90 2061 584 1002 2090 3177 1014 2584 3014 3002
Route 56 : 1503 934 3503 2934 1237 731 2731 3237 109 2109 339 333 2333 1655 2339 1761 1517 3655 3517 796 2796 3761
Route 57 : 618 248 640 2248 1465 2640 1368 3465 2618 153 1035 76 1304 2153 3035 216 3368 548 2216 2076 3304 1614 3614 1718 1831 3831 2548 707 3718 2707
Route 58 : 688 241 2688 1910 502 2502 2241 3910 1282 3282 606 2606 1897 349 2349 565 3897 2565 504 2504 1466 1395 3466 3395 85 2085
Route 59 : 970 2970 3 2003 1373 533 3373 1454 2533 947 3454 2947 840 148 2840 1321 2148 774 3321 754 2774 1140 949 1184 2754 3184 2949 3140
Route 60 : 553 2553 1911 1693 3911 143 1158 3693 1953 2143 442 3953 3158 343 133 2442 2133 2343 676 1152 1067 2676 3067 3152 331 2331
Route 61 : 372 2372 1045 1915 3045 566 1839 3839 1409 2566 3915 3409 742 2742 958 928 1925 3925 2958 2928
Route 62 : 295 1240 517 1131 3240 3131 576 2295 2576 2517 1807 3807 438 2438 1071 834 1150 3071 1087 3087 3150 2834 1151 301 3151 2301
Route 63 : 313 2313 1551 287 2287 818 2818 515 2515 1931 3551 1381 646 3931 3381 915 2646 1280 258 2915 3280 614 2614 1767 2258 3767
Route 64 : 232 1589 2232 1416 3589 429 2429 3416 1123 1682 662 3123 2662 3682 1 1704 3704 2001 1868 1251 211 3868 3251 2211
Route 65 : 697 2697 1590 3590 1720 3720 436 26 2026 1259 2436 3259 1418 3418 1247 1078 3247 3078 1906 1108 1457 3906 1837 3108 11 3837 2011 3457
Route 66 : 1554 1939 1084 3939 1508 3508 1661 3084 3661 1382 1312 3312 12 675 3554 2012 3382 814 2675 2814 88 1862 1079 3862 2088 3079
Route 67 : 100 254 2254 2100 817 2817 474 440 2474 2440 468 175 2175 514 2468 2514 1609 1582 415 3609 3582 551 1863 2415 3863 2551
Route 68 : 1332 3332 1734 752 3734 1243 2752 1716 3243 426 3716 384 2426 687 2384 1599 1532 3599 1721 3721 3532 2687
Route 69 : 1210 1518 3518 654 3210 2654 1780 265 2265 3780 1288 3288 99 1930 2099 3930 1769 245 2245 989 2989 1941 3769 300 2300 3941
Route 70 : 1989 3989 1122 3122 579 2579 1995 1298 3995 201 2201 535 3298 113 282 2282 2535 350 2113 337 1747 2337 2350 1787 3787 3747
Route 71 : 1292 611 3292 1648 2611 296 992 1021 3648 87 2296 3021 1507 2992 1713 2087 1606 3713 3606 644 3507 177 1249 1558 3249 2644 3558 2177
Route 72 : 1542 3542 1965 59 3965 2059 1412 1378 869 3412 3378 253 582 2253 2582 758 2869 600 2758 2600 696 354 2354 2696
Route 73 : 1948 1351 64 2064 3948 3351 1214 391 3214 118 2391 700 2118 686 1907 213 2213 2700 3907 2686 730 2730 1961 204 3961 1524 2204 3524
Route 74 : 785 2785 590 2590 1038 1147 3038 3147 142 2142 1867 1888 1347 3888 3867 3347 1690 1212 428 3690 1082 3212 3082 1361 2428 3361
Route 75 : 1598 708 1492 3492 3598 2708 693 2693 1812 1522 3812 3522 1428 510 1795 1806 3806 1236 2510 3428 1350 3236 827 2827 3350 3795
Route 76 : 1112 3112 895 171 2895 1342 2171 852 473 2473 3342 1498 2852 1316 689 210 3316 3498 2689 2210 1303 773 2773 995 3303 544 2995 2544
Route 77 : 1365 556 3365 2556 156 2156 821 1596 2821 408 1302 3596 2408 3302 977 212 2977 1889 2212 1433 3889 54 3433 412 2412 2054 460 2460
Route 78 : 1020 3020 1559 3559 1723 39 3723 1323 2039 3323 168 228 2228 2168 1560 3560 1988 749 2749 1326 327 3326 1668 3668 240 2327 2240 234 2234 3988
Route 79 : 842 1141 3141 878 2842 2878 1994 1160 960 3160 2960 62 534 768 2534 2768 432 3994 2432 1053 3053 1733 3733 2062
Route 80 : 1359 1074 3074 1706 3706 1875 3359 1802 3802 1491 3875 134 2134 678 53 3491 2053 713 973 2713 2678 2973 1653 493 2493 3653
Route 81 : 1621 3621 447 2447 281 1969 2281 1749 733 3969 3749 65 980 388 2733 1790 2388 957 2065 3790 462 2980 2957 2462
Route 82 : 433 209 2433 1139 2209 1117 1764 3117 3764 3139 1672 936 3672 2936 1374 1486 3374 3486 445 10 2445 2010 1118 3118 900 276 2900 2276
Route 83 : 1050 1642 3050 3642 1180 330 952 3180 922 2922 2330 2952 1774 884 3774 2884 616 294 2616 2294 275 1570 3570 2275 1300 588 2588 3300
Route 84 : 267 871 1523 2871 1588 3588 3523 2267 998 406 2406 721 2998 2721 1804 729 1553 3553 2729 3804
Route 85 : 971 2971 1088 1041 3088 3041 60 2060 520 260 2520 2260 1001 3001 1258 1772 1103 3772 3258 3103 1550 6 1072 3550 3072 1993 2006 3993
Route 86 : 652 999 2652 1607 2999 1322 3607 3322 1798 1331 3798 512 3331 266 2266 2512 1196 3196 1565 3565 1028 199 2199 3028 173 2173
Route 87 : 1834 280 1293 2280 50 1017 3017 2050 3293 3834
Route 88 : 1299 3299 1367 1659 3367 1393 3659 1688 43 3393 3688 2043 1493 1109 777 3109 2777 3493 1450 554 826 2554 2826 3450
Route 89 : 1511 3511 1341 329 3341 416 2329 2416 1357 36 3357 1576 2036 3576 848 2848 151 1049 3049 1527 3527 838 2151 1267 2838 978 3267 2978
Route 90 : 450 987 2987 2450 1927 1081 3927 3081 1882 1470 3882 184 395 1238 3470 2184 312 2395 844 2844 2312 1166 3238 3166 573 2573
Route 91 : 1489 1363 3489 1741 3741 1183 3363 3183 1085 3085 1044 1773 3044 964 3773 1602 2964 7 1057 3057 2007 1437 3437 3602 422 2422 490 2490
Route 92 : 951 1819 2951 3819 1235 3235 149 2149 1436 1252 71 2071 3252 3436 1039 1877 3039 3877 1539 1176 659 3539 1731 2659 3176 3731
Route 93 : 835 2835 360 2360 1178 1438 3438 3178 1652 3652 1513 3513 1887 155 3887 1317 1968 2155 498 2498 3968 3317
Route 94 : 931 283 2283 37 2931 2037 1290 1667 303 3667 3290 5 2303 1536 230 2005 1128 3128 3536 2230 541 2541 1520 1738 3520 3738
Route 95 : 679 491 2679 2491 215 2215 845 1799 2845 725 3799 1811 3811 683 2683 2725 763 1277 1515 1838 2763 3277 3515 3838 369 1656 2369 3656
Route 96 : 1822 1864 3864 1320 622 3822 3320 790 824 2824 169 2169 2622 892 2790 236 2236 2892 110 1783 624 2110 1744 3783 2624 3744
Route 97 : 1622 3622 1692 3692 1630 3630 1392 3392 1593 880 3593 797 1246 2797 2880 3246 807 2807 1098 119 2119 3098 518 2518
Route 98 : 1604 351 366 3604 2366 2351 1808 3808 803 635 2803 1555 2635 1046 745 3555 2745 1083 3083 3046 1297 1700 3297 383 2383 3700
Route 99 : 1750 1840 3840 1561 1535 3561 3535 3750 794 1225 1625 909 3225 2794 1646 410 2909 3646 3625 1329 2410 1396 1441 3396 3441 3329
Route 100 : 1496 17 3496 475 2017 2475 1398 3398 1206 3206 364 291 2291 2364 648 359 2648 1086 1816 2359 434 3816 3086 1714 2434 3714
Route 101 : 270 2270 157 2157 486 2486 127 2127 1100 3100 1796 1899 3796 3899 418 2418 1950 784 409 2409 997 2784 3950 299 1451 2997 3451 2299
Route 102 : 815 2815 163 2163 1054 1857 3054 1495 3495 179 190 2179 1860 3860 2190 335 1964 3857 405 2335 3964 2405 437 1627 2437 3627
Route 103 : 73 761 2073 1340 101 2761 3340 192 1755 1265 811 3265 781 2811 2192 3755 1978 2101 325 3978 2325 877 94 2781 1190 2877 3190 2094
Route 104 : 1217 3217 1424 310 3424 1951 3951 736 2310 309 304 2309 2736 2304 1310 1121 3121 3310 269 645 2269 748 2748 1372 2645 3372 1168 3168
Route 105 : 715 2715 346 1745 2346 3745 91 1766 594 3766 2091 164 2164 58 2058 925 896 2925 2594 1976 1461 2896 3976 1195 3461 3195
Route 106 : 1262 927 3262 41 1896 2927 2041 1547 1092 3092 222 3547 3896 1355 31 2222 3355 2031 1722 587 1305 3722 1619 3305 1617 2587 3619 3617
Route 107 : 244 2244 751 2751 386 2386 609 1239 1478 2609 3478 457 494 2494 2457 1344 3344 1269 3239 3269 121 1006 2121 220 2220 1077 3006 3077
Route 108 : 1089 3089 597 1423 3423 2597 107 2107 1278 1194 3278 4 3194 1600 791 2791 2004 452 890 1335 2890 1982 2452 3335 3600 3982 130 2130
Route 109 : 1891 3891 33 647 2033 2647 1872 126 3872 2126 1649 317 3649 968 2968 1226 1401 3401 1119 3226 552 2552 2317 1825 1314 3119 1611 3611 3314 3825
Route 110 : 1161 1654 585 2585 3161 3654 764 1008 3008 2764 1623 1125 1281 3281 3623 728 1641 3125 1443 851 2851 1230 3443 3230 2728 180 2180 3641
Route 111 : 1172 547 3172 1960 1388 3960 1677 2547 1935 3677 1218 3935 3388 306 3218 1096 2306 1789 3096 1670 3670 1426 3426 1440 3789 3440
Route 112 : 1644 456 3644 1174 3174 2456 124 1429 1222 3429 2124 1905 642 3905 3222 78 2642 2078 1751 1521 3521 3751 139 2139
Route 113 : 404 910 226 2910 2404 2226 975 1227 2975 3227 1926 1569 3569 3926 1509 634 1881 1712 3509 1260 3260 2634 3712 3881
Route 114 : 1526 539 859 3526 2859 2539 1064 3064 726 2726 144 2144 542 2542 972 218 2218 2972 1480 377 1901 3480 3901 2377
Route 115 : 477 2477 454 98 2098 1295 2454 757 3295 1004 414 604 2757 3004 639 2604 1756 1529 2414 3756 3529 2639 1544 314 3544 2314
Route 116 : 986 72 1171 2986 2072 926 2926 692 3171 2692 1397 633 3397 2633 193 2193 702 1414 2702 598 3414 681 2598 904 2681 2904
Route 117 : 1463 601 3463 664 2664 2601 1029 3029 1945 1061 3945 3061 1043 3043 1135 3135 21 2021 1472 1591 3472 574 3591 25 135 2135 2574 2025
Route 118 : 1413 355 3413 2355 1353 823 2823 3353 505 2505 578 361 174 2174 2361 2578 1664 3664 776 2776 1735 1144 203 1232 3144 3232 2203 3735
Route 119 : 1211 755 3211 2755 358 919 2358 194 2919 1991 1719 2194 3719 3991 81 2081 1984 984 621 2984 3984 1708 114 2621 252 3708 2114 2252
Route 120 : 1069 3069 40 111 1776 1620 2111 3776 1271 3620 1481 3271 2040 843 407 2407 2843 1311 685 2685 3481 3311 1676 102 3676 2102 478 2478
Route 121 : 1270 273 35 2273 2035 657 152 2657 1828 3270 1922 2152 23 3922 3828 625 1946 3946 2625 1482 3482 198 1027 2023 3027 2198 390 1871 3871 2390
Route 122 : 1633 3633 660 2660 716 1563 2716 1448 161 3563 2161 1198 1421 3448 3198 464 2464 893 1484 2893 793 2793 3484 1343 3343 48 2048 3421
Route 123 : 867 2867 1191 363 921 1153 2921 2363 1873 3191 3873 176 3153 2176 1956 3956 1328 3328 857 1504 1705 3504 743 2857 2743 3705 1242 3242
Route 124 : 1229 1095 3229 1954 3095 690 1500 2690 200 2200 3954 1880 3500 446 3880 2446 1854 3854 8 540 592 2008 1348 2540 3348 1156 2592 3156
Route 125 : 47 2047 1173 1827 3827 1689 1683 3173 150 3683 2150 3689 79 2079 22 2022 1375 1657 3375 1583 3657 1771 3583 568 2568 3771
Route 126 : 1758 1408 1091 497 3408 1291 825 3758 2497 3091 2825 3291 289 2289 27 1928 492 2492 3928 2027 1219 1658 3219 3658 1207 1883 3883 1379 3379 3207
Route 127 : 319 920 2319 899 912 2899 1391 2920 1034 1512 3034 3512 362 2362 1273 924 489 2912 3391 2924 3273 2489
Route 128 : 1568 593 2593 829 2829 868 3568 1383 2868 1255 1137 735 3137 1286 2735 3383 3255 1330 3286 1894 1997 3330 3894 145 3997 2145
Route 129 : 560 2560 195 393 2195 2393 233 1709 2233 3709 1458 3458 1635 889 2889 3635 833 1419 141 2833 953 2141 3419 862 2953 2862
Route 130 : 463 894 2463 1244 2894 3244 521 2521 641 1360 2641 1566 1836 3566 1415 3415 3360 734 3836 1101 1680 3680 3101 2734 885 988 2988 2885 162 2162
Route 131 : 1477 874 2874 1639 1369 1878 3878 3639 3477 666 841 3369 1794 765 2841 3794 2666 2765 387 2387 1962 3962 935 1671 1016 2935 1933 3016 3933 3671
Route 132 : 29 1638 3638 2029 1019 1879 3019 3879 1890 1538 1420 3890 1003 3003 3538 954 3420 1294 661 2954 1308 3308 2661 3294
Route 133 : 1405 1076 1587 3405 3076 1973 3973 399 3587 1272 1349 3272 3349 2399 336 2336 966 2966 80 1075 14 286 2080 3075 2286 1040 2014 3040
Route 134 : 402 750 2402 513 2513 1319 3319 853 2853 846 2750 2846 1947 385 2385 3947 137 297 2297 1143 2137 1199 3143 3199
Route 135 : 131 897 2131 2897 737 2737 376 229 2376 806 2229 2806 239 613 2239 2613 221 778 2221 914 2778 2914 1389 3389
Route 136 : 1618 112 338 2338 2112 3618 898 780 2780 2898 607 1851 2607 1663 231 694 2231 3663 2694 879 905 2905 3851 2879
Route 137 : 865 1715 3715 993 575 2993 1452 3452 1579 1971 2865 49 3971 2575 2049 3579 1431 3431 298 940 1186 1817 2940 2298 543 3186 3817 375 1453 2543 3453 2375
Route 138 : 605 256 2605 2256 147 1132 2147 1070 3132 3070 627 2627 238 2238 1728 3728 709 344 342 2709 1699 2344 2342 3699 950 1505 1254 3254 3505 2950
Route 139 : 714 2714 1142 3142 1138 3138 1097 3097 1832 3832 1557 596 323 2596 2323 649 2649 1371 3557 16 3371 2016 117 2117 69 2069 766 2766
Route 140 : 1056 701 3056 2701 819 1469 2819 3469 1228 571 3228 1264 1325 2571 643 3264 1779 3779 441 3325 1026 2643 1707 3026 3707 2441
Route 141 : 1370 3370 636 170 2170 389 1204 2636 939 3204 1846 2389 3846 2939 1986 1120 3986 567 638 2638 274 3120 2274 2567 378 2378
Route 142 : 1324 185 2185 379 3324 656 2379 2656 1778 1581 3581 322 1430 2322 187 2187 3430 496 941 2496 2941 632 2632 3778
Route 143 : 32 1220 2032 34 837 75 3220 2075 2837 2034 911 720 1866 2911 1752 3866 3752 2720 1861 1107 1981 1545 3107 3981 3861 482 2482 3545
Route 144 : 308 2308 981 1530 3530 1516 3516 1124 357 3124 2981 1540 2357 718 3540 1193 2718 3193 1724 1592 1571 3571 1920 3592 1669 3669 3724 3920
Route 145 : 979 1024 82 3024 946 2979 2082 2946 1921 779 2779 1327 1037 3921 1400 3327 86 3037 3400 136 2086 668 1036 2136 2668 3036 1552 3552
Route 146 : 1572 186 3572 2186 307 1983 1339 3339 2307 3983 154 444 2154 2444 1943 1765 1115 3765 771 3943 3115 561 1188 2561 3188 610 2771 2610
Route 147 : 326 1786 1917 2326 3786 3917 1287 205 3287 1691 3691 1845 2205 1099 3099 703 1818 3845 2703 3818 469 671 2469 1696 3696 2671
Route 148 : 1884 3884 1543 3543 866 1200 1932 1279 2866 3200 1376 3376 348 3932 3279 1746 2348 3746 854 1525 2854 3525
Route 149 : 1902 1791 3902 3791 1717 1849 706 3717 3849 2706 382 804 1833 3833 2804 2382 1979 189 3979 341 586 1169 3169 2586 2341 2189
Route 150 : 1248 1471 20 2020 3471 3248 942 1377 1585 3377 3585 485 2942 1686 3686 2485 813 89 2813 2089 507 937 809 2507 2937 1066 3066 2809
Route 151 : 122 2122 1924 3924 876 1510 2876 3510 1422 3422 311 2311 158 864 2864 1628 2158 1793 3628 3793 458 224 2458 2224