Instance name:	bar-n200-1
Authors:		Carlo Sartori and Luciana Buriol
Date:			2019-2-11
Reference:		A matheuristic approach to the PDPTW (to be submitted)
Solution
Route 1 : 34 134 48 148 73 38 138 173
Route 2 : 24 7 60 124 107 160 72 44 144 172
Route 3 : 95 195 33 45 93 145 193 9 133 109
Route 4 : 61 78 161 14 114 71 171 80 180 178
Route 5 : 21 121 1 84 90 101 184 190
Route 6 : 4 29 129 104 67 10 110 167 35 135
Route 7 : 42 79 66 142 179 166 70 36 136 170
Route 8 : 55 57 157 155 13 47 147 113 87 187
Route 9 : 39 139 96 196 11 83 183 111
Route 10 : 2 49 102 74 149 89 174 40 189 140
Route 11 : 46 146 37 8 137 97 108 58 197 158
Route 12 : 26 62 69 162 126 5 169 105
Route 13 : 15 86 115 56 186 20 156 120
Route 14 : 81 181 54 99 154 100 199 200 91 191
Route 15 : 76 30 43 143 176 18 118 130
Route 16 : 17 117 3 92 64 103 192 164
Route 17 : 82 98 182 88 198 41 188 141
Route 18 : 12 112 75 32 175 28 128 132
Route 19 : 63 19 22 163 119 59 122 25 159 125
Route 20 : 51 151 50 27 150 127 77 177 85 185
Route 21 : 23 52 123 152 94 194 16 116
Route 22 : 65 53 165 6 68 106 153 168 31 131
