Instance name : bar-n600-4
Authors : Alexander Yuskov (a.yuskov@g.nsu.ru), Igor Kulachenko (ink@math.nsc.ru), Yury Kochetov, Igor Vasilyev, Zhangdong, Chenjuan, Huanghaohan, Wanglongfei
Date : 28.05.2025
Reference : HGIM
Solution
Route 1 : 62 362 232 150 450 142 532 80 442 380 213 513
Route 2 : 109 175 409 222 522 475 293 593 69 243 543 369
Route 3 : 236 92 536 78 392 378 23 323 96 396 249 549
Route 4 : 299 599 65 365 111 227 527 411 97 20 320 397
Route 5 : 296 596 6 145 306 445 287 298 587 598 104 404
Route 6 : 294 594 217 54 354 297 517 266 566 597 44 344
Route 7 : 85 73 385 154 373 98 212 398 512 151 451 454
Route 8 : 156 290 181 481 590 26 326 234 456 534 216 516
Route 9 : 237 40 537 340 172 472 300 173 473 600 238 538
Route 10 : 50 31 350 331 229 177 284 529 195 477 495 584
Route 11 : 121 421 118 418 14 295 595 210 314 119 510 419
Route 12 : 255 555 198 225 525 10 310 498 245 262 562 545
Route 13 : 139 190 439 166 490 466 75 13 313 128 428 375
Route 14 : 56 282 582 356 127 208 252 427 552 508 288 588
Route 15 : 187 487 58 358 253 553 233 533 39 339
Route 16 : 105 182 405 482 86 123 132 432 386 423
Route 17 : 100 400 79 186 379 486 34 91 209 334 391 509
Route 18 : 271 76 571 376 82 382 45 345 133 433
Route 19 : 189 489 240 540 162 205 276 576 462 505 179 479
Route 20 : 7 267 307 29 567 108 329 408
Route 21 : 12 99 265 312 399 565 144 250 550 444 224 524
Route 22 : 59 200 359 4 500 292 304 592 1 301
Route 23 : 51 351 84 384 124 140 424 22 440 30 322 330
Route 24 : 71 211 371 511 25 285 325 38 585 338
Route 25 : 159 459 8 228 528 308 194 494 275 196 496 575
Route 26 : 246 219 519 135 546 435 114 231 87 414 531 387
Route 27 : 203 503 168 3 130 303 468 430 21 321 260 560
Route 28 : 226 526 41 242 341 63 542 363 148 257 557 448
Route 29 : 101 122 422 401 106 281 581 406 218 518
Route 30 : 15 131 315 53 431 72 353 372 171 471
Route 31 : 256 556 185 277 485 577 291 117 417 591
Route 32 : 274 574 221 28 521 248 328 548 220 520 9 309
Route 33 : 197 497 43 343 90 37 390 337 174 19 474 319
Route 34 : 52 352 77 207 244 377 64 507 544 364
Route 35 : 42 342 103 27 403 327 129 66 48 366 348 429
Route 36 : 60 155 360 455 120 420 74 16 316 374 283 583
Route 37 : 215 157 457 515 153 161 453 461 24 149 324 449
Route 38 : 247 146 268 547 446 568 164 261 561 464
Route 39 : 57 357 176 476 278 578 223 89 523 230 530 389
Route 40 : 113 17 413 68 107 407 368 317 286 88 388 586
Route 41 : 83 55 355 383 206 95 395 46 506 254 346 554
Route 42 : 214 514 143 443 235 178 169 469 535 478
Route 43 : 202 502 147 180 259 447 559 480 141 110 410 441
Route 44 : 93 241 541 393 192 492 193 49 493 349 273 573
Route 45 : 201 191 501 136 491 436 170 94 470 394
Route 46 : 279 183 483 272 572 188 579 102 488 402
Route 47 : 199 258 499 558 70 289 370 589 36 280 580 336
Route 48 : 67 137 367 35 437 158 335 33 333 458 264 564
Route 49 : 47 269 569 347 270 165 465 570 263 563
Route 50 : 204 32 332 504 5 11 81 305 311 381 112 412
Route 51 : 134 434 163 167 467 463 160 460 152 452
Route 52 : 138 438 18 318 239 539 251 2 302 551
Route 53 : 115 415 126 426 125 61 425 116 361 184 416 484
