Instance name: bar-n600-6
Authors      : CUHKSZ_HWGTS
Date         : 2024-12-03
Reference    : Unpublished
Solution
Route 1 : 56 227 356 527 296 596 90 390 97 4 397 127 304 113 427 74 413 374
Route 2 : 176 65 476 213 365 163 513 463 34 334 7 307 110 143 443 410 53 287 587 353
Route 3 : 222 99 522 399 280 89 580 389 47 9 347 6 309 21 321 306
Route 4 : 82 25 325 382 142 77 442 202 377 198 502 263 498 162 563 226 462 526 168 35 335 468
Route 5 : 72 12 312 372 240 200 141 500 261 441 540 561 18 262 562 251 300 318 600 551
Route 6 : 16 206 69 506 369 120 316 161 461 244 544 420 49 242 223 349 523 542 40 340
Route 7 : 125 149 170 425 449 470 46 286 346 116 586 30 330 290 416 197 590 497
Route 8 : 186 126 426 486 188 297 488 597 119 184 484 419 88 59 388 359
Route 9 : 27 91 327 391 3 303 260 137 560 437 177 477 133 132 268 433 568 432
Route 10 : 295 39 595 339 235 233 535 533 37 42 171 337 471 342 245 545
Route 11 : 130 54 430 284 44 354 584 344 41 156 456 151 451 247 547 341 26 326 118 418
Route 12 : 265 178 205 505 478 221 276 521 50 576 565 148 350 166 466 448 220 144 520 444
Route 13 : 273 155 573 455 128 216 428 36 279 336 516 219 579 2 302 269 519 183 483 569
Route 14 : 272 10 310 572 164 14 314 464 22 207 322 19 58 358 507 319 234 182 534 482
Route 15 : 32 103 332 109 403 172 409 472 111 411 179 105 405 83 383 479 51 237 537 351
Route 16 : 20 129 101 320 401 228 429 249 528 549 45 31 345 63 363 190 281 331 490 581
Route 17 : 67 367 211 225 511 5 525 71 371 305 271 94 571 138 394 95 438 395
Route 18 : 57 96 357 396 288 81 588 122 256 422 556 381 285 585 55 196 496 355
Route 19 : 145 24 93 393 324 253 445 68 368 553 104 153 404 167 453 467
Route 20 : 140 150 440 450 257 157 557 139 231 439 531 165 465 457 108 408 214 208 508 514
Route 21 : 86 61 361 386 189 117 417 246 212 489 512 258 546 558 52 352 29 85 329 385
Route 22 : 70 147 370 447 194 175 255 494 555 291 475 43 298 343 598 294 591 594
Route 23 : 236 123 423 241 536 541 243 543 87 232 387 532 199 106 248 548 499 406
Route 24 : 192 121 275 492 124 278 575 424 578 78 378 421 146 84 100 384 446 400
Route 25 : 210 238 292 510 538 174 592 474 250 114 550 76 414 13 313 376 17 1 317 301
Route 26 : 131 270 299 431 8 599 308 23 323 570 152 180 452 480 98 398 217 264 564 517
Route 27 : 282 230 252 552 530 28 582 201 501 193 328 493 218 289 518 589
Route 28 : 75 375 134 434 204 160 504 460 187 209 487 15 80 509 315 254 554 380
Route 29 : 38 338 73 224 373 524 267 115 181 415 567 481 66 112 366 412
Route 30 : 64 159 459 107 283 407 239 583 364 539 48 229 158 348 529 458 259 559
Route 31 : 154 135 454 435 173 62 473 215 362 515 33 11 333 311 79 185 379 485 277 577
Route 32 : 92 293 593 392 266 60 566 360 203 136 436 503 169 274 195 574 469 495 191 102 491 402
