Instance name : bar-n4000-3
Authors       : Dmitriy Demin, Mikhail Diakov (msd@veeroute.com), Ivan Ilin, Nikita Ivanov, Viacheslav Sokolov (vs@veeroute.com) et al. VRt Global (https://veeroute.com/)
Date          : 2023-04-24
Reference     : veeroute.com
Solution
Route 1 : 117 150 80 2150 1390 2080 2117 1046 3046 1214 3214 3390 1265 383 3265 538 971 2538 1272 3272 2383 2971 762 722 2722 943 120 2762 2943 402 1396 2402 3396 2120 177 1165 1206 2177 3165 775 1888 3206 3888 2775
Route 2 : 1314 1555 3314 3555 271 654 442 2442 2271 1271 2654 3271 1664 1877 3664 1507 1014 3877 418 3507 1669 2418 3014 1089 3089 3669 1989 3989 908 1347 3347 1157 2908 1103 70 3103 3157 2070
Route 3 : 242 104 2242 1378 3378 2104 1560 835 713 1530 2835 3560 1572 2713 3530 1750 3750 277 1155 3572 3155 2277 630 755 1852 3852 2630 2755 1492 1824 1590 3492 3824 1424 3590 3424
Route 4 : 34 256 2034 1111 2256 1599 1558 3111 3558 3599 1799 557 3799 2557 270 2270 349 1312 3312 1375 641 2641 3375 2349 1878 370 1830 2370 3878 1686 3830 467 3686 2467 864 1885 1161 1836 3161 3885 3836 2864
Route 5 : 1619 3619 1195 3195 546 1277 2546 1542 125 3277 3542 2125 840 71 353 2840 2353 263 2071 2263 742 2742 599 486 2599 1421 3421 678 2486 152 2152 1466 3466 396 472 2472 2678 2396
Route 6 : 186 207 2186 2207 236 523 951 2523 2236 1842 3842 770 251 2251 2770 417 1488 2951 3488 312 2417 1578 2312 3578 54 1854 3854 1574 1807 3807 2054 1203 56 2056 1431 3574 3203 3431
Route 7 : 879 339 2879 1512 1009 2339 1258 3258 3009 1475 3512 1495 1522 3475 3522 1311 1250 3495 1473 3250 788 3311 3473 2788 75 1620 2075 1987 3620 3987 1752 1465 3465 304 3752 2304
Route 8 : 314 763 2314 2763 677 1659 2677 1503 3659 267 3503 2267 1865 3865 1033 3033 97 545 2097 507 2545 1457 2507 1981 3457 1732 3732 504 2504 3981 1186 693 3186 2693 997 1579 2997 3579
Route 9 : 1055 724 3055 2724 1923 1984 3923 592 3984 2592 1897 1911 1290 3897 3911 1673 3290 825 681 2825 3673 2681 41 1190 3190 1406 2041 6 2006 1912 3406 3912 676 8 1822 3822 2676 2008
Route 10 : 437 2437 543 2543 30 1238 3238 2030 638 1996 2638 1007 3996 1137 1370 450 3007 3137 1653 3370 15 2450 2015 1613 3653 254 2254 3613 22 1310 1151 2022 3310 3151 1825 3825 499 1010 1247 3010 2499 3247
Route 11 : 391 2391 1240 3240 782 650 737 2782 2737 1738 3738 1909 3909 861 2650 1754 3754 2861 1229 19 3229 741 2019 2741 1038 708 2708 517 3038 642 2517 1464 1130 1324 2642 3464 3130 3324
Route 12 : 1621 567 3621 1409 2567 1712 853 3409 1672 2853 3712 3672 1100 3100 1625 1516 3625 1496 3516 3496 1376 667 2667 628 2628 1340 3376 1517 3340 1817 3517 530 3817 1700 28 3700 2530 2028
Route 13 : 1263 601 3263 1837 2601 3837 1720 3720 1994 1133 3133 3994 491 412 2412 1844 3844 1828 3828 2491 1539 1745 3539 1400 357 3745 1504 214 3400 2357 3504 1707 3707 2214
Route 14 : 315 2315 1604 522 2522 1851 3604 3851 185 1678 3678 2185 1577 1848 3848 3577 1648 3648 1188 932 3188 2932 225 635 1792 2225 2635 3792 319 171 2171 496 2496 1615 382 541 2382 2541 1940 2319 3615 3940
Route 15 : 211 1957 2211 1135 3135 3957 1072 1529 189 2189 124 3529 3072 2124 1483 3483 1633 122 632 3633 720 2720 2122 2632 525 811 2811 2525 1898 1237 3898 3237 766 528 276 2766 761 2276 2528 1144 3144 2761
Route 16 : 205 2205 1222 165 3222 2165 394 563 2394 757 2563 2757 1728 1393 3393 3728 1902 49 3902 1470 1855 3470 3855 2049 1821 3821 1835 1928 1646 3835 3646 589 2589 1138 3928 444 3138 2444
Route 17 : 1575 166 2166 3575 1489 3489 1933 1275 3275 1278 3278 146 3933 1095 2146 3095 1801 1663 3663 1143 484 1428 3428 2484 3801 3143 1635 1945 3945 692 3635 227 1782 2692 3782 2227 82 2082
Route 18 : 918 1232 2918 3232 399 1330 1131 3131 2399 3330 1784 1733 3784 1174 1341 3174 1794 3341 3733 3794 1510 1417 956 2956 3417 3510 980 338 151 2980 2151 2338
Route 19 : 1587 3587 1107 1066 3107 3066 866 139 2866 1429 2139 711 2711 446 2446 1778 3778 3429 1063 1199 3063 717 2717 3199 363 644 2644 962 2962 1129 2363 233 537 3129 1518 1453 2233 3518 3453 2537
Route 20 : 1906 1351 3906 3351 531 1171 3171 2531 897 2897 283 405 1762 3762 2283 749 2405 882 2749 2882 989 364 2989 1436 2364 3436 5 707 2707 2005 306 331 2306 2331 133 2133 1348 1544 1342 1713 3544 3713 3342 3348
Route 21 : 14 1163 2014 824 2824 1154 3163 3154 1506 1973 604 3973 2604 77 1846 2077 3846 3506 1524 1622 1201 3524 3622 3201 1767 145 3767 1814 2145 1818 827 3814 1456 1058 3818 3456 2827 823 2823 3058
Route 22 : 1930 119 881 2881 3930 1260 3260 196 2196 2119 544 2544 816 529 2816 1026 3026 571 2571 1528 2529 1202 1988 3528 3988 3202 1021 1218 3021 3218 1280 3280 1338 1917 3338 715 880 3917 2715 2880
Route 23 : 92 118 2092 365 2118 526 2526 1362 2365 3362 1857 1658 3658 3857 409 1220 3220 1088 2409 3088 1838 1773 3773 1639 3838 1386 3639 461 1955 3386 2461 106 3955 2106
Route 24 : 855 426 2855 59 2059 2426 1233 181 3233 2181 1763 1049 3049 73 3763 1761 3761 2073 1856 3856 1193 1585 3585 390 3193 470 609 2390 1288 3288 648 2470 2648 2609 1307 849 2849 3307
Route 25 : 1971 464 2464 1589 1954 3954 3589 3971 1303 3303 998 2998 960 123 1017 2960 163 2123 2163 784 2784 1871 3871 3017 1774 483 892 3774 2892 2483 975 1132 612 2612 3132 2975 1527 176 2176 3527
Route 26 : 110 1337 694 3337 2110 1892 1661 2694 3892 3661 985 1764 2985 1194 3764 1115 1876 3194 3115 3876 1519 1689 3689 3519 204 622 751 2622 2204 1870 2751 744 3870 2744 894 624 2624 2894
Route 27 : 559 2559 7 527 2007 988 2527 580 2580 1109 774 2988 2774 1479 3479 303 1671 3671 3109 2303 1463 1127 3463 3127 264 900 2264 2900 686 1187 2686 1826 3187 1323 925 2925 3826 1289 3323 55 2055 3289 804 2804
Route 28 : 60 252 2060 2252 1564 3564 157 273 2157 1978 2273 415 2415 789 2789 3978 684 2684 1355 3355 1368 1270 3270 1736 3736 3368 384 1291 469 3291 1631 2384 817 3631 2469 2817 322 12 2012 2322
Route 29 : 1153 718 3153 1259 3259 2718 1454 1016 3454 3016 1411 3411 290 2290 378 906 2378 328 2328 868 2868 588 2588 2906 1005 368 758 2758 397 3005 2368 1927 2397 1084 3927 828 3084 2828
Route 30 : 1461 3461 1200 1073 438 3073 3200 1000 1382 2438 3000 3382 819 1003 1123 2819 3123 1583 3003 1903 1941 3583 3941 269 3903 1550 2269 67 2067 3550 258 2258 1112 1140 3112 3140
Route 31 : 101 1704 810 3704 1001 2101 1047 3047 1935 2810 3001 3935 487 376 1302 1729 3302 3729 2487 1993 2376 765 2765 977 2977 3993 656 294 2656 2294 931 1308 3308 2931 1951 35 585 3951 2585 2035
Route 32 : 1942 839 3942 298 2839 2298 1730 1603 3603 3730 1694 3694 430 245 299 2430 2299 262 1861 2245 2262 1156 3861 1122 3156 1179 3122 3179 1905 3905 616 1642 2616 634 2634 3642
Route 33 : 1541 3541 40 410 462 2410 2040 2462 1944 1511 1741 3511 1509 3944 1650 3741 3509 3650 1881 3881 852 2852 1601 862 1083 3083 2862 1597 3601 1771 1344 896 188 3344 2896 3597 3771 1893 2188 3893
Route 34 : 369 2369 1191 890 578 2890 3191 2578 195 3 2195 769 2003 2769 587 1197 3197 2587 297 1061 3061 2297 1588 833 42 2042 2833 3588 116 564 688 2116 2688 2564 1044 3044 1961 1034 3034 3961
Route 35 : 1419 1681 148 3681 1282 2148 3419 63 3282 2063 222 2222 11 1325 3325 341 2011 2341 552 2552 1447 1226 3226 3447 490 296 2490 2296 764 768 889 2764 2889 2768 519 1223 1677 3677 1850 3223 2519 3850
Route 36 : 1027 3027 1570 1915 660 3570 3915 2660 1600 3600 1786 548 2548 920 682 2682 1666 3786 2920 112 3666 91 2091 334 2112 1797 3797 1239 2334 3239 556 159 2556 1099 2159 3099
Route 37 : 1710 3710 536 2536 317 842 2317 190 1645 2842 1540 3645 2190 700 3540 878 2700 1305 3305 2878 411 286 2286 847 2847 2411 1815 1427 3815 372 1490 3490 3427 1889 2372 3889
Route 38 : 991 250 1152 2250 1693 1532 3152 2991 3532 3693 670 1737 2670 3737 1665 1397 3665 1931 3397 805 3931 371 820 2371 2805 441 1196 2820 2441 1217 3196 3217 1117 1053 877 3117 2877 619 3053 220 2619 2220
Route 39 : 690 481 2690 395 2395 2481 432 2432 1360 184 1766 2184 3360 1614 3766 1384 639 3614 2639 1067 1162 3384 3067 1811 3162 3811 1435 79 2079 1847 3847 3435 1432 3432 1172 1499 3499 3172
Route 40 : 1606 1211 3606 3211 657 1484 2657 1960 3960 914 2914 3484 1114 3114 1611 1304 3611 149 3304 841 2841 310 1415 2149 2310 1160 3415 93 1943 3160 1698 2093 3943 1253 586 3253 2586 3698 1580 3580
Route 41 : 419 1096 36 2036 325 2419 2325 902 2902 1294 3096 1416 3416 937 1216 3294 2937 1505 3216 3505 1832 311 1018 2311 3018 379 2379 46 2046 1126 1551 3126 1333 3551 86 3832 2086 3333
Route 42 : 347 2347 734 851 313 2851 348 2734 1685 2348 746 3685 2313 1158 792 2746 320 2320 748 3158 2792 1709 2748 1749 3709 1890 3749 3890 1136 702 1998 2702 844 3136 3998 178 2178 2844 168 2168
Route 43 : 1901 1630 3901 3630 143 2143 1205 3205 1992 1841 3992 1605 3841 1052 3052 3605 691 807 2691 457 155 2457 2155 2807 1032 1403 3032 3403 194 421 2194 2421 1142 98 3142 845 2098 2845 513 2513 388 2388
Route 44 : 241 1315 2241 3315 668 1731 1146 3731 1714 2668 3146 3714 1147 3147 1057 3057 1716 144 1864 2144 903 3864 3716 2903 1071 518 3071 832 463 2518 2463 2832 1628 3628 206 965 2206 2965
Route 45 : 1081 420 963 3081 2963 777 2420 1882 2777 1742 3742 1938 3882 1868 3938 3868 913 602 358 2358 48 2602 2048 2913 858 16 2016 946 1329 2858 1584 2946 3329 514 3584 623 2514 2623 793 172 2172 2793
Route 46 : 1207 3207 1097 436 3097 2436 1283 921 2921 1164 3164 614 2614 449 1521 2449 3283 492 942 2942 831 795 2492 2795 2831 1920 1793 1840 3920 3840 1759 3793 941 2941 3759 3521
Route 47 : 1501 3501 607 1952 2607 129 3952 1215 2129 1169 3215 3169 1011 3011 1610 1300 3610 1208 3300 1369 3369 3208 1595 502 3595 2502 201 1189 1039 2201 598 3189 3039 192 2598 2192 1702 359 3702 2359
Route 48 : 1972 739 3972 2739 1091 1268 3091 591 3268 1332 3332 2591 323 94 2323 674 2674 2094 1769 1469 3769 113 893 3469 229 2113 936 2229 1266 2936 2893 3266 380 321 2321 2380
Route 49 : 293 308 2293 1257 974 1910 3257 1979 2308 2974 3910 25 561 288 2025 387 2561 3979 2387 238 2288 1326 2238 3326 838 1284 448 2448 2838 3284 850 583 95 2095 2850 2583 1753 874 2874 3753 1134 3134
Route 50 : 1423 1334 3423 733 2733 24 3334 1634 2024 1508 3634 88 2088 3508 658 1829 3829 2658 1997 3997 468 1531 666 2468 140 3531 2140 2666 10 272 142 2010 44 2142 2272 89 2089 121 2044 2121
Route 51 : 618 246 2618 1318 169 2246 1448 576 2169 2576 1292 1236 3292 3448 455 3236 489 2455 128 728 1269 2128 3269 2489 582 265 2728 786 2265 2786 431 2431 2582 3318 984 2984 307 202 2202 2307
Route 52 : 923 1398 1715 2923 3715 1725 3398 3725 1051 1441 3441 3051 1098 3098 723 482 2723 898 342 2482 2342 1365 2898 3365 1746 1422 393 3746 3422 327 2393 1028 3028 2327 130 1581 3581 2130
Route 53 : 1573 3573 846 2846 1656 105 3656 516 2105 2516 993 1181 3181 2993 675 1246 2675 3246 1458 1286 1675 3458 3286 498 3675 1377 3377 2498 217 1358 818 2818 2217 278 3358 1166 1662 3166 2278 488 3662 2488
Route 54 : 1629 423 3629 1547 1440 3440 1569 2423 1823 3547 3569 3823 1692 606 3692 2606 521 2521 1552 1037 1139 3037 1869 3139 3552 107 3869 1724 2107 672 3724 78 2672 2078
Route 55 : 199 1244 631 2631 3244 679 2199 2679 52 230 2230 1065 3065 2052 664 65 1069 3069 2065 2664 540 995 2540 2995 978 709 1048 570 2709 3048 2978 2570 843 2843 1273 3273 1335 783 3335 2783
Route 56 : 636 662 2636 2662 1336 1556 3336 3556 454 64 2454 1594 2064 221 3594 2221 1354 132 3354 1739 3739 2132 1760 3760 1553 1020 3020 740 1975 2740 625 3553 2625 1209 1896 3896 3209 1970 973 3975 3970 2973
Route 57 : 1684 3684 1357 1449 716 3357 566 2566 2716 3449 663 2663 1607 180 3607 1281 2180 126 2126 336 3281 2336 547 1451 1626 50 2050 3451 2547 3626 1986 1545 253 3545 2253 1734 3734 3986
Route 58 : 456 887 2887 860 2456 2860 1500 1321 3500 1030 3321 1929 3929 1395 1029 1965 3395 3965 3030 3029 809 47 2809 573 2047 2573 1056 345 335 3056 2345 385 2335 1256 224 2385 3256 1082 2224 3082 871 2871
Route 59 : 20 2020 326 1726 3726 2326 1834 1410 3410 797 3834 1526 2797 3526 1548 386 2386 234 2234 972 2972 1474 3548 164 3474 2164 1958 1995 3958 226 3995 425 2226 905 2425 100 2905 2100
Route 60 : 361 460 2460 2361 1363 3363 590 2590 772 1185 2772 3185 875 2875 1602 343 2343 1013 3602 3013 1175 1816 3175 3816 1060 18 1261 3060 3261 1654 603 427 2018 3654 799 2427 2799 2603
Route 61 : 867 497 2497 2867 1022 135 3022 1426 3426 778 911 2135 2778 1254 2911 3254 1785 3785 1787 1128 3128 813 3787 1627 992 3627 2813 2992 1717 1145 3717 524 3145 2524
Route 62 : 240 2240 1637 1493 1364 3637 3493 3364 1262 703 3262 1586 1592 3586 2703 3592 1331 175 968 2968 1867 3331 1985 2175 1977 1085 3867 3985 3085 3977 362 268 2268 637 2362 1438 2637 857 2857 3438
Route 63 : 646 821 2646 354 2354 2821 1652 1568 465 3568 3652 1418 1772 2465 3418 3772 453 1476 2453 3476 83 138 2083 2138 969 162 2162 2969 1798 259 3798 888 1015 3015 287 2888 1301 2287 979 2259 3301 2979
Route 64 : 687 1076 2687 760 2760 829 3076 2829 756 581 2756 912 2581 2000 2912 4000 815 2815 1024 533 2533 191 2191 434 3024 1891 2434 3891 800 1392 218 2218 3392 1445 2800 1641 3445 72 2072 96 2096 3641
Route 65 : 282 822 2822 495 2282 2495 404 2404 187 1245 938 2187 2938 1104 109 3104 3245 416 2416 2109 909 2909 1926 1618 3618 1913 1676 3926 725 3913 2725 1858 3858 3676 1407 3407 1561 3561
Route 66 : 593 907 2907 295 2593 1925 2295 90 1640 2090 3925 830 895 2830 1617 3640 3617 1886 2895 1535 3535 452 3886 2452 1373 3373 1412 1413 1781 1243 3781 3412 3413 3243 1322 3322 1924 3924
Route 67 : 584 2584 51 532 2051 1883 3883 808 2532 1460 2808 1494 3460 445 3494 2445 1873 1371 1719 3371 3873 3719 198 1359 2198 3359 243 458 2243 216 834 2216 837 2458 1345 3345 2834 2837
Route 68 : 13 1735 301 2013 568 3735 2301 1643 2568 3643 1420 1802 300 3420 575 2300 3802 1872 1916 2575 329 2329 3916 3872 366 730 2366 1936 2730 1402 3402 3936 1875 1980 292 3980 955 2292 3875 2955
Route 69 : 1549 1879 3549 520 3879 629 2520 2629 954 407 2954 2407 787 2787 747 2747 1968 1624 1006 3624 1608 3608 3968 1566 3006 1343 933 3343 3566 1796 987 3796 802 2987 1320 3320 1919 2933 3919 134 2802 2134
Route 70 : 389 2389 1035 3035 210 2210 45 451 2451 796 2045 316 2796 2316 479 970 2970 197 2197 2479 1860 3860 726 1068 2726 577 2577 1765 3068 1696 3696 156 1380 3765 466 2156 3380 961 781 2466 2781 2961
Route 71 : 565 885 1379 2885 2565 812 3379 161 2161 2812 1533 1213 3533 1183 876 3213 3183 1389 2876 3389 1904 3904 373 167 1812 2167 3812 2373 727 1482 428 3482 2727 806 2806 1276 2428 743 3276 2743
Route 72 : 574 1758 2574 814 3758 1966 572 2572 3966 239 2814 2239 81 1947 2081 3947 1059 1914 274 3059 2274 3914 1833 738 2738 957 3833 340 219 2957 2219 673 719 2719 2340 2673 1576 1064 3576 3064
Route 73 : 1408 279 2279 922 3408 1249 435 2435 1554 3554 671 2922 1831 2671 1805 3831 237 2237 1430 284 3430 2284 193 1776 3776 3249 1444 1690 3444 3690 1982 3805 503 3982 1668 2503 3668 2193
Route 74 : 1638 509 3638 2509 1565 643 2643 655 1125 3565 2655 1352 705 3125 2705 1934 3934 1899 3352 1699 3899 480 1502 2480 3699 950 949 3502 2949 398 549 2549 1770 2398 1108 2950 3108 3770
Route 75 : 1655 1090 1582 3090 1002 3002 1176 3582 1946 1221 3946 3221 836 3176 1110 208 2836 1349 3110 3349 2208 1054 3054 1093 3655 1649 661 3649 699 626 3093 2699 1004 3004 2661 2626 649 976 1757 2649 1894 2976 3757 3894
Route 76 : 611 596 2596 1394 3394 2611 515 1777 2515 1788 3777 934 2934 3788 1756 605 2605 261 2261 3756 1467 3467 1101 3101 1887 3887 43 1983 1404 999 2999 1598 3598 3404 2043 3983 1680 621 3680 1198 3198 2621
Route 77 : 26 1768 1328 1810 3328 2026 3810 1740 1862 3768 1900 3900 964 3740 595 2964 3862 232 2595 2232 309 2309 1537 865 3537 539 2865 2539 1849 3849 1939 947 2947 3939 1287 3287 439 1381 3381 2439
Route 78 : 212 247 2212 2247 1252 3252 1075 501 3075 2501 422 553 1119 2553 31 2422 697 3119 2697 2031 535 57 1042 2057 2535 3042 736 84 2736 1080 2084 3080 640 1922 558 2640 2558 203 3922 754 2754 2203
Route 79 : 1571 1691 3571 1751 3691 3751 870 1616 3616 2870 1948 1173 3173 3948 555 917 2917 659 2555 99 2659 1313 2099 350 2350 966 275 2275 780 3313 2780 505 2966 2505 508 651 1350 2651 1224 2508 3350 3224
Route 80 : 771 1019 2771 1863 1219 3863 3219 3019 1956 3956 1192 1118 1481 3192 1372 1682 3481 3372 3118 3682 1366 1087 594 3366 2594 1806 3087 1346 3806 3346 745 281 2745 477 2281 652 2477 2652 74 2074
Route 81 : 1177 3177 29 767 2767 1722 551 3722 2551 141 2141 615 2029 1651 2615 1399 3651 377 3399 2377 1043 108 859 2108 1647 2859 3647 3043 127 249 2127 33 1045 2033 945 2249 2945 3045
Route 82 : 683 2683 801 401 2401 1455 2801 1843 3455 1775 3843 647 1446 2647 3446 1472 3472 1866 3775 944 3866 1959 2944 863 1230 3230 413 2863 3959 1744 3744 1 478 2413 2001 704 2704 2478
Route 83 : 1697 3697 562 66 2066 1964 3964 2562 1803 916 3803 1727 2916 115 3727 1094 2115 1687 154 3687 1070 3094 3070 1170 1306 3170 3306 2154 1874 3874 1309 3309 1471 610 1299 2610 534 3471 3299 2534
Route 84 : 53 935 2053 752 2752 2935 1316 1513 1113 3113 3316 899 915 2915 374 2899 2374 698 3513 2698 400 355 2400 1439 2355 3439 1149 1596 1688 3149 3688 1433 3596 209 1295 3433 569 2209 2569 3295
Route 85 : 170 785 1182 2785 3182 1462 2170 1969 3462 1963 3969 798 3963 1557 2798 1204 3204 3557 1293 701 3293 1937 1827 1468 3827 2701 3937 1538 1953 3468 3953 901 3538 1106 3106 884 2901 2884
Route 86 : 511 2511 930 485 776 731 2776 2485 1880 3880 924 2731 2930 1809 2924 1701 3701 3809 1515 1031 3515 257 2257 3031 1609 883 2883 3609 1612 1353 1443 3443 3353 3612
Route 87 : 791 2791 1859 2 2002 3859 235 231 324 2231 2324 1632 2235 3632 750 1459 2750 608 3459 2608 1012 1679 3012 3679 1755 1808 3808 3755 344 919 2919 1791 2344 3791
Route 88 : 111 2111 500 645 2500 910 2910 2645 476 1387 289 2476 3387 1559 3559 408 2408 1228 1150 3228 1486 3486 3150 904 381 2289 2381 2904 753 147 2147 542 759 2753 1264 2542 23 3264 21 1178 2021 2759 32 1950 2023 3950 3178 2032
Route 89 : 137 2137 1367 1210 3367 3210 1450 1491 3491 512 1907 3450 3907 2512 1974 1180 869 3974 653 2869 3180 2653 981 1036 1695 3036 3695 424 1789 2981 302 2424 1383 1820 3789 3383 3820 2302
Route 90 : 1274 1670 223 3670 1800 2223 3274 1706 473 1660 3706 3660 994 3800 2473 1285 2994 1078 17 2017 967 3285 3078 735 2967 2735 696 1225 2696 3225 1525 1339 3525 3339 68 1079 2068 3079
Route 91 : 773 2773 1523 1168 1148 3168 3148 352 3523 2352 1077 1497 1405 3077 3405 1434 3497 3434 1437 3437 1425 37 2037 891 3425 27 2891 494 2494 856 2856 2027 1279 1391 3279 958 3391 2958
Route 92 : 1795 1563 3795 213 3563 447 2213 2447 333 2333 1105 3105 633 2633 1721 927 2927 3721 183 1041 3041 2183 729 1062 2729 215 2215 3062 443 1414 3414 873 2873 1908 2443 39 3908 2039
Route 93 : 414 182 1657 3657 2182 2414 1317 1819 3317 779 3819 2779 318 1092 2318 3092 1845 803 3845 2803 1050 3050 1356 1534 1990 3356 1895 3534 1520 3895 3990 3520 1487 62 3487 2062
Route 94 : 1623 990 2990 3623 560 1141 69 2069 2560 1839 3141 3839 1748 1227 3748 3227 61 1976 3976 440 2061 2440 1116 248 1884 3884 2248 1452 1708 3116 1747 3708 3452 1251 173 3251 3747 429 2173 2429
Route 95 : 848 2848 367 351 360 158 2351 2367 2360 1918 260 613 3918 2260 2158 153 2153 2613 1999 1932 929 3999 3932 2929 1241 3241 1636 1385 1296 3385 1667 3296 3636 1593 3667 87 3593 2087
Route 96 : 959 131 1086 2131 2959 3086 1231 3231 114 1477 2114 669 3477 1962 2669 1401 685 3962 3401 291 2685 179 940 2940 939 2291 2179 948 2939 2948 330 1723 1485 3723 3485 1298 4 2004 689 2330 2689 136 2136 3298
Route 97 : 1121 1102 3102 3121 1120 471 3120 1480 38 2471 337 2038 3480 2337 928 375 2928 2375 510 102 1949 2510 1025 2102 1361 3949 3025 1644 3361 76 2076 1478 3644 872 3478 406 714 2872 2406 2714
Route 98 : 244 2244 1040 1124 794 2794 3040 1023 3023 1718 3124 1267 3718 1967 3267 3967 58 1074 550 3074 2058 2550 1705 1779 996 3779 826 1234 3705 2996 597 3234 2597 983 1297 3297 2826 2983
Route 99 : 332 2332 1388 255 3388 1319 3319 986 2255 680 2680 600 2986 2600 886 706 2706 1853 1536 2886 3536 346 3853 493 2346 2493 433 1242 3242 1562 2433 1008 1683 3562 3683 1546 3008 3546 459 2459
Route 100 : 266 1184 3184 1255 3255 982 2266 2982 952 85 2085 1248 926 3248 2926 2952 953 627 617 2627 2617 356 2953 1743 2356 3743 103 160 712 2160 2103 2712 1790 1813 1159 3790 695 3813 2695 3159
Route 101 : 228 280 2228 665 305 2280 2665 2305 174 2174 554 854 1780 2554 3780 2854 1235 3235 1212 3212 285 474 2285 1703 2474 1167 3167 403 3703 1327 3327 1921 3921 392 9 2392 2009 1711 2403 3711
Route 102 : 1498 1591 1567 3498 3567 1783 3591 1804 579 3804 3783 1674 3674 2579 1374 710 2710 1991 3374 1442 3991 620 3442 1514 721 3514 2620 2721 506 1543 732 2506 200 3543 2732 790 2200 475 2790 2475