Instance name : bar-n5000-3
Authors       : Dmitriy Demin, Mikhail Diakov (msd@veeroute.com), Ivan Ilin, Nikita Ivanov, Viacheslav Sokolov (vs@veeroute.com) et al. VRt Global (https://veeroute.com/)
Date          : 2023-04-24
Reference     : veeroute.com
Solution
Route 1 : 2330 4830 187 423 1541 2923 2019 1072 4519 2687 4041 434 2934 54 3572 526 3026 2554
Route 2 : 1193 1508 974 679 3474 110 4008 1996 4496 3693 3179 2610 2254 945 4754 1341 3445 1012 3841 3512
Route 3 : 1142 325 1770 4270 938 3642 1229 2825 1962 3729 3438 66 4462 2566 1896 167 565 2667 4396 544 3065 3044
Route 4 : 191 1746 2384 1161 2691 656 4246 648 1543 3661 3156 1270 3148 4884 343 4043 3770 431 2931 2843
Route 5 : 63 2563 2229 4729 446 2946 388 2210 4710 178 2888 2678 2197 268 2768 884 749 3249 644 4697 3144 3384
Route 6 : 1578 386 4078 2379 2886 4879 2079 1648 4148 641 4579 2332 3141 529 4832 2087 4587 3029
Route 7 : 755 2292 4792 2150 3255 4650 1945 988 982 4445 3488 1331 3482 2037 3831 2051 4537 1929 4429 4551
Route 8 : 2174 4674 1879 143 4379 722 260 2643 808 2760 627 3308 3222 2064 243 2743 3127 4564
Route 9 : 1828 1790 4328 695 4290 1976 3195 248 2132 4476 1184 2439 4632 2748 468 2283 4939 4783 2968 3684
Route 10 : 1375 1548 3875 1807 504 1906 3004 4307 651 4048 922 4406 1423 3151 3422 1438 3938 3923
Route 11 : 1579 4079 690 1666 1551 3190 4166 2100 1845 4600 4051 272 4345 2266 4766 2772 27 1181 264 2527 3681 2764
Route 12 : 787 206 2706 3287 892 961 3461 719 41 3392 2042 3219 2541 1907 4542 1822 102 2602 4407 4322
Route 13 : 615 843 3343 1089 3115 3589 55 493 819 1972 2555 1558 3319 2993 814 730 4058 4472 1030 3314 3230 3530
Route 14 : 520 1819 3020 1677 4319 1569 1927 4069 1306 4177 1099 3806 4427 788 2440 3599 3288 4940 1364 3864 188 285 2785 2688
Route 15 : 1653 1818 979 3479 122 2622 4153 1113 4318 891 3613 2451 3391 545 3045 4951
Route 16 : 818 3318 2142 1149 4642 966 3649 3466 443 2034 858 3358 632 2943 792 3292 3132 4534
Route 17 : 512 2487 2422 4922 4987 3012 2225 1958 4725 2117 4458 2364 1302 4864 4617 3802 2262 1850 4762 4350
Route 18 : 1529 419 4029 94 2919 2293 2594 4793 11 2446 1613 4113 1479 4946 2234 4734 2054 2511 553 3979 4554 3053
Route 19 : 827 3327 149 1788 2649 692 1146 4288 3192 1778 4278 1933 3646 1830 4330 1413 4433 1597 1218 3718 3913 4097
Route 20 : 1421 3921 2128 1338 1290 4628 1298 3798 1917 3838 3790 1403 333 4417 2244 3903 2833 4744
Route 21 : 2462 4962 1084 2185 3584 1452 1685 4685 1363 3952 4185 2372 3863 677 3177 4872
Route 22 : 2286 4786 7 1660 1873 2507 4373 391 125 4160 2625 1020 2891 1880 618 3118 1314 3520 3814 4380
Route 23 : 1343 3843 1381 899 3399 1506 3881 711 4006 1627 1610 4127 3211 4110 2257 1207 2202 4757 4702 3707
Route 24 : 2056 2125 1588 4625 1482 1445 3982 4088 993 4556 81 2581 3945 2071 3493 847 440 4571 2940 3347
Route 25 : 2186 1539 4039 932 259 2759 4686 3432 626 717 726 533 3033 3226 3217 3126
Route 26 : 1655 1325 2294 3825 4155 4794 2359 2063 4859 2435 4563 1585 4085 1425 4935 1023 3925 3523
Route 27 : 853 1116 3616 2452 1616 4116 3353 235 862 4952 2735 2331 1783 4831 3362 609 492 2992 3109 4283 2010 909 4510 3409
Route 28 : 1647 2290 4147 1486 4790 1675 3986 4175 2005 114 1210 2614 3710 2235 4505 606 3106 4735
Route 29 : 586 1870 3086 937 453 4370 3437 538 2953 3038 1612 1209 3709 1354 4112 2243 4743 3854
Route 30 : 1244 3744 2124 833 2358 1157 4624 2025 3657 4858 4525 3333 323 1598 2823 2249 4749 4098
Route 31 : 2287 642 4787 1713 1031 3142 1024 449 4213 3531 1397 3524 2949 646 2039 4539 3897 3146
Route 32 : 2170 469 4670 537 2969 1753 824 3037 3324 4253 1793 907 3407 1814 4293 4314 2333 1674 4833 2416 4174 4916
Route 33 : 2295 1114 4795 796 3614 478 2978 2351 273 2773 1664 4851 2339 3296 1333 3833 1728 4839 4228 4164 613 3113
Route 34 : 1128 1272 1097 3772 1946 3597 4446 1530 3628 142 1832 4030 4332 1847 2642 1109 3609 2418 4347 4918
Route 35 : 1205 62 2469 3705 1619 2562 1 4969 107 4119 2501 1921 28 4421 2528 1622 2607 2118 1982 4482 4122 4618
Route 36 : 546 652 3152 3046 941 804 3441 3304 1714 2454 4214 1557 488 2988 4954 724 4057 3224
Route 37 : 2201 616 4701 1838 4338 1318 535 410 3116 2910 3818 3035 1004 1359 3504 3859
Route 38 : 236 2275 1630 2478 2736 4978 856 4775 1488 4130 997 1703 3988 1454 3356 3954 4203 1991 3497 2415 4915 214 4491 2714
Route 39 : 1641 1471 4141 2204 4704 1233 1697 3971 1417 723 4197 3223 3733 2465 2164 3917 870 3370 4965 4664
Route 40 : 2109 640 399 4609 2899 213 3140 14 2713 372 2140 2514 1134 4640 3634 2091 2872 4591
Route 41 : 860 1214 3714 704 575 3360 3075 1451 3204 1293 2255 3951 3793 2130 4630 1736 4755 4236
Route 42 : 1188 655 3688 768 435 3268 173 3155 1594 4094 803 3303 2935 510 2673 404 1696 3010 4196 2022 1904 4404 4522 2904
Route 43 : 1120 3620 1774 321 764 2821 4274 2498 2101 1990 4998 3264 293 1243 4490 1453 4601 2793 2341 4841 3743 3953
Route 44 : 2033 1464 269 2488 3964 2769 4988 1144 319 4533 3644 412 1246 2912 2006 3746 2819 729 4506 3229
Route 45 : 1620 956 3456 1386 401 4120 1792 3886 2901 2105 4605 1650 4292 1562 4150 1367 3867 4062
Route 46 : 1383 2127 1309 4627 2496 3809 1008 4996 3883 3508 2395 4895 1568 633 898 744 832 3332 3398 3133 4068 3244
Route 47 : 1054 3554 223 438 2723 1271 3771 267 2938 1406 3906 2315 2767 358 1346 4815 3846 2097 2858 4597
Route 48 : 915 2391 4891 1786 392 2892 3415 2291 1553 44 4791 4053 2544 197 4286 1992 2697 4492
Route 49 : 920 1939 1589 3420 2214 1231 3731 4714 148 2176 4089 4439 2648 1163 4676 1264 1009 3509 3764 436 3663 2936
Route 50 : 584 71 2571 3084 776 2302 1165 4802 3276 133 498 2998 3665 930 1561 4061 2633 1767 3430 4267
Route 51 : 207 2707 1718 1426 1410 4218 3926 3910 1985 2366 1351 1928 3851 4866 4428 1247 3747 4485
Route 52 : 320 578 1885 2820 1235 3078 344 4385 2844 1045 3735 1358 1979 1450 3545 4479 3950 396 2896 3858 1743 951 3451 4243
Route 53 : 24 2524 807 905 3405 1969 3307 2313 516 558 3016 4813 700 3058 1432 3200 4469 3932
Route 54 : 70 2298 4798 2160 2570 1715 2466 4966 4660 4215 306 2806 69 2030 4530 2569 1103 2092 192 3603 2327 4827 2692 4592
Route 55 : 1350 976 3476 754 3850 1968 4468 1460 3254 1654 3960 299 4154 2799 1294 660 3794 3160
Route 56 : 2003 1310 4503 158 3810 1967 2658 340 2319 4467 2840 2414 2322 4914 4822 328 2828 4819
Route 57 : 760 39 3260 314 2539 1707 4207 2814 402 2212 2902 4712 163 101 476 2601 2663 2976
Route 58 : 757 266 439 3257 2766 474 2974 1159 2013 2939 1472 2149 4513 2089 3659 809 4589 3972 4649 3309
Route 59 : 517 1049 3549 1740 3017 4240 331 489 2989 2831 1459 1944 3959 1637 4444 876 3376 2288 4137 4788
Route 60 : 2346 221 2383 4846 2245 4745 4883 2721 1711 1035 4211 2078 3535 338 4578 480 1504 2838 4004 2980
Route 61 : 1919 4419 708 1315 3208 1643 2219 3815 1520 4143 2278 4719 4778 4020 1603 4103
Route 62 : 1014 1127 3514 3627 952 3452 2218 1829 4718 4329 2404 1835 4904 1002 3502 4335
Route 63 : 324 1495 3995 783 2824 1848 18 4348 1537 2518 962 4037 43 277 3462 3283 2777 2543
Route 64 : 150 2650 2116 1275 3775 1267 179 3767 2679 2208 1669 4616 4708 725 4169 817 3225 1719 2428 3317 4928 4219
Route 65 : 49 2279 2549 12 2512 1190 4779 1217 3717 1729 4229 3690 1105 405 2905 3605
Route 66 : 2139 1086 3586 390 307 2807 2890 666 57 229 4639 1923 2557 778 3278 2729 1590 4423 3166 4090
Route 67 : 1355 3855 1052 2444 359 2859 588 3552 1809 4309 4944 228 1834 3088 4334 1701 2728 339 2839 4201
Route 68 : 1064 3564 1942 373 2873 1742 970 4442 1433 3470 1507 4242 3933 4007
Route 69 : 289 1066 530 3566 502 3030 3002 1606 2349 712 2789 3212 4106 378 4849 1046 2878 3546
Route 70 : 1820 1846 1337 4320 4346 26 2388 2526 1689 4888 1171 4189 882 3671 216 3382 597 3837 2716 3097
Route 71 : 225 1920 2725 4420 241 470 490 2970 2990 1234 2741 1956 955 3734 2277 4456 4777 3455
Route 72 : 878 1518 3378 957 4018 1245 177 3457 3745 548 433 3048 2933 1935 2677 1220 4435 3720
Route 73 : 913 3413 1110 3610 1721 1811 4221 4311 611 2473 1117 3111 4973 3617 990 255 2755 3490 497 2997
Route 74 : 1044 1503 925 3544 4003 2009 3425 1202 3702 1708 4509 2028 461 4208 4528 2961 186 1750 4250 1380 3880 2686
Route 75 : 2495 4995 159 1006 549 2659 3506 879 1726 3049 3379 1191 4226 3691
Route 76 : 583 2220 3083 282 2782 4720 1050 713 3550 381 1138 2881 3213 1394 495 3638 2995 3894 1465 3965
Route 77 : 779 3279 1519 1490 1081 3581 1387 4019 3990 479 2221 3887 2979 244 991 4721 3491 1704 2744 4204
Route 78 : 1122 182 3622 628 3128 37 2682 1984 2537 2183 4484 728 1889 303 3228 2167 2803 334 4389 2834 4667 4683
Route 79 : 1069 2417 2040 539 4917 592 4540 3569 836 3092 3039 795 3336 3295 2023 2016 4523 4516
Route 80 : 2119 1573 4619 1238 4073 3738 1941 1948 1526 2115 4448 1259 3759 4026 4441 1857 2407 2180 4680 4615 4357 4907
Route 81 : 1092 1710 140 2640 417 4210 791 2917 1957 3592 1965 4457 2356 4856 742 3242 124 3291 4465 667 2624 3167
Route 82 : 1336 1681 2267 4767 3836 1516 362 4016 846 4181 2131 1061 3346 2862 3561 1629 4631 1156 2494 4994 3656 4129
Route 83 : 318 238 2818 296 2796 682 2122 2738 3182 103 342 1345 4622 2842 2603 1796 3845 61 4296 1686 2561 4186
Route 84 : 1801 374 2874 4301 1688 1964 4188 2205 4705 219 4464 872 3372 2449 2719 1886 4949 4386
Route 85 : 1228 3728 455 1349 3849 1212 2955 2263 1446 3712 3946 2284 4763 2336 4836 4784
Route 86 : 607 675 3175 2184 2230 4684 4730 1761 3107 98 4261 2598 356 1392 2376 3892 2329 4876 4829 2311 4811 2856
Route 87 : 1661 4161 1959 420 4459 2920 1141 1709 4209 912 3641 91 284 3412 2591 781 2784 3281
Route 88 : 600 691 2062 3100 4562 1501 782 3191 1461 3282 398 968 2898 2102 4001 3468 2161 4602 3961 1988 4488 4661
Route 89 : 525 3025 1308 3808 1136 2438 3636 1586 4938 1169 4086 3669
Route 90 : 1182 1219 3682 767 1449 116 2616 3949 126 998 3719 3498 170 1876 2626 4376 2670 3267
Route 91 : 2085 31 4585 2531 123 1484 2623 217 2447 2717 3984 624 4947 233 3124 2045 2733 297 2797 580 4545 3080
Route 92 : 429 2237 986 1812 4737 1604 3486 486 426 2986 4104 4312 2929 1091 556 2 2926 3056 2502 3591
Route 93 : 1981 865 3365 1505 4005 1808 4481 393 2357 4308 2893 630 1966 733 4857 3130 4466 3233 1152 1924 3652 4424
Route 94 : 958 543 3043 1671 1185 3458 1079 4171 3685 65 3579 155 1211 2565 2655 547 3711 3047
Route 95 : 2198 2427 4927 4698 789 316 3289 2816
Route 96 : 1291 1987 3791 2192 257 4487 1123 2757 2155 3623 4655 540 4692 1369 3040 1571 3869 4071 376 2876
Route 97 : 801 3301 1248 649 3149 389 3748 1934 661 4434 1474 3974 3161 2889 250 841 2750 3341
Route 98 : 403 908 2903 1680 300 2800 519 3408 2134 4180 542 3019 4634 3042 89 1737 4237 1582 4082 2589
Route 99 : 2029 4529 2280 1525 4780 4025 1552 619 4052 1700 2443 4200 4943 3119
Route 100 : 1498 662 3162 3998 612 594 3112 2072 3094 4572 1258 716 3758 1854 4354 3216
Route 101 : 1773 551 1642 4273 931 3431 185 3051 2441 2685 4142 1652 4941 2021 4152 1540 4040 4521
Route 102 : 1197 96 1574 3697 2596 4074 2377 1691 507 4877 1751 4251 4191 3007 576 2189 4689 3076
Route 103 : 2195 4695 154 2135 2654 2041 2211 4635 1684 2321 4541 4821 4711 287 4184 770 2787 935 3435 3270
Route 104 : 1180 718 3680 2310 4810 3218 2380 1082 4880 104 1575 568 3582 2604 3068 501 3001 995 4075 756 3256 224 3495 2724
Route 105 : 2048 917 924 3424 3417 4548 1911 2316 4411 218 2385 4816 1389 2059 2718 4559 2068 4885 3889 4568
Route 106 : 421 1236 3736 911 3411 1463 2921 1393 3963 432 2932 2081 4581 3893
Route 107 : 428 1111 2227 2928 1702 4727 4202 3611 2173 472 2172 2972 1183 4673 1884 3683 76 4672 4384 2576
Route 108 : 2112 1735 17 4235 4612 2246 2517 1083 4746 559 3059 3583 1320 357 2857 1281 1632 3781 4132 407 3820 2907
Route 109 : 2163 231 4663 1300 3800 2363 2731 2171 4863 1316 3816 4671 1536 1963 4463 948 4036 3448
Route 110 : 1554 1335 4054 3835 1019 382 3519 312 2882 129 1596 369 2812 2629 2869 4096 1645 4145
Route 111 : 1373 3873 2470 1439 4970 276 1633 2776 3939 2121 4133 2181 1409 3909 4621 117 4681 2617
Route 112 : 1068 309 3568 555 326 918 2809 3055 262 3418 1824 2762 4324 315 2826 2193 2815 4693
Route 113 : 1492 1429 3992 1779 4279 2334 3929 1651 5 4834 531 4151 2505 3031
Route 114 : 864 3364 554 513 3054 3013 926 605 3105 1496 3426 1215 3715 1899 3996 4399 1900 942 3442 4400
Route 115 : 1888 2061 2240 141 2641 4388 4561 4740 2457 1628 4957 354 2253 4128 750 3250 1047 2854 3547 4753
Route 116 : 751 3251 2044 4544 1249 79 2579 3749 1925 164 2664 4425 1799 1765 4265 4299
Route 117 : 604 3104 875 2425 3375 1795 2453 4295 151 2651 867 3367 4925 1974 4953 1631 4131 4474 198 2698
Route 118 : 496 2273 714 2996 919 4773 3214 2328 3419 370 4828 1424 2870 550 3050 3924
Route 119 : 1975 1407 3907 4475 67 1172 985 2567 3485 3672 1601 200 4101 2700 1344 2405 3844 139 4905 2639
Route 120 : 2165 1062 477 3562 2461 4961 1570 2977 2393 4070 4665 4893 638 2099 821 256 1699 2756 3321 3138 4199 4599
Route 121 : 665 3165 483 2482 4982 1749 2983 946 3446 4249 2069 521 4569 774 3274 271 3021 2771
Route 122 : 169 1377 3877 2669 2402 2265 4902 1657 2272 940 4157 4765 4772 1918 1821 3440 4418 1455 849 4321 3349 3955
Route 123 : 688 3188 1731 2413 4231 2401 581 2455 4901 1292 2269 4955 3792 1266 3081 4769 2282 4913 3766 1126 4782 3626
Route 124 : 720 536 3036 3220 308 560 3060 254 2808 2754 964 1527 3464 4027
Route 125 : 840 416 2916 3340 92 204 2592 2704 623 2070 4570 3123 409 2909
Route 126 : 1200 8 820 3700 2065 2508 3320 900 4565 3400 697 377 3197 1447 3947 2386 2877 1203 3703 2152 4652 4886
Route 127 : 1635 1253 3753 1734 4135 1874 1623 4374 4234 1339 2169 1908 3839 4669 2182 4123 4408 4682
Route 128 : 1599 2394 4099 837 4894 2159 3337 1862 2320 4659 2365 4362 482 4820 4865 1427 2982 3927 1396 3896
Route 129 : 2141 4641 973 3473 2342 1961 1937 4437 450 4842 4461 963 1166 2950 1531 4031 1404 3666 3463 610 3110 3904
Route 130 : 408 828 2908 3328 1475 445 3975 1170 2945 1065 830 3670 3565 3330 1730 996 1951 1408 3496 3908 283 4451 2783 4230
Route 131 : 1372 1370 3870 247 3872 514 2747 1378 3878 3014 1673 2468 1466 3966 4968 132 4173 2632
Route 132 : 234 1798 2734 1107 4298 1859 3607 699 890 4359 896 42 3396 2270 3390 2542 3199 2437 475 2975 4937 4770
Route 133 : 40 2098 4598 2540 83 2300 2583 1000 1609 3500 4800 1295 1399 4109 2148 3795 1760 4260 2011 4648 3899 4511
Route 134 : 203 2703 1303 1658 2077 4577 1784 3803 4158 1970 4284 2354 4854 368 2868 672 2274 4774 4470 3172
Route 135 : 835 1510 3335 4010 1199 3699 1915 4415 1636 2355 4136 1868 4855 2146 4368 1279 4646 1436 3936 3779
Route 136 : 1722 1513 4222 1785 4013 4285 1913 1301 2350 4850 563 4413 834 3801 183 2683 3063 2138 3334 4638
Route 137 : 1600 671 4100 806 1766 1634 4266 1001 3171 249 3501 4134 1326 3306 2749 1312 72 3826 210 2710 3812 2572
Route 138 : 361 73 2573 22 2861 2145 2431 2522 205 1179 4931 1356 4645 3679 564 3856 2705 3064
Route 139 : 172 515 3015 6 2672 1254 2506 1528 3754 1780 863 977 4028 1769 4280 1485 3985 4269 3477 3363
Route 140 : 1898 4398 534 2158 3034 953 4658 84 3453 452 2584 620 1039 56 3539 1260 3120 2556 3760 2952
Route 141 : 1994 2093 901 3401 1132 4593 4494 1374 3632 522 3874 59 1502 3022 4002 2082 4582 2559
Route 142 : 693 322 3193 978 2822 1545 3478 1119 2049 4045 3619 467 659 4549 2108 2967 3159 4608
Route 143 : 414 2914 1201 3701 676 2467 1978 347 3176 1481 2847 93 4478 2593 4967 759 3981 3259
Route 144 : 1777 4277 80 2368 2580 965 4868 1960 3465 1676 967 3467 2396 2113 4176 4460 2309 4896 4809 1842 4613 4342
Route 145 : 1347 2308 4808 2239 1063 2228 3847 1931 3563 4728 746 4739 1831 4431 1232 3246 1100 3732 3600 4331
Route 146 : 64 2564 2233 346 4733 1437 2846 329 134 3937 2829 2634 1665 687 3187 4165
Route 147 : 1716 1027 784 4216 2458 3527 960 3284 4958 1385 3885 3460 762 3262 1567 194 4067 1010 2694 3510
Route 148 : 936 1517 3436 739 4017 736 3239 1997 3236 629 2000 4500 3129 689 4497 1882 3189 4382
Route 149 : 2232 1763 4732 1167 4263 201 3667 2701 77 82 2577 2582 1456 1800 4300 3956 1771 4271
Route 150 : 1748 1509 4009 1416 220 4248 3916 1489 2720 3989 1595 246 448 2948 2399 4095 4899 2746
Route 151 : 345 1762 441 2845 573 3073 861 2941 4262 1444 3361 1732 3944 50 570 4232 2550 106 1852 3070 4352 2606
Route 152 : 2307 1739 4807 4239 2094 732 4594 2258 3232 4758 1187 317 278 798 3687 1036 2817 3298 3536 2031 2778 4531
Route 153 : 1431 1206 3706 383 3931 147 2080 2647 2883 1042 4580 2499 4999 1192 3692 3542
Route 154 : 2398 4898 1483 1566 1419 4066 3983 1168 3668 1382 3919 444 3882 2944 2459 805 1124 3624 1140 3305 4959 1534 4034 3640
Route 155 : 2429 4929 593 1250 3093 562 3750 1289 2086 1565 4065 3789 3062 4586 20 2520
Route 156 : 2324 304 2804 1230 275 4824 1352 2775 2256 3730 4756 939 1864 3852 4364 3439 753 348 3253 2848
Route 157 : 2060 2305 4560 121 2381 4805 2337 2489 4989 4881 2621 46 4837 1101 99 2546 2599 3601 2371 4871
Route 158 : 1241 2430 3741 4930 1087 1878 3587 292 4378 852 2792 3352 1262 1810 3762 152 4310 2652 1512 4012
Route 159 : 1328 3828 1580 2043 4080 1277 4543 1013 3777 1640 3513 2008 4140 523 3023 4508
Route 160 : 851 654 3154 2026 1038 4526 895 3395 3351 258 3538 1584 4084 2203 2057 157 2758 2657 1059 4703 3559 4557
Route 161 : 1823 1285 3785 601 4323 2491 4991 2217 2436 4717 2445 3101 1542 1307 4945 4042 4936 1787 2480 4287 4980 3807
Route 162 : 1155 2106 3655 1952 4606 4452 591 3091 2133 681 3181 153 4633 10 2510 2369 2653 4869
Route 163 : 1825 1682 4325 4182 473 1782 2448 881 2973 4948 74 3381 2574 709 4282 816 3209 3316
Route 164 : 1226 3726 825 100 2600 3325 1947 4447 1576 1678 4076 1034 4178 2375 577 4875 3534 1949 3077 1986 4449 4486
Route 165 : 889 29 2529 119 775 3389 1118 3275 3618 1843 859 3359 2619 4343 144 1145 2644 3645
Route 166 : 2015 1032 3532 2252 4515 2090 4590 4752 906 3406 1592 1323 4092 1523 3823 1440 4023 3940
Route 167 : 2304 1237 3737 4804 2111 422 1056 2922 2492 4611 2002 2456 4502 4956 1151 3651 1435 4992 3935 3556
Route 168 : 1276 60 3776 1901 4401 1577 1430 4077 811 3930 3311 2560 1625 810 3310 2027 4125 2216 4716 4527
Route 169 : 1108 1287 2020 3787 4520 3608 2178 2409 4678 799 4909 1932 4432 1867 3299 4367 1040 1547 4047 3540
Route 170 : 1448 763 3948 1851 2157 645 4657 1549 3145 1196 4049 442 3263 2942 2296 3696 4796 471 4351 2264 2971 1213 3713 4764
Route 171 : 1894 1365 3865 2238 4394 4738 1139 199 3639 1360 2699 3860 1806 35 2412 4306 4912 2535
Route 172 : 364 2419 2864 2484 301 4984 1656 4156 1910 1611 4410 2801 211 4919 844 4111 2711 3344
Route 173 : 1242 2367 4867 1891 3742 505 4391 1376 3876 146 1840 3005 2646 4340
Route 174 : 1705 30 4205 349 2530 1470 2849 2248 1391 3970 4748 773 3891 1817 3273 4317 75 1849 4349 2575
Route 175 : 136 686 2636 1794 1402 4294 337 3186 3902 160 2837 2660 406 877 1617 2906 766 4117 1175 3377 3266 137 2637 3675
Route 176 : 1791 585 4291 684 3085 793 2188 3184 1115 4688 3293 3615 1150 1615 3650 4115
Route 177 : 1073 222 3573 2722 165 703 2665 3203 128 1856 1090 4356 2628 51 1802 2551 1033 3533 3590 4302
Route 178 : 427 761 1693 3261 4193 1005 174 1738 2927 2674 4238 1535 3505 4035 1096 1178 3678 1016 3596 3516
Route 179 : 2289 4789 664 33 1747 4247 3164 1265 1754 3765 1955 2236 4455 4736 112 4254 2612 2533
Route 180 : 2297 4797 1522 506 1256 4022 3006 2476 3756 118 4976 2207 1469 4707 1662 2618 4162 509 3969 481 2981 3009
Route 181 : 2493 2318 4993 2137 4818 928 4637 2014 215 1313 3428 2715 3813 4514 1071 1755 3571 4255
Route 182 : 459 1491 1977 1420 3920 184 2959 3991 1332 2684 3832 4477 608 335 2382 3108 4882 2035 2835 4535
Route 183 : 465 68 2191 2965 2335 135 4691 2568 1269 4835 131 2635 138 1758 4258 2631 1003 3769 2638 3503
Route 184 : 1304 737 3804 1827 3237 4327 1418 341 552 2841 1614 3918 4114 1077 1041 3052 3541 3577
Route 185 : 2276 2209 4776 1104 3604 1524 4709 1890 4024 2194 4390 4694 2271 1227 4771 3727
Route 186 : 992 839 829 3329 3339 355 3492 1943 2166 4666 4443 2855 2154 4654
Route 187 : 1252 1147 3752 2058 4558 466 1841 2966 3647 1121 336 4341 981 451 2836 2442 3481 2951 305 4942 3621 2805
Route 188 : 353 2251 4751 9 232 464 2509 2853 873 1330 2732 2964 2260 3830 735 3235 4760 3373
Route 189 : 1029 3529 1863 4363 1053 1143 2348 1060 3560 3553 1388 4848 1692 237 3643 4192 2268 3888 1695 4195 2737 4768
Route 190 : 1515 4015 2047 2464 4547 1395 1067 4964 3567 230 3895 598 3098 2730 2306 2107 4806 484 4607 2984
Route 191 : 1741 253 1075 1131 3575 4241 2753 1860 888 1533 3631 1015 4360 3515 4033 944 3388 622 3122 209 3444 1803 2709 4303
Route 192 : 670 2177 4677 2103 3170 2281 758 2362 4781 1591 4862 777 1371 3871 3277 3258 4603 4091
Route 193 : 2153 1912 4653 1494 4412 274 3994 1480 868 2774 999 3980 3499 3368
Route 194 : 2408 696 4908 3196 854 1605 4105 270 3354 701 954 1458 3454 3958 2770 3201 971 2215 3471 4715
Route 195 : 1208 413 3708 1602 637 1415 631 4102 3915 1626 2913 3131 524 4126 1706 3024 3137 4206
Route 196 : 740 2066 3240 485 311 2985 1797 4297 572 4566 2811 1257 3072 1544 3757 1319 4044 2050 4550 3819
Route 197 : 166 23 2411 2666 1853 4911 2523 1011 456 3511 4353 2956 815 3315
Route 198 : 2378 857 4878 2104 710 3210 4604 3357 239 2739 425 2074 2925 395 2110 4574 2895 2301 4801 4610
Route 199 : 949 566 3066 3449 1106 1973 3606 1137 2421 4473 58 4921 3637 2558 1280 589 3089 3780
Route 200 : 127 196 2627 1789 2696 2046 4289 1781 4546 4281 499 1855 2999 1772 4355 4272
Route 201 : 2387 2392 4887 1434 771 4892 933 3934 3433 2095 3271 2353 1683 4853 1357 4595 3857 4183
Route 202 : 2187 947 1837 4337 3447 90 1186 2590 1158 3658 1698 869 4687 3369 4198 1222 3686 2175 4675 3722
Route 203 : 494 2190 2994 4690 1057 1007 2500 5000 3557 902 3507 3402 1327 32 3827 2532
Route 204 : 663 1805 3163 4305 1296 1028 3528 3796 518 168 557 2668 2129 95 3057 45 4629 2545 3018 2595
Route 205 : 1564 1938 4064 4438 1022 1055 85 3555 874 3522 2114 1559 2585 4059 1162 3662 4614 2123 3374 4623
Route 206 : 929 3429 290 980 2790 3480 1733 1037 658 3158 1745 3537 1078 4233 1400 3578 4245 886 3386 1487 3900 3987
Route 207 : 668 2088 4588 1160 3168 2017 3660 1546 959 1607 3459 162 4517 4046 1638 1998 1499 4107 1177 2662 3999 4138 3677 4498
Route 208 : 1088 1102 3588 3602 734 2151 3234 683 3183 4651 2226 463 883 2963 3383 893 4726 3393
Route 209 : 989 415 3489 2345 2241 111 2915 2120 4741 1500 447 2611 4845 1198 2947 1993 4620 3698 4493 4000
Route 210 : 208 36 2708 1538 4038 2136 2536 491 1813 2991 2299 4636 1887 4799 4387 4313
Route 211 : 202 176 2676 2702 1752 1334 3834 4252 1135 887 3635 1477 3977 969 3387 1989 3469 4489 387 2887 2196 4696
Route 212 : 707 252 2752 2434 3207 4934 145 745 2360 2052 4552 3245 4860 1646 2645 2242 4742 4146
Route 213 : 2261 1659 4761 617 4159 310 3117 2001 418 2918 1897 2810 541 2474 4501 327 4974 3041 4397 2827
Route 214 : 2433 424 4933 380 2924 195 2880 2695 1282 685 3185 1462 3782 1903 3962 2032 4403 4532
Route 215 : 590 1026 3090 2463 1263 3763 3526 2420 4963 1411 4920 2477 3911 914 1593 4977 1883 3414 4093 4383
Route 216 : 772 34 3272 2534 1926 175 595 975 741 2675 4426 3095 780 457 3280 3475 614 3241 3114 2957 2323 1317 3817 4823
Route 217 : 87 212 2587 2712 765 1348 3265 3848 1428 1025 3525 2400 4900 1353 3928 3853
Route 218 : 261 1133 3633 2370 279 4870 2761 635 280 3135 2779 2780 1085 1999 1511 25 3585 2481 4011 4981 1980 2525 4480 13 4499 2513
Route 219 : 365 2865 1457 567 1532 4032 1608 3067 3957 1581 4108 694 161 2661 1195 3194 462 4081 3695 2962
Route 220 : 1768 1401 3901 1815 4315 4268 826 2018 4518 454 3326 1051 2954 2426 265 2765 4926 3551
Route 221 : 1916 1514 1902 4416 1621 4121 669 4014 1560 4060 4402 1877 1221 3721 1021 4377 3169 1239 3739 3521
Route 222 : 3 1153 3653 2503 1871 800 3300 1572 385 4371 2373 1587 2885 4873 678 4087 3178 4072
Route 223 : 242 1712 1869 4369 4212 2073 2742 880 4573 3380 109 1690 4190 500 1881 2609 3000 4381
Route 224 : 574 680 994 3074 3180 227 245 1971 2727 3494 2745 845 3345 1174 4471 52 1865 2552 4365 3674
Route 225 : 1833 1670 1305 4333 4170 2314 2343 3805 4814 1070 2347 3570 727 3227 4847 4843
Route 226 : 2303 698 1361 3861 4803 1058 1098 3558 2024 987 3198 1914 4524 3598 715 3487 1018 4414 3518 3215
Route 227 : 842 587 3342 2490 1129 4990 1368 855 3629 3087 3868 2053 2199 4553 1861 3355 108 4699 4361 2608
Route 228 : 1872 1468 1757 1311 2213 3968 4257 4372 4713 822 3811 785 3322 1261 3285 2075 3761 1759 4575 4259
Route 229 : 1074 288 3574 1297 1273 2788 189 3797 1379 3773 2689 281 3879 674 511 3174 2781 3011
Route 230 : 866 1663 3366 1836 4163 527 3027 2479 1826 4336 1112 371 3612 752 4326 4979 115 3252 2615 2871
Route 231 : 743 2036 1048 3243 1893 3548 19 1095 4536 2519 1283 3595 2423 4393 4923 2076 3783 4576 579 1940 4440 3079
Route 232 : 636 2096 3136 302 2802 1467 2179 1744 4596 3967 2460 1148 4960 4244 1775 3648 2143 4643 4679 2012 4512 4275
Route 233 : 910 1858 4358 251 3410 240 2751 871 2740 1398 3371 1950 3898 4450
Route 234 : 1125 1043 3625 3543 1844 48 2548 1164 4344 916 3416 950 3450 3664 904 1362 2067 3862 3404 4567
Route 235 : 2162 4662 1278 3778 330 602 3102 2830 2326 1478 4826 813 1672 3978 105 797 3313 2605 3297 4172
Route 236 : 2224 2250 4724 2285 4750 603 4785 1563 2486 3103 1251 4986 313 3751 4063 1329 2813 706 3206 3829
Route 237 : 171 430 2671 2930 2497 384 2884 363 4997 1727 885 2863 16 3385 2247 4227 4747 1443 2516 1204 3943 3704
Route 238 : 1017 3517 2361 621 3121 4861 298 1687 705 4187 2798 291 3205 2475 2791 2004 786 4975 3286 4504
Route 239 : 1268 3768 2406 923 3423 1639 4906 650 351 4139 113 897 3397 2851 3150 569 503 2613 3069 3003
Route 240 : 2325 1422 4825 437 3922 366 2223 2937 1216 3716 1384 4723 2866 295 3884 181 2795 1521 2374 2681 4021 4874
Route 241 : 934 1679 848 1930 3434 193 3348 2693 2397 4179 4430 4897 831 850 3331 1441 3941 3350
Route 242 : 894 3394 1756 1412 397 2897 4256 673 1093 3593 3173 294 3912 394 921 2794 2894 2485 3421 4985
Route 243 : 226 1390 639 2726 3139 367 3890 350 15 2867 903 2850 2515 738 3403 838 3238 2156 4656 3338
Route 244 : 1322 802 528 3028 1922 3302 1875 3822 4422 1274 4375 508 3008 1905 3774 4405
Route 245 : 657 2083 3157 458 4583 1223 2958 2231 2144 3723 2084 4644 4731 263 4584 1284 2763 3784
Route 246 : 2472 4972 1624 352 4124 1405 2852 1225 1983 1895 4395 1776 4276 3725 1583 4483 3905 4083
Route 247 : 1497 2483 1194 3997 2344 3694 4983 78 1473 2578 2126 4844 4626 3973 1366 2389 3866 1649 4889 4149
Route 248 : 1909 190 4409 286 2690 2338 4838 823 3323 634 2786 731 1995 2340 4840 3231 3134 1324 1414 3824 3914 4495
Route 249 : 1555 943 4055 1189 3443 1668 3689 1866 4168 4366 1720 1556 4056 4220 21 1080 2521 1288 3580 120 3788 2620
Route 250 : 1493 1094 332 3594 1723 2832 375 2875 3993 1764 1299 4264 156 3799 2352 4223 4852 2656
Route 251 : 2424 1954 4924 53 561 2553 2007 1442 3942 2200 4454 702 3061 2038 4507 3202 4700 927 4538 3427
Route 252 : 1342 571 3071 2471 3842 1321 1667 4971 4167 2055 1892 3821 647 4555 794 3147 4392 38 3294 2538
Route 253 : 790 2450 3290 582 4950 1816 4316 1154 3654 625 3082 2222 4722 1839 3125 983 4339 1224 3724 3483
Route 254 : 4 411 2911 653 1724 3153 86 2504 2586 1255 3755 1076 3576 88 2390 4224 2588 4890 2410 1694 4194 4910
Route 255 : 47 1240 3740 2547 596 1717 1476 4217 3976 1644 1804 3096 748 4144 4304 3248 1176 1550 3676 4050
Route 256 : 97 599 2597 2259 487 2987 3099 972 1286 747 1936 3472 3247 2147 4759 4647 4436 2168 3786 1725 4225 4668
Route 257 : 984 3484 769 379 3269 643 3143 2879 1953 2206 180 4706 1340 2680 1130 721 3840 4453 2403 3221 3630 4903
Route 258 : 2312 400 2900 812 4812 3312 2432 1173 3673 360 2860 1618 4932 130 532 4118 460 3032 2630 2317 2960 4817