Instance Name : ber-n1500-1
Authors       : Shobb<shobb@narod.ru>
Date          : 2022-12-24
Reference     : My solver test
Solution
Route 1 : 359 759 375 775 67 57 127 467 527 457 219 619
Route 2 : 321 100 2 500 402 309 709 195 721 264 595 664
Route 3 : 312 22 252 712 190 652 179 422 590 579 99 499
Route 4 : 282 41 170 570 682 441 56 62 85 456 485 462
Route 5 : 215 615 141 541 166 315 241 641 566 715 113 513
Route 6 : 212 120 14 612 414 520 181 165 581 289 565 689
Route 7 : 174 172 302 574 169 572 221 117 517 702 621 569
Route 8 : 150 550 280 87 92 492 680 72 487 472 21 421
Route 9 : 138 118 189 589 538 518 155 555 66 281 466 681
Route 10 : 129 529 351 9 751 409 277 677 211 74 611 474
Route 11 : 69 469 140 540 94 121 27 494 427 521 268 668
Route 12 : 68 468 290 690 223 75 13 623 413 475 260 660
Route 13 : 38 342 742 438 255 49 151 125 655 551 525 449
Route 14 : 26 143 426 543 144 89 142 37 489 437 544 542
Route 15 : 20 234 634 168 28 568 420 428 124 284 524 684
Route 16 : 400 337 88 800 488 90 200 490 737 600
Route 17 : 393 374 793 176 774 576 398 102 502 798
Route 18 : 387 235 34 194 635 434 787 594 322 722
Route 19 : 366 231 184 631 766 584 236 250 636 650
Route 20 : 363 763 352 362 752 111 762 133 511 533
Route 21 : 354 754 350 346 746 750 265 204 665 604
Route 22 : 347 747 40 128 528 368 768 440 153 553
Route 23 : 338 388 738 788 222 23 240 640 622 423
Route 24 : 332 51 451 93 732 381 335 781 493 735
Route 25 : 331 196 324 731 596 724 356 178 756 578
Route 26 : 328 208 267 17 728 608 417 7 667 407
Route 27 : 300 278 84 484 678 373 137 537 773 700
Route 28 : 296 86 696 329 729 486 275 226 675 626
Route 29 : 276 358 676 758 77 266 666 477 382 782
Route 30 : 273 39 262 439 673 662 377 777 397 797
Route 31 : 272 390 790 116 106 29 516 429 506 672
Route 32 : 271 61 671 461 167 567 43 12 443 412
Route 33 : 270 139 539 670 122 46 316 446 522 716
Route 34 : 256 269 343 743 669 656 216 115 515 616
Route 35 : 253 333 158 653 558 733 279 310 679 710
Route 36 : 244 104 644 504 147 30 430 547 355 755
Route 37 : 238 159 6 406 304 638 323 559 704 723
Route 38 : 232 65 58 458 465 149 114 549 514 632
Route 39 : 224 35 624 435 91 491 228 334 628 734
Route 40 : 220 209 620 609 394 361 794 349 761 749
Route 41 : 213 613 299 311 699 711 251 651 112 512
Route 42 : 205 161 605 173 191 378 778 561 591 573
Route 43 : 203 245 603 371 645 376 297 771 776 697
Route 44 : 198 31 399 598 799 380 5 780 405 431
Route 45 : 193 593 395 192 795 136 592 536 97 497
Route 46 : 186 586 330 10 410 730 134 258 658 534
Route 47 : 185 254 654 585 55 135 292 455 535 692
Route 48 : 183 19 583 419 123 237 303 523 703 637
Route 49 : 182 582 391 385 791 785 206 367 767 606
Route 50 : 164 263 225 564 625 663 344 341 741 744
Route 51 : 163 392 301 563 701 82 482 288 792 688
Route 52 : 160 560 3 76 403 476 4 404 227 627
Route 53 : 156 556 247 36 647 436 73 207 607 473
Route 54 : 152 552 15 291 171 691 32 571 415 432
Route 55 : 146 131 218 229 618 546 531 629 283 683
Route 56 : 145 285 248 685 318 648 718 396 545 796
Route 57 : 132 154 554 64 464 101 532 175 501 575
Route 58 : 130 188 345 745 588 530 326 369 769 726
Route 59 : 107 25 243 47 643 425 287 687 507 447
Route 60 : 105 108 505 508 16 214 416 60 614 460
Route 61 : 83 63 483 148 463 233 548 119 633 519
Route 62 : 80 197 294 480 383 597 694 783 78 478
Route 63 : 79 479 327 370 261 770 661 384 727 784
Route 64 : 59 44 444 459 109 509 180 71 580 471
Route 65 : 53 453 98 70 498 177 470 577 325 725
Route 66 : 50 450 372 217 772 617 24 157 557 424
Route 67 : 45 386 445 319 786 719 246 646 307 707
Route 68 : 42 314 442 110 714 339 510 739 54 454
Route 69 : 33 320 81 433 720 162 481 379 562 779
Route 70 : 18 52 242 452 230 239 639 630 418 642
Route 71 : 11 259 348 201 411 748 601 659 187 587
Route 72 : 8 210 610 305 705 96 199 496 599 408
Route 73 : 1 202 249 401 602 649 126 95 495 526
Route 74 : 365 765 293 693 257 274 657 674
Route 75 : 357 757 308 306 313 713 708 706
Route 76 : 353 389 753 789 364 295 695 764
Route 77 : 298 48 103 698 448 503 360 760
Route 78 : 286 340 686 740 336 317 717 736
