Instance name : bar-n400-7
Authors       : Dmitriy Demin, Mikhail Diakov (msd@veeroute.com), Ivan Ilin, Nikita Ivanov, Viacheslav Sokolov (vs@veeroute.com) et al. VRt Global (https://veeroute.com/)
Date          : 2023-04-24
Reference     : veeroute.com
Solution
Route 1 : 89 128 289 110 310 157 328 193 357 41 393 241 124 324 130 23 330 223 195 52 252 122 74 395 93 322 6 274 206 293 109 309 65 265
Route 2 : 27 146 227 346 56 115 256 138 315 338 76 62 276 159 262 9 72 359 44 244 25 272 209 114 94 225 314 294 45 150 350 31 231 245 22 222
Route 3 : 11 19 219 57 211 125 325 139 339 123 101 145 323 257 301 83 345 283 184 85 17 107 217 384 151 307 351 71 285 37 271 59 259 237 100 300
Route 4 : 179 187 387 3 379 183 203 383 129 175 329 12 375 43 243 38 212 238 188 33 32 51 388 233 251 232 126 144 326 40 344 119 199 240 319 399
Route 5 : 191 149 136 391 336 8 349 60 140 208 152 340 352 67 260 267 189 108 389 186 308 386 135 78 335 10 210 278 133 105 333 34 305 234
Route 6 : 29 166 366 1 161 86 361 286 229 58 20 201 258 220 120 81 281 320 134 104 304 61 36 334 112 261 236 87 312 287 26 167 367 226 197 397
Route 7 : 143 163 343 103 363 49 97 303 54 254 297 21 88 249 221 2 288 202 91 106 291 172 141 306 372 341 55 176 35 376 235 255 14 214 194 121 394 321
Route 8 : 66 170 266 90 47 370 290 247 42 162 242 362 111 311 63 69 82 200 400 269 192 263 392 282 185 171 385 371 28 228 48 98 298 102 248 84 284 302
Route 9 : 148 46 348 137 246 180 96 337 296 380 30 15 230 70 142 270 215 342 18 173 75 373 99 275 218 158 299 358 68 268 190 390 160 117 50 360 250 317 196 396
Route 10 : 64 116 264 147 347 79 39 316 239 165 279 4 365 73 132 332 204 118 273 318 24 113 80 224 92 313 280 292 181 131 169 331 369 13 381 213
Route 11 : 16 77 216 182 7 168 368 277 53 95 207 253 295 153 382 5 127 353 205 155 327 355 154 178 198 354 378 156 177 356 398 174 164 364 374 377