Instance name : bar-n4000-1
Authors       : BIG3 - Dmitriy Yampolskiy, Egor Nikolaev and Daria Savina. Smart Logistics Point by the BigThree team (big3.ru).
Date          : 2025-04-23
Reference     : BigThree team (big3.ru)
Solution
Route 1 : 1997 1891 1382 3891 3997 1419 3419 3382 714 1066 2714 1107 3107 1394 3066 1421 3394 1456 3421 837 2837 3456 1700 443 3700 1680 2443 3680
Route 2 : 551 1203 3203 1766 3766 474 922 2474 1753 2922 2551 3753 1458 595 1705 2595 3705 3458 298 1121 2298 3121 1462 860 3462 2860
Route 3 : 1691 1944 176 2176 396 3691 2396 1569 1240 3944 3569 3240 1871 1768 3768 3871 1865 1070 3070 1854 405 2405 734 2734 3854 3865
Route 4 : 954 916 1820 952 2916 3820 2952 1777 3777 997 2954 521 1266 2521 1252 2997 3252 1377 3266 3377 391 131 2391 1548 3548 2131
Route 5 : 296 483 2296 2483 519 711 2519 1150 251 560 2711 2251 1861 3150 2560 3861 684 1248 2684 3248 537 781 804 2537 2781 2804 258 2258
Route 6 : 1279 1128 1605 3128 3279 3605 1227 1097 3227 3097 1607 613 1535 609 2609 3535 3607 2613 1790 1862 3790 3862 309 1484 3484 2309
Route 7 : 1046 440 3046 894 180 2180 2894 2440 1102 1216 42 3216 3102 1236 2042 3236 222 1601 169 2222 1202 2169 3202 3601 334 591 2334 2591
Route 8 : 48 272 2272 86 2048 1676 2086 241 1064 3676 3064 2241 1090 3090 1271 58 2058 1503 3503 111 2111 720 573 2720 805 2573 2805 3271
Route 9 : 285 392 233 2233 530 2285 2392 1940 2530 3940 673 746 2746 2673 1599 371 1878 3599 1673 3878 1578 3673 1721 2371 3721 3578 1922 1468 3468 3922
Route 10 : 1426 141 1212 2141 3426 198 928 2198 1892 3892 3212 2928 1774 1481 3481 3774 407 1935 491 2407 2491 3935 267 967 1859 2267 2967 3859
Route 11 : 174 1397 1524 3397 3524 370 1451 2174 3451 963 2370 2963 345 1296 3296 425 2345 1299 3299 2425 926 144 2144 761 2926 2761 696 1888 2696 3888
Route 12 : 755 1793 3793 1439 1404 2755 1642 3439 1991 3404 1893 3991 3893 3642 1137 586 3137 655 2586 2655 869 522 2869 2522 402 793 2402 2793
Route 13 : 177 1325 3325 145 338 2145 2338 2177 1326 1030 3326 1499 3499 3030 29 2029 768 397 890 2768 1340 2397 2890 436 220 3340 2436 2220
Route 14 : 637 690 2637 430 982 2690 1509 2982 2430 1756 3756 3509 1453 1720 3453 1688 3720 888 3688 2888 676 1710 3710 2676 59 1933 3933 2059
Route 15 : 1921 1943 1983 3943 3921 1187 645 3983 3187 2645 1541 1158 875 3541 1246 3158 2875 1489 3489 294 3246 2294 87 1857 2087 3857 261 1161 3161 2261
Route 16 : 237 899 2237 216 1051 2899 902 2902 2216 444 2444 71 2071 1666 62 3666 1695 2062 1511 3695 1966 3511 3966 287 3051 2287
Route 17 : 427 493 1433 2493 2427 713 3433 1297 186 2186 3297 1604 3604 273 2713 797 2273 794 2797 230 2794 511 2511 341 2230 143 2341 520 2143 1208 3208 2520
Route 18 : 501 158 2501 845 2158 1247 3247 150 2845 293 2293 2150 1106 3106 1094 1595 3595 3094 1593 1164 3164 957 575 2957 3593 2575 1021 281 2281 3021
Route 19 : 1341 1029 1157 3157 3341 1628 3029 1423 1955 3628 3955 999 3423 437 2999 599 2599 232 692 2437 2232 1873 432 2692 357 3873 2432 767 2767 2357
Route 20 : 739 1139 3139 1872 2739 3872 638 8 2638 1675 2008 4 428 2004 2428 1630 1555 3630 3675 3555 1928 974 1045 3928 110 2974 3045 680 2110 2680
Route 21 : 614 662 2614 2662 1060 1574 1080 3060 3574 3080 1661 1712 3661 3712 1176 1214 1145 53 3176 3145 2053 3214 1430 1431 3431 3430
Route 22 : 173 1981 1349 829 3349 2173 1982 2829 3981 3982 1936 1588 1764 3588 3936 1495 1649 3649 3495 254 3764 812 2254 716 2812 20 2020 2716
Route 23 : 1967 1908 704 3908 3967 246 862 2704 834 2246 2834 292 1181 2862 1623 2292 3181 1634 909 3634 3623 2909 629 326 2629 1055 3055 1869 2326 3869
Route 24 : 1532 3532 1502 1194 1372 1016 3194 3372 3502 3016 1560 3560 499 792 2499 743 2792 892 827 2743 1819 1170 2827 3819 2892 1130 809 3170 2809 3130
Route 25 : 236 2236 228 305 229 2305 1542 2228 579 2229 3542 1270 1040 3270 2579 977 665 885 3040 2665 2885 948 2977 1336 2948 1621 3336 126 3621 2126
Route 26 : 1639 3639 1488 1384 1938 3384 1917 3488 50 3938 3917 1968 2050 1515 3968 3515 1792 1985 3792 1972 3972 1970 3970 1990 1466 3990 3466 3985
Route 27 : 962 788 330 2962 1148 927 2788 2330 3148 2927 536 548 2548 2536 868 1141 1008 418 2868 993 3141 3008 2993 2418 947 1596 2947 3596
Route 28 : 802 215 2215 939 382 2382 2802 1383 2939 1994 3383 211 3994 1223 2211 3223 1523 574 3523 2574 1827 1192 3192 1701 3701 3827
Route 29 : 194 628 2194 2628 1527 1026 3026 3527 940 953 2953 1761 2940 306 2306 3761 12 783 275 2012 2275 2783 1048 3048 1059 1900 3059 1852 3900 3852
Route 30 : 1637 3637 268 3 2268 695 534 2003 2534 1117 2695 1356 3356 3117 1752 3752 159 1500 3500 740 25 2740 1645 2025 3645 2159
Route 31 : 1678 1788 3678 3788 1902 3902 1255 917 3255 239 689 2239 2917 1285 2689 37 3285 721 2037 2721 1233 1289 3233 1193 3193 187 2187 3289
Route 32 : 1828 1572 3572 981 3828 2981 101 912 2101 1760 442 3760 2912 2442 1406 3406 1547 674 3547 1320 2674 1264 601 3320 1971 2601 1783 3264 3783 3971
Route 33 : 1915 1573 1053 3915 3053 3573 1775 90 3775 2090 1144 43 1435 1534 3435 2043 348 3144 1770 3534 2348 307 3770 1460 3460 1804 2307 1582 3804 3582
Route 34 : 113 1806 3806 2113 502 1006 1017 780 2780 2502 3017 464 3006 769 2464 314 2314 117 795 2117 2769 507 2507 2795
Route 35 : 772 1283 3283 1556 2772 719 3556 46 460 2719 2460 454 2046 2454 567 1352 2567 1844 3352 3844 363 419 2363 2419
Route 36 : 1959 1655 979 98 3959 3655 2979 2098 1549 3549 1210 1230 3230 270 554 3210 2270 1095 2554 727 951 2951 1897 3095 1816 2727 3816 3897
Route 37 : 1272 1586 846 3272 1327 3586 2846 1242 1945 3945 3242 3327 308 1152 2308 3152 698 2698 277 1288 2277 102 1263 2102 3288 3263
Route 38 : 1544 1622 3544 3622 1135 1957 3135 61 3957 2061 646 647 2647 668 2646 1330 2668 3330 1960 3960 1682 553 2553 30 3682 2030
Route 39 : 1739 3739 1401 1740 3401 1942 3740 164 423 3942 226 2164 2423 457 1127 2226 408 3127 2457 336 2408 1235 2336 924 3235 68 2924 1335 2068 3335
Route 40 : 262 119 1587 2119 1608 2262 3608 3587 1149 826 1304 3149 3304 2826 1687 1493 3493 1482 3687 40 2040 3482 1116 1136 3116 3136 1904 3904
Route 41 : 1812 283 1438 3812 2283 1866 3438 1650 3866 3650 921 666 2666 2921 1744 3744 664 790 161 165 2161 2790 867 2165 1577 2867 3577 2664
Route 42 : 1633 414 973 2973 3633 1483 3483 2414 172 1448 249 3448 2172 1782 154 2249 3782 2154 1924 923 3924 1477 796 3477 841 2841 2796 2923
Route 43 : 22 416 1224 3224 2022 38 1146 2416 2038 3146 1664 3664 297 2297 11 247 2011 2247 685 337 2337 155 2155 891 2685 116 2891 2116
Route 44 : 76 2076 129 889 178 2889 1001 2129 2178 544 3001 290 2544 471 2471 223 2290 994 97 2097 744 1690 2744 2223 2994 1907 1591 3690 3591 3907
Route 45 : 316 1076 325 2316 975 329 2325 932 2329 2975 3076 1096 384 2932 2384 291 3096 1562 2291 3562 1360 1815 1811 3360 45 3815 2045 3811
Route 46 : 1440 3440 253 182 485 2182 881 2253 2485 1287 2881 14 990 3287 1086 2014 2990 3086 1808 1875 1931 3875 3808 1256 3256 3931
Route 47 : 1012 770 2770 541 2541 3012 1323 364 2364 361 3323 100 2100 456 2361 1455 2456 3455 856 1399 886 271 2856 2271 2886 3399
Route 48 : 1874 1665 1490 3665 3490 1265 1734 3734 1443 3265 3443 196 3874 1504 1732 2196 915 3732 2915 103 3504 2103 133 2133 538 2538 1249 3249
Route 49 : 245 276 1054 2245 2000 2276 4000 1411 3054 3411 800 671 2800 620 2671 1519 3519 2620 1887 1114 1093 3887 379 3114 3093 2379
Route 50 : 1882 531 3882 2531 1414 1886 3886 185 3414 732 441 2732 2441 156 2156 959 2185 409 248 2959 2248 1278 3278 1776 2409 219 2219 3776
Route 51 : 1180 1474 626 825 3474 709 3180 2825 2626 2709 786 570 2570 1449 2786 3449 467 911 2911 2467 201 2201 1133 1847 3133 3847
Route 52 : 1840 3840 1612 607 157 1050 2607 3050 1614 2157 1616 3616 3614 3612 1195 1571 3571 1565 3195 1613 3565 1434 3613 1078 3078 209 3434 2209
Route 53 : 639 642 2639 2642 322 1268 313 2322 942 3268 840 1437 2942 2313 2840 1998 3437 3998 1798 610 779 3798 1631 2779 2610 1364 3364 3631
Route 54 : 898 897 2898 2897 1916 937 2937 3916 481 505 2481 1239 838 2505 3239 1156 2838 3156 137 749 2749 2137 147 135 1185 3185 2147 1589 2135 3589
Route 55 : 1361 1445 3445 1392 1853 3392 1557 3853 13 3557 3361 1197 2013 545 2545 167 2167 987 3197 2987 1890 3890 616 1838 2616 475 3838 447 2475 2447
Route 56 : 455 852 2455 1041 819 1337 2852 1530 3041 2819 3530 1368 3337 3368 1177 723 458 2723 3177 2458 971 1019 2971 395 3019 2395
Route 57 : 1132 89 1829 3132 3829 450 2089 2450 171 1282 3282 2171 565 1762 2565 3762 482 776 657 1254 3254 2482 1260 2657 289 2289 3260 1417 3417 2776
Route 58 : 751 1772 2751 568 3772 2568 1668 1771 3771 1476 3668 983 3476 635 2635 2983 988 301 2301 1358 2988 1138 3358 3138 1624 1785 3624 3785
Route 59 : 582 72 2582 151 2072 1855 2151 278 681 2681 659 2278 2659 415 3855 2415 705 1334 2705 1213 3213 1781 3334 3781 1580 1889 1884 3580 3889 3884
Route 60 : 1222 697 205 2205 1610 2697 3222 10 3610 1241 799 914 2799 2010 571 3241 2914 1465 3465 2571 1551 1919 64 3551 3919 1520 2064 3520
Route 61 : 399 1211 2399 1567 3211 478 2478 350 1111 3111 401 3567 2350 85 2401 374 1056 2374 3056 745 2085 2745 650 1115 1251 3115 2650 3251
Route 62 : 759 735 2759 1505 2735 1319 5 3505 140 2005 807 2140 3319 634 208 1276 2208 1020 3020 3276 2634 1609 2807 3609 1906 605 3906 128 2605 2128
Route 63 : 1706 473 3706 810 2473 231 352 2231 2352 340 2340 2810 1284 930 3284 1543 2930 1218 26 3543 3218 2026 691 31 376 21 2031 1244 2376 2691 2021 3244
Route 64 : 1834 3834 368 183 855 2368 758 513 2855 358 2513 2758 653 2358 2653 941 380 134 2380 2941 1220 2134 400 2183 3220 1956 2400 366 3956 1987 2366 78 2078 3987
Route 65 : 1986 1999 3986 3999 1976 1923 3976 1092 3092 394 3923 1667 2394 3667 1529 33 3529 550 2033 1301 2550 1104 3104 731 2731 1103 3301 3103
Route 66 : 286 41 2286 839 470 2470 2839 1025 3025 132 2041 378 2132 1396 354 2378 878 2878 1757 3757 2354 3396 130 60 2130 17 2017 672 2060 2672
Route 67 : 835 1984 1689 3689 3984 2835 1275 1324 3324 1899 3275 3899 88 1754 1803 2088 3803 1365 730 3365 2730 3754 1528 1708 3528 3708
Route 68 : 168 189 2189 2168 624 1441 1348 2624 1749 3441 3348 3749 489 1124 2489 212 3124 597 367 2212 1953 2597 2367 3953
Route 69 : 492 687 388 2687 652 2492 715 2388 75 2652 1558 2715 1625 2075 3625 3558 1830 1725 1948 3948 3830 3725 1685 555 463 3685 2555 1023 2463 3023
Route 70 : 718 972 2972 123 1590 2718 2123 1153 3153 1539 3590 3539 1496 1974 3496 1659 3974 1344 3659 594 274 3344 2274 2594
Route 71 : 1362 1709 3709 757 3362 717 2757 2717 615 884 2615 2884 617 509 2617 6 2509 1653 2006 1526 3526 3653 1672 3672 410 420 2410 2420
Route 72 : 163 865 386 2865 1738 2163 321 3738 269 2386 2321 1031 2269 1084 3084 1402 1405 3405 3031 844 3402 559 459 2559 1273 3273 2459 1261 2844 3261
Route 73 : 1537 99 1333 2099 446 3537 3333 2446 1794 1993 3993 390 1432 3432 2390 3794 260 124 1318 2124 3318 2260 1780 1427 3427 3780
Route 74 : 1602 3602 1747 1436 3436 3747 1166 526 3166 820 91 2091 2526 587 373 2373 2820 1841 2587 70 823 738 2823 1416 3416 3841 2738 1755 2070 3755
Route 75 : 1769 3769 880 1322 2880 936 79 789 2789 2079 2936 1347 1469 966 2966 3469 433 3347 203 2433 2203 39 877 1958 2039 3322 3958 2877
Route 76 : 465 602 2602 1536 3536 1818 1910 3818 2465 1839 3910 1067 3067 63 3839 1846 640 3846 2063 2640 1920 3920 1351 347 2347 816 3351 2816
Route 77 : 52 1091 3091 2052 1389 861 2861 3389 109 1101 2109 1388 3101 3388 1742 1267 3742 3267 421 1359 2421 1937 3359 3937
Route 78 : 16 279 2016 263 2279 324 1683 2263 3683 2324 1646 1813 3813 3646 1563 1390 3390 1447 3563 1870 3870 3447 115 1470 1464 3464 3470 2115
Route 79 : 1234 343 1174 3234 1554 3174 3554 2343 1363 1486 3363 817 1057 2817 859 3057 3486 81 836 929 2836 2859 2081 1656 1467 3467 1522 2929 3522 3656
Route 80 : 218 1257 2218 1898 1217 3898 3257 344 3217 108 762 2108 2344 876 2762 369 461 2369 2461 991 2876 323 2991 424 2424 896 1007 2323 389 2896 2389 752 3007 2752
Route 81 : 1018 785 1123 3018 3123 956 2785 1154 2956 303 3154 2303 955 833 2955 2833 1723 238 2238 3723 452 69 1238 2069 2452 996 2996 355 3238 2355
Route 82 : 1418 3418 346 1074 722 3074 2346 1229 1167 2722 1698 3167 1125 588 3229 3125 2588 3698 9 777 2777 2009 741 138 160 2741 2160 724 2138 2724
Route 83 : 152 311 1636 3636 2311 669 2669 2152 204 903 83 2204 2083 1736 2903 1350 3736 747 1759 2747 1075 3350 3075 240 3759 1089 2240 1237 3089 3237
Route 84 : 1508 94 2094 1597 1206 3508 3597 3206 1243 1005 3005 970 1317 3243 3317 2970 1729 1746 3729 3746 96 1343 3343 2096 1302 1802 3802 3302
Route 85 : 264 514 319 2264 2514 1657 1293 3657 179 2179 1837 3293 1188 2319 3837 3188 1773 1011 3011 1000 683 3773 3000 842 2683 1786 2842 3786
Route 86 : 1228 978 122 3228 2122 518 2978 1963 1165 36 3165 2036 1707 2518 3963 3707 552 435 2552 2435 1459 1120 3459 1063 3063 3120
Route 87 : 1015 439 1501 1069 3501 3069 1473 2439 3015 1398 3473 250 677 2677 3398 2250 906 181 2181 2906 879 539 2879 992 2992 2539
Route 88 : 112 1677 3677 2112 1883 429 3883 2429 1996 1375 3375 1386 3996 1444 3444 707 512 3386 933 2933 2707 2512 968 1147 486 2486 2968 3147
Route 89 : 600 1036 2600 365 2365 503 3036 1478 2503 3478 1281 3281 257 958 2958 244 2257 583 828 2244 28 2583 2828 1518 1763 3518 2028 3763
Route 90 : 703 300 95 2703 920 584 1332 3332 2095 2920 2584 1487 1881 3487 1385 1694 2300 3881 3385 1876 3694 945 3876 202 2945 24 2024 1142 3142 2202
Route 91 : 193 2193 1663 1182 3663 3182 372 381 2381 2372 824 832 2832 149 2824 1380 2149 3380 1743 3743
Route 92 : 210 422 887 2210 1807 2887 3807 2422 1638 3638 515 1175 701 2701 2515 1290 3175 706 3290 280 2280 814 2814 495 2706 1004 2495 3004
Route 93 : 508 1183 2508 1832 3183 1835 3832 3835 742 184 2184 1750 3750 2742 1845 3845 51 900 2051 2900 737 919 2737 2919 1702 3702
Route 94 : 1767 221 335 2221 3767 2335 1250 606 2606 998 641 658 2658 3250 148 1143 2998 2148 44 1801 873 3143 1730 3801 1737 3730 2873 2641 2044 1550 3550 3737
Route 95 : 604 15 2015 2604 146 1977 1831 2146 3977 3831 1357 1140 3357 857 1129 2857 3140 3129 217 1221 2217 1583 3221 1641 3641 3583
Route 96 : 1366 1538 3366 1564 585 2585 1932 3538 3564 3932 84 1941 3941 2084 106 558 1507 2106 2558 1918 3507 3918 949 1291 2949 3291
Route 97 : 1184 1109 3109 1355 166 3184 1038 964 3355 2166 3038 1836 3836 2964 1724 1190 121 2121 699 488 3724 2488 1425 3190 3425 477 822 2477 2699 2822
Route 98 : 362 1307 3307 82 2362 667 2667 2082 612 866 2612 462 2462 754 2866 234 976 2754 1373 644 2644 611 2976 2234 2611 1525 3373 3525
Route 99 : 1758 871 1199 2871 1196 213 3199 3758 3196 35 965 2213 2965 1315 3315 778 1027 3027 1379 2035 806 2778 207 2806 910 2207 2910 3379
Route 100 : 494 663 1113 2663 3113 843 2494 2843 528 479 2528 2479 753 1047 3047 356 2753 702 1858 2356 1697 2702 255 3697 3858 815 2815 858 2255 2858 1381 3381
Route 101 : 1823 1711 3823 3711 830 404 2830 2404 393 726 2393 561 1345 2561 2726 557 3345 55 2557 1065 2055 918 1118 359 2359 3118 3065 2918
Route 102 : 1814 1929 3814 1992 3992 1606 3929 944 3606 2944 1946 3946 712 1654 2712 1472 1693 3654 1789 3693 3472 1731 3731 1905 3789 1408 3905 3408
Route 103 : 23 1369 2023 1387 818 2818 3369 3387 1253 3253 1309 851 3309 1791 2851 3791 1110 1817 3817 1822 3822 3110 1973 1880 1615 3973 3880 3615
Route 104 : 803 1226 1245 3226 3245 2803 1367 3367 242 2242 1805 54 3805 74 2054 870 2074 2870 412 1034 2412 3034 631 449 2631 1479 2449 3479
Route 105 : 224 235 2224 1514 1002 2235 1546 3002 1979 3514 3546 431 3979 1913 2431 3913 756 934 1728 2934 748 2748 2756 136 3728 2136
Route 106 : 1374 3374 1860 1585 3585 1787 3860 3787 1962 3962 266 2266 670 1292 2670 572 3292 56 2572 27 2056 688 1810 2027 2688 448 3810 2448
Route 107 : 1885 3885 1686 125 893 3686 2125 1670 2893 3670 656 517 2517 506 2656 2506 1703 598 2598 1328 3703 593 1179 3328 3179 2593 1988 678 3988 2678
Route 108 : 1517 1640 3517 3640 1475 468 3475 1277 2468 197 3277 771 2197 679 2679 500 2771 854 2500 2854 1022 1215 3215 3022 649 451 2649 1274 3274 2451
Route 109 : 596 1684 2596 3684 1954 549 403 3954 2549 1331 2403 1735 3735 3331 284 1989 969 2284 496 3989 2496 2969 1403 1457 1864 3403 3457 3864
Route 110 : 1126 1492 3126 3492 1512 1784 798 2798 3512 849 3784 92 2849 708 2708 2092 1395 913 1617 1424 2913 3395 3617 170 7 2007 3424 2170
Route 111 : 1833 784 3833 2784 960 1119 904 2904 2960 1533 1308 3119 1620 3533 693 3308 3620 120 619 2120 2693 2619 57 1155 2057 1269 3155 1461 3269 3461
Route 112 : 360 1699 589 1186 2360 3699 1463 2589 3186 3463 1692 1079 3692 3079 1039 525 2525 775 3039 1207 2775 1209 375 1305 3207 3209 2375 3305
Route 113 : 581 411 66 2066 2581 2411 259 490 986 2490 2259 2986 1715 618 2618 3715 580 648 1201 2580 2648 1748 353 3201 3748 2353
Route 114 : 516 1313 2516 67 3313 2067 1863 764 3863 2764 1454 3454 1800 1603 3800 1627 1071 3603 3627 47 1303 1262 3262 2047 3303 3071
Route 115 : 540 1198 661 2540 1765 2661 630 426 2630 874 576 3765 2874 938 332 821 2821 2426 3198 2576 2938 2332 1480 3480 1420 1160 3420 377 3160 2377
Route 116 : 200 214 2200 1733 2214 3733 1925 3925 1939 413 339 3939 2413 995 2339 532 2995 2532 153 801 2801 227 328 2328 2153 1681 2227 3681
Route 117 : 49 1013 2049 725 3013 288 2288 895 2725 466 2895 527 675 2466 2527 487 191 848 2487 2191 2675 1704 2848 1662 3704 1516 1393 3393 3662 3516
Route 118 : 1592 1312 302 3592 2302 1219 3312 351 3219 1553 2351 543 3553 1028 2543 1779 3779 1969 3028 3969 438 1191 256 1714 2438 3714 2256 3191
Route 119 : 93 312 660 2312 1043 2660 2093 546 3043 315 2546 2315 608 2608 1172 265 504 2265 733 2733 2504 1809 3172 577 2577 1909 3809 3909
Route 120 : 566 2566 1298 1696 3298 1085 3085 3696 1568 1225 1452 3568 3452 3225 1204 1068 3068 3204 1867 1062 3867 1570 750 3062 2750 3570
Route 121 : 1310 114 3310 2114 1947 3947 1159 3159 850 2850 484 592 2484 2592 1531 3531 1189 1232 385 2385 3189 3232
Route 122 : 1713 318 3713 192 2192 931 2318 2931 1042 310 2310 1446 3446 3042 882 2882 398 299 2299 1651 2398 3651 907 107 2907 2107
Route 123 : 1346 3346 32 1009 2032 3009 225 989 2989 2225 1409 1849 445 766 2766 2445 3849 3409 1491 327 1980 2327 1719 3980 3491 3719
Route 124 : 206 1611 2206 1727 3611 434 632 3727 2434 2632 34 304 2034 2304 80 1098 2080 1024 3098 943 3024 813 2943 2813
Route 125 : 883 190 1643 1231 2883 622 2190 3231 3643 2622 175 535 2175 2535 853 1912 320 2320 3912 2853 1162 627 3162 1415 1163 497 2627 3415 3163 2497
Route 126 : 1485 1342 3485 3342 1014 1896 3014 1413 3896 1901 3413 1259 782 3901 1286 2782 3259 3286 1581 1559 3581 3559 1329 3329
Route 127 : 1037 3037 908 578 2578 1205 3205 1751 2908 1391 3751 3391 282 2282 104 763 2104 2763 1652 1576 3576 729 3652 1044 1579 3579 2729 3044
Route 128 : 1169 569 946 3169 1561 2946 1826 3561 2569 1716 3826 3716 1575 162 3575 700 2162 760 2760 252 773 2252 2773 2700 1796 3796
Route 129 : 1513 1669 3513 1371 3669 1635 1674 3371 3674 118 1 3635 2118 935 2001 1300 2935 65 3300 2065 1951 1376 3376 1949 3951 3949 127 2127
Route 130 : 1552 1052 1584 3052 188 3584 3552 1422 2188 498 3422 105 2498 2105 406 1965 2406 686 469 2686 2469 3965 1540 1950 3950 3540 774 2774
Route 131 : 1108 417 3108 901 2417 295 905 2901 2905 2295 1842 3842 1648 694 2694 3648 18 564 2018 1033 2564 1626 2 2002 1099 3099 3033 651 2651 3626
Route 132 : 1497 1200 1105 3200 1658 3497 453 3658 3105 2453 1314 643 985 3314 2643 1741 3741 2985 199 1407 1134 3407 387 2199 1173 3173 2387 331 1410 3134 3410 2331
Route 133 : 1354 1316 3316 3354 1295 787 2787 3295 1877 3877 1003 1594 3594 3003 1679 1112 3679 1843 3112 1010 3010 1294 3843 3294 1795 3795
Route 134 : 472 1494 1726 3494 2472 1632 77 3632 2077 1321 480 3321 2480 3726 980 1978 142 2142 3978 1370 1961 3370 139 2980 2139 633 3961 1644 3644 2633
Route 135 : 1903 736 847 3903 1930 2736 533 2847 2533 1745 3930 1926 3926 1799 1824 3824 3745 3799 510 1049 3049 563 2510 2563 1035 1311 3035 3311
Route 136 : 1671 1506 3671 3506 1442 1825 3442 3825 1151 342 3151 2342 349 2349 925 864 2925 2864 523 710 1280 2523 524 19 3280 2524 2019 2710
Route 137 : 1778 3778 1061 831 3061 2831 1521 1306 3306 1856 3856 3521 1073 195 2195 333 3073 1178 2333 1722 3722 3178
Route 138 : 1717 1797 1168 3717 3797 872 1927 2872 3168 3927 556 961 562 2961 2556 654 2562 1934 2654 3934 1660 3660 476 811 2811 243 2476 2243
Route 139 : 1088 1100 3088 1894 808 3100 1566 3566 1077 3077 3894 1914 1122 2808 1629 3914 1087 3122 3087 636 1429 3629 2636 3429 1911 3911
Route 140 : 1378 3378 1598 1850 3598 3850 765 529 1082 2765 3082 1600 3600 2529 1848 3848 984 1258 1072 3072 2984 863 2863 603 3258 2603
Route 141 : 1995 1964 3964 1339 3339 1058 1171 1647 3058 950 3171 3647 1718 2950 3718 1498 1450 3995 1618 3450 1545 3618 3498 3545 1821 1851 3821 3851
Route 142 : 728 1975 2728 3975 1032 590 1338 3032 1131 3131 2590 621 1428 3338 3428 2621 1510 1412 1619 3510 3619 1879 3412 542 3879 1083 2542 1353 3083 3353
Route 143 : 383 317 2383 1471 2317 1952 3471 3952 682 625 2625 791 2791 1868 3868 1081 2682 3081 547 73 1400 2073 1895 3400 2547 623 3895 2623
