Instance name:	bar-n2000-2
Authors:		Carlo Sartori and Luciana Buriol
Date:			2019-2-11
Reference:		A matheuristic approach to the PDPTW (to be submitted)
Solution
Route 1 : 297 198 1297 250 131 504 1198 1250 1504 1131 424 521 1424 42 1521 129 1042 278 1278 1129
Route 2 : 592 563 1592 1563 646 388 1646 1388 461 1461 397 377 1397 1377 289 2 1002 116 1289 281 1281 1116
Route 3 : 118 370 1118 336 1370 293 1293 571 369 1369 155 1336 216 1571 653 1216 1653 1155 533 208 1533 1208
Route 4 : 573 510 84 439 1573 257 1439 1084 1510 1257 703 673 1703 371 261 1261 1673 494 1371 279 1279 1494
Route 5 : 544 737 1544 482 447 1482 1737 1447 160 1160 679 1679 487 338 1338 1487 167 519 1519 471 1167 1471
Route 6 : 869 644 1644 1869 96 481 49 1096 385 643 1481 1049 1385 1643 395 531 109 1531 1109 221 1395 732 169 1732 1221 1169
Route 7 : 43 629 1629 450 1043 273 1450 750 1750 1273 276 27 1027 1276 766 1766
Route 8 : 680 537 1537 1680 260 1260 713 393 1713 529 1529 416 1416 1393 734 217 77 1734 755 1755 1077 1217
Route 9 : 249 410 1249 400 1410 1400 282 127 1127 769 110 1282 549 1769 1549 694 1110 1694
Route 10 : 630 236 1630 574 1236 404 12 1574 771 1771 227 1404 1227 686 340 1012 1686 675 432 1340 1675 349 1432 1349
Route 11 : 701 40 1040 379 1379 157 1157 55 1701 788 1055 684 22 1022 448 1684 689 225 1788 1225 1448 1689
Route 12 : 781 173 796 1781 1796 1173 138 473 156 1473 570 1156 183 1138 780 1570 1780 1183 548 1548
Route 13 : 726 469 1469 14 431 1431 383 1726 435 1383 1014 1435 478 294 1478 624 715 1715 1294 1624
Route 14 : 150 203 1203 483 704 1483 778 1150 196 1778 1704 240 1196 92 1092 1240
Route 15 : 51 568 1051 314 814 1814 1314 738 381 1738 1568 631 1631 1381 729 731 1731 41 1041 1729
Route 16 : 588 1588 306 741 192 1192 1306 761 1761 1741 825 1825 409 616 1616 247 1409 746 1247 348 1348 1746
Route 17 : 342 645 1342 784 214 1784 567 639 1567 757 1757 1214 691 1645 677 1639 193 1691 1193 195 1677 589 698 1589 1195 1698
Route 18 : 106 834 1106 1834 459 499 407 1459 148 1499 206 1148 1407 454 794 1206 1794 1454
Route 19 : 268 557 254 1254 1557 1268 232 28 90 468 1090 1028 696 836 1468 835 1835 184 1836 1184 394 1232 1394 1696
Route 20 : 838 292 1838 535 56 1535 1292 1056 637 501 1501 601 1637 9 1601 1009
Route 21 : 312 1312 656 290 650 1656 480 1650 308 1290 1480 1308 36 402 1036 154 463 1154 1463 1402 881 1881
Route 22 : 467 244 1467 607 1607 1244 847 384 1847 1384 242 1242 81 35 343 1035 1343 1081 846 1846
Route 23 : 710 554 284 1284 352 1554 720 1710 1352 164 850 1720 1164 350 1850 141 1350 1141 546 1546
Route 24 : 302 688 855 1302 652 391 1391 1855 790 1652 1790 486 449 1486 231 296 1231 608 1449 1296 1688 1608
Route 25 : 740 85 1740 536 1536 700 1700 1085 642 856 1856 130 1642 114 1130 1114 64 229 125 1125 1229 1064
Route 26 : 649 821 1649 1821 541 490 1541 764 1490 1764 204 441 1204 603 162 1441 651 1162 1651 374 1603 1374
Route 27 : 329 860 724 1860 1329 63 105 1063 171 1724 599 436 1171 852 1852 1105 866 1599 1436 1866
Route 28 : 44 89 113 770 1113 1044 587 668 1089 1668 1770 304 1587 789 1304 867 1867 1789 792 1792 749 1749
Route 29 : 365 102 1102 1365 517 299 1517 870 1299 1870 692 427 1692 1427 503 818 1818 1503
Route 30 : 403 238 353 845 562 1403 1353 1845 1562 580 1238 508 1580 518 444 1508 1518 1444 871 1871
Route 31 : 540 179 16 1179 117 1016 1540 610 524 1610 707 1117 827 287 1287 1524 1707 1827
Route 32 : 65 1065 175 223 332 1175 1332 1223 545 647 1545 550 1647 556 1556 1550 883 182 1182 1883
Route 33 : 316 45 683 1045 405 1316 1683 884 1405 1884 721 446 1721 457 1457 1446 774 367 1367 207 1774 1207
Route 34 : 78 226 539 1078 634 628 1226 1539 270 779 1628 857 1779 1857 1270 817 1634 99 1099 1817 699 811 1699 1811
Route 35 : 709 258 672 816 1672 1258 1816 895 34 1709 330 1895 1330 514 1034 1514 498 767 1767 1498
Route 36 : 265 735 1735 1265 663 132 1663 823 795 1795 1823 1132 865 1865 215 205 1205 1215
Route 37 : 438 1438 95 702 324 1324 1702 1095 52 387 277 1052 762 1277 899 1762 528 1899 168 1387 1168 1528
Route 38 : 437 375 1437 317 613 797 1375 901 1613 787 1317 323 1901 1797 1323 1787 20 177 1020 1177 627 334 1627 1334
Route 39 : 187 434 211 1434 491 1187 103 1103 523 1491 877 1523 759 358 1211 1877 843 1759 1358 765 1843 1765 904 1904
Route 40 : 711 241 1241 1711 139 623 1139 906 366 1366 1906 1623 251 362 124 1124 1362 622 262 1622 1251 682 1262 1682
Route 41 : 576 505 1576 53 418 538 1053 527 1505 1538 60 1527 1060 1418 911 414 1911 564 581 1414 326 1581 1564 1326
Route 42 : 76 310 1310 1076 659 339 1339 300 1659 542 1542 606 475 1606 202 1300 466 1475 378 1466 1202 1378 288 912 1288 1912
Route 43 : 913 882 1913 267 1882 38 1267 440 1440 1038 135 212 1135 1212 91 666 1091 805 1666 1805
Route 44 : 472 87 1472 406 868 1406 1087 908 233 1908 690 736 1868 122 1233 808 1122 916 1690 1736 1916 1808
Route 45 : 560 54 809 1809 1560 918 1054 73 1918 1073 725 137 1725 147 1137 1147 46 417 1417 1046
Route 46 : 641 924 919 1641 826 1919 1826 363 1924 218 1363 368 1218 355 662 1368 1355 839 1839 1662
Route 47 : 320 303 477 1320 879 898 1879 1477 119 1303 325 421 1898 401 1119 1421 1401 928 67 1067 1325 1928
Route 48 : 264 897 413 551 1413 1897 802 1264 705 1551 1705 283 456 1802 739 1283 929 1456 756 1929 1756 1739
Route 49 : 751 484 1484 933 1751 8 165 1933 851 1165 1851 93 57 1093 136 609 1057 1136 6 1008 1609 1006 841 1841
Route 50 : 126 714 1714 1126 301 555 1301 936 861 1936 1861 1555 380 121 255 1380 1255 1121 522 1522
Route 51 : 422 1422 321 497 940 1940 39 844 552 1497 594 1844 1321 1594 1552 1039 812 345 1345 71 1812 1071
Route 52 : 806 104 1806 186 1104 462 1186 753 1462 903 1753 50 1903 15 1015 224 1050 543 942 1224 1942 1543
Route 53 : 620 197 1620 357 1357 1197 943 935 1935 615 1943 356 1615 801 1801 602 163 922 1356 1602 142 1163 1142 1922
Route 54 : 948 890 1948 718 803 1803 1890 239 1718 1239 492 941 512 1492 1941 1512
Route 55 : 949 181 1949 189 1189 547 1181 161 74 1161 1074 932 1547 210 285 1210 415 1285 1932 1415
Route 56 : 280 625 24 1625 526 1526 1024 354 1280 485 618 1354 950 1485 1950 1618 149 657 1657 1149
Route 57 : 572 470 318 1470 1318 730 1572 313 1313 952 1730 47 1952 298 664 1664 1047 1298 376 566 1566 1376
Route 58 : 953 854 1854 917 939 832 1832 1917 783 1953 1939 569 532 1783 1532 600 1569 676 1676 1600
Route 59 : 971 100 1100 1971 815 123 1123 1815 373 143 1373 1143 954 723 322 1723 1322 228 716 1228 1716 1954
Route 60 : 745 382 1382 1745 956 944 632 19 1944 1632 152 1019 695 1695 1956 295 1152 389 1295 1389
Route 61 : 810 271 4 246 1810 23 1271 958 1246 583 1583 1004 1023 1958 938 807 894 1938 1807 1894
Route 62 : 513 133 1513 907 1133 489 1489 1907 878 830 83 1878 1830 842 959 1959 1083 506 1842 1506
Route 63 : 614 263 107 1107 960 1614 1263 887 1960 742 660 1887 101 1742 1101 1660 234 253 1234 722 1253 1722
Route 64 : 412 191 1412 209 1191 1209 859 923 1923 829 1859 872 1 1001 1829 961 1961 1872
Route 65 : 443 678 420 1420 309 1443 32 1032 411 1678 1411 500 962 1500 445 1309 957 1962 1445 1957
Route 66 : 963 347 1963 1347 476 464 1476 516 1516 888 1888 1464 465 1465 361 706 1361 559 1706 1559
Route 67 : 120 151 1120 889 493 1889 399 1151 1399 1493 964 140 1964 892 1140 1892
Route 68 : 965 648 408 626 1648 1408 1965 669 108 1626 1669 955 1955 185 1108 274 1274 48 1185 1048 31 1031
Route 69 : 687 360 1360 1687 833 967 728 1728 1833 886 1886 611 1967 29 1029 1611 128 617 1617 1128
Route 70 : 311 111 1111 220 213 1213 1311 144 747 1747 1220 1144 902 893 1902 968 1893 1968
Route 71 : 752 112 429 1752 824 1429 1824 671 768 1112 969 525 1525 1671 66 1066 115 1115 1768 1969
Route 72 : 930 25 970 858 1025 1930 819 1970 1858 880 259 1819 1880 495 344 1259 158 1158 1495 1344
Route 73 : 30 219 1219 758 1030 1758 341 428 1341 1428 88 966 1966 604 973 1088 1604 509 1973 791 1509 1791
Route 74 : 72 386 392 69 1069 1392 1072 1386 697 1697 595 79 1595 1079 974 333 1333 658 925 1658 822 1974 1925 1822
Route 75 : 511 975 1975 945 1945 1511 661 201 1661 667 1201 222 591 1222 1591 1667 243 75 1243 453 1075 612 1453 1612
Route 76 : 146 442 1146 178 307 1442 1307 977 926 1178 455 1977 1926 905 1455 717 1717 1905
Route 77 : 584 786 134 1134 13 1584 172 37 1037 419 553 1013 748 1172 1786 1419 979 1553 1979 1748 596 874 1596 1874
Route 78 : 743 733 1743 910 1733 364 937 1364 980 1910 1937 1980 534 760 94 1534 1760 515 1094 59 1515 1059
Route 79 : 425 396 982 82 1982 976 1425 1082 315 931 927 1396 1976 1927 828 1931 1315 97 1828 1097
Route 80 : 793 712 1712 1793 864 876 654 1864 1654 1876 230 199 1199 640 1640 1230 983 820 1983 1820
Route 81 : 21 579 1021 176 1579 840 1176 981 1840 188 58 1188 1058 1981 984 1984
Route 82 : 985 359 245 1245 598 1359 986 1986 98 1985 1598 635 665 1635 1098 1665 423 159 1159 1423
Route 83 : 507 145 1507 319 1145 153 1319 638 1153 987 1638 798 785 1798 914 1987 1914 561 1785 1561
Route 84 : 863 873 337 1863 1873 256 988 1988 1337 17 1256 252 633 1252 763 180 1017 1763 1633 1180
Route 85 : 582 727 248 1582 1248 655 1655 989 1727 266 1989 335 1266 586 1335 621 1621 1586
Route 86 : 452 5 1005 1452 390 578 1390 496 990 1578 804 1496 272 1804 776 1990 1776 681 1272 451 1681 1451
Route 87 : 744 166 327 1166 68 474 1327 1068 900 921 1474 1744 693 1900 1693 1921 991 775 1991 1775
Route 88 : 174 754 80 1754 773 1174 1773 237 1237 1080 200 992 1200 1992 291 190 530 1291 1190 1530
Route 89 : 670 636 3 1670 885 1636 1003 800 1800 62 993 1885 1062 831 875 1993 1875 1831
Route 90 : 61 18 26 1026 1018 848 170 1061 1848 951 1170 994 1951 782 1994 1782
Route 91 : 619 328 1619 799 1799 849 1328 777 1849 995 1777 1995 235 305 1235 972 1305 1972
Route 92 : 426 86 7 70 1426 1070 1007 1086 978 372 1372 674 1978 996 1674 853 331 1996 1331 946 1946 1853
Route 93 : 575 479 1575 488 1479 915 1488 837 1915 685 1837 1685 997 947 1997 346 398 1947 577 1346 1398 1577
Route 94 : 502 719 1719 1502 909 891 1909 813 896 1891 1813 998 1896 708 1998 351 1708 430 1351 1430
Route 95 : 558 194 862 1194 460 458 1458 1460 1862 593 1593 1558 433 772 1772 934 1433 585 999 1585 1934 1999
Route 96 : 11 269 590 1269 33 1011 1033 10 1590 275 1010 1275 565 605 1605 1565 286 1000 520 1520 1286 2000 597 920 1920 1597
