Instance name : bar-n400-5
Authors       : Dmitriy Demin, Mikhail Diakov (msd@veeroute.com), Ivan Ilin, Nikita Ivanov, Viacheslav Sokolov (vs@veeroute.com) et al. VRt Global (https://veeroute.com/)
Date          : 2023-07-09
Reference     : veeroute.com
Solution
Route 1 : 157 5 357 11 136 205 336 211 184 384
Route 2 : 133 175 375 333 166 81 281 27 366 227
Route 3 : 84 162 86 286 48 284 362 55 248 255
Route 4 : 186 148 386 348 40 110 240 310
Route 5 : 130 330 109 78 278 113 309 313 124 324
Route 6 : 21 137 221 23 337 188 223 187 387 388
Route 7 : 41 190 196 241 396 390 34 234
Route 8 : 149 111 349 66 72 311 272 26 266 226
Route 9 : 194 7 207 394 185 132 332 385
Route 10 : 170 370 98 168 4 298 368 204 126 326
Route 11 : 82 150 282 350 115 138 315 338 52 252
Route 12 : 180 28 63 263 163 380 165 228 363 365
Route 13 : 160 91 360 12 145 291 129 212 345 329
Route 14 : 172 125 164 325 372 112 364 312 67 267
Route 15 : 127 189 1 59 327 389 197 201 397 259
Route 16 : 198 57 68 398 65 257 268 146 265 346
Route 17 : 83 88 288 283 179 128 191 379 391 328
Route 18 : 85 285 89 182 382 289 152 58 258 352
Route 19 : 56 36 96 256 296 42 236 114 314 242
Route 20 : 35 19 200 235 100 219 77 300 277 400
Route 21 : 151 154 102 351 302 79 142 354 342 279
Route 22 : 117 43 13 317 213 243 95 199 295 399
Route 23 : 134 173 334 373 103 303 70 174 374 270
Route 24 : 153 353 17 47 247 31 217 231 69 269
Route 25 : 143 195 343 38 238 395 178 39 378 239
Route 26 : 51 119 251 319 106 18 218 306 53 253
Route 27 : 169 22 30 222 140 230 369 8 340 208
Route 28 : 2 29 15 202 76 229 215 73 273 276
Route 29 : 176 155 376 94 355 122 294 45 245 322
Route 30 : 20 220 64 99 108 299 264 308 71 271
Route 31 : 158 32 97 358 297 232 10 210
Route 32 : 121 161 92 62 292 321 9 361 262 209
Route 33 : 156 356 123 144 74 323 344 107 274 307
Route 34 : 54 116 90 290 193 254 316 101 393 301
Route 35 : 44 14 46 214 24 181 244 381 246 224
Route 36 : 80 33 233 104 280 16 304 37 216 237
Route 37 : 61 261 3 118 105 203 318 305
Route 38 : 60 87 287 147 260 183 347 75 383 275
Route 39 : 167 141 171 371 341 192 367 6 392 206
Route 40 : 25 131 331 159 225 177 359 93 293 377
Route 41 : 49 50 139 339 120 135 249 335 250 320