Instance name : bar-n400-4
Authors       : Isaiah Reimer (isaiah.reimer@rideco.com). RideCo (rideco.com)
Date          : 2023-03-21
Reference     : Rideco PDPTW Solver
Solution
Route 1 : 128 328 58 154 258 354 1 32 201 180 380 62 72 272 91 262 232 18 291 162 218 362 47 247
Route 2 : 24 17 224 217 199 399 19 179 219 379 191 101 391 301 56 256 193 393
Route 3 : 174 181 55 374 200 255 400 381 110 310 189 57 389 257 151 351 9 135 209 112 335 312
Route 4 : 31 77 231 178 277 82 378 87 287 35 282 80 235 137 337 280 140 12 340 212 127 327 51 251
Route 5 : 59 259 173 156 75 356 45 373 38 245 238 139 275 126 326 5 108 205 308 339 159 130 359 330 76 276
Route 6 : 73 120 273 83 283 11 211 53 253 28 192 228 392 320 186 152 44 244 386 68 268 352 119 319
Route 7 : 118 318 49 131 249 109 331 177 25 377 309 225 86 194 286 394 41 241 2 30 67 230 202 267 198 398
Route 8 : 98 298 21 168 221 368 43 243 70 103 303 172 372 33 233 270 158 39 358 239
Route 9 : 165 365 63 40 240 22 263 100 300 222 65 265 8 133 333 208 105 97 297 123 305 161 169 361 323 369
Route 10 : 74 274 182 188 79 382 13 279 213 388 78 3 278 85 285 61 261 121 203 321 190 390
Route 11 : 95 176 295 376 16 216 89 125 325 289 106 306 26 114 314 155 226 99 355 52 252 92 299 292
Route 12 : 84 54 284 254 163 132 363 332 160 360 107 307 187 171 371 387 197 15 215 185 397 385
Route 13 : 34 234 115 94 315 37 294 150 237 81 350 88 113 281 288 10 313 210 122 93 322 183 383 293
Route 14 : 184 90 290 384 69 71 269 164 271 364 157 124 357 144 344 134 48 324 248 334 196 148 396 348
Route 15 : 167 367 4 102 302 204 46 246 27 96 227 296 64 66 264 266 6 146 346 141 206 175 375 195 395 341
Route 16 : 136 149 42 349 336 117 242 7 207 36 317 23 142 236 223 342 129 143 111 343 145 311 329 345
Route 17 : 147 14 50 347 214 250 166 20 366 220 116 60 316 260 153 138 353 29 104 338 229 304 170 370
