Instance name : bar-n600-2
Authors       : Dmitriy Demin, Mikhail Diakov (msd@veeroute.com), Ivan Ilin, Nikita Ivanov, Viacheslav Sokolov (vs@veeroute.com) et al. VRt Global (https://veeroute.com/)
Date          : 2023-07-09
Reference     : veeroute.com
Solution
Route 1 : 254 220 554 226 182 520 228 150 528 526 482 250 255 450 555 73 373 550 82 184 205 484 382 103 161 505 461 403
Route 2 : 69 369 252 552 278 578 6 201 306 281 501 29 581 135 210 329 270 435 268 570 510 235 25 535 325 568
Route 3 : 183 71 483 371 212 267 512 149 449 567 199 32 26 499 326 240 177 477 214 332 540 514 4 72 304 372
Route 4 : 110 119 137 410 437 142 442 419 175 475 148 130 30 430 448 225 65 330 365 246 525 294 230 530 546 215 594 515 107 407
Route 5 : 244 544 164 253 464 261 120 70 553 370 561 170 420 152 470 290 452 179 153 590 1 479 17 301 118 453 317 418 22 322
Route 6 : 9 237 309 269 569 224 266 524 537 298 598 122 566 280 580 279 42 422 579 151 35 451 45 156 335 234 345 534 342 456
Route 7 : 87 171 387 471 211 511 144 444 113 125 204 115 413 425 415 263 504 264 564 563 218 518 7 265 189 565 307 489
Route 8 : 104 147 404 116 447 77 416 377 111 18 129 411 105 318 405 159 429 291 459 127 427 591 238 538 197 497 229 221 521 529
Route 9 : 243 109 543 409 60 88 102 388 402 106 193 360 406 80 493 380 222 90 522 37 390 337 133 74 282 433 374 582
Route 10 : 233 68 533 295 368 595 11 2 75 375 302 117 126 311 195 47 495 426 417 41 141 441 347 341 64 132 432 364
Route 11 : 134 83 5 434 305 259 383 200 559 227 500 155 273 527 272 455 573 283 583 108 62 572 76 362 408 33 333 376
Route 12 : 128 428 52 206 352 506 288 84 384 274 588 239 257 574 557 97 539 217 517 86 180 397 386 480
Route 13 : 166 85 385 296 299 599 466 596 55 300 49 600 188 355 488 19 349 176 319 10 476 310 53 146 353 446
Route 14 : 213 58 172 358 14 472 101 401 314 185 236 485 513 23 96 323 536 190 94 396 24 394 39 490 160 324 339 460
Route 15 : 286 98 398 586 67 99 367 399 28 192 328 241 492 207 541 20 507 320 40 242 542 219 340 519 21 131 431 321
Route 16 : 262 38 95 338 169 562 469 202 395 502 138 287 191 438 587 248 491 548 167 467 81 381 36 271 336 571
Route 17 : 3 89 389 57 357 123 303 423 208 181 508 56 356 481 12 312 232 140 112 532 440 198 412 498
Route 18 : 157 196 496 457 93 143 443 203 393 178 478 503 231 256 531 186 556 114 297 486 289 597 414 284 589 584
Route 19 : 61 165 162 361 462 209 465 247 13 509 547 276 313 139 439 50 54 354 576 245 350 293 249 549 593 545
Route 20 : 51 351 63 44 344 168 363 292 468 15 592 78 315 100 223 523 378 46 275 575 400 258 346 558 251 551
Route 21 : 145 79 66 445 379 366 163 194 494 43 463 343 174 124 474 424 16 154 454 316 8 136 308 216 436 516
Route 22 : 31 187 331 285 585 27 487 34 327 334 121 260 48 560 421 59 348 173 91 158 473 391 277 458 359 92 577 392