Instance name : bar-n400-2
Authors : Alexander Yuskov (a.yuskov@g.nsu.ru), Igor Kulachenko (ink@math.nsc.ru), Yury Kochetov, Igor Vasilyev, Zhangdong, Chenjuan, Huanghaohan, Wanglongfei
Date : 28.05.2025
Reference : HGIM
Solution
Route 1 : 160 190 360 11 55 211 200 390 109 255 309 146 400 346
Route 2 : 77 21 221 155 277 93 355 173 293 33 36 373 233 236
Route 3 : 40 58 6 258 206 72 240 272 117 5 317 144 344 205
Route 4 : 90 290 37 141 131 237 35 341 331 53 119 235 253 319
Route 5 : 137 59 103 185 259 303 337 188 385 9 209 164 388 364
Route 6 : 111 100 7 300 128 311 207 2 112 138 338 312 328 202
Route 7 : 174 102 374 302 23 68 3 268 203 61 261 8 208 223
Route 8 : 166 183 167 366 75 133 383 24 333 224 367 88 275 288
Route 9 : 17 139 339 48 217 82 248 165 282 47 365 247
Route 10 : 28 99 104 228 299 145 26 345 22 304 44 244 226 222
Route 11 : 181 140 63 340 178 381 149 199 263 399 349 378
Route 12 : 10 29 229 198 210 398 79 74 152 279 274 352
Route 13 : 62 49 249 191 262 20 220 177 391 195 395 377 65 265
Route 14 : 114 105 305 134 38 238 125 314 334 325 69 269
Route 15 : 193 196 101 301 186 396 107 393 386 168 307 368
Route 16 : 175 56 162 362 256 179 375 379 172 121 372 127 327 321
Route 17 : 123 197 397 130 135 335 169 330 323 110 46 369 310 246
Route 18 : 64 43 264 189 12 113 212 313 389 243
Route 19 : 187 154 387 27 142 159 227 359 342 84 13 284 354 213
Route 20 : 108 42 54 308 194 170 394 254 370 242 180 380
Route 21 : 14 150 214 60 260 350 184 192 50 392 87 384 287 250
Route 22 : 45 157 357 89 67 245 129 267 289 329
Route 23 : 96 4 171 296 182 382 25 371 71 271 225 204
Route 24 : 41 156 241 95 124 356 163 324 295 83 363 158 283 358
Route 25 : 116 151 16 216 316 351 161 136 39 336 239 361
Route 26 : 70 270 76 30 97 1 276 98 176 298 376 297 230 19 201 219
Route 27 : 52 106 126 252 34 306 81 234 51 326 251 153 147 347 353 281
Route 28 : 143 115 315 120 320 32 57 86 15 343 286 257 232 215
Route 29 : 122 322 78 91 118 94 278 85 318 291 285 294 73 273
Route 30 : 66 266 92 80 280 292 132 31 231 148 348 332 18 218
