Instance name : ber-n3000-2
Authors       : BIG3 - Dmitriy Yampolskiy, Egor Nikolaev and Daria Savina. Smart Logistics Point by the BigThree team (big3.ru).
Date          : 2025-04-22
Reference     : BigThree team (big3.ru)
Solution
Route 1 : 833 2333 110 410 347 623 1610 814 1167 2667 2123 1910 2314 499 899 1847 230 2399 1999 643 2143 1730
Route 2 : 125 375 60 1560 9 1625 1102 587 449 2087 436 1875 1209 2602 1509 1949 2709 1936
Route 3 : 290 1355 1493 69 1790 1175 1236 2993 2855 2675 2736 1569 1103 2603
Route 4 : 652 517 95 2152 2017 641 567 1595 263 859 2359 2141 2067 1763
Route 5 : 1492 597 1008 2097 2992 2508 1182 1421 170 2682 2921 1299 1670 2799
Route 6 : 350 134 1850 589 2089 73 1634 727 383 2227 1883 654 221 1573 2154 1721
Route 7 : 610 23 2110 1523 834 748 2248 241 364 247 1864 483 1741 12 1512 2334 1747 1983
Route 8 : 883 484 1200 2700 2383 1984 1394 781 946 1189 2894 2281 1405 2689 2446 2905
Route 9 : 45 874 758 1226 1545 2374 1212 2726 2258 1357 2712 2857
Route 10 : 186 439 1427 1686 503 1939 129 2927 2003 1629 1329 2829
Route 11 : 1022 2522 973 1418 702 1313 2202 2918 2813 1218 2473 2718
Route 12 : 941 384 31 1531 2441 1254 1884 2754 680 853 790 2353 2180 2290
Route 13 : 462 409 847 1962 2347 1 175 1909 1501 1049 1217 933 1675 2433 928 2549 2717 2428
Route 14 : 219 1719 1230 1309 1433 180 2809 2730 2933 209 1680 568 1709 2068
Route 15 : 47 908 1547 735 285 2408 149 1785 2235 947 1649 596 743 2096 2447 2243
Route 16 : 1139 1126 2626 635 889 2639 2135 965 448 2389 399 1899 43 1948 2465 1543
Route 17 : 1099 94 237 2599 1737 1594 225 278 773 1725 2273 1778
Route 18 : 1350 282 2850 1782 1444 1499 200 1700 1089 2999 2589 2944 968 2468
Route 19 : 1084 577 697 986 2584 2197 288 2486 2077 1788 367 240 1740 1867
Route 20 : 455 309 1955 1809 137 83 1318 1637 13 2818 672 17 1583 1513 1517 603 11 2172 2103 1511
Route 21 : 191 132 820 1691 885 1632 2320 1012 687 2187 2512 2385
Route 22 : 1379 2879 678 2178 148 487 974 1987 1396 2474 1648 2896
Route 23 : 922 318 2422 1818 360 256 312 1812 1860 1756 861 578 571 2071 2361 2078
Route 24 : 1009 782 661 1430 2930 2282 2161 2509 1439 1470 168 2970 211 1668 1711 2939
Route 25 : 1018 1266 480 2766 1337 1980 2518 1228 1023 844 2523 2344 2728 2837
Route 26 : 945 556 2056 555 541 2445 950 1287 2041 185 2055 1685 2450 2787
Route 27 : 1223 2723 1251 178 444 1944 224 1678 1021 2751 1724 2521 1074 2574
Route 28 : 90 663 152 2163 931 1590 2431 910 639 477 446 1946 273 1977 2139 1773 1652 2410 724 2224
Route 29 : 334 417 882 1834 816 1917 2382 966 3 2316 1503 488 2466 1988
Route 30 : 231 898 896 2396 294 549 154 2049 1731 2398 1654 905 474 1794 594 1974 2405 2094
Route 31 : 197 738 2238 111 116 1697 645 52 2145 1025 1552 1616 897 88 2525 1611 1588 2397
Route 32 : 997 323 1823 2497 620 179 468 1968 1679 2120 106 63 786 338 1606 234 1838 2286 1734 522 1563 2022
Route 33 : 925 576 1403 2425 2903 694 2076 2194 327 684 2184 729 954 2229 2454 1827
Route 34 : 732 44 1544 2232 554 1231 1210 2054 2710 907 2731 2407
Route 35 : 835 703 632 2203 81 1152 2335 2132 615 411 879 2115 54 1911 2379 1581 2652 1554
Route 36 : 20 717 126 2217 1626 53 1520 669 2169 97 1553 625 2125 1597
Route 37 : 250 994 515 1150 2015 2494 893 65 2393 1273 1565 1750 1311 2650 2811 2773
Route 38 : 1301 385 395 2801 1467 1885 2967 1895 156 1303 2803 1656
Route 39 : 971 454 2471 1954 720 840 2220 690 916 218 759 1718 1393 2259 2190 2340 2416 2893
Route 40 : 1031 585 2085 2531 1006 957 537 2457 286 192 49 2506 955 2455 1786 1549 275 1692 2037 1775
Route 41 : 100 709 255 339 1839 2209 1600 1755 182 705 1682 2205
Route 42 : 1112 301 1801 2612 894 30 246 1530 1746 2394 526 1137 2026 2637
Route 43 : 120 1047 1620 1134 440 2547 2634 1940 284 795 1784 2295
Route 44 : 871 315 1815 1138 2638 767 2371 841 624 2267 2341 2124
Route 45 : 721 207 1707 627 2221 884 26 1526 1263 2127 2384 2763
Route 46 : 478 143 942 1978 92 1643 598 2442 1042 1592 2542 270 85 1770 1585 2098
Route 47 : 181 1098 188 2598 238 1688 1681 1072 407 1738 646 1907 2572 2146
Route 48 : 1127 374 2627 512 651 533 1874 2033 1498 2012 2151 1314 2998 2814 1454 2954
Route 49 : 77 813 815 1298 2313 1472 2972 2315 1577 751 15 2798 91 2251 1515 1591 48 1548
Route 50 : 856 475 736 964 2356 975 2464 1975 453 2475 2236 1457 1447 1953 2947 2957
Route 51 : 1014 868 2368 2514 935 356 1856 1095 1130 320 2630 2595 1184 2435 1820 2684
Route 52 : 1351 2851 1198 1428 2928 668 413 2698 1913 2168 242 1003 2503 1742
Route 53 : 609 569 2069 1039 2539 2109 366 108 528 1608 165 2028 1665 1866
Route 54 : 194 827 1185 2327 793 1694 458 1464 2685 2293 1958 2964
Route 55 : 1045 310 2545 1810 1316 1219 2816 704 1033 2533 2719 2204
Route 56 : 430 1088 932 2588 688 2432 1487 2987 2188 869 507 2369 1930 754 2254 2007
Route 57 : 1220 2720 401 316 497 608 38 2108 1538 1816 1901 177 325 664 1997 2164 1825 1677
Route 58 : 1181 1388 2681 648 638 1370 2138 1249 2888 2148 1201 2870 2749 2701
Route 59 : 1460 1194 1153 2960 1453 2653 1245 2953 2694 2745
Route 60 : 525 427 977 267 2477 1927 2025 1767 344 566 539 2039 434 1844 2066 1934
Route 61 : 1026 404 1904 699 1227 2199 1335 2526 2835 298 1053 1798 2727 2553
Route 62 : 292 1283 1792 96 2783 1207 1596 1360 1342 279 2707 1779 2860 2842
Route 63 : 239 1306 2806 1739 1317 429 2817 604 1929 485 2104 1985
Route 64 : 560 101 769 811 2269 64 1601 845 2311 558 2060 2058 1564 1480 2345 996 2496 2980
Route 65 : 82 222 1582 1156 1380 1722 1325 2656 2825 2880 817 1015 1007 2507 2317 2515
Route 66 : 135 27 1527 1635 984 545 1429 1495 2045 2484 1390 2995 2929 2890
Route 67 : 1389 2889 1486 1320 1419 2919 431 2986 2820 670 71 117 1617 1931 1571 2170
Route 68 : 10 400 281 1781 1900 1510 160 506 2006 496 1660 591 2091 74 1574 1996
Route 69 : 1036 634 1387 2887 2536 2134 939 860 691 2191 2360 214 2439 1714
Route 70 : 1411 857 495 2911 2357 1995 658 804 2304 543 2043 2158 493 600 2100 1993
Route 71 : 713 226 1726 2213 1193 198 2693 1698 445 258 1945 1758
Route 72 : 1319 2819 574 616 696 84 164 2074 960 1483 1664 1584 2116 981 2983 2481 2460 2196
Route 73 : 442 1386 1131 2631 362 324 1942 1267 2886 1824 176 1862 2767 1676
Route 74 : 227 1727 636 406 2136 989 1334 1906 1211 2489 141 1052 2711 1196 2834 2696 2552 1641
Route 75 : 379 958 1879 2458 293 61 394 1894 1793 1561
Route 76 : 798 2298 72 565 351 599 1572 1202 1851 2702 2065 2099
Route 77 : 1119 228 253 1728 1172 1069 1178 2672 2619 1753 2569 2678
Route 78 : 1280 1191 761 529 2780 2029 2261 2691 403 42 1542 728 1903 2228
Route 79 : 59 870 1048 2548 1417 2370 1559 2917 329 921 1829 2421
Route 80 : 266 1106 486 926 2426 1766 1986 580 2606 1222 1232 2722 2080 2732
Route 81 : 2 613 2113 1502 1363 1482 1142 2863 2642 2982
Route 82 : 1409 232 1255 2909 490 2755 105 1990 621 1605 1732 918 271 2418 368 1771 2121 1868
Route 83 : 416 146 923 1646 2423 1916 741 1073 2241 1270 2573 2770
Route 84 : 797 308 2297 331 902 122 1808 784 2284 1622 330 1830 1831 581 2081 2402
Route 85 : 924 5 987 1505 546 463 2424 1456 963 1963 700 2046 2487 2956 2200 2463
Route 86 : 557 1247 2057 2747 563 1308 1257 2063 2808 139 2757 1639
Route 87 : 951 542 337 888 2042 2451 1837 2388 547 28 2047 1041 498 1998 1528 2541
Route 88 : 561 2061 229 58 1729 1558 1473 1188 586 2086 1166 2666 2973 2688
Route 89 : 158 830 673 2173 2330 1129 1658 846 771 2629 2271 2346 1096 2596
Route 90 : 205 1062 1705 1440 2562 1364 2940 2864 441 1128 25 2628 1941 1195 1525 2695
Route 91 : 911 112 420 2411 1612 1163 1920 1426 204 2926 2663 1704 1224 2724
Route 92 : 858 98 656 319 2358 1414 2156 1598 1083 2914 2583 1819
Route 93 : 102 355 304 1602 7 1855 848 940 2348 1804 1302 1000 2500 1507 2440 887 2802 2387
Route 94 : 1452 1340 2952 1149 2649 172 2840 1672 343 1843 1481 2981
Route 95 : 666 2166 824 35 467 321 1535 2324 1282 1967 361 1821 2782 1861
Route 96 : 1004 145 261 2504 740 183 1645 1761 1683 405 2240 714 2214 1905
Route 97 : 1465 2965 875 701 1391 2375 1203 2891 1321 2703 2201 2821
Route 98 : 626 46 2126 1323 1546 1375 1289 2875 2789 461 2823 1961
Route 99 : 14 363 1863 1514 433 1070 995 1933 311 631 1811 2570 1401 2495 2131 2901
Route 100 : 880 163 1086 1663 174 755 1050 1674 2380 2586 387 2255 466 2550 1966 1887 530 2030
Route 101 : 644 388 2144 34 1888 1225 414 1914 1044 1534 2544 469 865 2725 2365 1969
Route 102 : 342 1055 2555 1402 1479 2902 2979 1842 723 456 2223 929 1956 2429
Route 103 : 745 675 2175 328 2245 169 1413 1828 775 1054 2275 2554 2913 1669
Route 104 : 8 365 203 1703 872 1865 1508 86 2372 917 524 2024 2417 1586
Route 105 : 837 1116 280 2616 1780 1451 2337 1246 1248 2746 1037 2748 2537 2951
Route 106 : 157 629 630 340 216 2130 1085 1840 1716 1657 1090 2129 196 2585 2590 1696
Route 107 : 151 57 1651 698 450 959 1557 2459 33 967 2198 1395 1950 2895 1533 2467
Route 108 : 348 1848 1468 1477 876 2968 155 336 2977 1458 1655 2376 1836 2958
Route 109 : 519 683 2183 213 711 962 1123 2019 2623 1256 2211 2462 1410 2910 2756 1713
Route 110 : 579 611 2079 2111 142 1135 1011 1642 725 2635 2511 2225
Route 111 : 1091 257 2591 223 1757 1190 2690 1723 1305 472 998 1972 2498 2805
Route 112 : 674 1125 516 1032 1005 2625 2505 2532 1140 235 2016 130 2640 2174 1735 1630
Route 113 : 1110 1027 1382 2527 2610 1416 2882 2916 21 1420 821 1521 1250 2321 904 2750 2920 2404
Route 114 : 708 353 1034 1111 592 1853 2092 2534 2208 2611 912 796 2296 2412
Route 115 : 1081 712 2581 2212 1075 1020 710 359 2210 2520 2575 378 1859 895 1878 2395
Route 116 : 863 2363 540 357 2040 1310 2810 1177 2677 1077 1857 254 1754 2577
Route 117 : 934 766 62 2266 1562 570 2070 482 2434 1982 915 29 1529 1124 785 970 2415 2470 2624 2285
Route 118 : 559 770 788 2288 1398 2059 2270 1366 1331 2831 2898 2866
Route 119 : 1151 1204 2651 1333 1241 1295 2833 114 2704 426 2741 2795 1926 1614
Route 120 : 749 1068 2249 867 583 2568 2367 1435 2083 471 2935 1971
Route 121 : 1367 1341 1234 1180 2680 2867 2841 1144 1057 377 2644 2557 1877 2734
Route 122 : 752 1141 1024 2641 1345 1183 2845 2252 1438 2524 1399 2899 2683 2938 206 1706
Route 123 : 87 792 976 373 1873 2292 107 1607 297 1587 2476 822 2322 1797
Route 124 : 832 372 2332 1872 1377 676 2877 398 1898 2176
Route 125 : 1383 1067 1354 2883 2567 1434 2854 1237 1079 2934 2737 2579
Route 126 : 864 2364 1368 1448 159 1108 2868 2608 1104 2948 1659 2604
Route 127 : 1016 460 2516 1960 306 1806 659 862 208 2362 1708 2159
Route 128 : 679 803 1121 1490 2990 2303 2621 1400 2179 1500 2900 3000
Route 129 : 913 341 1136 2413 961 1841 1407 2461 1293 2793 2636 2907
Route 130 : 544 252 1347 2847 665 2044 2165 259 1752 452 1759 1952
Route 131 : 1059 685 2559 2185 425 162 607 722 1662 1925 2222 166 2107 1666
Route 132 : 843 1028 349 2528 2343 818 262 948 1849 2448 1762 2318
Route 133 : 1489 1146 2989 1239 927 1043 514 1260 2739 2427 2543 851 2014 2646 2760 2351
Route 134 : 55 113 1046 2546 1613 1406 1422 2906 1555 2922 1352 2852
Route 135 : 536 2036 1109 1078 1233 2733 2578 1206 2609 2706 443 1943
Route 136 : 70 695 1570 2195 1491 1404 1286 2904 2786 2991
Route 137 : 210 538 2038 1710 765 757 2265 1373 2257 2873
Route 138 : 244 988 1744 2488 173 914 715 2215 1673 2414
Route 139 : 1361 1330 1268 2768 2830 2861
Route 140 : 1378 140 805 147 1105 1647 1496 2305 1148 2996 2878 1640 2648 2605
Route 141 : 838 1173 1155 2673 1097 2338 938 2655 2597 2438
Route 142 : 746 371 1437 2937 1485 1381 2881 2246 2985 619 1871 435 2119 1935
Route 143 : 1216 1192 2692 521 2716 1179 457 2021 1957 370 2679 1870
Route 144 : 900 2400 1285 1147 1265 2785 2647 24 1076 1524 1253 2765 1443 2576 2753 2943
Route 145 : 1445 2945 1372 1258 1408 2872 2908 2758 602 936 2436 274 2102 333 1774 1833
Route 146 : 1469 686 2186 489 750 1120 2620 2250 459 1989 808 2308 2969 1466 1959 2966
Route 147 : 1169 1353 2853 1244 1300 2669 582 2800 1010 2082 2744 2510
Route 148 : 1071 774 2571 1432 2274 1332 1056 1061 920 2832 2561 2932 1415 2420 2556 2915
Route 149 : 593 535 2035 190 1690 791 317 2093 1115 2615 492 2291 1992 831 552 1817 2052 2331
Route 150 : 768 823 810 2268 2323 1356 2310 1275 2775 1238 2738 2856
Route 151 : 890 1174 2390 1214 692 2192 2674 2714 1326 354 2826 1854
Route 152 : 1199 2699 1277 2777 1450 1463 2950 305 2963 1805
Route 153 : 1114 1462 2614 1484 2984 1154 2654 2962 1213 1344 2844 2713
Route 154 : 437 520 1937 2020 930 1013 1343 299 2513 2843 2430 1459 1799 1132 2632 2959
Route 155 : 1281 291 637 2781 849 75 1791 2137 153 789 2349 1478 1575 1653 2289 2978
Route 156 : 1082 32 2582 1532 68 302 647 2147 850 1568 2350 1802
Route 157 : 269 1769 265 1297 2797 573 979 681 2181 1765 2073 829 2479 144 1644 2329
Route 158 : 1328 1358 1322 2858 249 1749 622 614 389 2122 2822 2114 2828 1889
Route 159 : 787 1017 2517 2287 667 809 706 689 119 41 2206 2309 2189 2167 1619 1541
Route 160 : 1066 215 1362 839 2566 2339 313 1715 40 1540 2862 806 1813 2306
Route 161 : 1412 2912 633 2133 778 1058 892 464 1964 2558 2278 584 1339 2392 2084 1093 2839 2593
Route 162 : 826 1038 314 2326 1814 201 978 2538 1001 1701 2501 2478
Route 163 : 903 124 1624 391 2403 1891 332 104 764 1100 1604 2600 2264 1832
Route 164 : 393 195 532 264 2032 1893 1170 1695 1764 202 909 1702 2670 2409
Route 165 : 335 601 590 2090 1835 2101 649 650 2150 854 1159 2354 2659 2149 1392 2892
Route 166 : 103 479 322 1603 1101 236 245 2601 1745 1822 1979 1208 1736 2708 1384 2884
Route 167 : 1164 1441 2941 1161 2664 1327 1276 2776 2661 2827
Route 168 : 800 1449 2300 1158 1176 2949 1242 2676 1294 2794 2658 2742
Route 169 : 423 881 739 1923 2381 2239 251 628 272 655 1751 2155 2128 1772
Route 170 : 617 640 1262 2140 2117 1336 123 943 1623 2443 2836 504 494 2762 1994 2004
Route 171 : 801 376 993 2301 1369 707 2869 2493 1876 2207 531 866 2031 2366
Route 172 : 1065 510 2565 1455 550 424 2955 1924 2010 2050 949 161 2449 1661
Route 173 : 1431 1252 1229 2931 1346 1423 2729 2752 2846 2923 212 296 1712 128 1628 1796
Route 174 : 1474 1436 2974 1288 2936 731 1019 2231 2519 2788
Route 175 : 523 402 500 513 1902 1215 2000 1035 2023 2715 1475 2975 2013 2535
Route 176 : 473 1171 562 2671 612 1385 1973 2062 2885 2112 762 1476 2262 2976
Route 177 : 1424 1307 1186 1243 2743 2686 2807 2924 682 852 2352 358 2182 1858
Route 178 : 1122 1488 2622 2988 1291 1279 2791 1272 2779 2772
Route 179 : 1304 718 2804 937 618 2118 747 193 2437 2247 1693 548 1118 419 2218 2048 2618 1919
Route 180 : 518 1030 2530 390 2018 1292 1274 1890 2792 1264 2774 2764
Route 181 : 422 1922 276 109 1609 1776 1094 1315 2594 2815
Route 182 : 605 730 662 2105 1040 606 991 2162 2540 2106 2230 2491
Route 183 : 4 1504 726 716 451 1951 2216 842 1063 2226 233 1733 2342 2563
Route 184 : 1113 2613 36 121 1536 779 22 891 1522 1621 2391 2279 802 408 1908 2302
Route 185 : 1296 2796 369 133 1633 877 1869 16 248 2377 1516 1143 1748 2643
Route 186 : 1002 508 51 289 2502 1789 901 287 2008 1551 1278 2401 1787 2778
Route 187 : 992 2492 268 657 1768 2157 19 919 1519 2419 825 1133 2325 2633
Route 188 : 397 776 906 1897 2406 2276 80 763 527 1580 2027 1080 99 2263 2580 1599
Route 189 : 983 127 534 2483 1627 1471 2034 1197 2697 2971 220 944 1284 2784 2444 1720 470 1970
Route 190 : 1290 2790 953 1494 2994 1442 855 985 2453 2485 2355 2942
Route 191 : 553 572 2072 2053 595 1092 2592 1324 1029 2824 2529 2095
Route 192 : 78 386 1338 1886 1374 1578 1312 2838 2874 1446 1261 2812 2946 1461 2961 2761
Route 193 : 642 66 432 1566 2142 1932 1376 2876 1235 1259 2759 836 89 2735 1145 2336 2645 1589
Route 194 : 415 447 505 1915 2005 1947 783 653 2153 1365 2283 1425 2925 2865
Route 195 : 1051 753 50 2551 1550 2253 1205 756 380 2705 2256 1269 1880 2769
Route 196 : 660 6 184 1684 1506 2160 1221 772 465 2272 1965 2721 217 1717
Route 197 : 260 115 734 1168 2668 2234 1760 1162 1615 969 283 1783 2662 2469
Route 198 : 671 980 392 2480 438 1892 742 511 2242 2171 243 1743 1938 171 2011 1359 2859 1671
Route 199 : 1371 382 1882 300 812 2312 2871 1348 1117 1800 2848 1160 2617 2660
Route 200 : 551 2051 777 295 677 136 1636 396 1896 2277 2177 999 1795 2499 502 588 2002 2088
Route 201 : 326 277 1826 1777 564 693 1349 2193 2064 2849 118 421 1618 1921
Route 202 : 828 1060 878 352 2560 1497 2378 418 1918 719 1852 956 2328 56 2219 2997 1556 2456
Route 203 : 807 39 2307 1539 491 37 1991 187 1537 1687 476 1064 1976 2564
Route 204 : 1397 345 2897 307 138 1157 2657 1638 1845 1807 952 819 2319 2452
Route 205 : 1240 67 150 1650 509 2740 1107 1567 2607 1087 972 381 1881 780 2472 2280 2587 2009
Route 206 : 79 18 1518 1579 481 744 990 2244 799 2490 1981 2299
Route 207 : 1165 873 2665 733 575 189 2373 501 303 2001 982 2075 2233 1803 2482 1689
Route 208 : 76 412 886 737 2386 1576 1912 1271 2771 2237 199 346 1846 1699
Route 209 : 428 1187 2687 1928 794 167 131 1631 760 2294 1667 93 1593 2260
