Instance name : ber-n5000-6
Authors       : Dmitriy Demin, Mikhail Diakov (msd@veeroute.com), Ivan Ilin, Nikita Ivanov, Viacheslav Sokolov (vs@veeroute.com) et al. VRt Global (https://veeroute.com/)
Date          : 2023-04-24
Reference     : veeroute.com
Solution
Route 1 : 1274 1656 3774 918 3418 4156 1669 4169 60 1824 4324 1810 2560 344 2844 1887 4310 1082 4387 1820 4320 3582 1080 2091 3580 1211 4591 3711 2383 4883 1415 1716 3915 4216
Route 2 : 1332 2143 333 902 4643 3832 1128 3628 1132 2833 3402 1254 3632 2351 3754 1425 1099 3599 4851 1315 522 1691 3925 2480 4980 4191 1500 3815 288 4000 2788 3022
Route 3 : 2418 4918 1591 2355 4091 547 4855 3047 254 102 997 2754 2500 2270 5000 4770 3497 2602 2172 376 4672 427 2876 2927 1193 1756 206 4256 2706 2315 3693 4815
Route 4 : 1797 1645 4145 4297 978 3478 907 228 2728 1975 3407 4475 95 1341 2595 2197 3841 4697
Route 5 : 421 1314 1934 4434 3814 2921 1079 1658 2436 4936 940 4158 3579 3440 1795 1750 1367 4250 3867 4295 888 974 3474 675 3388 3175
Route 6 : 2130 4630 1048 1037 3548 591 3537 103 3091 2603 1194 1133 3633 1184 1024 3694 3684 3524 2274 2254 4774 1447 3947 4754
Route 7 : 1232 1779 4279 2328 4828 247 3732 721 455 2955 2217 4717 1909 3221 224 4409 2724 9 984 1527 2509 680 2747 887 4027 3387 2225 3484 3180 4725
Route 8 : 1347 3847 1408 1911 272 4411 3908 2772 1084 562 1504 3062 4004 3584 1854 1138 4354 2081 3638 1948 844 4581 1100 4448 3344 739 1815 3239 3600 4315
Route 9 : 590 1183 3090 952 3452 3683 2004 445 4504 2452 4952 2945 430 2332 1284 4832 2930 1702 74 1385 4202 3784 818 152 3318 2574 1544 2652 3885 4044
Route 10 : 417 335 2835 1388 2917 1816 610 3888 3110 4316 899 3399 2305 252 1413 4805 1480 1966 3980 2752 3913 1946 4446 1584 4466 2139 4084 2345 4639 1206 1692 4845 4192 3706
Route 11 : 1891 719 1162 3219 443 1486 4391 2943 1362 1689 4189 3662 3986 2062 3862 728 4562 1396 3228 1668 1632 4132 321 3896 559 4168 2821 3059
Route 12 : 1701 4201 1637 802 817 1458 355 3958 4137 3317 723 3223 596 2855 1902 3096 43 4402 2543 1465 3965 69 891 2569 3302 3 2439 2396 2503 3391 2007 4896 4939 4507
Route 13 : 1417 2210 461 3917 350 2961 2850 4710 1654 195 1370 1359 2695 1496 3870 3859 1165 4154 3996 2153 4653 3665 2001 1421 3921 441 4501 2941
Route 14 : 1978 454 2954 603 3103 4478 1786 1219 4286 433 2933 1030 3719 834 3334 3530 2369 1115 269 2769 856 4869 3356 3615 2405 1031 1607 4905 2382 4107 3531 4882
Route 15 : 863 3363 1522 1391 3891 4022 1548 1411 1857 4048 1799 4299 1120 3911 3620 994 4357 1054 3494 181 3554 2681 1745 4245 939 3439 1813 982 4313 3482 166 2666
Route 16 : 1264 2442 3764 4942 448 1238 3738 2948 158 81 413 2581 678 1199 3178 593 2658 2114 2913 3093 3699 1970 798 4614 2011 4470 3298 4511
Route 17 : 1808 1802 1897 1960 339 2839 4308 1957 4397 4302 4460 4457 2126 98 2598 695 4626 756 3256 1907 3195 1295 1784 4407 3795 4284 2202 2075 4702 4575
Route 18 : 847 3347 704 3204 1561 2047 2088 4547 4061 2362 2038 2428 4928 4538 4862 4588 553 905 1313 3053 3813 3405 981 1917 4417 3481 870 2101 3370 4601
Route 19 : 406 2464 2906 1947 4964 4447 2441 4941 204 1918 782 4418 27 3282 2527 1989 2704 1536 4489 4036 1171 3671 1994 348 4494 2848 323 1070 2823 567 3570 3067
Route 20 : 1377 865 3365 3877 938 1801 3438 4301 780 2476 10 2510 1287 4976 3280 3787 357 1261 2421 3761 4921 1868 2490 2857 1442 4990 3942 1627 4127 4368
Route 21 : 2477 1562 1920 4420 1182 4062 1783 3682 4283 121 4977 1972 199 1449 2699 2621 548 3949 2430 4930 3048 2376 4472 1114 563 3614 3063 1967 4467 531 3031 4876
Route 22 : 1829 4329 393 1177 2893 639 3677 3139 1923 1728 4228 450 819 2950 813 3313 3319 1758 4423 1835 4258 1711 2061 4335 4211 1047 3547 881 3381 2292 4561 4792
Route 23 : 2067 4567 1255 1649 4149 794 1098 3598 1620 3294 48 4120 1572 3755 4072 1540 426 4040 2548 2445 2926 1537 160 2660 1952 4037 249 2340 4945 4452 711 3211 2749 649 3149 4840
Route 24 : 1041 561 2106 155 2655 3061 4606 1943 4443 3541 777 1237 1629 2491 3277 1164 3737 1639 3664 113 4139 4129 4991 2613 1596 1886 4386 4096 2353 4853
Route 25 : 44 1663 1619 2544 4119 1525 4163 4025 2161 1369 4661 3869 572 3072 1630 2427 4927 4130 1865 722 4365 2323 4823 3222 139 2639 1005 2104 3505 4604
Route 26 : 2199 959 4699 88 2588 389 3459 1871 2889 1883 4383 657 1493 4371 3157 1361 1105 1188 3993 3861 1156 3605 3688 57 2557 1068 3656 2289 4789 3568
Route 27 : 458 1640 493 4140 2958 2391 2419 4891 4919 1968 2993 4468 2080 1594 4580 1147 4094 442 1604 1281 3647 2942 2432 4104 3781 990 1735 3490 632 3132 4932 4235
Route 28 : 525 2044 3025 1049 2073 358 4573 2858 3549 1506 4544 1129 3629 1430 1557 3930 4057 4006 463 2192 67 1949 1340 4692 3840 2963 2567 2341 4449 4841
Route 29 : 841 2422 3341 4922 2290 749 4790 189 3249 1770 4270 1306 3806 2689 329 480 2829 2451 4951 26 2980 2526 2489 2078 4578 2180 4989 369 4680 2869
Route 30 : 1757 135 2259 4257 2635 636 1601 529 4759 4101 3029 3136 1924 4424 1545 993 3493 4045 496 2996 696 140 3196 1154 2165 3654 4665 2640
Route 31 : 1351 690 3851 2231 3190 4731 843 3343 1308 59 3808 1906 889 4406 1661 2559 3389 977 3477 4161 1000 2008 3500 569 718 2142 1234 4508 4642 3218 1402 3069 3902 3734
Route 32 : 1008 3508 2072 4572 428 2928 1228 3728 2333 2433 1862 4933 4833 4362 150 2485 1939 2650 1730 4439 4230 4985
Route 33 : 20 1684 2520 923 1323 4184 3423 460 1996 2960 3823 4496 2326 866 4826 3366 1384 2469 4969 65 1210 2565 3710 1063 3884 183 2314 1060 3560 3563 1358 4814 2683 3858
Route 34 : 930 58 1172 259 914 3430 1477 3977 313 2813 2759 805 3414 3672 585 3085 2466 791 2558 4966 627 3305 3291 1930 4430 1736 1096 4236 1272 3596 3127 3772
Route 35 : 342 111 2842 468 2968 1215 3715 2611 915 839 3339 3415 304 273 1556 2804 4056 510 2773 1539 1855 3010 4355 4039 1310 878 1267 3378 3767 3810
Route 36 : 2005 539 1101 3601 3039 1901 4505 4401 2086 1240 4586 845 3740 1200 1547 1235 3735 3700 4047 1712 3345 1026 808 1107 3526 651 4212 1345 3607 1466 3308 3966 3151 3845
Route 37 : 1751 4251 1858 1091 16 2516 3591 2380 4880 212 2304 2003 4503 2712 4358 1889 835 4804 390 4389 1983 3335 2890 4483 2089 2392 4589 4892 1444 829 3944 3329
Route 38 : 291 732 898 3232 960 2238 4738 3398 3460 1123 2791 3623 1741 2440 4940 901 1737 3401 4237 867 3367 886 4241 1381 3386 3881 828 3328
Route 39 : 664 3164 1126 2265 850 128 2628 4765 3350 1036 1904 3536 3626 110 2076 4576 2610 1849 4349 1033 3533 2310 4404 2454 4954 1614 4810 1092 3592 4114
Route 40 : 15 2515 1488 1116 3616 3988 420 1042 3542 1304 904 3404 1102 3804 691 3602 3191 720 353 1110 921 2920 3220 3610 2853 1837 4337 370 2870 3421 735 3235
Route 41 : 660 62 266 3160 2766 485 2985 2398 2562 1894 4898 619 223 415 4394 3119 2723 2915 13 1201 1833 1856 2513 3701 4333 4356 1348 1546 4046 3848 797 3297
Route 42 : 949 3449 1273 2251 4751 2478 1265 840 51 3765 39 2539 3773 3340 1422 4978 2551 3922 503 250 3003 550 2389 3050 4889 2330 2750 674 4830 1953 4453 3174
Route 43 : 757 1174 3674 122 3257 2622 2010 4510 679 483 3179 715 2983 814 3314 740 3215 854 1242 3240 3354 2122 2189 4689 3742 617 4622 3117
Route 44 : 1152 1002 3502 2022 1826 3652 4326 4522 2023 446 2488 4523 4988 478 2978 2000 1256 2946 4500 3756 2118 772 1969 4618 4469 2102 4602 3272 1650 4150
Route 45 : 1791 1175 583 4291 1223 1289 3675 255 3789 3083 3723 1457 1303 2755 3957 3803 792 2028 3292 318 2818 2163 1057 4663 3557 1602 1785 4528 4285 4102 1929 4429
Route 46 : 607 3107 499 2474 4974 2999 2241 1652 4152 628 4741 677 3177 6 2506 537 3128 1822 646 3146 3037 465 4322 2965 1464 1051 3551 697 3964 161 2661 3197
Route 47 : 1163 3663 861 3361 360 821 3321 366 2860 205 965 2866 2267 2705 4767 2446 2295 3465 744 3244 4946 4795 327 837 3337 1075 2827 1258 3575 1336 3836 3758
Route 48 : 1720 934 3434 4220 2417 927 4917 1230 3427 248 3730 340 322 2822 1666 876 3376 2840 4166 2748 157 2039 2657 23 4539 36 1766 4266 2523 2536 371 2871
Route 49 : 270 1331 3831 1588 2770 1890 1773 4088 1275 3775 768 3268 4390 530 1059 3030 1420 1346 3920 3559 170 4273 3846 804 1718 4218 2670 3304
Route 50 : 72 573 2572 3073 957 2232 3457 1429 2420 1893 4393 1158 3929 3658 4732 50 392 2550 2431 4931 1325 3825 424 4920 2924 359 2892 2859 1432 3932 2350 4850
Route 51 : 576 689 451 3076 3189 1616 2951 811 4116 3311 2336 2471 4836 1695 2191 4195 474 267 4971 2767 764 4691 1475 3264 3975 2974 217 90 384 2590 1205 2884 2717 3705
Route 52 : 2286 1373 747 4786 3873 2014 4514 1452 3247 3952 2266 1798 156 4766 1410 2656 4298 1950 4450 3910 1520 1015 3515 349 970 2849 3470 4020 1707 4207 1884 4384
Route 53 : 423 414 557 2923 2914 1195 1549 3057 770 3270 1227 3695 354 4049 2854 3727 117 890 2617 2384 760 3260 4884 2334 4834 3390 73 824 2573 967 3467 3324
Route 54 : 1440 127 473 2627 3940 2171 1471 4671 3971 2973 1300 683 3183 459 3800 236 2959 2736 2095 1241 988 3488 4595 3741 1124 207 832 3332 871 3624 3371 2707
Route 55 : 2316 1844 4816 1190 1058 3558 3690 4344 574 3074 1611 822 2111 4111 38 2538 1944 3322 1595 4611 4444 4095 2019 2455 1677 4955 2344 4177 4519 4844
Route 56 : 1173 1476 3976 2158 3673 4658 220 1993 4493 2167 4667 1867 4367 1807 1434 4307 1450 3950 2175 2720 916 4675 3934 3416 87 310 681 3181 2810 2587 134 2634
Route 57 : 909 1840 4340 3409 1492 1062 3992 3562 475 1746 2975 2409 4909 457 4246 2957 188 2688 502 2233 4733 3002 1615 935 4115 653 3153 2186 3435 4686
Route 58 : 1143 3643 53 520 2553 2214 3020 4714 587 1578 3087 1113 1112 4078 577 3077 1428 3612 3928 1043 3543 2069 3613 260 4569 1029 655 2760 1145 3155 3529 1722 4222 3645
Route 59 : 22 2522 685 3185 227 2253 112 2727 568 2612 4753 538 1286 3068 2223 3038 4723 2269 1198 3698 386 4769 2414 3786 2886 4914 812 1472 3972 1834 2473 4973 3312 4334
Route 60 : 2146 381 4646 2881 1932 1350 4432 2294 3850 338 2838 182 1744 4244 1248 4794 2307 2461 3748 2682 2453 4961 4807 833 650 4953 694 3194 3150 362 3333 2862
Route 61 : 594 3094 849 209 2709 2031 3349 1526 4026 1225 163 49 3725 2549 2663 710 92 4531 25 2525 3210 2 240 2502 2592 491 2991 1762 4262 80 2740 2580
Route 62 : 716 1581 176 1438 2676 2229 4081 4729 3216 320 505 3938 885 2820 3385 3005 1257 3757 1064 3564 1705 4205 2327 1962 4827 1523 4462 78 4023 2457 2578 4957
Route 63 : 1743 1072 599 3572 1419 4243 545 3099 3045 783 3283 218 2718 3919 1836 1021 3521 1531 4336 4031 2043 314 1197 1093 4543 1052 3593 2814 3552 3697
Route 64 : 1324 629 3129 809 3309 3824 2063 1106 4563 3606 858 476 1431 803 3931 3358 197 3303 2976 2697 1307 1874 147 2045 3807 2119 4374 1122 4545 2647 3622 4619
Route 65 : 699 2133 883 3383 4633 853 1441 1326 3199 2057 3826 3941 615 3353 488 2339 2988 4557 613 4839 3115 3113 1279 380 1365 3779 1356 3865 3856 2880 682 3182
Route 66 : 283 2077 4577 1997 4497 2181 1727 2783 4227 93 2593 2209 4681 1224 4709 2205 1294 2196 4705 3724 3794 2198 709 3209 1010 1309 4698 4696 3809 3510 1509 4009
Route 67 : 555 3055 343 2407 2843 1678 4178 100 2600 701 3201 4907 2065 2154 4565 1954 4654 4454 1011 185 211 2685 3511 1390 439 2711 2939 947 3447 3890
Route 68 : 1717 4217 1474 1185 3974 1426 1108 3685 1706 214 3926 4206 3608 257 2757 1610 2714 2032 351 4532 4110 1141 1971 2851 277 345 3641 2845 2777 4471
Route 69 : 734 3234 2271 1739 913 4771 4239 3413 726 3226 2034 956 3456 1437 4534 159 2426 3937 2659 1139 1683 953 4183 838 3453 3639 4926 2164 4664 3338 2173 431 4673 2931
Route 70 : 1882 922 3422 1155 2094 2222 4722 3655 4594 1609 2237 4382 2429 4929 4109 2041 4737 758 4541 3258 391 292 2891 1349 3849 271 2792 2216 2771 2280 4780 4716
Route 71 : 1427 1690 1226 3927 4190 1927 4427 2293 299 4793 2799 1613 684 4113 3726 1489 3184 1768 3989 616 4268 1407 3116 2449 4949 513 3907 3013
Route 72 : 1109 8 2212 2508 3609 2149 2124 4649 1023 4712 4624 3523 1512 1700 1651 4012 4200 954 4151 785 3285 3454 2166 377 2877 1892 4392 929 4666 3429
Route 73 : 1959 4459 201 1724 4224 1576 2701 1296 4076 2406 4906 536 3796 729 3036 645 145 2352 896 4852 3145 2645 3229 1699 2335 4835 4199 2013 4513 2317 29 3396 4817 2529
Route 74 : 558 986 3058 1459 3486 3959 104 2203 2604 298 1382 2798 3882 656 3156 708 4703 3208 825 1311 2495 3325 4995 1565 4065 94 3811 2594
Route 75 : 687 477 2252 1597 2977 2193 4752 4693 2411 295 4911 2795 1878 4097 4378 14 3187 2514 1097 3597 1312 2092 4592 1529 1083 4029 1838 2403 3583 3812 4903 4338 1985 4485
Route 76 : 2162 4662 1423 925 3425 671 3923 1176 3171 3676 1065 1016 3516 3565 582 3082 912 3412 1418 432 1393 3918 2932 1569 1583 1708 4208 3893 4083 4069
Route 77 : 1298 444 3798 1035 3535 469 2944 1899 2969 4399 2373 1511 4011 4873 1456 3956 1216 1088 3716 514 3588 2204 2472 2049 4704 4549 3014 2132 614 4972 3114 4632
Route 78 : 186 1375 169 893 2359 2669 3875 4859 2686 120 289 3393 2620 1759 1181 4259 790 3290 2789 2331 3681 908 4831 1733 4233 2113 3408 2087 4613 4587
Route 79 : 1593 4093 1025 1271 3771 337 2837 1769 238 4269 771 2738 3271 509 3525 3009 24 154 2654 2497 1987 2524 1936 4997 4436 1533 4487 630 346 4033 3130 2846
Route 80 : 1647 2200 4147 4700 1698 4198 755 1605 4105 400 3255 278 2900 2174 2494 2358 903 4674 3403 4994 4858 836 746 2778 3246 1392 2482 3892 3336 4982
Route 81 : 1734 4234 1703 1244 3744 352 2852 2450 4950 4203 126 2626 175 2386 2675 1790 4886 848 3348 4290 1898 1364 1220 3720 2301 4398 3864 1590 4801 2236 4736 4090
Route 82 : 2147 533 3033 4647 2297 1179 3679 234 4797 144 1249 2644 1672 4172 3749 1990 2734 4490 1560 494 852 2994 4060 1104 3352 411 2299 2343 4843 4799 3604 2911
Route 83 : 365 1400 511 3011 2368 4868 703 3203 2865 1078 3900 2137 3578 1530 4637 702 4030 2131 3202 4631 2291 2393 243 4893 4791 2207 1908 4408 2743 1483 4707 2481 4981 3983
Route 84 : 625 3125 297 987 910 2797 279 2779 3410 3487 1360 2245 4745 173 3860 2148 2673 4648 2016 4516 1366 3866 109 1034 2609 1073 3534 2438 2112 4612 4938 2083 85 2585 3573 4583
Route 85 : 246 1680 1881 4180 115 2615 54 2746 1831 4381 2554 692 4331 3192 132 1574 2484 4074 1910 2356 4856 4984 4410 2632 2030 1103 3603 4530 70 2570
Route 86 : 626 317 535 3126 1755 3035 2817 4255 1665 1517 4165 4017 1714 285 1623 4214 2785 4123 1819 1564 879 258 4064 4319 1461 3379 2758 2498 517 3017 3961 4998
Route 87 : 1140 5 2505 3640 560 1800 3060 1490 3990 4300 995 3495 1664 4164 1879 373 1687 2873 1842 4187 1567 2194 4342 4379 482 4067 686 975 4694 2982 3186 3475
Route 88 : 1130 2054 3630 727 784 3227 1777 4554 3284 232 4277 2732 725 506 3225 1761 4261 946 3006 2135 2306 3446 1585 4806 1875 4085 4375 2402 4635 4902
Route 89 : 1753 875 2182 4253 3375 1765 4682 4265 17 1513 2103 4603 2517 4013 116 2616 2434 2318 4934 4818 859 3359 76 2456 2576 4956
Route 90 : 1378 3878 31 492 2992 1433 2531 3933 623 2048 3123 731 1142 3231 4548 375 3642 364 2864 2875 2308 1926 2009 4808 4426 4509 2276 4776
Route 91 : 1643 584 4143 2027 4527 1676 4176 1850 4350 519 434 592 3019 3092 184 2684 1571 1209 2934 3084 4071 2125 705 3205 3709 2093 4625 600 3100 4593
Route 92 : 1499 932 3432 1851 3999 4351 976 1682 958 3476 900 3458 4182 1335 3400 86 3835 2201 2302 4701 4802 2586 96 1617 2596 4117 2052 4552
Route 93 : 91 1905 1748 4405 4248 2591 2226 21 4726 30 882 736 280 3382 3236 398 1329 2530 2898 2521 1964 416 2916 3829 2780 4464 2249 1852 4749 479 2979 4352
Route 94 : 1866 1081 622 4366 3122 1260 3760 3581 1180 3680 1896 1839 4339 1778 2277 4396 1809 4777 1872 4278 4372 1439 4309 3939 1973 618 676 4473 3176 1151 3118 3651
Route 95 : 2366 2388 4866 1157 3657 1542 1621 4888 4121 2138 4638 1732 4232 1077 2363 3577 693 1731 3193 4231 4863 4042 662 330 1131 3162 2830 208 2708 3631
Route 96 : 1389 106 3889 763 2606 1543 64 2564 2465 4043 737 3263 4965 3237 1134 648 1056 1961 4461 3556 1416 3634 3148 2025 4525 667 3916 1207 1635 3707 2157 3167 4657 4135
Route 97 : 1247 2462 4962 490 2227 3747 4727 1781 210 1019 2710 4281 2990 1196 3519 2109 3696 4609 437 1763 521 2937 730 4263 3021 1231 3230 1202 3731 1580 3702 4080
Route 98 : 2152 4652 670 1121 1371 3170 1387 1516 3887 3621 274 4016 3871 2774 1774 1600 4100 1679 4274 4179 2364 4864 1503 2288 4003 4788 1482 18 3982 2518 1738 1187 4238 3687
Route 99 : 2378 1992 4878 620 4492 3120 733 1424 2074 3233 2002 4502 1789 3924 196 4289 484 2183 4574 177 2984 2116 1963 2696 2370 4683 4870 4616 4463 2100 2677 4600
Route 100 : 2324 1832 1877 4824 2046 4332 4546 1288 4377 972 3472 3788 1153 624 991 3653 2151 3124 1553 2056 4053 786 3491 3286 765 2379 4651 4556 3265 4879
Route 101 : 306 2448 4948 2416 1087 3587 2806 2371 4871 2140 4916 447 4640 180 2947 1586 2680 944 874 980 4086 3444 293 3374 2793 3480 332 264 2764 1740 2832 1670 4170 4240
Route 102 : 66 1094 774 3594 178 2678 3274 1338 2187 472 4687 1412 2566 2051 1951 3838 4551 3912 2972 4451 2479 581 1363 3081 2349 868 4849 4979 453 3863 2953 3368
Route 103 : 1040 2150 3540 1217 2208 3717 4650 1479 305 2805 61 3979 668 4708 2561 1357 973 1999 3857 4499 3168 1239 971 3471 301 3473 1846 2801 1337 3739 3837 4346
Route 104 : 1066 2387 1354 1383 3883 2275 4887 3566 3854 1845 4775 1726 4345 1671 4226 924 4171 1811 2309 3424 2017 4311 4809 4517 2055 2365 4555 1071 1859 3571 4359 4865 1502 4002
Route 105 : 2443 1003 4943 3503 942 1723 75 554 4223 2575 1719 4219 2123 3442 1302 4623 789 1535 3289 3802 669 598 3098 3054 3169 2240 4035 262 524 4740 2762 3024
Route 106 : 1804 2176 2096 4596 4304 237 1212 4676 3712 911 42 2060 3411 534 2737 2542 3034 253 2753 996 4560 3496 179 542 2679 2026 4526 3042 1725 1688 1524 4188 4225 4024
Route 107 : 1262 3762 601 3101 2243 2470 4743 943 3443 4970 641 508 3008 3141 1686 2285 1817 4186 4317 4785 1344 3844 1355 4 3855 2504
Route 108 : 1305 2029 611 3111 1521 4529 4021 290 41 2541 2790 3805 2256 999 4756 3499 1579 1028 3528 608 187 4079 2687 1667 3108 2377 4167 77 738 2577 4877 3238
Route 109 : 1494 3994 2218 1448 1582 3948 4718 2282 4082 4782 661 1931 3161 1697 1277 4197 265 466 4431 2765 162 328 3777 114 498 2966 2662 2828 2614 2998
Route 110 : 2219 4719 1828 172 2263 4328 633 3133 4763 941 2672 3441 1912 1608 4412 1767 101 4108 4267 748 3248 1322 3822 961 409 2909 3461 2601 1352 778 3852 1032 3278 3532
Route 111 : 1941 621 4441 3121 951 2468 4968 2319 3451 4819 776 3276 1940 216 2716 2242 4742 394 2463 4440 2894 1919 497 2997 926 4419 1575 1633 2483 4075 4133 3426 4963 4983
Route 112 : 1018 481 3518 2278 647 2981 4778 1204 3147 3704 1885 4385 2492 4992 1841 1342 2338 3842 4341 801 3301 4838 713 2486 823 3213 4986 3323
Route 113 : 2385 4885 495 2995 1168 1818 906 3668 331 4318 1160 3660 2831 2247 1514 4747 892 3392 4014 137 1259 3406 3759 2637 251 2058 2751 55 2555 595 3095 1250 4558 3750
Route 114 : 311 1532 2811 4032 1903 830 637 1090 2120 226 3590 2726 3137 2255 3330 4403 4620 1166 1454 688 3666 4755 1638 239 3188 2739 165 3954 2665 4138 605 831 3105 3331
Route 115 : 1921 2375 4875 4421 1321 1404 3904 3821 1659 1538 4159 1436 565 3936 2168 4038 1979 4668 3065 4479 1888 654 1938 4388 4438 123 2329 3154 640 2623 4829 3140
Route 116 : 1631 4131 1270 2024 4524 3770 233 2733 2298 4798 419 1243 3743 2919 2079 4579 635 3135 773 3273 1554 1353 3853 4054 282 1290 2782 2190 2425 3790 125 4690 2625 4925
Route 117 : 752 707 3252 1327 3207 3827 1793 171 4293 412 2671 2912 221 1974 2721 138 742 2638 4474 1981 4481 1017 63 2281 3517 3242 666 3166 4781 2563
Route 118 : 1038 1401 3901 1624 512 1788 3012 1291 3538 410 4124 2910 672 3791 2018 4288 401 638 2901 3138 1863 4518 3172 464 1895 2964 1455 4395 4363 3955 108 1501 2608 4001
Route 119 : 1660 1229 4160 3729 1628 1318 4128 597 1317 3818 3817 2313 3097 2399 4813 1995 4899 775 4495 294 3275 2794 1469 2257 2261 1406 3969 4761 3906 4757
Route 120 : 1977 1915 1823 4477 4415 4323 263 2312 99 2763 2300 4812 2599 2064 4800 2325 4564 372 4825 1191 2408 1292 3792 3691 2272 1694 2872 4908 4194 4772
Route 121 : 1278 1986 40 2540 1589 2459 4959 4486 4089 1843 4343 319 3778 1395 3895 2819 2178 1186 3686 4678 1771 1403 1603 3903 4103 4271 1534 897 4034 1510 3397 4010
Route 122 : 2493 556 4993 1484 3056 3984 1625 846 2195 309 3346 766 2809 3266 1409 4695 3909 4125 1316 936 873 3816 3373 3436 2159 1009 4659 2287 4787 489 2989 3509
Route 123 : 948 3448 202 68 2702 1980 2568 810 3310 523 1988 4480 2487 1880 3023 4380 4488 816 673 3173 700 3316 4987 3200 1566 1916 4066 1253 2250 4416 3753 4750
Route 124 : 1468 3968 71 1505 4005 963 2571 552 3052 3463 937 2033 47 4533 3437 1830 1397 933 4330 3897 1086 2547 3433 1460 3960 1563 3586 4063 1606 4106
Route 125 : 1189 1374 3874 3689 1792 1925 631 3131 4425 2284 325 4784 2825 4292 588 407 300 2206 2907 3088 1405 4706 3905 1508 2800 945 3445 4008 387 2887 606 3106
Route 126 : 83 1150 3650 2583 286 2085 714 2786 4585 3214 244 1399 2744 1552 4052 3899 989 2423 1027 1386 4923 1487 3527 3987 1148 3489 3648 324 3886 2824 1641 4141
Route 127 : 2068 724 4568 3224 440 917 643 2940 3417 1125 604 3143 1541 3625 1236 3104 4041 928 3736 2415 2097 3428 4915 544 4597 2372 89 3044 1847 2447 4347 4872 2589 192 4947 2692
Route 128 : 368 2129 2868 658 1221 3721 4629 118 3158 1955 1945 4455 877 3377 4445 2618 2213 1067 1076 3567 4713 452 1127 3576 2952 1 1495 2501 527 3027 3995 3627
Route 129 : 1435 3935 303 2246 2803 46 4746 153 2546 2653 1463 230 3963 2283 141 2641 2730 1214 4783 3714 2348 4848 652 1715 3152 1446 3946 4215
Route 130 : 1149 706 3649 807 3206 1507 1297 3307 4007 3797 52 245 2745 231 2400 4900 2552 2731 379 275 2105 2879 750 2775 4605 3250 2499 767 1095 4999 827 3327 3267 3595
Route 131 : 895 1074 3574 3395 1806 1696 717 146 815 4196 3217 2646 4306 3315 315 225 2815 751 2725 3251 1642 4142 1775 1462 1776 4276 3962 793 4275 281 2475 3293 4975 2781
Route 132 : 1218 806 3306 1282 3782 1991 2012 4512 4491 129 3718 2629 1914 759 4414 1760 3259 4260 546 2141 1004 2248 3046 4748 1293 3504 1933 4433 3793 1648 4641 11 4148 2511
Route 133 : 1085 3585 200 1470 3970 1481 3981 361 2861 168 2668 1749 4249 2700 97 1693 4193 203 191 382 2703 2882 136 2597 1135 3635 642 2691 3142 1577 4077 2636
Route 134 : 516 3016 336 1673 215 4173 2836 855 602 3102 2715 3355 2040 644 4540 2144 3144 1333 3833 2374 4874 4644
Route 135 : 79 862 2579 363 2228 2863 2258 3362 1414 4728 3914 1208 3708 864 1873 4758 3364 2098 4373 4598 541 3041 142 1570 2230 4070 2642 575 4730 3075 2115 4615
Route 136 : 2127 1742 4627 1782 4242 2221 2169 4721 4669 32 2532 1662 326 4162 4282 467 1222 2826 2967 3722
Route 137 : 2128 745 1203 3703 4628 2496 3245 1853 4353 4996 540 919 3040 1012 3512 105 3419 1587 2605 1161 4087 1998 3661 1069 143 3569 4498 2643
Route 138 : 383 2367 2264 2883 4867 4764 1644 2360 762 543 3262 4144 1372 3872 486 3043 4860 2986 334 1497 2834 985 3997 1252 3485 1233 3752 501 3001 107 2607 3733
Route 139 : 347 2296 741 4796 3241 2847 378 399 1301 2234 4734 3801 2108 268 2768 2878 4608 2899 429 1519 2929 4019 2235 4735 1805 779 4305 3279 2107 1167 198 3667 4607 2698
Route 140 : 1935 781 2066 4435 3281 4566 1812 2134 4312 2177 2390 4634 4677 4890 796 2347 1646 4146 2410 4847 3296 1445 4910 880 3380 3945 894 1709 3394 4209
Route 141 : 388 1861 2888 2050 1558 4550 1937 4058 4437 4361 167 213 2035 2667 2713 4535 1117 2342 3617 4842 1136 3636 1266 3766 1787 1876 4287 470 2970 4376 261 2761
Route 142 : 1144 1860 3644 1013 3513 1675 4360 276 2776 235 4175 1498 3998 241 2741 408 2735 1900 2042 56 4542 1170 2908 4400 2556 2397 435 3670 2935 4897
Route 143 : 609 1467 3109 3967 920 2458 3420 4958 1111 312 2812 2090 4590 1573 4073 2170 4670 1045 3611 1014 405 3514 3545 2905 2188 2070 2268 4768 1626 4126 4570 4688
Route 144 : 2424 851 1246 3351 3746 1044 3544 2273 754 4924 462 4773 45 3254 1870 2545 2036 1721 4370 761 4536 1848 4348 2962 3261 4221
Route 145 : 2136 2006 395 2895 4506 634 1704 3134 4204 471 194 2971 1055 3555 418 2694 1612 4112 2918 1285 4636 3785 151 800 1922 4422 1491 3991 2651 2071 3300 4571
Route 146 : 2395 341 1006 4895 3506 2394 385 4894 2841 1674 2467 308 4967 549 1794 4174 2885 4294 3049 1772 2808 2160 1825 4272 1982 219 2719 1754 4325 4660 4254 4482
Route 147 : 1559 1956 4059 518 2444 4944 4456 2015 3018 1376 955 4515 3455 1752 4252 964 35 2535 3876 1320 2337 3820 3464 860 302 4837 3360 1555 2802 4055
Route 148 : 1515 193 2693 612 663 753 4015 1118 3618 799 3112 3299 3163 500 3253 3000 1965 1379 1473 3973 4465 3879 404 515 2904 37 2537 119 3015 2619
Route 149 : 1636 1747 1039 4136 3539 4247 1053 3553 1518 1622 4018 1803 4122 566 4303 396 3066 1394 3894 586 367 3086 2896 222 1634 2722 1245 4134 3745 2867
Route 150 : 1551 4051 2053 4553 1685 950 4185 3450 1568 504 4068 133 2633 2357 402 2224 4857 3004 287 2902 2279 4724 1001 2787 3501 842 743 1089 4779 3243 3342 3589
Route 151 : 1050 820 3550 579 872 3320 3079 795 3295 1598 4098 3372 1339 316 3839 2816 2413 2121 4913 425 4621 2925 570 2311 3070 2381 4811 2110 4610 4881
Route 152 : 2303 2211 1618 4803 148 4118 1328 4711 2648 1550 84 1269 3828 3769 4050 124 2584 551 2624 3051 787 2321 2185 3287 4821 131 4685 1137 2631 1398 3898 2460 3637 4960
Route 153 : 1928 528 3028 2037 1119 4537 3619 4428 979 2020 2260 4520 3479 1061 2155 857 3561 4655 665 4760 3357 1330 3830 397 1380 1299 3880 3165 1942 3799 190 2897 4442 2690
Route 154 : 2220 4720 1864 1485 869 3985 4364 2021 3369 4521 788 968 3288 969 3468 1655 4155 356 2244 487 2987 2856 449 4744 2949 2145 1268 3768 1007 4645 3507 3469
Route 155 : 2354 4854 931 1159 3431 2117 4617 826 3659 1443 1599 3943 3326 1821 34 2534 712 3212 4099 4321 374 2346 1827 1169 2874 4846 4327 998 3669 3498
Route 156 : 2435 4935 962 1958 1343 4458 966 2320 4820 3462 3843 2059 580 3466 1368 1263 3763 4559 2084 438 1276 3080 3776 3868 4584 2082 4582 2938
Route 157 : 1592 4092 526 2239 4739 3026 307 698 1710 33 3198 2807 2533 1022 4210 1251 2322 296 4822 2796 3522 3751 2156 2179 1780 4280 4679 1729 4229 4656
Route 158 : 284 2184 1764 2784 4684 4264 174 1178 3678 1984 4484 2674 2404 2361 4904 4861 1976 256 4476 2099 2756 4599 507 1192 229 2729 3007 3692 19 2519
Route 159 : 659 571 3071 2437 3159 2262 4762 4937 1913 2401 4901 4413 1046 578 3546 403 2903 1528 769 3078 4028 3269 1319 1020 3520 12 3819 1796 1453 4296 130 2512 3953 2630
Route 160 : 1280 532 3032 1657 3780 992 3492 1713 4213 1451 3951 242 2742 436 2936 884 1814 4314 4157 3384 1146 3646 1478 1681 3978 4181 1213 3713 983 149 3483 2649
Route 161 : 589 1334 3834 3089 28 7 1869 2528 2507 2215 4369 4715 456 2956 164 1283 2412 2664 4912 1653 564 4153 82 3064 2582 422 3783 2922