Instance name : ber-n5000-6
Authors       : BIG3 - Dmitriy Yampolskiy, Egor Nikolaev and Daria Savina. Smart Logistics Point by the BigThree team (big3.ru).
Date          : 2025-04-23
Reference     : BigThree team (big3.ru)
Solution
Route 1 : 54 804 3304 2380 2554 299 4880 1215 2799 1645 3715 4145 867 1870 3367 45 2545 2036 1721 4370 761 4536 2084 4584 3261 4221
Route 2 : 1226 2004 4504 40 781 1673 2540 457 4173 3726 2957 188 1981 1690 4481 3281 2688 1686 2429 4929 1817 4317 4186 1242 1627 4127 1069 4190 2189 3569 4689 3742
Route 3 : 2366 28 4866 1157 3657 972 2528 3472 1106 2063 3606 4563 858 476 1431 3931 3358 197 2976 2697 387 2887 1311 825 3325 411 3811 2412 4912 945 2911 3445
Route 4 : 2418 1764 333 4918 2833 2127 4264 1132 4627 3632 1465 3965 695 3195 487 2987 9 2509 1114 3614 773 3273 501 3001 2075 2202 4702 4575
Route 5 : 2096 1038 4596 1783 1323 4283 3538 1291 3823 568 1235 3791 1147 3735 3068 3647 101 52 2400 2552 4900 787 3287 2384 2601 4884 1213 294 3713 983 3483 967 2794 3467
Route 6 : 72 611 2572 573 1388 3111 3073 257 1893 4393 252 3888 2232 2420 2757 723 2752 4732 3223 69 2569 1966 4920 1584 4466 2139 4084 4639 355 1206 1692 2855 4192 3706
Route 7 : 2246 4746 1128 1816 3628 214 4316 2500 2714 843 3343 26 5000 1662 2526 2489 4989 427 4162 2927 424 187 2687 359 2924 2315 2859 4815 369 2869
Route 8 : 2146 2044 976 4646 3476 485 1049 2985 2117 4617 3549 4544 1506 588 1138 4006 3088 2413 1542 4913 2081 3638 1948 2337 4581 4448 860 4837 3360 4042 144 837 3337 2644
Route 9 : 1334 3834 1905 1755 4255 1869 4405 455 2955 1443 4369 450 720 3943 361 2861 624 3220 2950 3124 1553 2056 786 4053 3286 2299 1131 1508 4556 4799 4008 3631
Route 10 : 8 1440 3940 920 3420 2508 2465 2464 587 4965 979 4964 1112 3087 268 2768 1286 3479 2260 3612 537 1822 4760 3786 3037 4322 386 249 1694 2886 2749 399 90 4194 2590 2899
Route 11 : 286 685 1920 2786 1696 3185 717 4420 1240 146 4196 3217 2646 956 3456 173 782 3740 759 2673 3282 3259 1775 1462 3962 1930 4430 4275 243 1233 2145 4645 3733 2225 2743 4725
Route 12 : 1647 2200 4147 807 4700 1507 3307 4007 810 3310 2034 2085 4585 1845 4534 1995 1056 4345 746 4495 3556 2248 3246 4748 1073 282 2782 2026 4526 1250 3573 3750 1032 3532
Route 13 : 1631 4131 1195 331 112 2831 3695 1282 3782 305 2612 117 2617 2064 2805 2148 4564 4648 1004 73 3504 816 3316 409 2909 2573 1292 2165 1187 3792 4665 3687
Route 14 : 186 389 2686 966 2889 1002 246 3502 943 2746 3466 174 3443 81 2674 2581 1795 2285 1103 4295 3603 1868 4785 1344 4368 507 3844 1192 3692 3007
Route 15 : 1040 3540 607 910 3410 1448 3107 1423 3923 1679 704 3204 3948 1573 4073 4179 2364 859 3359 1241 429 4864 1712 638 1029 3138 3529 4212 2929 3741 1937 1563 618 4063 3118 4437
Route 16 : 337 279 2779 384 2837 238 2086 2884 226 2738 1025 1713 4586 2726 4213 1630 509 646 3525 3009 24 2438 4130 953 3146 2524 4938 3453 1524 2365 577 4865 1973 4024 4473 3077
Route 17 : 609 1624 1455 3109 2239 4739 3955 4124 354 1255 2854 3755 2177 419 582 3082 1369 4677 2919 1839 4339 2025 3869 1027 4525 1418 3918 1994 3527 4494 2408 1151 125 3651 2625 4908
Route 18 : 71 297 2005 2797 1479 4505 3979 2571 1090 2120 830 637 3137 857 4620 3330 1330 3357 3590 1207 3830 890 3707 465 764 2965 3264 3390 1466 832 3332 871 3966 3371
Route 19 : 1619 951 1765 3451 4265 4119 124 993 3493 1594 2060 4094 2624 1519 4560 1683 4019 109 4183 1136 2609 3636 1124 207 3624 130 2707 831 3331 2630
Route 20 : 1505 460 4005 1652 2960 4152 2035 499 2999 2441 4535 4941 1900 204 1918 2704 4418 779 2013 4400 4513 2325 4825 12 1916 3279 542 4416 2512 3042
Route 21 : 647 217 987 3487 2176 2717 4676 227 3147 2223 2727 538 4723 6 2506 1200 2269 3038 3700 4769 1319 1933 4433 2170 4670 794 1569 3819 711 3294 1502 3211 4002 4069
Route 22 : 1866 576 622 311 3076 4366 3122 64 2564 172 2811 925 2672 2134 3425 2401 4634 4901 1198 2445 1863 3698 4945 1259 1830 665 4330 1445 4363 3759 3165 3945 2308 649 3149 4808
Route 23 : 283 1378 2783 2066 574 3074 3878 4566 1651 725 2409 780 3225 4909 1702 3280 954 4151 4202 834 3334 785 3285 3454 2348 36 4848 256 2536 513 2756 3013
Route 24 : 1977 1562 4477 4062 672 512 1046 3546 3012 1601 1227 4101 2018 3727 924 3172 267 3424 4518 2767 1895 496 760 2996 3260 4395 1638 2219 4719 1345 261 4138 2761 3845
Route 25 : 1044 1743 3544 592 443 599 3092 2943 103 3099 4243 2603 768 3268 758 1433 3933 2331 1057 3258 3557 644 4831 2144 3144 1333 3833 1309 4644 3809
Route 26 : 1468 1081 3968 53 3581 520 2553 202 3020 2702 2020 1726 2298 4798 4520 4226 1437 1697 3937 933 466 4197 265 2966 37 2537 3433 346 2765 2846 605 894 3394 3105
Route 27 : 689 707 451 1532 3189 2951 963 3207 4032 1176 3676 2141 1301 3463 129 3801 2629 2247 905 4747 213 3405 4641 2713 2233 1478 2340 4733 3978 2188 2070 4688 4570 4840
Route 28 : 342 1246 2842 1882 3746 2048 4382 2237 1067 623 375 4737 3123 731 3231 4548 581 3567 828 3328 2875 3081 1859 1876 470 2970 4376 567 4359 3067
Route 29 : 1150 406 2906 3650 2037 1119 1616 815 3315 4116 4537 2234 2487 3619 1914 4734 4414 628 1266 4987 884 1988 3766 4488 3384 1146 2164 4664 3646 1738 1154 4238 632 3132 3128 3654
Route 30 : 1684 4184 127 423 1328 2627 2458 2923 4958 737 312 2812 2434 4934 1045 3237 140 3828 1014 405 3545 3514 1464 2905 3964 1926 1709 1942 4209 323 4426 2823 4442 2640
Route 31 : 388 1812 2888 4312 1160 2278 755 3255 3660 4778 2336 2428 4836 2033 4533 4928 1547 2069 2318 4818 673 3173 4569 4047 700 11 1626 2511 3200 2329 4126 1606 4829 4106
Route 32 : 1332 335 1521 3832 2835 2029 1305 4529 4021 290 3805 802 2790 2256 1902 4402 4756 1028 43 2543 349 3302 3528 608 3108 1756 2849 1193 4256 206 3693 738 2706 3238
Route 33 : 284 2784 1474 749 3249 2014 3974 4514 1706 1426 1254 3926 2290 3754 4790 1315 3815 4206 2008 1782 1950 718 2032 4508 3218 4532 351 4450 970 2851 2377 77 3470 4877 2577 4282
Route 34 : 862 621 1597 3362 4097 612 3121 1513 3112 2079 4013 2131 4631 4579 2430 541 4930 3041 1570 564 1758 1033 4070 3533 1394 3064 3894 1835 4258 2061 4335 4561 2292 4792
Route 35 : 5 2505 1897 2228 4728 2137 753 1802 3253 4397 4302 4637 486 1477 3977 805 1887 4387 1082 3582 2322 1080 2986 3305 4822 1633 3580 139 2639 1780 1268 4280 4133 3768 1007 3507
Route 36 : 603 444 3103 31 774 2531 2944 1761 2160 4261 684 3274 304 1759 2804 540 3184 3040 1768 4259 919 3419 2361 134 4861 4660 2449 4268 617 4949 3117 2634
Route 37 : 528 895 3395 1806 3028 1757 315 4306 2815 235 4257 241 2741 2735 2433 502 2042 56 4542 4933 2397 3002 2556 1936 435 4436 2190 2935 4897 1406 4690 3906
Route 38 : 493 1618 2149 1649 4149 2993 1561 378 4118 4649 4061 2362 546 2878 661 1111 3161 3046 3611 239 4862 1043 3543 1137 1393 2739 1167 1392 3637 1501 3893 3892 3667 4001
Route 39 : 2493 68 4993 1401 2090 4590 906 3901 459 2568 253 2753 242 1113 2742 3613 2390 4890 278 2959 655 1536 3406 4036 2499 2778 3155 251 2751 870 4999 55 3370 2555
Route 40 : 706 1217 3206 1928 1297 3717 1318 4428 1471 3797 3818 1300 3971 244 1608 2744 3800 1552 1760 4260 1228 4108 432 3728 2185 4685 2932 767 1735 827 4052 3327 3267 4235
Route 41 : 670 1074 3574 3170 2437 992 2208 4937 714 3492 4708 3214 1062 2241 3562 1514 4014 4741 1166 2426 3666 1537 2288 4037 1380 1724 4224 397 1299 3880 4926 4788 3799 190 2897 2690
Route 42 : 2068 1140 4568 1800 3640 663 2368 2258 4868 4300 199 4758 98 2699 3163 2598 2415 928 3428 4915 1384 3884 183 2314 2447 1060 3560 2683 4814 192 2692 2052 4947 4552
Route 43 : 948 734 3448 3234 2271 1739 4239 2218 4771 1864 48 4718 4364 403 2255 553 2903 2548 159 4755 2497 961 3053 2659 179 3461 4997 2679 1290 1787 4287 1071 3790 2257 4757 3571
Route 44 : 20 458 233 2733 2958 1828 2520 4328 1600 2473 2108 597 4100 4973 845 3345 4608 2105 3097 2342 1281 4842 4605 996 3496 2235 4735 3781 990 3490 1453 595 3095 3953
Route 45 : 1558 1144 3644 2474 2262 4058 4762 414 4974 2038 2914 1968 99 4538 4468 534 3034 2442 769 2599 1862 3269 275 4362 696 2775 3196 2017 2272 4942 4772 4517 2107 4607
Route 46 : 1066 2387 1860 4887 3566 671 4360 1387 3887 3171 913 941 3413 1980 3441 1016 4480 1917 3516 4417 1642 4142 653 3153 1604 667 1635 1482 3982 4104 2157 3167 4657 4135
Route 47 : 1347 1669 4169 3847 360 1408 3908 1283 2860 1557 744 2065 4057 1335 3244 2461 3835 4565 1382 1990 4490 3882 998 975 842 4961 1231 3498 3731 3342 3475 3783
Route 48 : 2220 4720 106 1576 2606 1271 4076 410 3771 2910 2021 431 2931 2282 4521 1117 4782 408 1026 3617 1428 2908 989 3526 1293 3928 3489 1615 676 4115 149 3176 3793 2649
Route 49 : 1018 3518 2214 763 4714 1243 3743 3263 1913 1767 27 4413 2527 1989 1134 648 1880 4489 4380 3148 3634 2423 4267 1386 4923 2482 1148 4982 1191 3691 3648 324 3886 2824
Route 50 : 1280 1640 2263 4140 3780 636 633 3133 4763 3136 683 1912 3183 2333 1399 4412 1872 3899 4833 1498 3998 4372 1252 3752 1341 2197 3841 4697
Route 51 : 1593 4093 1205 557 3705 3057 1168 1296 3796 1550 3668 47 84 1269 3769 4050 2584 1545 2547 116 2616 154 4045 1139 1171 2654 3671 1322 3639 1688 3822 4188 1253 2250 3753 4750
Route 52 : 114 1840 909 4340 2614 1769 1861 1023 4361 3409 61 4269 668 3523 1646 4146 2561 973 1999 3473 3168 523 3023 796 3296 4499 1337 630 1352 3837 651 3130 3852 3151
Route 53 : 2385 1515 4885 58 1538 4015 295 724 2795 793 3224 3293 1078 3578 14 2558 4038 1097 3597 1312 2092 2514 1529 4592 4029 1838 2403 89 3812 4903 4338 2589 1967 4467
Route 54 : 511 2468 4968 2319 3011 1414 4819 216 3914 995 3495 1664 2716 4164 1879 373 2495 819 2873 1842 4379 3319 4995 852 4342 3352 686 921 3186 1100 3600 3421
Route 55 : 1941 306 1321 2806 917 643 4441 703 3417 3143 604 3203 447 3821 2947 2393 180 3104 2097 4597 1655 4893 2680 2481 4155 1776 4276 264 4981 1847 1740 2764 1358 4347 3858 4240
Route 56 : 2477 659 2067 4567 3159 4977 307 1372 3872 1710 698 4210 2242 296 2807 3198 1251 2796 4742 984 3751 2179 3484 76 4679 2376 2576 1096 1272 3596 4876 3772
Route 57 : 863 2443 1494 4943 1734 3363 861 3361 4234 3994 2492 1924 4424 121 4992 2621 548 3048 1907 907 1784 4407 3407 2156 4284 107 2607 971 3471 4656
Route 58 : 539 1467 1383 3967 3883 1657 869 1121 3039 3621 3369 1572 1961 4461 4157 1814 4314 1204 4072 1540 3704 4040 426 160 2660 1681 2926 4181 981 935 3481 2101 4601 2186 3435 4686
Route 59 : 1264 532 3032 1354 1484 3854 237 1212 3984 3764 911 3712 3411 2737 379 2879 2326 635 449 3135 1554 2949 4826 301 4054 1239 1846 2801 162 3739 2662 4346
Route 60 : 365 1400 2865 875 3375 1723 1799 4299 712 4223 3212 338 2838 1909 3900 1473 1353 4409 3853 2091 3973 926 4591 240 3426 2001 2740 2104 4501 4604
Route 61 : 1085 687 1808 1391 3891 3585 1960 3187 339 4308 2839 4460 864 334 33 2533 1873 2834 2 3364 1211 4373 3711 2502 563 1729 3063 1527 531 4027 3031 982 4229 3482 166 2666
Route 62 : 1159 1374 317 3659 3874 2817 872 320 1089 2046 2820 4546 316 3589 3372 1339 3839 1430 3930 1763 2816 4263 2201 1202 4701 3702 2475 281 80 4975 2781 2580
Route 63 : 1427 2136 3927 4636 1273 1843 4343 938 51 3438 2373 2551 3773 1613 549 4873 157 1539 4113 1442 4039 1284 3049 2657 1910 3942 3784 1183 4410 371 2871 2280 3683 4780
Route 64 : 363 918 2863 3418 440 2193 4693 1522 2940 585 4022 3085 866 3366 1659 92 4159 985 2466 791 3485 4966 3291 680 969 2592 887 3387 722 3180 3222 1985 1813 4313 4485 3469
Route 65 : 1003 2328 3503 4828 1821 555 3055 1039 3539 4321 733 2386 4886 2002 4502 3233 991 1711 2339 4211 4839 613 439 2939 3491 524 370 2870 380 1001 3113 3501 2880 3024
Route 66 : 1170 1492 3992 3670 462 1793 2488 4293 32 4988 445 2532 2945 2962 1489 1012 2356 3512 3989 4856 616 364 2864 1534 868 3116 4034 3368
Route 67 : 417 1717 1435 4217 2917 46 610 392 3110 889 2546 2892 3935 303 2803 2351 3389 1425 1099 3599 4851 891 2451 4951 1691 3391 3925 2480 2345 4980 4191 288 4845 2788 1884 4384
Route 68 : 2286 4786 1458 3958 1701 4201 1637 59 1308 3808 4137 1798 2559 156 977 3477 1410 2656 4298 1000 41 2541 3910 2439 3500 3 2503 2078 1234 2142 4578 4642 4939 3734
Route 69 : 44 1008 1829 4329 3508 2544 968 1824 1541 4324 3468 4041 2469 4969 702 2323 3202 2372 4823 1342 1841 3842 4341 1919 4872 4419
Route 70 : 1175 898 960 1588 3398 3460 1123 4088 3675 248 3623 1899 4399 418 2918 901 1737 3401 4237 1381 2748 1420 3881 2114 674 3920 1982 4614 4482 3174
Route 71 : 381 1244 2881 1488 3988 3744 942 1568 795 3295 3442 4068 1672 4172 175 1790 456 2675 2183 2956 374 2874 1898 4290 1279 4683 3779 1852 4398 1745 479 2979 4245 4352
Route 72 : 1185 1742 4242 3685 1786 1955 1700 4200 4455 4286 1807 433 4307 839 2933 2254 3339 876 3376 4754 1363 2204 1825 4704 1447 3947 1589 3863 4325 4089
Route 73 : 743 932 2388 3432 639 3139 986 3486 4888 1036 2294 1714 3536 2151 4214 3243 4794 1135 1329 1819 4319 3635 1827 1481 3829 3981 4327 1336 1258 4651 3836 3758
Route 74 : 2355 2422 1373 4855 4922 189 3873 817 2270 3317 1306 3806 2689 329 4770 1610 4110 2829 2431 4931 1325 2007 3825 1141 1971 277 4471 2777 2180 3641 4680 4507
Route 75 : 2162 1013 2212 201 3513 4712 2701 1143 4662 3643 1818 1549 1605 4105 4049 4318 748 988 3488 3248 260 1366 3866 1454 1796 2760 3954 4296 1145 2083 3645 108 778 2608 3278 4583
Route 76 : 1314 3814 1058 634 3558 2293 4793 1746 1512 3134 783 4012 2111 4246 1666 4166 3283 4611 873 2455 3373 2174 2374 4674 4955 2039 4874 4539 1585 1875 4085 1509 4375 4009
Route 77 : 922 732 3232 3422 1867 4367 322 1993 2822 454 2954 4493 855 1338 1412 3838 1076 3912 593 3355 3093 1531 57 4031 3576 814 1446 2557 2330 3314 4830 3946
Route 78 : 66 2199 1203 2187 4699 155 3703 2655 4687 469 2436 2969 4936 766 2566 1944 3266 657 1984 4484 2041 3157 4444 4541 219 2719 269 453 143 2769 2953 2289 1265 4789 3765 2643
Route 79 : 1298 3798 745 1035 1791 3535 1419 2222 3919 3245 4722 178 2678 2476 10 2510 390 4976 846 3346 835 1434 2890 3934 74 3335 974 3474 2574 4291 1544 1068 4044 3568
Route 80 : 1958 2382 4458 1173 1858 4882 1658 3673 212 952 3452 4158 2712 1367 1750 4358 4250 2283 3867 1574 4074 4783 1127 1088 1495 3995 3627 2392 3588 2159 4892 4659
Route 81 : 2240 1992 4492 2073 4740 2284 136 4784 4573 2215 1517 4017 2636 182 4715 1077 2363 3577 1731 2682 4231 302 4863 1340 1949 1122 3622 1555 3840 4055 2802 4449
Route 82 : 1663 1149 3649 148 4163 1098 2648 1578 3598 4078 937 3437 2471 1695 2191 4195 474 4971 2347 1061 4691 3561 2974 4847 372 750 838 3250 2872 3338 2268 1648 4768 4148
Route 83 : 1747 21 272 4247 2772 1053 1102 1752 3553 3602 223 415 4252 994 2723 2915 398 2521 3494 1364 2898 1560 947 494 3447 3864 2994 4060 94 2594
Route 84 : 1232 2448 259 2416 383 4948 914 3732 2883 344 2844 4916 1878 4378 2759 3414 776 3276 1586 944 980 4086 3444 293 2207 2793 4707 3480 1575 332 2483 4075 4983 2832
Route 85 : 2316 88 2106 4816 2588 908 583 1704 3408 4606 1997 4204 471 3083 4497 1794 2971 218 2003 4503 2718 105 152 4294 2605 1161 1889 4389 3661 2132 614 3114 2652 4632
Route 86 : 2147 2398 4647 525 3025 4898 1749 4249 2324 1196 2057 789 4557 3696 402 3289 1665 4165 2902 2279 177 2295 2677 482 521 4795 3021 1580 2982 4779 4824 4080
Route 87 : 625 3125 923 1991 473 3423 1915 2973 4491 526 4415 3026 729 578 3078 3229 771 2399 4899 442 3271 2414 2058 4914 824 2261 2942 4558 1469 4761 3324 3969
Route 88 : 2130 978 962 4630 1343 3843 3462 2470 3478 448 4970 503 2948 3003 2000 508 4500 3008 2019 600 63 3100 1668 2563 4519 4168
Route 89 : 1155 1680 3655 1048 4180 1055 1881 3548 309 4381 2452 2809 4952 3555 1801 1493 4301 273 1741 3993 1677 2773 510 4177 800 3010 559 3059 4241 1 2501 2071 3300 4571
Route 90 : 1355 1262 3855 3762 561 3061 1978 915 3415 4478 38 2538 1511 641 4011 1951 3141 1831 2213 4331 4451 2479 4713 452 1953 514 4979 2952 489 2989 3014 4453
Route 91 : 558 3058 1832 1703 699 1748 420 4248 4332 2226 4203 1744 4726 4244 1248 3199 1849 3748 2453 2206 2920 181 4349 2343 4706 2681 1577 4953 4077 2457 4843 4957
Route 92 : 2128 1934 4434 1230 2181 4628 3730 93 840 2593 4681 1224 3340 2467 2169 3724 4967 1294 4669 2349 709 4849 2198 3794 1010 3209 4698 1650 4150 3510 590 3090
Route 93 : 1751 4251 1476 601 1190 3976 2459 4959 220 3690 1450 3101 1629 3950 2175 2484 2720 675 4129 4675 310 2810 4984 1607 3175 2216 4716 1310 4107 3810
Route 94 : 930 1921 4421 1644 543 3430 4144 2367 495 2995 4867 2168 2360 3043 4860 1979 4668 1379 4479 3879 1888 654 1938 4388 1722 4438 1583 3154 4222 4083
Route 95 : 15 2515 490 533 950 3033 2990 2444 3450 4944 228 1622 2728 1042 3542 1803 4122 1693 4193 566 4303 3066 1815 1567 1365 4315 2370 1653 4067 4153 575 4870 3075 3865
Route 96 : 1152 1221 784 3721 1891 4391 1777 3652 3284 1689 4189 1639 4277 742 113 4139 1263 878 3763 705 3242 666 2613 3166 886 1197 3386 19 3205 3378 2519 3697
Route 97 : 757 591 3257 865 3365 2167 4667 1238 3738 3091 1133 545 3045 822 472 3633 692 2972 3192 2209 3322 4709 1407 1017 3907 1009 1632 3517 4132 1892 4392 3509
Route 98 : 2287 4787 2054 2028 1079 4528 1091 4554 3579 2010 3591 1164 4510 385 1214 2885 3664 1771 1403 3714 1603 1969 3903 818 4103 4271 897 4469 3318 3397 1510 4010
Route 99 : 1675 806 83 2583 3306 2259 4175 1460 3960 4759 198 2698 788 1125 3288 3625 65 500 2565 2126 544 4626 3000 2244 356 2856 1421 3044 4744 1005 3921 441 3505 2941
Route 100 : 2265 62 266 4765 2562 366 2766 205 965 2866 488 2705 2988 1129 1954 3629 4454 3465 1904 2446 185 2685 4946 2310 4404 2110 4610 1461 4810 1523 3961 4023
Route 101 : 368 336 1162 2868 1219 2836 1611 4111 3662 120 289 2620 1030 3530 308 3719 1021 1261 1571 3761 3521 2789 2808 2099 4071 2125 4599 4625 2402 229 2729 4902
Route 102 : 1218 2047 1823 4547 770 2088 4323 1371 3718 3871 1896 3270 4588 236 4396 1809 2736 2427 1416 4927 1487 4309 3916 812 3987 1834 165 2665 85 2585 3312 4334
Route 103 : 664 209 2709 2354 3164 4854 1459 2138 619 3959 1120 4638 803 3119 2015 3620 3303 4515 1565 879 4065 362 3379 2862 2119 1220 3720 765 4619 2341 3265 4841
Route 104 : 1581 883 3383 110 2610 2229 4081 4729 2076 4576 579 3079 1376 13 1249 2513 3749 1705 416 3876 2916 1320 4205 739 3239 3820 2115 4615 1245 1623 4123 3745
Route 105 : 2264 4764 1050 1177 3550 352 3677 104 2852 2450 4950 2604 955 133 2633 3455 203 280 191 2691 382 2780 2311 2703 2882 4811 67 1614 2567 4114 735 3235
Route 106 : 1685 1932 4432 4185 1470 620 3970 3120 900 2357 1894 4857 1923 1682 285 4182 4423 4394 3400 2785 2307 86 2302 4807 4802 2586 1762 4262 823 1670 4170 3323
Route 107 : 2227 809 3309 2210 4727 210 518 2710 234 3018 821 4710 2734 164 3321 484 708 3208 2984 2664 2153 2116 4653 964 4616 3464 2454 4954 682 3182
Route 108 : 1109 18 1660 2518 4160 1229 3609 3729 1628 2419 4919 1317 4128 2016 4516 400 2900 3817 2313 401 4813 2321 2901 4821 2432 697 515 3197 2460 4960 4932 3015 1641 4141
Route 109 : 1324 200 1535 931 3824 343 3431 1019 1304 2843 2700 100 958 3804 2600 35 3458 1064 3564 2535 3519 1564 425 2925 1356 2194 4064 3856 4694 1962 4462 208 2708 4035
Route 110 : 2231 1591 4731 841 3341 4091 1906 4406 153 102 997 2653 1946 4446 690 3497 2602 2172 4672 3190 1015 1520 3515 1707 4020 1500 1432 3932 2350 4207 4000 4850
Route 111 : 1956 1169 2133 3669 1857 4456 4633 2074 848 3348 4357 437 2224 554 3054 4574 4724 1011 2937 211 1405 3905 3511 2711 1201 2301 3701 1590 4801 1092 3592 4090
Route 112 : 571 3071 2024 1270 4524 2211 245 3770 2745 1451 3951 274 4711 2774 677 3177 428 1439 2928 3939 436 775 2936 1020 2334 4834 3275 3520 1051 1566 3551 2173 4066 4673 2276 4776
Route 113 : 122 1986 1676 4176 2304 4486 468 2622 2968 492 1945 2992 1556 4445 4056 357 4804 1316 318 2818 3816 271 2771 2857 2490 1715 4990 2093 4593 4215
Route 114 : 1094 1377 3594 1935 3877 2496 4435 2243 4996 679 4743 2440 4940 1422 3179 3922 250 1772 341 4272 550 2389 3050 4889 2841 2750 1444 829 2472 3944 3329 4972
Route 115 : 1331 1844 1174 3831 3674 1041 4344 719 3219 2023 3541 777 1237 3737 1595 4523 3277 2163 4095 1115 4663 3615 1766 4266 1130 321 3630 2821 2135 2102 4602 652 3152 4635
Route 116 : 2094 1927 2251 4427 2478 4751 412 877 4594 16 2912 138 2516 3377 1974 903 4978 2638 230 3403 4474 506 3006 2043 2730 314 4543 2306 2814 1998 4806 1267 3767 4498
Route 117 : 421 115 2615 2921 39 2129 658 3158 4629 118 2618 2539 2221 1181 391 3681 2891 854 4721 2281 2405 1031 3354 1093 3531 4781 4905 3593
Route 118 : 291 727 2238 3227 1223 1289 4738 2791 255 3789 3723 1457 1303 2755 3957 2118 3803 4618 430 2332 4832 2930 1285 888 3785 151 1733 3388 4233 2113 2651 4613
Route 119 : 1351 3851 2143 899 1158 3399 2305 4643 902 4805 1661 1770 4161 254 3658 4270 2754 50 2550 1579 2184 4079 326 2826 1667 345 4167 569 2845 1402 3069 3902 4684 3402
Route 120 : 2006 2435 4935 4506 602 111 2404 215 2611 194 4904 3102 2421 2715 2694 1612 4112 292 2792 4921 1463 23 3963 2011 856 4511 2523 3356 2122 4 2504 4622
Route 121 : 547 747 957 1108 3247 3457 1429 1452 3929 3952 2266 3608 3047 1480 1413 3980 3913 596 376 999 3096 4766 2396 467 3499 480 522 2876 3022 1222 2980 4896 2967 3722
Route 122 : 1274 79 2579 3774 60 2375 247 4875 2560 2072 2103 4572 4603 756 1208 3708 2747 394 3256 2338 2894 142 833 2642 1104 3333 78 4838 2578 2498 3604 4998
Route 123 : 1389 1959 4459 3889 481 726 3226 2981 799 1087 3587 3299 313 1965 2813 1940 1972 4440 565 4465 1022 627 3065 3522 4472 1820 4320 2383 4883 3127 1415 1716 3915 4216
Route 124 : 849 3349 2463 1490 4963 3990 1525 1543 4025 2300 2161 4043 225 4800 2725 1180 4661 3680 1774 137 4274 1034 2410 2637 2425 4925 4910 3534 1865 4365 95 2595
Route 125 : 1877 1350 1621 1417 4377 1247 3850 3917 3747 4121 1719 2267 4219 904 97 4767 2109 3404 1856 4609 730 4356 2192 2381 3230 2597 4692 797 4881 3297 2236 4736 606 3106
Route 126 : 2378 1551 4051 2053 4553 4878 1424 298 30 2798 1599 2530 1548 4048 3924 196 813 3313 2696 4099 1874 1307 3807 1110 4374 662 3610 1075 330 3575 3162 2830
Route 127 : 1779 4279 1656 2140 4156 4640 1486 1797 1362 4297 3986 1194 3862 2062 728 4562 3228 1396 3694 3896 2344 2089 4844 4589
Route 128 : 91 626 2591 1851 4351 2407 3126 1732 4232 1438 3938 505 4907 885 3385 1789 300 3005 2154 4654 4289 258 147 2045 2758 82 2800 2647 4545 2582 422 2922
Route 129 : 752 3252 1327 811 2391 3311 2124 4891 3827 4624 446 740 1142 1609 4109 3642 3240 1836 2946 946 4336 1602 1785 4285 4102 3446 1929 170 4429 2087 2670 4587
Route 130 : 1720 2196 4696 4220 2417 927 4917 1850 3427 1674 4350 171 4174 221 2671 141 2721 2641 1983 1059 4483 478 2978 3559 772 1886 1596 4386 4096 2353 4853 3272
Route 131 : 820 393 2893 1925 631 3320 1792 3131 4425 325 2825 4292 1411 407 2907 1370 3911 3870 1496 1546 4046 1837 4337 3996 1975 1483 4475 3983
Route 132 : 2424 516 2027 3016 4527 1037 3537 2273 754 1072 4924 3572 2178 1883 4678 4383 1409 4773 3909 3254 2166 377 2877 1385 584 3885 1976 3084 4476 929 4666 3429
Route 133 : 1636 642 4136 3142 126 1084 562 2626 168 2668 1504 1781 3062 4004 3584 1854 1257 4281 2121 3757 4354 2346 4621 570 4846 358 844 3070 3344 1348 2858 3848 939 3439
Route 134 : 169 893 395 2669 2320 3393 2895 158 4820 2394 4894 580 2658 1184 1024 3524 1368 3684 1276 1848 1587 3080 4348 3776 3868 1052 4087 3552
Route 135 : 1804 2152 4304 2253 1885 741 4652 1182 3241 3682 536 4753 4385 3036 572 2277 645 145 4777 896 3072 3145 2645 1699 2335 4835 1070 4199 3570 2317 29 3396 4817 2529
Route 136 : 589 176 2462 2676 3089 826 629 882 4962 3129 736 721 3382 3221 3326 3236 1359 801 693 3859 1964 3301 656 3193 3156 694 4464 2249 3194 881 4749 3381
Route 137 : 1101 135 3601 2275 2080 2635 1260 4580 3760 1901 167 2352 1357 4401 4775 4852 1503 2667 4003 1095 751 3251 3857 3595 1086 119 328 3586 131 2619 2828 2631 1398 3898
Route 138 : 556 347 1485 1903 552 3056 3052 2050 3985 551 2847 4550 4403 2312 4812 464 1931 3051 1952 1277 2964 4452 4431 3777 150 2485 1939 2650 1730 4439 4230 4985
Route 139 : 1753 1172 2182 4253 560 3060 4682 1118 762 17 3262 3618 2517 2098 3672 4598 224 1497 2724 1210 874 3710 3374 3997 1533 498 1805 4305 1472 4033 3972 2998
Route 140 : 2077 2022 4577 1943 1826 4326 4522 1275 475 4443 519 434 2975 3019 3775 2494 2358 2934 916 4858 3416 4994 2274 1922 438 4422 2049 4774 1491 3991 4549 2938
Route 141 : 660 850 1559 1126 3350 1288 4059 3788 3160 1153 350 2850 1654 195 3626 3653 2695 34 2534 396 598 1165 4154 3098 2896 3665 222 2722 713 2486 3213 4986
Route 142 : 1404 1163 3904 2411 3663 4911 1526 4026 1225 163 49 2549 3725 2663 710 1436 3936 1810 25 2525 3210 4310 497 1083 2997 491 3583 2991 96 1617 4117 1736 2596 4236
Route 143 : 1592 4092 2296 4796 1698 2406 4906 4198 1065 1778 263 3565 4278 2763 1811 2309 2055 4809 880 3380 4311 808 4555 836 2095 404 3308 1475 4595 3975 2904 3336
Route 144 : 851 959 2359 3351 1256 3459 4859 3756 1871 483 2983 1395 2051 3895 4371 1209 4551 1349 2205 3849 4705 1361 3709 1105 1188 3688 3605 3861 1156 527 3027 3656
Route 145 : 1911 2297 4411 535 4797 1179 75 3035 3679 1499 3999 2203 691 2575 128 4703 2628 3191 1687 287 262 367 4187 2787 2867 2230 2762 4730 1047 3547 1390 3890
Route 146 : 934 1727 3434 340 4227 2395 2158 2840 4895 1006 1625 4658 3506 1853 4353 184 678 2684 1456 3956 1216 1278 3178 3716 2369 4869 1855 4125 1186 3686 87 4355 3778 681 3181 2587
Route 147 : 270 2059 2770 1890 1773 4559 1178 940 3678 3440 530 319 4390 2819 1287 3787 715 3030 3215 1346 2040 4540 4273 3846 2082 1718 4218 4582 1754 4254
Route 148 : 716 1189 3689 7 3216 853 1441 1326 2507 3826 3941 1054 615 3353 3554 2123 1302 4623 3115 1833 4333 586 3802 669 3169 1963 3086 517 3017 650 4463 2100 3150 4600
Route 149 : 1375 1643 949 4143 2491 3449 232 2195 4695 3875 2732 790 4991 792 3292 3290 413 936 1199 3436 2913 3699 1970 132 2030 2632 798 3298 4470 4530 70 2570
Route 150 : 22 2303 4803 2522 1516 1620 1996 4120 4016 4496 529 2171 3029 1671 4671 4171 42 892 688 3392 1528 2542 3188 1987 4028 161 2009 2661 4487 1107 1725 3607 4509 4225
Route 151 : 594 3094 1957 193 2693 477 2252 2977 4457 2371 2031 4752 4871 1236 1530 4531 1449 4030 2291 3949 3736 4791 912 1908 3412 4408 1063 2456 3563 4956 1295 3795
Route 152 : 1678 1728 4178 4228 461 1116 2961 1598 504 3616 2217 4098 3004 1518 701 4018 4717 353 3201 327 2853 2379 463 4879 1634 2963 4134 2327 2827 4827
Route 153 : 847 2150 1788 4650 3347 1947 1582 2012 4512 4447 2245 4288 4082 1360 231 4745 2731 3860 1313 2155 3813 276 2776 1397 4655 3897 640 2112 4612 348 123 2848 3140 2623 1708 4208
