Instance name : ber-n3000-4
Authors       : Dmitriy Demin, Mikhail Diakov (msd@veeroute.com), Ivan Ilin, Nikita Ivanov, Viacheslav Sokolov (vs@veeroute.com) et al. VRt Global (https://veeroute.com/)
Date          : 2023-04-24
Reference     : veeroute.com
Solution
Route 1 : 1038 825 750 2325 2250 1449 520 2949 2538 1268 2020 2768
Route 2 : 321 771 1821 169 2271 737 2237 599 1669 2099
Route 3 : 809 799 2309 2299 872 1297 2797 2372
Route 4 : 1270 2770 1148 1067 2648 399 2567 592 1899 496 2092 1996
Route 5 : 558 2058 1473 85 745 1585 2245 2973 1248 1413 1466 2913 2966 2748
Route 6 : 904 1435 1263 2935 2404 104 589 2763 1604 1445 2089 1361 2945 2861
Route 7 : 1134 2634 818 1279 928 2779 2318 961 2428 1365 2461 2865
Route 8 : 136 1140 1354 1636 2640 2854 1281 827 2327 2781
Route 9 : 559 2059 415 365 1184 1865 1915 55 893 2684 1555 954 2454 2393
Route 10 : 1151 178 467 2651 1163 1678 156 1967 221 2663 495 1656 1995 1721
Route 11 : 566 563 1348 2066 2063 1371 171 2871 1671 2848 401 917 1901 2417
Route 12 : 1214 275 1043 2714 1775 595 2543 1326 234 2826 2095 1734
Route 13 : 1330 2830 590 713 1448 2948 2213 2090
Route 14 : 192 1398 1692 2898 414 741 2241 180 1914 1680
Route 15 : 913 552 1139 2052 865 2413 2639 921 2365 607 2421 2107
Route 16 : 96 182 1596 139 1682 1203 1639 757 2703 306 1806 958 2257 2458
Route 17 : 432 479 260 1979 1760 385 1932 352 1885 281 604 1781 1852 2104
Route 18 : 1345 2845 304 197 1697 910 1804 2410 720 935 2220 2435
Route 19 : 1133 2633 348 1089 1848 969 2469 2589 1436 144 2936 1644
Route 20 : 1110 1349 2849 509 679 2610 2179 67 2009 1567 1433 194 1694 848 2348 2933
Route 21 : 190 946 1690 2446 518 1109 2018 284 650 2150 2609 1784
Route 22 : 1404 162 1662 2904 475 440 790 1940 1463 2290 1975 2963
Route 23 : 338 780 2280 1838 1421 851 2921 433 1933 2351
Route 24 : 232 1319 2819 370 1870 1732 1497 26 844 1526 2344 2997
Route 25 : 557 58 2057 794 1558 2294 555 2055 207 1434 2934 1707
Route 26 : 173 1210 2710 1673 270 103 1770 292 1792 1603 226 1726
Route 27 : 499 1999 709 2209 847 159 1659 643 2347 2143 574 2074
Route 28 : 1127 438 1071 1938 2627 153 1653 2571 572 1427 2927 2072
Route 29 : 1025 2525 1107 372 2607 1383 2883 1872 1496 2996 45 430 1930 1545
Route 30 : 1461 86 425 2961 1586 1925 500 859 2000 397 1897 2359
Route 31 : 319 630 2130 165 1665 730 2230 1819 1256 1064 2564 2756
Route 32 : 596 1028 2096 1136 2528 1202 2636 458 2702 1958
Route 33 : 1001 2501 1406 2906 1165 83 1340 2840 2665 1583 1462 412 2962 1912
Route 34 : 276 1776 387 1887 1008 863 2508 1456 2956 2363
Route 35 : 1183 253 2683 1753 1403 964 975 333 2475 206 2464 1706 1833 2903
Route 36 : 1150 1016 2650 548 1051 2551 2516 2048
Route 37 : 687 832 2332 2187 271 2 1502 993 2493 1771 486 652 1986 2152
Route 38 : 143 622 1643 878 2122 175 1675 2378 1115 196 1289 2615 2789 1696
Route 39 : 1205 62 2705 317 1562 1081 1817 2581 898 634 2134 222 2398 1722
Route 40 : 1274 380 191 2774 1408 1101 1880 2601 2908 829 2329 1691
Route 41 : 131 56 1631 1556 1129 93 2629 214 1714 1593 204 1704 931 2431
Route 42 : 835 2335 366 1866 264 545 2045 1764 514 2014 866 1492 2366 2992
Route 43 : 651 2151 772 152 1652 115 2272 621 1615 203 2121 1703
Route 44 : 610 814 2314 150 1269 2110 579 1236 1650 2769 2736 2079
Route 45 : 1168 1079 2668 297 2579 1420 1797 1119 2619 640 2920 2140 299 1799
Route 46 : 682 2182 1350 1047 2547 2850 950 407 1907 2450 584 2084
Route 47 : 16 1516 323 37 174 419 1823 1537 1919 1674 339 1342 2842 1839
Route 48 : 310 46 1546 1204 874 2374 2704 1254 1810 1296 391 2754 2796 1891
Route 49 : 1066 1308 1198 2698 2566 670 2808 487 2170 251 1987 1751
Route 50 : 1426 2926 762 1078 64 2262 1564 19 2578 1519
Route 51 : 1353 990 2490 551 2853 405 1498 2051 1905 351 114 2998 1851 1614
Route 52 : 641 2141 442 1143 1942 816 2316 850 2643 2350 988 2488
Route 53 : 1155 1480 2980 2655 748 985 699 2199 343 267 2248 1843 1767 2485
Route 54 : 250 668 477 1977 1750 285 2168 381 1785 1881 239 1739
Route 55 : 33 586 747 1533 2086 1312 2247 2812 576 907 145 2076 2407 1645
Route 56 : 1472 324 2972 1824 1111 92 364 791 1592 2611 849 1864 2291 2349
Route 57 : 1478 2978 997 678 2497 2178 428 491 1233 1991 1928 2733
Route 58 : 807 1366 2866 2307 836 1216 924 2716 2424 2336 949 581 2449 2081
Route 59 : 1055 8 2555 298 1798 1508 1499 760 2999 1443 2943 932 2260 2432
Route 60 : 722 2222 444 840 1944 2340 719 76 2219 1363 1576 2863
Route 61 : 978 1123 2623 2478 1130 1280 2630 1364 383 2864 1883 2780
Route 62 : 934 943 1479 2434 2443 2979 200 12 1512 1700
Route 63 : 238 1376 966 1738 2876 1046 2546 2466 758 1399 2899 2258
Route 64 : 1158 403 313 1903 2658 792 2292 1813 215 1715 1011 2511
Route 65 : 436 494 1936 1994 1452 2952 870 696 583 2370 2083 2196
Route 66 : 47 754 1271 1547 2771 2254 1500 522 3000 1318 1258 2758 2022 2818
Route 67 : 1424 894 2924 1468 2968 1370 2394 2870 876 2376 702 1464 2964 2202
Route 68 : 1489 1288 2989 888 2788 2388 111 541 1611 287 2041 1787
Route 69 : 808 265 2308 927 1765 892 1300 2427 2800 2392 620 2120
Route 70 : 235 1735 594 1465 2094 305 1805 2965 1112 680 2180 1272 2612 390 1890 2772
Route 71 : 218 1718 453 627 1953 2127 633 857 1392 2133 2357 2892
Route 72 : 498 618 1021 1998 2118 1057 764 2264 411 2557 2521 1911
Route 73 : 1137 2637 1357 377 1187 2687 2857 1877 1276 2776
Route 74 : 408 797 1908 1201 282 1782 2297 2701 449 1306 506 2006 1949 2806
Route 75 : 659 155 2159 1052 1655 2552 565 612 2065 2112 512 483 2012 1983
Route 76 : 1190 839 1209 1428 2709 2339 2690 812 2928 349 1849 2312
Route 77 : 113 1185 2685 219 1613 1719 804 1400 247 2900 2304 1747
Route 78 : 543 1048 2043 51 2548 833 1551 1293 181 2333 1681 2793
Route 79 : 623 524 2024 2123 569 1322 421 2069 424 1084 1921 1924 2822 2584
Route 80 : 344 1417 2917 5 1844 561 1035 2061 2535 694 2194 1505
Route 81 : 549 61 2049 671 1561 1211 765 2171 2711 1085 979 2265 2585 2479
Route 82 : 1235 2735 956 528 2456 1393 2893 460 29 2028 1529 1960
Route 83 : 1278 971 2778 347 1351 2471 2851 1847 1166 289 2666 1789
Route 84 : 1374 869 2369 919 731 2874 2231 936 2419 75 1575 2436
Route 85 : 474 1034 1974 2534 27 1053 1527 2553 1208 1275 2708 2775 1070 2570
Route 86 : 22 1522 666 473 1447 1097 2947 2597 1973 2166 119 976 2476 1619
Route 87 : 656 1102 88 2156 2602 170 1670 1588 672 1225 283 2172 1783 2725
Route 88 : 1259 2759 1195 466 2695 880 1966 217 1717 2380 359 970 1859 2470
Route 89 : 823 677 658 2323 2177 80 2158 1231 1483 2983 1044 1580 2731 2544
Route 90 : 388 1410 384 1888 2910 1884 1325 1277 2777 2825 810 1295 2795 2310
Route 91 : 902 1083 2583 2402 208 280 789 2289 1780 1708 774 2274
Route 92 : 146 743 1245 2243 2745 1646 860 2360 905 2405 1246 177 2746 1677
Route 93 : 1063 1401 2901 2563 637 1305 2805 2137 999 2499 1382 2882
Route 94 : 508 216 2008 991 2491 1716 725 556 803 2056 2225 2303
Route 95 : 1144 2644 1339 619 2839 2119
Route 96 : 822 732 798 2322 1019 830 2232 2330 2298 2519 30 1530 1341 2841
Route 97 : 135 926 1062 2426 1635 1389 402 2889 2562 1416 1902 1320 2916 1419 2919 2820
Route 98 : 109 984 1609 962 503 669 18 2484 2462 2169 2003 1518 327 1827
Route 99 : 484 615 1017 1984 2115 2517 968 821 1095 2468 2595 2321
Route 100 : 1193 1147 2647 1157 2693 1367 2657 2867 1072 98 1598 2572
Route 101 : 1315 112 1145 1612 591 2645 2091 1223 2723 639 879 2139 2815 2379
Route 102 : 667 959 2459 2167 120 1002 1000 2502 1620 723 2500 2223
Route 103 : 1224 2724 1386 1262 2886 240 1206 2762 1740 2706
Route 104 : 274 1774 952 2452 1177 79 2677 1368 2868 811 1579 2311 1490 2990
Route 105 : 598 212 1712 994 2098 577 1471 2077 2494 2971
Route 106 : 1020 761 717 2520 1200 2261 2217 2700 476 129 1976 1629
Route 107 : 480 482 516 1982 636 1980 2136 2016 195 300 223 1723 1800 1695
Route 108 : 488 706 1988 2206 1310 451 721 1951 2810 2221 960 1243 2460 2743
Route 109 : 922 164 1218 2422 2718 1664 1451 2951 1425 1030 2925 2530
Route 110 : 7 1507 128 1628 273 60 1773 1560 1385 358 1858 2885
Route 111 : 1230 1378 2878 2730 1438 2938 1161 1299 2661 463 2799 1963
Route 112 : 97 948 1597 1327 2448 767 2827 261 410 1910 521 2267 1761 2021
Route 113 : 846 1199 2699 105 2346 1605 868 326 1826 1189 2368 1494 2689 1415 2994 2915
Route 114 : 930 2430 1294 2794 350 242 1742 1850 570 2070 450 1142 1950 1167 2667 2642
Route 115 : 1301 31 1531 683 2801 130 1630 1 2183 1501 676 2176 1407 2907
Route 116 : 446 447 1946 864 1947 573 585 2364 2085 2073 700 2200 1138 2638
Route 117 : 1336 983 542 2836 2042 2483 1125 613 2625 386 2113 1886 1228 2728
Route 118 : 25 854 1525 533 2354 1100 2033 624 813 2600 2124 2313
Route 119 : 996 315 2496 374 1815 213 1713 938 1874 2438 1380 820 2880 2320
Route 120 : 393 1457 1893 443 602 2102 2957 1149 1943 517 2017 2649
Route 121 : 168 1075 1668 2575 1080 368 2580 1868 1131 1396 2896 2631
Route 122 : 1372 1054 831 2554 2872 692 1033 2331 2192 2533 426 1926
Route 123 : 1194 944 437 1937 2694 2444 684 900 2184 940 2400 2440 593 2093
Route 124 : 100 916 90 1304 1600 1590 465 2416 2804 527 1965 704 2204 227 2027 1727
Route 125 : 815 2315 766 1091 649 2266 2149 2591 448 1948 36 1536
Route 126 : 116 885 768 2385 2268 1616 635 2135 609 1375 2109 2875
Route 127 : 32 422 1532 1922 1460 316 1816 2960 580 963 2463 817 2080 2317
Route 128 : 537 2037 209 1709 1176 254 1311 2676 1754 2811 1212 2712
Route 129 : 515 224 775 2015 2275 1724 373 1873 245 728 973 1745 2473 2228
Route 130 : 379 417 1917 1879 1152 896 2652 662 163 2162 1379 2396 10 1663 1510 2879
Route 131 : 186 1104 2604 1686 703 225 1725 2203 1213 357 2713 1857 787 2287
Route 132 : 1358 21 1521 290 2858 1790 269 1222 1217 2717 1179 1769 2722 2679
Route 133 : 800 1359 1284 606 2859 2300 2106 1381 2784 2881 646 1171 2146 2671
Route 134 : 510 1409 2010 2909 795 278 1778 2295 564 1347 2064 2847
Route 135 : 228 632 568 2132 1728 2068 1285 1453 2953 1493 2785 2993
Route 136 : 1196 101 2696 57 1601 1557 1160 1252 1146 2752 752 2660 2646 1192 2692 2252
Route 137 : 784 664 2284 1333 2164 534 2833 2034
Route 138 : 995 945 2445 2495 355 1292 1855 897 2792 2397
Route 139 : 987 2487 1114 1090 2614 2590 236 838 1010 2338 1736 2510
Route 140 : 452 1273 2773 1952 457 834 1957 142 325 1642 2334 1825
Route 141 : 63 1563 513 887 2387 819 2319 420 1422 2922 2013 1920
Route 142 : 1031 660 2531 2160 1260 2760 231 1335 4 211 1731 2835 1504 1711
Route 143 : 1441 690 2190 2941 663 106 1606 2163 41 1541 571 176 2071 1676
Route 144 : 205 1705 1234 953 2734 2453 1486 409 2986 890 1484 1909 2984 2390
Route 145 : 1039 199 2539 540 462 1699 2040 1962 125 601 1414 1625 2101 2914
Route 146 : 1015 187 1687 695 693 2515 2195 1156 597 2193 2656 2097 1092 2592
Route 147 : 1244 189 755 1412 2255 1689 2912 986 1362 429 2862 1929 2486 2744
Route 148 : 1076 1009 91 70 2576 2509 1591 1570 1282 2782
Route 149 : 614 39 1539 1013 611 2513 160 2111 2114 1660 727 901 2401 2227
Route 150 : 955 2455 311 1476 974 2976 2474 74 631 1574 2131 1811
Route 151 : 1298 2798 497 1997 751 1261 2251 2761 42 735 1542 2235
Route 152 : 903 259 674 303 2403 1803 2174 525 1759 1240 2025 2740
Route 153 : 617 920 2117 2420 769 826 2326 336 1221 2721 781 1836 2269 2281
Route 154 : 1056 1006 2556 2506 1045 998 2498 1397 2545 346 759 2259 1846 2897
Route 155 : 1178 121 2678 1621 638 49 277 1549 2138 1777 1154 908 2408 2654
Route 156 : 48 59 1548 1444 2944 1559 1124 248 2624 1041 2541 1373 1748 2873
Route 157 : 11 862 655 2155 1511 2362 1485 856 1355 2855 2985 2356
Route 158 : 1241 1352 2852 2741 1005 2505 363 1863 1459 1108 2959 312 2608 1812
Route 159 : 605 1390 1474 2105 2890 2974 989 1122 2489 2622 965 2465
Route 160 : 167 925 1667 84 2425 1584 1153 1402 2653 2902 1334 1120 2620 2834
Route 161 : 547 648 2047 2148 538 698 2038 2198 147 914 1647 2414 697 246 2197 1746
Route 162 : 532 2032 1267 490 2767 1990 198 504 2004 418 1698 895 1918 2395
Route 163 : 875 2375 118 23 1618 744 435 1523 2244 322 1935 1822
Route 164 : 1118 2618 871 553 2053 52 1552 2371 1316 392 1892 2816
Route 165 : 94 654 1446 2154 1594 2946 82 539 1582 2039
Route 166 : 95 1303 1595 2803 1475 1215 378 2975 1878 20 2715 1520
Route 167 : 188 134 396 1688 873 1634 777 2373 2277 578 1103 2078 1896 69 2603 1569
Route 168 : 1257 38 1538 2757 1291 279 2791 1779 140 369 268 1768 1640 1869
Route 169 : 1377 1423 2877 1251 2923 2751 1328 330 2828 1830 531 1191 708 2208 2031 2691
Route 170 : 1323 124 2823 1242 1180 1624 1069 2742 2680 2569 1099 933 2599 2433
Route 171 : 535 951 2451 2035 523 837 526 309 2023 2337 288 1809 2026 1788
Route 172 : 626 843 2343 2126 1068 776 1050 2276 2568 736 2550 2236
Route 173 : 1117 1313 2813 375 2617 1003 1060 2560 1875 68 2503 1568
Route 174 : 149 73 1649 1573 389 1889 710 1004 2210 1430 2930 2504
Route 175 : 1391 1307 2891 673 2173 356 2807 1856 582 842 2342 2082 471 1971
Route 176 : 1429 202 1207 2707 2929 912 1702 861 2361 220 342 1842 1720 2412
Route 177 : 1014 2514 1458 855 2958 657 2355 2157 1024 1324 2824 2524
Route 178 : 50 184 1684 126 1550 1302 1626 1309 2802 550 2809 2050
Route 179 : 1360 1387 992 629 2860 2887 2129 2492 439 256 1756 1939
Route 180 : 705 413 1913 1029 2205 2529 1175 17 802 2675 1517 2302
Route 181 : 295 371 1188 1871 2688 1795 716 258 1758 2216 1290 805 2305 2790
Route 182 : 1439 1411 2911 1116 2616 2939 266 1766 1086 2586 263 1763
Route 183 : 308 1023 1808 2523 257 1757 6 1059 2559 1506
Route 184 : 628 739 2128 2239 382 1065 2565 1882 54 72 1159 1572 2659 1554
Route 185 : 1344 166 2844 24 1666 1524 1395 2895 603 778 749 2103 2249 2278
Route 186 : 1126 2626 1088 255 1755 423 2588 715 1923 2215 1220 691 2191 2720
Route 187 : 788 2288 1491 2991 891 644 2391 249 2144 1749
Route 188 : 1247 770 2747 2270 71 307 1807 1571 334 560 2060 1834
Route 189 : 87 1587 783 711 1186 2211 2283 367 2686 689 1867 2189 1450 2950
Route 190 : 734 886 2386 2234 434 1454 1934 733 2233 2954 1455 2955
Route 191 : 1266 2766 345 1283 2783 1018 2518 1845 529 291 2029 1791
Route 192 : 801 404 2301 158 1250 1658 1042 1904 2542 642 2750 2142
Route 193 : 608 2108 1012 2512 329 1495 161 1829 2995 845 148 2345 1661 1648
Route 194 : 262 1346 1762 2846 753 157 1369 2253 877 2869 1657 779 2377 2279
Route 195 : 427 1197 13 1513 1927 2697 714 461 1172 1961 1239 2214 2672 2739
Route 196 : 78 701 1578 445 1321 2201 1945 9 681 2181 2821 1509
Route 197 : 1096 133 2596 726 1633 127 2226 742 172 1627 137 2242 1672 1637
Route 198 : 1094 2594 1264 1087 241 1741 2764 2587 502 858 2358 1073 2002 2573
Route 199 : 210 406 1906 1388 81 1710 2888 1329 2829 1581 416 1916
Route 200 : 243 296 318 1818 1743 1440 1796 786 2940 331 1831 1232 2286 2732
Route 201 : 1442 2942 647 653 2147 459 2153 1959 1169 394 2669 1894
Route 202 : 511 740 2240 2011 600 1226 2100 2726 616 1431 2931 2116
Route 203 : 567 286 1170 1786 911 102 2067 2411 918 233 1602 2670 2418 1733
Route 204 : 546 2046 1249 294 1418 2749 1794 729 2918 493 2229 1993 472 1972
Route 205 : 478 1978 481 395 1895 108 1981 237 1608 1737
Route 206 : 536 1356 179 2856 1679 1482 2982 906 2406 320 645 665 1820 2165 2145 2036
Route 207 : 773 1338 2838 229 2273 1164 977 2477 1729 2664 982 2482
Route 208 : 824 2324 376 99 1876 1027 1287 2787 1599 2527
Route 209 : 941 661 132 2161 2441 841 1632 853 1132 154 2353 2341 2632 1654
Route 210 : 712 763 2212 2263 193 1693 793 431 469 1931 2293 1969
Route 211 : 1488 400 2988 1900 1405 625 937 2905 981 2437 2125 2481
Route 212 : 117 1617 1022 530 2522 362 2030 1862 785 2285 923 2423 746 2246
Route 213 : 1162 972 2662 889 796 2472 980 2296 2389 28 2480 1121 1528 2621
Route 214 : 1317 1394 2894 1481 2817 2981 718 2218 724 332 1832 2224
Route 215 : 302 1061 1802 2561 340 909 1840 361 1181 2409 2681 1861
Route 216 : 1182 756 1098 2256 2682 2598 244 1141 1744 2641 1049 2549
Route 217 : 201 1701 947 1113 2613 2447 884 2384 685 2185
Route 218 : 335 828 492 2328 1477 1835 1286 1992 2786 2977 1040 2540
Route 219 : 35 1467 1173 1535 2967 2673 957 867 2457 1337 2367 2837
Route 220 : 852 2352 354 882 1854 34 562 2062 1534 2382 464 15 1515 1964
Route 221 : 1253 806 2306 738 2753 942 2238 782 2442 2282 1331 2831
Route 222 : 1343 2843 89 489 1589 1989 1058 1036 2536 2558 398 328 1828 1898
Route 223 : 1074 2574 183 1469 1683 2969 1007 1105 455 2605 2507 675 1955 2175
Route 224 : 230 915 1730 2415 1106 53 707 2606 2207 1553
Route 225 : 1026 43 1543 2526 881 1082 2582 2381
Route 226 : 929 883 2383 1265 2429 575 2765 1314 2814 1174 1077 2075 2577 2674
Route 227 : 77 65 1565 588 1577 441 2088 1941 1135 686 2635 2186
Route 228 : 485 1037 1332 2537 151 1651 2832 360 688 2188 1860 1985
Route 229 : 939 2439 519 1237 2737 2019
Route 230 : 110 501 272 44 1610 1544 141 1772 1470 2001 1641 2970
Route 231 : 1227 293 456 138 1793 2727 66 1566 1229 2729 1956 1638 185 1685
Route 232 : 468 1384 587 1968 2884 2087 1255 2755 337 1837 899 1432 2399 2932
Route 233 : 1238 2738 107 454 353 1607 1954 1853 1128 1487 2628 123 2987 1623
Route 234 : 470 1970 314 3 1814 544 1503 341 2044 967 2467 1841
Route 235 : 40 1219 252 1540 1752 2719 505 301 2005 1801
Route 236 : 14 1032 2532 1514 507 2007 1093 554 122 2593 2054 1622 1437 2937