Instance name:	ber-n2000-6
Authors:		Carlo Sartori and Luciana Buriol
Date:			2019-2-11
Reference:		A matheuristic approach to the PDPTW (to be submitted)
Solution
Route 1 : 2 270 1002 1270 134 193 420 1134 1420 162 1193 83 1162 1083 518 554 1554 1518
Route 2 : 400 299 1299 1400 15 323 1015 110 1323 257 1110 1257 421 1421 603 1603
Route 3 : 219 113 1113 1219 221 1221 531 621 1621 1531 381 73 1381 432 1073 202 1432 94 1094 1202
Route 4 : 464 1464 656 248 1656 1248 140 81 1140 331 1331 1081 39 1039
Route 5 : 58 571 1058 1571 675 301 1675 575 54 1575 1301 280 1054 1280 17 559 1559 1017 292 1292
Route 6 : 380 353 72 1353 1072 170 56 594 1056 1170 1594 679 136 1679 287 1136 1287 1380
Route 7 : 426 560 1426 92 1560 321 1321 1092 626 1626 276 684 164 1276 187 1164 1684 593 1187 1593
Route 8 : 288 206 1288 10 1206 636 124 1010 1124 1636 665 305 1305 1665 685 678 1685 1678
Route 9 : 153 1153 692 243 1243 258 1692 1258 259 314 1259 312 1314 1312 548 521 1521 1548
Route 10 : 649 716 1649 154 1154 1716 471 525 137 1471 1525 1137 458 416 1416 1458
Route 11 : 719 396 1719 1396 249 23 1023 1249 689 395 707 1689 1395 1707
Route 12 : 27 1027 461 208 1461 657 1208 1657 643 242 734 1242 1643 1734 457 1457
Route 13 : 658 285 1285 572 698 1698 1658 163 753 379 1753 1163 523 1523 391 1572 1379 1391
Route 14 : 324 1324 479 250 772 1479 581 1581 1250 1772 493 77 1077 147 748 1147 1493 1748
Route 15 : 629 638 641 1629 1638 1641 769 428 1428 1769 762 693 1762 774 1693 1774
Route 16 : 714 760 1760 1714 553 651 7 1007 794 1651 1553 1794 386 1386
Route 17 : 217 616 1217 1616 371 558 566 1371 1558 1566 796 470 4 1004 1470 530 1796 1530
Route 18 : 95 808 1095 1808 289 703 131 1289 1703 1131 522 708 1708 388 1522 513 1388 1513 84 1084 526 1526
Route 19 : 544 438 1544 231 1438 449 1231 1449 343 97 1343 1097 454 175 816 1454 1175 1816
Route 20 : 442 439 463 1439 1442 818 1463 536 1818 726 1536 761 1726 1761 365 121 1121 1365
Route 21 : 820 637 736 1637 1736 105 1820 357 1357 169 1105 451 1169 1451 671 356 1671 1356
Route 22 : 34 543 1034 1543 739 1739 9 1009 31 827 1031 435 1435 1827 263 1263 514 1514
Route 23 : 171 119 1119 1171 28 1028 747 829 573 1829 1573 1747 811 704 1811 688 1704 1688
Route 24 : 728 200 1728 1200 661 1661 274 1274 705 334 447 1705 1447 1334 840 799 1799 1840
Route 25 : 655 76 845 1076 298 1845 1298 1655 670 148 1670 1148 517 520 1520 1517 789 229 1229 1789
Route 26 : 824 846 1846 443 1824 245 1245 1443 591 804 436 1804 1591 1436 383 281 1383 1281
Route 27 : 848 61 444 1061 1848 1444 330 116 429 1330 1429 1116 815 152 1815 376 1152 1376 492 1492
Route 28 : 40 415 1040 49 1415 849 1849 590 1049 1590 577 401 1577 1401
Route 29 : 850 358 1850 1358 129 475 1129 1475 364 1364 481 191 826 1481 295 1191 1826 1295
Route 30 : 549 830 1549 1830 835 852 625 1852 524 1625 1524 413 1835 220 1220 1413
Route 31 : 604 1604 752 623 1623 1752 35 237 1035 234 370 722 1234 859 1370 1722 1859 1237
Route 32 : 466 557 1466 348 687 1557 1687 1348 473 861 1473 1861 166 644 308 1166 1644 1308
Route 33 : 178 534 1178 1534 498 209 1498 352 847 1209 1352 1847 310 664 1664 1310 595 863 1595 1863
Route 34 : 184 1184 21 709 1021 1709 431 294 842 1294 1431 1842 844 870 1870 807 1844 1807
Route 35 : 869 831 1869 108 1831 872 1108 144 1872 1144 313 1313 52 150 1052 1150
Route 36 : 546 179 1179 1546 874 1874 823 394 1823 1394 836 700 1836 1700
Route 37 : 699 1699 541 16 1541 877 1877 1016 102 1102 286 784 1784 1286
Route 38 : 297 682 1297 857 1682 882 1882 1857 735 819 1819 412 1412 1735 628 532 1628 1532
Route 39 : 48 776 1776 640 1048 1640 800 890 1890 1800 246 228 1246 146 1228 78 1078 731 1146 1731
Route 40 : 434 1434 564 79 1564 159 1079 1159 382 897 1897 1382 306 832 1832 1306
Route 41 : 711 181 1711 725 1725 743 871 1181 1871 1743 385 902 1902 167 1385 173 1167 1173
Route 42 : 497 790 1497 1 1790 1001 326 681 1326 359 1681 903 1359 367 1903 1367
Route 43 : 210 26 1026 1210 787 587 1587 375 1787 1375 905 128 1905 212 1128 139 1212 1139
Route 44 : 906 1906 399 189 1399 126 1126 1189 338 588 583 1588 1338 1583 427 1427
Route 45 : 907 44 22 1044 6 1022 437 1006 1437 1907 894 606 1606 746 1894 1746
Route 46 : 104 609 1609 1104 264 908 828 1264 1908 1828 141 695 584 1141 1584 1695 87 1087
Route 47 : 398 547 1398 20 1547 1020 377 325 1325 1377 686 568 1568 715 1715 1686 913 1913
Route 48 : 255 235 174 1255 1174 509 1235 777 1509 1777 149 914 450 1149 1914 1450
Route 49 : 876 86 1086 1876 205 916 1205 1916 69 814 1069 1814 841 183 1841 1183
Route 50 : 918 729 1918 779 1729 344 1779 740 612 1612 491 1740 366 1491 1366 741 1344 122 1122 1741
Route 51 : 490 508 1490 262 389 1508 920 1389 1262 1920 214 1214 80 1080 203 247 1203 1247
Route 52 : 425 66 1425 1066 851 404 563 1851 1404 318 1563 1318 771 70 1771 921 1921 1070
Route 53 : 893 1893 744 833 1744 510 1833 922 1922 1510 188 778 1188 192 118 1118 1778 1192
Route 54 : 923 770 1923 793 1770 460 1793 1460 484 1484 608 109 672 1608 1672 1109 393 227 1393 1227
Route 55 : 233 485 1233 307 1485 838 1838 107 1307 697 1107 768 1768 738 1697 765 1765 924 1738 222 1924 1222
Route 56 : 785 195 1785 1195 216 37 1037 127 1216 926 1127 1926 211 683 1683 1211
Route 57 : 601 1601 919 293 1919 1293 605 478 1478 1605 82 112 90 1082 1112 1090 928 1928
Route 58 : 62 30 1062 1030 862 1862 502 240 1502 120 1120 1240 929 749 1929 1749
Route 59 : 349 204 1349 1204 452 930 1452 886 1930 620 1886 114 1620 1114
Route 60 : 342 55 1342 545 1055 1545 265 766 931 1766 1931 1265 130 622 1622 1130
Route 61 : 802 106 199 1106 1199 151 1151 932 1802 499 1932 1499 880 93 1880 1093 615 489 1615 1489
Route 62 : 254 552 1552 556 853 1254 456 1556 1456 1853 860 1860 172 618 1618 934 1172 1934
Route 63 : 419 730 1419 1730 327 936 1936 483 1327 1483 47 441 1047 101 1441 1101
Route 64 : 273 267 132 1132 1267 1273 300 579 1579 494 1300 340 1494 1340 889 941 1889 1941
Route 65 : 942 290 1942 3 901 1290 405 1003 67 1901 527 1405 1067 1527 895 225 727 1895 1225 1727
Route 66 : 85 542 745 1085 1542 1745 943 156 1156 1943 50 821 1050 1821 694 1694 607 567 1607 1567
Route 67 : 103 945 1103 275 652 1945 282 1282 1275 1652 854 1854 659 758 1659 1758
Route 68 : 197 1197 795 482 1482 946 1795 487 1946 1487 881 422 1881 1422 8 1008 433 1433 813 1813
Route 69 : 868 117 900 1117 1900 507 948 1507 341 1948 407 1407 1341 339 617 1339 362 1617 1362 133 1868 1133
Route 70 : 764 251 1251 783 1764 696 1783 949 1696 1949 680 1680 667 387 1667 459 1387 196 1459 1196
Route 71 : 474 639 1474 42 1639 1042 223 1223 165 74 1165 674 1074 142 1674 168 1142 1168 950 1950
Route 72 : 891 952 266 1891 38 1038 1266 1952 253 360 1253 346 1360 496 1346 733 1733 1496
Route 73 : 501 465 1501 1465 879 1879 750 180 909 1180 448 1750 41 1909 1041 516 1448 953 1516 1953
Route 74 : 954 5 1954 278 925 1005 1925 1278 123 218 1123 810 1218 198 1810 1198
Route 75 : 887 25 1887 720 1720 1025 691 272 1691 751 1272 955 1751 1955 410 647 1410 1647
Route 76 : 773 519 1773 1519 504 917 940 1917 614 1504 1940 1614 956 88 1088 1956 865 1865
Route 77 : 957 1957 315 1315 611 269 1611 896 1269 1896 260 562 1260 1562 373 1373
Route 78 : 701 958 354 1701 1958 1354 904 96 239 1239 1904 1096 462 822 1462 1822
Route 79 : 788 1788 495 724 1495 1724 959 912 350 1912 1959 480 717 1350 291 1291 1480 1717 867 1867
Route 80 : 369 302 111 1369 1111 488 1302 673 710 1673 960 1710 1488 1960 944 1944 613 754 1613 1754
Route 81 : 938 630 1938 1630 961 397 1961 125 1397 414 1125 825 384 1414 1825 1384 138 1138
Route 82 : 962 185 1962 329 1329 1185 792 775 1775 576 1792 190 1576 1190 505 662 1662 1505
Route 83 : 283 355 1283 215 1355 963 1963 1215 592 506 538 1592 403 1538 1506 706 1706 1403
Route 84 : 261 1261 271 732 1271 1732 937 1937 418 791 964 1791 1418 1964 528 1528
Route 85 : 598 89 875 1598 1089 1875 157 1157 965 884 892 1884 1965 1892 100 145 1100 668 1668 1145
Route 86 : 569 663 1569 803 469 1663 1803 966 1469 648 624 1966 1648 1624 786 1786
Route 87 : 967 29 277 1967 1029 713 1277 782 1713 430 1782 632 1430 406 19 1632 409 1019 1406 1409
Route 88 : 968 540 1540 635 1968 1635 660 596 1660 809 408 1809 1408 1596 805 1805
Route 89 : 177 888 1177 555 1888 970 1555 1970 580 500 1580 837 570 1837 1570 1500
Route 90 : 578 236 1236 363 1578 158 1363 971 368 1368 1158 1971 737 411 1411 24 1737 1024 71 1071
Route 91 : 935 858 1935 1858 372 75 1075 1372 319 974 1319 60 1974 669 1060 597 11 1669 1011 1597
Route 92 : 976 65 1065 1976 361 585 1361 856 68 1585 1856 1068 702 1702 57 1057
Route 93 : 599 1599 36 1036 98 53 1053 1098 423 561 1561 1423 977 1977 512 712 1512 1712
Route 94 : 676 115 1115 1676 390 14 873 1390 1014 978 1873 1978 303 839 1303 1839 46 1046
Route 95 : 979 1979 642 866 1642 1866 939 834 1939 1834 230 911 1230 1911
Route 96 : 224 981 1224 1981 345 757 666 322 1345 1666 1322 1757 650 311 1311 1650 33 1033
Route 97 : 982 1982 446 317 351 1317 477 817 1351 1477 767 328 1767 1446 1817 1328 296 1296
Route 98 : 781 973 1973 983 1781 1983 985 232 99 1985 241 1232 1241 1099 284 855 1855 1284
Route 99 : 723 721 1723 1721 947 763 986 1947 1763 975 59 1986 1059 1975 455 910 1455 933 1910 1933
Route 100 : 13 268 1013 1268 631 756 1631 1756 51 18 511 1051 1018 1511 987 645 586 1586 1987 1645
Route 101 : 988 742 1742 1988 309 43 1309 135 1043 533 1135 238 1533 633 1238 1633
Route 102 : 989 980 646 1646 1980 653 182 969 1182 1653 1969 1989 529 1529 453 347 1347 1453
Route 103 : 677 1677 486 1486 972 91 1091 927 1927 1972 445 990 535 1990 1445 316 1535 256 1316 1256
Route 104 : 32 392 1032 1392 600 574 654 1600 1574 1654 843 797 161 1797 991 1843 1161 1991
Route 105 : 279 1279 472 1472 885 374 1374 1885 992 915 1992 1915 798 1798
Route 106 : 207 619 1207 332 1619 1332 899 304 1304 12 1012 1899 467 440 1467 993 1993 1440 718 1718
Route 107 : 806 589 1806 994 883 1994 602 1589 64 1602 1064 155 1883 610 1155 424 1610 336 1424 1336
Route 108 : 537 551 550 1537 1551 143 1550 1143 503 996 801 1503 1996 898 1801 759 1898 627 1627 780 1759 1780
Route 109 : 333 1333 194 45 1045 984 995 1194 1984 244 1995 1244 515 1515 997 539 1539 417 1997 1417
Route 110 : 998 63 402 1998 1063 1402 213 378 812 1213 1812 1378 335 565 1565 1335 755 1755
Route 111 : 582 337 1337 1582 878 476 634 1878 1634 999 1476 864 1999 690 1864 1690 176 1176
Route 112 : 1000 201 226 2000 1201 1226 468 320 1320 186 1468 951 1186 252 160 1951 1160 1252
