Instance name : ber-n1500-6
Authors       : Dmitriy Demin, Mikhail Diakov (msd@veeroute.com), Ivan Ilin, Nikita Ivanov, Viacheslav Sokolov (vs@veeroute.com) et al. VRt Global (https://veeroute.com/)
Date          : 2023-04-24
Reference     : veeroute.com
Solution
Route 1 : 288 495 1038 731 325 1245 569 1075 1481 1319 296 713 1046 284 1463 1034
Route 2 : 445 541 1195 1291 480 1230 744 568 1494 381 1131 581 1318 92 1331 842
Route 3 : 497 272 72 1247 159 909 282 822 1022 669 671 1032 40 1419 790 1421
Route 4 : 49 71 557 821 1307 222 799 94 972 265 580 844 1330 1015
Route 5 : 111 628 861 51 1378 229 104 854 801 398 979 555 443 1148 1193 1305
Route 6 : 205 306 654 122 872 1056 955 489 105 1404 711 855 1239 1461
Route 7 : 216 120 320 870 728 966 1070 1478 80 655 830 374 1405 1124
Route 8 : 138 466 397 316 1147 888 1216 750 64 1500 814 137 1066 135 885 887
Route 9 : 513 232 147 982 16 1263 766 897 53 23 773 155 803 905
Route 10 : 579 188 720 687 1329 938 1437 240 1470 642 990 392 1142 590 1392 408 1158 1340
Route 11 : 571 743 718 1493 1321 409 79 1159 740 1468 1490 829 280 1030 87 837
Route 12 : 570 437 1320 132 882 494 1187 107 857 476 1244 4 1226 556 754 1306
Route 13 : 5 274 691 755 1441 574 237 1024 696 1446 987 1324 400 182 1150 932
Route 14 : 140 638 1388 890 308 91 1058 341 741 841 66 1091 816 1491
Route 15 : 519 1269 228 332 1082 34 217 978 967 231 784 22 981 531 772 1281
Route 16 : 180 251 1001 560 930 1310 698 359 1109 1448 187 630 1380 937
Route 17 : 564 597 1314 613 1363 504 1347 141 124 1254 396 367 874 1117 1146 891 442 1192
Route 18 : 624 201 1374 622 281 951 1031 1372 700 202 1450 261 498 952 1248 1011
Route 19 : 321 95 347 1097 1071 604 471 93 845 1354 419 1221 843 1169 294 1044
Route 20 : 373 1123 448 551 1301 65 1198 815 389 670 1420 656 1139 1406
Route 21 : 648 1398 86 748 1498 577 1327 78 836 173 828 496 923 1246 375 1125
Route 22 : 629 1379 612 724 535 1362 1474 1285 283 328 279 1029 1033 681 1431 1078
Route 23 : 458 114 864 619 1208 152 1369 88 902 838 636 709 714 1464 1459 1386
Route 24 : 263 1013 218 737 1487 721 968 1471 712 382 1462 112 1132 336 1086 862
Route 25 : 657 391 1407 344 1141 1094 586 434 1336 81 1184 440 831 390 109 1190 859 1140
Route 26 : 256 62 1006 456 812 488 1206 591 726 1238 1341 1476 204 277 954 1027
Route 27 : 414 340 1164 208 505 1090 1255 958 2 195 945 563 752 1313
Route 28 : 539 1289 83 402 474 833 119 1152 125 1224 875 673 869 12 703 762 1423 1453
Route 29 : 326 1076 354 1104 131 528 199 949 521 881 716 1278 1271 1466 594 1344
Route 30 : 533 133 1283 725 883 462 1212 1475 102 56 532 806 1282 852
Route 31 : 507 477 257 1257 593 1227 192 1343 403 942 1007 162 1153 307 912 1057
Route 32 : 438 562 635 1385 1188 1312 616 475 1366 1225 487 43 793 1237
Route 33 : 659 486 592 1342 1409 1236 647 627 1397 459 1209 492 1377 501 1242 1251
Route 34 : 693 194 944 383 1443 233 210 983 960 1133 444 589 174 1339 172 924 922 1194
Route 35 : 558 175 103 1308 578 853 1328 96 723 925 1473 846
Route 36 : 323 449 1199 483 305 1233 1073 401 595 1151 1055 1345 683 85 835 350 1433 198 1100 948
Route 37 : 692 575 1325 207 1442 399 957 185 536 1149 935 1286
Route 38 : 24 708 774 285 677 151 901 1458 1427 1035 500 433 620 1370 1250 1183
Route 39 : 540 214 603 1290 964 631 1381 509 1259 1353 47 331 457 1081 1207 797
Route 40 : 150 28 254 778 1004 299 900 1049 676 626 598 1376 1426 1348
Route 41 : 660 566 163 1316 913 368 177 1410 315 927 1065 1118 524 1274
Route 42 : 48 745 333 798 421 1083 412 312 1495 1171 238 1162 988 1062 511 1261
Route 43 : 680 249 349 999 1099 1430 600 663 196 1413 211 167 1350 946 961 917
Route 44 : 206 224 686 1436 956 478 974 418 1228 230 1168 165 980 639 353 1103 915 1389
Route 45 : 18 246 768 451 423 996 58 1173 1201 13 763 552 1302 808 695 430 1180 1445
Route 46 : 514 637 1387 1264 17 742 767 170 710 1492 1460 920 730 1480
Route 47 : 682 516 1432 550 1266 667 289 450 1300 324 1039 1417 1074 1200
Route 48 : 508 1258 658 6 756 248 144 1408 894 998 650 704 674 1400 1424 1454
Route 49 : 334 273 36 1023 1084 370 1120 614 786 74 189 738 824 1364 939 1488
Route 50 : 473 252 678 1223 1428 739 1002 348 59 1098 1489 643 585 809 1393 1335
Route 51 : 179 338 260 1088 929 301 30 1010 780 1051 9 759
Route 52 : 236 176 986 355 129 1105 611 879 926 1361 181 69 136 886 819 931
Route 53 : 44 77 416 827 794 652 1166 567 1402 1317 190 420 1170 940
Route 54 : 729 733 309 1059 1479 1483 395 186 203 953 548 1145 936 242 992 1298
Route 55 : 339 46 1089 243 796 464 427 993 1177 1214 503 212 1253 962
Route 56 : 267 460 584 1210 441 1017 1334 311 727 1061 1477 699 1191 1449
Route 57 : 168 139 918 388 352 889 1138 161 1102 379 911 454 1129 1204
Route 58 : 706 661 54 1456 479 804 1411 245 694 1229 995 1444
Route 59 : 747 1497 38 264 788 1014 178 644 1394 169 928 435 512 919 1185 1262
Route 60 : 346 116 1096 545 866 530 1295 588 1280 304 1338 662 1054 298 1412 1048
Route 61 : 70 651 470 820 1220 422 1401 688 291 1172 1438 484 1041 253 1234 1003
Route 62 : 431 1181 587 707 259 1337 128 1009 1457 90 878 356 840 1106
Route 63 : 247 378 121 1128 997 871 20 770 690 1440 653 746 1496 1403
Route 64 : 366 522 1116 1272 543 293 1293 1043 100 55 850 689 805 1439
Route 65 : 290 226 976 57 807 35 515 1040 679 1429 596 785 1265 1346
Route 66 : 270 701 1020 386 1451 1136 15 7 757 468 765 32 1218 67 817 782
Route 67 : 467 722 337 1472 101 1217 118 1087 851 322 269 1019 868 1072
Route 68 : 447 360 82 1197 317 1110 1067 832 130 25 239 989 880 775
Route 69 : 634 523 1273 241 1384 991 275 1025 244 160 363 1113 413 994 910 1163
Route 70 : 410 200 542 950 1292 415 1160 234 984 1165 385 63 1135 813
Route 71 : 605 29 31 1355 779 314 781 310 1060 268 1064 364 303 1018 1114 1053
Route 72 : 365 33 1115 783 526 117 1276 156 127 867 329 906 1079 640 877 1390
Route 73 : 405 573 1323 1155 221 343 1093 971 108 42 858 617 792 1367
Route 74 : 89 839 110 860 387 1137 372 52 1122 802 215 608 965 1358
Route 75 : 481 582 1332 404 1231 302 1154 1052 645 358 1108 1395 499 1249
Route 76 : 517 171 921 276 142 892 1267 1026 601 672 318 376 1068 1422 1126 1351
Route 77 : 446 554 1196 106 426 856 1176 1304 278 300 406 1156 1028 1050
Route 78 : 544 335 1294 157 113 907 863 417 1085 576 1167 250 1326 697 1447 1000
Route 79 : 572 529 1279 510 1322 520 97 1270 618 1260 847 559 1368 143 893 1309
Route 80 : 41 362 14 791 1112 719 764 525 1275 1469 469 1219
Route 81 : 27 777 50 297 800 345 1047 632 1382 384 1095 371 380 1121 1130 1134
Route 82 : 351 649 1101 73 1399 357 823 313 1063 537 1287 1107 527 553 126 876 1303 1277
Route 83 : 736 506 453 1486 8 1203 295 1256 758 493 702 1243 490 255 1005 1452 1240 1045
Route 84 : 602 599 45 795 1352 11 761 287 1349 463 1213 607 546 1037 1296 1357
Route 85 : 3 262 717 1467 1012 753 734 266 1016 1484
Route 86 : 342 394 1092 164 1144 292 223 1042 914 973 407 327 1077 1157
Route 87 : 432 10 1182 610 760 115 633 865 1383 411 1360 668 732 1418 1161 1482
Route 88 : 146 452 1202 227 977 896 60 98 810 848 219 439 609 1189 969 1359
Route 89 : 37 491 787 561 1241 538 330 436 1080 1311 1186 1288
Route 90 : 625 749 485 1375 158 21 1235 39 1499 908 425 771 789 19 665 769 1175 1415
Route 91 : 197 947 684 472 428 1178 1222 184 1434 934 26 776 75 225 975 465 825 1215
Route 92 : 393 429 705 1143 1455 1179 319 134 1069 502 884 145 1252 895
Route 93 : 549 235 985 641 1299 685 664 166 1435 916 1414 1391 153 565 1315 209 903 959
Route 94 : 615 213 1365 963 534 123 873 646 1284 518 1268 1396
Route 95 : 183 482 933 1232 68 606 818 424 1356 148 898 1 675 1174 751 1425
Route 96 : 583 99 1333 849 623 61 715 811 258 1373 1465 1008 76 826
Route 97 : 547 621 1371 191 361 1297 941 666 1111 149 1416 84 834 899 193 735 1485 943
Route 98 : 369 220 1119 286 461 1036 455 970 154 1211 1205 377 904 271 1021 1127