Instance name:    ber-n4000-7
Authors:          Dmitriy Churilov (churilov@advantum.pro), Alexander Galko. Advantum Routing System (advantum.ru/route)
Date:             2025-04-02
Reference:        Advantum Routing System, advantum.ru/route
Solution
Route 1 : 1233 1917 3917 737 118 984 3233 2984 2118 1060 1995 1384 510 2737 1281 2510 3060 1810 3384 3281 3995 3810 1622 3622
Route 2 : 1504 1181 3181 3504 913 2913 1335 372 2372 3335 629 260 2629 1341 2260 733 3341 1978 3978 2733 77 2077
Route 3 : 1226 1445 444 3226 1426 3445 2444 3426 1331 1925 702 3331 1659 3925 1049 222 2702 607 2222 3049 3659 2607 972 514 2514 2972
Route 4 : 519 1520 2519 817 3520 248 1787 2248 2817 1626 1051 706 3787 3051 2706 1729 512 3729 3626 1430 971 2512 3430 2971
Route 5 : 802 996 456 1532 3532 2996 2802 828 2456 818 2818 371 2828 447 2371 1617 2447 3617 715 1704 3704 2715
Route 6 : 1107 1598 1275 3107 1070 1329 3329 3070 110 3275 1843 3598 2110 115 1310 1906 3310 2115 3843 1392 3906 230 3392 1147 2230 1278 1908 3278 3147 3908
Route 7 : 1135 1834 1813 1963 3834 3813 1401 3401 3963 1681 1444 3135 241 3681 2241 1867 954 3867 1163 3444 1109 2954 438 3109 3163 2438
Route 8 : 1037 506 1411 3037 3411 420 2506 1088 2420 1032 387 3088 1687 3687 1944 2387 3032 3944 752 2752 304 2304 1543 333 3543 2333
Route 9 : 1073 1613 3613 382 969 3073 2969 1487 2382 3487 844 276 1988 2844 1913 2276 210 2210 3988 3913 1545 1559 3545 1507 3559 3507
Route 10 : 1340 1353 1308 3353 3340 1997 3308 1932 1628 3932 1355 1206 3206 3997 3628 1298 3298 1570 739 3355 2739 1526 3570 185 3526 2185
Route 11 : 1935 443 1435 1741 3935 1265 3741 903 3435 2903 1967 3265 2443 1983 142 2142 3983 944 1918 800 3967 159 2159 2800 3918 2944 1872 3872
Route 12 : 8 1759 1620 3620 3759 59 394 2008 758 2758 2059 1672 952 1467 3467 2952 1397 2394 958 3397 64 899 2958 3672 413 2064 2899 2413
Route 13 : 1752 269 888 3752 485 2269 1378 2888 1707 2485 3378 3707 404 1866 1136 2404 3136 3866 1519 1003 3519 1589 3003 1641 3589 3641
Route 14 : 380 313 2380 1946 2313 1402 522 3946 12 2522 2012 1015 3402 1812 3015 3812 473 1697 2473 261 3697 526 2261 2526
Route 15 : 1829 46 3829 29 2029 2046 1899 168 2168 600 1826 2600 3899 1077 3826 407 1961 148 3077 1915 3961 2407 3915 2148
Route 16 : 1537 117 3537 1903 2117 218 1229 1373 3229 3373 3903 290 2218 819 1574 2819 2290 655 750 2655 1120 3574 3120 2750
Route 17 : 1018 787 3018 661 2787 1385 2661 3385 970 2970 1128 1802 3128 1337 3802 3337 546 1848 987 2987 1469 3848 2546 3469 1139 3139
Route 18 : 617 132 2132 578 2617 471 2578 719 2471 559 2559 1313 1234 2719 900 2900 3234 3313 1498 1451 1534 3451 3534 3498
Route 19 : 1105 1408 1885 3885 209 3105 3408 854 2854 101 2209 1970 2101 350 1339 3339 2350 1369 3970 580 3369 1533 3533 2580 555 1489 3489 2555
Route 20 : 1299 556 930 1268 3299 1754 44 1907 2556 2930 1269 3907 3269 3268 3754 668 2044 1657 835 2835 3657 72 2668 1216 3216 479 1125 2072 2479 3125
Route 21 : 156 1041 2156 882 96 728 3041 2882 2728 270 2096 82 2082 204 2270 472 576 2204 1318 3318 2472 238 2576 1194 2238 3194
Route 22 : 1953 1525 3953 3525 1541 353 2353 1406 478 716 3541 22 2478 3406 2022 2716 126 1887 3887 2126 1869 1987 3987 494 2494 3869
Route 23 : 873 995 367 948 2873 2367 346 1410 2995 3410 1083 3083 711 2346 2948 1302 2711 1094 3302 1455 3455 3094
Route 24 : 1840 1050 1394 3840 375 1230 2375 3230 3050 3394 1760 131 1239 3760 2131 3239 989 670 1351 2989 3351 2670 1021 1549 1412 3021 3549 3412
Route 25 : 718 94 726 1222 2094 1948 2726 3222 2718 1058 1043 3043 3948 1701 646 3058 1113 2646 3701 652 1579 1348 2652 763 3348 3113 3579 1627 886 2886 3627 2763
Route 26 : 1082 937 1374 288 1976 3082 3374 2288 3976 3 2937 1224 695 3224 2003 355 2695 1891 3891 626 2355 1608 1400 2626 1771 3400 1106 3608 3771 3106
Route 27 : 1371 1712 3371 849 1300 2849 3300 3712 55 1161 266 2266 83 2055 414 3161 1140 2083 2414 1728 3140 271 3728 2271
Route 28 : 676 1610 429 2676 2429 3610 57 619 1270 1666 3270 317 2057 2619 1100 1336 3666 3336 2317 1053 3100 1067 1311 3053 1459 3067 3311 3459
Route 29 : 455 1446 3446 2455 1614 1546 1994 3614 1710 3546 3994 599 3710 683 1954 3954 2599 2683 1273 3273 1977 3977 1238 1324 3324 3238 756 2756
Route 30 : 41 666 2041 748 2666 926 2748 184 2926 1518 1038 3518 3038 1428 2184 3428 1854 1955 662 3854 2662 1 3955 2001 1733 845 2845 3733
Route 31 : 193 1434 1542 3542 237 2193 1347 2237 1786 1595 3434 524 3595 119 3786 2524 3347 1315 2119 1547 3315 771 2771 104 3547 2104 938 165 2165 2938
Route 32 : 199 2199 51 664 2051 1715 3715 2664 282 1259 2282 3259 1740 1808 820 2820 659 1195 286 3195 3740 2286 2659 3808 1014 197 2197 3014
Route 33 : 1148 314 3148 1806 3806 2314 319 784 2319 673 2784 1023 2673 339 1323 2339 3023 3323 280 806 572 2572 2280 138 2806 1564 2138 3564
Route 34 : 1225 1838 3225 1293 3293 1705 3838 3705 1958 892 53 3958 2053 2892 1599 1492 3492 2000 3599 305 2305 1290 1405 4000 690 3405 701 2701 2690 3290
Route 35 : 207 2207 1964 3964 508 1719 3719 463 2508 227 1382 2463 1177 1122 3382 1698 3122 43 3177 1016 532 2532 2043 764 2227 2764 1969 3016 3698 3969
Route 36 : 723 1668 1851 2723 3851 3668 1979 1825 724 3825 112 1143 3143 3979 2724 1111 1133 2112 623 1064 3133 3111 1883 2623 3064 3883
Route 37 : 1085 265 1155 3155 714 1590 2265 3085 422 2714 3590 653 2422 759 2759 2653 30 329 2030 70 2329 2070 1801 1104 3801 3104
Route 38 : 1343 58 3343 1669 2058 921 675 2675 3669 1831 2921 612 2612 50 1215 2050 703 3831 56 2703 1623 3623 1251 3215 418 2418 2056 3251
Route 39 : 439 792 1857 3857 1431 2439 3431 2792 1822 1516 3516 1580 1325 3580 3822 822 1758 3758 2822 3325 256 1330 2256 1632 3330 3632
Route 40 : 1852 1919 3852 3919 790 2790 1090 1968 769 3090 876 3968 1441 2876 2769 1477 3441 1420 3477 3420 164 90 2164 2090 855 2855
Route 41 : 109 778 244 874 2778 1895 1079 2109 831 1725 2244 2831 2874 3895 3079 468 3725 1706 1449 3449 3706 1474 2468 3474 1326 3326
Route 42 : 950 498 2498 1000 1902 3000 2950 3902 1890 1494 18 2018 730 3890 2730 3494 1649 507 2507 3649 751 415 2415 1349 2751 3349
Route 43 : 1509 173 678 2173 3509 1295 219 2678 1243 2219 3243 1634 3295 1708 3708 127 3634 1178 3178 2127 870 496 2870 495 2496 2495
Route 44 : 589 239 2589 2239 326 2326 1910 605 125 904 2605 881 2881 3910 1980 2125 1817 1949 3949 3817 2904 398 3980 682 2398 2682
Route 45 : 1855 1934 3855 1880 3880 240 3934 1496 620 2240 1664 341 2620 3496 179 2179 2341 1904 3664 658 3904 2658 1450 523 677 2523 2677 3450
Route 46 : 139 1989 2139 3989 795 1635 289 2795 1191 3635 2289 279 3191 991 1682 2991 3682 650 2279 838 2650 2838 431 917 2917 2431
Route 47 : 1138 150 3138 342 2150 1571 832 3571 1102 3102 754 2832 2342 1611 3611 303 1836 3836 2303 2754 1202 1048 3202 3048
Route 48 : 146 674 459 2674 2146 744 457 2459 7 1587 2744 1350 3350 2007 1144 2457 3587 1152 166 1652 3652 3144 2166 1423 3152 106 3423 2106
Route 49 : 1568 1550 3568 1387 3387 3550 922 441 2922 2441 885 945 1912 2885 3912 1156 1115 2945 1767 3767 3115 1604 3156 3604
Route 50 : 1500 3500 206 1356 186 853 2206 2186 2853 3356 606 1901 552 2606 2552 3901 1263 1118 3263 1436 3118 1443 3436 3443 1863 480 3863 2480
Route 51 : 1253 1501 562 3501 896 3253 2562 2896 25 65 872 2872 2025 890 1424 511 490 2511 2065 2490 588 3424 2890 493 2493 2588 1521 3521
Route 52 : 225 2225 1473 1186 3473 587 3186 910 2587 573 2573 859 2910 1959 2859 263 3959 1287 2263 419 1042 2419 3042 1965 3287 3965
Route 53 : 176 180 693 2693 2176 482 2180 1658 272 2482 1739 3739 825 274 3658 2825 2274 1563 2272 1996 3996 1870 3563 1807 3807 3870
Route 54 : 1112 461 2461 3112 732 381 2732 2381 841 1362 377 174 2174 3362 2377 1894 1633 2841 539 2539 3633 79 2079 3894
Route 55 : 151 1366 1464 2151 3464 1842 3366 1607 3607 1555 3842 3555 5 891 1034 2891 2005 3034 1992 448 2448 31 3992 1624 2031 3624
Route 56 : 641 1227 1837 3227 15 3837 2015 1306 788 3306 1142 2641 3142 2788 1630 1221 3221 1006 3630 3006 1584 1461 550 3584 2550 3461
Route 57 : 1862 847 2847 1594 3862 1726 100 2100 1691 998 3691 3594 91 474 2998 1027 3726 2474 202 3027 2091 215 1439 2202 3439 2215 1833 499 3833 2499
Route 58 : 1514 1080 799 3080 3514 2799 850 713 2850 2713 232 505 2232 2505 1770 366 2366 1721 175 2175 234 2234 1859 3770 3859 968 3721 2968
Route 59 : 869 811 2869 949 2811 1338 2949 3338 851 1938 977 2851 3938 981 405 2977 2981 608 2608 306 2405 717 2306 2717
Route 60 : 1228 533 1332 3228 1173 908 3332 3173 2908 941 2533 1567 16 2941 2016 1415 520 3567 2520 1821 1470 3415 3821 1818 3470 1847 465 3847 1782 3818 2465 3782
Route 61 : 153 298 1407 581 2153 3407 1645 999 2581 2298 3645 2999 861 9 2861 2009 1131 1677 3131 1380 3677 412 2412 152 3380 1966 2152 3966
Route 62 : 1312 323 3312 2323 24 433 2433 1927 2024 460 1823 3927 3823 934 1629 2460 1916 2934 437 3629 720 2720 1993 3916 80 3993 2437 1730 2080 1321 3730 3321
Route 63 : 1643 1442 3643 330 3442 1200 1529 3200 1256 1524 3529 2330 1814 39 3256 1316 864 1775 3316 1376 2864 3524 3376 3814 2039 3775
Route 64 : 267 1576 936 2267 700 1009 3576 2700 129 2936 3009 309 1943 2309 1523 2129 1892 1491 395 3523 1603 3491 3943 3892 2395 3603
Route 65 : 49 986 484 685 2484 2049 379 2986 264 2379 951 1844 2685 2264 1769 1933 3933 2951 344 3844 3769 2 757 2344 976 2002 2757 2976
Route 66 : 1796 201 2201 149 3796 1199 1264 2149 3199 436 878 2436 1035 2878 3264 1692 1640 3692 1028 3640 3035 3028
Route 67 : 158 689 1214 516 2158 3214 177 2689 731 2731 2177 2516 301 337 2301 755 946 2755 618 2946 1417 2618 2337 957 2957 3417
Route 68 : 1162 1249 3162 1748 1499 1531 3748 3499 3531 1254 3254 1583 3249 601 1696 2601 1663 1057 3663 3583 3696 3057 1554 1939 3939 1390 3390 3554
Route 69 : 743 451 2743 403 331 2403 161 2451 481 2331 2161 932 2481 783 374 2932 430 2783 427 1727 2374 1375 2427 2430 988 3727 3375 1262 3262 2988
Route 70 : 316 594 2594 1367 681 497 2681 688 1536 3536 3367 1982 2316 2497 2688 3982 1081 1432 95 3432 470 3081 2470 2095
Route 71 : 836 1858 2836 1361 1538 3361 1045 3858 3538 3045 1742 1804 3742 3804 857 846 2857 1093 446 3093 255 2255 2446 1779 2846 772 1346 3779 2772 3346
Route 72 : 410 1878 654 3878 898 2654 985 1282 2410 2985 2898 3282 347 1830 1495 3830 3495 376 1026 2347 2376 1101 856 2856 3101 3026
Route 73 : 868 2868 1860 93 3860 786 616 2093 1792 2786 2616 464 2464 738 491 145 2738 3792 2145 2491 402 171 2171 38 1757 3757 2402 557 2038 2557
Route 74 : 1160 669 1165 3165 1517 877 2669 3517 2877 3160 1123 1689 1219 3123 815 2815 518 3689 762 1363 2762 3219 2518 1204 3363 502 3204 709 2502 397 318 2318 2709 2397
Route 75 : 928 242 2928 466 2242 1665 2466 3665 1188 1662 3188 1951 3662 373 2373 3951 1873 940 2940 103 1539 3873 2103 3539
Route 76 : 657 1056 2657 36 1985 4 2036 3985 3056 278 2278 684 2004 1703 226 2684 3703 287 2226 1452 1929 3929 2287 3452
Route 77 : 1040 1651 3651 321 3040 1468 2321 1789 603 3468 252 2603 3789 1192 1242 3192 727 48 67 2048 2252 2067 3242 1013 406 2727 500 3013 2406 2500
Route 78 : 1020 1458 3458 3020 1488 1208 3208 54 939 2939 1203 3488 2054 3203 813 569 2813 2569 352 384 1345 2384 3345 2352
Route 79 : 1868 3868 21 2021 78 2078 651 75 2651 1785 2075 978 537 3785 1889 3889 1942 2978 61 2061 3942 2537 827 671 1578 2671 2827 3578
Route 80 : 169 1205 1012 212 2212 2169 1151 3012 3151 3205 1898 1911 1960 545 3898 3911 698 2698 1952 1277 3952 2545 630 2630 3277 770 3960 163 595 2163 2770 2595
Route 81 : 1600 3600 1463 1990 3463 1062 747 3990 3062 1291 2747 3291 293 1237 1794 1029 3794 3029 3237 1169 2293 1876 1586 3586 3169 3876 708 2708
Route 82 : 794 1124 2794 1246 187 3124 1344 3246 912 3344 2187 1279 3279 2912 583 1127 1679 1636 2583 3636 1805 3679 3127 229 17 348 3805 2017 2229 2348
Route 83 : 1285 1799 1309 1924 3309 3285 1688 3924 962 3799 335 3688 918 2335 1145 2962 2918 1182 3182 3145 824 598 1800 1717 2824 3800 2598 3717
Route 84 : 947 591 421 2591 99 2947 862 2421 297 632 2297 2862 2099 1236 2632 3236 979 1999 1605 3999 424 2979 1179 3605 2424 1879 3179 3879
Route 85 : 383 1334 2383 258 807 300 2258 2300 310 2807 3334 1582 585 2310 3582 426 2585 2426 839 816 2816 2839 1819 1190 3190 3819 408 2408
Route 86 : 549 1454 1940 3454 1030 3940 3030 883 2549 960 2960 1180 102 2883 1271 3180 3271 1581 2102 1699 3581 865 488 3699 1447 1746 2488 3746 2865 3447
Route 87 : 1207 1052 1091 687 3207 1522 3091 1616 3052 285 3522 833 393 2833 2393 3616 2285 224 105 2687 1019 3019 2105 2224 1950 1421 3950 1569 3421 3569
Route 88 : 667 221 597 2667 2597 2221 729 1475 3475 2729 1877 249 34 3877 1744 564 1670 2034 2249 136 3670 3744 2564 2136 1900 3900
Route 89 : 1158 551 2551 1061 3158 3061 1755 696 345 2345 808 2696 1506 3755 1738 1619 3738 3506 2808 3619 268 1773 2268 1482 3773 920 3482 2920
Route 90 : 637 1841 3841 2637 20 1289 3289 631 2020 1711 602 2602 458 2631 621 2458 71 2621 2071 3711 1839 1078 1414 3414 1527 3839 3078 1314 579 3314 3527 2579
Route 91 : 1684 801 3684 1047 2801 1737 3737 1359 3047 1695 1383 3359 1615 3383 1320 3320 1956 3615 1734 3695 3734 1183 3956 3183
Route 92 : 181 692 2181 332 10 385 2332 2692 1621 2010 1562 216 3562 3621 2216 2385 1896 1975 386 3896 1596 2386 3975 32 2032 3596 1811 761 2761 3811
Route 93 : 907 858 428 2428 2907 1201 1319 130 2858 2130 3201 52 741 2052 1095 3319 2741 1832 1673 3095 1593 3832 1490 3673 3490 3593
Route 94 : 137 645 2645 1164 475 2475 3164 2137 208 1528 2208 1505 3528 217 2217 351 2351 1986 3505 66 2066 3986
Route 95 : 1409 416 1453 3409 476 2416 1788 3788 1561 3561 3453 973 2476 1909 2973 1886 3886 315 1713 1763 3763 3909 3713 2315 253 1776 2253 3776
Route 96 : 35 1184 1358 3358 2035 517 3184 73 1274 2517 707 3274 622 2073 1556 2622 108 548 3556 2707 1661 2108 3661 2548 1646 3646
Route 97 : 574 563 611 2611 200 2574 2563 2200 69 183 543 2069 2543 1778 135 2183 2135 919 1418 3418 3778 1720 2919 1575 3720 3575
Route 98 : 1483 3483 768 964 81 2964 160 1244 2768 2160 1103 780 3244 2081 933 363 3103 2363 2933 1427 2780 400 2400 879 1824 3824 3427 2879
Route 99 : 528 417 489 2528 643 2417 2643 1137 370 2489 3137 328 236 1544 2328 467 2236 1638 3638 2370 1110 596 3544 793 2596 2467 3110 1642 2793 3642
Route 100 : 982 2982 777 1493 3493 749 2777 826 2749 445 392 2826 2392 2445 965 33 521 2521 214 2033 902 1930 2965 746 3930 2746 2214 2902
Route 101 : 1637 710 3637 1267 1753 3753 487 1069 3267 2710 2487 425 1572 283 837 2283 2837 2425 3572 3069 1132 1644 884 3132 3644 1087 2884 3087
Route 102 : 1503 1419 1438 3503 3438 1108 1502 3419 1154 3108 3154 604 3502 935 2604 1735 3735 1612 2935 1882 3882 1768 1044 3612 3044 3768 725 2725
Route 103 : 797 2797 582 338 1731 1305 2582 3731 37 834 1803 3305 2037 2834 3803 1667 2338 1007 3007 590 2590 867 3667 1389 361 3389 2867 2361
Route 104 : 1945 789 3945 1304 63 3304 2063 2789 302 114 915 2114 254 2302 2915 2254 1653 1718 13 3653 1723 504 663 2504 2663 1071 2013 3718 3071 3723
Route 105 : 1168 640 1377 1654 3377 435 3168 1413 3654 3413 2435 830 544 923 2640 2830 2923 503 1422 2544 89 2089 2503 3422
Route 106 : 141 529 2529 2141 1368 1116 3116 694 3368 2694 1010 1560 1465 1357 3357 782 1625 3560 3010 905 3465 3625 2782 848 1606 2905 2848 3606
Route 107 : 1835 1153 369 1212 3153 610 3835 3212 1784 842 2369 2610 3784 2842 821 1914 3914 2821 192 233 1258 3258 2233 2192 1535 1159 3535 3159
Route 108 : 273 203 2203 648 2273 2648 863 1881 2863 3881 961 634 2634 1457 2961 98 3457 558 2098 1864 60 2060 2558 1360 3864 3360 791 2791
Route 109 : 1255 1530 3255 3530 1292 575 3292 810 2810 704 2704 11 2575 975 2011 593 308 2593 411 2975 2308 535 2411 449 2535 2449
Route 110 : 1973 586 2586 1022 3973 804 3022 1998 2804 3998 1797 974 277 2974 3797 635 2277 994 2994 2635 1280 1364 3364 966 2966 1716 3280 515 3716 2515
Route 111 : 823 2823 423 1647 697 3647 2697 1099 1816 453 2423 275 776 2275 3816 2776 172 86 2453 3099 364 1609 2086 2364 3609 1089 2172 251 3089 779 2779 2251
Route 112 : 767 1272 2767 531 3272 1235 3235 143 1005 2531 396 3005 2396 1540 1171 3540 660 2143 1648 1756 2660 121 3171 3756 409 144 3648 2121 2409 2144
Route 113 : 1875 1762 1286 3286 3875 736 2736 1076 1702 3076 28 3702 649 2028 2649 1008 1714 3762 157 299 3008 3714 1984 1261 2299 3984 3261 745 2157 2745
Route 114 : 967 155 2967 2155 354 1472 246 1709 2246 2354 3472 434 1601 3709 1676 2434 1815 1065 3065 3815 1512 3601 773 3676 294 2294 2773 3512
Route 115 : 1333 1296 712 897 3333 2897 1850 2712 3296 538 3850 42 2538 2042 916 167 2916 349 1223 2167 1845 2349 3223 3845 875 2875
Route 116 : 1002 956 3002 1217 1119 2956 3217 154 3119 1920 3920 2154 1288 1074 1732 3732 320 3288 1897 1871 2320 1790 257 3074 3897 3790 3871 2257
Route 117 : 1146 213 1660 2213 3146 642 3660 895 2642 390 2895 2390 1086 1036 3036 1592 3086 3592 639 571 840 2571 2840 2639
Route 118 : 1655 889 554 2889 2554 47 3655 336 1853 2336 2047 814 540 3853 483 1747 829 2814 2540 925 3747 2829 2925 860 1827 2483 3827 2860
Route 119 : 359 2359 1440 699 3440 1196 2699 3196 1448 1861 1480 3448 774 3861 638 3480 2638 2774 195 1566 3566 2195 536 1245 2536 560 3245 2560
Route 120 : 14 566 1063 2014 322 3063 2322 1092 1399 3092 2566 1874 3399 469 1126 2469 3126 3874 223 1809 3809 1962 2223 3962 1187 1694 3187 365 2365 3694
Route 121 : 1937 803 259 2803 760 2760 343 3937 1322 2259 281 2281 1172 3322 924 2343 1674 2924 3172 1425 3425 19 3674 2019 1764 1114 450 2450 3114 3764
Route 122 : 1573 97 570 1220 1174 3220 2570 1777 3573 243 2097 3777 983 592 3174 2983 76 2243 2076 2592 1252 644 3252 1761 2644 1197 3761 1865 3865 3197
Route 123 : 107 388 2107 401 2401 2388 568 1780 2568 45 2045 3780 1149 1266 843 3149 1931 1297 3931 3266 1283 1437 3297 577 3437 3283 2843 1303 2577 123 2123 3303
Route 124 : 292 68 2068 1508 2292 1751 3508 1240 3751 3240 1456 1557 3557 3456 1327 1024 1393 3327 1301 3301 3024 3393 362 2362
Route 125 : 1001 1379 3001 3379 1141 805 3141 1690 1429 2805 3690 178 1926 3926 1471 3429 1639 3471 3639 1685 2178 1257 953 3685 1588 3588 3257 2953
Route 126 : 909 486 2909 452 113 2113 291 2452 2486 1381 2291 454 1749 2454 3381 442 1134 3134 3749 1781 1884 2442 992 87 3781 911 1972 2992 2087 2911 3884 3972
Route 127 : 231 2231 1856 1193 3856 1209 211 3193 3209 565 2211 1398 2565 1176 3398 866 1922 3176 2866 894 1004 3922 614 2894 3004 2614
Route 128 : 128 133 742 191 2128 2133 1167 3167 2191 501 2742 391 2501 2391 721 633 2721 609 2609 188 2633 2188 1328 1923 3328 1484 3923 3484
Route 129 : 27 1294 775 2027 3294 2775 1403 1011 312 3011 3403 1656 2312 1745 3656 147 3745 296 2147 92 2296 705 2092 84 1602 2084 3602 2705
Route 130 : 1097 1849 1185 1170 3170 781 3097 1031 3849 2781 162 3185 1211 3211 798 3031 2162 1766 324 2798 3766 2324 680 1591 3591 927 1558 2680 2927 3558
Route 131 : 561 1750 1210 3750 247 2561 753 1683 3683 2247 134 1772 2753 3772 3210 2134 1947 852 2852 3947 1478 1175 1166 3166 3478 3175 1686 116 2116 3686
Route 132 : 1671 1059 3059 722 1791 3671 1736 2722 182 2182 3791 993 3736 1433 1486 2993 3486 262 2262 3433 1888 1476 3476 1025 3888 1372 3025 3372
Route 133 : 1388 1680 3388 284 1650 3680 3650 656 1232 541 2656 990 3232 2284 1072 2990 527 3072 2541 2527 170 567 2170 2567
Route 134 : 360 1513 2360 3513 1307 1675 525 3675 3307 1098 1466 3098 2525 196 3466 389 959 2196 2389 356 189 2356 2959 931 2189 2931 1510 3510
Route 135 : 1121 327 3121 122 1396 1577 2327 1553 3396 1479 2122 3479 357 205 325 3577 2357 2205 3553 1565 1511 686 796 2325 3511 3565 812 2796 111 1846 2812 3846 2686 2111
Route 136 : 1066 547 1618 295 3618 3066 2547 2295 1075 530 665 3075 901 1678 2530 1957 2901 2665 955 3678 3957 2955 1416 6 378 3416 2378 2006
Route 137 : 74 1551 1317 3551 62 3317 1828 311 2062 2311 584 3828 1485 2074 2584 1795 1247 3485 1189 3795 3189 766 3247 85 2766 1386 2085 3386
Route 138 : 997 691 2997 334 2691 2334 809 1743 1150 3150 1055 3055 3743 2809 1462 1129 3462 628 3129 2628 140 1597 1054 3597 3054 880 1276 3276 1198 2140 3198 2880
Route 139 : 1765 893 3765 627 1552 2627 2893 942 3552 1039 3039 1798 2942 23 3798 1213 1017 2023 3017 235 3213 2235
Route 140 : 190 1774 3774 943 2190 2943 358 462 2358 647 1991 2462 492 2647 3991 2492 1046 1231 929 1974 3974 3231 2929 3046
Route 141 : 1284 124 1971 250 1395 2250 513 307 3284 3395 2124 2513 40 1585 2307 785 3971 2785 1033 3585 2040 1724 3033 1820 3724 1365 3820 3365
Route 142 : 1250 679 1548 3548 1631 3250 1157 3157 2679 1981 120 3981 1693 3693 2120 88 2088 3631 1370 980 734 2734 3370 399 2980 2399
Route 143 : 1354 914 542 2914 2542 477 624 2477 1352 3354 2624 1941 340 2340 3941 1722 1783 3722 3352 1084 3783 613 3084 1700 1248 2613 194 3700 3248 2194
Route 144 : 1130 1241 1936 220 3936 3130 887 3241 2220 1460 509 2887 1497 636 3497 3460 2509 2636 228 1928 740 245 2245 2228 3928 2740
Route 145 : 672 198 1921 2672 871 2871 2198 765 1068 3068 3921 2765 26 553 2026 625 2625 735 1893 2553 3893 432 1218 2432 3218 2735
Route 146 : 1096 963 3096 1117 1905 440 2440 3905 1260 3260 3117 1391 1404 1793 3404 1515 3391 3515 3793 2963 1481 615 534 368 2615 3481 1342 3342 2368 2534 906 2906
