Instance name:    ber-n600-2
Authors:          Dmitriy Churilov (churilov@advantum.pro), Alexander Galko. Advantum Routing System (advantum.ru/route)
Date:             2025-04-02
Reference:        Advantum Routing System, advantum.ru/route
Solution
Route 1 : 157 77 137 437 377 205 457 235 146 505 535 202 446 502 221 241 541 521
Route 2 : 92 226 147 392 197 447 526 497 201 269 501 18 89 569 102 402 389 318
Route 3 : 289 228 86 386 528 287 589 257 587 557 73 276 373 52 576 100 288 588 352 400
Route 4 : 128 107 407 300 428 132 432 600 210 49 510 113 349 29 329 175 475 284 413 584
Route 5 : 274 271 574 76 571 258 376 558 70 40 370 204 46 504 340 65 346 365
Route 6 : 14 227 314 116 527 183 416 187 487 168 93 483 468 249 393 549
Route 7 : 239 67 539 245 367 111 411 545
Route 8 : 82 97 382 189 148 6 397 489 243 151 448 306 451 184 215 543 484 85 515 385 69 369
Route 9 : 209 131 509 47 347 285 585 299 431 599 219 519 162 462 50 203 350 503
Route 10 : 20 320 37 270 104 337 404 570 169 135 123 423 469 71 435 48 371 141 441 108 348 408
Route 11 : 160 24 460 88 122 388 324 422 54 354 62 130 430 362 216 34 334 516 263 563
Route 12 : 232 120 532 172 420 182 472 185 482 142 442 485 79 277 196 496 110 577 379 410
Route 13 : 165 59 173 473 465 191 359 152 491 229 452 4 529 304 13 94 313 394 103 225 525 403
Route 14 : 133 25 433 167 325 246 467 262 114 17 317 562 272 414 572 265 546 256 565 295 595 556
Route 15 : 212 195 495 200 512 500 15 164 315 115 464 415 127 297 427 597 64 56 364 356 143 443
Route 16 : 268 255 60 360 568 176 555 8 308 138 476 193 22 438 322 493
Route 17 : 166 233 466 264 234 534 564 533 2 16 293 302 316 105 593 26 405 326 213 513
Route 18 : 87 282 582 11 387 207 218 311 33 518 333 156 171 456 206 471 124 506 163 463 424 507
Route 19 : 51 136 242 436 542 351 91 174 391 474 259 155 208 455 559 508
Route 20 : 23 253 223 553 161 461 323 523 275 244 57 575 178 357 544 134 478 90 434 390
Route 21 : 298 28 328 84 44 344 384 179 598 479 291 7 217 591 517 307
Route 22 : 21 292 321 159 459 186 592 486 118 418 286 224 524 30 586 251 551 330
Route 23 : 12 31 283 331 19 583 319 35 290 312 335 590 41 109 190 409 341 149 38 490 449 338
Route 24 : 150 1 121 301 450 192 421 492 145 144 238 444 445 32 140 440 538 83 332 72 372 383
Route 25 : 177 477 231 101 45 531 42 345 260 401 342 99 560 119 74 399 158 374 419 458
Route 26 : 36 153 126 336 426 296 453 596 250 75 375 78 550 378 220 181 481 520
Route 27 : 279 63 43 579 363 81 343 381 254 214 554 514 267 294 117 567 594 281 417 3 303 96 581 396
Route 28 : 170 470 278 53 55 578 353 355 27 248 199 499 327 98 252 548 552 398 61 361
Route 29 : 266 230 530 566 154 106 454 406 129 240 540 429 39 188 10 310 488 339
Route 30 : 5 198 305 139 498 194 494 237 439 236 95 395 537 80 536 380 58 125 425 358
Route 31 : 273 261 573 561 280 247 547 580 9 68 309 211 368 180 480 66 511 112 412 222 522 366
