Instance name : ber-n2000-1
Authors       : BIG3 - Dmitriy Yampolskiy, Egor Nikolaev and Daria Savina. Smart Logistics Point by the BigThree team (big3.ru).
Date          : 2025-04-22
Reference     : BigThree team (big3.ru)
Solution
Route 1 : 865 485 1485 1865 73 1073 388 18 1388 937 849 1018 1937 1849 20 909 1909 1020 586 1586
Route 2 : 408 1408 478 59 996 1478 1059 1996 923 1923 910 1910 491 771 1771 416 1491 171 739 1416 1739 1171 704 783 1704 102 999 1102 1783 1999
Route 3 : 422 992 155 1422 1992 693 1155 392 1693 1392 457 896 1457 780 1896 556 1556 1780 22 31 1022 845 1845 285 1031 1285 825 928 1928 1825
Route 4 : 638 57 1057 1638 552 1552 152 1152 6 1006 44 468 1044 973 403 1403 1468 1973 815 1815 866 473 1473 1866
Route 5 : 605 481 735 1481 1735 1605 386 1386 602 814 1814 1602 70 892 1892 1070 723 74 1723 841 1074 1841 476 482 1476 161 466 1482 1161 1466
Route 6 : 986 1986 712 1712 938 1938 383 1383 12 387 1387 762 1762 789 1012 1789 791 1791 919 5 720 1720 1919 1005 323 885 1885 1323 538 1538
Route 7 : 291 676 1291 82 1676 1082 514 1514 683 309 654 1683 1309 463 1463 508 1508 968 1968 1654
Route 8 : 79 748 824 1824 1079 1748 621 373 337 1373 1337 1621 665 173 1173 409 1665 1409 354 347 1354 154 1154 614 1614 1347
Route 9 : 729 963 1963 1729 122 275 266 1122 1266 1275 934 601 1934 844 871 1601 1844 549 1871 599 210 1549 1210 1599 827 564 1827 1564 107 1107
Route 10 : 859 239 660 1859 942 1660 1239 1942 672 222 1222 1672 265 270 7 1007 553 1265 1270 1553
Route 11 : 58 1058 322 608 1322 316 385 1608 1385 505 1316 629 1505 1629 231 947 1231 525 1525 1947 888 900 539 1900 1539 1888
Route 12 : 304 204 1304 1204 961 930 1961 313 1930 1313 980 668 351 1668 1980 290 1351 818 1290 1818 244 806 1244 1806
Route 13 : 634 32 446 1634 1032 1446 763 794 617 1617 1763 886 1886 274 1794 578 1578 560 1274 1560 129 1129 544 785 1785 944 1544 1944 330 801 1330 1801
Route 14 : 881 950 1881 1950 515 811 1515 884 1884 119 1811 1119 64 759 1064 14 1759 283 1014 689 1689 1283 255 126 726 1255 1726 1126
Route 15 : 960 924 563 1960 1924 1563 916 970 1970 1916 307 1307 943 1943 299 1299 319 405 1319 243 1405 360 1360 221 340 1221 1243 779 1340 1779
Route 16 : 904 671 899 452 1904 1671 1452 179 252 1252 1179 1899 110 1110 715 1715 894 661 1894 273 1661 175 1273 755 1175 1755 363 750 1750 1363
Route 17 : 461 397 1461 103 1397 8 1103 1008 797 1797 498 682 1498 1682 993 487 1993 207 250 1487 1250 1207 317 1317 517 257 1517 1257 504 1504
Route 18 : 267 1267 883 1883 425 417 1417 1425 946 208 1946 725 1208 458 1725 809 1458 1809 326 566 1326 261 1261 98 1566 361 1361 1098
Route 19 : 898 279 1279 664 1664 1898 342 467 1342 987 1467 1987 334 612 1334 1612 200 1200
Route 20 : 164 99 1164 575 1575 1099 344 690 215 1690 1344 1215 449 277 1277 1449 130 1130 758 1758 952 312 93 1312 1952 106 1093 585 1585 1106
Route 21 : 663 166 259 1166 1663 1259 532 1532 123 440 1440 874 1123 1874 929 76 1929 1076 941 389 1941 1389 120 1120
Route 22 : 911 1911 717 752 1717 1752 743 500 1500 593 751 1743 276 1593 1276 684 1751 618 1618 1684 998 810 1998 569 1810 826 41 1569 1826 1041
Route 23 : 728 925 1728 38 1925 1038 817 378 1817 496 1378 1496 77 163 1077 635 170 1163 1635 1170 443 807 370 1443 296 1370 1807 596 1596 453 1453 1296
Route 24 : 554 71 546 1071 460 1546 1460 490 662 1554 1662 9 1009 226 341 1490 1341 1226 851 705 320 1851 1320 1705 451 327 1327 1451
Route 25 : 695 116 391 1116 1391 1695 420 769 501 1501 1420 534 1534 721 1721 1769 935 547 324 1935 1324 195 1547 674 1674 1195 562 1562 332 977 1332 1977
Route 26 : 523 303 125 1303 1523 697 1125 848 1697 727 1848 609 424 1609 781 1727 714 1424 1781 121 495 1714 1121 1495 137 35 1035 597 1137 1597
Route 27 : 357 1357 778 1778 551 520 913 1551 675 1675 1520 1913 984 611 1984 1611 843 805 673 1673 1805 1843 350 932 1932 474 115 1474 1115 1350
Route 28 : 421 80 143 1421 1080 1143 263 829 1263 174 1829 747 176 994 1174 1747 1176 1994 180 598 1598 365 1180 1365
Route 29 : 584 706 1584 272 1706 577 1272 1577 42 62 1042 216 1216 540 1062 1540 879 1879 688 1688 410 895 1410 369 1895 315 1369 146 1146 1315
Route 30 : 484 1484 201 1201 372 358 1372 927 1927 1358 870 847 1847 1870 26 297 1297 1026 245 19 1245 447 528 1528 1019 1447 788 483 1788 1483
Route 31 : 979 346 96 1979 1346 696 1096 368 85 1696 1085 394 101 1394 833 1368 1101 1833 864 821 1864 288 1821 901 1288 732 1901 1732
Route 32 : 75 441 371 1441 1075 1371 830 787 991 1830 1991 1787 776 990 1990 736 1776 1736 724 1724 3 431 1431 219 1219 117 1003 1117 212 1212
Route 33 : 269 203 232 1232 856 1269 1856 1203 172 45 1045 413 1172 1413 87 958 951 1087 1958 1951 335 861 1861 1335 56 1056 333 511 1511 1333
Route 34 : 887 591 835 1835 1887 1591 39 666 1039 622 1666 429 1622 43 1429 1043 52 190 1052 399 1190 1399 954 90 1954 1090
Route 35 : 91 988 548 1988 1548 832 88 1088 1091 1832 242 34 1034 1242 364 1364 800 439 1800 436 1439 610 1436 1610 227 740 1227 407 1740 1407
Route 36 : 813 30 1813 113 1030 685 518 1685 907 1907 1518 311 237 512 1237 1512 536 1311 1536 607 127 1113 738 1607 867 1127 183 1738 1183 1867
Route 37 : 692 141 209 1141 51 1692 1051 1209 218 933 1933 1218 527 1527 220 1220 975 831 248 1975 1248 1831 301 1301 167 249 124 1249 1124 1167
Route 38 : 545 1545 233 670 1233 656 1656 1670 280 432 799 1799 1280 1432 760 395 1760 148 820 1395 1148 1820 165 542 1165 48 1542 1048 686 1686
Route 39 : 160 16 1016 1160 193 328 1193 398 1398 1328 846 47 639 1047 1846 112 1639 707 1112 497 1497 790 1707 710 1790 1710
Route 40 : 27 524 1027 989 1524 915 1989 437 1437 1915 427 600 533 1427 1533 1600 908 198 1198 470 1908 507 1470 1507 28 640 1640 1028
Route 41 : 196 375 1196 803 1375 1803 745 567 404 1745 1567 643 205 1404 1205 1643 588 1588 228 1228 225 1225 396 869 1869 594 616 1396 1594 1616
Route 42 : 292 711 1292 902 1711 325 1325 812 412 1412 1812 1902 822 627 1822 702 804 494 1702 1627 1494 1804 628 293 329 1329 1628 1293 464 1464
Route 43 : 995 1995 94 580 1580 194 1194 1094 151 513 1513 1151 104 651 53 1104 854 645 1053 1854 1645 406 338 1651 1338 537 1537 967 1406 708 1967 1708
Route 44 : 65 262 555 1065 1555 766 459 1262 1766 158 1459 893 1158 1893 694 435 1694 224 541 1224 571 1541 1571 949 742 1949 305 1742 1305 1435
Route 45 : 939 418 1418 302 1939 1302 105 882 982 1882 362 1105 211 1362 247 1247 767 1982 1767 1211 574 471 1471 149 1574 433 1149 1433
Route 46 : 918 631 1918 1631 531 792 1792 1531 521 17 1521 11 850 1017 1011 1850 713 641 306 1713 969 1641 1306 1969 503 23 359 1503 1023 1359
Route 47 : 718 868 1718 1 557 1868 1001 619 604 1557 1604 1619 754 1754 13 582 1582 1013 384 716 1716 86 1384 940 1086 1940 97 1097 128 1128
Route 48 : 356 920 191 1920 1191 1356 294 502 1294 852 1852 1502 95 1095 921 89 1089 1921 733 565 1565 1733
Route 49 : 133 945 1133 415 1945 837 1415 786 15 1786 1837 1015 853 962 1853 1962 321 959 1321 1959
Route 50 : 655 287 1287 637 1655 1637 679 1679 834 808 1834 719 1719 278 1808 157 1157 798 1278 897 1897 583 1798 1583
Route 51 : 118 1118 284 145 1284 1145 78 136 1136 1078 802 698 905 1698 1802 206 1905 1206 488 132 572 1132 1572 1488 390 764 1390 1764 677 1677 623 1623
Route 52 : 768 264 1768 235 114 1264 1235 931 699 1114 1699 576 1576 1931 681 109 873 1681 1873 1109 355 1355 624 793 1793 1624 343 1343
Route 53 : 223 700 1223 366 1366 1700 268 414 772 1268 1772 1414 400 185 1185 428 1400 971 456 1971 1456 701 1428 1701 632 444 1632 465 1444 1465
Route 54 : 590 530 1530 914 1590 1914 84 753 1084 842 1753 256 615 1842 1256 1615 603 855 1603 188 875 1855 1875 434 1188 1434
Route 55 : 182 55 1055 381 1182 529 345 469 1345 1529 1469 29 680 1680 300 1029 983 1300 1381 746 1983 606 1746 734 1606 633 1633 1734
Route 56 : 36 349 659 1349 926 1659 21 667 1021 1926 1667 816 254 1036 1254 703 1816 1703 286 976 1976 1286 144 630 1630 795 1795 1144 178 1178
Route 57 : 650 10 652 1010 1652 1650 493 579 1493 352 1579 486 108 1352 1108 770 1486 966 1770 573 1573 1966
Route 58 : 271 765 331 1331 1765 506 1506 377 1377 581 1271 1581 985 430 1985 455 678 1430 1455 1678 777 100 1777 2 1100 1002
Route 59 : 997 348 135 1997 906 1348 480 1480 1906 1135 66 318 1066 965 1965 1318 878 819 1878 1819
Route 60 : 625 1625 955 1955 741 1741 509 828 1509 730 649 1828 1730 438 981 1649 1438 1981 568 589 238 1589 1568 1238 876 1876
Route 61 : 67 922 642 1922 1067 308 1642 595 445 1308 1595 1445 186 558 1186 1558 50 60 1060 54 1050 339 1054 891 1891 1339
Route 62 : 393 336 1336 1393 499 1499 838 1838 139 353 1353 516 510 1510 1516 1139 691 162 1162 744 543 1691 1744 213 1543 757 1213 1757
Route 63 : 877 857 1877 653 1857 1653 251 1251 367 40 1040 1367 774 1774 374 1374 147 957 1957 1147 230 379 454 1230 1379 92 448 1454 1448 731 1092 1731
Route 64 : 709 784 1709 295 1784 1295 756 156 1156 1756 246 1246 214 475 862 1475 68 1214 1862 1068 229 4 1004 823 1823 1229 657 63 1657 1063
Route 65 : 138 647 1138 217 1647 1217 761 241 737 1241 1737 310 636 1761 61 1310 150 1061 1150 773 140 240 1636 1773 159 1140 1240 234 1234 1159
Route 66 : 559 376 644 1559 1376 858 1644 46 1858 426 1046 936 1426 978 860 1936 81 1860 382 1081 1382 1978 236 1236 620 570 1620 1570 917 1917
Route 67 : 260 177 1260 25 1025 1177 956 314 169 1956 1314 1169 964 974 1964 192 1974 1192 153 1153 839 587 1839 472 1472 83 1587 1083 658 1658
Route 68 : 69 1069 489 561 1561 1489 131 912 1912 889 1131 442 1889 199 142 1442 1199 526 1142 1526
Route 69 : 111 289 1111 1289 646 411 1411 836 775 1775 1836 1646 535 613 181 1181 1535 1613 462 1462 492 253 1253 1000 1492 2000 189 953 1953 1189
Route 70 : 948 184 1948 419 687 1419 1184 1687 281 872 1281 202 1872 450 1202 592 1592 1450 72 1072 749 722 1749 401 187 1401 1722 1187
Route 71 : 519 863 134 1519 1134 24 903 1863 1024 1903 796 298 669 1298 1669 1796 477 1477 840 890 1890 423 1840 522 1522 1423 282 1282
Route 72 : 648 33 1648 49 1033 380 402 880 1049 1880 1380 1402 626 972 1972 258 1258 479 1479 168 1626 1168 550 782 1550 197 37 1782 1037 1197
