Instance name : ber-n400-3
Authors : Hiermann, G. and Schiffer, M.
Date : 2024-04-30
Reference : arXiv:2405.00230
Solution
Route 1 :  162 120 170 320 370 362 87 85 173 285 373 287
Route 2 :  104 304 116 178 185 75 378 385 316 275
Route 3 :  123 4 323 204 31 231 194 109 394 309
Route 4 :  106 81 69 306 163 281 269 46 246 363
Route 5 :  27 45 227 5 114 245 314 26 205 226
Route 6 :  110 20 310 122 220 152 352 322 146 346
Route 7 :  97 36 297 29 236 142 229 342 180 380
Route 8 :  183 157 172 357 383 372 10 210 113 313
Route 9 :  44 165 15 215 244 101 19 301 365 219
Route 10 :  103 139 303 161 339 141 341 126 361 326
Route 11 :  153 82 282 63 42 263 242 95 295 353
Route 12 :  182 73 382 273 1 201 64 164 364 264
Route 13 :  55 59 255 193 259 393 11 175 211 375
Route 14 :  79 279 169 17 138 369 338 217 125 325
Route 15 :  41 166 366 49 249 74 274 241 105 305
Route 16 :  190 78 278 390 184 384 154 132 354 332
Route 17 :  189 2 389 70 202 25 270 225 24 224
Route 18 :  32 56 256 232 159 359 156 356 181 381
Route 19 :  117 129 329 119 317 118 98 318 319 298
Route 20 :  179 140 186 379 386 121 43 243 321 340
Route 21 :  135 335 107 48 307 94 248 294 61 261
Route 22 :  13 93 137 213 293 198 337 67 267 398
Route 23 :  30 160 187 360 387 76 230 276 197 397
Route 24 :  83 127 283 327 16 216 84 284 177 377
Route 25 :  50 149 349 250 33 65 192 233 265 392
Route 26 :  39 239 176 376 21 58 221 258 100 300
Route 27 :  51 99 251 133 299 131 333 331 89 289
Route 28 :  108 68 308 62 268 262 191 90 391 290
Route 29 :  145 345 53 253 167 112 312 367 91 291
Route 30 :  199 150 350 399 111 37 311 237 158 358
Route 31 :  136 336 80 280 196 40 396 240 66 266
Route 32 :  168 368 54 12 34 254 212 234
Route 33 :  8 208 143 57 343 195 395 257
Route 34 :  86 286 18 72 272 218 38 238
Route 35 :  102 302 9 151 23 351 209 223
Route 36 :  14 214 147 155 96 296 347 355
Route 37 :  115 188 388 315 22 144 222 344
Route 38 :  134 334 128 28 228 6 328 206
Route 39 :  130 3 330 203 174 374 200 400
Route 40 :  92 47 247 292 171 371 52 252
Route 41 :  60 260 77 277 35 235 7 207
Route 42 :  88 288 148 71 124 348 271 324
