Instance name : ber-n3000-2
Authors       : Isaiah Reimer (isaiah.reimer@rideco.com). RideCo (rideco.com)
Date          : 2023-06-13
Reference     : Rideco PDPTW Solver
Solution
Route 1 : 304 500 1391 599 1804 701 2000 1069 2569 2201 2099 2891
Route 2 : 564 1349 2849 846 2064 704 1354 1024 2854 2346 1410 2204 2910 2524
Route 3 : 388 656 644 2144 2156 34 1888 1225 1135 211 1534 1246 1711 2635 2746 2725
Route 4 : 1018 663 228 2163 1728 2518 490 681 2181 1990 999 327 2499 403 12 1512 1903 1827
Route 5 : 1031 844 2531 1228 1243 1414 1231 2743 2344 2914 2728 2731 1259 2759
Route 6 : 468 684 1968 690 1111 1034 2184 840 764 916 2264 2611 2534 1415 2416 2340 2190 2915
Route 7 : 151 698 1651 57 803 905 1557 967 2198 963 2405 1097 2467 2303 2597 2463
Route 8 : 579 2079 1033 1073 2533 2573 1238 1003 524 2024 2738 2503
Route 9 : 883 559 1295 2059 2383 659 119 302 347 1847 2795 2159 1802 1619
Route 10 : 922 6 157 2422 1506 256 1657 939 312 1812 1756 493 2439 1993
Route 11 : 735 451 8 1508 1951 2235 584 75 2084 153 86 1575 1653 1586
Route 12 : 807 39 1539 386 2307 1348 1117 1886 2617 2848 1160 2660
Route 13 : 642 1006 27 2142 2506 1527 675 566 804 2175 2304 11 603 2066 2103 1511
Route 14 : 320 480 1820 1337 1980 1274 225 278 2774 1778 1725 2837 1365 2865
Route 15 : 409 150 1909 1131 175 1650 801 164 2631 2301 912 1675 1664 248 2412 1748
Route 16 : 800 1202 2702 2300 1158 1176 1242 2676 2742 139 2658 1639
Route 17 : 833 460 1960 2333 1014 715 818 19 2514 26 1519 1526 2318 2215
Route 18 : 73 985 20 2485 1068 1573 1520 172 2568 1457 1672 333 1833 2957
Route 19 : 1380 1204 2880 1245 281 84 2704 1781 893 1584 1095 2595 2393 2745
Route 20 : 572 371 1102 2072 1250 1871 381 687 1881 2187 330 1830 170 2602 2750 1670
Route 21 : 1398 1366 1194 2898 2866 1286 1491 2786 2694 2991
Route 22 : 422 227 1727 1338 1922 1277 2838 1452 2777 1463 2952 2963
Route 23 : 521 732 811 2311 2021 2232 1347 822 2322 1443 2847 2943
Route 24 : 1419 1226 2919 1078 1233 1203 2726 2733 1321 2578 2703 1206 2706 2821
Route 25 : 585 2085 510 195 216 2010 1695 238 1716 407 920 1738 1907 2420
Route 26 : 207 190 1690 1343 1707 2843 1288 306 1806 1373 2873 2788
Route 27 : 752 1431 2931 2252 1275 2775 756 547 1339 2047 1132 859 2359 2839 2632 2256
Route 28 : 374 362 1140 702 1215 2202 2715 2640 1874 1862 1342 217 1717 2842
Route 29 : 1379 2879 949 751 2251 2449 425 607 16 1925 1516 2107 530 2030
Route 30 : 1350 958 2850 891 2458 2391 297 1123 2623 471 1797 1971
Route 31 : 1119 1172 2672 2619 1361 2861
Route 32 : 393 316 878 340 352 2378 1893 1852 80 1840 299 529 1816 1799 1580 2029
Route 33 : 167 1139 244 2639 1744 531 1667 501 2001 1152 866 2652 2366 2031
Route 34 : 520 152 1320 2020 1042 3 517 2542 270 1503 2017 2820 1652 488 1770 1988
Route 35 : 900 2400 815 37 550 2315 1537 288 274 2050 1788 161 1661 1774 48 1548
Route 36 : 863 2363 1032 1005 861 2505 2532 1118 419 2618 1007 2507 221 1919 2361 1721
Route 37 : 692 774 2192 2274 1432 1061 186 465 1686 1453 2561 2932 2953 1965
Route 38 : 397 191 1897 795 1378 1691 1087 972 2472 2878 1278 2587 2778 2295
Route 39 : 542 477 23 2042 1235 1977 2735 1523 105 234 670 1734 171 1605 2170 1671
Route 40 : 360 1125 137 94 1637 1860 915 2625 165 1124 970 1594 1665 2624 2470 2415
Route 41 : 373 748 2248 272 145 303 121 1645 1772 1025 1873 1621 434 1803 2525 1934
Route 42 : 835 703 265 2203 1765 282 2335 1260 2760 1782 1425 1269 2925 2769
Route 43 : 932 391 2432 1891 658 549 52 1552 2158 968 2049 2468
Route 44 : 205 1062 2562 1440 1705 1364 2940 2864 361 329 1861 921 1829 2421
Route 45 : 1493 491 315 1991 1815 2993 696 513 1094 2196 1478 2978 2594 2013
Route 46 : 334 1834 710 1477 903 2977 688 2403 2210 836 2188 1077 2336 2577
Route 47 : 721 1403 2903 2221 628 63 927 1370 1043 2543 2427 2870 2128 1563
Route 48 : 382 1882 987 775 472 1972 631 901 1079 2275 2579 2131 2401 2487
Route 49 : 787 1017 2517 779 183 2287 1345 1183 2845 1333 1438 2833 2279 2683 2938 1683
Route 50 : 712 462 2212 1315 1962 565 253 2815 2065 1753
Route 51 : 132 838 2338 1632 581 1324 1265 2081 2824 2765
Route 52 : 95 794 930 677 2177 655 2430 2294 42 1542 588 1595 251 2155 1751 2088
Route 53 : 335 601 1835 622 2101 731 946 809 459 2231 2309 2446 2122 421 1921 1959
Route 54 : 1387 87 740 2887 739 2240 1587 714 962 1287 2462 2239 2787 2214
Route 55 : 1306 518 2806 1029 2018 1211 394 2711 1253 2753 1894 2529
Route 56 : 368 745 1868 1499 2245 328 2999 1468 1413 1828 169 2968 2913 1669
Route 57 : 1026 749 2249 699 2199 2526 1360 279 1336 2860 2836 1779
Route 58 : 1371 2871 639 713 2213 969 2139 201 978 1701 2478 2469
Route 59 : 1445 2945 30 618 2118 986 1530 1188 1473 2486 2973 2688
Route 60 : 369 203 1703 133 1633 1142 1869 938 2642 2438
Route 61 : 1065 2565 1164 1035 155 2664 1426 2535 1461 1261 1655 2926 2761 2961
Route 62 : 1394 781 874 111 115 41 1615 2894 2374 2281 1357 1282 1541 2782 1611 2857
Route 63 : 551 478 1122 1978 439 2622 2051 727 2227 998 1939 504 2004 2498
Route 64 : 1173 2673 467 129 973 1629 1967 1272 2473 2772
Route 65 : 535 1196 2035 1170 202 2696 2670 1702 1396 1143 2643 2896
Route 66 : 1239 575 1098 2739 2075 2598 705 1090 2590 1466 2205 2966
Route 67 : 1489 1437 2989 2937 246 1134 1193 2693 2634 296 1746 1103 2603 1796
Route 68 : 98 163 1663 1086 321 707 1821 1598 49 286 2586 722 2222 1093 1786 1549 2207 2593
Route 69 : 404 35 858 2358 1535 1083 1904 773 2273 2583
Route 70 : 237 1283 1737 426 1363 1926 1449 2783 1374 2949 2863 2874
Route 71 : 484 1486 1984 266 2986 283 1783 1395 850 1766 2350 2895
Route 72 : 125 1301 2801 1625 560 1100 239 1739 594 2060 2600 1232 2732 643 2143 2094
Route 73 : 534 1197 2034 1471 2697 1495 1429 2971 259 2995 2929 1759
Route 74 : 648 697 587 1168 514 2087 2668 1294 2197 851 2794 2014 1249 2148 1201 2351 2749 2701
Route 75 : 617 640 2140 2117 821 180 69 2321 457 1298 1957 2798 1680 1569 1074 2574
Route 76 : 464 423 245 1964 1237 1745 1923 1498 1314 2998 2814 2737
Route 77 : 417 942 66 1317 2817 2442 148 1917 974 1566 2474 1648
Route 78 : 776 906 1105 1496 2276 2406 1148 509 2996 2009 2648 2605
Route 79 : 292 590 1285 1792 2785 554 1210 2090 2710 2054 754 166 2254 1666
Route 80 : 931 2431 555 1020 2055 2520 262 621 1762 370 2121 1870
Route 81 : 1127 2627 47 268 308 1547 537 637 162 1768 2137 2037 1662 638 1053 1808 2138 2553
Route 82 : 120 1620 868 210 181 2368 948 1710 2448 1681 313 806 1813 2306
Route 83 : 1340 1462 2840 2962 401 293 1901 1793 275 1775
Route 84 : 18 556 1518 1318 2818 2056 503 1037 1456 2003 2956 2537
Route 85 : 1116 90 2616 1590 881 778 38 2381 2278 1538 498 1041 28 1998 1528 2541
Route 86 : 62 908 2408 812 1562 2312 61 570 2070 940 359 2440 1561 724 1859 2224
Route 87 : 1479 277 255 2979 1755 624 1136 1777 1407 2636 2124 2907
Route 88 : 1367 1341 1494 2994 1271 2771 199 2841 1332 2867 2832 1699
Route 89 : 420 260 112 1760 1920 1612 1163 1327 2663 936 2827 2436
Route 90 : 102 1412 2912 355 124 1855 1602 802 1060 1624 2560 1190 2690 2302
Route 91 : 620 412 2120 76 737 396 1576 1912 2237 131 1896 1631
Route 92 : 686 2186 487 988 750 1987 2250 2488 623 117 965 242 2123 1617 2465 1742
Route 93 : 486 36 68 1536 45 1545 1568 1986 904 1458 2404 2958
Route 94 : 782 1009 2282 2509 1439 1207 456 2707 2939 213 1956 552 1256 2052 2756 1713
Route 95 : 934 766 2266 1296 2434 2796 469 865 848 2348 2365 1969 1217 933 2433 928 2717 2428
Route 96 : 1254 2754 984 101 1147 2484 723 943 1601 2647 2443 2223
Route 97 : 1088 1058 7 1101 2601 2588 2558 592 1507 1393 2092 2893
Route 98 : 415 657 447 1915 573 2157 834 1947 2073 177 85 483 1585 1983 1677 2334
Route 99 : 126 791 83 383 2291 1583 1883 24 1626 996 1524 2496 1257 1224 2757 2724
Route 100 : 345 678 2178 307 147 1647 1807 53 1845 429 1553 1010 1929 2510
Route 101 : 1297 2797 1002 110 937 1610 718 294 2437 2502 2218 496 1794 1996
Route 102 : 1071 2571 1377 1126 2626 2877 70 695 2195 1570
Route 103 : 832 372 2332 1872 1442 820 855 1328 2320 2828 2942 2355
Route 104 : 1113 2613 553 410 682 1910 1156 2053 2182 580 1023 2080 1138 2656 2638 2523
Route 105 : 871 605 2105 662 2371 841 767 1120 2620 2162 2267 2341
Route 106 : 81 1290 1581 354 2790 1221 772 2272 1854 2721
Route 107 : 576 726 482 319 1982 357 1857 2226 783 2076 1819 2283
Route 108 : 626 46 1546 1330 1268 2126 1161 805 2661 2768 2305 2830
Route 109 : 1316 2816 160 406 1906 492 1660 831 1992 343 2331 1843 1481 2981
Route 110 : 1067 1383 1255 2755 2883 2567 1109 758 1189 2689 2609 2258
Route 111 : 1474 1177 2974 1406 2677 1331 1422 2831 2906 1446 2922 2946
Route 112 : 222 873 1722 1019 2373 241 896 2396 144 1741 431 1931 2519 1644
Route 113 : 455 194 136 1636 1955 604 889 2104 2389 399 1694 71 1899 43 1571 1543
Route 114 : 349 777 295 1028 1849 2277 2528 1795 247 743 378 1878 944 2444 2243 1747
Route 115 : 5 184 1505 1392 2892 209 1684 212 1709 956 1712 258 196 1696 1758 2456
Route 116 : 746 667 918 2418 1322 1434 2246 2822 2167 2934 1454 2954
Route 117 : 1050 1 711 755 1501 285 2255 872 2550 2211 1785 2372 728 389 1889 2228
Route 118 : 843 765 2265 979 2343 842 263 567 2479 539 2039 2342 1763 2067
Route 119 : 1084 634 886 1167 2667 1185 2584 693 2134 625 2386 1072 2685 2125 2193 2572
Route 120 : 356 769 2269 1856 742 511 192 25 2242 2011 907 1525 1692 2407
Route 121 : 894 1036 2394 55 2536 182 1085 2585 1555 1352 1682 2852
Route 122 : 1223 78 2723 1199 1368 2699 1578 1219 741 2868 2241 2719 1096 2596
Route 123 : 609 1154 2654 1436 2109 888 2936 2388 1145 2645
Route 124 : 660 1362 2862 2160 953 317 860 612 2453 1817 2360 1015 2112 2515
Route 125 : 647 342 2147 1108 1842 424 885 2608 1924 128 2385 1628
Route 126 : 428 1174 1928 1040 606 2674 1279 2540 2106 2779
Route 127 : 1319 2819 519 252 32 1076 2019 2576 1532 955 448 1752 869 507 2369 2455 1948 2007
Route 128 : 828 257 143 1757 2328 674 398 1643 284 1898 1784 2174
Route 129 : 1492 416 146 1646 1244 2992 1916 1433 582 2933 2744 2082
Route 130 : 134 77 882 1634 1056 1427 1577 481 2382 990 2927 2490 1981 2556
Route 131 : 1411 997 2911 427 1927 738 2238 786 2497 89 179 1679 680 2286 790 2180 2290 1589
Route 132 : 1141 269 1128 1769 441 857 2641 2357 1941 2628 466 771 1966 54 2271 1554
Route 133 : 837 971 280 2471 1039 1780 1089 2589 2539 2337 725 1451 2225 1213 2951 2713
Route 134 : 82 593 1582 589 2089 1472 2972 158 2093 1099 2599 595 1658 1299 2799 2095
Route 135 : 1200 1229 1252 2700 538 1346 2729 2752 2846 2038 489 966 1989 2466
Route 136 : 1186 1307 2686 2807 919 198 1698 2419 56 97 1597 1556
Route 137 : 545 917 1008 2417 1381 2881 2508 2045 387 1284 1887 2784
Route 138 : 1192 1146 1151 2692 1388 1408 2651 2888 1423 2646 2908 2923
Route 139 : 1240 989 2489 479 2740 1107 2607 512 1475 2975 1979 1208 2012 2708
Route 140 : 1165 454 159 1355 1251 2665 562 1954 2855 1385 1659 2062 2885 2751 1435 2935
Route 141 : 437 1937 816 527 2316 694 218 2027 1718 338 729 1838 2194 895 2229 2395
Route 142 : 798 2298 400 67 1567 1900 305 1011 1805 2511 1447 2947
Route 143 : 685 706 689 2206 2189 1421 2185 867 390 2921 1890 2367
Route 144 : 341 1180 2680 15 1841 870 744 2244 2370 499 1515 118 1999 1618
Route 145 : 1372 1258 440 2758 1940 476 2872 1976 453 13 1513 408 1908 1953
Route 146 : 1153 1485 1450 2950 2985 64 414 845 1564 2345 2653 578 1914 2078
Route 147 : 964 104 379 1001 2464 1879 365 497 2501 796 1604 1997 1865 2296
Route 148 : 992 2492 980 583 2480 1175 1236 2083 2675 1263 568 2736 2068 2763
Route 149 : 310 301 1801 1045 2545 1182 1810 563 2682 1308 2808 2063
Route 150 : 442 226 1129 1942 2629 1726 665 2165 597 249 1749 650 2150 2097
Route 151 : 103 1418 1603 548 351 2048 1344 1313 2844 1851 2813 2918
Route 152 : 1424 925 753 430 2425 2253 2924 884 1930 458 1464 1958 2384 2964
Route 153 : 174 450 287 880 574 1674 2380 1130 2074 358 2630 1950 1858 1390 1787 2890
Route 154 : 679 1266 924 541 300 2041 2424 2766 1482 2179 1800 2982
Route 155 : 4 1369 544 1504 384 910 2869 1884 220 2044 2410 1359 2859 230 1720 1730
Route 156 : 561 348 523 1248 1848 2061 611 2023 2111 1420 1178 2678 2748 2920
Route 157 : 810 823 113 2323 1358 1613 2310 2858 1459 641 298 1798 2959 2141
Route 158 : 671 495 2171 1995 733 116 344 2233 1616 1844 1049 114 1614 2549
Route 159 : 633 826 2133 1038 1075 892 2326 2392 233 2538 2575 1063 1733 2563
Route 160 : 324 1216 438 1824 2716 176 977 2477 273 1938 1676 106 1773 1606 887 2387
Route 161 : 311 1070 1121 1811 2570 1401 2621 899 2901 957 2399 435 2457 470 1935 1970
Route 162 : 290 1262 1790 444 109 1944 2762 683 1609 224 2183 1021 1724 2521
Route 163 : 959 402 2459 1902 79 1310 2810 92 1579 1133 825 2325 1592 2633
Route 164 : 229 532 839 1729 2032 1166 2339 1046 377 2546 2666 1270 1877 2770
Route 165 : 983 135 2483 1635 364 645 1864 193 2145 107 1607 1693 214 762 2262 1714
Route 166 : 58 630 264 2130 1558 1469 598 1764 1013 2513 2969 1195 2098 2695
Route 167 : 1389 2889 1187 2687 691 1104 2191 1234 2604 1302 149 1649 2802 2734
Route 168 : 632 323 1823 793 2132 189 982 154 2293 17 2482 1517 646 1689 1654 2146
Route 169 : 1220 2720 788 337 819 2319 2288 1293 1837 413 1913 789 2289 2793
Route 170 : 1082 314 2582 1814 649 99 1599 854 1159 2149 2659 2354
Route 171 : 1465 2965 913 418 138 1157 2413 1918 1064 1115 2657 2564 1638 600 2615 654 2100 2154
Route 172 : 993 941 2441 1241 2493 1149 200 1700 108 2649 461 1608 474 2741 1961 1974
Route 173 : 1004 926 2504 862 829 331 353 1853 2426 2362 96 1054 1831 2554 1596 2329
Route 174 : 1081 363 2581 185 1863 10 571 875 616 2071 960 1483 2116 1510 2375 2460 2983 1685
Route 175 : 951 1051 770 716 608 31 2551 376 2108 1531 2270 2451 1876 522 2216 2022
Route 176 : 14 1022 636 2136 2522 215 669 1514 187 2169 485 1687 1715 445 1985 1945
Route 177 : 516 1048 59 730 1155 1559 2016 700 2548 2655 2200 2230 1329 2829
Route 178 : 1289 1417 2917 1490 2789 33 995 546 2495 1533 2990 2046
Route 179 : 1386 824 2886 1460 2324 2960 1356 2856
Route 180 : 813 2313 652 763 909 2152 2263 853 760 2353 2409 2260
Route 181 : 188 326 709 2209 1826 526 1688 586 40 1540 2086 1137 2026 2637
Route 182 : 261 747 289 22 1761 1522 141 1789 2247 952 463 1963 2452 1641
Route 183 : 975 976 395 475 1402 2902 1975 2475 1895 1264 2476 591 2091 897 2764 2397
Route 184 : 1114 350 375 533 1850 981 2614 2481 1484 2033 1162 1875 436 2984 1936 2662
Route 185 : 797 610 2110 2297 792 528 2292 2028 206 88 1706 1588
Route 186 : 768 719 2219 1444 2268 346 223 2944 1723 1846
Route 187 : 1488 309 1809 140 1291 2988 991 2791 1640 2491
Route 188 : 219 1110 1382 2882 2610 1719 21 1470 1430 2930 1521 123 1455 2970 1623 2955
Route 189 : 1091 890 2591 2390 1214 757 2714 1326 2257 2826
Route 190 : 1397 2897 961 676 2461 923 1080 614 2580 2423 2176 2114
Route 191 : 432 505 1932 2005 1059 1106 122 2559 1622 1092 2606 2592 1311 2811
Route 192 : 127 1441 1227 2941 1627 243 325 1743 596 449 2727 1949 1825 2096
Route 193 : 864 1312 2364 1335 1181 1276 2812 2681 2835 879 1376 2876 2776 2379
Route 194 : 232 291 197 814 1791 1697 994 1732 208 2494 780 2314 2280 1708
Route 195 : 50 322 1550 734 452 2234 1822 1405 1416 2916 1952 2905
Route 196 : 736 720 2220 385 1467 1885 2236 2967 366 672 785 2172 1866 2285
Route 197 : 9 852 1030 2530 1509 178 142 2352 506 2006 543 1678 1642 29 2043 1529
Route 198 : 525 60 267 1560 2025 914 173 1767 627 271 2127 1673 2414 1771
Route 199 : 536 911 2411 2036 1487 2987 849 954 664 947 2349 2164 2447 2454
Route 200 : 473 1047 339 1839 1973 2547 91 602 673 2173 2102 619 1591 2119
Route 201 : 231 2 898 1502 1292 1731 2398 929 494 2792 2429 1994
Route 202 : 1351 2851 1198 877 2377 2698 569 380 2069 1476 1880 2976
Route 203 : 1281 2781 204 411 653 1911 2153 1399 1704 2899 817 1480 74 2317 1574 2980
Route 204 : 856 100 502 2002 1171 2356 577 1205 2705 2671 2077 1600 367 240 1740 1867
Route 205 : 1309 276 236 1776 1305 446 1000 2809 2805 1946 2500 1736
Route 206 : 830 717 1497 2330 2997 1334 1052 2217 405 2834 2552 1905
Route 207 : 1353 1169 2853 1212 2669 1400 2712 1500 2900 3000
Route 208 : 666 1016 651 2151 2516 1325 2166 1303 2825 156 2803 1656
Route 209 : 1027 661 1230 2161 1448 2527 1300 1179 2730 2679 2800 2948
Route 210 : 945 827 433 2445 950 1933 235 876 2327 2376 2450 1735 1384 2884
Route 211 : 250 1304 1112 2612 2804 708 332 44 1544 1832 65 2208 1750 1273 1565 1222 2773 2722
Route 212 : 1323 1404 1218 1375 2718 2904 168 2875 1044 2823 2544 1668
Route 213 : 72 1428 1572 2928 668 515 2168 615 2115 2015
Route 214 : 557 1247 2057 1267 2747 336 130 443 1943 2767 1630 1836
Route 215 : 1209 1055 613 2555 51 759 784 2284 1551 1012 2259 2113 558 2709 2058 2512
Route 216 : 1280 1191 635 761 2780 2135 2261 2691 254 808 93 2308 1593 1754
Route 217 : 847 1409 2909 2347 540 1066 629 2040 318 2566 1057 1818 2129 1144 2644 2557
Route 218 : 392 1892 902 508 935 1150 2008 799 2435 1184 2299 2402 2684 2650
