Instance name : ber-n3000-6
Authors       : Dmitriy Demin, Mikhail Diakov (msd@veeroute.com), Ivan Ilin, Nikita Ivanov, Viacheslav Sokolov (vs@veeroute.com) et al. VRt Global (https://veeroute.com/)
Date          : yyyy-mm-dd
Reference     : veeroute.com
Solution
Route 1 : 368 1868 908 2408 443 559 2059 1943 301 383 1801 756 595 2095 1883 2256 437 249 1749 583 2083 427 1937 432 1932 1139 1927 2639
Route 2 : 1331 2831 561 195 2061 1004 726 1695 2504 2226 540 839 2040 2339 779 341 2279 1841 891 1241 2391 1166 923 2666 2423 275 243 1743 2741 1329 1775 2829
Route 3 : 6 1032 2532 320 1820 1506 535 2035 478 1978 366 1290 450 2790 1866 1950 980 877 665 2480 1023 2377 2523 2165
Route 4 : 153 1337 2837 1653 1397 801 2897 2301 767 2267 56 396 446 1896 398 1898 1556 1946 1248 2748 1348 2848 458 582 1958 2082 650 2150 550 2050
Route 5 : 1408 703 1010 2203 2908 2510 694 1111 2194 814 2611 2314 888 941 2388 465 2441 1965 85 934 271 1174 1771 2434 1585 2674 262 1359 1762 2859
Route 6 : 28 1528 649 508 2149 2008 879 2379 1205 1041 2541 2705 718 2218 1114 55 2614 939 2439 1555 807 2307 317 486 988 1817 1986 2488 221 282 1782 1721 1199 2699
Route 7 : 1183 635 2683 2135 370 1870 1353 1471 2971 1487 2853 1076 2987 254 1754 2576 168 1179 2679 1668 730 2230 480 1275 1980 208 2775 27 1708 1126 1527 2626
Route 8 : 1127 2627 928 128 2428 1628 234 701 2201 1396 1734 2896 1423 2923 225 837 1725 2337 1050 1176 2550 2676 1067 615 861 2361 2115 2567 1035 2535 776 2276
Route 9 : 365 334 1834 1274 315 1865 2774 653 2153 1372 2872 1815 493 1061 2561 1993 1224 2724 1121 2621 977 425 836 1925 1325 2336 2477 2825 1237 367 2737 1376 1867 2876
Route 10 : 764 953 2264 1314 644 2453 2144 2814 530 204 387 2030 1704 1887 786 1033 2533 2286 68 1568 498 712 759 1998 2259 2212 500 1123 554 2000 2054 2623
Route 11 : 472 626 1972 2126 912 2412 887 624 103 2124 693 2387 1603 536 2193 2036 292 1792 255 1070 1755 1281 2781 606 2570 2106 358 111 707 1858 2207 426 1611 1926
Route 12 : 62 7 946 1507 1200 2700 489 1562 2446 1989 1374 1321 1386 2821 2886 438 2874 1938 203 428 710 1703 2210 1256 2756 1928 1287 198 2787 1462 1698 895 2962 2395
Route 13 : 1085 232 2585 1403 2903 1732 125 996 1625 96 1596 1417 2917 2496 329 1829 352 973 442 1852 2473 1942 696 233 283 2196 1783 1733 351 1284 1851 2784 1213 2713
Route 14 : 1334 372 1262 2762 72 1872 30 1572 1530 1261 2761 680 50 2180 678 2178 1550 1388 2888 149 1649 831 2331 593 734 2093 2234 518 1167 2667 2018 2834
Route 15 : 962 1020 164 2520 2462 344 1844 943 1184 1664 2684 2443 1272 2772 1161 516 2016 733 538 2661 2038 2233 423 553 1923 2053 916 646 471 1971 2146 2416
Route 16 : 1039 2539 1217 657 2717 2157 1136 2636 156 1656 979 369 1869 2479 686 2186 1148 2648 1384 1173 2884 2673 806 197 677 2306 1697 2177 899 2399
Route 17 : 129 304 1804 1629 611 1202 310 2702 2111 1810 146 1646 654 2154 435 1289 1935 838 2338 2789 339 294 16 1794 1839 1431 1516 2931
Route 18 : 1002 2502 689 2189 655 2155 1483 1404 2983 775 3 1503 1313 2904 2275 2813 1045 155 1335 2835 1655 586 2545 2086 1084 2584 854 142 2354 347 1847 1642
Route 19 : 1480 1364 987 1312 2864 2980 2487 284 98 1598 1784 2812 751 1091 1112 2251 2612 2591 8 1508 834 2334 173 1673 520 1232 2732 2020 663 133 2163 1633
Route 20 : 1441 676 2176 1190 2941 1235 2690 2735 1360 167 897 1667 1152 2860 2397 2652 1128 1318 2628 2818 231 100 1731 1600 1451 1130 343 2951 2630 1843 86 1586
Route 21 : 378 483 1402 2902 1983 332 390 1890 1832 1878 132 1632 188 345 1688 1845 1497 1098 2598 2997 245 1466 2966 1745 1229 2729 270 1770 558 223 1723 2058
Route 22 : 738 135 1635 1165 2665 420 1920 1475 474 2975 1974 601 2238 955 883 2455 2101 867 2383 844 2344 651 2151 2367
Route 23 : 346 840 2340 1846 1385 1258 2758 1485 2985 642 2885 109 1609 2142 1267 1279 2779 841 2767 2341 705 439 307 2205 632 1807 1939 630 1019 2132 2519 2130
Route 24 : 1373 788 377 2873 2288 256 1877 1756 981 60 2481 1560 992 873 2373 919 2419 2492 605 571 2071 735 2105 266 1766 2235 1188 2688
Route 25 : 46 1546 116 715 2215 1616 257 1077 165 2577 1757 1665 491 1991 1271 144 1644 2771 699 47 485 2199 1547 773 1985 728 2273 1003 1101 2228 2503 2601
Route 26 : 672 2172 1236 2736 1447 959 2459 2947 214 1714 1108 2608 1227 177 2727 881 1270 2770 623 2381 305 2123 578 316 1805 2078 768 2268 1816 796 296 1796 2296 1677
Route 27 : 45 120 1545 1620 58 1063 2563 1558 1332 2832 685 664 1008 2164 1448 2948 2508 568 1251 2185 2068 1144 2644 2751
Route 28 : 1369 2869 389 749 507 2249 2007 1889 295 1795 898 813 2398 2313 950 2450 1009 1477 2977 2509 628 960 2128 2460 698 1147 2647 2198 152 23 1523 1652 1013 2513
Route 29 : 1378 2878 894 1355 2855 2394 662 2162 1395 1209 2709 777 2895 747 2247 1107 2277 1427 2607 876 2376 1434 2927 2934 224 1724
Route 30 : 1464 862 2362 966 2964 462 2466 1962 286 94 1786 88 1588 139 1639 1594 382 1882 1330 54 2830 1554 570 502 2070 742 666 2002 2242 2166
Route 31 : 160 219 487 1719 1660 481 1987 185 978 2478 1981 1685 823 2323 957 925 2425 2457 52 211 1552 192 1692 755 997 2255 1064 2497 2564 809 2309 1711
Route 32 : 961 19 1519 2461 321 57 1557 1821 948 2448 1293 1122 2622 1347 1044 2544 2793 2847 905 737 1435 2405 2935 258 783 1758 2237 2283 1082 880 2380 2582
Route 33 : 1361 900 1438 424 2861 1099 1924 2599 2938 169 1669 1068 2568 572 1472 2972 2072 1221 1467 2967 906 2406 547 2721 989 2047 2400 2489 1017 1339 2517 2839
Route 34 : 209 1709 526 2026 771 2271 1465 826 2326 2965 1449 1215 2949 2715 675 622 2122 2175 1343 2843 48 1548 1175 2675 319 1819 1413 2913 415 1252 2752 1915 107 1607
Route 35 : 600 2100 882 1169 2669 298 2382 441 1458 1798 2958 1941 220 264 1720 1764 1301 2801 511 543 2011 2043
Route 36 : 1090 2590 1382 2882 97 323 1823 629 1597 53 506 2129 1553 2006 238 29 1738 871 903 2371 2403 1529 936 1113 2436 460 2613 1960 974 2474
Route 37 : 210 1057 1710 2557 878 496 2378 932 1996 2432 812 1415 477 2312 1977 1399 2915 2899 1151 2651
Route 38 : 1117 640 2617 1311 577 2140 2077 1484 2811 2984 263 1763 921 2421 124 1624 643 691 1018 2143 2191 1418 2518 1352 2918 1089 2852 1140 89 2589 1589 2640
Route 39 : 1295 2795 1185 1440 956 2456 2685 2940 945 64 1268 2445 1564 1129 2768 2629 312 985 2485 1812 1201 2701 1083 1446 2583 1230 2946 1133 2730 1328 2633 901 2401 2828
Route 40 : 140 90 1590 545 610 2045 2110 1042 1640 359 2542 436 1859 1936 24 288 1524 35 562 1535 2062 1788 22 692 706 1522 2206 2192 1194 1351 2694 2851
Route 41 : 525 551 2025 1164 2051 1000 2500 2664 410 1910 333 1468 2968 1051 603 1833 1110 2551 2610 2103 1277 968 2777 121 2468 1621 1146 65 1565 1283 2646 2783 1316 2816
Route 42 : 189 513 1689 1367 2013 123 1623 998 2867 1054 2498 406 2554 1906 505 1119 2005 336 2619 684 1836 576 2184 2076 896 1193 2396 2693
Route 43 : 1493 2993 1432 2932 1460 272 1772 494 1192 2692 1994 889 1138 2389 2638 1065 2565 463 667 1963 2167 2960 612 386 711 2112 1257 2757 1886 2211 1425 2925
Route 44 : 886 1320 276 2386 754 2820 815 2315 1016 2254 2516 492 884 1992 1776 2384 102 1602 830 1442 2942 2330 660 683 2183 2160 627 32 2127 1532
Route 45 : 131 402 1631 1902 400 1326 1900 250 2826 1490 1750 1160 2990 2660 975 217 2475 101 182 1601 285 1682 1717 1785 216 893 1716 2393 560 2060
Route 46 : 1303 395 1895 2803 1097 739 2597 510 2239 2010 852 2352 105 1605 235 965 1735 2465 429 1338 1929 2838 1429 2929
Route 47 : 1307 580 2807 181 2080 539 1681 1456 2956 637 2039 1025 2137 1393 2893 199 2525 1699 1400 2900 1259 1106 2759 1439 2606 810 542 2042 2939 1288 2310 2788
Route 48 : 868 671 721 2171 2368 2221 196 537 2037 598 1696 12 2098 397 1512 1420 1897 15 1145 2920 1515 2645 138 1292 1638 1220 2792 1424 2924 2720 1317 2817
Route 49 : 584 2084 1401 2901 1416 2916 722 1197 2222 162 687 2697 1662 311 2187 1811 633 1092 2133 299 2592 1405 2905 1799 151 1651 1496 1168 2996 2668
Route 50 : 300 115 1615 1800 43 66 1543 273 373 1426 1566 1773 1204 1873 827 2704 1265 2926 2327 1450 2765 590 2950 2090 799 1012 2299 447 1947 2512
Route 51 : 401 1406 1901 2906 964 1142 2642 2464 890 172 1672 337 2390 212 1712 113 766 122 1622 112 2266 1837 1613 793 1612 982 2293 1481 2981 1371 2482 2871
Route 52 : 963 1234 2463 2734 795 1043 84 2543 1584 2295 1324 2824 82 922 2422 1582 819 986 2319 2486 791 374 2291 1874 579 338 1838 2079
Route 53 : 741 2241 1028 461 2528 1001 1961 404 2501 1118 1904 2618 729 1255 2755 2229 1014 1296 621 2514 2796 335 42 1835 2121 81 1542 1187 2687 1581
Route 54 : 371 1871 681 2181 1327 2827 147 1219 1647 2719 609 118 2109 158 356 1618 1658 1071 1856 1006 2571 2506 781 2281 213 1713
Route 55 : 700 171 1671 1207 2200 253 2707 331 1753 1479 229 1831 2979 658 731 1729 1354 451 2158 2231 851 391 2351 2854 1891 1249 1357 2857 2749 690 1244 2190 2744 1951
Route 56 : 983 1294 2483 1022 2794 2522 108 1379 1608 2879 1027 555 2527 1073 2055 278 2573 552 1778 1390 2052 1178 2890 2678 191 1691 279 1779 1120 2620
Route 57 : 1500 1170 2670 309 3000 1809 1086 215 674 2174 1715 2586 574 2074 765 2265 1356 1149 1488 2856 2649 145 2988 1645 1263 904 2763 1445 2404 2945 717 470 2217 1970
Route 58 : 847 91 1421 1591 2921 565 444 2347 1944 2065 119 277 327 1619 1777 1827 1055 75 1575 1015 2555 2515 1150 464 2650 993 2493 1964 704 1196 2204 2696
Route 59 : 453 1291 1953 563 2791 454 260 1760 2063 548 1954 2048 322 10 1822 1308 2808 1510 421 1195 2695 1921 1273 2773 1177 2677 937 818 2437 2318 892 2392
Route 60 : 1034 431 2534 869 2369 1931 515 944 2015 2444 857 2357 2 1502 117 1617 1387 2887 1223 1181 330 384 2681 1830 2723 349 1884 758 1849 2258
Route 61 : 114 1486 2986 1614 614 495 2114 1995 915 1498 2998 587 2415 1276 2776 2087 183 179 1683 736 1679 376 2236 1081 2581 1876 1428 588 1109 2609 2928 2088
Route 62 : 33 695 1533 668 2195 929 2168 2429 468 521 2021 222 1968 1722 918 1011 2511 933 2418 770 2433 924 2424 2270 931 522 2431 942 2022 1443 2442 2943
Route 63 : 745 2245 1137 855 2637 2355 746 73 1573 713 2246 2213 995 218 567 226 2067 2495 37 1726 1718 556 1243 2743 1537 324 2056 1362 2862 1155 1824 2655
Route 64 : 1478 71 2978 1571 393 44 1893 1544 1103 1436 2603 1336 2836 2936 1214 872 2372 2714 597 2097 792 2292 1349 599 2849 187 1306 1687 2099 2806
Route 65 : 1096 589 31 1531 2089 1093 2596 720 1078 2220 2578 200 1700 161 2593 1260 2760 519 2019 524 354 514 1661 2024 1854 1238 2014 1304 2804 2738 126 1626
Route 66 : 716 1444 2944 1171 2216 2671 1239 2739 1208 70 399 1570 2708 1899 954 752 2454 1222 2722 2252 564 2064 78 1072 1578 2572 1048 2548
Route 67 : 5 76 1505 1576 244 509 2009 1744 1029 2529 174 1674 927 2427 1282 1047 1132 2782 679 2632 2179 2547 673 2173 592 702 2092 1410 2910 2202 479 789 1979 2289
Route 68 : 1412 2912 422 1922 449 1021 2521 1469 1949 2969 206 1172 2672 1706 843 375 619 2119 1875 569 2343 2069 591 1189 2689 2091 990 976 798 2298 2490 2476
Route 69 : 787 13 1513 2287 388 594 1888 2094 984 910 2484 1492 2410 951 2451 2992 858 1005 607 2505 2358 2107 546 467 2046 1058 2558 1967 456 1956
Route 70 : 1159 2659 457 969 1957 602 2102 2469 11 476 1976 740 1511 2240 1030 154 1654 1153 459 2530 2653 355 1959 1855 452 36 1536 1952
Route 71 : 1087 1131 136 1037 1636 2587 175 1062 2537 2631 1675 2562 860 2360 1080 39 1411 2911 2580 1539 804 2304 907 636 2407 2136
Route 72 : 762 866 2262 1454 2366 785 2285 350 531 2954 1850 743 2031 2243 1470 178 2970 1678 659 2159 380 1218 2718 1880
Route 73 : 1102 207 1707 723 2602 2223 1392 163 1125 1663 2892 1495 2995 1246 1157 176 2625 1676 2657 110 2746 1610 1463 811 326 2311 1826 2963 920 1007 2507 2420
Route 74 : 265 761 1765 2261 1104 1024 497 2524 1997 2604 99 573 1599 1264 2764 2073 1216 38 2716 1538 1340 1391 566 2840 2891 2066 874 1094 2374 2594
Route 75 : 669 2169 403 1489 2989 1240 1206 1903 2740 2706 434 760 1934 753 2253 184 1684 455 2260 170 1278 1955 2778 440 1670 1940 364 1864
Route 76 : 1407 201 682 1701 2182 744 2907 2244 407 17 1517 1907 863 544 2363 2044 166 1666 575 1250 83 1583 2075 949 2750 845 2345 829 2449 613 2329 2113
Route 77 : 1342 616 2116 2842 1419 2919 1191 2691 1461 1310 2961 2810 709 1285 2209 2785 205 267 1705 1767 800 1437 2300 1162 618 2118 360 2662 557 2937 2057 1860
Route 78 : 585 2085 763 1186 2686 325 2263 1228 1825 2728 1389 259 2889 1759 362 180 1862 824 1056 2324 2556 1680 805 835 2305 1074 719 2335 2219 413 2574 1913
Route 79 : 914 911 2411 143 1643 242 2414 808 392 1742 1892 1381 1368 2881 2308 639 2868 2139 466 825 1966 2325 772 127 1627 527 1383 2883 2272 2027
Route 80 : 1253 970 2753 2470 1210 688 2710 2188 850 411 2350 95 1911 1595 159 14 1659 913 1514 2413 230 803 1049 1730 385 2549 418 1885 2303 1918
Route 81 : 26 269 1526 1134 2634 1769 357 268 297 1857 1768 797 794 2297 1797 802 2294 596 2302 902 784 2402 2284 504 2096 638 2138 2004 641 2141
Route 82 : 1211 240 1740 2711 1053 405 2553 926 1363 2863 2426 1394 2894 1905 248 1748 833 2333 778 529 865 2278 2029 2365 1476 2976 757 972 2257 2472 303 1803
Route 83 : 202 1702 1494 2994 748 2248 821 1266 2321 917 2766 2417 1143 1079 2579 2643 1409 412 1912 523 2909 274 394 2023 1894 59 1774 1075 1254 2754 1559 2575
Route 84 : 1135 408 41 1541 148 2635 1908 1648 1358 40 228 1540 2858 1728 49 246 1746 1549 1156 194 2656 1694 1163 353 2663 1853 34 130 1534 1341 1630 2841 1225 2725
Route 85 : 1286 909 2409 2786 1203 1345 2845 2703 875 1482 1095 2595 2982 2375 239 1452 1739 2952 774 1302 2274 2802 1491 1377 2991 280 1026 2877 2526 1780
Route 86 : 1300 1046 2800 2546 634 790 291 2290 2134 1791 1036 281 2536 533 2033 1781 499 290 1999 1790 1031 967 2467 1298 2531 661 2161 2798 625 999 2499 2125
Route 87 : 620 1158 2120 832 2658 656 2332 1323 2823 2156 1297 2797 4 318 1818 241 1504 1741 379 1879 1350 1375 2850 25 1525 106 2875 870 1606 2370
Route 88 : 417 1115 2615 1917 708 2208 1059 2559 1242 1422 2922 1233 2742 2733 409 1909 21 1521 1105 2605 1060 2560 1398 416 1916 2898 445 1455 1945 2955
Route 89 : 782 769 2282 2269 293 503 1793 2003 1366 1433 1380 2933 2866 2880 361 581 2081 1861 947 2447 1499 608 2999 2108 1299 430 994 2799 2494 9 1509 1930
Route 90 : 1333 1280 2780 2833 433 856 1933 348 2356 1848 448 971 2471 1948 848 725 842 2348 2342 2225 92 61 237 1737 1592 714 1100 1561 2214 2600
Route 91 : 18 252 1518 342 1752 77 186 1842 1577 1686 80 1580 236 1473 822 2322 958 1736 2973 1322 314 2458 2822 1814 952 864 2452 2364
Route 92 : 1269 137 2769 328 363 1637 1863 1828 381 1231 1881 2731 289 1141 1789 1459 482 1226 2959 2726 1457 2957 1982 2641 820 2320 484 1984 69 534 1569 2034 846 2346
Route 93 : 1069 885 2569 306 859 1474 2359 2974 1806 261 2385 1761 817 1182 2682 2317 190 104 1604 1690 670 469 2170 532 1124 2032 1370 2870 2624 1969
Route 94 : 853 828 2328 2353 193 51 1693 1180 2680 1551 991 2491 1088 2588 517 2017 1319 2819 1315 251 2815 1751 1052 1346 604 2552 2104 2846
Route 95 : 528 302 2028 631 750 2131 2250 935 1430 2930 2435 617 2117 308 1808 816 2316 652 647 1802 2152 227 2147 1727 648 79 2148 1579 930 1245 2430 727 2745 2227
Route 96 : 1453 2953 1154 2654 512 697 1198 2197 2012 87 1587 2698 488 475 313 1988 1975 490 1813 1990 549 645 1212 2049 2145 2712 141 940 2440 1641 780 2280
Route 97 : 150 419 1650 1305 2805 1919 74 63 1574 1563 938 340 2438 1840 93 1247 2747 724 2224 541 1116 2616 1593 849 2041 2349 1038 67 1040 1567 2538 2540
Route 98 : 20 134 473 1520 1634 1365 501 1973 2865 1414 2914 2001 1066 1 2566 1501 1344 247 1747 1309 2844 287 1787 2809 157 732 1657 414 1914 2232