Instance name:	ber-n1500-4
Authors:		Carlo Sartori and Luciana Buriol
Date:			2019-2-11
Reference:		A matheuristic approach to the PDPTW (to be submitted)
Solution
Route 1 : 495 280 618 302 1245 1052 1030 1368 246 996 328 570 1078 1320 1 273 1023 725 1475 226 976 406 1156 127 751 465 504 877 1215 86 1254 207 836 957 100 679 309 1429 850 85 552 247 1059 835 1302 997
Route 2 : 404 193 548 943 1154 1298 456 502 1206 1252 205 372 955 663 1122 695 1413 1445 605 1355 312 1062 105 855 21 771 592 1342 199 602 573 949 1352 111 717 1467 861 1323
Route 3 : 206 956 696 181 931 1446 369 361 1111 694 60 1119 810 1444 18 481 311 768 1231 289 1039 738 735 1061 6 756 1485 1488 704 441 1454 106 1191 213 856 963 260 1010 423 333 1173 1083
Route 4 : 492 512 1242 499 1262 198 241 991 948 1249 316 1066 351 66 816 300 87 1050 1101 292 837 1042 172 676 922 1426 132 422 1172 882 608 347 533 1358 1097 1283 357 1107
Route 5 : 500 1250 402 1152 487 630 1237 141 1380 745 891 209 1495 959 514 432 529 1264 1279 730 1182 383 161 1480 1133 390 1140 911 17 625 767 575 1325 424 1375 26 776 673 1174 1423 382 1132
Route 6 : 536 255 497 1286 219 1005 1247 472 196 1222 684 946 969 25 1434 135 775 437 885 462 1212 572 1187 611 1361 222 972 541 98 848 1291 33 455 783 1205 702 748 266 1452 1498 646 1016 1396 1322 705 373 1455 1123
Route 7 : 554 431 1304 355 384 1105 1134 1181 343 1093 517 204 414 1164 1267 954 183 933 139 8 889 401 659 1151 126 758 876 439 1409 1189 221 971 46 363 1113 796 147 257 897 1007
Route 8 : 637 597 356 285 267 1387 1347 1106 1035 283 278 1033 653 1403 1028 129 1017 879 522 1272 173 118 923 868 225 975 655 370 99 1405 1120 849 101 478 1228 354 851 331 37 603 1081 1353 1104 787
Route 9 : 564 588 1314 1338 375 474 733 264 1224 48 1014 798 581 235 1125 1483 985 1331 451 326 1201 549 1299 671 1076 587 1337 607 1421 1357 385 1135 426 325 1176 1075 125 624 71 1374 821 875
Route 10 : 121 644 265 1015 516 1266 582 871 553 1303 1394 1332 706 1456 47 143 797 443 1193 295 547 893 124 874 1297 151 95 1045 901 845 69 403 545 1295 1153 819
Route 11 : 336 166 916 1086 580 1330 574 1324 746 344 1094 563 1313 188 1496 528 159 938 1278 498 413 909 117 1163 720 519 867 1269 1248 1470 400 420 1170 1150 435 692 1185 475 1225 1442 185 935
Route 12 : 345 180 489 1239 1095 428 930 509 320 1259 88 1178 701 1451 464 1070 838 473 1214 1223 567 593 1317 458 1343 1208 703 598 1453 346 560 1310 1348 1096 137 12 263 1013 762 689 887 392 1142 1439
Route 13 : 256 674 1006 416 234 1424 305 1166 984 1055 215 965 615 179 1365 251 929 177 927 10 1001 537 760 377 1287 1127 169 919 227 647 491 977 270 1397 366 1241 1116 1020 318 1068 116 450 866 1200
Route 14 : 579 510 585 1329 469 1335 1219 395 1260 243 1145 524 1274 672 158 993 142 908 892 407 1422 1157 57 807 651 360 202 952 220 1401 30 970 1110 780 427 1177 156 303 334 1053 557 1084 906 286 1307 1036
Route 15 : 429 1179 200 476 353 148 950 1103 654 1404 632 898 1382 297 291 1047 1041 409 642 11 761 310 1060 531 1281 1159 1392 1226 35 410 272 1160 1022 352 488 785 1238 543 1102 1293 452 31 781 1202 741 1491
Route 16 : 335 133 728 1085 883 1478 238 988 657 82 3 1407 832 556 108 858 1306 747 36 753 595 661 786 1345 1497 1411 248 397 186 91 936 841 1147 998 561 589 503 1253 650 571 1400 1339 1321 1311
Route 17 : 591 677 1427 376 576 1126 1341 558 1326 236 619 1308 534 1369 1284 342 1092 986 103 262 698 853 1012 643 1448 1393 290 454 338 1088 1040 513 1263 1204 350 479 32 1100 1229 555 782 708 1458 1305
Route 18 : 228 4 391 754 268 978 1141 750 330 1018 1080 1500 154 904 482 1232 29 58 84 808 394 834 779 623 1144 261 508 1373 613 1258 621 1363 1011 229 979 399 1371 274 81 167 1024 1149 831 917
Route 19 : 440 667 281 1190 1031 1417 617 67 1367 817 681 275 1431 45 1025 381 1131 490 505 387 795 633 1383 1255 1240 1137 53 449 803 415 1199 496 1246 1165 210 638 960 1388 732 1482
Route 20 : 23 115 421 1171 773 523 865 1273 61 50 811 389 1139 800 252 22 1002 436 9 1186 736 306 1056 772 739 1489 1486 612 109 759 1362 367 463 859 175 925 1117 42 1213 792 16 20 380 1130 770 766
Route 21 : 485 710 411 1460 434 744 1494 1235 112 1184 110 1161 862 538 860 1288 62 812 94 379 844 1129 460 527 374 1277 1210 1124 24 774 56 806 727 620 1477 640 1370 119 1390 666 869 1416
Route 22 : 140 80 830 419 1169 590 890 660 1340 511 1261 718 1410 231 1468 981 610 550 1360 1300 259 1009 691 731 1481 145 895 1441 737 96 1487 723 14 846 1473 250 1000 764 628 339 168 918 715 1089 197 1465 1378 947
Route 23 : 55 566 1316 805 341 626 1091 535 1285 546 1376 78 1296 828 277 190 658 940 690 1408 396 1440 64 814 1027 1146 184 934 27 484 408 1234 777 636 1158 92 842 70 1386 820 150 15 900 765
Route 24 : 307 713 279 1463 1057 483 176 1029 926 1233 430 1180 716 358 1108 1466 656 530 1280 68 639 1406 1389 365 453 1115 1203 818 40 790 160 41 90 910 669 1419 840 791
Route 25 : 208 958 680 192 942 232 1430 114 418 1168 864 459 1209 982 648 1398 174 72 822 924 315 1065 348 438 1098 299 1188 1049
Route 26 : 332 223 973 1082 600 606 1356 74 1350 824 693 304 1443 122 467 872 1217 1054 729 433 224 1183 1479 974 609 1359 448 627 1377 1198 368 301 1118 1051 364 1114 288 1038 442 1192
Route 27 : 164 282 1032 134 914 884 337 138 1087 79 298 829 888 565 1048 93 1315 843 388 1138 634 1384 711 578 1328 89 726 1476 839 551 1461 1301 327 2 752 1077 601 240 1351 51 990 801
Route 28 : 165 915 722 683 1433 468 1472 170 1218 920 412 155 905 317 1162 5 1067 493 755 319 544 1243 1069 699 1294 675 1449 1425 641 1391 386 349 480 1099 665 1415 622 1372 1136 63 1230 813 54 19 804 769
Route 29 : 425 7 329 1079 757 1175 113 863 182 294 1044 362 932 157 1112 271 120 1021 907 76 870 826 171 921 39 444 107 789 1194 83 857 714 1464 102 323 1073 833 852 629 1379
Route 30 : 707 631 1457 1381 568 1318 314 1064 191 65 815 941 477 721 1471 749 562 1227 153 1312 903 1499 685 322 1072 1435 44 417 794 1167 724 1474 584 1334 526 1276
Route 31 : 49 216 616 559 966 799 1309 1366 144 894 697 136 393 1447 1143 539 604 886 1354 359 1109 594 1289 1344 515 201 1265 682 1432 951 635 486 1385 195 945 293 1236 1043 447 1197 239 989
Route 32 : 662 596 542 1346 719 1469 218 968 1292 1412 507 743 1493 599 1257 152 1349 700 902 520 670 1270 1450 525 1420 1275 470 1220 203 577 953 128 1327 269 1019 471 649 1221 1399 878
Route 33 : 446 276 1026 378 1128 233 569 1196 461 983 1319 217 287 1211 967 189 939 254 1004 586 1037 742 398 1148 28 1492 778 1336 284 1034 73 664 237 823 668 1418 1414 214 964 987
Route 34 : 230 686 1436 652 258 1402 980 1008 131 687 1437 313 881 212 59 1063 809 532 962 1282 457 13 1207 763 678 162 1428 912 340 43 1090 405 1155 793 614 163 501 913 1364 1251
Route 35 : 244 321 1071 994 740 1490 245 146 97 896 296 995 847 506 1046 583 1333 1256 249 194 540 999 1290 242 518 944 992 521 1268 1271 324 38 734 788 1074 1484
Route 36 : 308 494 1058 371 1244 149 1121 75 178 688 899 928 123 825 873 211 52 1438 802 961 712 1462 77 466 1216 445 1195 709 827 253 1003 1459 130 645 34 187 880 937 104 1395 854 784
