Instance name:	ber-n5000-1
Authors:		Carlo Sartori and Luciana Buriol
Date:			2019-2-11
Reference:		A matheuristic approach to the PDPTW (to be submitted)
Solution
Route 1 : 167 264 2667 2353 2764 2097 4597 4853
Route 2 : 2448 1872 694 3194 4372 507 4948 3007 2228 4728
Route 3 : 2443 4943 211 802 2711 943 3443 3302
Route 4 : 1748 2437 4248 2042 2106 4542 4937 4606
Route 5 : 2438 2098 4938 4598 2141 1690 4641 4190
Route 6 : 749 3249 1832 4332 764 3264 433 2933
Route 7 : 1662 904 4162 3404 841 1501 3341 4001
Route 8 : 2182 2404 4682 4904 715 1409 2000 3909 3215 4500
Route 9 : 990 3490 2336 187 2432 4836 4932 2687
Route 10 : 1704 2214 4204 4714 1212 3712 949 3449
Route 11 : 1037 3537 2497 1444 509 3009 4997 3944
Route 12 : 571 3071 447 522 958 2947 3458 3022
Route 13 : 2464 2273 4773 1285 1980 4964 3785 4480
Route 14 : 1859 4359 506 1602 3006 4102 441 2941
Route 15 : 2067 1904 4567 1945 4404 4445
Route 16 : 778 1167 1247 3667 3278 1817 3747 4317
Route 17 : 145 2645 961 1562 1292 4062 3792 3461
Route 18 : 2180 2178 1699 4199 4680 4678
Route 19 : 406 168 11 2511 2668 1876 4376 2906
Route 20 : 2493 2149 4993 1136 619 3636 4649 3119
Route 21 : 819 34 1176 988 3676 3319 2534 3488
Route 22 : 844 840 671 3340 3344 2175 3171 4675
Route 23 : 3 2503 1462 2357 1992 4492 4857 3962
Route 24 : 2191 4691 2126 4626 2183 2436 4683 4936
Route 25 : 2209 1731 4231 4709 2422 4922
Route 26 : 1299 2218 1920 2108 4420 4608 4718 3799
Route 27 : 2045 4545 2477 2452 1776 1860 4977 4360 4952 4276
Route 28 : 244 1733 1566 2744 2346 4066 4233 4846
Route 29 : 1808 2360 4308 2499 4860 1913 4413 4999
Route 30 : 2092 2096 1698 4198 4592 4596 2020 4520
Route 31 : 2086 4586 1905 1336 410 2910 3836 4405
Route 32 : 1382 107 1395 3895 3882 2607 1759 4259
Route 33 : 957 1153 3653 744 3457 3244
Route 34 : 269 863 2769 784 3284 3363 469 2969
Route 35 : 200 1313 322 3813 2822 2700 687 3187
Route 36 : 108 2263 1978 2608 4763 4478
Route 37 : 1967 246 432 2932 2051 4467 2746 4551
Route 38 : 2134 1836 2413 4634 1078 4913 4336 3578
Route 39 : 2172 4672 1918 1959 1829 4459 4418 4329
Route 40 : 1319 3819 1617 50 4117 1855 4355 2550
Route 41 : 1591 1230 3730 4091 2483 4983 2410 2334 4834 4910
Route 42 : 139 2394 2639 1434 4894 3934
Route 43 : 891 351 3391 261 2851 28 2761 2528
Route 44 : 1761 4261 135 1887 4387 2361 4861 2635
Route 45 : 1467 3967 2255 1711 2368 4755 4211 4868
Route 46 : 35 2535 740 901 861 3240 3401 3361
Route 47 : 80 2580 444 98 2598 782 3282 1160 2944 3660
Route 48 : 1626 2196 222 4696 2428 4126 2722 4928
Route 49 : 1061 948 318 2818 1470 3448 3561 3970
Route 50 : 93 1999 228 2728 4499 2593
Route 51 : 1722 4222 1517 4017 97 1259 3759 2597
Route 52 : 2220 4720 2033 1846 4346 2211 4711 4533
Route 53 : 2018 2367 4518 4867 702 67 3202 2567
Route 54 : 1015 1845 3515 2333 4345 651 4833 3151
Route 55 : 1765 1952 4265 4452 2402 4902
Route 56 : 524 1139 3024 2105 4605 2046 4546 3639
Route 57 : 1895 2293 4395 2294 4793 4794
Route 58 : 1721 2283 4783 2496 2399 4221 4996 4899
Route 59 : 2215 1364 1202 3864 2391 4715 3702 4891
Route 60 : 394 757 1210 3257 2894 279 3710 2779
Route 61 : 643 301 70 2570 352 2852 2801 3143
Route 62 : 1450 1669 191 1610 4169 3950 2691 4110
Route 63 : 2350 4850 2130 1489 3989 1899 4630 4399
Route 64 : 1514 1186 617 1558 3117 4058 4014 3686
Route 65 : 371 27 2871 1330 3830 176 2527 2676
Route 66 : 746 89 160 2589 3246 2660
Route 67 : 1551 4051 2472 2201 4701 2340 4972 4840
Route 68 : 608 3108 923 1279 3423 3779
Route 69 : 1250 3750 2449 2146 4949 4646 2384 4884
Route 70 : 672 1567 1374 4067 3172 3874
Route 71 : 1995 2345 971 4495 3471 4845 2217 4717
Route 72 : 1062 1276 3776 1638 3562 2221 4138 4721
Route 73 : 2430 4930 963 1012 3463 212 3512 2712
Route 74 : 78 91 2591 1632 2578 1996 4132 4496
Route 75 : 2291 1038 925 4791 3538 3425
Route 76 : 489 2989 113 1493 2359 3993 2613 4859
Route 77 : 649 872 3149 1495 2313 3372 4813 3995
Route 78 : 1389 1125 1814 3889 3625 4314
Route 79 : 950 1095 1079 3595 2468 3579 3450 4968
Route 80 : 2407 1054 1399 4907 1641 3554 3899 4141
Route 81 : 2261 2232 4761 1348 4732 1788 4288 3848
Route 82 : 1664 214 4164 2714 884 3384 333 2833
Route 83 : 275 384 2775 1624 2884 226 2726 4124
Route 84 : 1314 3814 1131 913 916 3631 3416 3413
Route 85 : 73 2088 4588 2135 2573 4635 361 2861
Route 86 : 919 3419 2370 1327 3827 4870 1598 4098
Route 87 : 2107 2326 2029 4826 1756 4256 4607 4529
Route 88 : 2094 4594 1321 678 3821 3178
Route 89 : 514 1701 2279 4201 3014 4779
Route 90 : 2481 1725 4225 4981 324 2824
Route 91 : 1040 32 3540 1688 4188 2532 645 3145
Route 92 : 1586 4086 1185 1473 3685 3973
Route 93 : 1402 153 2653 2253 4753 3902 2168 4668
Route 94 : 1911 4411 611 3111 1475 983 3975 3483
Route 95 : 1787 2298 4287 2158 4658 4798 1156 3656
Route 96 : 1114 3614 800 662 389 2889 3300 3162
Route 97 : 1673 1623 4173 2036 4123 1474 4536 3974
Route 98 : 779 181 3279 1000 3500 2681
Route 99 : 477 2977 1607 1459 2347 3959 4107 4847
Route 100 : 912 1031 3531 899 3399 3412 2372 4872
Route 101 : 755 1129 3629 710 1681 3210 3255 4181 603 3103
Route 102 : 2457 673 1245 3173 4957 2290 3745 4790
Route 103 : 1208 931 3708 1715 3431 1881 4215 4381
Route 104 : 2001 4501 2440 954 4940 3454
Route 105 : 286 1316 2786 150 24 2524 2650 3816
Route 106 : 1007 1182 1150 3507 3650 3682
Route 107 : 466 2966 1066 874 760 3374 3566 3260
Route 108 : 1671 440 10 2940 4171 1592 2510 4092
Route 109 : 1524 376 2876 4024 1728 2329 4228 4829
Route 110 : 1376 616 3876 1693 516 3016 4193 3116
Route 111 : 1831 2144 1865 4644 4365 4331
Route 112 : 128 121 2621 2060 2628 313 4560 2813
Route 113 : 2267 1811 204 1710 4311 4767 4210 2704
Route 114 : 2495 1564 4995 2365 1932 4432 4064 4865
Route 115 : 1280 3780 1261 3761 1596 1362 3862 4096
Route 116 : 763 3263 612 189 1357 3857 3112 2689
Route 117 : 461 927 3427 2961 2323 1809 4823 4309
Route 118 : 771 1584 1502 835 3335 4002 4084 3271
Route 119 : 2203 4703 699 767 3267 288 3199 2788
Route 120 : 25 640 2525 445 2945 1691 3140 4191
Route 121 : 1042 1140 2244 3542 3640 1810 4744 4310
Route 122 : 1839 1833 1744 4333 4244 4339
Route 123 : 2324 4824 1732 1687 4187 1538 4232 4038
Route 124 : 2014 2145 1646 4645 2104 4514 4146 4604
Route 125 : 1191 496 2996 197 2697 3691 866 3366
Route 126 : 2314 1603 4814 2165 2356 4103 4665 4856
Route 127 : 1734 4234 2275 658 4775 3158
Route 128 : 482 2982 1133 3633 1930 1488 3988 4430
Route 129 : 1207 37 3707 1407 201 2537 2701 3907
Route 130 : 797 2285 3297 1206 2435 4935 4785 3706
Route 131 : 2383 117 642 2617 4883 3142 42 2542
Route 132 : 47 366 234 2173 2734 2547 2866 4673
Route 133 : 1858 4358 68 76 2568 2576
Route 134 : 1856 1513 729 4356 4013 3229
Route 135 : 693 698 1392 635 3892 3198 3193 3135
Route 136 : 515 1902 3015 1794 4402 4294
Route 137 : 1453 1089 3589 3953 2039 4539 1179 3679
Route 138 : 1433 590 940 3440 3933 3090
Route 139 : 1784 4284 1205 918 1223 3418 3723 3705
Route 140 : 1239 962 3739 646 3462 3146
Route 141 : 2111 2040 1936 4611 1769 4540 4269 4436
Route 142 : 370 2870 1115 3615 1226 1864 3726 4364
Route 143 : 1300 41 2541 1377 3800 3877
Route 144 : 1599 585 843 3085 4099 3343
Route 145 : 2093 4593 458 1123 2958 3623
Route 146 : 2299 2411 1003 4799 2252 4911 4752 3503
Route 147 : 556 418 3056 2918
Route 148 : 1220 544 3720 2358 2170 3044 4670 4858
Route 149 : 967 331 980 2831 3467 2451 3480 4951
Route 150 : 1100 485 3600 2985 768 436 2936 3268
Route 151 : 539 300 941 3441 937 3039 3437 2800
Route 152 : 576 734 3076 162 2662 1685 3234 4185
Route 153 : 2023 2325 4523 1333 3833 4825
Route 154 : 2492 1960 4992 2489 4460 4989
Route 155 : 1485 1306 3985 2231 3806 4731
Route 156 : 877 86 3377 897 523 2586 3023 3397
Route 157 : 628 3128 1526 849 1557 3349 4026 4057
Route 158 : 2229 4729 1993 4493 1815 4315
Route 159 : 417 2917 1443 497 993 2997 3493 3943
Route 160 : 1962 4462 2128 2188 4628 4688
Route 161 : 1077 3577 1793 171 1024 4293 2671 3524
Route 162 : 537 3037 451 284 208 2708 2951 2784
Route 163 : 2338 4838 360 1243 3743 2860
Route 164 : 472 2972 449 172 2672 2949 839 3339
Route 165 : 1770 4270 1579 1464 4079 3964
Route 166 : 15 1352 1500 3852 190 2515 2690 4000
Route 167 : 634 3134 821 717 3321 525 3217 3025
Route 168 : 1057 425 382 2925 3557 2882
Route 169 : 1741 302 1436 2802 4241 1986 3936 4486
Route 170 : 45 1445 2545 3945 1886 4386 2331 4831
Route 171 : 1547 1322 2005 4047 4505 3822
Route 172 : 40 2540 281 1645 2781 245 4145 2745
Route 173 : 2054 532 3032 4 2504 743 3243 4554
Route 174 : 1746 2032 1820 4246 4320 4532 1800 4300
Route 175 : 110 1148 1497 609 2610 3648 3109 3997
Route 176 : 392 1639 2892 883 4139 3383
Route 177 : 2433 4933 1260 3760 374 1465 2874 3965
Route 178 : 2409 2122 1694 1297 4194 4622 4909 3797
Route 179 : 2121 4621 1408 606 3106 231 3908 2731
Route 180 : 1110 481 3610 1337 2981 3837
Route 181 : 597 1384 1525 3884 51 3097 2551 4025
Route 182 : 362 235 896 2862 2735 1349 3396 3849
Route 183 : 1956 2286 4456 2300 4800 2459 4959 4786
Route 184 : 2202 2351 1819 4319 2414 4702 4851 4914
Route 185 : 13 2311 720 2513 1972 4472 3220 4811
Route 186 : 2176 2082 1719 4676 4219 4582
Route 187 : 1406 711 79 2579 3211 3906
Route 188 : 277 1481 3981 2777 2241 4741
Route 189 : 1609 1680 4180 4109 1708 1875 4375 4208
Route 190 : 1777 2491 4991 4277 1651 4151
Route 191 : 1232 1051 3551 1476 1435 3732 3976 3935
Route 192 : 272 1625 724 3224 2772 4125
Route 193 : 1009 291 859 3509 3359 2791
Route 194 : 357 163 2163 2857 2663 2390 4663 4890
Route 195 : 2403 889 4903 247 3389 2747
Route 196 : 1648 1215 984 57 2557 4148 3715 3484
Route 197 : 1789 4289 1477 340 2840 3977
Route 198 : 975 890 3390 3475 280 1576 4076 2780
Route 199 : 1824 1707 4207 1146 4324 3646
Route 200 : 846 1977 4477 3346 2113 2320 4613 4820
Route 201 : 1979 1298 3798 1439 3939 4479
Route 202 : 1198 3698 391 629 3129 2891
Route 203 : 375 274 358 2774 2858 2875
Route 204 : 1117 1081 455 2955 3581 3617
Route 205 : 986 1675 558 3486 3058 4175
Route 206 : 2190 2268 4768 2355 4690 4855
Route 207 : 1255 487 956 3456 1647 3755 2987 4147
Route 208 : 2471 511 1649 4971 3011 4149
Route 209 : 838 1275 3338 1594 1516 3775 4016 4094
Route 210 : 421 978 2921 2002 3478 4502
Route 211 : 575 104 3075 2604 997 3497 9 2509
Route 212 : 865 195 2695 1615 1411 3365 3911 4115
Route 213 : 311 2024 727 254 3227 4524 2754 2811
Route 214 : 2377 1661 4161 4877 2424 4924
Route 215 : 1752 1783 2083 4583 2150 4252 4650 4283
Route 216 : 2166 1947 2423 2500 4447 4923 5000 4666
Route 217 : 1544 102 2602 4044 1343 3843 1065 3565
Route 218 : 1938 4438 705 1622 847 4122 3205 3347
Route 219 : 404 1329 1582 4082 2904 3829 2072 4572
Route 220 : 2392 4892 637 581 3137 3081
Route 221 : 2021 2343 562 4521 3062 4843
Route 222 : 852 308 805 3352 2808 3305
Route 223 : 1166 1130 3630 2230 3666 4730
Route 224 : 1113 1216 987 3716 3613 3487
Route 225 : 644 842 2184 1553 3342 3144 4053 4684
Route 226 : 2277 2296 4796 4777 700 3200
Route 227 : 495 2995 2035 1455 3955 1356 3856 4535
Route 228 : 1781 928 2078 4281 3428 4578
Route 229 : 1954 2137 4637 1955 4455 4454
Route 230 : 690 2133 3190 552 3052 4633
Route 231 : 845 106 476 2606 2976 3345
Route 232 : 2327 1720 1838 4827 4220 1700 4338 4200
Route 233 : 563 3063 1426 3926 1254 3754
Route 234 : 2478 315 4978 583 1997 4497 3083 2815
Route 235 : 1142 26 1405 3642 3905 2526
Route 236 : 2364 666 4864 3166 1577 4077
Route 237 : 1175 3675 765 561 991 3265 3491 3061
Route 238 : 419 1542 53 4042 2553 2919
Route 239 : 1002 1126 3626 2274 3502 4774
Route 240 : 1390 783 824 3283 3324 3890
Route 241 : 998 112 411 2612 2911 3498
Route 242 : 1957 61 4457 1457 1256 2561 3957 3756
Route 243 : 1556 1184 1010 829 4056 3684 3510 3329
Route 244 : 559 1173 1848 3059 3673 4348
Route 245 : 49 1084 3584 2549 533 3033
Route 246 : 1304 862 1616 3804 3362 4116
Route 247 : 992 3492 1521 4021 2237 4737
Route 248 : 388 626 3126 38 2888 2538
Route 249 : 276 2776 1044 1889 3544 4389
Route 250 : 804 661 1507 3161 3304 4007
Route 251 : 2434 4934 484 2984 1906 712 4406 3212
Route 252 : 2429 2445 4929 2308 4808 4945
Route 253 : 1792 1762 1844 4344 4292 1891 4391 4262
Route 254 : 1510 1345 3845 4010 892 3392
Route 255 : 2236 1534 1927 4736 4034 4427
Route 256 : 81 2581 1650 519 4150 2114 4614 3019
Route 257 : 1368 1324 1563 3868 3824 4063
Route 258 : 2227 4727 1097 1143 3643 3597 653 3153
Route 259 : 2025 2405 4525 4905 2242 4742
Route 260 : 336 526 2836 396 3026 2896
Route 261 : 1703 1413 707 3913 4203 3207
Route 262 : 1164 830 3330 3664 2309 4809
Route 263 : 1531 1509 263 2763 1608 4108 4031 4009
Route 264 : 2177 4677 1086 1619 4119 3586
Route 265 : 582 1358 3082 1107 3858 3607
Route 266 : 598 1271 1689 4189 3098 3771
Route 267 : 503 229 2729 2013 1822 3003 4513 4322
Route 268 : 1403 468 3903 1928 2968 4428
Route 269 : 115 1308 1213 2615 3713 3808
Route 270 : 549 3049 599 554 3054 3099
Route 271 : 1976 1478 3978 4476 1724 4224
Route 272 : 2124 4624 820 220 2720 3320
Route 273 : 531 62 2562 2397 2110 3031 4610 4897
Route 274 : 2022 2037 1916 4416 4522 4537
Route 275 : 655 602 775 3155 3275 3102
Route 276 : 920 1135 517 330 2830 3017 3635 3420
Route 277 : 1730 4230 54 1468 2554 3968
Route 278 : 2194 1919 4419 4694 548 3048
Route 279 : 1059 1004 66 3559 2566 3504
Route 280 : 1005 1020 3505 119 2619 3520
Route 281 : 156 541 1391 2656 3891 3041
Route 282 : 131 769 2631 3269
Route 283 : 2087 2488 4587 1714 4988 4214
Route 284 : 296 2796 1678 553 4178 3053 781 3281
Route 285 : 594 3094 241 380 2880 2741
Route 286 : 1897 2421 4397 2248 4921 4748
Route 287 : 1580 1683 4183 4080
Route 288 : 2385 1742 2418 4918 4885 4242
Route 289 : 1122 3622 1273 138 3773 2638
Route 290 : 1790 4290 126 2626 199 446 2946 2699
Route 291 : 1221 2208 3721 942 3442 4708
Route 292 : 1644 1518 4144 1265 4018 3765
Route 293 : 1910 1738 1854 4238 2049 4354 4410 4549
Route 294 : 2376 2301 4876 1401 3901 4801
Route 295 : 480 1211 1085 3711 2980 3585
Route 296 : 1851 1425 1975 4475 3925 4351
Route 297 : 1643 1048 1294 3794 3548 4143
Route 298 : 2305 1914 1532 4414 4805 4032
Route 299 : 239 791 2739 679 1008 3291 3179 3508
Route 300 : 2059 1157 65 3657 2565 4559
Route 301 : 955 502 408 3002 2908 3455
Route 302 : 2164 4664 2187 1953 4453 4687
Route 303 : 1203 929 3429 3703 1155 3655
Route 304 : 1108 1410 3608 1055 3910 3555
Route 305 : 806 1035 3306 2240 1483 3983 4740 3535
Route 306 : 647 3147 101 2601 680 1561 3180 4061
Route 307 : 438 23 2938 2523 424 328 2924 2828
Route 308 : 18 2518 1278 1640 2047 3778 4140 4547
Route 309 : 2008 4508 853 686 903 3186 3353 3403
Route 310 : 378 624 3124 1950 4450 2878
Route 311 : 1240 2154 3740 343 4654 2843
Route 312 : 2116 2189 1755 4616 4255 4689
Route 313 : 1974 1190 3690 4474 1971 2475 4975 4471
Route 314 : 994 1736 3494 2169 4669 4236
Route 315 : 530 1373 3030 513 3873 3013 1375 3875
Route 316 : 20 921 1286 3421 2520 3786
Route 317 : 555 1380 298 3880 3055 2798
Route 318 : 1768 1073 1587 4268 4087 3573
Route 319 : 567 1149 946 3446 3649 3067
Route 320 : 964 251 3464 1154 2009 2751 4509 3654
Route 321 : 1070 152 2652 631 3570 3131
Route 322 : 774 465 3274 2156 2965 4656 2460 4960
Route 323 : 770 1575 1183 3683 3270 4075
Route 324 : 1893 1949 4393 2427 4449 4927
Route 325 : 488 2988 1370 82 2582 1317 3817 3870
Route 326 : 188 1597 2688 4097
Route 327 : 2287 2031 4531 2245 4787 2316 4745 4816
Route 328 : 1981 4481 1984 1033 1668 4168 4484 3533
Route 329 : 1043 976 1071 3543 3476 3571
Route 330 : 7 2507 14 499 2514 2999
Route 331 : 721 1574 4074 2339 3221 4839
Route 332 : 659 483 3159 2983 1498 3998
Route 333 : 125 1604 2055 4555 2625 4104
Route 334 : 773 148 270 2770 3273 2648
Route 335 : 2159 4659 945 1332 3832 3445
Route 336 : 736 1633 1277 4133 3236 3777
Route 337 : 428 2281 2928 1026 4781 3526
Route 338 : 1939 4439 1757 4257 2469 4969
Route 339 : 818 3318 1964 2278 4464 4778
Route 340 : 2400 2315 2136 4636 4900 4815
Route 341 : 103 1236 518 161 3018 2661 2603 3736
Route 342 : 347 398 33 2533 2898 2847
Route 343 : 143 1344 854 3354 3844 2643
Route 344 : 475 1189 754 2975 3254 3689
Route 345 : 196 2696 124 1090 2624 3590 600 3100
Route 346 : 2219 4719 867 2257 3367 4757
Route 347 : 1056 3556 307 1030 2807 2289 3530 4789
Route 348 : 2062 4562 1656 738 3238 4156
Route 349 : 1560 1163 4060 1868 3663 4368
Route 350 : 381 2881 831 1253 3331 3753
Route 351 : 1036 1588 2017 4088 3536 4517
Route 352 : 2455 2206 1195 4955 3695 4706
Route 353 : 429 638 3138 2929
Route 354 : 745 684 3245 3184
Route 355 : 623 3123 401 434 2934 2901
Route 356 : 689 1684 454 1233 4184 3189 2954 3733
Route 357 : 2375 4875 605 3105 1670 4170
Route 358 : 1946 4446 169 935 3435 2669
Route 359 : 1334 1360 1417 3860 3917 3834
Route 360 : 713 3213 450 811 2950 3311
Route 361 : 977 621 1050 3477 3121 3550
Route 362 : 2264 1658 4158 2011 4764 4511
Route 363 : 2095 1692 4595 2408 4192 1717 4908 4217
Route 364 : 464 2964 1092 3592 1456 1589 3956 4089
Route 365 : 1199 430 3699 1442 2930 3942 2034 4534
Route 366 : 756 3256 798 1371 3298 3871
Route 367 : 2318 4818 2295 1896 4396 4795
Route 368 : 460 2960 669 2304 3169 4804
Route 369 : 2063 4563 742 3242 2337 4837
Route 370 : 1659 2467 2379 4159 4967 4879
Route 371 : 2 1225 2502 1249 3725 3749
Route 372 : 601 309 1529 4029 3101 2809
Route 373 : 423 521 271 787 3021 2923 2771 3287
Route 374 : 2019 2152 2007 4519 4652 4507
Route 375 : 1750 2387 4250 4887 1469 3969
Route 376 : 1235 708 1093 3735 3593 3208
Route 377 : 2064 911 2075 4564 3411 4575
Route 378 : 1372 337 2837 1441 3872 3941
Route 379 : 1747 2259 685 3185 4759 4247
Route 380 : 632 2205 3132 4705 1666 4166
Route 381 : 373 319 2819 989 2873 3489 1743 4243
Route 382 : 803 751 346 3303 2846 3251
Route 383 : 338 2838 1147 77 2577 3647
Route 384 : 2442 2207 1890 4942 4390 4707
Route 385 : 2465 4965 2129 1867 4629 4367
Route 386 : 2373 2069 4873 4569 914 3414
Route 387 : 2258 1550 4758 4050 1234 3734
Route 388 : 1797 1076 2041 4541 4297 3576
Route 389 : 221 341 2841 815 3315 1094 2721 3594
Route 390 : 1219 1224 888 3388 3719 3724
Route 391 : 1778 2450 4950 52 4278 2552
Route 392 : 1355 354 2854 1241 3855 3741
Route 393 : 816 664 207 3164 2707 3316
Route 394 : 202 390 1600 2890 2702 4100
Route 395 : 1124 2118 2003 3624 4503 4618
Route 396 : 1338 3838 303 1520 2803 4020
Route 397 : 560 170 3060 2670
Route 398 : 1138 2406 3638 4906 1785 4285
Route 399 : 856 1340 147 3356 2647 3840
Route 400 : 1229 114 2614 2090 3729 4590 2204 4704
Route 401 : 100 224 2600 130 2630 2724
Route 402 : 810 732 146 584 3310 3232 3084 2646
Route 403 : 1266 238 1611 3766 2738 4111
Route 404 : 2266 1786 4766 2306 4286 4806
Route 405 : 886 405 878 2905 3386 3378
Route 406 : 2382 203 4882 1393 2703 3893
Route 407 : 1511 1281 473 3781 4011 2973
Route 408 : 1665 822 3322 2138 4638 4165
Route 409 : 639 823 1917 4417 3139 3323
Route 410 : 636 979 1448 3948 3479 3136
Route 411 : 258 1274 2758 3774
Route 412 : 2302 936 1935 4802 4435 3436
Route 413 : 364 1523 2864 1301 3801 4023
Route 414 : 1982 565 3065 1585 4482 4085
Route 415 : 932 1813 230 4313 2730 3432
Route 416 : 2335 1545 520 4045 4835 3020
Route 417 : 1105 1268 1565 3605 3768 4065
Route 418 : 1187 538 3687 1825 3038 4325
Route 419 : 2444 1667 1204 3704 4944 4167
Route 420 : 2061 1912 4561 1727 4227 4412
Route 421 : 1347 185 467 2685 3847 233 2733 2967
Route 422 : 1404 1028 1420 1653 3920 3528 3904 4153
Route 423 : 895 2103 3395 2249 4749 4603
Route 424 : 1141 917 1305 3417 1437 3641 3805 3937
Route 425 : 397 2897 887 1119 3619 3387
Route 426 : 1654 4154 1764 2369 4264 4869
Route 427 : 1702 4202 2362 4862 2348 4848
Route 428 : 256 792 2756 2260 4760 3292
Route 429 : 325 793 210 2710 3293 2825
Route 430 : 2317 2200 4700 2463 880 4817 4963 3380
Route 431 : 6 2506 349 30 268 2768 2849 2530
Route 432 : 1970 4470 1923 4423 1132 3632
Route 433 : 486 557 1503 2986 3057 4003
Route 434 : 109 2609 2482 2212 4982 4712
Route 435 : 1942 1943 4442 1929 4429 4443
Route 436 : 1188 206 3688 703 3203 2706
Route 437 : 536 1522 2454 3036 4022 4954
Route 438 : 2233 2288 4733 2238 4738 4788
Route 439 : 1367 817 3867 731 3231 344 2844 3317
Route 440 : 1605 2193 2366 4105 4693 677 3177 4866
Route 441 : 1385 459 968 3885 3468 2959
Route 442 : 60 8 2508 2560
Route 443 : 63 930 1087 2563 118 3587 2618 3430
Route 444 : 1709 825 312 801 2812 3325 4209 3301
Route 445 : 1237 676 1660 3176 4160 3737
Route 446 : 1494 3994 1381 3881 2120 4620
Route 447 : 938 2371 3438 1289 4871 3789
Route 448 : 2068 1014 848 4568 3514 3348
Route 449 : 723 876 3223 3376 2151 1985 4485 4651
Route 450 : 1429 387 2887 3929
Route 451 : 2181 1944 1888 4681 4388 4444
Route 452 : 665 1244 641 3165 3141 3744
Route 453 : 898 39 3398 2539 1049 3549
Route 454 : 192 2692 1290 832 16 3790 2516 3332
Route 455 : 589 3089 543 1053 1177 3043 3553 3677
Route 456 : 1933 242 2742 1178 1041 4433 3541 3678
Route 457 : 435 31 2935 1310 2531 3810
Route 458 : 317 1672 1880 4172 2817 4380
Route 459 : 2319 1491 3991 4819 1847 4347
Route 460 : 879 283 3379 2783 22 2522
Route 461 : 534 437 3034 422 2937 2922
Route 462 : 2016 4516 2297 1181 4797 3681
Route 463 : 1088 1342 442 3842 3588 2942
Route 464 : 1284 1460 3784 752 1537 4037 3960 3252
Route 465 : 1745 1894 960 4245 4394 3460
Route 466 : 1103 248 3603 223 2748 2723
Route 467 : 905 2254 3405 1812 4312 4754
Route 468 : 262 789 1716 3289 4216 2762
Route 469 : 105 2605 332 2832 127 56 2627 2556
Route 470 : 1773 4273 1987 2386 4886 4487
Route 471 : 1966 4466 2265 1512 4012 4765
Route 472 : 1099 3599 595 836 3336 3095
Route 473 : 260 255 1346 2755 2760 3846
Route 474 : 2461 564 696 4961 3064 3196
Route 475 : 182 453 2953 2682
Route 476 : 1023 1679 1287 3787 4179 3523
Route 477 : 2210 709 2222 4710 3209 4722
Route 478 : 452 494 2994 947 2952 3447
Route 479 : 1612 4112 320 2256 4756 2820
Route 480 : 982 456 1152 2956 3482 3652
Route 481 : 158 1032 2658 383 3532 2883
Route 482 : 2321 1461 151 2651 4821 3961
Route 483 : 1174 3674 1463 610 3963 3110
Route 484 : 2310 2239 4810 1447 4739 3947
Route 485 : 1961 4461 2148 2076 4648 4576
Route 486 : 1383 1882 1921 4382 3883 4421 1806 4306
Route 487 : 1080 1988 3580 2303 1835 4803 4488 4335
Route 488 : 834 184 1162 3662 2684 2378 3334 4878
Route 489 : 648 3148 944 339 3444 2839
Route 490 : 728 1801 965 4301 3228 3465
Route 491 : 868 243 174 2743 3368 2674
Route 492 : 385 265 812 2885 2765 3312
Route 493 : 1414 2412 3914 4912 443 2943
Route 494 : 2344 2074 4844 4574 87 2587
Route 495 : 327 2827 165 75 934 3434 2575 2665
Route 496 : 1272 2131 1941 3772 4631 4441
Route 497 : 1082 654 3154 3582
Route 498 : 808 970 1487 3308 3987 3470
Route 499 : 155 2655 1 1068 3568 2501
Route 500 : 395 1861 2895 4361 90 2590
Route 501 : 285 969 3469 154 2654 2785
Route 502 : 1907 4407 1924 1535 4424 4035
Route 503 : 730 3230 58 470 2970 2558 799 3299
Route 504 : 1171 1295 596 3795 3671 3096
Route 505 : 282 2782 1067 157 2657 546 3046 3567
Route 506 : 542 1569 615 4069 3042 3115
Route 507 : 1006 400 1718 3506 2900 4218
Route 508 : 894 3394 1922 1841 4341 4422
Route 509 : 1884 1309 4384 3809 2352 4852
Route 510 : 95 305 1151 2595 2805 3651
Route 511 : 2284 2349 4849 1940 4784 85 2585 4440
Route 512 : 1331 592 1570 4070 3092 3831
Route 513 : 981 1369 3869 3481
Route 514 : 2416 2100 4916 2057 4600 4557
Route 515 : 580 1307 682 3807 3080 3182
Route 516 : 1111 439 3611 1508 2939 4008
Route 517 : 2174 952 4674 1581 3452 4081
Route 518 : 1827 1840 4327 4340 2077 4577
Route 519 : 289 193 1572 2789 2693 4072
Route 520 : 1706 2123 4623 4206 1758 4258
Route 521 : 1991 762 650 3262 3150 4491
Route 522 : 587 1552 2456 3087 4956 4052
Route 523 : 1739 1628 1606 4128 4239 4106
Route 524 : 1772 4272 2004 4504 2198 4698
Route 525 : 1366 674 1486 3174 3866 3986
Route 526 : 551 2089 4589 2396 3051 4896
Route 527 : 1998 1828 2251 4498 4751 4328
Route 528 : 2322 1452 1549 4822 3952 4049
Route 529 : 1258 427 29 2927 17 3758 2517 2529
Route 530 : 908 368 3408 1263 2868 3763
Route 531 : 48 2548 498 218 2718 2998 1430 3930
Route 532 : 604 1046 3546 149 2649 3104
Route 533 : 1454 122 142 2622 3954 2642
Route 534 : 2388 278 4888 2778 1492 3992
Route 535 : 1712 1735 4212 293 4235 2793
Route 536 : 572 1774 1749 4249 3072 4274
Route 537 : 295 2795 1251 2225 478 4725 3751 2978
Route 538 : 413 2913 267 2767 683 3183
Route 539 : 273 999 3499 2773 2479 4979 1227 3727
Route 540 : 1449 1045 1016 3516 3545 3949
Route 541 : 857 568 3068 3357 72 2572
Route 542 : 933 463 663 3433 2963 3163
Route 543 : 326 227 2826 1353 3853 2727
Route 544 : 586 656 1270 3156 3770 3086
Route 545 : 1536 833 19 4036 2519 3333
Route 546 : 1127 216 1112 3627 3612 2716
Route 547 : 827 1017 1505 3517 479 4005 3327 2979
Route 548 : 2447 1723 4947 2269 4223 4769
Route 549 : 1843 915 2066 4566 4343 3415
Route 550 : 316 2816 1480 178 3980 2678
Route 551 : 134 1826 4326 2634 2487 4987
Route 552 : 508 329 3008 1063 166 2829 3563 2666
Route 553 : 2109 1816 4609 2056 4556 4316
Route 554 : 1951 4451 2417 1870 4917 4370
Route 555 : 807 1242 3742 365 183 3307 2683 2865
Route 556 : 431 547 795 3047 1180 2931 3295 3680
Route 557 : 1994 2125 4494 2431 4625 4931
Route 558 : 780 74 2574 761 3261 3280
Route 559 : 177 2677 2070 4570 2143 4643
Route 560 : 1419 1058 3558 94 3919 2594
Route 561 : 1627 1440 1365 3940 4127 3865
Route 562 : 910 71 3410 2571
Route 563 : 1963 353 5 2505 2853 4463
Route 564 : 2084 1595 2425 4584 4925 4095
Route 565 : 718 510 3218 1396 3896 3010
Route 566 : 345 1027 735 3235 1341 3527 2845 3841
Route 567 : 569 2398 3069 577 3077 4898
Route 568 : 2079 4579 407 2179 4679 2907
Route 569 : 1378 814 3878 3314
Route 570 : 2485 881 4985 3381 2342 4842
Route 571 : 2015 294 2794 4515 2028 4528
Route 572 : 1782 1799 2155 4282 4655 4299
Route 573 : 2389 198 1104 3604 4889 2698
Route 574 : 1883 287 2197 4383 2787 4697
Route 575 : 1965 1803 4303 1763 4263 4465
Route 576 : 1620 4120 2328 1506 4828 4006
Route 577 : 922 3422 741 3241 2199 4699
Route 578 : 2224 4724 46 1527 2546 4027
Route 579 : 1621 1021 310 4121 3521 2810
Route 580 : 733 1866 2439 4366 3233 4939
Route 581 : 2216 2027 1908 4716 4527 4408
Route 582 : 1740 1238 144 4240 3738 2644
Route 583 : 1218 3718 1269 1613 3769 4113
Route 584 : 1652 1663 4163 4152 1283 813 3313 3783
Route 585 : 2043 4543 474 1422 2974 3922
Route 586 : 2441 2223 133 4941 4723 2633
Route 587 : 882 356 369 2856 3382 2869
Route 588 : 714 3214 753 1019 3519 1069 3253 3569
Route 589 : 535 3035 633 719 3133 3219
Route 590 : 217 1631 4131 2717
Route 591 : 2112 2393 4612 2446 4893 4946
Route 592 : 96 505 3005 2596 186 2686
Route 593 : 1169 3669 2341 1900 4841 4400
Route 594 : 1804 1354 4304 3854 179 2679
Route 595 : 2139 1530 4639 2401 4030 4901
Route 596 : 1925 1830 4425 2480 4330 4980
Route 597 : 1423 2185 471 2971 4685 3923
Route 598 : 367 1106 2867 2247 4747 3606
Route 599 : 2458 4958 43 2543 566 175 2675 3066
Route 600 : 412 492 788 2992 2912 3288
Route 601 : 1931 1926 4431 2490 4426 4990
Route 602 : 1818 205 4318 2705 2307 4807
Route 603 : 1096 786 1901 3596 4401 3286
Route 604 : 493 1432 140 2640 777 3932 2993 3277
Route 605 : 2332 2363 2101 4832 4601 4863
Route 606 : 2292 2157 4792 995 4657 3495
Route 607 : 607 252 215 2752 3107 1593 2715 4093
Route 608 : 1805 4305 1394 2071 3894 4571
Route 609 : 1428 3928 342 1165 1398 3898 2842 3665
Route 610 : 1134 1214 3634 1877 3714 4377
Route 611 : 1222 1193 1013 3513 3722 3693 1412 3912
Route 612 : 462 504 1312 2962 3004 3812
Route 613 : 2171 4671 1853 1874 4353 4374
Route 614 : 501 3001 706 578 3078 3206
Route 615 : 491 1144 132 3644 2991 2632
Route 616 : 1878 1311 837 3811 4378 3337
Route 617 : 1231 1554 1072 3572 3731 2312 4812 4054
Route 618 : 1217 909 1559 1303 4059 3409 3717 3803
Route 619 : 1766 1753 4266 92 2592 4253
Route 620 : 2167 1528 570 4667 3070 4028
Route 621 : 1519 1172 2420 3672 4920 4019
Route 622 : 1438 1546 1873 4046 4373 3938
Route 623 : 1533 4033 1969 4469 1118 2484 4984 3618
Route 624 : 414 2494 2914 4994 2012 4512
Route 625 : 627 701 1490 3990 3201 3127
Route 626 : 2081 1629 4129 4581 885 3385 1359 3859
Route 627 : 1686 529 1885 4186 3029 4385
Route 628 : 1320 3820 1754 426 2926 4254 1909 4409
Route 629 : 55 1252 141 3752 2555 2641
Route 630 : 1159 3659 180 973 2680 3473
Route 631 : 2048 2140 4548 2276 4640 4776
Route 632 : 379 2879 1791 668 4291 3168
Route 633 : 2243 1121 4743 257 1158 3621 3658 2757
Route 634 : 906 69 1590 4090 3406 2569
Route 635 : 1705 1504 1682 4205 4182 4004
Route 636 : 2246 1983 4746 4483 1674 4174
Route 637 : 974 785 3285 3474
Route 638 : 574 457 3074 1798 4298 2957
Route 639 : 1543 84 116 4043 2584 2616
Route 640 : 1857 1421 1168 3921 3668 4357
Route 641 : 136 1196 2636 3696 573 3073
Route 642 : 1074 253 2753 3574 1116 3616
Route 643 : 1837 2381 4337 1541 4041 4881
Route 644 : 748 2415 1903 3248 4915 4403
Route 645 : 1064 3564 2271 2102 1863 4602 4363 4771
Route 646 : 334 1098 959 2834 3459 3598 1482 3982
Route 647 : 1807 4307 299 2799 1282 1418 3918 3782
Route 648 : 237 1583 4083 1779 2737 4279
Route 649 : 2065 2038 355 4565 2855 4538
Route 650 : 2374 2119 4874 4619 1821 4321
Route 651 : 1446 860 688 3946 3360 3188
Route 652 : 1351 3851 1170 1400 3900 3670
Route 653 : 1915 4415 737 613 3113 3237
Route 654 : 1871 2160 4660 219 2719 4371
Route 655 : 1695 1796 4195 4296 1325 3825
Route 656 : 1948 809 3309 1780 4448 4280
Route 657 : 1194 1145 3694 528 3645 3028
Route 658 : 213 2713 448 1248 2948 225 2725 3748
Route 659 : 1852 1415 3915 1775 4352 4275
Route 660 : 2192 1634 4692 4134
Route 661 : 1011 1578 3511 1990 2132 4078 4490 4632
Route 662 : 2330 1697 4197 4830 1842 4342
Route 663 : 1137 1350 1001 3501 3637 3850 2453 4953
Route 664 : 2195 858 4695 321 2821 3358
Route 665 : 1034 692 500 3534 3192 3000
Route 666 : 1318 1657 1479 3979 3818 4157
Route 667 : 726 3226 1850 4350 1335 3835
Route 668 : 409 1083 2909 2127 4627 3583
Route 669 : 869 2380 3369 4880 1795 4295
Route 670 : 850 3350 1091 304 3591 2804
Route 671 : 123 83 620 3120 2623 2583
Route 672 : 1427 2080 3927 2498 4580 4998
Route 673 : 939 3439 194 1264 2694 996 3764 3496
Route 674 : 1101 402 1022 3601 3522 2902
Route 675 : 64 675 232 2732 725 2564 3225 3175
Route 676 : 297 164 2664 1471 3971 2797
Route 677 : 1328 359 3828 2859
Route 678 : 776 393 209 2893 2709 3276
Route 679 : 1052 3552 1601 399 4101 2899
Route 680 : 1288 3788 1862 2213 4362 4713
Route 681 : 828 716 1060 3216 3560 3328
Route 682 : 1548 240 4048 2426 2740 4926
Route 683 : 1363 2147 3863 4647 1676 1246 4176 3746
Route 684 : 1636 1387 1128 3887 3628 4136
Route 685 : 625 1197 1630 4130 3125 3697
Route 686 : 1696 1120 1568 3620 4196 4068 1767 4267
Route 687 : 2053 4553 1614 4114 2115 4615
Route 688 : 691 1635 4135 766 3191 2462 4962 3266
Route 689 : 1802 372 2872 266 2766 4302
Route 690 : 851 88 2588 579 3351 3079
Route 691 : 1968 386 2117 2886 4617 4468
Route 692 : 1109 3609 1677 416 4177 2026 4526 2916
Route 693 : 873 3373 1892 2091 4591 4392
Route 694 : 1726 4226 21 1573 2521 4073
Route 695 : 1388 3888 545 588 1302 3802 3088 3045
Route 696 : 1018 1823 2282 3518 4323 4782 1834 4334
Route 697 : 323 870 722 3370 3222 2823
Route 698 : 2250 660 4750 2073 4573 3160
Route 699 : 1267 1209 1075 3709 3767 3575
Route 700 : 622 1751 3122 4251 2280 4780
Route 701 : 1361 3861 772 618 3272 3118
Route 702 : 790 1451 695 3951 3195 3290
Route 703 : 306 290 2470 2790 2806 4970
Route 704 : 670 1637 3170 2161 4137 4661
Route 705 : 1431 2153 953 4653 3931 3453
Route 706 : 871 657 3371 3157
Route 707 : 924 3424 1296 3796 739 99 3239 2599
Route 708 : 2142 1973 1729 4642 4473 4229
Route 709 : 855 1262 120 2620 3355 3762
Route 710 : 1397 1869 3897 1458 4369 3958
Route 711 : 1192 900 3692 59 3400 2559
Route 712 : 137 652 12 2637 2512 3152
Route 713 : 1642 490 4142 2990 1228 3728
Route 714 : 1737 2235 4735 2272 4237 4772
Route 715 : 415 1618 4118 2915
Route 716 : 36 348 2354 4854 2536 2848
Route 717 : 2162 4662 1898 44 2544 902 4398 3402
Route 718 : 259 527 2759 2052 3027 4552
Route 719 : 1958 4458 926 2186 4686 3426
Route 720 : 2419 1386 3886 951 3451 4919
Route 721 : 2050 2486 2085 4986 4550 4585
Route 722 : 1937 1029 593 3529 4437 3093
Route 723 : 1293 1571 4071 1849 4349 3793
Route 724 : 159 2262 1161 3661 2659 4762
Route 725 : 512 864 3012 3364 1760 4260
Route 726 : 2476 4976 2473 550 4973 3050
Route 727 : 2058 129 614 3114 4558 2629
Route 728 : 314 1200 591 2814 3700 3091
Route 729 : 1496 1039 1323 3996 3823 3539
Route 730 : 420 966 350 2920 2850 3466
Route 731 : 1989 292 972 3472 4489 2792
Route 732 : 907 875 630 3407 3130 3375
Route 733 : 1416 1379 249 2749 1555 3916 4055 3879
Route 734 : 826 3326 335 758 3258 2835
Route 735 : 1326 747 3826 1424 3247 3924
Route 736 : 1713 1539 4213 2006 4039 4506
Route 737 : 2099 1771 4599 4271 681 3181
Route 738 : 1102 377 3602 2877
Route 739 : 759 1499 250 3259 3999 2750
Route 740 : 363 697 2863 2030 4530 3197
Route 741 : 236 1339 1540 2736 3839 4040
Route 742 : 1515 111 1466 4015 2611 3966
Route 743 : 2234 4734 1655 2466 4966 4155
Route 744 : 985 540 3485 3040
Route 745 : 2395 2044 4544 4895 1025 403 3525 2903
Route 746 : 796 750 667 3167 3296 3250
Route 747 : 1879 2474 1934 4974 4379 4434
Route 748 : 1472 3972 1047 794 3547 3294
Route 749 : 2010 4510 1291 2226 4726 3791
Route 750 : 1201 893 3701 3393
Route 751 : 704 1484 3984 1257 3757 3204
Route 752 : 173 2673 1315 2270 3815 4770
