Instance name : ber-n400-7
Authors : Alexander Yuskov (a.yuskov@g.nsu.ru), Igor Kulachenko (ink@math.nsc.ru), Yury Kochetov, Igor Vasilyev, Zhangdong, Chenjuan, Huanghaohan, Wanglongfei
Date : 28.05.2025
Reference : HGIM
Solution
Route 1 : 177 78 377 38 278 238 132 174 332 374 33 175 233 375 130 149 112 312 349 330
Route 2 : 166 30 121 35 366 321 57 257 128 328 235 150 350 230 91 8 120 97 320 291 208 297
Route 3 : 156 127 180 380 356 327 13 126 93 213 37 293 81 237 281 326 53 2 202 253
Route 4 : 129 28 228 99 329 299 76 140 276 178 340 27 227 32 378 55 232 255 141 341
Route 5 : 137 102 337 151 302 187 94 387 351 170 184 384 79 294 62 279 370 262 173 34 373 234
Route 6 : 89 154 183 289 354 383 98 116 298 18 316 218 72 194 1 272 201 47 394 247
Route 7 : 16 131 216 331 11 211 19 96 219 296 142 125 68 325 342 268
Route 8 : 56 256 60 123 260 80 323 113 23 280 199 399 223 66 313 179 266 172 379 372
Route 9 : 139 158 358 339 109 67 267 46 86 309 246 164 29 286 162 229 364 362
Route 10 : 95 41 241 295 65 265 122 165 365 322 77 114 188 277 40 314 240 388
Route 11 : 69 181 160 360 381 12 269 192 212 145 392 111 311 345 197 185 385 397
Route 12 : 155 9 355 176 376 45 209 245 48 248 25 73 108 225 273 26 308 100 226 300
Route 13 : 118 318 105 117 305 163 317 186 161 363 17 217 386 361 134 106 334 306 171 371 84 138 284 338
Route 14 : 196 198 396 115 85 398 103 315 4 285 303 204 21 58 258 49 221 101 301 249
Route 15 : 52 147 119 347 319 252 144 190 83 390 344 61 261 152 283 6 10 206 15 352 210 215 169 369
Route 16 : 50 250 3 92 292 203 43 243 159 191 391 143 343 36 359 236
Route 17 : 104 39 304 107 239 307 63 263 5 71 205 82 271 193 42 393 282 242 167 367
Route 18 : 22 88 288 222 133 189 333 110 389 74 310 182 274 24 59 259 382 224
Route 19 : 7 148 348 207 64 200 153 400 353 264 136 146 336 54 346 157 254 135 124 357 324 335
Route 20 : 20 195 220 90 395 14 290 44 214 244 51 251 70 168 75 270 275 87 31 368 231 287
