Instance name : ber-n1500-3
Authors : Alexander Yuskov (a.yuskov@g.nsu.ru), Igor Kulachenko (ink@math.nsc.ru), Yury Kochetov, Igor Vasilyev, Zhangdong, Chenjuan, Huanghaohan, Wanglongfei
Date : 28.05.2025
Reference : HGIM
Solution
Route 1 : 678 603 1428 1353 668 67 302 1418 421 817 1171 687 554 1304 142 1437 247 892 732 1482 997 685 482 1232 1435 1052
Route 2 : 72 822 628 159 496 1378 1246 909 580 431 1181 398 1148 118 1330 868 342 1092 419 255 1005 1169
Route 3 : 541 635 1385 1291 371 434 1184 1121 106 856 173 923 241 292 1042 991 175 673 1423 925
Route 4 : 314 546 1064 1296 43 8 758 793 459 1209 285 529 1279 274 1035 280 1024 1030 132 882
Route 5 : 127 677 877 340 1427 445 1090 428 627 1377 1195 424 211 1178 1174 961 137 488 1238 887
Route 6 : 58 808 128 337 1087 583 878 440 1333 713 1190 1463 311 411 1061 139 62 1161 889 812 231 981
Route 7 : 744 399 653 1494 1403 1149 582 577 1327 1332 723 1473 121 23 773 707 871 1457 41 791
Route 8 : 735 468 1485 400 532 1218 1150 174 1282 924 239 553 989 345 1303 648 1095 146 1398 896
Route 9 : 27 663 644 1394 1413 645 1395 777 671 456 1421 1206 548 702 1452 394 1298 1144 413 1163
Route 10 : 232 68 982 339 818 313 1089 3 1063 753 719 1469 730 451 1201 1480 690 1440 540 1290
Route 11 : 193 143 893 943 282 70 249 1032 503 999 639 1253 820 235 1389 264 1014 985 18 11 768 608 761 1358
Route 12 : 604 277 1354 1027 507 630 1257 609 1380 1359 287 566 1037 299 1316 141 891 1049 387 682 1432 1137
Route 13 : 533 1283 423 40 790 1173 375 343 1125 492 1093 157 4 754 493 907 1243 100 850 192 942 1242
Route 14 : 158 240 990 610 908 108 858 5 755 1360 444 1194 634 585 1335 401 1384 233 1151 983 208 958
Route 15 : 213 154 963 904 167 149 917 899 347 215 965 1097 51 160 910 801 30 171 921 780 654 197 947 1404
Route 16 : 291 1041 99 607 464 849 1357 1214 49 727 308 1477 799 257 1058 204 1007 511 954 1261
Route 17 : 520 561 1270 1311 420 1170 474 708 1224 1458 578 439 1328 180 336 1189 1086 930
Route 18 : 284 612 1362 538 1288 346 1096 484 1234 1034 276 90 840 393 1026 694 1143 188 938 1444
Route 19 : 153 527 903 145 1277 895 152 613 902 1363 625 96 1375 595 846 422 1345 12 1172 762
Route 20 : 183 409 442 1159 933 1192 98 676 1426 89 848 376 839 569 1126 1319 662 1412 486 117 867 1236
Route 21 : 691 115 1441 865 53 572 803 568 1322 1318 530 251 1001 1280 649 430 1399 1180 273 164 914 7 1023 757
Route 22 : 348 734 1098 367 1484 21 1117 771 360 54 1110 804 112 318 1068 862 364 659 1409 1114
Route 23 : 392 1142 350 425 1175 571 1100 1321 743 1493 26 776 629 715 1465 415 1379 250 1165 1000
Route 24 : 214 660 709 964 38 1410 1459 618 82 832 1368 502 788 461 1211 1252 505 74 1255 295 824 1045
Route 25 : 222 972 229 515 979 1265 633 471 1383 168 1221 441 918 1191 352 286 1102 587 1036 321 1071 1337
Route 26 : 501 655 1251 1405 355 210 960 495 643 1393 1245 692 1442 91 33 783 650 841 405 1400 712 1155 1462 1105
Route 27 : 522 1272 631 261 1381 1011 726 370 1120 237 1476 987 551 701 1301 272 1022 638 1388 1451
Route 28 : 588 279 1338 1029 666 190 940 103 853 123 1416 746 873 1496 689 380 490 1439 1130 169 1240 919 477 1227
Route 29 : 699 88 181 931 838 57 270 1449 807 1020 584 739 1489 717 1334 1467 20 13 763 770 369 1119
Route 30 : 131 446 1196 216 881 497 966 1247 92 31 781 842 319 1069 647 1397 552 1302 681 155 1431 905
Route 31 : 93 563 230 843 980 1313 29 526 779 1276 565 344 1315 454 1094 1204 504 481 1254 523 581 1231 1331 1273
Route 32 : 729 1479 46 796 437 196 642 1187 946 288 1392 1038 720 675 1470 669 1425 379 1419 1129 544 182 1294 932
Route 33 : 81 353 389 1139 144 1103 524 894 1274 238 244 988 994 322 325 831 1072 1075 478 1228
Route 34 : 448 194 9 1198 759 944 242 156 992 591 1341 906 306 506 1056 626 1256 271 1021 1376
Route 35 : 750 536 217 1286 1500 664 967 1414 381 1131 601 1351 161 710 1460 42 911 792 104 854 224 974 338 1088
Route 36 : 698 466 1448 494 1244 1216 646 453 1396 1203 265 1015 508 391 1141 1258 327 518 1077 1268
Route 37 : 205 97 847 955 17 252 767 1002 384 178 928 1134 69 819 147 491 897 1241 37 248 787 998
Route 38 : 22 586 772 390 1336 1140 636 2 1386 365 1115 752 404 363 1113 1154 741 236 1491 135 986 885 472 543 1293 1222
Route 39 : 34 63 784 260 813 1010 334 1084 724 596 120 1474 870 1346 129 383 879 44 1133 79 794 829
Route 40 : 202 952 221 971 73 823 416 1166 330 203 1080 227 953 977 195 455 1205 738 945 1488
Route 41 : 19 615 769 485 185 1365 1235 354 1104 258 1008 935 489 122 1239 71 872 373 1123 821
Route 42 : 301 55 805 1051 658 256 1408 592 1006 1342 510 517 1267 697 1260 534 48 1447 1284 798 220 711 1461 970
Route 43 : 225 228 326 975 1076 978 539 1289 119 545 869 575 1325 14 672 1295 764 315 1422 64 1065 163 814 913
Route 44 : 24 611 774 728 1361 593 1478 136 1343 206 956 519 886 76 1269 245 573 826 1323 995
Route 45 : 28 47 797 372 778 737 597 1347 1122 1487 432 309 562 1182 1059 332 1082 1312 427 1177
Route 46 : 85 835 605 1355 223 359 973 1109 590 462 1340 45 1212 795 435 706 201 1185 1456 87 837 951
Route 47 : 293 525 1043 1275 476 473 166 1223 187 916 1226 937 579 78 1329 632 828 162 912 1382 686 1436 457 1207
Route 48 : 452 436 1202 487 1186 576 1237 1326 329 283 1079 1033 600 266 621 1016 1371 1350 560 1310 747 1497
Route 49 : 289 1039 262 670 1012 1420 641 268 1018 212 962 113 433 1183 863 1391 15 105 499 765 855 1249
Route 50 : 614 107 857 549 1364 1299 733 61 811 1483 366 80 500 1116 349 830 1250 1099 374 1124
Route 51 : 84 267 834 414 1017 65 815 1164 323 1073 186 616 1366 619 936 567 1369 1317 86 667 836 1417
Route 52 : 361 150 900 1111 412 77 1162 39 827 789 556 254 418 1168 1306 1004 200 246 996 950
Route 53 : 253 10 1003 170 760 661 1411 920 75 324 825 1074 234 328 984 165 1078 915 718 1468 528 1278
Route 54 : 114 133 864 479 883 1229 550 52 310 1300 1060 802 402 637 1152 209 537 1387 1287 959
Route 55 : 700 542 1292 1450 1 358 467 751 1217 1108 198 948 6 696 1446 683 756 684 1433 1434
Route 56 : 25 775 509 335 555 1259 1305 1085 443 298 1048 1193 357 1107 102 278 852 1028
Route 57 : 470 109 859 1220 386 218 968 1136 16 766 469 368 320 1219 1070 475 656 1118 1406 1225
Route 58 : 382 617 305 1132 1055 722 1472 1367 703 385 1135 1453 460 1210 243 60 172 993 922 810 742 559 1309 1492 521 1271
Route 59 : 95 845 498 736 417 1248 1167 94 844 514 1486 704 1454 1264 275 124 1025 640 874 740 1390 606 1490 1356
Route 60 : 450 1200 516 316 1066 1266 410 674 1424 1160 512 438 1188 1262 395 259 110 1145 1009 860 558 447 1308 1197
Route 61 : 557 1307 331 307 1081 725 1057 665 1475 290 1415 1040 362 1112 116 134 403 884 130 1153 866 880
Route 62 : 125 745 1495 875 312 1062 184 934 304 377 1054 1127 598 1348 531 695 716 1466 1281 1445 148 898 749 1499
Route 63 : 449 693 1443 1199 748 463 1498 1213 294 1044 602 101 851 1352 269 657 207 1019 1407 957
Route 64 : 35 32 782 705 785 429 564 1455 1314 1179 59 809 83 833 714 226 1464 976
Route 65 : 406 151 901 1156 303 281 1053 1031 297 1047 465 622 1215 1372 623 300 1050 1373 396 177 927 1146
Route 66 : 535 1285 189 483 624 1374 939 1233 397 388 1147 574 1324 1138 351 480 1230 1101 731 36 1481 219 786 589 969 1339
Route 67 : 680 140 176 890 926 458 721 1471 333 1083 111 1208 296 861 1046 199 949 620 1370 56 806 547 1430 1297
Route 68 : 408 263 1013 1158 594 1344 513 341 1091 126 1263 179 929 876 652 599 1349 1402 378 1128 356 1106
Route 69 : 66 317 1067 688 816 1438 138 888 570 1320 407 651 1157 50 800 1401 191 941 426 679 1429 1176
