Instance name : ber-n3000-3
Authors       : BIG3 - Dmitriy Yampolskiy, Egor Nikolaev and Daria Savina. Smart Logistics Point by the BigThree team (big3.ru).
Date          : 2025-04-22
Reference     : BigThree team (big3.ru)
Solution
Route 1 : 705 980 2480 625 2205 106 636 1606 2125 600 2136 977 662 2162 2477 2100 90 1590
Route 2 : 156 464 17 1415 2915 1656 1964 1517 36 549 1536 352 2049 384 1852 1884
Route 3 : 481 557 1981 1011 2057 1467 688 2188 1271 2511 2967 1196 2771 2696
Route 4 : 391 710 2210 1891 189 278 1778 1689 1445 941 1217 2441 1306 2945 2717 1372 2806 2872
Route 5 : 262 1104 1762 978 1154 2654 1121 2604 2478 682 2621 2182 1315 2815 1348 2848
Route 6 : 192 1083 2583 1338 2838 1692 563 28 1528 385 421 2063 860 1921 1885 987 2360 2487
Route 7 : 266 195 1766 282 1695 1057 1782 761 1255 2557 2261 2755 1262 1102 2602 495 2762 154 1995 1654
Route 8 : 303 51 1551 1803 1143 6 2643 1506 206 565 497 1706 1997 210 2065 102 1710 1602
Route 9 : 75 1072 2572 1575 666 2166 910 517 856 2356 2017 2410 285 846 7 1785 1507 2346
Route 10 : 203 140 920 1081 1703 420 1640 1920 76 2420 2581 1087 1576 394 2587 798 1894 2298
Route 11 : 296 722 224 518 1724 2222 1796 2018 260 118 819 396 1760 2319 1618 1896 806 2306
Route 12 : 1250 2750 166 70 1666 1570 541 2041 295 687 1795 838 463 2338 1 1963 2187 1501
Route 13 : 1370 2870 1214 1341 1158 2714 301 2841 668 2658 1801 2168 621 2121 952 405 2452 1905
Route 14 : 16 1516 849 763 959 986 2263 2459 1454 2349 2486 993 2954 110 2493 1233 2733 1610
Route 15 : 366 1004 1866 2504 1308 1321 443 2808 2821 1354 2854 1436 2936 1943 1456 1452 2952 2956
Route 16 : 1330 2830 922 921 514 2422 2421 810 2014 2310 1219 2719 1101 315 2601 1173 1815 2673
Route 17 : 692 751 2251 1394 1335 2894 2835 2192 1294 437 1937 782 2794 1447 2282 2947
Route 18 : 11 1511 776 1039 419 2539 1484 1277 1919 2777 2984 679 2179 1041 1066 2541 2276 2566
Route 19 : 1032 503 428 1483 2003 2983 2532 712 757 1928 368 335 2212 1835 2257 562 1868 2062
Route 20 : 1028 479 461 2528 111 1979 1300 1611 2800 1475 1961 522 222 2975 2022 1722
Route 21 : 640 2140 606 283 2106 1783 770 167 2270 431 1336 1667 1931 2836 172 790 1672 2290
Route 22 : 1322 817 1079 2822 2579 2317 859 47 1547 123 1623 772 1093 2359 2593 2272
Route 23 : 200 498 1700 199 1998 558 1360 2058 1699 2860 750 455 2250 1419 1955 2919
Route 24 : 1291 185 430 1485 1930 1685 2985 2791 176 1237 906 877 2377 1676 2406 2737
Route 25 : 1444 591 1453 2091 2944 2953 1301 220 2801 1720 545 831 1269 2331 2769 2045
Route 26 : 127 361 1627 249 43 1543 1749 1861 645 834 1112 2612 2145 2334
Route 27 : 66 457 347 1957 1847 1566 1053 223 2553 1723 1356 2856 1187 2687
Route 28 : 105 544 874 2044 355 1855 1605 2374 713 165 338 275 1665 2213 1775 1838
Route 29 : 417 661 2161 1917 1446 934 196 2946 2434 1162 1432 2662 2932 1119 1696 2619
Route 30 : 382 81 881 162 2381 1662 1581 1882 555 198 1698 821 188 2055 733 2321 305 1688 2233 1805
Route 31 : 1015 1075 2515 718 84 2575 2218 242 1334 1584 1742 2834 1298 982 2482 2798
Route 32 : 598 2098 1281 1171 793 2671 2781 771 573 2271 2293 2073 677 13 402 1513 2177 1902
Route 33 : 1229 1463 2729 2963 752 1012 98 2252 2512 40 1598 690 2190 612 35 2112 1540 1535
Route 34 : 1471 715 399 281 2215 1899 2971 1781 169 15 570 1669 854 1168 2070 2354 1515 2668
Route 35 : 1449 1265 2949 1333 2765 1140 219 2833 2640 1719 891 576 2391 2076
Route 36 : 451 955 970 2470 2455 1440 1951 866 2366 1206 1303 2940 2803 1115 2706 2615
Route 37 : 48 1225 1435 1548 2935 1313 2813 2725 825 801 577 415 2325 1915 2077 2301
Route 38 : 164 971 1664 1450 2471 1194 2950 1165 2694 1034 2534 1135 2665 1208 2708 2635
Route 39 : 150 269 1769 1114 2614 270 1650 1117 311 1770 917 1811 2417 386 1886 2617 534 2034
Route 40 : 1362 2862 467 702 1967 1016 2516 1410 2910 2202 228 579 499 901 2079 1999 1728 2401
Route 41 : 905 1096 2405 173 454 1431 2596 1673 1497 1954 2997 2931 1232 1393 2732 595 2095 2893
Route 42 : 1078 2578 1275 434 1439 1934 1326 2775 1324 2826 2939 2824 1434 1304 2934 2804
Route 43 : 1020 1067 1002 2502 2567 293 2520 231 1077 1793 1731 2577 1110 1220 2610 2720
Route 44 : 1345 229 2845 64 1729 1564 323 738 833 1823 2333 1134 2238 769 2269 2634
Route 45 : 488 441 1941 827 696 1988 1317 2327 2817 2196 1234 403 1376 2734 2876 1903
Route 46 : 513 755 2255 1364 1279 2013 805 559 2305 2059 2779 1245 1367 2745 2864 2867
Route 47 : 1019 637 326 1826 2137 2519 213 1031 936 1713 1323 2531 1215 2436 2823 2715
Route 48 : 832 753 818 2332 2318 2253 526 965 2465 2026 458 50 1550 1958
Route 49 : 950 1441 1120 2450 2620 1352 2941 1302 2852 1125 2802 1257 2757 1388 2625 2888
Route 50 : 49 77 1549 370 1577 1870 944 1426 2926 1164 2444 2664 319 709 1819 2209
Route 51 : 775 2275 1230 729 2730 1480 2229 407 2980 1371 1479 1907 78 2871 1578 2979
Route 52 : 743 2243 412 1455 2955 1912 863 735 2235 979 1107 2363 1210 2479 2607 227 2710 1727
Route 53 : 686 720 762 2262 2186 779 968 2220 511 2468 1147 2279 2647 2011 919 2419
Route 54 : 1459 2959 844 480 2344 1288 1980 2788 1413 331 1831 583 2913 1359 2083 2859
Route 55 : 584 60 392 1560 1892 2084 843 3 1503 703 957 2343 2457 2203 442 1942
Route 56 : 547 1033 972 2533 2047 890 73 2472 2390 1573 1286 997 2786 1129 2497 2629
Route 57 : 88 1588 1400 1399 2899 2900 472 903 1972 2403 508 313 1161 2661 1813 2008
Route 58 : 742 808 599 875 2308 2242 2375 1222 377 2099 1877 1068 766 2722 2266 2568
Route 59 : 149 1649 949 307 142 1267 1642 2449 2767 1807 1169 2669 401 1901 867 117 1617 2367
Route 60 : 19 1519 491 1991 1438 792 2292 376 2938 1876 212 1373 1712 2873
Route 61 : 1035 2535 1428 2928 1329 899 884 930 2430 2829 2384 2399 1246 267 631 2746 2131 1767
Route 62 : 774 182 1682 453 932 2432 1953 531 2274 623 2031 93 1593 652 1036 2536 2152 2123
Route 63 : 802 101 1601 2302 629 482 1982 2129 364 1157 871 2371 1864 1283 2657 2783 187 1687
Route 64 : 1153 466 1060 1966 2653 2560 1259 550 998 348 2050 2759 2498 1848 999 58 1558 2499
Route 65 : 900 2400 284 706 2206 97 309 1784 572 306 1597 2072 1806 1160 1809 1240 2660 2740
Route 66 : 962 393 767 2267 1893 758 538 2462 657 2258 2157 1023 1051 907 2551 2523 2038 2407
Route 67 : 1065 1050 2565 1384 2550 174 2884 1226 1392 2726 1674 501 653 2892 2001 2153
Route 68 : 300 1027 357 1857 1800 2527 294 991 1794 2491 1369 2869 683 1130 2183 2630
Route 69 : 828 665 52 288 1552 1788 2328 2165 398 754 1898 2254 554 785 2054 2285
Route 70 : 494 1994 139 233 786 1733 2286 478 1639 221 1721 886 1978 2386 230 1730 450 378 1950 1878
Route 71 : 468 137 1968 1637 1492 1398 2992 1086 1443 2586 2898 2943 1199 2699
Route 72 : 500 1204 2000 2704 411 429 894 395 1929 527 2027 2394 1911 1895 25 1525 87 1587
Route 73 : 138 1088 400 1900 2588 1638 92 332 1832 1592 829 144 2329 714 1644 1052 2214 2552
Route 74 : 946 778 179 2278 1495 2446 1679 2995 247 1747 452 1197 2697 1952
Route 75 : 336 1836 383 168 470 239 1739 988 1668 1970 561 1152 2652 2488 2061 546 2046 747 1883 2247
Route 76 : 444 1001 2501 675 71 1944 1571 2175 74 484 32 1406 1574 1532 2906 1984
Route 77 : 611 542 1037 2042 2537 2111 487 1987 615 1014 330 1006 2506 1830 2115 2514
Route 78 : 277 956 929 2456 1777 913 2429 350 1850 2413 1170 814 2670 2314
Route 79 : 371 624 2124 716 22 2216 840 926 1871 1254 1522 2426 2340 2754 966 476 1976 2466
Route 80 : 1285 505 2785 243 251 2005 845 2345 893 1751 1743 252 2393 1752 942 2442
Route 81 : 973 2473 1149 2649 136 334 120 1834 1636 760 2260 889 1620 745 803 2389 2303 2245
Route 82 : 961 256 1756 2461 1185 1191 2691 2685 343 628 1843 658 2158 2128 902 1144 2402 2644
Route 83 : 864 783 1216 2364 2716 2283 643 822 2322 2143 1389 2889 191 868 2368 1691
Route 84 : 1084 641 226 2584 2141 1726 37 1537 194 521 525 130 1694 2021 2025 1630
Route 85 : 1190 1287 2690 1328 2787 2828 207 749 38 2249 1707 1498 1487 1538 2987 2998
Route 86 : 947 741 2447 1331 1416 2831 2241 1074 1218 2916 664 2718 2164 2574
Route 87 : 225 1725 485 799 2299 1421 2921 1985 1017 433 59 1933 1559 1007 2517 2507
Route 88 : 787 259 2287 1054 1759 756 548 180 2256 1211 2048 1183 1680 2711 2683 2554
Route 89 : 69 672 1569 539 940 2039 2440 2172 20 359 1520 553 447 1947 114 1859 2053 1614
Route 90 : 676 2176 593 103 581 2093 812 1603 2081 291 146 1260 2312 1646 2760 1791
Route 91 : 1113 1486 1252 2613 2986 2752 1351 287 2851 911 1787 89 2411 1589
Route 92 : 1274 507 2774 737 2007 263 129 2237 1763 524 2024 931 1629 693 2193 2431
Route 93 : 639 630 2130 53 2139 924 218 1718 2424 254 116 1172 1553 1754 1616 2672
Route 94 : 744 2244 244 632 1390 1744 2890 2132 427 836 96 2336 1927 1596
Route 95 : 958 1414 2914 2458 580 646 2146 1363 2863 2080 426 362 113 1926 1862 1613
Route 96 : 990 1181 2681 2490 1412 80 2912 633 663 2133 1580 109 2163 839 2339 1609
Route 97 : 626 493 1042 2542 2126 1193 1993 1146 2646 1202 2693 2702 1008 895 2508 768 2395 2268
Route 98 : 748 1427 887 2248 2927 1423 2387 2923 1082 726 163 1663 1325 2825 2226 2582
Route 99 : 848 424 1470 1924 1045 2545 1188 2348 2970 1342 1239 2688 2739 1451 349 1849 2842 2951
Route 100 : 896 2396 72 122 684 1622 2184 1572 1024 276 1776 1177 2524 1261 2677 2761
Route 101 : 556 2056 340 740 1025 235 1258 1735 2240 1840 1010 2525 1166 2758 1355 2510 2666 2855
Route 102 : 850 1442 2942 2350 804 1063 404 2304 1179 2563 2679 1904 1458 2958
Route 103 : 318 1468 1205 1818 2968 1270 2705 2770 31 795 717 2295 2217 1531 1357 2857
Route 104 : 248 67 1009 1567 1118 2618 2509 1408 1126 2908 820 240 1740 2626 2320 1748
Route 105 : 1411 1478 861 667 2978 2911 2167 2361 9 365 1058 1865 1175 2558 1509 2675
Route 106 : 462 1962 44 509 1544 1499 2999 2009 1056 2556 1103 1422 2922 2603
Route 107 : 1379 237 2879 1461 2961 1737 948 439 2448 1430 1939 1123 2930 1062 2623 2562
Route 108 : 471 289 1789 1971 608 448 569 2108 1948 2069 1076 1097 1496 2576 2597 2996
Route 109 : 789 813 655 2289 2313 2155 1476 1350 2850 1316 1122 2816 2976 2622
Route 110 : 1346 1200 1368 2846 540 2868 2040 2700 1424 1155 2924 241 2655 344 1844 1741
Route 111 : 649 279 2149 1779 673 490 1990 567 2173 108 274 1608 100 1774 1138 2067 2638 1600
Route 112 : 272 246 388 1888 1746 1772 1195 1490 2695 925 2990 823 2425 2323
Route 113 : 141 528 794 1641 2028 1307 2294 1132 915 2632 2807 543 2415 26 1526 2043
Route 114 : 811 211 1711 2311 1071 410 255 2571 1910 133 1755 697 551 1633 2051 2197
Route 115 : 617 2117 983 1236 1145 1469 2483 2645 2969 1465 1282 2782 1251 2965 2736 975 63 1563 2475 2751
Route 116 : 1049 21 620 1253 2753 2549 2120 736 1521 933 82 2236 1295 2433 1582 1395 2795 2895
Route 117 : 842 245 1314 2342 2814 1745 1272 943 327 2772 1297 2443 1827 1264 2764 2797
Route 118 : 1405 627 465 1965 1174 2905 1489 2127 2674 1133 2989 1241 2633 2741 1189 2689
Route 119 : 1109 1339 1448 2609 2948 2839 610 1247 2747 2110 4 853 299 1799 1504 2353
Route 120 : 1420 1209 1380 2709 2920 2880 1000 2500 1472 954 2454 2972 175 1675 320 1820
Route 121 : 1402 2902 725 1382 2225 186 1686 670 2170 2882 730 339 566 2066 1839 2230
Route 122 : 1494 1092 536 2994 2036 2592 1040 107 1347 2540 1607 2847 264 916 2416 1764
Route 123 : 1089 1228 2589 2728 351 125 669 1625 619 1851 2169 390 469 1969 1890 2119
Route 124 : 14 964 1148 2464 2648 1407 1514 967 2467 1099 2907 12 1094 2594 1512 2599
Route 125 : 594 2094 1242 379 1879 2742 341 381 325 1841 1881 258 939 1825 1758 214 2439 1714
Route 126 : 1309 1292 2792 1340 2809 2840 590 1299 1263 2763 2090 2799 732 2232
Route 127 : 1385 1268 135 724 432 2768 2885 1932 1635 2224 148 835 209 217 1709 2335 1648 1717
Route 128 : 1005 824 2505 1243 2324 1391 1223 2723 2743 1417 2917 1462 2891 2962 1159 2659
Route 129 : 888 530 876 2376 616 2388 91 678 2116 1591 2178 2030 322 1822 304 869 1804 2369
Route 130 : 700 257 1757 2200 1069 238 121 2569 1621 1738 46 723 190 1546 1690 2223
Route 131 : 1227 1353 2727 2853 1163 253 851 2351 1238 1753 2663 937 721 2437 2738 2221
Route 132 : 99 423 1599 1923 996 131 773 2496 830 1631 2330 2273 1198 914 2414 2698
Route 133 : 589 112 302 1612 1802 2089 397 358 353 1897 1858 1853 446 1290 1946 909 2409 2790
Route 134 : 1387 2887 788 204 39 882 2288 1704 2382 1539 271 1771 564 290 1790 2064
Route 135 : 609 33 578 310 1533 2078 2109 1810 1474 2974 205 1013 1080 2513 1705 2580
Route 136 : 953 2453 268 963 333 1768 56 1833 602 2463 1556 656 1095 2102 2156 2595
Route 137 : 216 369 145 373 1873 1167 1869 1645 1457 2667 989 698 2489 2957 2198 1716
Route 138 : 160 1235 739 2239 2735 680 1660 286 440 1940 2180 1192 1786 2692
Route 139 : 502 841 2341 2002 613 918 157 1657 2113 2418 261 55 1555 1761
Route 140 : 671 1048 2548 2171 1318 1381 2881 1319 974 2818 1106 2819 1136 2474 2606 2636
Route 141 : 143 1643 898 492 29 1529 1992 2398 425 128 510 1628 1925 2010 460 62 1562 1960
Route 142 : 523 2023 796 474 1018 2296 1098 2518 2598 1974 178 475 54 1678 1178 1554 2678 1975
Route 143 : 473 588 1378 2878 2088 1973 727 951 2451 2227 418 215 23 61 1918 1561 1523 1715
Route 144 : 408 654 1280 2780 1908 1003 2154 2503 650 685 2150 367 1344 1867 2185 2844
Route 145 : 1201 2701 197 1697 1404 651 519 746 2246 2019 2151 2904 1374 1061 2561 2874
Route 146 : 660 170 873 208 2160 1708 1670 363 1221 1466 2373 2721 1863 2966 585 2085
Route 147 : 18 147 193 1518 1647 414 1044 701 2544 1914 1693 2201 41 927 234 1734 1541 2427
Route 148 : 1180 1401 2680 298 2901 1186 642 1798 356 2142 2686 1043 797 1856 2297 2543
Route 149 : 1248 2748 634 535 883 2383 2134 2035 708 592 765 855 2355 2092 2265 1127 2627 2208
Route 150 : 826 115 618 1615 161 2118 2326 459 532 1661 1959 2032 1386 1488 2988 2886
Route 151 : 171 1030 1671 719 2530 2219 68 94 1594 1568 596 781 837 2096 2337 2281
Route 152 : 1293 694 2793 297 2194 1182 1797 1273 622 2682 2773 2122 1150 734 2234 2650
Route 153 : 674 1085 159 2585 329 324 1500 1659 1824 1429 1829 2929 3000 2174
Route 154 : 928 374 1874 938 8 2428 1508 1365 2438 1203 2703 1139 1358 2865 597 2097 2639 2858
Route 155 : 57 1557 153 586 984 1653 2086 601 2484 1142 1425 2642 2925 1137 2101 435 2637 1935
Route 156 : 387 529 2029 1887 1105 316 607 2107 1156 1816 2605 2656 1244 1482 2982 2744
Route 157 : 870 2370 1377 1337 2877 2837 202 477 1070 1702 1418 2570 1460 1977 2918 2960
Route 158 : 65 445 1021 1945 2521 1565 865 759 2365 1141 635 858 2358 2259 2641 604 2135 2104 516 2016
Route 159 : 345 104 1845 1604 571 908 2408 1091 969 2071 1312 2812 2591 2469 1464 2964
Route 160 : 1320 1111 1289 2820 2789 1361 2611 1311 2861 380 2811 1491 800 1880 2991 2300
Route 161 : 1256 2756 85 5 1505 945 699 960 2199 1585 436 2445 2460 1936 1383 2883
Route 162 : 731 413 132 1632 1913 201 852 1701 935 2352 784 151 2284 2435 2231 1651
Route 163 : 1184 1343 809 346 1846 2843 2684 2309 438 791 486 1986 1938 2291
Route 164 : 317 1100 2600 1817 1124 2624 1108 1310 1064 2564 2810 780 2608 2280
Route 165 : 2 512 416 312 2012 1502 1812 1916 681 638 2181 2138 372 689 2189 1872
Route 166 : 250 897 456 1956 2397 406 1750 489 707 981 1906 2207 2481 1989 308 1808
Route 167 : 1493 1207 2707 1278 2993 603 2103 764 2778 605 1055 2555 2264 568 2105 2068
Route 168 : 1481 1284 2981 95 2784 124 155 1624 587 1595 2087 1655 575 1029 691 2075 2191 2529
Route 169 : 777 496 45 2277 1545 1996 389 923 83 1583 24 2423 1524 1889 177 995 2495 1677
Route 170 : 552 181 2052 232 236 892 1732 728 86 2392 1586 1736 2228 644 375 1875 2144 1681 704 2204
Route 171 : 1327 2827 1397 1403 2903 2897 862 354 533 1854 449 2362 1949 2033
Route 172 : 1276 1296 2796 2776 1026 328 273 2526 1828 119 1047 292 1792 1773 878 1619 2547 2378
Route 173 : 1073 1231 2731 1349 2573 79 1212 1579 1396 2712 2849 1128 2896 422 2628 1922
Route 174 : 134 872 2372 1090 1634 879 1437 2379 2590 2937 1131 1249 2749 2631 1116 2616
Route 175 : 183 976 2476 1683 1224 1305 2805 2724 360 321 1860 27 1527 1821
Route 176 : 711 515 2211 2015 912 1022 42 2412 2522 409 537 1542 1909 2037 1151 2651
Route 177 : 342 816 1842 2316 1366 1477 1046 2977 2866 2546 560 126 2060 1626
Route 178 : 158 994 1658 1473 2494 1433 2973 152 1332 2933 2832 1652 506 985 2485 2006
Route 179 : 30 504 880 2004 1530 2380 574 10 520 1510 1038 2074 2538 815 1059 2020 2315 2559
Route 180 : 885 807 857 34 2385 1534 2357 1176 2307 1375 695 2676 2195 2875
Route 181 : 265 992 614 2492 1765 2114 582 659 2082 648 1213 2148 2159 847 2713 2347
Route 182 : 1266 184 280 1684 314 483 337 1780 1983 1409 1814 2766 904 647 2909 2404 1837 2147
