Instance name : ber-n600-4
Authors       : Dmitriy Demin, Mikhail Diakov (msd@veeroute.com), Ivan Ilin, Nikita Ivanov, Viacheslav Sokolov (vs@veeroute.com) et al. VRt Global (https://veeroute.com/)
Date          : 2023-07-09
Reference     : veeroute.com
Solution
Route 1 : 252 288 58 588 552 91 391 358
Route 2 : 198 498 82 84 384 228 382 528 33 333
Route 3 : 54 51 77 354 3 351 377 303
Route 4 : 30 330 213 2 513 180 302 480
Route 5 : 17 292 238 317 227 538 592 527
Route 6 : 298 224 76 598 376 524 279 579
Route 7 : 83 119 419 232 66 366 532 383 73 373
Route 8 : 120 420 256 260 556 60 560 360
Route 9 : 293 593 235 187 148 535 487 448
Route 10 : 39 159 339 459 133 259 559 433
Route 11 : 122 422 160 173 460 473
Route 12 : 9 240 207 309 507 540 8 308
Route 13 : 176 18 244 318 117 544 273 573 476 417
Route 14 : 229 67 57 357 367 529
Route 15 : 287 587 28 328 161 461
Route 16 : 177 197 477 286 497 168 586 468
Route 17 : 80 380 201 501 47 347 275 575
Route 18 : 165 465 277 297 65 577 597 365 102 402
Route 19 : 251 265 551 565 189 291 489 591
Route 20 : 90 390 179 205 479 505
Route 21 : 1 50 301 350 208 257 508 557
Route 22 : 31 243 331 98 543 191 398 491
Route 23 : 300 85 253 600 385 553 167 467
Route 24 : 271 571 261 14 19 319 561 314
Route 25 : 192 269 107 492 569 407 55 355
Route 26 : 108 408 5 68 222 368 305 522
Route 27 : 195 74 374 110 495 276 410 576
Route 28 : 78 378 36 336 163 463 71 371
Route 29 : 215 282 582 79 515 92 392 379
Route 30 : 284 171 584 144 258 444 471 558
Route 31 : 16 299 316 599 184 153 484 453
Route 32 : 136 234 24 324 534 23 323 436
Route 33 : 202 162 462 219 502 72 372 519
Route 34 : 203 503 62 63 158 363 362 458
Route 35 : 128 125 428 425 137 97 397 437
Route 36 : 157 457 278 249 578 22 549 322
Route 37 : 45 225 345 12 525 312
Route 38 : 113 87 413 387 150 450
Route 39 : 132 432 174 143 474 443
Route 40 : 262 49 562 237 537 349 254 554
Route 41 : 101 134 401 434 44 344
Route 42 : 25 93 325 393 6 183 306 483
Route 43 : 268 568 196 248 175 496 548 475
Route 44 : 190 272 152 490 572 452 70 370
Route 45 : 43 343 147 116 155 447 416 455
Route 46 : 285 146 446 38 283 338 583 585
Route 47 : 21 172 472 130 321 178 478 430
Route 48 : 109 212 409 512 111 411 106 406
Route 49 : 236 536 124 145 424 56 445 356
Route 50 : 100 29 329 188 400 280 488 580
Route 51 : 267 567 151 241 451 246 541 546
Route 52 : 200 290 500 590 13 27 313 327
Route 53 : 4 233 139 304 231 439 531 20 533 320
Route 54 : 103 48 86 164 403 348 464 386
Route 55 : 41 112 412 341 94 394 181 481
Route 56 : 255 263 40 563 53 555 340 353
Route 57 : 59 89 389 131 359 431 296 596
Route 58 : 96 217 517 193 270 396 493 570
Route 59 : 142 266 442 15 566 315
Route 60 : 121 209 421 10 115 310 509 415
Route 61 : 140 7 440 294 307 186 594 486
Route 62 : 61 204 361 220 105 520 405 504
Route 63 : 154 454 104 170 470 156 404 456
Route 64 : 138 194 438 494 245 123 545 423
Route 65 : 274 69 574 369 99 250 399 550
Route 66 : 210 185 485 226 526 211 511 510
Route 67 : 223 42 523 342 127 427 11 95 311 395
Route 68 : 129 114 169 414 429 469 37 34 334 337
Route 69 : 166 218 281 518 81 466 581 381
Route 70 : 221 199 499 521 295 206 506 595
Route 71 : 289 589 88 149 126 388 449 426
Route 72 : 182 32 482 216 332 516 230 530 26 326
Route 73 : 35 335 239 118 264 539 46 418 564 346
Route 74 : 141 242 52 441 542 352 214 514
Route 75 : 135 75 435 64 375 247 547 364