Instance name : ber-n4000-2
Authors       : BIG3 - Dmitriy Yampolskiy, Egor Nikolaev and Daria Savina. Smart Logistics Point by the BigThree team (big3.ru).
Date          : 2025-04-23
Reference     : BigThree team (big3.ru)
Solution
Route 1 : 1233 1771 3771 314 3233 499 2499 2314 1048 3048
Route 2 : 1316 711 3316 2711 1748 1659 3748 3659 858 855 2855 2858
Route 3 : 376 2376 1631 1567 3631 3567 1104 1877 3877 3104
Route 4 : 1641 3641 1982 1955 3955 207 2207 3982
Route 5 : 326 1079 1945 3079 2326 3945 1643 3643
Route 6 : 562 1949 3949 2562 1613 1906 3613 3906 41 2041 607 2607
Route 7 : 1489 1458 3458 1465 3489 768 3465 1866 2768 3866
Route 8 : 619 359 2619 1761 2359 3761 401 2401
Route 9 : 1259 1005 970 3005 3259 2970 1027 488 2488 3027 112 2112
Route 10 : 284 2284 1744 1407 3744 139 3407 1828 2139 3828
Route 11 : 1214 3214 1370 817 3370 181 2817 2181
Route 12 : 224 1524 110 2224 2110 3524 471 1205 2471 703 3205 2703
Route 13 : 1549 1831 1388 3388 3549 3831 290 2290
Route 14 : 1428 3428 216 1264 990 2990 2216 3264
Route 15 : 1241 3241 1140 45 3140 2045 1803 474 3803 2474
Route 16 : 869 239 1698 2869 632 2632 602 2239 2602 3698
Route 17 : 1391 665 1869 3869 1054 2665 1404 3054 3391 3404
Route 18 : 518 1867 2518 1247 3867 3247 687 972 2972 2687
Route 19 : 1372 3372 494 719 2494 1023 2719 3023
Route 20 : 1456 32 2032 1824 3824 743 2743 3456 248 2248
Route 21 : 226 2226 837 2837 921 1678 2921 1179 3678 3179 1010 3010
Route 22 : 1924 1943 1158 3943 3924 3158 1288 3288
Route 23 : 1077 123 3077 2123 797 734 2797 627 2734 1809 2627 3809
Route 24 : 827 2827 331 1430 3430 1977 2331 3977
Route 25 : 1892 3892 1561 3561 80 597 1995 2080 3995 2597
Route 26 : 1330 404 917 3330 1507 2917 2404 1450 3507 1632 3450 3632
Route 27 : 1793 876 3793 1713 3713 2876 1111 1121 3111 3121
Route 28 : 472 13 2472 1351 2013 3351 570 363 2570 2363
Route 29 : 1544 974 3544 2974 1452 1306 3306 3452
Route 30 : 1283 1168 3168 3283 852 1109 3109 2852 448 721 2721 2448
Route 31 : 1307 3307 966 1161 1093 2966 3093 874 3161 1689 2874 3689
Route 32 : 1639 999 3639 373 2999 370 2373 481 2370 2481
Route 33 : 1459 78 183 2183 2078 1913 3459 3913
Route 34 : 1015 1384 3384 3015 1679 3679 1068 3068
Route 35 : 200 1475 2200 663 2663 3475 647 1708 2647 3708
Route 36 : 955 1722 2955 3722 1565 1338 3565 3338
Route 37 : 587 1588 2587 35 1275 3275 1200 2035 3588 3200 1822 3822
Route 38 : 1444 1557 3444 3557 952 2952 1420 1765 3420 3765
Route 39 : 531 599 2599 50 1907 2050 210 2210 3907 2531
Route 40 : 1932 565 3932 2565 1532 1431 3532 1166 3431 3166
Route 41 : 366 501 2501 2366 1649 361 1543 3543 3649 2361
Route 42 : 1568 1167 3568 3167 628 29 2029 1272 2628 1861 3272 3861
Route 43 : 438 1928 2438 1726 3928 509 3726 2509 1962 646 3962 2646
Route 44 : 130 2130 1815 1600 3600 3815 1201 3201
Route 45 : 1282 1862 3282 1377 1292 3862 799 3377 2799 3292
Route 46 : 470 758 2758 2470 304 1969 3969 2304
Route 47 : 1692 1020 3692 1486 3020 791 3486 2791
Route 48 : 132 90 2132 1255 1534 3255 3534 1673 2090 3673
Route 49 : 365 1511 2365 1159 3159 3511 56 128 2128 2056
Route 50 : 464 1278 2464 3278 396 1280 2396 1265 3280 3265
Route 51 : 859 349 2349 1975 2859 3975 15 1122 3122 2015
Route 52 : 254 176 2254 2176 1947 634 3947 516 2634 2516
Route 53 : 592 1555 560 3555 1737 2560 542 3737 1039 2542 2592 3039
Route 54 : 1758 24 429 2429 3758 2024 1633 495 2495 3633
Route 55 : 1279 3279 1113 996 2996 1146 732 2732 3146 3113
Route 56 : 778 1461 2778 629 3461 1752 3752 2629
Route 57 : 5 2005 831 661 2661 2831 256 1373 2256 3373
Route 58 : 770 796 2796 258 2258 2770 790 1414 3414 1595 2790 3595
Route 59 : 1322 1036 3322 3036 1506 405 906 2405 3506 2906
Route 60 : 1533 3533 1936 3936 508 1628 2508 3628 66 1642 3642 2066
Route 61 : 1579 3579 1235 39 2039 3235 1021 521 3021 2521
Route 62 : 1730 3730 425 1663 3663 2425 1839 3839 1753 1512 3512 3753
Route 63 : 523 1106 3106 1914 2523 1380 3914 3380 1680 1187 3680 3187
Route 64 : 408 230 2408 969 2969 2230 1516 162 3516 2162
Route 65 : 411 1922 2411 520 3922 25 2520 1164 2025 3164
Route 66 : 371 943 2371 1244 2943 1691 571 3244 3691 2571
Route 67 : 507 2507 399 195 2195 328 2399 828 2328 2828
Route 68 : 1369 1833 3369 93 3833 524 2093 1883 2524 705 3883 2705
Route 69 : 137 1858 2137 3858 307 96 2307 2096
Route 70 : 737 2737 277 2277 504 152 2504 2152 822 251 2822 2251
Route 71 : 1944 1004 496 908 2908 3004 2496 511 3944 2 2511 2002
Route 72 : 1998 1457 806 2806 1742 3457 257 3742 2257 3998
Route 73 : 1433 1718 3433 3718 1221 1578 3221 151 3578 2151 1287 3287
Route 74 : 901 2901 1154 776 2776 3154 2000 707 4000 2707 825 2825
Route 75 : 1960 1248 3960 3248 446 1675 867 2446 2867 1262 3675 3262
Route 76 : 815 252 1429 3429 2815 2252 1704 3704 1448 1709 3448 3709
Route 77 : 368 2368 614 393 2614 1953 1165 2393 442 2442 3165 3953
Route 78 : 1751 701 3751 1872 2701 3872 1359 1323 1820 3323 3359 3820
Route 79 : 1968 1677 1855 3677 54 2054 3855 325 2325 3968 928 2928
Route 80 : 546 2546 1747 1903 3903 1453 3747 1629 3629 3453 347 2347
Route 81 : 382 1058 2382 792 3058 2792 553 1973 3973 2553
Route 82 : 1406 3406 1980 1988 3980 466 3988 259 2466 2259 1788 3788
Route 83 : 998 669 593 2998 2669 2593 870 1260 566 3260 2870 2566
Route 84 : 1333 3333 1042 1064 3042 199 2199 3064 175 2175
Route 85 : 118 87 603 2087 1796 168 2168 3796 1819 2603 2118 3819
Route 86 : 1670 1837 3837 3670 105 2105 1723 3723 1658 3658
Route 87 : 261 1786 2261 1031 1120 3120 3031 973 3786 2973
Route 88 : 1817 3817 925 2925 658 589 2658 1249 3249 2589 1885 3885
Route 89 : 255 1256 3256 2255 1053 1155 3155 3053 884 2884
Route 90 : 713 590 2713 613 1701 2590 3701 92 2613 265 2092 2265
Route 91 : 1548 1699 3548 310 3699 2310 1651 3651
Route 92 : 1226 702 2702 535 3226 1065 3065 236 2535 2236
Route 93 : 1112 608 1043 3043 3112 1367 2608 3367 282 807 2282 2807
Route 94 : 788 769 2769 2788 1479 329 2329 1655 3479 3655
Route 95 : 886 652 260 1446 3446 2652 2260 1114 3114 2886
Route 96 : 567 94 2567 1368 2094 1868 3368 1300 3868 3300
Route 97 : 434 55 2055 997 1150 2434 1294 3150 2997 3294
Route 98 : 1008 1153 1447 1189 3008 3447 1834 3189 3834 3153
Route 99 : 1626 3626 1217 3217 1326 1593 3593 3326 1688 3688
Route 100 : 1916 1118 3916 3118 1954 3954 1992 1835 3992 3835
Route 101 : 1362 1451 3362 3451 1801 21 1745 3801 2021 1268 3745 3268
Route 102 : 1339 1707 533 3707 1055 3055 2533 1546 1441 3339 3546 3441
Route 103 : 911 191 298 2298 2911 2191 1427 1948 3427 679 3948 2679
Route 104 : 14 19 2014 729 2019 1203 2729 1181 3181 3203
Route 105 : 283 134 2283 1838 2134 541 3838 2541 73 2073
Route 106 : 498 993 568 2568 129 957 2498 2957 2993 2129 1174 3174
Route 107 : 577 428 2428 2577 1138 865 2865 1700 3138 3700 391 2391
Route 108 : 673 1623 3623 2673 1716 1813 3716 3813 1032 300 3032 2300
Route 109 : 927 2927 1841 500 3841 1684 1964 2500 3684 3964 580 2580
Route 110 : 777 1750 2777 1478 3750 3478 888 738 2738 2888 596 2596
Route 111 : 170 1477 2170 3477 1102 1141 3102 3141
Route 112 : 1919 1016 3919 3016 1783 1899 3899 3783 1145 3145 114 2114
Route 113 : 839 685 1933 2685 1130 3130 3933 2839
Route 114 : 1115 3115 196 671 2196 1956 3956 2671
Route 115 : 1749 436 909 2436 2909 635 887 2635 1123 2887 3749 3123
Route 116 : 539 240 2240 1882 2539 1909 1425 3882 3909 3425 1946 3946
Route 117 : 49 1644 2049 924 2924 3644 1105 696 3105 624 2696 2624
Route 118 : 459 2459 1540 3540 1697 1865 3697 369 3865 1731 2369 3731
Route 119 : 113 1939 2113 291 64 2291 3939 688 2064 2688
Route 120 : 1599 756 3599 1645 3645 2756 517 1581 2517 654 3581 2654
Route 121 : 843 1558 1981 2843 3981 3558 480 1119 3119 741 2480 2741
Route 122 : 1671 878 572 2878 1252 2572 3671 3252 138 2138
Route 123 : 431 1375 1194 3194 2431 971 2971 79 3375 832 2079 2832
Route 124 : 3 2003 793 2793 1717 3717 1321 1298 3321 3298
Route 125 : 1560 1309 1398 3309 3398 3560 987 2987 38 617 2617 2038
Route 126 : 372 672 2372 2672 98 2098 1636 3636 1505 3505 625 2625
Route 127 : 992 2992 630 205 2630 2205 1864 309 3864 492 2309 2492
Route 128 : 318 1204 2318 1934 1227 3204 3934 3227 272 77 2077 2272
Route 129 : 1069 506 3069 2506 1173 787 3173 694 2787 2694
Route 130 : 1254 522 1393 3254 3393 2522 1156 1618 3618 3156
Route 131 : 1371 1070 3371 3070 1596 1736 3596 3736 321 2321
Route 132 : 724 1681 1612 538 385 3681 3612 2385 2724 1592 2538 3592
Route 133 : 243 2243 621 1484 751 2621 166 2751 3484 2166
Route 134 : 656 227 2656 2227 1857 485 1661 2485 3857 3661
Route 135 : 991 1605 2991 846 3605 2846 276 1009 3009 2276
Route 136 : 1756 3756 281 1238 3238 2281 1271 569 1474 2569 3271 3474
Route 137 : 1735 1234 3234 3735 1285 3285 1476 423 2423 3476
Route 138 : 916 994 1185 2994 2916 903 3185 812 2903 62 2062 2812
Route 139 : 667 497 2667 783 1503 2497 2783 502 3503 2502
Route 140 : 1538 1046 3046 3538 447 1108 2447 1853 3853 3108 266 2266
Route 141 : 640 1621 1193 2640 3621 1541 3193 3541 1569 287 3569 2287
Route 142 : 1662 3662 1950 1530 637 3950 2637 3530 894 835 2835 2894
Route 143 : 1667 377 392 2377 350 2392 3667 2350 1705 473 2473 3705
Route 144 : 1685 1266 3685 1240 3240 75 241 2075 141 2241 2141 3266
Route 145 : 1087 1019 3019 3087 1142 182 3142 1938 2182 1570 3938 3570
Route 146 : 804 1423 2804 3423 306 1774 2306 3774
Route 147 : 1873 3873 1195 1135 3195 891 2891 3135 1627 1379 3379 3627
Route 148 : 1754 97 2097 3754 922 2922 135 316 2316 2135
Route 149 : 899 164 63 722 2164 2722 2063 330 1497 3497 2330 2899
Route 150 : 529 2529 1196 857 3196 2857 1440 126 2126 896 3440 2896
Route 151 : 1126 559 3126 699 2559 469 1381 2699 2469 3381
Route 152 : 563 1160 2563 3160 641 1472 2641 3472 753 2753
Route 153 : 1985 1539 3985 771 1128 3539 2771 150 3128 2150
Route 154 : 108 773 461 2461 2108 2773 1564 3564
Route 155 : 1848 1739 3848 3739 387 863 449 2387 2863 311 2449 2311
Route 156 : 1741 1071 3071 1624 3741 163 3624 1807 2163 3807
Route 157 : 1876 1604 3604 1676 3876 574 3676 2574 142 2142
Route 158 : 1436 678 3436 2678 945 2945 1075 1435 463 3075 2463 3435
Route 159 : 1354 491 3354 1081 3081 2491 622 1197 3197 484 2622 2484
Route 160 : 1261 344 3261 623 2344 81 2623 1129 2081 3129
Route 161 : 149 294 2149 942 723 2294 2942 1365 2723 3365
Route 162 : 165 2165 1547 809 2809 3547 486 228 2228 2486
Route 163 : 1798 691 1672 1422 3798 2691 3672 3422 1347 3347
Route 164 : 781 2781 1243 1455 3243 3455 346 1562 214 2346 3562 2214
Route 165 : 1311 585 3311 618 2618 676 2585 935 2935 2676
Route 166 : 104 1616 2104 1615 3616 1258 3615 86 3258 268 2268 2086
Route 167 : 712 2712 547 172 2172 2547 68 2068
Route 168 : 1521 1902 3902 3521 1918 575 2575 3918 877 2877
Route 169 : 157 959 2959 2157 1702 532 767 2767 3702 2532
Route 170 : 913 479 231 2231 2913 2479 1665 153 3665 2153 1799 3799
Route 171 : 1863 534 3863 1199 2534 505 4 3199 2004 2505 1580 3580
Route 172 : 1267 146 3267 2146 757 1983 2757 3983 285 2285 246 2246
Route 173 : 861 1979 2861 3979 1419 1881 3419 1080 3881 3080
Route 174 : 1328 1034 23 3328 3034 2023 1091 1622 3091 3622
Route 175 : 1056 421 1499 2421 3499 981 3056 938 2981 2938
Route 176 : 1284 1101 3284 417 3101 192 2417 643 2192 2643
Route 177 : 1764 1355 573 3764 3355 2573 37 2037
Route 178 : 1590 1923 836 3590 2836 3923 910 2910
Route 179 : 1350 1116 3350 59 3116 2059 83 1608 2083 3608
Route 180 : 826 544 2826 2544 1760 1242 3760 3242
Route 181 : 842 1804 441 2441 2842 3804 915 1074 262 2915 2262 3074
Route 182 : 1498 1523 1875 3523 1291 3875 1308 3308 3291 3498
Route 183 : 695 1823 3823 1225 2695 100 929 2100 2929 3225
Route 184 : 1471 975 337 2975 668 2337 1859 3471 2668 3859 1184 3184
Route 185 : 920 2920 850 780 2850 2780 1057 512 3057 2512
Route 186 : 881 904 2881 1219 2904 351 275 3219 2275 2351
Route 187 : 249 20 2020 2249 933 709 2933 2709 561 1277 2561 3277
Route 188 : 84 944 2084 353 844 2944 782 2353 2844 2782
Route 189 : 158 1094 2158 983 2983 1674 3094 3674 958 2958
Route 190 : 1935 747 3935 1207 3207 2747 40 121 2121 2040
Route 191 : 1517 188 3517 2188 1212 1574 3212 3574
Route 192 : 1014 209 2209 3014 1017 111 3017 2111 122 1215 3215 2122
Route 193 : 811 1050 3050 2811 1620 1880 1646 3646 3620 3880
Route 194 : 1286 649 1409 2649 1083 3409 288 3083 718 2288 3286 2718
Route 195 : 1937 1942 3942 103 3937 2103 1462 1984 3462 1695 3984 3695
Route 196 : 451 800 2451 169 2800 460 2460 2169 336 2336
Route 197 : 402 1606 2402 802 3606 2802 1602 1653 3602 3653
Route 198 : 686 2686 156 1664 3664 213 2156 1891 3891 1941 2213 3941
Route 199 : 1703 1669 3703 1694 3669 3694 1230 3230 1124 3124 1856 3856
Route 200 : 147 2147 750 1961 2750 3961 697 2697 10 653 2653 2010
Route 201 : 1361 764 3361 2764 238 651 2238 2651 1994 1188 3994 3188
Route 202 : 540 1491 1170 3491 784 3170 2784 1432 3432 2540
Route 203 : 1993 1797 3993 1417 3797 3417 364 889 2364 2889
Route 204 : 1257 919 3257 1773 3773 2919 390 1038 3038 2390
Route 205 : 1469 144 3469 2144 1782 1492 278 3782 3492 2278
Route 206 : 232 1041 2232 3041 820 1220 3220 348 2820 2348
Route 207 : 1515 1889 1209 125 3515 2125 1035 923 3889 3035 2923 3209
Route 208 : 1816 854 2854 3816 736 2736 1494 1006 3006 3494
Route 209 : 1125 1208 3125 3208 1342 483 3342 740 2740 2483
Route 210 : 1415 457 3415 1897 2457 3897 229 489 2229 2489 964 2964
Route 211 : 1097 101 2101 3097 1403 218 3403 1192 2218 197 3192 2197
Route 212 : 360 527 2360 1795 1482 2527 419 3482 2419 3795 1127 3127
Route 213 : 918 2918 873 1886 601 2873 2601 3886 871 2871
Route 214 : 866 2866 1832 1740 3832 1392 3392 3740 67 2067
Route 215 : 1317 407 3317 1467 2407 1084 3467 3084 1211 3211
Route 216 : 335 354 2335 1202 2354 1818 3202 3818 1136 1545 3545 3136
Route 217 : 1067 3067 879 2879 202 1103 2202 1656 3103 3656
Route 218 : 315 375 2315 2375 1236 1190 1237 3190 3236 3237
Route 219 : 416 1389 2416 3389 1915 89 3915 1896 2089 124 3896 2124
Route 220 : 700 1844 3844 426 2700 1587 2426 414 2414 1528 3587 3528
Route 221 : 895 926 1231 3231 476 2476 1336 2895 2926 3336 270 2270
Route 222 : 1743 3743 1250 3250 1107 179 2179 3107 682 1650 3650 2682
Route 223 : 1500 3500 6 2006 515 2515 1787 305 2305 3787 1635 3635
Route 224 : 1274 564 2564 222 3274 1871 1849 2222 3871 3849
Route 225 : 1781 3781 976 1762 2976 639 3762 2639 947 2947
Route 226 : 1206 3206 714 117 2117 950 2714 119 744 2950 2119 2744
Route 227 : 951 1320 2951 61 914 2914 2061 853 1996 3320 2853 3996
Route 228 : 53 1755 2053 3755 76 302 2076 2302 611 1971 2611 3971
Route 229 : 907 1040 43 2907 710 2043 2710 327 1551 3551 2327 3040
Route 230 : 1775 3775 940 1999 1460 3999 2940 167 3460 299 2299 2167
Route 231 : 948 1066 1732 2948 3732 1904 1025 3066 3025 3904
Route 232 : 1293 212 3293 2212 297 1810 3810 1575 2297 610 2610 3575
Route 233 : 1509 3509 1504 3504 1729 960 528 3729 2528 2960
Route 234 : 1519 1374 3374 3519 1078 548 2548 1805 3078 882 3805 2882
Route 235 : 253 1714 3714 2253 47 2047 772 1811 2772 3811
Route 236 : 1028 1911 3028 410 2410 3911 1229 1047 3229 3047
Route 237 : 394 381 2394 356 2381 2356 1072 201 3072 2201
Route 238 : 1434 1634 1894 3434 3894 26 725 2725 3634 2026 824 2824
Route 239 : 1180 954 2954 1572 3180 1784 3572 245 2245 3784 1131 3131
Route 240 : 1767 3767 467 433 2467 706 2706 2433
Route 241 : 1110 1976 3110 1483 3976 490 3483 2490 727 2727
Route 242 : 937 1802 3802 2937 902 1329 292 2902 2292 3329
Route 243 : 1908 1571 3571 3908 1443 3443 91 550 2550 2091
Route 244 : 289 1584 2289 3584 1418 432 2432 3418 684 1449 2684 3449
Route 245 : 1734 171 2171 3734 1724 1473 3724 269 3473 880 2269 2880
Route 246 : 1648 185 3648 2185 1780 980 3780 1400 2980 3400 193 2193
Route 247 : 1520 3520 1808 312 3808 2312 588 2588
Route 248 : 187 2187 789 1099 1757 1898 3099 3757 941 3898 2941 2789
Route 249 : 606 988 2988 1139 2606 3139 961 2961 120 2120 848 2848
Route 250 : 42 2042 204 1706 2204 3706 1228 3228 1349 3349
Route 251 : 677 1052 3052 2677 1766 760 2760 3766 16 2016
Route 252 : 1501 1887 3887 3501 931 1591 3591 2931 1510 357 2357 3510
Route 253 : 949 2949 1827 1830 3827 3830 1607 1609 3607 3609 1319 3319
Route 254 : 274 2274 177 1245 3245 2177 779 1210 30 2779 2030 3210
Route 255 : 1410 3410 883 1843 2883 3843 798 2798 99 2099
Route 256 : 813 1874 1324 3324 2813 3874 1405 1826 3826 3405
Route 257 : 847 962 2847 698 2962 2698 145 378 1733 2145 2378 3733
Route 258 : 44 437 2044 82 2082 1149 2437 154 2154 3149 477 2477
Route 259 : 418 519 2418 1357 2519 1769 3357 352 3769 2352
Route 260 : 1480 3480 367 977 2367 912 2977 872 2912 65 2872 2065
Route 261 : 545 115 2545 1597 1563 2115 3597 1630 3563 3630
Route 262 : 1133 3133 1313 1728 3728 3313 645 939 2645 1777 2939 3777
Route 263 : 1421 1353 3421 1157 1346 3353 3157 3346 400 358 2400 2358
Route 264 : 704 2704 155 2155 273 1172 2273 1273 3172 3273
Route 265 : 1481 1327 3327 3481 1513 1920 3513 860 2860 3920
Route 266 : 1030 3030 1390 458 2458 3390 1931 1851 116 3851 3931 2116
Route 267 : 733 1132 2733 1652 3132 631 3652 455 2631 555 2455 2555
Route 268 : 1763 3763 220 2220 1358 1967 3358 208 244 3967 2244 2208
Route 269 : 409 2409 1696 3696 1100 74 1527 3527 3100 2074
Route 270 : 708 664 2708 1583 3583 1770 342 3770 2342 2664 1576 3576
Route 271 : 1062 834 280 2280 3062 2834 1176 1930 3176 3930 595 2595
Route 272 : 271 398 2398 2271 362 761 655 2362 2761 2655
Route 273 : 263 339 2339 644 2263 1051 2644 106 3051 805 2106 2805
Route 274 : 1251 57 3251 1522 3522 2057 22 2022 801 2801
Route 275 : 1711 148 3711 178 1526 2148 3526 2178 225 1488 3488 2225
Route 276 : 810 1399 3399 638 2810 716 2638 2716 968 1585 2968 3585
Route 277 : 675 1304 2675 1637 3304 692 1598 3637 3598 2692 693 2693
Route 278 : 953 620 774 2620 2953 2774 46 2046 1276 897 3276 2897
Route 279 : 579 1693 2579 3693 223 2223 1878 3878 683 308 2683 2308
Route 280 : 422 763 2422 319 2763 234 2319 2234
Route 281 : 1496 3496 70 967 2070 1792 2967 1148 3792 3148 752 2752
Route 282 : 795 965 2965 1177 482 1746 1611 3746 2795 3611 2482 3177
Route 283 : 443 453 2443 1253 2453 3253 1 2001
Route 284 : 930 626 2930 754 2626 2754 946 7 2007 2946
Route 285 : 979 583 2979 2583 715 1356 2715 18 3356 2018
Route 286 : 1378 264 2264 3378 36 1812 3812 2036 851 2851
Route 287 : 71 1687 2071 578 2578 1090 1171 3090 3687 3171
Route 288 : 1785 1332 615 3785 2615 1972 440 3332 2440 3972
Route 289 : 1029 427 3029 609 12 2012 2609 1727 3727 2427
Route 290 : 1331 323 60 3331 2323 1224 2060 3224 816 2816
Route 291 : 745 2745 1022 3022 1890 1900 3900 3890 380 2380
Route 292 : 1412 3412 203 2203 1340 27 3340 2027 424 2424
Route 293 : 1554 856 2856 493 3554 2493 1096 1299 3096 3299
Route 294 : 642 552 1213 2552 3213 2642 868 2868 1912 3912
Route 295 : 670 838 1445 2670 3445 2838 1917 439 3917 2439
Route 296 : 808 2808 1348 454 444 3348 2454 2444 1012 3012
Route 297 : 1095 1537 3095 1978 3978 3537 267 219 2219 2267
Route 298 : 841 2841 317 1318 3318 2317 1312 3312 235 785 2785 2235
Route 299 : 58 1495 3495 1966 2058 160 3966 2160 1024 1485 3485 3024
Route 300 : 107 616 2107 2616 1668 3668 1666 3666 295 303 2295 2303
Route 301 : 1552 1772 3552 748 3772 2748 557 1301 3301 2557
Route 302 : 334 2334 72 775 2072 2775 1296 386 2386 3296
Route 303 : 1303 875 1951 3951 2875 3303 1334 985 2985 3334
Route 304 : 1490 1360 3360 1940 3490 3940 1759 136 2136 3759
Route 305 : 1542 3542 343 2343 666 237 2237 374 2666 2374
Route 306 : 465 530 1970 2530 1836 3836 3970 2465 140 247 2140 2247
Route 307 : 594 31 2031 739 2739 1366 3366 1098 1439 3098 3439 2594
Route 308 : 1854 657 2657 1468 3854 48 3468 184 2048 2184 1401 3401
Route 309 : 1402 28 3402 2028 1073 989 3073 2989 1076 415 3076 2415
Route 310 : 445 833 2445 190 2190 2833 1163 3163 537 1846 2537 3846
Route 311 : 556 2556 1063 1959 3063 3959 598 2598 818 2818 558 2558
Route 312 : 549 2549 605 2605 215 462 2462 2215 131 286 2131 2286
Route 313 : 1640 3640 1182 1424 487 3182 3424 2487
Route 314 : 726 475 2726 2475 1958 636 3958 2636
Route 315 : 1352 650 3352 1408 2650 17 3408 2017
Route 316 : 1910 3910 963 755 2755 2963 890 2890
Route 317 : 1394 1925 3394 3925 1026 1454 3454 3026
Route 318 : 389 2389 905 324 2905 2324 1814 1060 3814 3060
Route 319 : 51 468 2468 1386 2051 1619 1884 3386 3884 3619
Route 320 : 1169 1411 3169 814 3411 2814 1013 102 3013 2102 823 2823
Route 321 : 1363 1088 345 3088 3363 2345 1586 3586
Route 322 : 582 956 2582 1295 2956 3295 765 759 2759 2765
Route 323 : 1779 612 3779 1791 2612 1344 3344 3791
Route 324 : 840 1738 2840 3738 1776 1990 3990 3776 1310 3310 1269 3269
Route 325 : 384 1860 2384 1638 1037 3037 1789 3638 3789 3860
Route 326 : 1143 864 2864 1290 3143 3290 173 403 2403 2173
Route 327 : 1821 1800 3800 3821 1582 3582 1682 3682
Route 328 : 33 180 2033 586 2180 2586 1888 3888
Route 329 : 1416 3416 395 2395 1603 1845 3603 3845 338 2338
Route 330 : 1343 85 1589 3343 1794 3589 1162 3794 2085 3162
Route 331 : 1686 1305 3305 3686 1144 581 3144 2581 1790 3790
Route 332 : 430 2430 1134 3134 1829 1089 3829 1895 3895 1464 3089 3464
Route 333 : 1376 674 3376 2674 660 1553 3553 2660 1601 3601
Route 334 : 829 1712 2829 1721 3712 3721 1806 379 2379 3806 1487 3487
Route 335 : 206 2206 885 452 2885 1152 2452 525 3152 2525
Route 336 : 819 2819 1989 412 2412 1232 3989 3232 742 2742
Route 337 : 803 174 2174 576 2576 731 8 2803 2731 1183 2008 3183
Route 338 : 513 2513 1463 341 3463 1137 1216 2341 3137 3216
Route 339 : 1315 9 2009 3315 1536 3536 1963 3963 1438 3438
Route 340 : 1508 1222 133 2133 3222 320 2320 735 2735 3508
Route 341 : 388 1556 3556 2388 1395 3395 1952 1502 3952 3502
Route 342 : 934 279 2934 514 2279 1364 2514 1926 3364 3926
Route 343 : 242 1660 3660 2242 1302 1768 3302 3768 1466 3466
Route 344 : 536 1566 3566 554 2554 2536 690 1927 2690 3927
Route 345 : 1289 3289 1715 1151 3151 3715 296 1719 2296 3719
Route 346 : 786 478 159 1683 2159 2478 3683 1297 2786 3297
Route 347 : 1186 1778 1690 3186 3690 3778 1559 3559
Route 348 : 1852 3852 849 1387 1263 2849 3263 3387
Route 349 : 1396 1045 3396 1610 3610 189 3045 2189 355 2355
Route 350 : 1117 1382 3117 3382 313 1957 2313 3957
Route 351 : 1397 1654 3654 3397 1974 689 3974 34 1383 2689 3383 2034
Route 352 : 340 892 2340 1594 3594 2892 1018 3018 221 2221
Route 353 : 730 456 2456 2730 1325 109 2109 3325
Route 354 : 551 1049 2551 984 95 2095 2984 3049 862 2862
Route 355 : 600 11 2011 2600 1901 1147 3147 3901
Route 356 : 332 659 406 2659 2332 2406 1007 3007 830 2830
Route 357 : 995 1647 2995 3647 749 1000 2749 1929 3000 3929 1198 3198
Route 358 : 584 2584 1577 1657 3577 3657 1002 1617 3002 3617
Route 359 : 1059 250 3059 680 2250 2680 1986 717 3986 2717
Route 360 : 127 978 2978 2127 1086 1223 3223 982 3086 2982
Route 361 : 898 936 986 2936 2986 420 333 2333 2420 2898
Route 362 : 633 1044 2633 3044 1997 1442 3442 3997
Route 363 : 1191 503 2503 3191 1905 233 161 2233 3905 2161
Route 364 : 1345 1921 3345 1573 766 3921 2766 3573 450 2450
Route 365 : 845 1437 2845 900 3437 1033 2900 3033 1991 1281 3991 3281
Route 366 : 526 1092 2526 3092 1725 1847 3725 3847
Route 367 : 1614 3614 932 293 2932 2293 1987 3987
Route 368 : 1082 3082 1525 1550 3550 1335 3525 143 3335 2143
Route 369 : 1337 1531 3531 3337 1270 1625 746 3270 3625 2746
Route 370 : 1178 762 2762 3178 186 52 2186 194 720 2052 2194 2720
Route 371 : 435 2435 1011 69 1175 3011 3175 1529 2069 893 3529 2893
Route 372 : 1413 413 1893 3413 2413 728 1514 2728 821 3514 3893 2821
Route 373 : 662 2662 1879 1825 3825 3879 1314 88 3314 2088
Route 374 : 1061 3061 1239 211 2211 3239 217 2217
Route 375 : 1218 1535 3218 1720 3535 3720 1003 1001 3003 3001
Route 376 : 1341 681 1840 2681 543 322 3840 3341 2543 2322
Route 377 : 397 2397 383 1385 2383 1493 3385 1850 3850 3493 1965 3965
Route 378 : 1085 3085 1246 1470 794 3246 3470 2794 1518 3518
Route 379 : 301 1710 2301 1870 3710 1842 3842 3870 510 2510
Route 380 : 591 1426 2591 648 3426 2648 198 604 2198 2604
