Instance name : ber-n3000-1
Authors       : BIG3 - Dmitriy Yampolskiy, Egor Nikolaev and Daria Savina. Smart Logistics Point by the BigThree team (big3.ru).
Date          : 2025-04-22
Reference     : BigThree team (big3.ru)
Solution
Route 1 : 1363 1456 2956 1492 2863 1111 2611 2992
Route 2 : 710 1432 2932 390 2210 1273 1890 2773
Route 3 : 1429 20 679 99 2929 1599 2179 1475 1520 2975
Route 4 : 776 481 852 159 1981 2276 954 1659 2352 648 2148 2454
Route 5 : 1386 2886 1169 1076 1343 2669 342 2843 2576 530 2030 1842
Route 6 : 1368 107 2868 1105 1607 1167 2605 2667
Route 7 : 583 1023 2523 1481 2083 1022 1470 2522 2970 2981
Route 8 : 220 252 1720 1009 177 1752 361 1861 1259 2509 1677 2759
Route 9 : 296 112 1001 1612 2501 1796 712 387 539 1887 2212 2039
Route 10 : 19 894 714 2394 2214 1519 234 970 2470 1734
Route 11 : 592 1019 1234 2092 675 2175 2519 2734
Route 12 : 178 190 1690 1678 329 443 242 1742 1943 118 1618 1829
Route 13 : 653 559 257 284 2153 2059 632 1757 1784 464 2132 1964
Route 14 : 83 637 2137 1154 1583 1254 2654 2754
Route 15 : 1347 37 1197 1537 2847 1153 1428 2653 2697 2928
Route 16 : 574 429 2074 515 1929 1211 2015 1284 2711 2784
Route 17 : 165 1420 470 2920 224 1970 555 1724 125 1665 2055 1625
Route 18 : 1497 666 2166 1282 2997 281 2782 1781 191 1691
Route 19 : 360 599 393 1860 1320 2099 2820 1893 1487 2987
Route 20 : 819 1174 1440 2319 1411 2674 2940 2911
Route 21 : 1207 1003 2707 1240 2503 1374 2740 2874
Route 22 : 1138 2638 417 1483 1917 1298 2983 2798 394 147 1894 1647
Route 23 : 1244 399 1488 870 1899 467 2744 2988 1967 2370 1101 2601
Route 24 : 198 1004 2504 1698 1472 1407 2972 2907 1061 2561
Route 25 : 608 2108 989 155 1655 2489
Route 26 : 793 563 2293 1171 1364 108 2063 2864 1608 2671
Route 27 : 558 461 2058 1473 1961 1274 1188 2973 2688 2774
Route 28 : 1379 815 2879 2315 185 17 1685 921 2421 1517
Route 29 : 491 168 1991 1170 1668 1121 1180 2621 2670 2680
Route 30 : 982 1403 1303 2482 2803 102 2903 93 1602 1593
Route 31 : 1175 56 983 2675 1556 2483 1041 2541
Route 32 : 849 183 588 2088 1323 1683 508 384 2008 2349 2823 1884
Route 33 : 207 709 1707 1077 2209 149 627 864 2577 2364 1649 2127
Route 34 : 734 82 1178 1582 2234 1498 2678 12 2998 1512
Route 35 : 244 136 1636 969 1744 524 436 2469 2024 1936 645 2145
Route 36 : 977 945 67 2445 270 863 1567 2363 2477 1770
Route 37 : 288 578 1788 1356 2078 229 1729 2856
Route 38 : 719 2219 1266 601 855 2355 2766 2101 909 2409
Route 39 : 1130 2630 994 48 629 2494 1468 230 1548 2968 290 2129 1730 1790
Route 40 : 1445 2945 237 404 309 1737 33 1809 1904 1533
Route 41 : 126 635 912 2135 2412 1118 1626 254 2618 1754
Route 42 : 1164 339 1839 2664 1250 1201 2750 2701
Route 43 : 407 639 837 1907 184 1684 2139 2337 520 884 2384 2020
Route 44 : 832 2332 896 317 911 448 1817 872 2396 2411 2372 1948
Route 45 : 1133 1190 2690 814 2633 503 2314 121 2003 670 1621 2170
Route 46 : 1491 1131 2991 1049 2631 2549 463 609 2109 1963
Route 47 : 1210 1099 2710 151 1300 1651 2599 2800
Route 48 : 475 651 2151 1975 1355 458 2855 1958 340 1840
Route 49 : 1296 1427 2796 1056 2927 1309 2809 2556
Route 50 : 586 163 602 706 2086 1663 2206 978 685 2185 2478 2102
Route 51 : 1227 2727 175 742 123 1675 1623 2242
Route 52 : 792 768 763 1369 2268 2869 2263 2292
Route 53 : 622 253 2122 745 1753 2245 1149 438 859 2649 1938 2359
Route 54 : 821 1160 716 2660 2321 2216 620 553 2120 2053
Route 55 : 1106 1140 2606 1129 2640 1438 2938 797 2629 266 1766 2297
Route 56 : 303 760 1803 2260 1327 2827
Route 57 : 372 395 1872 47 1895 1547 388 1888 41 80 1541 1580
Route 58 : 366 379 1866 1204 1879 2704 160 1660
Route 59 : 992 2 1502 680 514 2014 2492 2180 180 1067 1680 2567
Route 60 : 889 1314 2389 2814 1136 1255 2755 2636 1336 2836
Route 61 : 713 333 1833 2213 282 181 1267 1329 2829 1681 1782 2767
Route 62 : 597 98 595 2095 2097 856 2356 943 1598 310 1810 2443
Route 63 : 1431 97 585 1597 2931 512 2012 703 2085 2203
Route 64 : 479 866 1979 2366 1122 2622 450 1950
Route 65 : 105 130 965 1605 1630 2465 1486 295 2986 1795
Route 66 : 320 876 1820 2376 1493 1441 2993 355 2941 1855
Route 67 : 1038 34 2538 1534 922 188 1688 496 1996 518 2018 2422
Route 68 : 88 5 22 1522 1588 729 1505 354 1854 682 2229 2182
Route 69 : 468 890 1968 1450 2390 1165 1198 2950 2665 2698
Route 70 : 1280 420 996 1920 460 451 1960 2780 1217 2496 2717 1951 501 2001
Route 71 : 54 765 1554 375 2265 831 1875 707 662 2207 2331 2162
Route 72 : 769 291 2269 498 1791 1238 1321 1998 2738 133 2821 1633
Route 73 : 42 1542 640 547 2047 2140 1173 891 2673 2391
Route 74 : 796 929 818 532 2318 2429 2296 1057 2032 2557
Route 75 : 349 299 1849 1799 1245 1231 2731 2745
Route 76 : 798 660 2160 426 1010 1926 431 1931 2298 2510
Route 77 : 442 991 40 2491 1540 1942 630 561 2130 2061
Route 78 : 485 923 1985 2423 1237 676 2737 791 525 2176 2025 2291
Route 79 : 698 16 2198 1516 428 984 128 1628 1928 2484
Route 80 : 364 1416 1864 243 2916 1743
Route 81 : 1377 1375 2877 1239 2875 68 2739 1568
Route 82 : 211 233 1711 877 1733 1268 2377 1434 2934 756 2256 2768
Route 83 : 1447 1117 1102 2947 775 2602 2617 1226 2275 2726
Route 84 : 888 376 2388 96 694 1876 822 1596 2322 2194
Route 85 : 70 554 137 2054 1570 1637 120 987 1620 2487
Route 86 : 269 1037 2537 1147 2647 1769 250 704 2204 1750
Route 87 : 119 955 1185 2455 1619 132 1337 2685 1632 2837
Route 88 : 1110 933 2433 2610 1495 69 946 2446 2995 1569
Route 89 : 878 459 551 2378 2051 1959 759 293 2259 1793
Route 90 : 494 1179 2679 589 1994 2089 11 914 1511 2414
Route 91 : 677 2177 1360 1412 1222 2912 2860 2722
Route 92 : 164 352 1664 1852 1078 1394 2578 2894
Route 93 : 1066 153 699 1653 1115 2566 2615 2199
Route 94 : 1095 413 1913 1186 2686 1352 2595 1383 2883 2852
Route 95 : 32 957 1532 2457 141 380 1641 740 1880 2240
Route 96 : 720 162 725 2225 938 2220 2438 1151 1662 2651
Route 97 : 1235 1460 2735 1307 2960 2807 1272 410 2772 1910
Route 98 : 845 454 782 2345 1954 1451 2951 2282
Route 99 : 504 391 49 981 2004 2481 1315 1891 1549 2815
Route 100 : 368 939 2439 1868 397 445 389 1889 1945 1897
Route 101 : 918 545 1278 2778 2418 2045 566 457 2066 1957 1025 2525
Route 102 : 941 1490 2441 1080 1055 2990 2580 684 2555 2184
Route 103 : 1031 1477 2531 1241 1044 2544 2741 1313 2977 2813
Route 104 : 1326 613 727 2113 1141 1135 2227 2641 2826 2635
Route 105 : 170 4 1504 1670 484 26 882 1 1526 1501 1984 2382
Route 106 : 1039 858 2358 2539 817 344 1844 2317 1018 2518
Route 107 : 1391 2891 1301 1042 2542 672 543 331 1831 2172 2801 2043
Route 108 : 1318 1068 2818 267 325 419 1767 2568 353 1825 1853 1919
Route 109 : 144 971 415 519 2019 1644 1915 427 576 2471 2076 1927
Route 110 : 89 43 927 1589 1543 374 535 2427 1874 2035
Route 111 : 1142 1221 2642 1193 2693 562 2062 2721 1453 2953
Route 112 : 825 910 2325 2410 1351 1381 2851 2881
Route 113 : 488 1103 1988 55 2603 934 1555 129 2434 1629
Route 114 : 321 474 1974 762 1821 430 1930 1157 2657 2262
Route 115 : 973 803 826 2473 1485 2326 2303 2985 383 1883
Route 116 : 203 235 1735 1703 1152 1026 238 1738 2526 2652 1085 2585
Route 117 : 552 581 2081 2052 259 962 2462 1759 85 1585
Route 118 : 829 902 2402 1139 726 2329 1297 2639 2226 2797
Route 119 : 1096 435 2596 1935 804 176 2304 478 1676 883 1978 2383
Route 120 : 560 2060 784 937 114 1014 2284 2437 1614 550 2050 219 2514 1719
Route 121 : 39 28 1539 58 658 1528 778 2278 2158 1558
Route 122 : 1107 2607 1145 1156 1097 2597 2645 2656
Route 123 : 841 886 367 1376 2386 2341 1365 2876 1867 1000 2865 2500
Route 124 : 1333 411 1911 1144 2833 1052 2552 1072 2644 2572
Route 125 : 988 145 683 1645 2183 2488 1409 1132 2632 2909
Route 126 : 865 192 1692 1405 2365 533 324 2033 2905 1824
Route 127 : 225 1027 1725 2527 1093 1446 587 2946 739 2087 2593 2239
Route 128 : 959 371 2459 1871 1200 1382 1464 2700 2964 2882
Route 129 : 1449 790 1439 2290 1466 2949 2939 2966
Route 130 : 906 881 2381 2406 1494 1127 2994 2627
Route 131 : 1306 336 1836 2806 273 1114 1243 2743 1773 2614
Route 132 : 895 1028 944 2395 2444 1448 2528 115 2948 1615
Route 133 : 935 800 750 2435 1281 2250 2300 2781 318 289 1789 1818
Route 134 : 330 691 1830 36 2191 236 615 1736 1536 2115
Route 135 : 21 1521 705 960 2205 907 932 853 2432 2353 2407 2460
Route 136 : 1251 472 700 2200 1972 2751 1286 801 2786 2301
Route 137 : 312 951 1812 783 650 433 2451 2283 1419 1933 2919 2150
Route 138 : 616 226 323 2116 1726 1823 626 564 510 2126 2010 2064
Route 139 : 350 473 1850 614 915 1973 2114 1249 2415 2749
Route 140 : 697 113 2197 1613 1214 166 2714 1666
Route 141 : 452 1392 268 1952 2892 1768 1098 2598
Route 142 : 833 1299 2333 1277 1341 2799 2841 2777
Route 143 : 158 721 2221 529 1658 444 838 2029 2338 1944
Route 144 : 363 308 1863 1017 1808 975 924 2424 2475 2517
Route 145 : 624 860 963 2124 985 664 2360 2463 2164 2485
Route 146 : 51 738 424 1551 357 2238 1924 871 275 1857 531 2031 2371 1775
Route 147 : 812 2312 1073 1404 2904 1109 1463 2573 2609 2963
Route 148 : 61 1317 1089 2817 1561 1257 2757 381 1881 2589
Route 149 : 887 1308 2387 1290 2808 1236 2736 2790
Route 150 : 52 8 1508 816 1552 326 75 1575 1826 2316 667 2167
Route 151 : 405 422 338 1922 1905 548 209 2048 808 1709 1838 2308
Route 152 : 418 286 1918 611 60 1786 718 2111 196 2218 486 1986 1560 1696
Route 153 : 1350 930 62 2430 869 2369 1562 2850 201 854 1701 2354
Route 154 : 134 873 2373 1634 744 57 1557 2244 834 104 2334 1604
Route 155 : 208 465 1965 157 456 265 1708 569 1765 2069 1657 1956
Route 156 : 779 276 823 1776 2279 2323 302 850 799 1802 2350 2299
Route 157 : 1020 487 868 2368 2520 1388 1063 2888 2563 1987
Route 158 : 1166 1444 2666 1316 1229 2816 2944 2729
Route 159 : 809 345 526 2026 879 1845 2309 1064 2564 2379
Route 160 : 65 636 127 1627 1565 541 24 1220 2041 2136 1524 2720
Route 161 : 701 916 385 38 1885 2201 1418 2416 647 1538 2147 2918
Route 162 : 1291 25 764 2791 406 1525 659 2159 1454 2264 1906 2954
Route 163 : 619 810 2119 1230 2310 432 1932 795 2730 2295
Route 164 : 63 607 1563 2107 780 471 621 2121 2280 92 1971 1592
Route 165 : 642 2142 110 605 735 2105 1610 2235 18 1518 386 1886
Route 166 : 920 2420 840 215 2340 1715 401 322 1822 1901
Route 167 : 499 567 2067 1999 182 1007 1100 1682 2600 1016 2507 2516
Route 168 : 7 674 1287 2787 2174 1507 579 71 2079 1571
Route 169 : 603 2103 223 1467 200 2967 1700 1723
Route 170 : 1271 1384 1366 2771 1324 2866 952 50 2452 1550 2824 2884
Route 171 : 976 172 1040 2476 1262 1672 2540 1322 2762 2822
Route 172 : 1182 1402 2682 171 2902 549 1671 2049
Route 173 : 540 678 998 1380 2880 2040 2498 2178 1228 2728
Route 174 : 898 482 346 1846 1224 1982 506 2398 2724 2006
Route 175 : 1035 875 94 836 2336 1060 2560 2535 1594 490 1990 2375
Route 176 : 14 204 1514 1704 656 686 781 2156 2186 1192 2281 2692
Route 177 : 403 1903 240 449 741 1740 770 1949 2270 874 2241 2374
Route 178 : 717 95 217 1595 1717 596 2217 497 138 2096 66 1566 1997 1638
Route 179 : 928 195 1695 846 925 2346 2425 2428 437 256 1937 1756
Route 180 : 1372 2872 1484 1500 3000 187 2984 844 1687 2344
Route 181 : 743 274 2243 644 77 416 2144 1916 1489 1774 2989 1577
Route 182 : 892 2392 1030 617 665 2530 2165 362 1862 947 2447 2117
Route 183 : 489 913 2413 786 79 1989 193 2286 1693 1579
Route 184 : 997 557 2057 2497 1128 124 511 2011 1624 2628
Route 185 : 824 867 2324 1104 1435 1124 2367 2624 2604 2935
Route 186 : 631 45 2131 1545 687 967 2187 447 2467 1947 1024 2524
Route 187 : 901 606 993 2401 1361 2106 2861 805 2493 2305
Route 188 : 1459 327 248 1748 335 1827 1835 2959 1143 2643
Route 189 : 1196 46 221 1721 2696 582 936 2082 1546 117 1617 2436
Route 190 : 1048 1357 2857 2548 785 152 600 1652 2100 788 2285 2288
Route 191 : 1258 643 2758 2143 956 2456 29 746 1529 2246
Route 192 : 1199 1216 2699 154 90 1654 351 2716 1851 1590
Route 193 : 91 696 1591 1148 2196 966 2466 2648
Route 194 : 106 580 2080 604 1606 661 1342 2104 2161 2842
Route 195 : 1436 347 974 2474 2936 1847 3 483 1503 1983 277 1777
Route 196 : 249 571 1749 2071 509 556 2009 146 348 1848 1646 2056
Route 197 : 990 773 2490 1398 2898 584 828 2273 2084 2328
Route 198 : 715 980 2215 1223 2480 724 949 2723 2449 2224
Route 199 : 722 1359 2859 1263 2222 1046 2763 2546
Route 200 : 1036 214 232 343 1843 1714 1732 210 2536 167 1710 1667
Route 201 : 169 761 813 2261 2313 527 757 1669 2027 30 2257 1530
Route 202 : 1012 695 142 2512 2195 1642 1108 2608
Route 203 : 1092 1247 1395 1219 2592 2747 2895 1033 2719 2533
Route 204 : 206 950 1334 2450 1069 2834 2569 1706 751 862 2362 2251
Route 205 : 1206 1370 2706 1302 2802 2870
Route 206 : 44 1265 1544 948 835 2335 2765 2448 143 280 1643 1780
Route 207 : 131 1631 1474 341 1841 396 2974 1896
Route 208 : 1158 1421 1213 2921 1311 2811 2713 2658 1393 2893
Route 209 : 999 109 847 2499 2347 1609 1482 1275 2982 2775
Route 210 : 1261 1480 2980 1203 2761 2703 931 953 2431 2453
Route 211 : 264 455 1764 72 186 1955 373 1686 1873 139 1572 1639
Route 212 : 1406 1256 1397 2756 1051 2906 2897 1082 2582 2551
Route 213 : 1389 885 2889 1269 2385 1172 2672 2769
Route 214 : 1205 1288 2705 755 641 2255 1430 2930 2141 577 2788 2077
Route 215 : 1242 1471 2971 2742 287 212 1712 304 1787 1804
Route 216 : 851 241 1120 1741 2351 1378 2620 2878
Route 217 : 689 766 842 2266 2189 2342 1058 412 1912 2558
Route 218 : 313 1813 1401 652 258 2901 2152 1208 1758 2708
Route 219 : 754 76 1576 2254 328 1005 2505 1828
Route 220 : 546 1325 1279 2779 2825 2046 1212 2712
Route 221 : 1246 1349 2746 1335 2849 197 1358 2835 2858 1079 1697 2579
Route 222 : 752 359 2252 572 1202 1859 2072 1187 2702 2687
Route 223 : 6 148 1506 1479 1094 1648 708 2594 2979 2208
Route 224 : 122 255 628 1622 2128 218 723 1755 156 1656 2223 1718
Route 225 : 1071 1426 2571 476 1086 2926 2586 1413 1976 2913
Route 226 : 843 64 1564 774 439 2343 1939 2274
Route 227 : 1305 1059 1137 1181 2805 2637 2559 2681
Route 228 : 1465 681 737 2181 1123 2237 2965 2623 1452 2952
Route 229 : 903 74 1574 968 2403 2468 1090 1385 2590 1248 2885 2748
Route 230 : 23 480 87 1980 1011 261 1761 2511 1587 1469 1523 2969
Route 231 : 1162 298 1184 1798 2662 1348 2684 2848 1371 2871
Route 232 : 263 31 161 1531 1065 1763 2565 1168 1661 2668
Route 233 : 1410 1458 1408 2908 1176 2958 1047 2910 2676 2547
Route 234 : 908 307 802 2302 1209 1807 1399 2408 2899 2709
Route 235 : 940 897 961 2440 2461 2397 749 251 2249 1751
Route 236 : 839 10 1510 409 2339 1034 1909 1083 2534 1400 2583 2900
Route 237 : 305 1032 1805 1270 2532 378 2770 1878 538 2038
Route 238 : 294 748 1794 663 2248 1437 2163 1191 2691 2937
Route 239 : 1340 523 500 2000 633 857 2023 2357 2840 2133
Route 240 : 1396 1002 505 492 2896 222 2005 1992 408 2502 1908 1722
Route 241 : 1021 671 1310 2521 1070 2171 2570 1112 2810 2612
Route 242 : 958 1161 283 2661 2458 1783 1330 638 2830 2138
Route 243 : 1091 905 314 1814 246 2591 655 2405 2155 1746
Route 244 : 646 807 2146 2307 1442 2942 216 365 1716 1865
Route 245 : 315 1150 1815 1054 2650 1344 2844 2554
Route 246 : 1425 1087 899 2925 668 2587 2399 733 2168 2233
Route 247 : 356 1457 1856 1075 2575 2957 1215 2715
Route 248 : 78 421 758 1578 2258 1476 1921 1119 2619 81 1581 2976
Route 249 : 1285 1283 2783 573 2785 657 1081 2073 2157 2581
Route 250 : 199 9 1509 1699 334 382 1834 103 1603 1029 2529 1882
Route 251 : 1328 1062 1015 2515 2828 690 2562 986 2190 2486
Route 252 : 516 189 995 598 2495 1689 2016 2098 1159 2659
Route 253 : 900 73 278 2400 1295 1778 1353 1573 2853 2795
Route 254 : 239 493 917 1993 1739 731 2417 521 2231 542 2021 400 2042 1900
Route 255 : 1319 2819 1354 1496 2854 2996 1415 2915 370 1870
Route 256 : 673 179 2173 1679 767 15 227 1727 610 2110 2267 1515
Route 257 : 702 205 414 1705 1189 1914 2202 2689 1194 590 2090 2694
Route 258 : 1253 1225 926 2426 1289 2725 2753 2789
Route 259 : 1443 1294 2943 1332 1163 2832 2794 2663
Route 260 : 919 135 84 1635 495 462 1584 1962 2419 1995
Route 261 : 772 53 2272 1553 692 565 35 2192 1331 2065 2831 1535
Route 262 : 964 507 423 1923 297 2464 2007 1050 1797 2550
Route 263 : 1461 1338 1292 2838 1499 2961 2792 2999
Route 264 : 1045 1155 1417 2917 880 2655 2545 1113 2613 2380
Route 265 : 777 593 2277 513 517 2093 332 2017 2013 1832
Route 266 : 904 398 1898 319 575 1819 942 2075 2404 1218 2718 2442
Route 267 : 262 1362 2862 669 2169 1762 1264 1414 2914 2764
Route 268 : 522 2022 173 649 337 1673 469 2149 806 1837 2306 311 1969 1811
Route 269 : 1276 1088 2588 536 623 2036 2776 2123
Route 270 : 86 111 1611 425 477 1977 1195 1925 1586 2695 544 2044
Route 271 : 811 1387 654 2311 2887 1177 1424 2154 2924 2677
Route 272 : 787 301 1125 2287 1478 1801 2625 2978
Route 273 : 100 285 1785 728 441 1600 534 2228 1941 2034
Route 274 : 194 231 1694 1731 1006 369 2506 861 1869 2361
Route 275 : 568 59 272 1772 1304 2068 1559 2804
Route 276 : 771 1433 1367 2867 2933 2271 1260 1373 2873 2760
Route 277 : 1233 1053 2553 1013 2733 730 789 2289 2230 2513
Route 278 : 594 202 2094 1702 1339 1043 2839 1455 2543 2955
Route 279 : 794 260 279 453 1953 1760 13 2294 1513 1779 150 1650
Route 280 : 1126 140 1640 116 2626 747 1616 2247 1390 2890
Route 281 : 625 612 972 2472 2125 2112 618 2118 736 570 2070 2236
Route 282 : 174 101 1674 1293 732 537 1601 2232 2793 2037
Route 283 : 1345 1084 2845 1116 2584 245 2616 1745 306 1806
Route 284 : 300 446 693 1800 247 440 2193 1747 1422 1946 2922 1940
Route 285 : 213 634 2134 502 1713 316 1232 2002 1816 2732
Route 286 : 820 392 1074 2574 1892 1462 358 2320 688 1858 2962 2188
Route 287 : 1008 711 2211 1134 2508 402 1146 2634 1902 2646
Route 288 : 27 893 1527 528 2393 2028 292 830 228 1792 1728 2330
Route 289 : 753 271 1771 1252 2253 1183 2683 2752 1423 2923
Route 290 : 377 434 1934 1877 1346 466 2846 1966
Route 291 : 848 827 979 591 2479 2348 2091 1312 2327 2812
