Instance name : ber-n800-3
Authors : Hiermann, G. and Schiffer, M.
Date : 2024-04-30
Reference : arXiv:2405.00230
Solution
Route 1 :  363 23 763 294 307 423 694 124 524 116 197 516 199 597 707 370 599 320 153 182 582 720 189 553 770 271 671 384 784 589 155 296 696 164 564 81 372 772 117 555 357 517 481 757 93 493 140 96 496 229 540 629 253 20 653 420
Route 2 :  256 656 287 133 533 74 317 717 474 13 72 687 413 123 523 173 315 472 573 64 254 464 374 654 774 234 634 221 100 78 621 478 244 500 644 715 204 57 604 15 260 660 325 725 457 394 364 415 129 764 132 794 532 529
Route 3 :  367 286 9 686 169 767 409 134 47 534 569 393 447 282 682 141 793 541 238 266 348 32 748 104 432 666 504 310 70 638 710 257 470 285 657 22 218 422 168 685 568 618 371 318 84 484 718 145 54 454 771 147 545 547
Route 4 :  33 170 433 44 444 143 570 543 216 68 273 616 673 468 146 193 593 361 5 405 355 30 546 761 755 330 87 430 396 487 730 340 740 240 210 640 190 610 590 276 676 187 796 280 304 587 83 483 704 362 680 389 762 789
Route 5 :  69 161 561 469 71 328 728 16 471 53 453 416 235 388 635 788 98 498 121 299 521 699 258 180 580 50 658 324 203 450 172 724 211 611 150 603 110 572 353 550 753 510 237 247 647 49 449 297 230 637 697 101 501 630
Route 6 :  127 527 126 165 565 51 526 245 645 111 34 451 511 139 338 434 738 48 539 448 159 343 743 184 584 313 713 174 559 574 194 594 108 508 181 581 202 213 40 440 156 556 56 613 602 249 649 456 354 277 677 754
Route 7 :  214 380 614 18 780 288 688 418 25 11 411 327 12 727 118 518 412 425 250 382 782 112 650 196 596 306 512 706 151 551 149 3 549 336 736 312 712 248 42 648 403 177 442 241 577 641 289 689 295 695
Route 8 :  352 92 752 492 62 14 462 390 399 799 231 631 302 414 790 10 341 410 702 342 741 350 742 303 703 750 332 263 732 63 463 346 209 609 663 746 212 86 486 298 698 157 557 80 349 480 612 749
Route 9 :  322 125 525 392 291 722 792 206 188 691 233 633 588 88 606 334 278 205 66 734 466 678 207 279 488 605 607 679 391 791 85 152 178 578 144 485 544 109 381 509 552 35 435 781 137 220 620 537
Route 10 :  38 119 519 438 106 262 270 662 670 59 506 292 459 43 95 443 692 37 17 495 437 321 417 76 215 615 476 337 721 2 402 185 316 716 75 585 365 475 251 737 765 651 28 148 428 395 548 795
Route 11 :  36 226 436 301 626 120 701 520 385 243 785 305 643 705 82 171 571 29 198 598 429 264 664 236 482 142 542 636 39 183 439 583 115 7 407 515 379 360 760 779
Route 12 :  160 339 79 560 739 31 431 222 252 622 479 131 274 531 652 45 347 747 674 445 91 491 158 275 558 267 675 114 667 514 186 176 586 94 90 494 130 576 530 397 135 535 490 797
Route 13 :  105 175 284 575 505 259 239 684 24 639 424 319 719 659 6 228 309 628 406 709 225 232 632 97 625 359 201 497 759 52 452 326 601 386 726 290 99 356 786 756 65 499 465 690
Route 14 :  41 192 368 768 441 103 217 592 617 331 376 776 503 60 460 21 191 731 591 377 378 421 777 223 623 778 167 1 567 195 401 162 595 398 26 344 798 744 562 426 46 446
Route 15 :  61 333 67 461 261 163 733 661 467 300 563 55 700 219 27 427 455 619 351 751 268 4 404 179 579 668 166 311 200 566 128 600 102 711 19 419 502 528
Route 16 :  89 224 624 265 489 8 408 665 255 655 73 281 473 107 507 358 758 77 314 714 58 681 227 477 627 154 458 554 400 323 723 800 136 283 246 683 375 646 775 387 536 787
Route 17 :  138 329 366 538 293 766 693 383 729 345 745 335 735 308 708 242 642 272 122 783 373 522 113 513 369 773 208 769 672 269 608 669
