Instance name : ber-n800-4
Authors       : Isaiah Reimer (isaiah.reimer@rideco.com). RideCo (rideco.com)
Date          : 2023-04-05
Reference     : Rideco PDPTW Solver
Solution
Route 1 : 353 323 723 753 41 441
Route 2 : 362 290 762 690 214 614 172 572
Route 3 : 238 277 125 677 525 638 219 619
Route 4 : 87 291 119 487 103 519 691 503
Route 5 : 49 11 449 93 411 493 282 682
Route 6 : 273 113 513 673 365 30 765 25 430 425
Route 7 : 171 377 777 278 571 164 564 678
Route 8 : 193 593 71 263 117 471 663 517
Route 9 : 44 444 298 246 698 646
Route 10 : 296 696 159 90 559 372 490 772
Route 11 : 52 336 390 452 736 790 222 622
Route 12 : 19 419 357 269 757 669
Route 13 : 69 76 469 308 476 77 477 708
Route 14 : 75 187 82 482 475 587
Route 15 : 146 546 356 180 244 580 756 644
Route 16 : 240 8 408 640 395 795
Route 17 : 204 142 338 738 604 542 313 713
Route 18 : 130 73 473 14 530 414 147 547
Route 19 : 132 276 676 254 223 532 623 654
Route 20 : 256 175 575 656 176 576
Route 21 : 126 307 707 526 106 506 212 612
Route 22 : 316 42 716 286 442 686 92 492
Route 23 : 284 247 647 200 684 600
Route 24 : 32 432 385 218 186 785 618 586
Route 25 : 110 351 510 168 177 568 751 577
Route 26 : 310 388 208 710 788 608 79 479
Route 27 : 309 709 320 374 720 774
Route 28 : 346 188 80 480 746 588 375 775
Route 29 : 179 232 579 632 50 450
Route 30 : 136 169 536 358 569 758
Route 31 : 89 489 304 120 266 704 666 520
Route 32 : 268 668 20 334 352 734 420 752
Route 33 : 137 196 111 537 511 596
Route 34 : 203 72 603 135 472 86 535 486
Route 35 : 145 144 544 545 189 589
Route 36 : 217 139 62 617 539 462
Route 37 : 21 221 621 421 239 22 639 422
Route 38 : 294 48 15 694 448 415
Route 39 : 105 368 505 38 185 768 585 438
Route 40 : 355 94 755 133 108 494 533 508
Route 41 : 330 70 3 327 470 403 727 730
Route 42 : 319 376 719 776 154 4 554 404
Route 43 : 312 712 46 260 660 248 446 648
Route 44 : 99 245 162 499 645 127 562 527
Route 45 : 150 64 550 464 85 341 485 741 131 531
Route 46 : 366 302 766 198 702 598 191 591
Route 47 : 321 116 721 516 181 241 641 581
Route 48 : 216 396 166 796 616 566 134 534
Route 49 : 267 667 305 378 705 45 445 778
Route 50 : 182 81 74 582 28 481 474 428
Route 51 : 213 231 332 631 613 732 354 754
Route 52 : 328 153 58 369 728 769 458 553
Route 53 : 156 209 556 340 230 609 740 630
Route 54 : 155 555 303 107 703 199 507 599
Route 55 : 297 54 102 697 454 228 502 628
Route 56 : 165 333 733 565 394 275 794 675
Route 57 : 233 124 633 163 563 524
Route 58 : 226 280 680 626 367 767
Route 59 : 359 201 601 343 759 743
Route 60 : 192 220 620 592 300 700
Route 61 : 347 747 227 140 540 391 627 791
Route 62 : 128 121 257 521 657 528 380 780
Route 63 : 170 392 570 97 792 141 497 541
Route 64 : 109 261 288 661 509 688 251 651
Route 65 : 317 717 379 345 779 229 745 96 629 496
Route 66 : 281 384 784 681 235 31 431 635
Route 67 : 91 491 265 363 665 34 763 434
Route 68 : 301 271 255 671 701 655 160 560
Route 69 : 259 67 289 467 659 689 10 410
Route 70 : 178 158 287 578 687 558
Route 71 : 40 37 440 206 606 437 33 433
Route 72 : 88 488 39 225 167 567 439 625
Route 73 : 322 95 722 389 495 789
Route 74 : 36 393 436 793 387 122 522 787
Route 75 : 382 161 561 782 400 800
Route 76 : 361 17 51 761 451 417
Route 77 : 262 662 370 104 504 770
Route 78 : 386 26 786 426 373 272 773 672
Route 79 : 311 348 270 711 349 748 670 749
Route 80 : 123 129 224 523 529 624
Route 81 : 399 799 68 344 468 7 234 744 407 634
Route 82 : 157 53 242 453 118 642 518 557
Route 83 : 371 184 584 383 771 283 783 683
Route 84 : 252 195 595 652 337 737
Route 85 : 381 360 760 43 781 443 174 339 574 739
Route 86 : 148 295 364 24 764 695 424 548
Route 87 : 78 329 478 207 55 729 607 455
Route 88 : 35 65 9 435 465 350 409 750
Route 89 : 66 466 285 5 405 685
Route 90 : 325 215 615 205 725 253 653 605
Route 91 : 335 314 735 714 151 551
Route 92 : 397 797 98 498 56 456 211 611 114 514
Route 93 : 250 237 61 461 637 59 650 459
Route 94 : 236 149 293 693 636 549 27 398 798 427
Route 95 : 258 279 152 679 552 658
Route 96 : 100 47 6 447 500 194 406 594
Route 97 : 292 63 692 202 183 602 463 583
Route 98 : 342 138 538 742 264 173 664 573
Route 99 : 318 190 718 590 13 249 413 649
Route 100 : 2 315 402 299 699 715
Route 101 : 324 274 243 674 643 724 112 512
Route 102 : 12 306 412 57 706 23 423 457
Route 103 : 84 197 597 484 143 1 401 543
Route 104 : 16 83 416 18 483 418
Route 105 : 115 101 515 29 429 60 501 460
Route 106 : 210 326 610 331 731 726
