Instance name : ber-n1000-1
Authors : Alexander Yuskov (a.yuskov@g.nsu.ru), Igor Kulachenko (ink@math.nsc.ru), Yury Kochetov, Igor Vasilyev, Zhangdong, Chenjuan, Huanghaohan, Wanglongfei
Date : 28.05.2025
Reference : HGIM
Solution
Route 1 : 255 7 755 262 79 507 579 762 486 397 897 986
Route 2 : 435 935 336 357 857 836 211 19 711 175 519 323 823 675
Route 3 : 69 305 231 569 731 339 353 805 853 839
Route 4 : 396 478 978 896 192 67 567 82 250 582 148 750 648 692
Route 5 : 406 500 906 1000 474 327 263 974 827 763 361 861
Route 6 : 425 428 365 865 928 363 441 925 941 863
Route 7 : 374 372 874 872 293 793 5 271 247 505 74 747 574 771
Route 8 : 267 340 52 840 443 767 438 938 552 943
Route 9 : 351 358 851 430 930 858 121 119 619 621
Route 10 : 492 402 992 431 902 14 514 161 281 931 661 306 309 809 806 781
Route 11 : 359 859 394 894 286 165 665 307 807 424 924 786
Route 12 : 99 76 599 156 576 179 679 656 385 188 885 688
Route 13 : 298 465 965 798 301 218 801 718
Route 14 : 389 412 912 484 9 509 299 889 984 471 799 971
Route 15 : 187 199 85 699 687 585 136 219 636 87 719 587
Route 16 : 134 125 44 544 625 300 49 634 91 800 549 591
Route 17 : 186 51 551 686 379 387 887 416 879 916
Route 18 : 88 168 668 588 213 314 194 713 814 408 908 694
Route 19 : 493 993 150 172 650 273 773 47 191 310 547 810 672 427 691 927
Route 20 : 216 45 288 716 200 788 113 613 700 198 545 128 36 536 698 628
Route 21 : 237 178 334 678 834 182 737 140 682 138 640 638
Route 22 : 35 126 104 626 189 689 233 535 225 604 311 811 733 725
Route 23 : 254 754 11 33 154 654 511 2 502 533
Route 24 : 490 362 384 414 914 990 862 392 892 446 884 946
Route 25 : 289 50 550 319 118 789 618 819 418 918 434 934
Route 26 : 21 292 206 521 246 706 792 746
Route 27 : 348 403 903 848 419 17 919 275 517 775
Route 28 : 371 439 871 939 159 81 60 659 581 170 331 560 831 670
Route 29 : 61 3 315 815 127 561 429 627 929 343 503 843
Route 30 : 48 548 312 202 238 738 285 702 25 525 251 316 236 751 736 816 812 785
Route 31 : 212 280 712 95 780 279 595 779
Route 32 : 151 93 593 131 631 166 135 666 415 635 915 96 325 596 825 651
Route 33 : 321 821 444 380 880 475 944 488 975 988
Route 34 : 173 400 673 80 580 10 900 57 510 278 778 557 203 142 642 703
Route 35 : 499 999 347 68 847 448 568 948
Route 36 : 390 354 854 395 895 420 383 890 476 920 432 976 883 932
Route 37 : 495 326 826 995 66 169 669 1 73 501 573 566
Route 38 : 370 40 46 546 540 460 870 401 960 901
Route 39 : 71 345 239 162 739 662 378 845 878 571 413 482 982 913
Route 40 : 240 145 740 491 991 466 645 417 917 966
Route 41 : 464 459 959 964 366 477 866 977
Route 42 : 367 350 850 462 867 480 962 364 980 864
Route 43 : 180 197 155 680 313 655 411 911 697 813
Route 44 : 109 147 458 647 426 958 342 609 926 842
Route 45 : 467 241 108 967 608 226 98 63 563 741 598 726 377 877
Route 46 : 207 120 115 707 291 620 388 791 888 615
Route 47 : 222 55 24 722 524 352 555 453 953 852
Route 48 : 97 65 597 15 515 158 217 658 42 542 565 717
Route 49 : 72 572 335 220 322 720 243 822 835 445 743 945 468 968
Route 50 : 308 12 512 258 227 727 758 110 407 610 907 369 808 869
Route 51 : 157 38 75 575 4 657 538 504 28 223 528 723
Route 52 : 249 39 539 749 481 204 704 274 981 29 774 529
Route 53 : 196 139 303 302 639 802 337 837 696 803
Route 54 : 171 133 190 671 454 633 487 690 954 987 452 952
Route 55 : 229 124 284 405 905 624 421 784 729 451 921 951
Route 56 : 260 210 30 710 760 208 530 422 708 922
Route 57 : 398 898 248 41 152 652 368 868 748 541
Route 58 : 13 252 332 513 78 578 283 84 752 584 783 832
Route 59 : 483 381 349 881 849 983 160 20 520 660
Route 60 : 112 209 612 214 16 410 516 709 910 714
Route 61 : 143 53 266 553 174 90 590 643 333 329 766 674 829 833
Route 62 : 320 457 957 404 820 904 440 494 994 940
Route 63 : 215 100 264 715 764 111 600 261 56 761 556 611
Route 64 : 184 268 235 768 735 375 875 684 461 360 961 373 860 873
Route 65 : 356 344 856 844 86 37 193 586 693 230 537 730
Route 66 : 43 167 176 667 676 543 341 841
Route 67 : 64 137 637 107 103 607 77 122 577 622 564 603
Route 68 : 287 330 201 701 70 89 570 830 589 787
Route 69 : 106 436 498 936 606 447 947 998 117 244 617 54 744 554
Route 70 : 376 876 355 437 855 8 304 937 130 324 824 804 630 508
Route 71 : 149 83 22 522 649 94 92 592 141 641 583 594
Route 72 : 23 496 123 623 996 523 450 489 989 950
Route 73 : 114 221 58 228 558 472 972 721 728 614
Route 74 : 393 893 456 338 956 485 838 328 985 828
Route 75 : 144 257 242 757 146 644 470 742 970 646 386 886
Route 76 : 423 399 442 942 899 497 449 923 997 949
Route 77 : 185 26 270 526 473 685 409 909 973 770
Route 78 : 34 116 317 817 534 27 616 195 527 695
Route 79 : 469 479 979 969 295 101 276 181 776 795 681 601
Route 80 : 164 129 177 677 664 346 846 629
Route 81 : 256 253 62 753 132 562 6 756 632 506
Route 82 : 224 102 282 782 463 602 296 724 272 772 796 963
Route 83 : 318 31 18 518 153 531 245 818 653 745
Route 84 : 277 294 234 794 777 734 105 265 605 259 765 205 705 759
Route 85 : 297 183 290 790 382 455 683 797 391 882 955 891
Route 86 : 433 59 269 769 933 163 232 559 32 732 532 663
