Instance name : ber-n1000-3
Authors       : Dmitriy Demin, Mikhail Diakov (msd@veeroute.com), Ivan Ilin, Nikita Ivanov, Viacheslav Sokolov (vs@veeroute.com) et al. VRt Global (https://veeroute.com/)
Date          : 2023-04-24
Reference     : veeroute.com
Solution
Route 1 : 368 482 414 982 914 868 335 12 835 512 498 998 65 188 688 340 565 840
Route 2 : 480 500 1000 980 453 2 137 502 34 953 637 534 233 733 230 730 139 395 639 895
Route 3 : 192 142 692 642 215 446 464 964 946 261 246 715 92 474 761 974 746 592
Route 4 : 289 263 763 789 471 388 971 23 888 61 523 275 191 775 561 33 186 691 533 686
Route 5 : 53 39 32 553 539 321 532 442 425 51 821 260 551 925 492 760 942 488 992 988
Route 6 : 131 631 182 238 239 738 739 63 103 283 783 603 682 1 563 24 524 327 490 990 501 827
Route 7 : 332 272 169 391 832 891 772 669 377 355 154 877 855 310 427 654 810 235 927 735
Route 8 : 345 845 279 779 111 84 77 584 611 124 44 544 400 378 577 624 328 900 828 878
Route 9 : 252 303 146 113 803 613 646 164 752 126 168 664 300 800 443 943 626 55 555 668 150 650
Route 10 : 440 497 940 100 600 175 174 675 441 997 674 333 941 386 459 833 886 959
Route 11 : 14 514 266 50 550 177 766 197 9 256 677 509 756 90 697 264 167 590 764 667
Route 12 : 81 196 581 696 499 107 15 999 607 515 223 723 22 299 522 799 385 426 885 926
Route 13 : 288 354 449 788 949 854 128 153 62 348 562 477 848 653 628 977 433 933
Route 14 : 396 318 104 306 273 818 604 806 896 773 236 262 762 171 330 671 830 736 435 935
Route 15 : 463 220 334 720 963 834 403 404 341 904 96 841 903 596 76 156 656 576
Route 16 : 198 203 476 698 703 976 417 917 13 82 6 450 582 294 506 950 513 794
Route 17 : 314 431 931 399 814 383 883 170 670 27 899 319 144 644 527 190 387 819 887 690
Route 18 : 127 307 627 807 412 17 517 185 393 912 893 470 338 685 838 970
Route 19 : 366 866 195 394 695 894 54 302 554 94 247 475 594 747 802 975
Route 20 : 382 353 398 882 478 898 978 853 18 518 369 101 869 601 484 461 984 961 379 879
Route 21 : 409 83 583 35 312 432 535 812 909 472 932 105 972 219 161 605 258 719 346 758 661 846
Route 22 : 454 351 954 269 769 851 465 151 375 965 651 875 67 129 629 567 343 843
Route 23 : 424 178 40 924 540 678 20 181 267 681 767 520 73 313 248 573 748 813
Route 24 : 232 134 634 407 732 305 805 10 907 510 228 148 648 47 21 728 547 423 923 521
Route 25 : 468 280 780 968 200 45 700 545 365 865 281 85 781 585
Route 26 : 59 118 559 125 80 618 311 16 580 811 516 102 625 66 86 586 209 709 602 566 487 987
Route 27 : 189 8 117 508 234 617 244 295 689 744 795 734 36 245 745 265 765 360 536 97 860 597
Route 28 : 419 43 172 919 109 543 390 609 672 411 911 890 52 64 410 552 910 564
Route 29 : 304 287 804 787 292 4 285 376 166 666 504 350 785 792 876 850
Route 30 : 402 74 574 325 347 847 902 491 825 991 259 231 42 110 610 542 731 759 323 133 633 823
Route 31 : 493 993 173 132 632 212 673 237 322 712 737 467 462 962 822 967
Route 32 : 356 251 856 751 282 78 199 782 699 406 578 374 874 906 358 858
Route 33 : 418 918 250 444 750 362 451 944 862 951 452 389 361 889 952 48 183 861 548 683
Route 34 : 448 240 255 948 755 740 122 79 579 372 622 221 872 352 193 721 852 693
Route 35 : 457 213 957 373 420 713 873 920 254 163 754 483 663 401 983 901 145 290 30 790 530 645
Route 36 : 456 956 438 95 159 296 796 659 218 595 938 359 718 207 496 996 859 707
Route 37 : 158 115 329 658 829 615 291 69 11 791 569 381 511 165 881 397 665 897
Route 38 : 130 108 630 608 297 176 278 676 778 28 797 408 908 25 528 121 57 557 621 525
Route 39 : 494 371 324 994 871 309 114 809 286 614 445 786 945 824 429 428 928 929 58 558
Route 40 : 99 37 537 138 123 599 623 638 495 455 955 479 38 979 995 538
Route 41 : 384 489 481 884 473 981 973 434 989 243 934 205 216 705 70 570 317 743 716 817
Route 42 : 211 415 249 72 711 749 915 116 616 572 149 60 227 727 68 649 7 560 507 568
Route 43 : 222 136 722 636 421 405 905 486 921 986 210 91 591 184 684 710
Route 44 : 331 344 337 837 844 831 162 316 217 816 662 112 717 160 458 660 226 958 726 612 336 836
Route 45 : 98 298 598 206 798 706 204 253 753 208 301 708 704 257 241 801 757 242 71 571 741 742
Route 46 : 75 274 575 229 155 729 774 367 655 157 364 867 439 143 657 864 939 643
Route 47 : 413 3 485 985 503 268 768 913 363 284 784 863 469 430 930 969 46 19 546 519
Route 48 : 147 466 966 647 315 392 187 892 815 687 224 320 88 214 588 820 225 724 714 725
Route 49 : 416 89 339 916 29 106 589 839 49 529 276 606 270 277 549 776 770 26 87 777 526 587
Route 50 : 202 326 702 140 56 640 342 826 556 93 842 357 135 635 436 593 349 857 936 849
Route 51 : 380 437 880 937 141 120 447 31 531 620 947 641 293 201 701 793 460 960
Route 52 : 194 5 505 41 541 694 271 771 119 180 619 680 308 422 922 370 152 808 179 679 870 652