Instance name : ber-n4000-4
Authors       : Dmitriy Demin, Mikhail Diakov (msd@veeroute.com), Ivan Ilin, Nikita Ivanov, Viacheslav Sokolov (vs@veeroute.com) et al. VRt Global (https://veeroute.com/)
Date          : 2023-04-24
Reference     : veeroute.com
Solution
Route 1 : 1002 710 1919 3002 1418 3418 2710 3919 274 1044 3044 2274 876 2876 930 638 2930 2638 140 1697 444 2444 3697 2140
Route 2 : 75 154 671 2075 2154 2671 1084 1917 3917 462 3084 2462 777 279 868 2279 2777 1230 2868 1718 3230 3718
Route 3 : 1579 1793 98 3793 163 581 2163 1290 2098 2581 3290 1045 1902 3045 3579 1786 3786 84 824 3902 1542 2824 2084 3542
Route 4 : 1145 487 3145 2487 582 1282 2582 99 1590 3282 3590 507 1589 2099 3589 767 2507 938 2767 218 2938 286 2286 2218
Route 5 : 1298 1762 1908 1858 3908 3858 3762 1434 3298 1816 643 3434 528 3816 580 2643 670 2670 1276 3276 2528 2580
Route 6 : 1636 633 2633 1939 3636 3939 81 2081 538 814 2538 2814 923 2923 97 1588 2097 533 1379 2533 3588 537 2537 3379
Route 7 : 600 2600 169 414 2414 854 2169 151 170 2854 2151 1981 2170 1211 1099 3211 3099 863 3981 754 1581 2863 3581 2754
Route 8 : 703 1867 524 2524 2703 1100 3867 793 3100 887 2793 1372 3372 2887 1103 1940 3940 422 1810 2422 3810 3103 790 2790
Route 9 : 900 2900 1205 567 451 2567 1757 3205 716 1544 2716 174 2451 3544 1876 2174 1142 1797 869 3757 3797 3142 3876 2869
Route 10 : 1320 280 1150 3320 2280 1237 3150 3237 526 678 2526 986 2678 127 2986 764 2127 2764 1031 1167 3031 3167
Route 11 : 1440 3440 1847 1233 1818 3233 3847 3818 1287 1441 117 3441 2117 1120 3287 1519 3519 1462 3120 456 3462 409 2456 2409
Route 12 : 1485 1050 1685 3485 48 3685 2048 3050 1406 3406 1775 954 3775 2954 1921 339 673 2673 2339 432 934 2432 3921 2934
Route 13 : 217 2217 1907 700 2700 3907 1827 1483 3483 3827 121 603 2121 1543 2603 1262 1972 3262 431 3543 3972 2431
Route 14 : 1399 1400 3399 1826 3400 501 3826 1759 3759 2501 68 976 2976 815 1865 2815 1869 2068 3865 5 2005 3869 1615 3615
Route 15 : 1319 1708 3319 3708 303 1637 2303 1812 3637 3812 613 227 2613 1885 2227 541 3885 305 2305 2541 83 1212 3212 2083
Route 16 : 983 247 2983 1621 3621 2247 1090 408 1274 3090 3274 2408 306 1800 686 3800 2306 1629 2686 1938 1929 3929 3938 3629
Route 17 : 1398 253 2253 3398 1207 848 2848 234 2234 3207 1109 3109 553 2553 1567 293 3567 939 2293 162 940 2939 2940 2162
Route 18 : 589 1630 847 413 2589 2847 209 2413 2209 399 120 636 787 2120 925 2636 2787 1178 2399 2925 425 3630 3178 2425
Route 19 : 667 1260 3260 1381 2667 3381 1656 781 3656 2781 660 763 317 2660 2763 1088 1251 3088 2317 30 3251 2030
Route 20 : 364 185 2185 840 2364 349 2840 1644 3644 651 1392 2349 203 3392 2203 2651 831 1623 2831 773 1578 2773 3578 3623
Route 21 : 1373 3373 177 2177 878 19 2878 762 258 2762 21 2019 2258 1586 2021 1034 1900 3586 1419 3034 1649 3900 3419 3649
Route 22 : 560 1862 2560 635 1197 2635 3197 3862 552 1967 720 3967 2552 1854 2720 3854 952 1947 36 3947 2952 2036
Route 23 : 882 1175 2882 1477 3175 1835 3477 240 95 2240 3835 1404 2095 1444 3404 1343 3444 1164 3343 3164
Route 24 : 1886 569 1152 3886 2569 1571 3152 543 3571 1568 3568 1942 2543 49 1890 3942 3890 2049 1556 1761 3761 430 2430 3556
Route 25 : 167 2167 1956 386 2386 3956 447 1692 78 2447 3692 2078 1281 481 3281 1215 464 3215 2481 1071 2464 738 3071 2738
Route 26 : 1639 744 3639 1059 3059 2744 1187 3187 469 595 2469 2595 1573 10 1188 3188 3573 780 1030 2010 1064 3030 2780 3064
Route 27 : 1154 1732 955 3732 2955 726 141 3154 1683 2726 1873 3683 290 3873 1536 2141 3536 187 2187 2290
Route 28 : 1745 718 3745 1424 2718 429 3424 1470 1554 3470 2429 1613 3613 1943 17 2017 1378 3554 3378 61 2061 3943
Route 29 : 34 237 1531 2034 1131 2237 1307 3531 980 3131 2980 3307 1866 175 3866 2175 966 1073 2966 909 3073 724 2909 2724
Route 30 : 1734 1668 3734 3668 448 2448 827 1914 63 2827 1091 2063 3914 683 1726 1389 3091 3726 3389 2683
Route 31 : 742 782 2742 530 2530 2782 689 88 2088 374 2374 351 1701 2689 850 2850 497 1368 2497 2351 3701 3368
Route 32 : 1695 1464 698 694 2698 2694 3695 3464 314 684 1789 2684 1017 3789 3017 2314 212 210 2210 353 2212 648 2648 2353
Route 33 : 129 1782 1987 3987 1576 3782 459 3576 2459 50 1171 2050 3171 1075 519 3075 294 2519 736 2294 1209 3209 2736 2129
Route 34 : 1101 898 2898 230 719 2230 1176 3101 2719 3176 713 2713 653 1037 103 2103 1347 3037 2653 3347
Route 35 : 407 1504 2407 1118 3118 1840 943 2943 1517 3840 3517 504 2504 1161 3504 31 1848 3161 1132 2031 3132 3848
Route 36 : 226 911 2911 1575 2226 1829 3575 1585 3829 112 3585 784 2112 617 2784 1408 2617 1007 3408 3007
Route 37 : 1564 846 3564 2846 1992 1431 1403 816 3992 3431 3403 2816 857 586 821 2821 2857 2586 131 435 2435 106 2131 2106
Route 38 : 1617 695 993 1856 2695 1312 3856 2993 1557 1503 3557 3312 1461 8 3503 2008 523 1666 3461 3617 2523 3666
Route 39 : 376 1904 1632 3904 3632 1446 1471 3446 3471 1897 1250 3897 2376 3250 370 1229 2370 1906 3906 883 3229 1534 3534 2883
Route 40 : 509 1181 931 3181 1889 2931 1265 3265 2509 1676 3889 3676 1825 527 2527 3825 207 1654 3654 922 2207 2922
Route 41 : 942 685 2942 1619 875 2685 3619 1078 2875 249 2249 3078 1893 406 1214 2406 500 3893 1327 3327 2500 405 3214 2405
Route 42 : 792 1127 2792 1874 588 3874 2588 503 3127 907 2907 2503 1879 1509 3509 3879 338 1962 2338 1484 144 3962 2144 3484
Route 43 : 445 365 2445 960 2960 2365 856 2856 1185 3185 1663 3663 696 142 701 2696 2142 1067 508 2508 3067 1119 2701 3119
Route 44 : 1545 304 1603 3603 417 822 1361 3545 1713 2822 668 2417 3361 434 3713 2668 2434 842 236 2842 2304 2236
Route 45 : 1248 3248 908 860 2860 323 2908 948 2948 172 1129 2323 2172 1607 421 2421 3607 3129 1153 3153
Route 46 : 1830 3830 1846 3846 468 1949 3949 2468 760 796 2760 1744 1367 3367 1186 3744 2796 1425 491 2491 3186 771 3425 2771
Route 47 : 1664 1292 3664 650 1614 3292 1433 2650 874 3614 2874 1728 3728 3433 614 1151 639 1189 2614 3151 3189 2639
Route 48 : 342 682 2342 1857 299 3857 769 2299 2682 1804 1026 2769 3026 3804 259 460 2460 723 2259 454 2454 2723 424 2424
Route 49 : 786 1895 1764 1894 3895 3764 3894 2786 1832 3832 1049 3049 877 1983 3983 412 277 2277 2877 214 496 2214 457 2457 2412 2496
Route 50 : 1667 3667 945 1427 1645 2945 182 2182 225 3645 1511 2225 1476 3511 926 656 3476 2926 2656 1660 554 3660 2554 3427
Route 51 : 312 69 12 2312 251 2069 2251 598 1817 1060 3817 3060 2598 498 535 2498 1043 2535 958 3043 2958 2012
Route 52 : 1781 110 3781 495 1422 2110 2495 3422 862 2862 1407 3407 1016 1772 779 3016 1200 2779 3772 1808 3808 3200
Route 53 : 1080 1698 3080 1647 3647 1239 1724 3239 921 3698 3724 159 446 2921 1022 1210 2446 3022 834 2159 642 2642 3210 2834
Route 54 : 332 1899 2332 1806 897 3806 3899 9 2009 1706 2897 1863 1957 3957 3863 3706 1952 1714 3714 3952 252 2252
Route 55 : 1976 1087 3976 3087 473 915 2473 548 2915 2548 1767 652 1268 3268 3767 2652
Route 56 : 1729 193 3729 2193 806 1472 2806 3472 1357 873 1337 2873 3357 1036 3337 795 1969 2795 3036 310 1661 3661 2310 3969
Route 57 : 616 483 2616 2483 1662 1859 1552 3662 3552 3859 1062 1930 3062 1763 3930 709 318 2318 3763 1821 2709 3821
Route 58 : 257 2257 1235 1489 1345 3489 1126 3235 3126 3345 194 2194 1137 1820 3137 1922 3820 1322 80 2080 1516 3322 3922 3516
Route 59 : 1138 1878 3138 654 2654 3878 1709 941 2941 3709 320 674 2320 1232 2674 168 358 2168 2358 1989 3232 3989
Route 60 : 499 1047 2499 391 3047 1537 2391 3537 79 865 2865 1206 1912 3912 2079 3206 1466 1628 3466 1680 3628 913 3680 2913
Route 61 : 1387 3387 1490 568 3490 566 2568 988 1227 164 2988 3227 1937 3937 100 1843 2566 3843 2100 1498 1560 2164 3560 3498
Route 62 : 992 531 2531 919 739 1927 2919 241 2739 3927 1950 2241 1174 3950 1278 3174 3278 178 1058 2992 1997 2178 3997 3058
Route 63 : 1314 23 2023 197 2197 3314 1114 3114 1658 269 935 2269 404 3658 2404 2935 1803 1459 3803 511 1102 3459 3102 2511
Route 64 : 1447 1488 1428 3447 3488 1388 3428 3388 994 2994 195 2195 944 2944 778 1438 2778 1690 3438 359 3690 2359
Route 65 : 300 623 2300 2623 70 2070 1329 3329 807 1098 1448 2807 3098 1935 3935 392 3448 2392 1437 3437 29 2029
Route 66 : 1679 3679 1467 1085 3085 584 3467 254 2584 2254 1657 805 3657 1008 3008 2805 730 344 711 2711 2730 2344
Route 67 : 1631 3631 465 333 1014 3014 2333 2465 888 1743 2888 3743 1144 1941 3144 1256 3941 611 1244 3256 2611 3244
Route 68 : 73 505 2073 844 2505 2844 540 1177 1295 3177 3295 2540 1340 520 2520 522 2522 3340 1094 910 3094 291 2291 2910
Route 69 : 1377 3377 1358 1269 3358 3269 1594 3594 872 1751 3751 558 2872 1612 2558 1479 3479 1597 3612 3597
Route 70 : 791 2791 1809 734 132 37 2132 2734 3809 273 1225 978 2273 3225 235 2978 2037 1600 2235 3600 1811 3811 1264 3264
Route 71 : 1686 1285 3686 644 3285 2644 57 1888 2057 852 1426 15 3888 737 3426 2015 1004 2737 3004 1814 2852 3814
Route 72 : 797 2797 658 1653 2658 186 2186 1401 3653 3401 1289 1958 1143 3289 3958 990 3143 2990 223 2223
Route 73 : 443 1423 2443 1620 3620 3423 1881 512 3881 2512 1665 27 1416 3665 3416 2027 123 1707 3707 1354 3354 2123
Route 74 : 1587 220 2220 1794 3587 3794 622 1121 602 2602 3121 1883 3883 2622 740 1182 1618 3182 721 2740 2721 3618
Route 75 : 1253 785 1316 3316 3253 2785 1010 562 3010 2562 1303 3303 383 1439 2383 3439 1501 991 2991 1635 3501 3635
Route 76 : 1317 902 3317 76 2902 1024 2076 1691 1241 3241 3691 86 3024 2086 438 610 2438 72 2610 1069 1769 3069 2072 3769
Route 77 : 743 427 2427 1948 3948 2743 281 1011 3011 1054 2281 3054 1496 176 3496 1774 2176 731 1305 3774 1648 3648 3305 2731
Route 78 : 309 1270 3270 2309 1533 1435 1079 3079 691 3435 3533 94 2094 2691 436 733 369 2733 2436 1703 3703 2369
Route 79 : 1547 378 3547 725 1095 2378 3095 810 1353 2725 3353 2810 1429 1478 3478 1559 3429 1111 3559 521 3111 474 2521 2474
Route 80 : 1785 136 1737 3785 1852 2136 3737 1993 3993 3852 109 2109 1799 1297 3297 1758 3758 180 3799 1 2180 108 2108 929 2929 2001
Route 81 : 1831 1238 1172 3831 442 3172 3238 1995 42 3995 2442 2042 1553 3553 1070 697 2697 1449 1039 3449 3039 809 2809 3070
Route 82 : 183 1558 3558 2183 104 2104 455 485 2485 2455 1236 354 1901 3236 2354 601 55 2601 1135 3901 3135 2055
Route 83 : 347 1082 289 3082 2347 556 124 1748 2289 3748 2556 1693 2124 3693 466 1020 3020 599 2466 1348 2599 3348
Route 84 : 1733 615 1173 2615 570 2570 3733 1242 3173 3242 996 899 2899 125 1598 2996 471 3598 458 2471 1638 2458 2125 3638
Route 85 : 265 1582 2265 327 3582 947 1362 3362 870 2947 1170 2327 3170 1323 3323 352 2870 1475 2352 1860 64 3475 3860 2064
Route 86 : 641 198 2641 1294 914 2198 3294 118 1104 2914 3104 2118 385 297 2385 1249 618 2297 1766 3249 2618 3766
Route 87 : 995 1694 1841 3694 2995 1968 3841 1823 3823 936 3968 1057 2936 267 2267 1492 363 3057 1234 184 2184 2363 3492 3234
Route 88 : 1868 1304 1650 3650 3868 867 3304 361 2361 1689 2867 3 2003 3689 1147 191 3147 1936 2191 3936 1792 1599 3792 3599
Route 89 : 1220 664 379 2379 3220 1610 2664 3610 951 2951 1651 3651 375 1986 3986 2375 171 334 2334 1853 2171 3853
Route 90 : 1107 52 3107 2052 296 2296 255 248 2255 2248 1546 572 3546 350 2572 2350 859 382 2382 147 2859 2147
Route 91 : 24 1346 1640 2024 1756 3756 6 3346 1928 3640 2006 3928 573 2573 1157 3157 1777 679 1515 3777 3515 2679
Route 92 : 1550 3550 1453 886 3453 836 1493 2886 3493 1065 1491 3065 2836 1790 3491 1670 3790 1770 3770 1946 1945 3946 3945 3670
Route 93 : 1845 437 3845 2437 41 727 1081 2727 772 3081 2772 1224 482 3224 453 2482 1198 2041 1704 1074 2453 3074 3704 3198
Route 94 : 1352 835 2835 1739 3352 1141 381 3141 315 3739 1203 3203 2381 2315 1795 260 1223 3795 3223 2260
Route 95 : 1313 576 630 880 3313 2630 2576 510 2510 2880 1384 946 3384 1125 2946 3125 662 963 262 2963 2662 2262 1779 3779
Route 96 : 1370 208 3370 2208 1755 1360 3755 1592 3592 3360 284 967 2284 1780 316 2967 3780 489 861 2489 659 2316 2659 2861
Route 97 : 1259 60 3259 1413 804 3413 1915 2060 2804 415 1015 3015 3915 2415 1627 841 1822 3627 493 2841 2493 3822
Route 98 : 1595 1349 3349 1753 3595 3753 1283 3283 155 557 2557 1053 2155 1723 1140 3723 165 91 3053 2165 2091 3140
Route 99 : 677 722 2677 1525 518 2722 3525 1055 3055 2518 244 1300 1715 3715 337 3300 348 2244 2348 1833 1998 2337 3833 3998
Route 100 : 1507 1877 1963 490 3507 2490 3963 1042 3877 800 3042 1063 2800 1451 74 3063 2074 502 3451 1787 2502 3787 707 2707
Route 101 : 1213 3213 1318 1778 3318 3778 1380 819 3380 463 1530 2819 1549 2463 3530 998 3549 1334 2998 3334 390 1480 3480 2390
Route 102 : 577 1324 2577 373 2373 3324 974 1953 2974 894 2894 1330 904 982 3330 2982 2904 693 2693 999 2999 153 3953 2153
Route 103 : 1139 3139 181 1301 478 2478 3301 1366 2181 3366 1332 1342 366 3342 243 3332 2366 302 2243 551 2551 2302
Route 104 : 1445 356 2356 3445 770 516 2516 1951 32 2770 3951 2032 343 2343 1834 676 3834 1731 11 2676 3731 1673 3673 2011
Route 105 : 44 681 2044 1944 2681 3944 735 1415 3415 1025 1115 2735 3025 1518 3518 1436 3115 1106 1019 3106 3436 3019
Route 106 : 1932 3932 979 65 1574 750 2979 3574 2750 238 2065 2238 475 53 811 1495 2053 2475 765 2811 3495 307 2765 2307
Route 107 : 282 1959 2282 3959 341 1913 1412 2341 1626 3626 3412 3913 704 2704 972 1604 2972 418 3604 2418
Route 108 : 46 1243 776 2046 3243 2776 801 1609 2801 128 1548 3548 2128 3609 1293 3293 1870 1365 3870 3365 817 2817
Route 109 : 156 2156 1452 1512 3452 1430 774 114 3430 2774 2114 3512 1218 1013 1116 1179 3116 3013 1335 1130 3218 3179 3130 3335
Route 110 : 1540 1918 393 2393 3540 3918 702 1038 3038 2702 1473 957 1136 3136 1402 2957 1980 3402 1514 3514 3473 3980
Route 111 : 1776 1226 328 3776 896 2896 3226 2328 542 115 1254 2115 2542 1302 3254 1208 3302 3208 211 1796 2211 3796
Route 112 : 1311 161 331 3311 2331 2161 1502 395 3502 839 2839 204 2395 1112 1773 3773 319 525 3112 2204 472 2319 2525 2472
Route 113 : 40 2040 1333 1688 3333 3688 559 751 2751 2559 649 1056 1286 2649 1910 3910 3056 261 3286 2261
Route 114 : 1999 803 2803 928 2928 245 1710 3999 1219 3219 3710 1149 3149 2245 242 2242 1844 3844 137 2137 1933 687 2687 3933
Route 115 : 895 285 2895 2285 1417 3417 1891 3891 1742 1961 3961 3742 629 1409 3409 937 2629 213 216 2937 2213 2216
Route 116 : 1454 752 2752 3454 139 1001 2139 357 2357 145 3001 1521 1583 2145 449 1105 3105 3583 885 3521 2449 2885
Route 117 : 1977 188 3977 1675 3675 1555 2188 3555 398 325 2398 1029 58 2325 71 1463 2071 2058 3463 1331 3331 3029
Route 118 : 1196 215 3196 1738 2215 3738 1646 3646 1474 565 1272 1982 3272 2565 266 3982 1625 3474 152 2266 33 3625 2033 2152
Route 119 : 950 2950 336 1752 1108 1123 3108 657 2336 2657 3123 1591 416 529 2416 3752 160 3591 298 2529 989 2989 2298 2160
Route 120 : 794 1541 3541 851 2794 1984 3984 2851 467 1699 813 3699 1257 2813 2467 133 3257 221 675 2133 1813 2675 3813 2221
Route 121 : 476 1124 278 2278 2476 3124 1702 3702 661 1308 200 1807 3807 2661 879 3308 1506 2200 789 2789 2879 3506
Route 122 : 1740 1771 3740 924 1875 3771 2924 3875 1375 3375 20 1028 2020 224 680 3028 2680 832 2224 2832
Route 123 : 596 1924 3924 2596 1561 3561 1193 798 3193 1097 494 1168 3097 2494 2798 3168 38 1267 1864 3267 1842 2038 3842 3864
Route 124 : 1966 1551 3551 647 2647 1280 3280 3966 1960 1652 271 3652 712 2712 1851 3851 1988 2271 3960 645 3988 275 2645 2275
Route 125 : 766 1355 2766 3355 920 51 2051 2920 969 1669 2969 3669 1048 1481 3481 1222 2000 3222 1421 4000 3421 1284 3048 3284
Route 126 : 1159 1934 3159 871 3934 1160 1505 3505 3160 477 2871 1390 2477 3390 488 845 2845 1760 2488 192 1093 3760 2192 3093
Route 127 : 729 2729 820 2820 1364 3364 666 1705 3705 308 2308 2666 138 699 1191 2699 3191 2138 56 574 2574 2056 157 2157
Route 128 : 1450 1716 732 1529 1696 2732 3716 3529 514 2514 3696 634 917 3450 1746 3746 2634 985 420 2420 2917 2985
Route 129 : 1884 3884 111 1736 2111 43 2043 439 828 3736 1577 2828 228 380 2228 3577 1184 2439 250 2380 102 3184 2250 2102
Route 130 : 321 549 1991 2549 3991 2321 322 2322 1882 166 1386 3882 3386 2166 130 2130 758 905 2905 1520 1180 2758 3180 3520
Route 131 : 632 2632 394 1926 3926 1562 1687 3562 1700 3700 3687 1524 311 3524 2311 1113 688 3113 2394 292 1655 2688 2292 3655
Route 132 : 1659 3659 1350 627 3350 665 1849 3849 2627 2665 536 2536 1066 745 1535 3535 2745 1261 749 3066 2749 3261
Route 133 : 329 1497 3497 2329 597 1128 3128 1611 2597 3611 1892 1970 3970 3892 1855 113 1328 2113 3328 3855
Route 134 : 1258 1955 3955 1336 3258 1837 3336 1871 3837 93 2093 148 578 3871 2578 2148 759 1975 1985 3975 377 2377 3985 2759
Route 135 : 1903 1964 3964 1166 3903 59 3166 2059 962 1532 3532 1801 3801 2962 1000 3000 893 1410 547 2893 288 2547 3410 2288
Route 136 : 1838 1722 3838 222 3722 1199 2222 663 3199 606 2606 1768 1784 2663 965 3768 3784 2965 1730 853 2853 3730
Route 137 : 1523 3523 604 1382 1911 3382 981 2981 3911 637 1880 1072 748 3072 2637 2748 855 3880 608 2855 1035 2608 2604 3035
Route 138 : 346 268 2346 2268 400 1041 1012 932 3012 2400 16 1923 3041 2016 2932 1850 3850 513 2513 3923 1195 3195 1092 3092
Route 139 : 411 628 593 2411 2593 1720 775 3720 2628 1396 1727 2775 1580 3580 3727 3396 515 1051 3051 1527 1487 2515 3487 3527
Route 140 : 571 539 54 2539 371 2371 270 2571 2270 607 2607 575 2054 1077 3077 82 2082 2575 372 755 2372 544 2755 2544
Route 141 : 146 1231 2146 1861 3861 1528 1605 3528 3231 3605 624 757 2624 1920 1569 2757 3569 1245 135 3920 3245 2135
Route 142 : 1194 546 1563 1089 3194 1460 3089 2546 973 625 2625 3460 2973 1325 1565 3563 3565 3325 423 397 2397 2423
Route 143 : 1990 3990 1263 1148 714 3148 1356 3356 3263 2714 1338 3338 1978 326 3978 1750 2326 1979 975 3979 3750 2975
Route 144 : 1971 747 956 3971 2956 1783 22 2747 2022 761 3783 1765 401 2761 2401 3765 818 2818 1791 384 2384 3791
Route 145 : 889 864 1974 2889 3974 143 2864 620 2143 1279 2620 3279 1465 1420 3465 3420 1584 3584 272 1217 1526 3526 2272 3217
Route 146 : 4 1973 2004 3973 1572 997 1018 3572 2997 1083 1169 410 3169 3083 2410 229 1110 3110 122 2229 3018 1351 2122 3351
Route 147 : 788 440 741 2788 2741 783 1376 3376 2783 1414 1677 3414 768 3677 1994 1815 3994 2768 3815 631 1606 3606 2631 2440
Route 148 : 1309 3309 591 2591 728 189 1887 1872 2728 2189 3872 1719 3887 1146 1566 3719 3146 173 2173 3566
Route 149 : 101 1468 2101 92 492 3468 987 2492 2092 287 826 2287 1741 3741 2987 1395 2826 264 3395 1201 2264 1405 3405 3201
Route 150 : 1277 1315 3277 119 2119 3315 717 2717 1482 1819 555 2555 3482 3819 1046 1096 3046 3096 387 219 2387 2219
Route 151 : 1925 3925 1931 470 1371 2470 3931 39 3371 1616 626 2039 2626 594 706 1247 3616 2594 912 2912 2706 1076 3247 3076
Route 152 : 301 233 2233 452 953 2953 2452 1033 933 2933 1068 1672 3672 3068 949 2301 96 2949 2096 1359 45 3033 3359 2045
Route 153 : 1798 833 3798 1513 116 3513 903 2116 823 2833 2823 313 340 2340 2313 1374 1735 3374 506 3735 2903 2506
Route 154 : 388 1252 977 1633 2977 3252 2388 756 3633 62 1321 2062 829 2829 1162 1711 3711 3321 2756 579 3162 1003 2579 3003
Route 155 : 692 1383 3383 2692 918 2918 1040 612 545 2545 3040 2612 884 1216 2884 3216 1570 3570 1712 3712
Route 156 : 1510 18 3510 1788 1802 2018 830 3788 3802 239 583 2830 2583 858 1996 2239 2858 28 2028 3996 231 2231
Route 157 : 1326 3326 1134 812 2812 1273 3134 1499 3499 3273 1246 232 1032 2232 14 3246 3032 1836 1391 1255 2014 3836 3391 3255
Route 158 : 367 1397 3397 802 2367 2802 158 389 2389 2158 1341 3341 276 150 2276 968 2968 532 2532 1442 2150 330 3442 2330
Route 159 : 1916 3916 201 550 927 2550 2927 1296 2201 1021 3296 1678 3021 1456 3456 3678 419 1965 7 2007 2419 3965
Route 160 : 403 838 2838 2403 1291 964 1190 3291 441 2964 3190 1538 149 134 2441 2134 3538 1339 1163 3339 2149 179 3163 2179
Route 161 : 1156 1183 1634 3183 3634 1494 3156 753 3494 2753 479 2479 105 1369 901 2105 564 2564 534 2901 1674 3674 2534 3369
Route 162 : 461 1155 25 2461 1271 3155 1204 3271 3204 2025 1275 3275 1122 1202 1458 3122 3458 47 3202 77 1643 2077 2047 3643
Route 163 : 837 126 2126 585 2837 205 196 2205 2585 1608 2196 1824 3608 263 3824 517 2517 2263 1642 3642
Route 164 : 1299 355 295 3299 587 2295 1228 2587 1522 984 2984 1443 3522 746 3443 2355 3228 2746 1954 1411 3954 3411 480 2480
Route 165 : 13 1288 85 2013 3288 26 2026 655 590 1717 2085 2655 2590 843 3717 426 2426 2843 640 2640 345 2345
Route 166 : 906 849 2906 1117 563 2849 3117 1306 2563 428 3306 2428 206 959 2959 592 1805 2592 360 2206 3805 2360
Route 167 : 1221 1344 3221 1671 1266 3344 3671 396 2396 3266 1052 3052 1165 1061 3165 3061 67 1457 2067 3457 1909 1432 3432 3909
Route 168 : 621 808 89 2621 609 2808 107 2609 2089 2107 1725 1754 3754 1455 3455 3725 970 450 87 2970 2450 2087
Route 169 : 705 1905 2705 283 256 1684 3905 2256 90 3684 2283 486 2486 1133 3133 1385 3385 66 2066 1682 2090 1601 3682 3601
Route 170 : 1839 3839 1828 1596 3596 202 3828 2202 1027 3027 890 1896 2890 3896
Route 171 : 1363 1898 3363 916 3898 2 246 561 2916 2246 2002 619 1310 2619 3310 1749 2561 1508 3749 715 690 2715 3508 2690
Route 172 : 1240 1593 3593 1681 605 3681 3240 1006 1086 3006 2605 1158 3086 3158 1747 971 1641 2971 3747 672 3641 2672
Route 173 : 199 646 2199 2646 866 1486 3486 2866 1393 362 1394 3394 3393 2362 961 708 335 2961 2335 2708
Route 174 : 1624 433 892 2433 1602 891 2892 3602 1539 2891 1622 3624 3622 3539 1500 324 1009 669 1192 3009 2324 3500 3192 2669
Route 175 : 1721 402 3721 2402 35 2035 799 2799 368 484 1469 190 2484 2368 1005 3005 3469 825 881 2825 1023 2881 3023 2190