Instance name : ber-n3000-6
Authors       : Dmitriy Demin, Mikhail Diakov (msd@veeroute.com), Ivan Ilin, Nikita Ivanov, Viacheslav Sokolov (vs@veeroute.com) et al. VRt Global (https://veeroute.com/)
Date          : 2023-04-24
Reference     : veeroute.com
Solution
Route 1 : 1460 763 2263 655 2960 2155 422 1922 746 897 1276 2776 2246 2397 718 2218 192 1181 1223 330 1692 2681 1107 1830 2723 2607 1188 895 2395 2688
Route 2 : 93 1262 2762 508 1593 2008 594 662 2094 1041 2541 2162 639 2139 396 724 2224 1896 1388 2888 122 1622 458 1958 173 936 1673 2436 413 550 2050 1913
Route 3 : 855 2355 1407 73 1397 2907 1573 1469 2897 474 1974 2969 1091 756 2591 2256 180 834 1680 1259 1106 2334 2759 16 347 2606 1431 1847 1516 2931
Route 4 : 7 1507 1342 1180 2842 332 1125 2680 174 1674 1832 2625 298 288 1005 1798 2505 466 1788 1222 2722 1966 1349 445 2849 1945 651 2151
Route 5 : 700 2200 462 771 2271 252 215 1715 1752 77 96 1596 1962 1068 1577 1088 2568 2588 1343 2843 75 1575 900 1174 2400 2674 677 197 2177 1697 1213 81 2713 1581
Route 6 : 689 1137 2189 953 2637 19 1519 2453 981 1475 60 2481 1560 2975 992 802 2302 919 2419 2492 386 735 902 2402 1886 1199 2235 151 1651 2699
Route 7 : 624 1037 501 2124 2537 308 2001 1808 816 1066 1260 2760 1179 2316 2679 2566 524 354 1854 1476 2024 659 2976 2159 1218 2718 818 2318
Route 8 : 1314 265 1765 1069 1057 2569 306 2557 2814 1806 1396 1152 2896 954 2652 35 1535 736 2236 2454 759 2259 191 1390 2890 1691 613 829 2329 2113
Route 9 : 525 551 2025 2051 1320 2820 750 2250 1297 2797 795 2295 1324 2824 82 1582 986 819 2319 2486 1350 2850 965 2465 338 870 1838 2370 1144 2644
Route 10 : 457 1957 969 1274 2774 898 2469 2398 1433 2933 658 1356 2158 913 2856 1031 271 2413 1771 2531 1413 464 2913 993 2493 1964 36 1536
Route 11 : 561 2061 1115 2615 631 1004 2504 2131 200 1414 2914 1143 1700 1079 2579 2643 1470 519 2019 923 2423 2970 380 1254 1283 2754 2783 1880 1316 2816
Route 12 : 782 300 2282 1800 966 125 2466 813 2313 1625 862 950 2450 124 1624 1061 827 2561 2327 1488 54 425 2988 1554 503 1925 314 1012 1814 2512 2362 2003
Route 13 : 1493 1171 2993 1305 2805 2671 1239 785 2285 2739 882 2382 505 1098 1452 2005 2952 2598 597 416 2097 198 1424 1916 2924 1698 940 877 2377 2440
Route 14 : 1087 240 1211 2587 1740 2711 1430 1266 2930 410 2766 1016 2516 1910 333 1833 860 2360 564 1289 2789 266 1766 2064 282 221 1721 1782
Route 15 : 1464 115 1438 1615 2964 2938 1207 342 2707 1233 826 2326 1842 373 476 640 2733 1873 1976 581 2081 947 2447 1221 1071 2140 2721 1006 2571 690 2506 107 2190 1607
Route 16 : 62 116 1385 346 1846 1616 723 1562 2223 2885 397 642 533 2033 2142 1420 1897 1145 1132 2920 2632 61 2645 1220 2720 714 1561 1100 2214 2600
Route 17 : 1002 210 2502 987 1710 181 539 1681 2487 2039 1027 3 1503 843 2527 1250 2343 712 2750 1370 845 2212 2345 2870 1362 798 2862 2298
Route 18 : 1453 2953 1154 790 2654 2290 598 1111 2098 2611 1345 814 2845 12 2314 1512 841 138 725 2341 2225 549 1638 2049 326 1497 1826 942 907 2442 2997 2407
Route 19 : 1419 927 2919 1321 1386 2427 2821 345 2886 918 1845 933 2418 1466 1302 2966 2433 931 2431 2802 632 1026 1019 2132 2519 2526
Route 20 : 764 1416 2264 269 449 2916 323 1823 1949 1769 573 53 2073 1553 1335 155 871 2835 1655 2371 532 2032 745 990 1243 2743 2490 880 2380 2245
Route 21 : 513 189 2013 1689 156 1656 1485 2985 971 1136 2636 2471 499 721 176 1676 1999 2221 684 768 553 2184 296 2268 2053 1455 1796 1317 2955 2817
Route 22 : 143 1643 487 1987 926 1363 2426 2863 289 917 2417 1789 482 833 2333 248 1748 477 891 1982 1166 2391 1977 1399 2666 126 2899 27 1626 1527
Route 23 : 1034 2534 869 419 2369 1919 172 1672 680 767 2180 340 2267 24 1840 1524 607 117 1617 546 2107 692 876 2046 2376 2192 1194 1351 2694 2851
Route 24 : 507 232 18 1099 430 1732 2599 1518 331 40 1540 1831 229 1729 1354 675 1930 2175 2007 382 977 1882 451 2854 1352 2477 2852 1089 1237 2737 2589 1187 2687 1951
Route 25 : 886 161 328 1661 1828 748 2386 454 1078 1954 2248 322 2578 10 1822 1110 1510 779 2610 2279 255 1755 227 1727 1304 1238 2738 484 1984 2804 820 2320 1329 2829
Route 26 : 400 1900 344 840 2340 193 1844 163 1392 1693 1663 2892 281 1781 475 1975 1267 203 1703 217 2767 800 1437 1717 2300 1410 2910 479 789 2937 1979 2289
Route 27 : 1427 140 545 1334 2045 2927 1640 1042 2834 890 2542 2390 910 2410 1492 1387 2992 858 2887 2358 112 562 1612 2062 1035 2535 861 2361 588 1109 2609 2088
Route 28 : 6 120 1620 1506 1310 1272 2772 709 2810 2209 881 366 1290 1866 2381 2790 316 1816 702 2202 618 2118 216 893 1716 2393 901 2401
Route 29 : 621 365 389 1421 1865 1889 2121 2921 1028 461 2528 1961 169 1669 80 1580 1156 2656 628 960 2460 2128 319 994 2494 1819 351 1376 1851 781 2876 2281
Route 30 : 1291 363 1863 2791 887 821 1062 175 2387 2321 1675 1219 2562 341 2719 168 693 1841 1273 2773 1668 121 1621 2193 1245 930 2430 727 2745 426 1926 2227
Route 31 : 1494 1131 2994 31 1053 2631 2553 1531 350 1423 2923 337 1850 1248 1247 2747 1837 541 2748 1348 2041 2848 1120 706 2620 2206 224 1724
Route 32 : 164 671 868 2171 2368 1200 945 2700 1664 109 2445 1609 1095 2595 848 842 2348 2342 955 1011 2511 2455 1256 2756 576 557 2076 780 2057 2280 558 2058
Route 33 : 1403 741 2241 653 2153 2903 1358 1380 2880 932 2858 2432 812 1415 2312 606 2106 302 2915 111 358 1858 417 1917 1611 1802
Route 34 : 1373 584 2084 2873 443 1404 1943 775 2904 863 2275 2363 249 1749 552 299 2052 1439 542 2042 1799 1139 2939 2639
Route 35 : 509 2009 1402 538 393 1893 433 2902 1933 1129 2038 1054 2554 2629 1161 516 2016 733 2661 2233 673 770 2173 1292 2792 2270 141 187 1306 1687 1641 2806
Route 36 : 1478 703 1326 2978 1184 2203 428 2684 2826 1490 250 1750 2990 1214 490 2714 1990 336 1836 450 1950 1928 1287 599 2099 2787 1133 360 2633 1860
Route 37 : 1447 2947 512 87 2012 1258 1227 2758 1587 1036 2727 2536 1201 2701 15 1515 182 867 1682 1411 1229 2729 2911 844 2344 223 1723 2367
Route 38 : 866 395 1895 97 2366 185 1597 311 1685 219 555 2055 1811 1719 8 1508 1405 2905 1084 1257 2584 556 2757 2056 810 256 1756 2310 1288 2788
Route 39 : 1046 1300 483 2546 2800 856 1983 537 2356 2037 132 1632 478 188 1978 438 1688 623 1938 2123 578 699 2199 2078 1230 270 1770 2730 101 1443 1601 2943
Route 40 : 1253 970 2753 2470 85 1210 2710 674 1585 228 2174 1728 609 14 2109 1514 1255 1473 2755 1296 2973 1150 2796 698 2650 989 2198 1339 2489 89 2839 1589
Route 41 : 788 580 1454 2288 964 2080 2464 310 387 1887 2954 1810 687 2187 786 794 2286 2294 571 2071 469 317 1817 835 711 719 2335 2211 1969 2219
Route 42 : 629 1401 2901 1483 2129 437 2983 494 1937 1456 1994 146 2956 1033 2533 1646 134 1344 523 2844 287 394 2023 1634 1787 1894 59 1075 1559 2575
Route 43 : 1412 1364 762 2912 2262 2864 1022 885 2522 58 1313 1558 873 2373 824 2813 667 2324 211 2167 612 2385 2112 1130 2630 543 1711 1058 2558 2043
Route 44 : 1441 649 2149 701 2941 2201 984 234 2484 938 1734 50 2438 1458 1550 2958 55 1555 278 583 2083 1778 605 2105 294 974 1794 324 2474 1155 1824 2655
Route 45 : 1127 431 2627 30 1931 894 1530 2394 915 587 2415 2087 925 2425 183 777 1683 951 2451 1301 2277 2801 1212 2712 1101 1003 560 2601 2503 2060
Route 46 : 201 1104 1024 1701 744 2244 722 2604 2524 2222 162 743 1662 817 1182 2682 2317 1044 2544 1435 2935 2243 586 831 2331 582 2086 638 2082 2138 142 1642
Route 47 : 372 676 1872 128 2176 1628 1215 765 404 2265 361 2715 1904 48 1861 1055 2555 1548 696 2196 1249 904 2749 1322 2404 2822 415 1915 1244 2744
Route 48 : 334 424 1834 1924 1086 688 2586 2188 622 2122 49 740 2240 1204 1549 2704 691 1018 2191 1418 2518 803 2918 452 1357 2857 1952 418 2303 1918
Route 49 : 368 610 1868 908 2110 1142 2642 1197 2408 531 2697 637 1293 2137 2031 633 2793 807 2133 670 2307 339 2170 783 2283 1839 279 1779 520 2020
Route 50 : 304 1134 1804 2634 1474 2974 98 889 2389 63 1598 1192 2692 1563 567 375 1112 2612 1875 2067 596 37 784 1537 432 2284 2096 1932 518 982 2482 2018
Route 51 : 71 1408 257 1571 2908 1077 2577 1757 1076 839 254 2339 1308 2576 1754 2808 589 1195 2695 480 1980 208 2089 1126 2626 303 1803 1708
Route 52 : 5 76 738 1505 244 1576 694 2194 943 1336 2443 991 2836 2238 2491 465 1965 144 1644 1744 811 245 1398 1745 2311 2898 205 1193 471 2693 1705 1971
Route 53 : 716 1406 2906 2216 420 600 2100 713 2213 1920 995 104 619 2119 2495 1604 68 1568 498 949 1998 504 2449 874 2004 1094 2374 2594
Route 54 : 1486 2986 682 74 2182 978 321 1574 1821 2478 261 1025 1761 823 2323 226 2525 166 1666 737 1726 988 1038 2488 218 2237 460 1718 67 1960 2538 1567
Route 55 : 472 626 1972 137 2126 912 1637 2412 681 617 1141 2117 2181 548 2048 1394 2641 2894 652 1226 2726 421 2152 1309 1921 514 2809 157 2014 732 1657 414 1914 2232
Route 56 : 20 1269 1520 1000 2500 2769 815 754 2315 2254 536 1 540 2040 603 2036 1501 2103 1277 968 178 2777 1177 2468 2677 937 1678 275 243 2437 1743 1775
Route 57 : 672 2172 51 1203 390 1551 1890 2703 1482 369 665 1869 1246 2982 2165 1119 2619 872 2746 2372 705 251 2205 1751 1052 1346 604 2552 2104 2846
Route 58 : 209 1361 1369 2861 1709 2869 1484 1465 2965 2984 850 574 2350 496 2074 409 1909 118 1996 1618 1153 459 547 2047 1959 1252 2752 717 2653 470 2217 1970
Route 59 : 620 2120 669 2169 1323 1043 1489 2989 2543 2823 318 4 1818 1504 753 2253 852 2352 374 105 1605 791 235 1735 1874 2291 1338 579 2838 2079
Route 60 : 276 1331 563 2831 1327 2827 2063 492 147 1647 884 1992 2384 102 247 1602 830 1747 1070 2330 660 2570 65 2160 1151 1565 1776 2651 892 2392
Route 61 : 1333 1280 2780 2833 828 1374 2328 196 998 2498 1696 488 313 2874 1988 312 1813 710 645 1812 2145 285 2210 485 1785 1985 916 728 646 2228 2146 2416
Route 62 : 1295 2795 715 1165 2215 1367 2665 535 2035 1160 2867 448 975 2660 1285 2785 1948 2475 1271 2771 92 47 1592 1547 773 1162 2273 1328 2662 636 2828 2136
Route 63 : 46 1440 1546 1185 956 2456 697 1198 2940 2685 222 2197 2698 1436 2936 1722 239 1739 1319 601 2819 2101 307 1491 1807 1377 2991 280 1780 796 2877 2296
Route 64 : 1432 801 2932 377 2301 1877 879 2379 70 1570 837 1381 441 2337 1176 2881 2676 1941 376 1081 2581 1876 1067 1428 2567 1434 2934 133 1633 2928
Route 65 : 1234 963 84 2463 1097 2734 1584 1240 2740 2597 184 760 1684 664 241 2260 2164 455 1741 1955 170 429 440 1670 1940 1929
Route 66 : 1307 1032 2532 1063 2807 481 2563 1202 2702 948 1981 2448 297 1128 2628 149 1797 1400 427 2900 1649 1927 1124 1123 1496 2996 2624 2623
Route 67 : 202 1096 1702 371 473 1871 1353 1973 2853 2596 1093 1468 1051 2968 2551 2593 643 1015 2143 1467 958 2515 2967 661 2458 2161 999 447 1947 2499
Route 68 : 26 859 2359 325 559 1526 2059 407 1825 1907 206 1172 751 2251 1706 2672 766 113 747 2247 2266 1613 1391 734 2234 2891 663 809 2163 2309
Route 69 : 13 1090 1513 495 2590 1498 1995 388 1888 2998 1264 2764 1122 797 2622 2297 730 1457 2230 274 2957 1241 1774 1281 2781 69 534 2034 2741 1569
Route 70 : 585 2085 272 1186 2686 1772 1208 2708 944 2444 1205 957 2705 2 1502 2457 220 264 752 2252 1720 1764 755 1383 2255 1072 2572 1048 2883 2548
Route 71 : 983 1303 2803 2483 357 268 284 1857 108 1784 1608 1768 1393 1065 2893 2565 1216 38 2716 1538 1050 1340 2550 593 1425 2840 2093 2925 456 1956
Route 72 : 453 1953 1164 370 2664 1870 136 1231 1636 720 935 2731 2435 292 2220 1792 1459 865 2959 778 529 2278 2365 2029 1275 1442 2942 1146 2775 2646 846 627 2127 2346
Route 73 : 1059 2559 1372 1311 2811 286 2872 263 1786 1763 236 729 158 2229 1265 1658 356 1736 1856 355 2765 9 1855 1509 1284 2784 1017 2517
Route 74 : 787 1444 1337 2287 2944 2837 99 1599 595 2095 1138 259 2638 362 1759 838 1862 2338 825 78 2325 127 467 1578 1627 1967 86 1586
Route 75 : 1102 616 946 2116 2446 44 2602 929 2429 1544 214 1103 1714 941 2603 290 2441 1790 934 1384 1263 2884 2434 2763 1445 742 2945 666 1225 2725 2166 2242
Route 76 : 153 1653 1382 2882 57 1557 761 497 2261 1228 17 1997 2728 654 1517 2154 435 575 1073 1935 2573 2075 805 1113 1178 2613 2305 1074 1040 2678 2574 2540
Route 77 : 853 135 2353 1039 1635 2539 1029 2529 165 888 2388 1665 685 510 1008 2010 1448 2948 2508 568 1251 2185 2068 364 1864 2751
Route 78 : 911 1190 2411 401 1901 1235 2690 2735 56 1261 1360 2761 398 1898 2860 1556 225 939 2439 1725 22 1116 997 2616 1522 1064 2497 566 2564 511 2066 2011
Route 79 : 320 28 1528 1169 1820 2669 167 1667 436 678 857 2357 1936 1368 1318 914 2178 2868 2818 1371 2871 1451 2414 615 2115 527 2951 343 2027 1843
Route 80 : 772 45 72 1572 1545 2272 1355 2855 808 399 2308 1395 1899 179 2895 1679 212 1712 231 1731 100 1600 776 384 2276 349 1884 758 1849 2258
Route 81 : 961 1480 2461 1312 1294 2980 611 2794 2111 2812 204 1347 1704 2847 29 199 1699 569 129 2069 1529 1189 1629 258 2689 1758 1168 854 2354 2668
Route 82 : 315 444 1815 769 2269 119 1944 1118 2618 273 1773 1619 1149 94 973 1030 2473 2649 1594 2530 1325 1173 2825 2673 806 625 2306 799 2125 2299
Route 83 : 1183 635 2683 2135 405 195 1695 726 260 2226 1760 381 1881 1905 1365 412 1409 1912 647 2865 2909 2147 648 2148 79 683 2183 1579 757 972 2257 2472 32 1532
Route 84 : 160 1660 644 1021 2521 2144 530 1389 2030 2889 301 1801 383 1883 238 463 1738 1963 1056 486 2556 1986 849 2349 1167 1481 2981 641 2667 2141
Route 85 : 1159 2659 832 403 1158 1903 2658 656 2332 2156 1206 434 2706 739 2239 922 1934 379 2422 1879 25 1278 1375 2875 2778 106 1525 1606 1429 2929
Route 86 : 489 1989 207 1707 1236 2736 521 959 2021 2459 921 822 2421 731 2322 442 2231 851 1942 2351 1175 2675 34 23 385 1534 1049 1523 2549 1885
Route 87 : 847 2347 577 2077 293 1793 1366 1001 1479 2501 2866 2979 1422 2922 1009 352 1477 2977 2509 1852 1426 194 836 1694 2336 502 152 2002 1652 1013 2513 2926
Route 88 : 1135 408 1908 565 2635 2065 602 878 2102 2378 88 517 1588 2017 1080 1060 39 2580 1539 2560 1359 1140 262 2640 1762 2859
Route 89 : 1286 668 657 2786 1020 2157 2168 468 1108 1968 2608 979 2520 1279 2779 985 2485 2479 924 1083 2424 2583 237 592 2092 980 1737 1462 2480 695 2962 2195
Route 90 : 1378 150 1650 2878 90 1590 515 2015 544 1379 1092 506 2879 2006 190 2044 1045 1690 905 903 2592 2405 2545 500 2403 554 976 2054 2000 2476
Route 91 : 1500 309 1117 3000 2617 1809 1417 1242 1449 2949 2917 329 2742 906 1829 1014 2406 1450 2514 391 283 1891 2950 1783 186 230 1730 1686 899 2399
Route 92 : 528 707 2028 708 2207 2208 1471 103 2971 1332 1487 1603 2987 2832 159 1659 1330 154 1654 353 2830 1853 233 367 1733 1867 952 864 2452 2364
Route 93 : 1170 2670 295 1795 66 996 11 1566 2496 1511 1224 1105 2724 139 2605 1639 145 1645 42 570 1299 2070 1542 704 2799 1196 2204 2696
Route 94 : 402 1010 1902 1191 2510 909 2409 1461 2691 123 875 2961 1623 1157 679 2375 2179 267 2657 305 1767 1805 1315 423 2815 522 1923 804 2304 1023 2022 2523
Route 95 : 378 634 2134 1878 64 131 1268 1564 1282 2768 2782 406 1906 1270 2770 110 1631 774 1463 1610 2274 792 2292 2963 920 1007 2507 2420
Route 96 : 114 928 1614 614 242 2428 2114 392 359 1859 1742 1892 1209 2709 1114 793 2614 446 1946 52 2293 1552 83 591 1583 1082 2091 650 2150 1232 2732 2582
Route 97 : 962 33 2462 1217 1533 2717 291 348 1791 1848 491 686 2186 1495 2995 1991 1047 1148 883 2648 2383 2547 1446 2946 439 177 1939 896 630 2396 2130 1677
Route 98 : 1085 41 1541 749 2249 2585 253 1753 43 411 1543 1911 277 327 1777 1827 21 1121 2621 967 1521 1163 2467 2663 1298 1147 130 2647 1630 2798
Route 99 : 171 526 2026 1671 91 1591 148 1648 493 1993 246 1746 572 1472 95 1595 2072 2972 1499 608 590 2090 2999 335 2108 1835 213 1341 2841 1713