Instance name : ber-n600-6
Authors : Simen T. Vadseth, Henrik Andersson, Jean-Francois Cordeau and Magnus Stålhane
Date : 10.07.2023
Reference : TBA
Solution
Route	1 :  9 258 30 309 558 330 162 86 462 276 17 576 386 317
Route	2 :  158 40 458 95 224 340 524 395 124 247 118 547 424 418 289 589
Route	3 :  108 249 93 549 408 393 24 254 554 324 21 85 175 385 321 475
Route	4 :  219 519 183 217 483 106 517 227 527 406 146 202 446 502 27 52 327 352
Route	5 :  134 221 521 286 434 586 51 279 174 474 351 579 283 26 326 583
Route	6 :  129 262 252 78 429 562 552 378 291 591 215 61 6 306 55 361 355 515 119 419
Route	7 :  126 426 19 299 319 261 599 561 228 528 285 585 288 588 188 240 488 540
Route	8 :  136 189 141 7 436 489 307 80 441 205 505 380 298 272 572 598
Route	9 :  29 329 292 91 592 391 222 157 457 522 209 295 595 509 220 520
Route	10 :  2 117 302 239 539 140 440 109 409 79 179 379 138 479 417 438 122 422
Route	11 :  120 113 413 191 297 420 597 491 48 270 201 501 570 348 265 565
Route	12 :  176 4 180 476 274 480 35 304 574 335 131 431 36 284 584 336
Route	13 :  156 456 144 444 115 204 236 415 504 14 536 314 278 578 98 398
Route	14 :  211 511 31 15 315 331 260 560 77 377 5 296 305 596
Route	15 :  88 44 344 46 388 346 69 369 89 200 389 500 282 170 582 470
Route	16 :  11 84 311 384 151 172 451 182 472 257 482 154 557 198 454 498
Route	17 :  255 232 16 555 20 316 532 208 508 171 121 471 421 50 350 142 442 320
Route	18 :  83 60 383 360 143 161 213 513 443 461 280 277 580 577 10 310
Route	19 :  159 100 459 99 168 399 271 468 225 571 90 525 390 287 194 587 494 400
Route	20 :  253 37 553 226 337 526 256 229 556 529 72 185 372 485
Route	21 :  105 405 92 184 392 484 153 47 453 195 347 495 74 374 147 447
Route	22 :  149 259 449 152 559 452 3 303 94 290 193 590 394 493 65 241 365 541
Route	23 :  101 166 466 401 64 364 165 465 49 135 75 375 349 435
Route	24 :  127 427 87 387 57 160 357 67 367 41 460 197 497 96 341 396
Route	25 :  82 73 116 382 373 76 416 376 206 267 567 111 506 190 203 490 503 411
Route	26 :  163 248 548 103 463 403 234 59 70 534 359 246 370 273 546 102 573 402
Route	27 :  230 233 533 130 430 218 518 212 530 68 294 368 512 594 128 81 428 381
Route	28 :  125 425 187 38 338 169 487 133 469 132 196 496 433 432 22 293 322 593
Route	29 :  250 550 97 62 397 362 107 245 545 407 238 268 150 538 450 568
Route	30 :  145 445 275 223 523 237 23 537 575 323 137 181 437 481
Route	31 :  18 318 43 66 343 366 28 328 33 214 333 514 263 563 207 104 507 404
Route	32 :  242 167 542 467 45 251 345 551 139 54 354 439 235 281 173 535 581 473
Route	33 :  34 334 110 216 114 414 516 410 244 53 8 544 353 308 231 531 186 486
Route	34 :  58 266 566 358 243 543 25 192 148 492 325 32 448 269 332 569 177 477
Route	35 :  71 12 371 312 63 178 363 210 112 412 510 478 39 56 356 339
Route	36 :  199 1 499 301 123 164 464 423 13 313 42 342 155 455 300 264 600 564
