Instance name : ber-n400-2
Authors       : Dmitriy Demin, Mikhail Diakov (msd@veeroute.com), Ivan Ilin, Nikita Ivanov, Viacheslav Sokolov (vs@veeroute.com) et al. VRt Global (https://veeroute.com/)
Date          : 2023-04-24
Reference     : veeroute.com
Solution
Route 1 : 30 230 27 20 82 227 220 109 282 11 211 309
Route 2 : 154 49 5 249 92 205 159 292 148 354 348 359
Route 3 : 99 51 110 251 80 57 150 280 310 299 197 350 257 397
Route 4 : 193 21 68 135 335 221 268 393
Route 5 : 97 62 297 173 373 185 180 385 262 380 1 201
Route 6 : 108 75 308 200 275 400 182 382 157 357
Route 7 : 69 122 269 119 319 140 120 322 190 320 61 59 261 390 259 340
Route 8 : 50 250 74 35 54 254 235 186 386 163 363 274
Route 9 : 47 71 271 53 247 253 160 149 24 224 360 349 128 328
Route 10 : 105 123 323 158 305 188 358 98 388 298 15 215 107 307
Route 11 : 46 44 246 91 291 177 377 244
Route 12 : 155 142 115 342 192 355 315 189 392 389 7 207
Route 13 : 116 146 316 346 16 216 63 3 139 263 40 339 240 203
Route 14 : 136 133 131 333 104 103 331 303 304 336 171 371
Route 15 : 168 66 368 90 290 84 284 76 266 95 276 184 295 384
Route 16 : 167 169 156 356 367 176 369 376
Route 17 : 83 147 283 174 347 191 175 391 94 294 374 375
Route 18 : 145 77 345 277 22 42 242 222
Route 19 : 165 33 43 18 6 206 243 199 233 365 218 399
Route 20 : 13 23 213 31 32 223 231 121 88 232 288 321
Route 21 : 178 8 162 362 166 378 208 366 26 17 217 226
Route 22 : 86 52 93 81 252 187 293 151 281 351 387 286
Route 23 : 125 96 2 296 4 204 124 34 324 325 202 234
Route 24 : 132 141 37 237 101 29 229 332 301 341 195 395
Route 25 : 45 245 85 170 87 48 39 248 239 111 36 285 236 311 370 287
Route 26 : 152 196 352 179 181 379 396 381 25 65 265 225
Route 27 : 118 10 318 112 210 79 129 138 312 279 58 258 329 338
Route 28 : 73 78 278 273 89 102 289 38 70 238 72 272 302 270
Route 29 : 137 134 28 337 56 12 212 256 64 228 334 264
Route 30 : 113 9 41 130 241 60 330 183 313 144 383 209 260 344
Route 31 : 67 127 19 153 267 198 194 219 353 398 394 327
Route 32 : 55 126 161 326 100 361 255 143 300 172 343 372
Route 33 : 106 14 117 114 306 317 314 164 214 364