Instance name : ber-n1500-7
Authors : Simen T. Vadseth, Henrik Andersson, Jean-Francois Cordeau and Magnus Stålhane
Date : 24.06.2023
Reference : TBA
Solution
Route	1 :  165 693 260 1010 915 1443 664 1414 598 505 1348 1255
Route	2 :  112 19 862 515 63 769 243 993 1265 676 813 408 1158 1426
Route	3 :  115 166 31 781 865 916 585 178 390 1335 1140 404 928 109 859 1154
Route	4 :  298 602 1048 437 1352 391 438 1187 1141 642 375 1392 1188 618 1368 1125
Route	5 :  679 236 986 488 1238 117 867 439 1429 83 363 833 1189 1113
Route	6 :  568 566 64 1318 1316 814 509 448 1198 1259 161 451 911 655 1405 1201
Route	7 :  444 98 848 1194 677 431 548 1181 1298 588 1338 1427 734 1484
Route	8 :  74 824 647 212 1397 378 85 962 835 537 1128 1287
Route	9 :  739 697 186 1447 936 251 1489 519 1269 524 686 1001 8 1274 659 1409 1436 758
Route	10 :  121 43 116 793 871 551 54 866 139 1301 554 804 1304 889
Route	11 :  595 218 46 968 209 796 1345 97 847 331 678 1081 1428 959 309 1059
Route	12 :  272 399 1022 1149 133 643 336 883 1393 466 307 1086 1216 1057
Route	13 :  695 560 1310 18 471 1445 1221 741 768 506 1491 1256
Route	14 :  42 733 283 1483 1033 454 792 319 674 1424 484 1204 1069 1234
Route	15 :  48 206 956 798 80 830 60 244 334 994 182 810 1084 326 1076 932
Route	16 :  254 1004 270 160 341 401 1020 910 1151 84 200 1091 467 834 1217 950
Route	17 :  406 327 1156 1077 701 1451 383 732 28 1482 1133 81 778 525 831 1275
Route	18 :  290 411 276 1161 1040 158 631 1026 39 908 1381 789
Route	19 :  622 382 114 1132 557 70 1307 864 300 1372 820 476 169 1050 919 1226
Route	20 :  89 694 149 839 15 1444 384 1134 899 47 765 140 105 797 890 855
Route	21 :  464 289 76 171 1039 826 685 1214 1435 921 434 503 1184 1253
Route	22 :  542 245 574 1292 221 995 971 224 1324 159 108 663 858 974 909 1413
Route	23 :  646 354 1396 491 1104 262 1012 1241 337 559 1309 21 490 1087 1240 771
Route	24 :  10 760 573 545 1323 583 110 1295 131 1333 860 707 247 1457 881 997
Route	25 :  634 1384 637 428 628 351 474 1101 1378 1178 59 1224 253 1387 1003 809
Route	26 :  376 207 1126 148 459 1209 957 898 7 440 656 757 536 1406 1190 1286
Route	27 :  258 468 687 729 1008 1218 350 1437 380 1479 669 1100 1419 95 1130 845
Route	28 :  55 13 232 763 457 550 982 1300 1207 352 805 125 465 875 1102 1215
Route	29 :  134 620 884 460 526 1276 706 1210 1370 1456 2 635 214 1385 964 752
Route	30 :  682 1432 675 196 946 692 1425 670 1442 228 479 1229 978 1420
Route	31 :  170 603 1353 920 372 36 271 1122 665 786 1021 1415 414 127 1164 877
Route	32 :  143 373 502 1252 14 1123 597 764 78 893 1347 683 828 40 1433 790
Route	33 :  540 586 1290 45 1336 795 9 759 150 667 567 1417 900 1317
Route	34 :  462 666 75 1416 353 825 450 1212 162 912 1103 33 1200 237 987 783
Route	35 :  453 242 992 261 1203 571 1011 611 727 1321 1361 427 1477 400 1177 1150
Route	36 :  473 624 167 1223 1374 917 191 66 538 941 511 816 1261 1288
Route	37 :  672 499 1422 56 190 1249 940 806 344 402 641 1152 1094 639 1389 1391
Route	38 :  417 157 1167 284 907 106 449 1199 856 1034 405 584 1155 1334
Route	39 :  234 67 424 740 1490 1174 984 709 225 817 975 1459
Route	40 :  429 1179 458 658 1408 113 863 486 1208 226 38 61 788 1236 811 976
Route	41 :  1 700 223 751 1450 626 50 51 973 801 1376 719 800 1469 281 1031
Route	42 :  691 294 1441 1044 581 517 1331 512 1267 1262 416 654 1404 1166
Route	43 :  269 592 1019 177 644 1342 111 861 927 1394 275 703 508 1025 1453 1258
Route	44 :  174 924 219 743 705 969 481 1455 1493 638 1231 1388 392 1142
Route	45 :  619 103 495 853 1369 1245 324 292 335 181 1042 1074 931 1085
Route	46 :  736 671 235 1421 49 985 1486 799 52 742 802 482 744 1492 1232 1494
Route	47 :  605 314 717 325 1075 1355 403 1064 1467 288 1153 176 1038 926
Route	48 :  120 355 673 617 1105 870 1423 696 410 1367 1446 263 1160 1013
Route	49 :  153 249 903 280 485 999 1030 118 1235 142 387 868 1137 562 892 1312
Route	50 :  230 90 980 840 197 607 233 947 71 168 587 1357 983 821 918 1337
Route	51 :  322 649 1072 720 264 1470 119 1399 315 1014 621 869 1065 1371
Route	52 :  371 575 1121 544 516 1294 1266 308 77 1325 730 827 1058 534 1284 1480
Route	53 :  79 65 829 815 711 493 368 1118 1243 591 1461 510 1341 629 1379 1260
Route	54 :  738 421 1488 68 1171 818 489 316 1239 27 377 1127 1066 356 777 1106
Route	55 :  504 746 1254 745 1496 189 1495 187 939 937 533 129 304 879 1283 1054
Route	56 :  227 640 977 1390 572 293 145 1322 211 1043 895 446 175 961 925 1196
Route	57 :  37 787 135 193 358 885 943 1108 420 645 1170 388 1395 1138
Route	58 :  136 565 886 1315 496 445 1195 30 780 72 1246 215 965 822
Route	59 :  268 318 1068 1018 570 1320 704 295 564 1454 1045 531 412 1314 1281 1162
Route	60 :  555 668 347 1418 1305 749 1097 616 1499 62 627 1366 1377 812
Route	61 :  299 34 784 238 988 487 1049 126 1237 239 561 715 1311 876 989 1465
Route	62 :  154 423 904 255 1173 469 1005 301 735 1051 1485 1219 252 609 1002 1359
Route	63 :  596 657 442 1407 426 1176 1346 1192 156 507 547 906 1257 257 1297 1007
Route	64 :  494 183 933 1244 256 699 348 1449 1098 1006 750 192 942 1500
Route	65 :  17 222 713 972 767 1463 660 379 1410 1129 180 101 930 851
Route	66 :  722 365 501 710 1472 432 1251 1115 1182 1460 708 146 539 896 1458 1289
Route	67 :  306 662 612 1362 1412 1056 11 556 333 1083 198 1306 761 948 443 1193
Route	68 :  569 359 726 1319 1109 1476 613 661 1411 361 1111 580 1363 163 1330 913
Route	69 :  94 844 205 955 558 240 1308 990 430 1180
Route	70 :  102 311 366 852 128 1061 1116 698 878 172 1448 478 1228 922 497 1247
Route	71 :  523 689 1273 259 472 1009 1222 737 1439 370 500 1250 1487 1120
Route	72 :  220 5 152 970 755 241 902 991 563 435 1313 498 202 952 1248 1185
Route	73 :  265 346 1015 1096 345 723 1095 250 1473 179 929 1000 204 954
Route	74 :  291 527 367 1277 1117 386 342 1041 82 1136 151 1092 901 302 832 1052
Route	75 :  23 541 1291 773 549 731 1299 320 278 1481 208 1070 1028 958
Route	76 :  339 99 849 532 1089 397 1147 1282 3 441 753 714 86 836 1191 1464
Route	77 :  360 716 615 1466 1365 590 1110 217 651 1340 1401 967 203 188 938 953
Route	78 :  104 362 854 96 1112 173 321 846 32 1071 923 782 305 1055 456 623 1206 1373
Route	79 :  231 981 25 279 775 1029 452 16 606 766 1202 296 1356 1046
Route	80 :  652 164 480 1230 914 41 1402 546 791 24 774 1296 92 194 842 944
Route	81 :  29 267 138 600 779 888 1017 393 144 1350 1143 389 455 1139 894 1205
Route	82 :  582 58 530 808 702 1280 1332 1452 285 514 718 1468 1264 1035
Route	83 :  463 725 73 1475 1213 246 996 579 100 1329 419 823 1169 850
Route	84 :  385 518 1135 357 1107 313 1268 184 1063 690 934 475 1225 1440
Route	85 :  552 88 248 1302 155 838 185 998 905 630 935 122 872 1380 724 1474
Route	86 :  338 614 601 1351 1364 1088 681 425 1175 53 1431 323 803 625 1375 1073
Route	87 :  317 287 1037 1067 535 1285 409 310 69 1159 282 1032 483 1060 819 1233
Route	88 :  26 216 776 436 966 340 1186 1090 415 528 422 1165 1172 266 1278 1016
Route	89 :  277 107 1027 286 4 857 35 1036 610 754 349 785 1099 364 1114 1360
Route	90 :  520 1270 12 648 688 762 599 1349 1398 1438 684 577 1434 1327
Route	91 :  369 132 1119 394 1144 20 882 770 130 653 728 1478 1403 880
Route	92 :  124 395 593 1145 680 1430 1343 594 407 1344 608 553 1157 1358 1303 874
Route	93 :  44 578 1328 470 343 1093 794 297 398 1220 1148 1047 477 303 1053 1227
Route	94 :  141 891 273 229 1023 413 123 1163 873 213 312 522 979 963 1062 1272
Route	95 :  633 513 1263 1383 712 199 418 949 1462 93 1168 381 843 1131
Route	96 :  332 636 1082 492 461 1386 1211 328 137 650 1400 201 1078 887 951 57 807 1242
Route	97 :  91 604 841 22 1354 747 374 1497 529 1124 772 632 274 1382 1279 1024
Route	98 :  147 330 1080 447 897 1197 589 195 87 945 521 837 1339 6 1271 756
Route	99 :  210 433 960 1183 721 748 1498 543 1471 329 396 1293 1079 576 1146 1326
