Instance name : ber-n1000-4
Authors       : Dmitriy Demin, Mikhail Diakov (msd@veeroute.com), Ivan Ilin, Nikita Ivanov, Viacheslav Sokolov (vs@veeroute.com) et al. VRt Global (https://veeroute.com/)
Date          : yyyy-mm-dd
Reference     : veeroute.com
Solution
Route 1 : 422 370 870 250 922 375 875 342 302 842 489 989 802 423 400 750 900 923
Route 2 : 220 194 378 720 694 392 878 892 19 318 187 687 818 326 436 826 308 936 808 519
Route 3 : 193 153 693 365 340 653 865 380 880 444 71 571 246 944 746 9 509 840
Route 4 : 41 499 541 230 999 50 730 550 439 304 804 76 939 576 361 861 283 211 783 711
Route 5 : 122 273 773 266 622 469 766 216 969 716 147 647 102 69 602 242 569 742
Route 6 : 62 13 295 562 315 513 452 795 815 443 952 231 731 943 114 141 614 641
Route 7 : 91 284 117 784 617 109 38 538 609 460 70 570 960 471 494 971 994 57 591 557
Route 8 : 18 35 179 518 679 535 261 333 205 705 761 833 259 311 25 759 811 525
Route 9 : 398 112 126 898 626 612 104 42 604 274 195 774 542 695 11 72 83 583 474 572 511 974
Route 10 : 240 145 645 465 740 965 457 235 493 735 957 993 417 408 908 917
Route 11 : 217 271 468 427 4 968 717 771 504 496 927 280 996 780 37 453 537 953 257 757
Route 12 : 158 6 506 197 697 658 198 178 81 698 581 678 225 206 160 706 725 660 467 204 967 704 7 507
Route 13 : 355 426 926 101 855 260 601 760 497 272 772 263 997 52 20 763 552 520 285 785
Route 14 : 459 959 189 262 689 362 862 762 149 15 649 515 100 213 713 600 491 991
Route 15 : 425 925 215 324 715 22 824 522 334 192 692 476 976 834 374 874
Route 16 : 29 316 816 529 455 93 167 667 593 955 343 55 555 843 238 196 738 696
Route 17 : 451 372 46 332 59 832 546 559 431 872 492 931 992 164 951 664
Route 18 : 48 548 132 36 3 632 503 16 536 68 568 516 58 306 449 806 949 558
Route 19 : 268 166 54 666 768 142 554 203 249 391 891 703 402 749 60 560 642 902 462 962
Route 20 : 144 181 644 53 681 239 739 553 399 288 899 788 359 409 909 475 859 975 190 690
Route 21 : 282 130 630 782 438 938 119 143 619 275 643 775 169 352 96 669 852 596
Route 22 : 363 199 78 863 699 578 386 458 322 822 886 958 394 292 894 792
Route 23 : 480 294 794 236 736 980 182 277 159 777 682 229 659 219 729 207 719 175 707 675
Route 24 : 358 66 456 566 858 956 176 247 747 168 676 668 241 208 741 708 371 871
Route 25 : 92 234 592 734 430 51 337 837 551 464 930 964 441 941 303 803
Route 26 : 64 276 191 691 564 776 258 233 758 733 320 293 289 820 256 793 789 756 221 61 561 721
Route 27 : 170 367 670 134 867 120 634 5 65 620 505 565 330 84 584 830 27 527
Route 28 : 390 146 270 890 646 770 90 590 121 435 621 935 420 131 454 631 920 954
Route 29 : 32 532 296 341 498 998 841 796 411 401 911 24 901 524 2 177 502 677
Route 30 : 47 34 335 547 534 299 799 125 835 328 625 350 828 850 381 410 881 910
Route 31 : 383 154 163 654 883 663 495 80 478 580 995 39 978 82 539 582 433 933
Route 32 : 382 162 882 662 23 157 523 419 657 919 174 319 85 297 674 183 585 797 683 819
Route 33 : 139 485 639 329 985 829 321 172 672 821 348 312 812 848 111 180 680 611
Route 34 : 395 472 482 895 434 982 934 310 356 67 810 567 428 856 928 972 21 127 627 521
Route 35 : 437 186 396 686 896 937 442 245 942 745 406 137 906 232 637 732 40 118 540 618
Route 36 : 413 255 913 345 845 349 440 849 224 940 724 414 481 418 981 914 755 918
Route 37 : 490 990 415 150 226 726 915 650 393 243 151 893 743 651
Route 38 : 376 79 579 876 298 317 798 817 301 10 510 412 912 201 801 353 853 156 701 656
Route 39 : 123 252 623 752 346 227 323 823 846 727 95 87 360 587 595 384 129 860 884 629
Route 40 : 388 98 598 44 366 544 254 888 445 866 754 28 945 528 461 267 767 961
Route 41 : 264 764 89 12 589 218 512 466 718 966 152 446 652 286 31 531 946 786
Route 42 : 336 99 599 836 133 97 210 633 597 173 710 673 407 373 487 907 987 369 873 869
Route 43 : 188 135 477 688 635 977 377 339 877 839 287 228 728 787 463 500 963 1000
Route 44 : 171 470 671 88 588 970 484 185 984 354 685 155 214 854 714 405 905 655
Route 45 : 209 327 222 351 827 851 709 397 897 291 722 237 791 368 737 868 331 184 831 684
Route 46 : 136 473 973 279 636 278 779 778 429 403 929 903 404 107 904 607
Route 47 : 244 73 77 573 744 577 300 448 63 86 800 948 586 563 14 514
Route 48 : 110 140 1 501 223 610 640 265 723 17 765 483 517 116 983 479 616 251 979 751
Route 49 : 364 387 864 148 357 887 857 648 424 30 105 924 530 161 661 605
Route 50 : 56 313 813 556 269 769 307 807 202 108 347 702 608 432 847 281 932 781
Route 51 : 325 450 825 486 94 950 986 594 253 138 344 753 106 309 844 638 606 809
Route 52 : 305 447 805 947 389 889 385 8 379 885 488 879 988 508 421 921
Route 53 : 416 212 712 916 314 338 814 838 26 124 526 624 33 103 290 603 533 790
Route 54 : 248 113 75 748 613 45 575 165 665 200 700 545 74 115 574 615 128 49 549 628 43 543