Instance name:	ber-n4000-4
Authors:		Carlo Sartori and Luciana Buriol
Date:			2019-2-11
Reference:		A matheuristic approach to the PDPTW (to be submitted)
Solution
Route 1 : 1399 1984 3399 1918 3918 1055 3984 796 1744 3055 3744 148 578 2796 2578 2148 759 1749 3749 1934 3934 2759
Route 2 : 468 1525 3525 1894 786 3894 2468 2786 760 1190 964 2964 2760 3190 938 137 2137 1844 3844 144 2938 1071 2144 3071
Route 3 : 1541 1159 3541 25 1155 1926 3926 1367 149 2025 1928 3367 3928 3159 2149 47 1597 3155 1643 2047 3643 3597
Route 4 : 1942 379 1363 2379 1675 3363 3942 2 246 3675 689 2246 2002 238 2689 2238 922 438 2438 277 2277 789 2789 2922 905 2905
Route 5 : 1785 767 1695 2767 1737 322 3785 3737 2322 1386 166 3386 2166 1113 3113 811 290 3695 1962 3962 2811 2290
Route 6 : 1831 136 2136 1248 3248 1590 3831 99 2099 1287 3590 1120 1039 3287 3039 855 3120 1462 2855 311 3462 2311
Route 7 : 278 476 1124 2278 2476 3124 172 1204 109 2172 1072 3204 2109 1994 3072 1983 3994 292 3983 573 1655 2573 2292 3655
Route 8 : 1238 722 3238 1895 2722 3895 851 726 2851 194 2726 1873 2194 338 2338 748 3873 2748 1029 77 2077 1331 3331 3029
Route 9 : 623 24 2623 2024 1911 1291 3911 1579 1219 3291 1687 49 3219 3687 1045 1890 3045 3890 108 690 3579 2049 2108 2690
Route 10 : 1845 437 3845 2437 1207 1361 540 3361 1961 3207 1742 3961 3742 2540 317 1810 913 3810 1088 1247 3088 2317 3247 2913
Route 11 : 750 788 300 2300 1185 3185 2750 2788 1168 1339 494 3339 2494 3168 497 1795 1223 3223 3795 179 2497 2179
Route 12 : 1768 48 799 3768 2048 2799 948 285 2948 2285 1509 1141 3509 3141 315 1701 2315 608 929 2608 1368 3368 3701 2929
Route 13 : 752 2752 717 282 2717 2282 1891 255 1443 3443 3891 1937 1322 2255 3937 1922 1787 384 2384 3787 1516 3322 3922 3516
Route 14 : 1095 378 1364 3364 865 3095 2378 1054 2865 762 401 3054 2762 818 2401 1466 3466 2818 544 2544 1007 909 2909 3007
Route 15 : 1240 1681 3240 3681 368 280 2280 1700 1417 3417 1715 53 3700 2053 798 3715 2368 1444 2798 260 1343 3444 3343 2260
Route 16 : 1220 664 3220 1382 2664 1414 3382 1874 1677 3414 3874 3677 1880 1049 3049 1186 3880 765 3186 771 307 2765 2307 2771
Route 17 : 199 943 2943 1603 3603 1353 2199 3353 1306 1980 3306 8 3980 2008 957 1543 1970 3970 2957 1642 3543 3642
Route 18 : 1956 3956 163 581 1119 2163 1290 3290 2581 3119 702 1892 1900 2702 269 3900 2269 527 1792 3892 1569 3569 2527 3792
Route 19 : 1387 1650 3650 621 3387 1585 2621 1081 1605 3605 3081 267 2267 205 842 1617 3585 3617 2842 617 2205 939 2939 2617
Route 20 : 1317 1832 3317 98 2098 1017 3832 314 1799 2314 3017 210 244 2244 2210 3799 825 2825 1425 3425
Route 21 : 1118 539 3118 2539 361 2361 1552 1689 3552 3689 1819 1723 3723 520 2520 291 993 420 3819 2291 2993 1599 2420 3599
Route 22 : 207 475 1358 393 2207 1400 3400 3358 2393 1756 3756 619 1310 3310 2619 813 879 2813 1067 3067 71 2879 2071 2475
Route 23 : 1955 1336 3955 877 2877 1540 3540 1477 3477 3336 1390 481 3390 2481 1758 1786 3786 3758 1437 3437 29 1164 2029 3164
Route 24 : 1101 150 1383 2150 1841 3101 3383 849 2849 1775 3841 1021 3775 382 3021 1930 3930 709 2382 216 2709 2216
Route 25 : 412 895 2895 1826 1610 3826 2412 3610 1296 597 3296 2597 1843 1866 3843 3866 1774 310 525 2310 3774 2525
Route 26 : 794 2794 1346 632 2632 1702 3346 1882 3702 507 3882 661 134 2661 1538 2507 3538 2134 715 1479 3479 2715 1556 3556
Route 27 : 848 810 2848 417 822 1381 2822 3381 2810 1754 2417 1090 3090 1451 306 3754 1340 2306 1328 3451 3340 30 3328 2030
Route 28 : 860 908 907 2907 2860 1524 2908 1589 78 1129 3524 1308 2078 3589 3129 3308 675 1985 496 3985 2675 2496
Route 29 : 1932 3932 979 1376 3376 1574 2979 3574 503 1441 117 2503 3441 2117 1449 1069 1769 3449 84 257 2257 3069 3769 2084
Route 30 : 73 355 1545 2073 2355 3545 924 1517 3517 2924 145 2145 1546 1064 3546 1972 3064 755 676 3972 2755 2676 1560 3560
Route 31 : 742 782 188 2742 2188 501 1489 3489 1759 3759 2782 2501 68 1016 779 2068 3016 1200 1073 2779 1776 3776 3073 3200
Route 32 : 871 1991 530 3991 374 2530 2871 1835 2374 1949 3949 240 1122 1458 3835 2240 3122 491 2491 3458 351 1520 2351 3520
Route 33 : 1107 1705 3705 1827 1753 3107 3753 3827 567 147 2567 1583 1112 2147 1456 3456 3112 319 3583 82 2082 1666 2319 3666
Route 34 : 217 2217 371 2371 1915 1267 1199 3199 1323 3323 1834 3267 3915 1954 3954 1402 3834 1839 3839 1604 3402 3604
Route 35 : 1440 835 2835 1640 3440 1241 1691 3640 3241 3691 1993 3993 1902 6 1879 2006 3879 3902 1542 1853 3853 3542
Route 36 : 1547 3547 270 1412 2270 1913 953 660 2953 2660 3412 3913 1372 3372 271 2271 1803 211 2211 672 2672 3803
Route 37 : 1507 483 3507 2483 1445 356 2356 3445 495 933 2495 1068 2933 1797 419 3797 3068 673 2419 2673 330 2330
Route 38 : 237 1050 110 2237 1422 3422 2110 3050 980 1312 2980 918 2918 713 3312 1876 2713 1102 3876 1521 1498 3102 3498 3521
Route 39 : 1398 900 1362 3398 1856 2900 3856 3362 761 1137 595 2761 2595 1773 3137 1161 3773 3161 392 1031 2392 1167 3031 3167
Route 40 : 1781 911 2911 1575 3781 591 158 2591 566 3575 2566 712 2158 2712 532 1719 1096 3096 1146 3719 2532 3146
Route 41 : 681 4 1973 2004 2681 3973 1086 1393 3086 350 2350 103 2103 3393 428 1514 724 3514 2428 2724
Route 42 : 472 2472 1205 1907 3205 226 3907 408 743 2226 2743 1522 1136 3522 2408 3136 522 2522 1076 1805 3076 517 3805 2517
Route 43 : 1830 487 3830 1977 3977 803 2487 2803 1950 1011 3950 553 482 3011 2553 1278 2482 1673 3278 3673 1058 1936 3058 3936
Route 44 : 703 1867 3867 1001 1239 1696 2703 3001 3696 3239 1114 1170 1658 3114 1492 3658 3170 1821 3492 11 3821 7 2007 2011
Route 45 : 193 995 2193 1226 328 2995 3226 2328 248 542 1015 3015 2248 2542 504 138 2504 2138 706 2706 1864 1038 3038 3864
Route 46 : 1639 3639 844 1927 609 2844 545 612 2609 781 3927 1053 2781 2545 2612 415 1140 2415 1997 3053 3997 3140
Route 47 : 198 1798 1881 3798 2198 552 3881 1415 3415 90 513 2513 1099 2552 3099 831 2831 547 2090 2547 424 2424
Route 48 : 505 983 1948 2505 1698 2983 1611 3948 1394 1912 3611 3394 3912 1865 3698 1869 3865 1030 780 3869 572 3030 2780 2572
Route 49 : 1531 45 2045 1551 3551 931 2931 1227 258 446 3227 2446 3531 1986 2258 1262 3262 3986 54 1305 1648 3648 2054 3305
Route 50 : 729 1349 1299 1307 2729 107 3299 32 3349 2107 3307 887 2032 2887 5 159 2005 2159 1419 191 2191 935 3419 2935
Route 51 : 1929 3929 808 1716 568 2808 1529 3716 2568 795 2795 3529 839 164 1784 2839 176 3784 2164 2176 1712 3712
Route 52 : 1838 695 2695 1047 3838 222 1859 3047 2222 3859 1409 629 3409 165 2165 1442 2629 937 2937 1359 3359 3442
Route 53 : 402 2402 509 327 1042 790 2790 3042 563 2509 2563 404 2327 2404 1077 1651 3077 3651 502 1191 2502 934 3191 2934
Route 54 : 1271 1320 3271 65 783 1898 3320 2783 3898 1297 2065 1448 610 3297 1404 2610 3448 3404 464 2464 218 738 1852 3852 2218 2738
Route 55 : 1966 1059 3059 1840 1371 3966 867 1960 1652 2867 3840 3371 3960 607 3652 2607 1680 1627 3627 1822 493 3680 2493 3822
Route 56 : 1925 3925 470 700 2470 1413 2700 804 2804 115 3413 1216 1482 3482 3216 2115 1704 731 1074 2731 3074 3704
Route 57 : 667 647 2667 1596 2647 1295 3596 79 1483 3295 1557 3483 2079 3557 686 434 335 2335 2434 363 1208 2363 2686 3208
Route 58 : 1377 3377 70 386 2070 2386 1024 3024 1887 1062 3062 921 3887 318 2921 1228 523 2318 3228 1791 2523 3791
Route 59 : 1397 427 3397 524 2524 2427 39 1783 2039 624 2624 3783 1807 1536 3807 187 3536 2187
Route 60 : 1315 1861 3861 177 1694 3315 2177 3694 606 1875 2606 3875 1142 1224 1206 3142 157 3206 3224 2157 1245 113 2113 3245
Route 61 : 247 1485 2247 956 3485 1771 2956 3771 22 947 1678 2022 2947 3678 488 200 2200 2488 192 1093 214 2214 2192 3093
Route 62 : 1916 744 395 2744 3916 139 2395 1676 2139 1800 3676 1746 3746 56 3800 2056 387 1763 3763 2387
Route 63 : 367 202 571 2367 2202 2571 1407 1128 3407 1158 3158 1586 3128 1034 206 3586 3034 2206 1210 575 834 2575 3210 2834
Route 64 : 1764 3764 1995 1505 3995 447 3505 2447 1300 1495 3300 3495 526 2526 1777 679 1515 3777 2679 3515
Route 65 : 784 1971 1231 2784 490 3231 1713 2490 3971 3713 626 1544 1473 2626 3544 511 31 3473 449 2511 1132 2031 2449 3132
Route 66 : 1685 1472 727 2727 1502 3685 3472 1872 281 3872 2281 3502 1375 87 3375 971 1641 2971 2087 708 3641 2708
Route 67 : 882 543 1871 561 2882 1692 3871 3692 2543 1153 2561 3153 1767 1813 3767 3813 430 2430
Route 68 : 323 58 1523 3523 1663 2058 1553 2323 141 3663 1519 3519 3553 2141 1281 3281 1145 1508 3145 1761 631 3508 3761 2631
Route 69 : 1302 1593 3593 3302 1722 1347 1274 3274 1277 3277 3347 862 3722 1573 2862 1188 3188 985 3573 1731 917 3731 2917 2985
Route 70 : 407 1976 2407 3976 1187 3187 1100 308 2308 1177 3100 3177 841 74 949 2949 2074 890 2841 645 2890 2645
Route 71 : 1740 1036 3740 1373 451 3373 3036 988 514 2988 2514 1046 746 2746 2451 1459 961 213 3046 2961 3459 1855 2213 3855
Route 72 : 34 1080 3080 126 2034 1131 391 2126 2391 296 1616 3131 2296 1920 1747 3920 3616 1094 910 1649 3747 3649 3094 2910
Route 73 : 856 2856 585 587 161 2587 1037 2585 870 1174 2161 453 1672 3672 3174 707 1842 2870 2707 2453 3842 3037
Route 74 : 812 414 2414 1904 3904 2812 57 874 2057 462 2462 1518 3518 2874 1728 1670 1946 580 3728 1945 3670 3945 3946 2580
Route 75 : 1846 1235 1561 3846 1345 3561 1193 3345 3235 548 3193 915 2915 1469 2548 768 2768 3469 286 2286 334 1833 2334 3833
Route 76 : 1868 1304 550 747 2550 3868 3304 1357 1406 3406 2747 1503 3503 3357 375 653 2653 431 2375 940 1938 2940 3938 2431
Route 77 : 704 2704 1828 1889 3889 3828 357 800 2357 2800 873 1455 236 594 2873 959 2959 2594 3455 2236
Route 78 : 698 1237 2698 1150 694 916 2694 3150 3237 2916 95 442 190 484 2095 881 2442 824 2484 1023 2824 3023 2881 2190
Route 79 : 1175 1710 1282 3175 1562 3562 3710 3282 1504 1147 976 3504 3147 2976 480 2480 616 1234 184 2184 2616 3234
Route 80 : 10 23 452 2452 2010 241 2023 793 2793 1478 1040 2241 3478 1559 3040 38 1111 3559 521 3111 2521 2038
Route 81 : 234 951 1528 2234 716 2951 360 2360 2716 3528 1820 1824 3820 1896 3824 884 965 2884 3896 2965
Route 82 : 52 1259 3259 646 2052 1661 2646 1725 3661 1429 19 2019 3725 912 3429 2912
Route 83 : 1808 89 3808 531 1537 2531 2089 112 3537 3 2112 2003 421 2421 1998 688 72 2688 3998 2072
Route 84 : 461 1258 1497 3497 928 3258 2461 2928 1571 3571 1568 678 3568 2678 697 558 2697 353 2558 2353 853 1730 2853 3730
Route 85 : 1070 1172 1818 321 3818 2321 3172 3070 807 1683 1098 3683 2807 3098 212 1935 1760 3935 171 3760 2212 2171
Route 86 : 499 2499 1629 3629 806 1283 3283 2806 1063 21 3063 196 2196 121 2121 2021 362 339 2362 574 2574 1796 2339 3796
Route 87 : 906 253 2253 1260 3260 230 2906 2230 1851 174 3851 1337 2174 699 3337 2699 80 2080 178 1765 432 2432 2178 3765
Route 88 : 1314 859 770 3314 1647 3647 2859 1608 1757 2770 204 96 2096 3608 2204 1860 3757 64 2064 3860
Route 89 : 1729 233 719 2233 1951 3729 919 2719 2919 3951 1496 3496 1341 3341 603 1461 1022 3022 2603 3461 642 2642 1490 3490
Route 90 : 902 1127 1924 3924 1269 473 2902 3127 3269 986 2473 127 2986 764 2127 1654 3654 1463 2764 3463
Route 91 : 1721 802 2802 3721 692 1626 2692 1117 3626 634 815 469 2815 3117 2469 1103 966 1566 2966 3103 474 2634 2474 3566
Route 92 : 1154 1732 1126 955 3126 3732 2955 42 3154 696 142 2042 701 2696 1975 2142 648 3975 457 2701 2457 2648
Route 93 : 1288 945 886 2886 3288 816 2945 51 2051 170 625 2816 2625 2170 1211 3211 852 773 817 2773 2817 1000 3000 2852
Route 94 : 1662 1931 119 3931 1280 3280 2119 663 728 1254 3662 2728 2663 757 2757 3254 1825 3825 450 680 2450 1411 2680 3411
Route 95 : 677 2677 588 1847 403 2403 2588 3847 441 467 1699 3699 2467 1257 1933 2441 3257 3933 1268 652 3268 1157 3157 2652
Route 96 : 1679 3679 1708 208 3708 1720 2208 3720 1044 894 2894 3044 1214 1051 3051 1620 3620 733 3214 435 2435 1635 2733 3635
Route 97 : 75 2075 685 920 2920 181 2685 284 203 2284 2203 821 2821 2181 1222 893 3222 2893 863 1348 2863 1480 3348 3480
Route 98 : 336 1632 3632 1350 3350 2336 396 1384 2396 3384 448 586 2448 2586 228 1630 131 2228 2131 1600 3600 3630
Route 99 : 1794 14 1319 3794 2014 3319 225 1279 2225 1693 3279 3693 930 1420 614 2930 3420 2614 1195 3195 1003 3003
Route 100 : 569 1886 76 2076 684 2684 2569 3886 1275 1789 637 3275 398 2637 845 3789 2845 2398 1506 850 2850 1606 3606 3506
Route 101 : 1253 101 914 2101 1285 3285 3253 2914 1060 297 3060 565 2297 2565 1625 554 152 2554 3625 302 2302 2152
Route 102 : 641 1342 256 3342 2641 2256 657 1133 2657 1338 990 3338 3133 471 2990 1303 3303 288 2471 579 2288 2579
Route 103 : 1709 627 254 3709 1665 2254 536 2627 2536 370 1893 3665 3893 1601 3601 2370 298 2298
Route 104 : 1313 576 9 2009 1457 2576 3313 1743 3457 888 2888 3743 753 2753 777 1487 3487 94 2094 2777 1264 3264
Route 105 : 81 1424 1633 3424 1885 3885 987 2081 3633 1897 3897 97 1083 3083 2097 2987 1901 601 500 2500 3901 1135 2601 3135
Route 106 : 1550 3550 154 671 1301 2671 2154 994 923 2994 3301 932 2923 643 2932 326 1410 2643 2326 721 2721 3410 83 2083
Route 107 : 1733 43 1738 3733 1899 1041 3738 3041 2043 3899 1512 1888 1078 3078 3888 982 537 2537 344 2982 1230 2344 3512 3230
Route 108 : 977 1974 1809 2977 169 2169 3974 3809 584 124 1396 2124 2584 720 3396 2720 1250 3250 669 123 2669 2123 1212 3212
Route 109 : 1624 710 3624 1736 3736 833 2710 116 2833 775 2116 2775 16 996 2996 2016 1043 1707 3043 1019 3707 3019
Route 110 : 44 92 429 2092 251 1752 2044 102 3752 2429 2251 1532 125 3532 899 2899 243 266 2266 2125 2243 2102
Route 111 : 797 2797 1572 546 289 3572 2289 974 2974 2546 1780 436 967 444 2967 3780 2444 2436 122 2122 231 2231
Route 112 : 433 346 1134 1242 2346 3134 2433 287 2287 973 3242 273 723 2973 2273 1018 2723 33 3018 711 2033 2711 390 2390
Route 113 : 1370 658 1108 2658 1493 3108 1470 3493 1380 3380 3470 3370 1284 1165 3165 1334 1032 3334 1535 3032 3535 1255 3255 3284
Route 114 : 1002 309 1990 3990 1741 3002 2309 3741 769 459 2459 1061 1246 1162 3061 2769 3246 3162 639 1189 2000 4000 3189 2639
Route 115 : 1156 313 400 1356 3356 1431 2400 111 1225 3156 3431 3225 1584 3584 1790 1439 2313 3790 2111 55 640 3439 2640 2055
Route 116 : 1878 215 3878 2215 1355 682 3355 2682 1982 410 1554 3982 2410 1008 1091 3554 3008 1947 3091 61 2061 3947 736 2736
Route 117 : 1587 312 2312 220 1369 2220 3587 1075 510 2510 1812 3075 3812 740 1836 2740 1391 515 3391 3836 2515 3369
Route 118 : 1423 411 593 2411 2593 774 1197 3423 1446 3446 1125 3197 2774 1910 3125 36 662 3910 2036 2662
Route 119 : 1467 1243 3243 3467 1967 1065 62 3967 1499 3499 2062 826 3065 340 2826 2340 1436 66 1588 2066 3588 3436
Route 120 : 85 650 1326 3326 347 2650 583 2583 2347 944 1717 2085 2944 778 3717 2778 1943 618 1378 2618 3378 3943
Route 121 : 1862 37 1428 1755 3755 1123 3428 3862 735 3123 1115 229 3115 2735 978 2978 1501 506 2229 2037 3501 2506
Route 122 : 1454 146 2146 1963 1176 3454 3963 3176 1109 668 3109 772 2668 175 2772 100 2175 2100 418 1848 2418 1251 3848 3251
Route 123 : 560 2560 12 1430 1292 1858 3430 3292 1734 1491 3858 3734 843 1151 3491 3151 2843 1534 3534 1814 3814 2012
Route 124 : 1139 3139 1510 18 3510 1802 823 2018 320 2823 2320 3802 534 787 2787 2534 1389 1923 1726 3923 3389 3726 359 2359
Route 125 : 1447 69 3447 791 2069 1697 2791 3697 1433 946 2946 1591 3433 1249 426 316 2316 3591 1169 3249 2426 3169
Route 126 : 889 1085 2889 1619 3085 1263 1883 486 2486 3263 3619 3883 1025 858 529 2858 264 3025 2264 2529 1209 883 3209 2883
Route 127 : 633 1659 2633 3659 26 1849 2026 195 3849 2195 538 962 2538 1906 2962 1066 3906 1565 1335 3565 3066 3335
Route 128 : 1182 1592 46 3182 3592 2046 1513 1452 249 2249 3513 1276 3452 857 2857 3276 1996 577 2577 3996 1327 405 3327 2405
Route 129 : 183 2183 1964 1684 3964 1748 512 3748 3684 2512 1481 239 358 3481 2239 958 2358 611 1256 2958 3256 2611
Route 130 : 156 2156 1905 283 1908 3905 478 3908 465 2465 2283 2478 479 2479 63 1914 1674 3674 2063 3914 1989 3989
Route 131 : 1987 1686 3987 1316 1401 3316 3686 644 1434 3401 2644 1577 3434 380 541 3577 2541 2380 1232 1638 3232 3638
Route 132 : 1183 1631 3183 1298 801 2801 3631 1104 3298 1609 1917 3609 3104 498 3917 636 1106 3106 2636 2498 1379 3379
Route 133 : 364 718 1082 2718 2364 485 3082 969 2485 836 2836 458 2969 27 1048 2458 250 2250 861 2027 659 2861 2659 3048
Route 134 : 589 1657 2589 854 2854 903 3657 209 153 2209 2153 385 868 1613 3613 2903 2385 1438 2868 1690 17 2017 3438 3690
Route 135 : 185 570 2570 1919 2185 840 455 2840 3919 1953 3953 1144 805 2455 3144 2805 730 1706 2730 1703 3706 3703
Route 136 : 1173 864 143 2864 819 3173 830 2143 2830 1476 926 1395 2819 3395 1405 3405 2926 599 3476 942 2942 2599
Route 137 : 1218 705 1418 3218 492 3418 2705 439 1727 1978 556 3978 2492 1184 3727 3184 1581 2439 2556 1351 551 2551 3581 3351
Route 138 : 1252 1939 1576 3252 3576 114 3939 691 2691 1289 2114 1958 3289 3958 963 2963 1549 369 745 3549 2745 2369
Route 139 : 785 1148 1388 3148 2785 1010 118 3388 1084 2118 3084 1435 3010 1192 3435 754 3192 1854 3854 2754
Route 140 : 766 413 654 1324 3324 2766 2654 950 2950 333 2413 2333 1293 3293 1392 533 305 2305 3392 262 2533 2262 1779 3779
Route 141 : 1194 1012 628 3194 1014 3014 2628 3012 562 1460 2562 828 1850 1009 3850 1598 2828 460 3009 2460 1714 3598 3714 3460
Route 142 : 1688 1564 3564 3688 559 655 1957 2655 3957 649 2559 2649 223 1612 456 3612 2456 2223
Route 143 : 373 1645 1344 2373 3344 1266 1778 3778 674 2674 3266 1563 3645 519 1511 3511 294 2519 3563 1682 463 3682 2294 2463
Route 144 : 332 324 1634 2324 2332 3634 1121 897 2897 1816 454 3121 3816 1578 2454 1952 3952 1623 1909 3909 3578 3623
Route 145 : 1667 3667 630 104 235 2104 847 598 2630 2847 2235 2598 1366 1052 3366 1332 160 3052 1179 3332 670 2670 3179 2160
Route 146 : 741 40 1233 3233 2040 518 2741 93 1555 2518 3555 2093 872 1751 3751 2872 221 329 604 2329 2221 2604
Route 147 : 1999 582 1329 3329 3999 245 2582 477 1837 2477 3837 2245 1143 1116 1013 3143 3116 3013 989 1201 3201 2989
Route 148 : 1453 132 3453 1229 2132 3229 232 2232 383 1026 1711 3711 2383 120 880 2120 3026 1004 2880 489 168 3004 2168 2489
Route 149 : 1311 331 984 3311 2331 2984 1006 3006 416 952 2416 129 1365 3365 2952 1427 3427 2129
Route 150 : 732 1959 820 2820 2732 3959 992 1829 1968 3968 1450 2992 3450 3829 173 1940 3940 135 2173 2135 275 2275
Route 151 : 1270 388 3270 1884 875 3884 2388 1644 1801 2875 3801 590 2590 3644 651 1870 2651 656 1421 3870 2656 3421 1374 3374
Route 152 : 1333 620 274 3333 1426 2620 3426 2274 876 2876 1468 3468 1236 991 2991 106 3236 714 2714 2106
Route 153 : 600 1782 1903 756 3903 3782 2600 622 941 2941 2756 1646 3646 1474 1330 1465 3330 683 2622 1244 3465 2683 3244 3474
Route 154 : 635 1294 1944 3944 3294 1471 2635 1403 3471 1981 3403 1416 3981 399 3416 2399 261 1618 1770 3618 3770 2261
Route 155 : 1138 1166 1857 3138 3166 1539 3857 776 15 3539 2776 737 1500 613 2015 2613 2737 1354 1527 3500 3354 3527
Route 156 : 372 295 2295 2372 35 1988 2035 155 3988 189 2155 555 2189 2555 1570 293 3570 1965 2293 1408 3408 3965
Route 157 : 1548 128 3548 2128 67 829 2829 1110 3110 2067 252 272 2252 2272
Route 158 : 1877 197 837 2197 2837 896 3877 2896 936 1033 1823 3823 1057 3033 3057 2936 301 1475 1621 2301 3621 1105 3105 3475
Route 159 : 1745 1221 3745 299 1079 3221 1788 3079 1804 2299 3788 406 904 3804 2406 1020 2904 425 3020 1660 3660 1092 3092 2425
Route 160 : 1213 1614 3213 1671 50 3614 1637 3671 3637 186 2186 1273 3273 535 901 2050 564 2564 2901 397 2397 2535 423 2423
Route 161 : 1309 3309 516 60 2516 557 927 2557 2060 2927 763 1772 304 2763 1567 3772 885 3567 2304 2885
Route 162 : 167 1035 2167 3035 981 1160 2981 1793 3160 1215 3793 348 3215 180 2348 1005 3005 377 2377 409 2180 1 2409 2001
Route 163 : 265 898 1582 2265 2898 1027 3582 3027 666 41 2666 972 2972 276 2276 968 2041 1198 2968 162 422 2162 2422 3198
Route 164 : 1992 342 1488 2342 3992 1318 3488 1622 3318 3622 1863 1385 1171 3385 105 2105 3171 3863 1261 749 2749 3261
Route 165 : 1636 665 1602 151 2665 997 3602 1321 3636 2997 1580 3580 602 2151 3321 2602 1217 1735 3217 3735 1718 3718
Route 166 : 1595 341 2341 1724 3595 3724 866 1265 3265 1486 2866 3486 20 2020 1028 224 970 3028 2970 832 2224 2832
Route 167 : 219 2219 1087 389 2389 1181 3087 343 3181 954 2954 2343 1921 1615 352 2352 869 2869 3615 3921
Route 168 : 792 394 2792 596 1464 2394 1815 2596 3464 3815 1607 86 2086 88 337 2337 2088 3607 1180 365 508 2508 3180 2365
Route 169 : 739 201 878 2878 605 1656 2739 3656 2201 2605 592 725 263 2592 2725 1969 2263 91 1628 2091 3628 3969
Route 170 : 1352 445 2445 960 2960 687 2687 3352 1594 1739 3594 1097 1163 440 3097 1203 381 3203 2381 3739 133 3163 2133 2440
Route 171 : 376 1089 1432 3432 2376 1762 3089 1653 1811 3811 3762 1668 3653 3668 259 227 1750 2227 2259 528 1766 2528 3750 3766
Route 172 : 838 549 1152 2838 1149 2549 3152 242 3149 1202 2242 325 2325 130 2130 3202 758 1484 809 2809 2758 3484
Route 173 : 28 2028 1806 846 2846 13 3806 2013 349 814 1530 2349 2814 3530 998 2998 925 1178 366 2925 2366 140 3178 2140
Route 174 : 443 892 2443 891 2892 1533 734 2734 354 2891 638 3533 827 2638 1325 2827 2354 999 2999 345 3325 1130 3130 2345
Route 175 : 1196 1664 3664 3196 59 1360 2059 1669 3360 1817 751 3669 2751 3817 1286 1056 1979 975 3979 3056 2975 3286
Route 176 : 1558 615 3558 182 268 2182 2268 1272 1494 3272 303 3494 1941 2303 279 3941 466 2279 693 2693 2615 2466 1526 3526
