Instance name : ber-n2500-3
Authors : Simen T. Vadseth, Henrik Andersson, Jean-Francois Cordeau and Magnus Stålhane
Date : 24.06.2023
Reference : TBA
Solution
Route	1 :  332 733 1582 236 489 1983 1486 1739 661 1911
Route	2 :  73 743 189 1109 1993 2359 1439 1323
Route	3 :  582 199 1449 1832 536 492 1786 1742 49 1241 2491 1299
Route	4 :  29 934 1114 2184 892 389 1279 1639 2142 2364
Route	5 :  469 637 1887 1719 364 232 1482 1104 2354 1614
Route	6 :  293 1543 1137 769 2387 428 2019 1678 648 1898
Route	7 :  880 80 2130 1330 615 670 1920 1865 879 2129
Route	8 :  642 1892 260 752 1510 2002 1197 2447 628 1878
Route	9 :  494 1744 512 1225 2475 818 2068 1040 1762 2290
Route	10 :  1206 37 2456 68 1287 1318 589 1167 1839 2417
Route	11 :  641 1891 137 351 1601 649 508 698 1387 1948 1758 1899
Route	12 :  1069 974 1210 2460 833 2319 2224 2083
Route	13 :  1034 806 2056 2284 687 354 975 1937 2225 999 1604 2249
Route	14 :  283 1533 1075 215 1084 2325 2334 1465
Route	15 :  1033 2283 188 349 1599 136 1386 1438 72 1322
Route	16 :  548 308 53 1558 1303 1798 763 2013 821 2071
Route	17 :  1238 767 181 2488 1431 410 2017 1660 246 1496
Route	18 :  977 2227 57 867 630 574 1307 2117 1880 1824
Route	19 :  224 594 1844 1077 1474 2327 418 1668
Route	20 :  828 982 90 2078 316 2232 1340 264 1514 1566
Route	21 :  622 1180 1872 870 1164 2430 247 2120 2414 814 2064 1497
Route	22 :  497 162 1747 583 1412 483 164 1833 1414 1733
Route	23 :  1170 2420 346 981 1596 65 1315 2231
Route	24 :  111 540 1011 1361 1790 160 2261 772 1410 2022
Route	25 :  1201 856 1092 2342 537 1140 2451 2106 2390 1787 675 1925
Route	26 :  475 1725 282 1161 2411 1532 542 834 2084 1792
Route	27 :  877 800 2127 889 1048 2050 1242 2298 2492 535 1785 2139
Route	28 :  263 1513 1233 481 1731 135 2483 1385 992 2242
Route	29 :  22 1272 413 985 400 1650 1663 2235
Route	30 :  793 558 1036 741 1808 695 2286 2043 1991 1945
Route	31 :  1090 235 2340 1485 593 923 2173 920 1843 2170
Route	32 :  424 857 1674 390 2107 1640 238 993 1488 2243
Route	33 :  208 1016 1458 324 530 2266 1574 1780 526 1776
Route	34 :  711 901 157 2151 1961 1407 690 1940
Route	35 :  289 479 1539 669 1729 1216 1919 2466
Route	36 :  122 1372 450 894 1700 249 233 1483 1499 2144
Route	37 :  370 706 1956 564 1246 1814 1620 643 2496 1893
Route	38 :  124 241 1374 1491 836 1222 679 2086 2472 1929
Route	39 :  43 1293 1156 886 2136 2406 182 325 1432 1575
Route	40 :  701 925 1951 391 1052 2175 2302 1641 960 2210
Route	41 :  36 1051 1286 2301 221 25 1471 1275 942 598 2192 1848
Route	42 :  1124 2374 303 312 1553 172 1562 773 1422 2023
Route	43 :  109 653 927 1168 1903 2418 2177 1359
Route	44 :  931 2181 340 190 1440 399 362 1649 1590 595 1612 1845
Route	45 :  313 115 1365 605 1142 2392 1563 1119 1855 2369
Route	46 :  684 223 1934 1473 1002 21 2252 1271
Route	47 :  163 1154 1413 995 532 2404 2245 1782
Route	48 :  728 921 685 1978 2171 1935 1163 18 2413 1268
Route	49 :  525 1236 1775 350 1600 2486 625 214 1875 1464
Route	50 :  770 105 2020 585 1835 644 647 1897 1355 1894
Route	51 :  267 1024 1517 845 2274 938 2095 1224 2188 2474
Route	52 :  680 1930 1125 2375 254 1504 141 958 2208 1391
Route	53 :  186 1243 1093 2493 1436 252 2343 1502 167 1417
Route	54 :  968 2218 1068 432 1682 441 2318 1691 342 1592
Route	55 :  11 17 1267 1261 1096 2346 678 455 1705 1928
Route	56 :  816 842 611 1113 2092 2066 1861 2363 692 1942 660 1910
Route	57 :  943 2193 1064 860 2314 240 300 2110 1490 1550
Route	58 :  329 228 1579 330 1122 1053 1478 1580 2303 2372
Route	59 :  218 788 2038 1468 1158 373 2408 1623 868 2118
Route	60 :  103 1067 298 1353 705 2317 1548 374 1624 1955
Route	61 :  935 108 1358 472 1722 2185 9 956 1259 2206
Route	62 :  372 154 1622 464 210 1714 1223 1460 1404 2473
Route	63 :  131 1381 270 448 1520 1698 888 205 1455 2138
Route	64 :  1043 955 490 2293 2205 113 1740 1363
Route	65 :  961 1126 2211 193 1443 1151 2376 1088 2401 2338 1214 2464
Route	66 :  869 1221 862 2119 310 1560 2112 2471 565 1815
Route	67 :  438 794 14 2044 1264 1688 624 434 1874 1684
Route	68 :  146 1248 730 2498 1396 1046 436 1980 2296 1686
Route	69 :  1185 2435 104 91 1341 1354 791 1094 2344 2041
Route	70 :  465 1150 2400 515 1715 1765 420 35 1285 1670
Route	71 :  1045 1145 1177 2295 496 2427 2395 1005 2255 1746
Route	72 :  627 1877 33 1108 2358 603 1283 1853 1014 2264
Route	73 :  1032 906 1118 28 2368 1278 2156 2282
Route	74 :  1023 1130 2273 563 2380 1172 2422 1813 990 2240
Route	75 :  259 294 1509 1078 1544 936 609 2328 2186 297 1859 1547
Route	76 :  194 145 1395 546 1171 1796 2421 1444
Route	77 :  453 569 1819 710 23 1047 1273 1703 2297 1960
Route	78 :  764 1082 672 1115 2332 2014 2365 1922 798 2048
Route	79 :  902 887 2152 953 1107 2357 2137 1205 2203 2455
Route	80 :  2 1025 61 1252 782 2275 1311 168 2032 1418
Route	81 :  425 1675 15 1110 281 1265 2360 452 1531 1055 2305 1702
Route	82 :  1166 152 746 1209 2416 1127 1402 411 2377 1996 2459 1661
Route	83 :  174 568 1229 244 1818 1494 1424 2479 1218 2468 531 1781
Route	84 :  198 60 1240 1310 165 2490 872 1448 1415 2122
Route	85 :  1117 2367 514 344 674 1764 1594 1924 1080 2330
Route	86 :  751 2001 734 1984 431 926 2176 802 1681 2052
Route	87 :  180 256 242 1430 211 1506 1492 1461 1070 2320 379 1629
Route	88 :  668 1918 58 1308 1132 495 2382 1745 744 1994
Route	89 :  646 185 629 1879 633 1896 1435 1883 792 2042
Route	90 :  222 48 1298 1098 1472 941 2348 84 2191 1334
Route	91 :  149 808 336 2058 1399 1586 430 473 1680 1723
Route	92 :  667 442 366 1616 967 1692 1917 2217 1079 2329
Route	93 :  553 1072 1803 753 2322 121 2003 1371
Route	94 :  1249 392 2499 129 907 1642 689 1939 2157 1379
Route	95 :  754 820 2004 1190 2070 656 567 1906 2440 474 1817 1724
Route	96 :  470 1139 491 1741 1720 2389 717 200 1967 1450
Route	97 :  803 1165 1183 2415 2053 2433 989 1155 2239 1157 2405 2407
Route	98 :  275 7 1257 775 1525 1065 2025 255 2315 1505
Route	99 :  681 813 20 2063 1931 207 1270 229 1457 1479
Route	100 :  403 781 1653 2031 1059 2309 1049 780 774 2030 2299 2024
Route	101 :  771 904 844 2021 2094 715 2154 1965 519 1769
Route	102 :  861 44 2111 500 1750 1097 1294 2347 1030 2280
Route	103 :  608 1858 623 1873 360 1037 1610 729 1979 2287
Route	104 :  77 502 10 1327 1752 1260 1027 292 2277 1542
Route	105 :  173 893 619 2143 1869 1200 1423 2450
Route	106 :  245 1495 768 809 2018 1015 2059 2265 288 1538
Route	107 :  94 929 277 2179 520 1770 1344 1527
Route	108 :  27 986 2236 1101 85 1277 2351 1009 2259 1335
Route	109 :  213 1062 2312 827 1463 1042 1038 2292 2288 2077
Route	110 :  305 202 1555 1452 843 1099 2349 2093
Route	111 :  408 1188 444 2438 284 1131 1658 1534 1694 2381
Route	112 :  178 177 1428 658 863 1908 1427 573 1823 620 2113 1870
Route	113 :  367 433 1617 810 1683 790 2060 559 427 1677 2040 1809
Route	114 :  1215 290 2465 355 1001 1540 2251 1605 650 1900
Route	115 :  913 859 2163 148 2109 378 1398 1247 662 2497 1912 1628
Route	116 :  1 1251 203 498 807 1453 2057 1748 899 2149
Route	117 :  850 2100 343 1239 1593 1181 2489 736 1986 2431
Route	118 :  903 2153 873 456 2123 556 1806 1706 1050 2300
Route	119 :  409 1659 1100 83 2350 638 575 1888 1333 1825
Route	120 :  315 506 339 1589 1565 286 1756 1018 1536 2268
Route	121 :  884 334 2134 1091 1584 973 2341 915 93 2223 2165 1343
Route	122 :  92 40 657 1342 1290 1907 485 1178 1735 2428
Route	123 :  801 56 1306 337 1587 123 937 1373 2187 2051
Route	124 :  369 1619 216 1039 30 1466 2289 533 1280 1783
Route	125 :  1026 195 1445 2276 47 176 55 1297 1305 1426
Route	126 :  447 1697 363 1095 2345 451 1003 1613 1701 2253
Route	127 :  67 323 1317 116 1366 1573 1133 513 1763 2383
Route	128 :  1208 815 588 2065 1838 2458 853 645 1895 2103
Route	129 :  429 385 1679 309 1635 994 365 1559 2244 1615
Route	130 :  725 95 1345 1975 460 1232 1044 471 2482 2294 1721 1710
Route	131 :  1085 437 722 2335 776 1972 265 839 1687 2026 1515 2089
Route	132 :  737 1228 2478 1061 393 1987 787 2311 2037 1643
Route	133 :  435 708 1958 1174 1685 838 206 2424 2088 739 1989 1456
Route	134 :  621 849 1152 2402 1871 2099 273 812 1523 2062
Route	135 :  521 231 1771 419 1481 1669
Route	136 :  338 855 1588 107 1136 2105 2386 1191 2441 1357
Route	137 :  632 858 682 933 1932 422 2108 1882 2183 1672
Route	138 :  443 949 1693 529 402 2199 987 1652 2237 1779 1083 2333
Route	139 :  890 341 1591 1212 2462 2140 78 1328
Route	140 :  576 1121 2371 547 1826 864 2114 1797
Route	141 :  237 1487 1235 304 2485 510 1554 1760 969 2219
Route	142 :  209 133 384 1459 261 1383 311 1511 1634 1561
Route	143 :  543 466 1793 1716 1128 852 2378 2102 676 1926
Route	144 :  26 1276 1000 59 1309 285 219 1535 2250 1469
Route	145 :  45 749 1999 578 3 1295 1828 554 1804 1253 584 1834
Route	146 :  832 972 155 2082 1405 1123 2222 1058 2373 2308
Route	147 :  779 545 952 1795 2202 2029 712 1962 785 2035
Route	148 :  197 579 503 1753 101 1447 517 1351 1829 1767
Route	149 :  356 928 1606 549 54 2178 1799 1304 719 1969
Route	150 :  666 347 1916 823 1073 2323 201 1597 2073 1451
Route	151 :  688 1938 750 673 2000 1923 395 1645 1012 2262
Route	152 :  580 1830 234 417 984 1484 2234 948 1667 2198
Route	153 :  634 454 1704 699 551 1949 1884 1801 220 1470
Route	154 :  279 1529 817 962 835 2067 2212 446 1696 2085
Route	155 :  783 2033 1245 509 2495 170 1759 243 723 1493 1420 1973
Route	156 :  383 1633 117 272 1522 795 335 2045 1585 1367
Route	157 :  854 654 2104 1904 486 187 1736 63 1313 1437
Route	158 :  1054 2304 1199 2449 179 1429 538 640 1788 1890 1060 2310
Route	159 :  278 1010 2260 522 387 1772 1637 1528
Route	160 :  1194 527 2444 1777 42 848 1211 1292 2461 2098
Route	161 :  226 1476 414 161 896 1411 2146 1664 462 1712
Route	162 :  610 1860 1173 939 2423 1102 2189 1204 2454 2352
Route	163 :  571 16 1821 1266 87 394 1337 1081 591 1841 1644 2331
Route	164 :  134 727 1384 552 1977 1802 1105 358 2355 1608
Route	165 :  39 1289 1074 671 1921 713 327 2324 1963 1577
Route	166 :  742 171 1992 596 1421 796 912 2162 1846 2046
Route	167 :  1160 2410 829 1244 2079 1143 2393 227 2494 1477
Route	168 :  561 274 1106 677 1524 1811 2356 1927 32 1282
Route	169 :  652 1902 407 1657 110 932 1360 2182 280 1530
Route	170 :  1112 1175 1226 2362 2476 2425 1219 2469 696 1946
Route	171 :  587 1837 1029 381 1202 1631 2279 192 1442 2452
Route	172 :  119 1207 1369 826 2076 914 612 2457 2164 1862
Route	173 :  703 709 1186 1953 2436 1959 258 458 1508 1708
Route	174 :  445 125 368 1375 1618 572 1695 1822 404 1654
Route	175 :  449 1146 784 2396 970 2034 1699 239 1489 2220
Route	176 :  488 930 891 2141 76 555 2180 1326 1805 1738
Route	177 :  1006 377 2256 846 295 158 1627 1408 2096 811 1545 2061
Route	178 :  756 2006 75 507 268 50 1325 1518 1300 1757
Route	179 :  518 1768 900 597 1847 345 2150 1595
Route	180 :  1148 69 2398 1319 140 1213 147 2463 1397 1390
Route	181 :  459 747 1709 1182 251 1501 2432 1997 287 1537
Route	182 :  13 664 825 1914 1022 2075 1263 1031 487 2272 2281 1737
Route	183 :  493 380 898 1743 1630 988 2148 480 1730 2238
Route	184 :  600 1850 1111 732 120 1370 693 2361 1943 1982 954 2204
Route	185 :  1066 2316 371 504 918 2168 46 1296 1621 1754
Route	186 :  102 1352 1028 851 1076 2326 2278 946 2101 2196 269 1519
Route	187 :  905 2155 318 516 248 1498 1568 24 1766 1274
Route	188 :  740 1990 720 230 1480 840 1970 871 2121 2090
Route	189 :  98 1348 959 1086 562 2209 1227 2477 2336 1812
Route	190 :  1189 2439 966 2216 405 4 686 1655 1254 1936
Route	191 :  1063 143 2313 296 1393 386 1546 1057 2307 748 1636 1998
Route	192 :  804 922 41 1021 2271 1291 2054 2172 1056 2306
Route	193 :  328 917 963 1578 321 1571 2213 2167 557 1807
Route	194 :  1017 5 1255 2267 659 89 683 1909 1339 1933
Route	195 :  911 2161 1184 976 2434 2226 997 2247 714 1964
Route	196 :  991 19 2241 1269 724 1974
Route	197 :  1237 534 1784 175 2487 875 421 1425 1071 2125 1671 2321
Route	198 :  909 895 2159 979 361 1159 2145 1611 2229 2409
Route	199 :  52 694 484 1302 1944 1734 416 1666 1192 2442
Route	200 :  830 1087 2080 2337 592 965 1842 2215
Route	201 :  81 317 1331 577 1827 86 614 1567 1336 1864
Route	202 :  570 1820 467 831 1717 2081 1203 626 2453 1876
Route	203 :  79 1329 1187 144 697 1947 1394 581 2437 1831
Route	204 :  477 1727 613 250 950 1176 2200 1863 1500 2426
Route	205 :  745 1995 1141 2391 398 566 1816 12 805 1262 1648 2055
Route	206 :  1179 945 2429 599 2195 940 2190 112 1849 1362
Route	207 :  944 2194 314 1564 142 777 151 1401 1392 2027
Route	208 :  457 114 97 1707 100 1350 1364 183 1347 276 1433 1526
Route	209 :  322 544 1572 64 897 1314 388 2147 1794 1638
Route	210 :  665 348 1598 716 1966 8 1915 1258 998 2248
Route	211 :  841 1198 2448 876 2091 2126 1089 412 2339 607 1857 1662
Route	212 :  1162 586 2412 70 1836 191 1320 1129 1441 2379
Route	213 :  150 1220 824 1153 655 1905 2403 2074 2470 691 1941 1400
Route	214 :  951 2201 184 132 1382 602 1138 1852 1434 501 1751 2388
Route	215 :  266 1147 461 1711 1516 636 301 2397 74 1324 1551 1886
Route	216 :  440 980 616 1690 2230 1866 601 1035 1851 2285 721 1971
Route	217 :  302 726 139 1976 1004 1389 2254 882 1552 2132
Route	218 :  1193 978 333 38 2443 1288 2228 1583 319 1569 439 1689
Route	219 :  397 257 1647 478 426 1507 1728 118 1676 1368
Route	220 :  947 1217 2467 307 885 1557 2135 2197 511 1761
Route	221 :  874 359 1609 299 212 2124 382 1549 1462 1632
Route	222 :  1134 2384 539 128 1007 1789 1378 957 2207 2257
Route	223 :  505 96 1755 789 983 2233 2039 1346 353 1603
Route	224 :  964 2214 524 1774 704 326 1576 1954 306 1556
Route	225 :  1013 766 2263 2016 1234 617 1144 2484 2394 1867
Route	226 :  88 1338 631 700 71 760 1881 2010 1321 1950
Route	227 :  1135 2385 996 2246 376 166 66 1626 1416 1316
Route	228 :  1008 2258 51 1230 778 1301 2480 2028 476 865 2115 1726
Route	229 :  528 1778 718 755 130 2005 1968 1103 1380 2353
Route	230 :  883 822 702 1952 2072 2133 1020 924 2270 2174
Route	231 :  262 635 1512 731 1981 758 1885 468 2008 1718
Route	232 :  866 320 1116 2116 2366 331 1570 1581 6 1256
Route	233 :  757 396 1646 799 2007 463 1713 878 2049 2128
Route	234 :  217 106 735 1356 1985 196 1467 271 1446 1521
Route	235 :  31 1281 761 1250 82 2011 2500 910 127 2160 1377 1332
Route	236 :  126 1169 604 765 253 1854 2015 1376 2419 1503
Route	237 :  919 352 2169 541 639 1889 1602 138 1791 1388
Route	238 :  606 1856 34 99 1349 1284 916 1196 2166 2446
Route	239 :  651 1901 759 1041 406 1656 2009 2291 1231 2481
Route	240 :  707 1957 550 819 225 1800 1019 1475 2069 169 2269 1419
Route	241 :  153 590 1403 786 2036 1840 415 1149 401 1651 1665 2399
Route	242 :  62 1312 1120 482 1732 357 2370 1607 1195 2445
Route	243 :  159 1409 375 291 156 1406 1625 1541
Route	244 :  847 663 2097 738 1913 908 1988 423 1673 2158
Route	245 :  204 1454 797 523 499 1773 618 971 2047 2221 1749 1868
Route	246 :  762 2012 881 837 2131 560 1810 2087
