Instance name : ber-n1000-6
Authors : Simen T. Vadseth, Henrik Andersson, Jean-Francois Cordeau and Magnus Stålhane
Date : 10.07.2023
Reference : TBA
Solution
Route	1 :  379 879 121 201 621 701
Route	2 :  207 164 206 707 664 706
Route	3 :  365 103 603 865
Route	4 :  363 490 863 84 990 584
Route	5 :  287 138 156 787 638 656 313 813
Route	6 :  345 395 845 895 52 552
Route	7 :  199 443 454 699 943 954
Route	8 :  330 143 830 495 643 995
Route	9 :  275 351 775 851 73 573
Route	10 :  21 302 521 802 306 133 806 633
Route	11 :  442 476 409 942 976 909
Route	12 :  491 28 528 127 991 627
Route	13 :  145 124 624 645 6 97 597 506
Route	14 :  54 450 554 88 950 588
Route	15 :  460 267 960 23 767 523
Route	16 :  477 276 977 371 776 871
Route	17 :  385 202 885 702 246 19 746 519
Route	18 :  327 432 827 39 932 539 464 964
Route	19 :  25 376 75 876 525 575
Route	20 :  263 763 481 405 981 905 414 914
Route	21 :  448 948 285 91 785 591
Route	22 :  261 761 162 218 718 662
Route	23 :  125 242 90 625 742 590
Route	24 :  132 487 471 987 632 971
Route	25 :  247 747 22 522 333 408 833 908
Route	26 :  144 258 644 758 18 27 518 527
Route	27 :  346 457 846 362 957 862
Route	28 :  286 786 176 335 835 676 195 695
Route	29 :  222 67 567 16 722 516
Route	30 :  437 209 937 709 102 602 108 608
Route	31 :  10 265 332 510 832 765 134 634
Route	32 :  197 297 697 112 797 612
Route	33 :  193 693 497 997 203 703
Route	34 :  387 468 887 968 14 459 514 959
Route	35 :  402 159 271 902 294 771 659 794
Route	36 :  406 415 915 85 15 585 906 515
Route	37 :  299 383 20 799 883 520
Route	38 :  118 123 618 623 51 551
Route	39 :  238 147 738 647 438 430 930 938
Route	40 :  174 674 370 248 122 870 748 622
Route	41 :  110 610 451 87 951 204 587 704
Route	42 :  453 953 228 241 741 728
Route	43 :  165 148 665 305 648 805 65 565
Route	44 :  420 270 422 770 922 920
Route	45 :  303 479 979 803 5 505
Route	46 :  391 236 736 891 49 549
Route	47 :  319 181 681 64 564 322 819 822
Route	48 :  324 824 217 62 562 717
Route	49 :  72 572 461 50 321 961 821 550
Route	50 :  178 81 66 581 678 566
Route	51 :  44 264 151 544 764 651
Route	52 :  237 342 842 737 452 952
Route	53 :  293 219 793 719 160 660
Route	54 :  300 469 800 969 499 999
Route	55 :  334 317 834 194 817 366 866 694
Route	56 :  295 795 8 508 254 244 754 744
Route	57 :  7 167 507 189 667 296 689 796
Route	58 :  128 403 628 205 903 705
Route	59 :  13 57 513 557 170 670
Route	60 :  173 673 141 223 723 641
Route	61 :  478 48 364 978 548 864 494 994
Route	62 :  115 292 615 344 792 844
Route	63 :  29 226 427 529 726 927
Route	64 :  80 580 76 301 245 576 801 745
Route	65 :  413 269 357 126 769 626 857 913
Route	66 :  361 861 111 611 79 69 579 569
Route	67 :  462 962 177 130 630 677
Route	68 :  114 45 94 545 614 227 594 727
Route	69 :  171 119 671 24 524 380 619 880
Route	70 :  484 58 428 984 558 928
Route	71 :  11 137 511 637 252 399 752 899
Route	72 :  337 95 837 146 595 646
Route	73 :  372 343 872 843 423 373 873 923
Route	74 :  150 30 500 650 530 40 1000 540
Route	75 :  310 810 316 280 816 780
Route	76 :  492 308 992 808 105 605 434 934
Route	77 :  449 389 949 889 441 941
Route	78 :  472 972 256 463 756 416 963 916
Route	79 :  210 710 368 284 417 868 917 784
Route	80 :  394 154 473 654 33 973 894 533
Route	81 :  172 672 358 429 929 858
Route	82 :  388 86 888 230 586 730
Route	83 :  3 503 104 198 604 698
Route	84 :  70 291 570 315 791 815
Route	85 :  354 309 393 809 854 893
Route	86 :  211 711 2 338 838 502
Route	87 :  249 749 140 466 966 640
Route	88 :  326 83 583 436 131 631 936 826
Route	89 :  113 68 613 401 568 901
Route	90 :  163 375 139 875 663 639
Route	91 :  444 944 12 339 512 839
Route	92 :  470 196 970 282 696 782
Route	93 :  187 323 687 823
Route	94 :  320 820 268 311 239 768 739 811
Route	95 :  243 397 897 743 77 577
Route	96 :  71 184 352 571 684 852
Route	97 :  331 831 386 381 886 496 881 996
Route	98 :  336 63 188 836 563 688
Route	99 :  298 179 679 474 283 798 974 783
Route	100 :  400 900 483 355 98 855 983 598
Route	101 :  433 213 713 933 231 92 731 592
Route	102 :  136 350 850 55 636 555
Route	103 :  356 304 804 250 750 856
Route	104 :  455 955 272 225 772 725
Route	105 :  347 56 556 847 47 467 967 547
Route	106 :  208 59 708 559 169 142 642 669
Route	107 :  349 378 849 878 273 773 116 616
Route	108 :  390 890 465 155 965 655
Route	109 :  117 60 617 560 166 666
Route	110 :  192 692 157 158 658 657
Route	111 :  17 517 288 392 788 892
Route	112 :  53 447 553 407 947 907
Route	113 :  168 135 668 93 635 593
Route	114 :  482 982 235 190 735 690
Route	115 :  367 255 318 755 867 818
Route	116 :  384 257 884 281 757 781
Route	117 :  277 377 777 877 314 814
Route	118 :  360 200 224 724 860 700
Route	119 :  488 988 480 96 980 596
Route	120 :  396 896 353 182 682 853
Route	121 :  458 99 958 101 599 601
Route	122 :  418 120 26 918 620 526
Route	123 :  382 31 531 882 35 109 535 609
Route	124 :  253 289 789 753 259 1 759 501
Route	125 :  329 829 328 36 828 536
Route	126 :  262 215 715 762 439 939
Route	127 :  61 290 561 790
Route	128 :  435 175 100 675 935 600
Route	129 :  348 341 214 848 475 714 975 841
Route	130 :  325 825 212 712 234 734
Route	131 :  424 924 486 82 986 582
Route	132 :  278 778 41 498 998 541
Route	133 :  180 42 542 425 186 925 686 680
Route	134 :  404 904 216 307 716 807
Route	135 :  266 185 766 279 685 779
Route	136 :  412 411 911 912 9 509 431 931
Route	137 :  493 993 4 229 504 729
Route	138 :  485 985 312 340 840 812
Route	139 :  34 274 534 774 161 43 661 543
Route	140 :  421 233 921 733 78 106 578 606
Route	141 :  38 191 538 691 426 926
Route	142 :  446 946 37 240 537 740
Route	143 :  398 440 898 940 445 945
Route	144 :  220 152 720 46 652 546
Route	145 :  374 410 874 910
Route	146 :  89 32 419 919 532 589 153 653
Route	147 :  232 251 732 260 760 751
Route	148 :  183 149 683 221 649 369 721 869
Route	149 :  359 129 629 456 859 956
Route	150 :  489 107 607 74 989 574
