Instance name : ber-n800-4
Authors : Simen T. Vadseth, Henrik Andersson, Jean-Francois Cordeau and Magnus Stålhane
Date : 24.06.2023
Reference : TBA
Solution
Route	1 :  279 215 679 615 177 205 577 605
Route	2 :  267 667 305 378 705 45 445 778
Route	3 :  310 388 208 710 788 608 79 479
Route	4 :  359 201 601 759 343 743
Route	5 :  130 73 530 269 473 669 141 541
Route	6 :  146 546 356 180 244 580 756 644
Route	7 :  281 384 784 681 235 31 431 635
Route	8 :  136 169 536 299 569 699
Route	9 :  322 95 722 389 495 789
Route	10 :  78 329 478 207 55 729 607 455
Route	11 :  156 209 556 340 230 609 740 630
Route	12 :  66 466 285 5 405 685
Route	13 :  258 152 658 552 34 434
Route	14 :  148 100 47 447 500 548 358 758
Route	15 :  16 83 416 18 483 418
Route	16 :  195 93 595 493 282 300 700 682
Route	17 :  119 87 487 103 519 228 503 628
Route	18 :  335 57 735 33 457 433
Route	19 :  69 140 540 227 469 391 627 791
Route	20 :  192 220 620 592
Route	21 :  99 245 162 562 499 645 222 622
Route	22 :  137 196 111 537 511 596
Route	23 :  321 116 721 516 181 241 641 581
Route	24 :  184 158 287 584 687 558
Route	25 :  361 17 51 761 451 417
Route	26 :  366 302 766 198 702 598
Route	27 :  233 252 633 652 337 737
Route	28 :  324 274 243 674 643 724 112 512
Route	29 :  19 56 419 367 456 278 767 678
Route	30 :  311 348 270 711 349 748 670 749
Route	31 :  280 226 626 680 313 713
Route	32 :  397 797 377 98 176 498 777 576
Route	33 :  381 368 781 351 38 768 751 438
Route	34 :  52 336 390 452 736 194 790 594 96 496
Route	35 :  268 668 20 334 352 734 420 752
Route	36 :  294 48 15 694 448 415
Route	37 :  210 610 107 199 599 507
Route	38 :  259 67 289 467 659 689 10 410
Route	39 :  355 94 755 133 163 494 533 563
Route	40 :  165 333 733 565 394 354 794 754
Route	41 :  35 65 9 435 465 131 409 531
Route	42 :  297 54 363 697 763 454 174 574
Route	43 :  316 42 716 286 442 686 92 492
Route	44 :  105 505 265 179 102 665 579 502
Route	45 :  40 37 365 440 206 606 437 189 765 589
Route	46 :  126 307 707 526 106 506 212 612
Route	47 :  312 328 712 58 369 728 769 458
Route	48 :  216 396 616 134 796 534 253 653
Route	49 :  353 323 723 753 41 441
Route	50 :  371 91 491 383 771 283 683 783
Route	51 :  392 153 14 792 414 173 553 573
Route	52 :  382 161 782 561 400 800
Route	53 :  301 271 255 671 701 655 219 619
Route	54 :  121 232 521 296 632 696 339 739
Route	55 :  240 6 185 640 406 585
Route	56 :  346 188 364 764 746 588 375 775
Route	57 :  360 338 738 760 22 4 422 404
Route	58 :  123 129 224 523 529 624
Route	59 :  197 597 261 1 143 661 401 543
Route	60 :  11 142 204 411 604 542 350 750
Route	61 :  155 555 326 3 331 403 726 731
Route	62 :  132 276 676 254 532 122 522 654
Route	63 :  284 247 238 647 684 638
Route	64 :  262 144 662 544 108 23 423 508
Route	65 :  236 149 293 693 636 549 27 398 798 427
Route	66 :  318 190 718 590 13 249 413 649
Route	67 :  170 570 97 218 186 497 618 586
Route	68 :  175 256 656 575 211 611 114 514
Route	69 :  347 747 76 308 476 77 477 708
Route	70 :  309 709 320 374 720 774
Route	71 :  273 113 513 673 370 104 504 770
Route	72 :  49 46 68 449 446 7 468 234 407 634
Route	73 :  12 314 306 412 706 714 160 560
Route	74 :  317 717 379 345 779 30 745 25 430 425
Route	75 :  376 319 719 166 776 251 566 651
Route	76 :  171 357 571 50 450 757
Route	77 :  32 43 432 385 443 164 785 564
Route	78 :  182 81 74 582 28 481 474 428
Route	79 :  21 221 621 421 260 660 248 648
Route	80 :  303 124 703 151 551 524
Route	81 :  159 90 559 372 490 772
Route	82 :  109 70 330 327 470 509 727 730
Route	83 :  193 593 71 263 117 471 663 517
Route	84 :  128 257 291 657 380 691 528 780
Route	85 :  178 295 80 480 695 578 8 408
Route	86 :  292 63 692 202 183 602 463 583
Route	87 :  145 288 688 545 191 591
Route	88 :  213 231 332 631 613 732 275 675
Route	89 :  250 237 61 461 637 59 650 459
Route	90 :  217 139 62 617 539 462
Route	91 :  150 64 550 85 341 464 741 485 395 795
Route	92 :  399 84 484 239 344 799 229 744 639 629
Route	93 :  342 138 538 742 264 664 147 547
Route	94 :  36 393 436 793 223 387 623 787
Route	95 :  2 315 402 127 527 715
Route	96 :  203 72 603 135 472 86 535 486
Route	97 :  88 488 39 225 167 567 439 625
Route	98 :  110 325 24 510 168 424 725 568
Route	99 :  115 101 515 29 429 60 501 460
Route	100 :  89 489 304 120 266 704 666 520
Route	101 :  75 187 82 482 475 587
Route	102 :  157 53 242 453 118 642 518 557
Route	103 :  362 290 762 690 214 614 172 572
Route	104 :  277 125 677 154 525 554 200 600
Route	105 :  44 444 298 246 698 646
Route	106 :  26 386 786 426 373 272 672 773
