Instance name : ber-n2500-5
Authors       : Dmitriy Demin, Mikhail Diakov (msd@veeroute.com), Ivan Ilin, Nikita Ivanov, Viacheslav Sokolov (vs@veeroute.com) et al. VRt Global (https://veeroute.com/)
Date          : 2023-07-09
Reference     : veeroute.com
Solution
Route 1 : 717 1967 1035 988 2285 2238 598 1848
Route 2 : 854 93 1343 557 2104 17 1807 1267 55 1305
Route 3 : 942 2192 209 950 2200 1083 1459 761 2011 2333
Route 4 : 470 1087 1720 932 2182 2337 1127 1215 2465 2377
Route 5 : 443 668 1693 795 232 1918 1482 2045 757 2007
Route 6 : 800 2050 388 1638 792 1100 957 2042 2350 2207
Route 7 : 1210 116 2460 261 298 849 1511 1548 1366 2099
Route 8 : 1150 2400 725 985 2235 1975 684 423 1934 1673
Route 9 : 1204 650 2454 1018 2268 1900 750 2000 1222 2472
Route 10 : 204 1454 563 710 1813 1960 915 503 2165 1753
Route 11 : 582 157 946 1407 1832 527 2196 1212 1777 2462
Route 12 : 233 1483 927 376 2177 114 1364 1626 562 1812
Route 13 : 162 980 402 2230 1652 1412 702 780 2030 1952
Route 14 : 1115 2365 1123 250 1500 327 2373 1577
Route 15 : 730 1137 2387 1980 285 1160 1535 2410 961 2211
Route 16 : 1209 2459 893 131 2143 1049 1381 2299 699 1949
Route 17 : 4 784 1254 1136 2034 1059 2386 552 1802 2309
Route 18 : 241 572 1491 1822 407 86 1657 551 1801 1336
Route 19 : 1203 2453 271 1521 150 1400 510 986 1760 2236
Route 20 : 124 1113 287 1374 1537 568 2363 1818
Route 21 : 1023 2273 851 742 732 2101 1982 1992 958 2208
Route 22 : 682 322 1932 1572 1126 2376 855 101 1351 2105
Route 23 : 1109 425 2359 1675 517 1767 924 879 2174 2129
Route 24 : 111 611 1361 1861 1233 2483 953 2203
Route 25 : 595 1845 420 1670 1007 1229 887 2257 2137 2479
Route 26 : 588 544 1838 441 1794 1691 180 1430
Route 27 : 1042 2292 419 1173 2423 976 1669 164 2226 1414
Route 28 : 216 366 1074 1466 831 1616 2324 1148 2081 2398
Route 29 : 973 2223 1152 2402 1072 386 2322 202 1636 1452
Route 30 : 1089 2339 526 596 1776 452 1846 159 1702 1409
Route 31 : 473 1036 1723 2286 773 2023 895 2145
Route 32 : 465 1715 941 154 2191 1404 299 317 1549 1567
Route 33 : 1037 720 2287 926 781 1970 33 2176 2031 1283
Route 34 : 1139 514 1764 2389 669 230 414 1664 1919 1480
Route 35 : 1047 2297 767 198 584 2017 1448 540 1834 1790
Route 36 : 635 476 1885 1726 523 1773 355 1129 1605 2379
Route 37 : 884 770 2020 2134 612 393 866 1643 1862 2116
Route 38 : 63 1313 818 2068 48 1298 182 25 1275 1432
Route 39 : 302 1001 2251 1552 586 1151 1836 997 2401 2247
Route 40 : 867 235 20 2117 1270 1485 160 943 1410 2193
Route 41 : 1227 2477 340 1590 295 1002 537 1545 1787 2252
Route 42 : 26 914 2164 525 1276 1775 79 662 1329 1912
Route 43 : 871 2121 110 374 1360 733 1983 1624 140 1390
Route 44 : 1050 56 2300 1306 936 846 2186 731 1981 2096
Route 45 : 486 1736 813 1102 487 2063 2352 1737 464 1714
Route 46 : 462 297 1712 450 347 1547 1597 1700
Route 47 : 1159 2409 32 1282 136 1386 878 498 2128 1748
Route 48 : 176 1426 913 2163 413 860 533 1663 2110 1783
Route 49 : 922 812 2172 556 1806 2062 979 2229
Route 50 : 1249 100 2499 1350 774 693 1943 2024
Route 51 : 686 192 1442 170 1936 1420 196 1446 228 1478
Route 52 : 117 169 1367 1419 405 348 1655 1598
Route 53 : 817 2067 1196 1128 2378 2446 1175 827 2077 2425
Route 54 : 254 1504 135 1101 1385 2351 221 802 2052 1471
Route 55 : 266 828 240 1516 1490 2078 661 1911
Route 56 : 832 2082 739 1989 345 1188 554 1595 1804 2438
Route 57 : 935 1014 2185 791 2264 81 2041 888 1331 2138
Route 58 : 458 472 1708 1722 528 835 417 1667 1778 2085
Route 59 : 57 1307 735 335 1985 1585 1172 45 1295 2422
Route 60 : 1105 536 1786 806 2355 2056 970 53 2220 1303
Route 61 : 995 482 1240 1732 2490 238 614 2245 1488 1864
Route 62 : 341 919 380 2169 1630 1078 794 1591 2044 2328
Route 63 : 1158 2408 688 1938 709 442 1959 87 1337 1692
Route 64 : 788 1234 565 2038 1815 2484 353 367 1603 1617
Route 65 : 1025 38 215 2275 904 1288 1465 2154
Route 66 : 400 1650 1236 2486 112 602 1362 1164 1852 2414
Route 67 : 1178 1099 2428 167 2349 1176 1417 2426
Route 68 : 989 965 2239 894 2144 2215 816 820 2066 2070
Route 69 : 496 76 1746 494 1744 1326 249 1247 1499 2497
Route 70 : 1157 2407 637 1887 326 66 1576 703 1953 1316
Route 71 : 1046 2296 207 493 1743 1457 786 10 2036 1260
Route 72 : 301 675 1925 1551 899 705 2149 1955
Route 73 : 371 590 521 1621 1771 1840 102 1202 2452 1352
Route 74 : 692 983 2233 1942 727 618 1868 777 1977 2027
Route 75 : 165 1415 1208 483 224 2458 1733 1474
Route 76 : 171 880 1421 1086 2336 37 1287 971 2130 2221
Route 77 : 236 435 1486 1685 1226 836 2476 676 2086 1926
Route 78 : 756 358 2006 678 1608 1928 1106 921 2171 2356
Route 79 : 219 1469 898 1095 148 2148 2345 1398
Route 80 : 853 508 1758 1064 2314 591 2103 1841 433 1683
Route 81 : 220 512 1470 1762 977 1038 474 2227 2288 1724
Route 82 : 1062 2312 18 451 1268 1701 1066 92 1342 2316
Route 83 : 1197 186 1436 2447 6 790 2040 1256
Route 84 : 416 35 1666 291 1285 736 1986 1541
Route 85 : 280 1530 387 1637 900 155 891 2150 2141 1405
Route 86 : 379 580 1629 1830 963 368 1033 2213 1618 2283
Route 87 : 697 95 1345 1947 141 401 177 1651 1391 1427
Route 88 : 89 809 1339 839 2059 2089 15 377 1627 1265
Route 89 : 1171 513 2421 211 1461 1763 244 265 1494 1515
Route 90 : 208 570 740 1458 1820 912 1990 74 2162 1324
Route 91 : 436 1686 797 1016 2047 2266 771 134 2021 1384
Route 92 : 253 624 1874 1503 956 1145 2206 2395 626 1876
Route 93 : 96 825 1346 547 1797 542 2075 728 1792 1978
Route 94 : 524 1031 1774 2281 172 741 1422 1991 399 1649
Route 95 : 1051 2301 14 313 1264 227 1096 1563 2346 1477
Route 96 : 242 677 1492 62 695 1927 1945 1312 105 1355
Route 97 : 933 49 823 2183 1299 2073 862 2112
Route 98 : 848 454 2098 1704 621 1871 439 173 1423 1689
Route 99 : 245 197 1495 31 325 1281 1575 793 1447 2043
Route 100 : 1154 2404 107 1119 2369 1357 351 959 1601 2209
Route 101 : 1199 1068 2449 2318 72 1322 593 1843
Route 102 : 516 290 396 1646 1540 1766 906 902 2156 2152
Route 103 : 255 905 2155 1191 1505 2441 901 319 2151 1569
Route 104 : 1190 824 573 2074 2440 940 1823 578 2190 1828
Route 105 : 754 2004 992 71 434 2242 1321 1684 931 2181
Route 106 : 362 897 1612 592 850 1842 2147 2100 576 1826
Route 107 : 1117 707 609 1859 2367 90 623 1873 1340 1957
Route 108 : 331 27 877 1581 1277 485 2127 426 1735 1676
Route 109 : 118 815 1368 276 1526 967 2065 507 2217 1757
Route 110 : 1112 885 2135 1130 2362 2380 324 103 1574 1353
Route 111 : 1237 51 1301 2487 311 1055 1561 2305 594 1844
Route 112 : 88 43 1155 1293 1338 21 2405 1271 201 1451
Route 113 : 132 501 729 1751 1979 305 679 1382 1555 1929
Route 114 : 1 845 384 1634 1251 2095 284 681 1534 1931
Route 115 : 881 2131 928 94 1344 1142 2178 938 2392 2188
Route 116 : 506 16 1756 1032 2282 457 1266 365 1615 1707
Route 117 : 156 1406 329 769 1579 489 1739 2019
Route 118 : 52 281 1302 1531 381 1232 1631 2482
Route 119 : 620 1870 1000 60 1310 2250 190 332 1582 1440
Route 120 : 357 369 1619 1607 660 445 1695 1910 1183 2433
Route 121 : 229 1186 1479 627 698 1877 491 2436 1741 1948
Route 122 : 495 213 1463 398 1648 1745 438 1020 1688 2270
Route 123 : 1121 2371 446 411 1696 1661 385 1134 2384 1635
Route 124 : 1246 646 22 775 1896 1272 583 2025 1833 2496
Route 125 : 751 680 8 2001 1258 999 1930 199 2249 1449
Route 126 : 505 1135 1755 189 2385 1439 212 1207 2457 1462
Route 127 : 617 738 1867 1092 1988 656 1906 2342 561 1811
Route 128 : 403 1653 1174 2424 338 200 1588 1450
Route 129 : 466 939 2189 257 872 288 1507 2122 1716 1538
Route 130 : 787 274 2037 47 1524 1297 577 1195 2445 1827
Route 131 : 801 605 1855 569 1819 2051 889 808 2058 2139
Route 132 : 383 1633 1030 886 2280 334 2136 1584 821 2071
Route 133 : 622 1872 499 1749 373 991 1623 1194 2241 2444
Route 134 : 1005 2255 745 392 1642 1995 191 98 1441 1348
Route 135 : 690 1241 1940 2491 984 210 2234 712 1962 1460
Route 136 : 649 1899 639 663 1913 146 1889 437 1396 1687
Route 137 : 174 869 996 2119 822 2072 2246 929 1424 2179
Route 138 : 998 1024 1076 2248 2274 2326 641 1891
Route 139 : 978 737 1987 303 2228 558 1553 179 1808 1429
Route 140 : 205 1455 1141 1021 2271 962 2391 2212 300 1550
Route 141 : 1056 511 1761 479 1250 1729 2500 2306 137 1387
Route 142 : 664 811 1143 2061 2393 130 1914 645 1380 1895
Route 143 : 1075 863 279 2113 2325 1529 480 1057 1730 2307
Route 144 : 744 1994 667 550 982 1917 2232 1800 44 1294
Route 145 : 990 2240 670 865 2115 814 1920 2064
Route 146 : 278 1528 394 964 1644 2214 1185 133 1383 2435
Route 147 : 104 475 1725 222 1354 430 145 1472 1395 1680
Route 148 : 289 185 1435 99 1539 763 1349 993 2013 2243
Route 149 : 1205 123 2455 1373 658 1908 1244 481 2494 1731
Route 150 : 782 1079 2032 432 2329 952 1166 1682 2202 2416
Route 151 : 789 237 2039 151 1401 1103 46 2353 1487 1296
Route 152 : 258 82 1332 683 1508 1933 765 714 2015 1964
Route 153 : 24 193 91 1443 1274 1341 1027 1225 2475 2277
Route 154 : 1082 314 2332 1564 1094 1132 2382 630 2344 1880
Route 155 : 139 1088 478 1389 1728 2338 1239 69 2489 1319
Route 156 : 574 1824 1156 119 520 2406 1369 1770 263 1513
Route 157 : 805 2055 648 654 1904 1898 861 1019 2269 2111
Route 158 : 749 492 1999 545 1742 1795 115 1228 1365 2478
Route 159 : 246 54 758 1496 1304 375 2008 307 1557 1625
Route 160 : 138 672 1388 323 1138 1922 1573 2388
Route 161 : 638 1888 424 1073 1674 61 2323 397 1311 1647
Route 162 : 700 1097 2347 1950 248 34 1284 1498
Route 163 : 718 247 1968 349 1497 504 1599 1754
Route 164 : 713 3 1253 857 726 2107 1976 1963 2 1252
Route 165 : 77 606 187 1856 1327 1437 746 1996
Route 166 : 632 1882 149 916 1399 826 2166 2076 947 2197
Route 167 : 764 2014 259 1182 1509 129 896 2146 1379 2432
Route 168 : 711 1181 685 1961 1935 2431 1003 987 2237 2253
Route 169 : 206 1456 251 1501 522 1772 260 19 1510 1269
Route 170 : 97 571 1347 1821 603 1853 83 1333
Route 171 : 760 294 1544 42 778 1161 1292 2010 2028 2411
Route 172 : 539 753 1218 2003 2468 50 1300 1789 1084 2334
Route 173 : 567 1040 275 2290 1817 126 925 1525 2175 1376
Route 174 : 807 673 2057 444 1694 1923 1039 636 2289 1886
Route 175 : 1140 412 2390 1662 1165 2415 264 1243 2493 1514
Route 176 : 152 1402 1090 2340 589 981 1839 1149 2231 2399
Route 177 : 1104 1114 2354 2364 1248 73 810 2060 2498 1323
Route 178 : 934 440 1690 2184 1017 306 2267 1556 449 1699
Route 179 : 1235 779 2029 659 2485 666 1909 1184 1916 2434
Route 180 : 389 1124 1044 1639 2294 2374 597 1108 1847 2358
Route 181 : 546 628 1878 1796 772 1214 549 2022 2464 1799
Route 182 : 619 1091 1869 2341 337 1587 864 1125 2375 2114
Route 183 : 65 944 1315 2194 36 1206 1286 2456
Route 184 : 460 1710 651 1901 1201 509 1759 2451
Route 185 : 80 1330 175 320 1570 1122 1425 2372 538 1788
Route 186 : 838 12 2088 7 1257 1262 585 892 2142 1835
Route 187 : 9 1259 841 759 409 2091 1659 2009 1015 2265
Route 188 : 613 599 1863 1849 579 1022 1829 529 1779 2272
Route 189 : 604 1854 615 468 1865 1718 696 716 1966 1946
Route 190 : 852 2102 1198 2448 610 1028 1860 566 2278 1816
Route 191 : 954 108 1358 2204 143 270 1393 1520 752 2002
Route 192 : 798 918 364 2048 2168 1614 463 168 1418 1713
Route 193 : 960 868 2210 2118 657 1060 1907 1177 2310 2427
Route 194 : 64 23 352 1602 1314 875 1162 1273 2125 2412
Route 195 : 1026 2276 40 1290 766 2016 843 1147 2093 2397
Route 196 : 28 1034 1278 2284 1045 968 2295 277 2218 1527
Route 197 : 870 2120 404 1654 429 1216 830 2466 1679 2080
Route 198 : 644 708 1958 125 1894 1077 1375 243 1493 2327
Route 199 : 776 2026 743 966 5 2216 1993 1170 1255 2420
Route 200 : 640 873 515 1890 239 2123 1489 477 1765 1727
Route 201 : 607 1857 308 994 1558 234 2244 1484
Route 202 : 282 1532 252 1502 1070 1052 120 2320 1370 2302
Route 203 : 783 2033 1153 519 2403 1769 715 1048 1965 2298
Route 204 : 829 378 2079 497 1071 1628 1747 2321
Route 205 : 937 1231 1192 2481 2187 1169 2442 372 2419 1622
Route 206 : 178 1428 456 1706 1163 395 1645 975 2413 2225
Route 207 : 665 535 1915 1785 923 488 1738 2173 422 1672
Route 208 : 218 342 1468 1592 634 1200 671 1884 2450 1921
Route 209 : 694 410 184 1944 1434 328 1011 1578 2261 1660
Route 210 : 804 309 2054 153 1559 1006 560 1403 1810 2256
Route 211 : 748 653 1012 2262 1998 555 1903 1168 1805 2418
Route 212 : 1180 318 1568 2430 128 1378 339 448 1698 1589
Route 213 : 633 1883 600 390 1850 908 1640 2158 217 1467
Route 214 : 874 453 2124 1703 575 106 321 1356 1825 1571
Route 215 : 1098 273 2348 564 1523 1230 1814 471 2480 1721
Route 216 : 158 293 1408 1543 945 2195 225 642 1892 1475
Route 217 : 39 1289 315 799 2049 1565 701 1187 2437 1951
Route 218 : 1189 625 1875 147 2439 188 1397 674 1438 1924
Route 219 : 484 1085 2335 391 1734 78 1641 408 1658 1328
Route 220 : 29 1213 1279 2463 406 163 1656 459 1709 1413
Route 221 : 183 1433 1043 2293 530 920 948 1780 2198 2170
Route 222 : 122 1372 652 1902 194 84 1444 768 1334 2018
Route 223 : 834 951 631 2201 1881 13 121 1263 1371 2084
Route 224 : 502 1245 1752 256 2495 531 1506 1781
Route 225 : 109 1081 1359 1107 534 2331 1784 1179 2357 2429
Route 226 : 840 226 2090 629 1146 1476 1879 2396 41 1291
Route 227 : 360 1223 1610 467 2473 608 1717 310 1560 1858
Route 228 : 350 142 1392 330 1580 1600 1058 2308 691 1941
Route 229 : 272 949 1522 2199 415 1118 1665 312 2368 1562
Route 230 : 1211 2461 144 333 356 1583 1394 267 1606 1517
Route 231 : 917 269 1519 2167 1008 354 2258 203 1604 1453
Route 232 : 842 283 2092 734 1533 1984 1131 2381 161 1411
Route 233 : 1067 2317 844 30 907 2094 1280 2157 292 1542
Route 234 : 1167 1120 2370 2417 336 1061 2311 1586
Route 235 : 1053 859 2109 70 2303 455 1320 1705 469 1719
Route 236 : 343 969 1593 2219 518 428 1110 2360 1768 1678
Route 237 : 447 909 2159 1697 1080 2330 166 1416 858 2108
Route 238 : 359 1242 1609 2492 113 1010 1363 316 1566 2260
Route 239 : 1116 296 1546 2366 847 543 1793 304 2097 1554
Route 240 : 67 548 1317 1798 706 1956 601 421 1851 1671
Route 241 : 833 418 2083 762 2012 883 1668 195 2133 1445
Route 242 : 581 1041 1831 2291 361 837 1611 2087
Route 243 : 181 687 1937 1431 890 1219 461 2469 1711 2140
Route 244 : 262 721 1512 1971 382 803 1632 2053 587 1837
Route 245 : 268 541 1518 1791 11 1221 972 1261 2471 2222
Route 246 : 655 1224 2474 1905 722 214 1972 223 1464 1473
Route 247 : 723 1973 755 127 2005 1377 59 911 2161 1309
Route 248 : 344 370 1620 1594 785 559 427 2035 1809 1677
Route 249 : 955 1133 2205 1069 58 2383 2319 1029 1308 2279
Route 250 : 1144 724 2394 1974 1013 2263 747 647 1997 1897
Route 251 : 910 1054 2304 1009 704 2160 2259 1954 532 1782
Route 252 : 1111 363 1613 876 2361 903 500 2126 2153 1750
Route 253 : 75 796 616 2046 1325 643 1866 1893
Route 254 : 856 431 2106 1681 553 1065 1803 2315
Route 255 : 85 1335 1220 2470 231 1093 1481 2343 1217 2467
Route 256 : 719 1238 1969 2488 1193 1004 974 2254 2443 2224
Route 257 : 882 68 819 2132 1318 490 2069 689 1740 1939
Route 258 : 346 286 1596 1536 930 1063 2313 2180