Instance name : ber-n2500-1
Authors       : Dmitriy Demin, Mikhail Diakov (msd@veeroute.com), Ivan Ilin, Nikita Ivanov, Viacheslav Sokolov (vs@veeroute.com) et al. VRt Global (https://veeroute.com/)
Date          : 2023-04-24
Reference     : veeroute.com
Solution
Route 1 : 785 2035 559 1809 801 297 946 2196 2051 1547 1238 2488
Route 2 : 235 108 1358 755 2005 384 1019 1485 422 1672 1634 2269
Route 3 : 93 764 1343 2014 1167 506 1756 2417
Route 4 : 10 867 287 548 2117 602 1852 1798 1537 1260
Route 5 : 1154 228 790 1478 2404 1074 2040 1101 2351 2324
Route 6 : 1194 1175 154 55 2444 2425 1404 1305 1192 409 2442 1659
Route 7 : 662 769 637 738 1988 1887 1912 2019 264 85 1514 441 130 310 1691 1335 1380 1560
Route 8 : 152 1402 902 1243 2493 2152 166 159 1416 727 1409 1977
Route 9 : 143 1393 682 1932 492 1742 640 577 77 1827 29 1890 135 1279 1385 1327
Route 10 : 1183 2433 455 1705 405 846 86 517 1655 1767 2096 1336
Route 11 : 1008 1041 672 1922 2258 28 2291 74 1324 649 1278 490 1899 1740
Route 12 : 1054 421 473 2304 1671 308 1558 439 760 1723 187 1689 2010 1437
Route 13 : 519 1769 252 1502 172 522 87 1422 1337 278 1772 860 800 712 1528 1962 2050 2110
Route 14 : 995 836 2245 2086 1013 1248 1050 2263 2498 2300
Route 15 : 745 27 839 2089 586 1995 1277 550 1836 456 1800 1706
Route 16 : 1233 2483 478 1045 2295 1245 1728 2495
Route 17 : 1059 1057 615 1865 2307 943 561 2309 2193 1811
Route 18 : 175 1425 452 729 1979 150 1702 859 1400 862 2109 356 2112 1606
Route 19 : 1096 971 57 52 2221 1307 1302 380 628 940 2190 1630 2346 1878
Route 20 : 474 1724 898 529 431 447 1779 1681 2148 1697
Route 21 : 1199 275 2449 713 822 90 259 2072 1525 1963 226 1509 1340 914 1476 2164
Route 22 : 944 903 702 2194 1952 618 2153 398 1868 1648
Route 23 : 1125 972 2222 1081 2375 284 142 265 2331 1392 1515 37 1534 1287
Route 24 : 170 1142 245 715 2392 1495 281 1420 1531 1965 597 742 1847 1992
Route 25 : 440 595 865 1690 434 1845 2115 182 1684 361 300 1432 1550 1611
Route 26 : 945 75 43 1293 759 1325 775 1006 2256 2025 2009 2195 571 1821
Route 27 : 804 351 105 1122 1355 1601 2054 2372 1038 1171 2421 2288
Route 28 : 526 1776 975 350 2225 703 1953 1600 239 779 390 2029 65 1315 1489 1640
Route 29 : 320 1570 372 402 1652 450 1622 1015 2265 1700
Route 30 : 604 1854 609 496 1746 812 486 1859 2062 531 1736 826 1781 2076
Route 31 : 612 471 1721 1242 1862 2492 1084 990 2240 2334
Route 32 : 960 132 1205 1382 1168 2455 2210 445 466 2418 1695 1716
Route 33 : 200 985 484 1734 1234 2235 1450 2484
Route 34 : 120 643 1370 1893 47 893 974 1297 901 1095 2224 2151 2143 2345
Route 35 : 504 877 399 1754 2127 1649 510 741 1197 1991 251 1760 2447 1501
Route 36 : 869 2119 765 33 126 2015 1376 1283 1139 451 210 296 2389 1546 1701 1460
Route 37 : 588 958 1176 942 2208 1838 2192 2426 623 897 2147 1873
Route 38 : 934 2184 1195 744 171 1994 1421 502 2445 1752
Route 39 : 66 193 563 1813 1443 1080 1092 1316 2342 2330
Route 40 : 393 325 675 1575 1643 1925 1002 838 965 2088 2215 2252
Route 41 : 912 692 1942 2162 256 614 1864 184 311 1561 1434 1506 644 305 1555 1894
Route 42 : 162 894 2144 1412 1226 1124 2374 2476
Route 43 : 680 241 167 1491 213 1930 1417 1225 1463 326 1576 2475
Route 44 : 608 653 1903 99 670 1349 1858 123 1920 1373 959 880 2130 778 2209 2028
Route 45 : 377 335 1627 40 1290 1585 72 319 1569 1123 1322 1185 2373 1214 2435 2464
Route 46 : 144 395 1394 134 36 1384 1286 1645 878 740 2128 81 1990 1331
Route 47 : 174 1188 1424 1191 2438 651 145 583 2441 1395 1833 1901
Route 48 : 53 499 1749 626 746 1876 1996 1303 294 227 1544 1477
Route 49 : 989 1042 832 2239 2082 2292 1068 195 2318 1445
Route 50 : 1032 1091 2282 416 509 716 1966 969 1666 2341 2219 1759
Route 51 : 420 477 1727 1060 2310 1670 1156 347 223 1597 2406 562 1473 467 1812 1717
Route 52 : 666 758 2008 1916 1207 1061 1065 2315 2457 1241 2311 2491
Route 53 : 525 1775 533 283 794 1783 322 999 2044 1572 1533 2249
Route 54 : 782 930 828 2180 2078 2032 1071 1108 2321 1166 2358 2416
Route 55 : 1082 2332 633 242 357 1492 1024 1883 438 1607 318 2274 1688 1568
Route 56 : 1009 1218 476 2468 1726 2259 558 601 733 774 1851 2024 1808 1983
Route 57 : 513 479 841 1763 1005 1729 2091 1012 1029 2255 1126 2279 2376 2262
Route 58 : 700 748 1950 1998 1209 777 2027 786 2459 511 2036 1761
Route 59 : 468 570 148 429 1679 1718 1820 114 1398 266 1516 313 369 1563 1619 1364
Route 60 : 79 7 1257 1329 927 642 1892 42 2177 111 1292 1361
Route 61 : 272 432 1682 998 1522 494 96 1744 418 2248 1346 1668
Route 62 : 997 301 1551 2247 706 332 1582 364 1956 1614
Route 63 : 554 852 2102 1804 1161 909 2159 1140 2411 367 1617 1116 2366 2390
Route 64 : 1100 1098 916 2350 2348 448 590 861 185 2166 1698 2111 1435 1840
Route 65 : 952 815 2065 1138 2202 556 449 1806 2388 1699
Route 66 : 246 1496 164 1414 871 875 988 780 2238 2121 2125 2030
Route 67 : 689 1939 567 428 1678 1213 1817 980 2230 2463
Route 68 : 1250 17 770 2500 1267 2020 82 366 1332 485 470 1735 1616 1720
Route 69 : 299 1549 122 1372 204 181 238 1488 1454 373 1431 249 1623 1499
Route 70 : 5 850 1255 2100 870 1172 2120 263 854 279 2422 2104 1529 1513
Route 71 : 996 938 937 2187 2246 1246 2188 1085 2496 2335
Route 72 : 1150 2400 1212 2462 799 855 2105 705 2049 685 1935 1955
Route 73 : 620 315 542 1565 1792 1870 1239 792 180 722 1430 2042 1972 2489
Route 74 : 1017 410 14 1264 1660 414 2267 1143 91 1664 2393 1341
Route 75 : 71 654 1904 1162 918 1321 664 362 1184 2168 1914 2412 1612 2434
Route 76 : 818 191 2068 1441 600 298 607 1548 1850 425 1675 1857
Route 77 : 979 2229 883 220 1470 528 480 1730 1778 2133 1053 2303
Route 78 : 221 508 1471 54 1758 365 1615 665 12 1262 1304 1915
Route 79 : 622 573 276 1526 1872 1228 202 1823 795 2045 1452 2478
Route 80 : 534 286 1784 1040 236 1536 734 2290 538 1984 269 1486 1788 1519
Route 81 : 578 830 1828 648 1898 59 2080 1309 1066 60 1310 2316
Route 82 : 606 699 1949 205 1856 73 1455 816 1323 225 2066 1103 1475 2353
Route 83 : 592 704 1842 34 1954 789 48 1284 2039 763 1298 2013
Route 84 : 808 344 133 1594 44 1383 119 2058 1294 436 1369 1686
Route 85 : 761 337 104 1354 316 1587 2011 749 882 1999 2132 1566
Route 86 : 374 118 1368 968 1624 756 723 2006 1973 1011 2218 2261
Route 87 : 211 674 203 1461 1453 69 1319 935 572 1924 1094 1822 2185 2344
Route 88 : 454 1236 1704 2486 415 848 1665 1047 2098 2297 788 24 2038 1274 891 2141
Route 89 : 803 149 1399 2053 1220 383 328 2470 900 1633 1578 2150
Route 90 : 309 574 518 1824 1768 1559 212 460 1710 890 1462 2140
Route 91 : 856 1130 966 718 1968 2216 837 539 38 1789 2380 1288 2087 2106
Route 92 : 345 951 2201 1595 754 2004 270 1077 1520 1089 2327 962 2212 2339
Route 93 : 1244 1231 514 2494 1764 2481 905 932 2182 2155
Route 94 : 1187 1067 2437 1230 2317 2480 67 1155 2405 1317
Route 95 : 731 197 1981 879 1447 354 102 387 2129 1637 1604 802 885 1352 2052 2135
Route 96 : 391 1641 923 708 2173 536 1786 1958 593 1843
Route 97 : 503 98 56 599 1849 1753 1131 1306 843 1348 767 2381 2093 2017
Route 98 : 1165 68 1318 1043 2415 824 61 2293 129 2074 1379 1311
Route 99 : 694 1107 2357 1944 194 88 1338 1444 676 784 908 1926 2034 2158
Route 100 : 750 688 1078 1249 1938 2000 2328 1157 2499 107 2407 631 1357 1881
Route 101 : 821 435 360 1685 1181 2431 1221 2071 2471 1115 1610 2365
Route 102 : 3 773 2023 1093 1253 1112 1087 2343 2362 2337
Route 103 : 136 262 1512 1152 1240 352 2490 1602 2402 1386 128 1378
Route 104 : 611 657 100 1907 1350 1861 1145 229 853 2103 2395 1479
Route 105 : 190 355 876 2126 791 1440 693 2041 921 1605 247 1943 2171 1497
Route 106 : 1106 2356 110 25 709 1360 1275 1959 947 730 1980 2197
Route 107 : 1117 97 1347 2367 94 811 1344 51 341 2061 1301 392 1591 1642
Route 108 : 594 724 1844 1974 1083 884 2134 2333 1163 2413
Route 109 : 863 237 2113 964 2214 469 121 1719 1371 1487 1201 2451
Route 110 : 1000 368 1618 2250 981 1086 2231 939 224 2336 2189 1474
Route 111 : 141 267 772 32 2022 1229 2479 1517 1282 679 1929 127 1391 1377
Route 112 : 933 635 404 1885 1206 2456 2183 1148 1654 1022 2398 2272 714 1964
Route 113 : 1177 1075 825 2325 2075 906 115 2427 1365 2156
Route 114 : 910 2160 1186 983 2436 1216 2233 797 673 2466 1923 2047
Route 115 : 613 430 1863 1680 359 158 565 348 1609 1408 1598 1815
Route 116 : 382 206 1456 1632 343 389 1593 889 1639 668 2139 394 437 1687 1918 1644
Route 117 : 1127 928 2178 589 189 1439 1839 2377 948 248 408 1498 2198 1658
Route 118 : 291 1541 411 253 1503 847 2097 925 1661 419 2175 896 2146 1669
Route 119 : 1247 521 2497 1771 1182 2432 370 215 1620 483 1733 1465
Route 120 : 993 1149 2243 1232 515 1765 591 2482 2399 1841 1217 277 1527 2467
Route 121 : 833 2083 949 671 725 2199 1975 1921 1137 1135 2385 766 2016 2387
Route 122 : 762 690 1940 2012 1055 1153 2305 2403
Route 123 : 598 1026 2276 1848 1014 15 629 2264 1265 1879
Route 124 : 669 1919 1048 49 603 1853 1299 271 1521 2298 321 1571
Route 125 : 555 342 1151 1592 1805 481 358 491 2401 1741 1608 1731
Route 126 : 1173 887 2423 2137 388 520 560 1770 978 1810 1638 982 2232 2228
Route 127 : 512 737 331 1762 1987 1208 1090 1581 1003 2458 2340 2253
Route 128 : 443 1693 1073 1044 2294 936 634 39 1289 1884 2323 1109 2186 2359
Route 129 : 849 2099 258 678 1027 1136 2386 2277 1928 1508
Route 130 : 541 1791 661 698 396 1911 1948 530 546 1646 711 1780 1796 1961
Route 131 : 464 1714 1049 83 2299 793 1333 199 2043 1449
Route 132 : 1203 1105 2355 1129 2453 1160 2379 2410 553 1035 2285 1803
Route 133 : 124 1223 371 1621 2473 401 339 1589 1374 1651 101 254 1351 1504
Route 134 : 736 18 76 231 1986 1326 1268 234 1481 153 1484 1159 2409 1403
Route 135 : 1179 1007 2429 1114 2257 540 1790 2364
Route 136 : 9 21 214 1259 80 1464 1271 1330 363 645 1613 820 89 1339 1895 2070
Route 137 : 353 375 956 2206 1603 1625 188 475 1725 257 255 1507 1438 1505
Route 138 : 605 1855 874 183 2124 117 1210 1433 230 2460 1367 1480
Route 139 : 681 312 1931 1562 487 303 50 482 1300 1732 1553 1737
Route 140 : 1180 304 823 2073 1554 1052 2430 156 881 1406 2302 2131 1169 2419
Route 141 : 739 1989 176 125 1426 116 489 1375 1366 103 1353 501 1751 1739
Route 142 : 781 444 1694 1144 2031 888 2394 926 2176 2138
Route 143 : 544 177 1794 146 1396 566 827 1816 424 1427 2077 1674
Route 144 : 652 915 1902 2165 1200 386 168 92 1636 1342 1418 2450 639 407 1889 1657
Route 145 : 131 899 314 2149 1564 1381 617 1867 616 1113 650 1900 240 2363 1866 1490
Route 146 : 641 406 1656 977 1215 1891 268 2227 2465 1518 527 1777
Route 147 : 753 1104 2354 1020 2003 13 1263 261 2270 695 1945 1511
Route 148 : 400 584 1650 575 924 1834 23 1825 941 1273 2191 2174
Route 149 : 557 1807 346 1596 701 1951 84 963 621 2213 376 1334 1871 1626
Route 150 : 1110 1190 886 2360 2440 2136 831 330 829 1580 2081 2079
Route 151 : 552 26 532 1782 307 721 1276 137 1557 1802 1971 1387
Route 152 : 810 953 2203 2060 1133 524 139 1389 2383 1774
Route 153 : 500 173 1423 1227 1189 1750 807 2439 2477 2057
Route 154 : 696 207 1946 1457 1219 472 844 1722 2469 1147 2094 2397
Route 155 : 285 776 864 991 2241 2114 1535 2026 465 743 1715 1993
Route 156 : 516 892 1766 2142 334 619 233 1869 1584 630 610 866 2116 1483 1880 1860
Route 157 : 1039 2289 106 63 1313 845 280 757 1356 1530 2007 2095
Route 158 : 70 64 498 1128 1314 1320 1748 2378 873 638 1888 2123
Route 159 : 911 495 2161 1070 1745 2320 1069 2319 858 954 973 2223 2108 2204
Route 160 : 244 329 1494 656 1579 580 186 140 1906 1436 161 1830 1390 208 1411 1458
Route 161 : 160 627 1877 1134 919 1410 2384 2169 1036 920 2170 2286
Route 162 : 691 1941 904 961 625 1875 2154 1001 2211 581 1831 2251
Route 163 : 817 109 842 2067 1359 306 349 1599 378 8 1556 1258 2092 1164 2414 1628
Route 164 : 157 1099 720 564 1814 1407 1970 1058 2349 2308
Route 165 : 735 289 1985 458 747 1539 1708 1997 442 568 1692 1198 1818 2448
Route 166 : 636 293 1543 1886 687 543 1793 1937 338 113 1363 840 1588 2090
Route 167 : 1072 1132 2382 955 684 2322 986 707 6 1934 2205 1256 2236 1957
Route 168 : 250 922 582 1500 1832 2172 976 576 1826 683 1933 2226
Route 169 : 198 547 217 1448 336 1467 1797 1586 1174 403 2424 1653
Route 170 : 798 569 857 2107 1202 2452 2048 35 1819 340 1590 1285 1051 2301
Route 171 : 138 1388 1102 41 327 216 1466 1577 1291 62 2352 1312
Route 172 : 1097 987 796 851 2101 2347 2237 535 2046 551 1785 1801
Route 173 : 732 16 1266 1056 1982 1025 2306 2275
Route 174 : 813 771 805 2021 2055 2063 178 768 957 1428 2207 2018
Route 175 : 719 587 1837 1969 917 453 585 209 2167 1703 462 1835 1459 1712 290 1540
Route 176 : 232 1482 2 165 1252 19 1415 1034 1269 461 2284 1711
Route 177 : 45 710 323 677 1960 1573 1295 663 222 1927 1472 1088 78 4 1913 1254 2338 1328
Route 178 : 1222 20 2472 1270 1004 1062 2312 2254
Route 179 : 1028 907 2278 2157 834 379 2084 1629 507 112 1362 1757
Route 180 : 274 30 1076 2326 1524 1280 459 385 1709 1635
Route 181 : 1037 1235 1120 196 2370 2287 2485 1446 726 427 282 1677 1532 1976
Route 182 : 819 1046 2069 1121 1063 1196 2371 2296 2446 2313
Route 183 : 647 537 596 1787 1897 1846 155 412 1662 1224 1405 505 2474 1755
Route 184 : 295 1545 814 1178 646 2064 1896 2428 1031 549 2281 1799
Route 185 : 1141 913 22 1272 2163 992 2391 783 2242 2033
Route 186 : 658 446 1696 1 1908 659 58 1308 1251 717 1967 1909
Route 187 : 1211 1193 2461 1118 1146 2368 2443 2396 835 11 1261 2085
Route 188 : 1021 333 1079 2329 1111 2271 1583 488 1738 2361 324 1574
Route 189 : 1010 2260 1033 243 1493 433 523 2283 1773 697 1947 1683
Route 190 : 1018 413 1663 2268 1016 872 2266 457 1707 2122
Route 191 : 31 1281 667 970 2220 1917 545 147 260 1397 1795 1510
Route 192 : 895 1170 2145 994 2420 2244 624 46 1296 751 967 1874 201 2001 2217 1451
Route 193 : 655 423 219 1905 317 752 1673 169 2002 1419 292 1567 273 1469 1523 463 1713 1542
Route 194 : 417 1667 163 381 1030 1413 931 2280 2181 632 1631 1882
Route 195 : 579 426 1829 493 728 1743 1676 1158 950 1978 2408 2200
Route 196 : 1119 868 806 2118 2369 2056
Route 197 : 686 179 1936 302 218 1552 1468 497 1429 1023 1747 1064 2273 2314
Route 198 : 151 1401 288 95 929 809 1345 2179 192 1538 2059 787 2037 1442
Route 199 : 660 397 1204 1910 984 2454 1647 1237 2487 2234