Instance name:	ber-n200-5
Authors:		Carlo Sartori and Luciana Buriol
Date:			2019-2-11
Reference:		A matheuristic approach to the PDPTW (to be submitted)
Solution
Route 1 : 24 124 57 19 119 157
Route 2 : 10 40 140 110 63 163
Route 3 : 55 29 155 64 17 129 117 164
Route 4 : 15 65 115 13 165 113
Route 5 : 32 66 132 166 8 108
Route 6 : 6 20 106 39 120 28 128 139 68 168
Route 7 : 72 172 25 26 126 125
Route 8 : 74 9 174 5 109 105 22 122
Route 9 : 75 175 69 30 130 169
Route 10 : 16 77 67 177 116 167
Route 11 : 78 76 60 178 176 31 160 131
Route 12 : 81 50 181 44 150 144
Route 13 : 34 41 36 134 82 141 182 136
Route 14 : 48 11 148 38 111 83 183 138
Route 15 : 21 51 151 121 86 58 158 186
Route 16 : 43 143 27 88 62 127 162 188
Route 17 : 89 59 189 159
Route 18 : 91 2 87 191 187 37 102 137
Route 19 : 61 92 161 192 47 79 179 147
Route 20 : 23 42 123 142 93 7 193 107
Route 21 : 84 94 194 71 184 90 171 190
Route 22 : 95 195 33 133 52 53 153 35 152 135
Route 23 : 96 196 3 103 14 80 114 85 185 180
Route 24 : 97 197 45 4 104 145
Route 25 : 98 1 70 198 170 101 73 173
Route 26 : 49 99 149 54 199 46 154 146
Route 27 : 12 100 112 18 56 156 200 118
