Instance name : ber-n2500-2
Authors : Simen T. Vadseth, Henrik Andersson, Jean-Francois Cordeau and Magnus Stålhane
Date : 10.07.2023
Reference : TBA
Solution
Route	1 :  445 31 222 1281 1695 435 407 856 1472 185 1685 1435 2106 523 1231 2481 115 1657 1773 514 1764 1365
Route	2 :  205 216 1455 1466 339 846 1589 393 2096 1214 2464 1643 524 662 673 1912 1774 1923
Route	3 :  401 345 1651 125 1595 1211 1375 1136 2461 1142 2386 575 2392 1015 1825 2265
Route	4 :  903 825 940 2075 2153 2190 990 1025 2240 1014 2275 2264 1063 2313
Route	5 :  1050 2300 1161 857 2411 2107 1155 2405 1019 1105 346 2355 2269 891 1596 545 2141 1123 1795 2373
Route	6 :  836 824 2086 80 2074 1330 370 1620 795 453 74 2045 1703 1324 275 1525 918 605 2168 1855
Route	7 :  794 647 2044 890 1897 2140 902 33 2152 1283 67 728 463 1978 1713 1317
Route	8 :  830 470 2080 1090 1720 735 2340 578 1000 1985 2250 1828 661 469 169 1911 1719 1419
Route	9 :  352 384 755 1602 2005 1052 1634 1241 1040 2491 2290 1168 443 1693 2418 2302
Route	10 :  209 562 361 1812 1459 111 1611 896 1361 686 2146 757 1936 931 1243 2181 2007 2493
Route	11 :  304 143 702 1554 1952 1393 284 21 1534 56 1306 943 1271 332 633 2193 1883 1582 1242 2492
Route	12 :  707 237 247 1957 1487 1497 208 580 573 1823 1830 1458 130 953 1380 674 1924 2203
Route	13 :  447 73 1323 760 1697 320 60 1310 1570 2010 957 2207 560 122 192 1810 1442 1372
Route	14 :  176 965 1426 2215 699 1949 798 814 1022 2064 2048 2272 79 571 1329 1821
Route	15 :  1159 520 847 1770 2097 2409 584 341 1834 1209 1591 952 2202 2459 663 1913
Route	16 :  119 682 1932 1369 934 1215 1065 2184 2465 2315 51 530 569 482 1819 967 1780 1732 1301 2217
Route	17 :  310 226 1476 420 1560 490 815 2065 1670 588 1740 1838 664 923 1914 367 1617 2173
Route	18 :  775 845 826 2095 2076 2025 1092 2342 285 1073 1535 1190 2323 1163 2440 1217 2413 2467
Route	19 :  382 1054 2304 281 1531 312 1632 1562 328 89 1578 486 1339 1736 704 785 1954 290 1540 2035
Route	20 :  719 645 481 1969 1731 1895 992 2242 43 783 283 1293 175 2033 1533 1425
Route	21 :  712 234 1962 1484 552 429 344 1679 941 1802 710 1960 1594 1205 2455 849 2191 2099
Route	22 :  925 2175 1203 2453 235 340 1485 427 372 1622 1590 1677 484 326 263 1734 774 1513 2024 1576
Route	23 :  705 1955 32 349 1282 50 1300 167 1599 1417 688 40 1290 1043 1938 1176 2293 2426 129 1379
Route	24 :  881 534 784 2034 1784 301 1551 509 1759 868 177 27 2131 2118 1427 919 1277 2169
Route	25 :  803 1218 2053 2468 149 317 676 253 1926 1503 1567 1157 899 715 1965 567 1399 2149 2407 1817
Route	26 :  371 519 1769 110 1621 1124 2374 1360 677 1927 327 834 1577 2084 741 1991 743 501 700 1993 1751 1950
Route	27 :  653 1903 1236 1193 2443 2486 937 219 600 1469 2187 1850 586 694 1944 1836
Route	28 :  1020 1238 1033 2283 2270 2488 1186 105 761 2011 1355 1102 2436 2352 829 2079 812 439 2062 1689
Route	29 :  963 518 1768 2213 1004 577 22 1827 2254 157 1272 906 362 1407 1612 2156 1017 2267
Route	30 :  379 617 521 1771 1629 385 1867 100 1635 25 1350 863 134 1275 861 1384 2113 2111
Route	31 :  821 505 1045 2071 1755 2295 1223 214 2473 305 1464 454 1555 607 668 1918 1704 1096 2346 1857
Route	32 :  315 549 1565 1799 885 9 338 800 2135 1588 1259 2050 228 583 1478 1086 1833 2336
Route	33 :  1131 1143 2381 980 2393 2230 131 817 97 2067 1381 962 1347 493 904 2212 1743 2154
Route	34 :  48 592 759 1842 243 2009 531 1298 1781 1493 913 8 1258 2163 142 1392 369 894 1619 2144
Route	35 :  311 368 1561 508 1618 901 2151 1758 831 625 1875 186 527 2081 779 1436 2029 353 1777 1603 852 2102
Route	36 :  402 613 1863 1652 1139 1173 2389 2423 221 1023 2273 964 1471 473 1723 2214
Route	37 :  280 1530 1113 436 2363 1686 458 806 1708 16 2056 1266 224 1474 900 554 539 1804 2150 1789
Route	38 :  316 594 1844 1566 1112 2362 553 764 441 1803 1691 2014 478 1728
Route	39 :  535 776 2026 1785 437 1687 84 196 1446 1334 78 1328 604 1854 261 711 1961 1511
Route	40 :  1013 947 2197 293 1245 2263 1543 2495 958 1024 2274 2208 559 101 1135 1809 2385 1351
Route	41 :  24 366 956 1274 1616 2206 693 652 851 1029 2279 1902 737 2101 1987 1943
Route	42 :  1140 155 2390 1405 561 887 683 2137 1933 1811 198 154 87 1448 1337 1404
Route	43 :  839 835 2089 2085 1132 627 614 2382 433 1864 1877 1683 422 804 1672 1181 2054 2431
Route	44 :  1206 1088 1182 2338 2432 1158 2456 1222 2408 2472 193 496 1443 541 816 1791 2066 1089 2339 1746
Route	45 :  926 2176 99 1126 1349 2376 1125 1141 955 2375 2391 2205 19 210 1269 1460
Route	46 :  746 855 1012 1996 12 2105 1262 1148 1018 2262 2268 1150 1212 2462 2400 1180 2430 2398
Route	47 :  388 970 2220 1638 57 796 2046 1118 2368 1307 3 242 1253 769 1492 36 1286 2019
Route	48 :  884 753 2134 968 2003 995 2245 2218 133 460 1383 1710 1177 2427
Route	49 :  1232 457 1202 2482 2452 1707 770 528 2020 680 989 1778 250 2239 1930 659 1500 1909
Route	50 :  211 651 1461 1901 1060 2310 483 425 1733 220 1675 498 446 1696 159 1748 691 579 1409 1941 1470 1829
Route	51 :  217 330 1467 1098 997 81 2348 1331 2247 347 298 1597 572 49 1548 1058 1822 2308 1299 1580
Route	52 :  649 418 53 1899 1668 1303 69 1319 843 781 373 2093 1623 1080 2330 2031 876 621 2126 1871
Route	53 :  1174 2424 1036 872 2286 2122 2 62 1252 1312 910 596 515 1765 1846 2160 1144 2394
Route	54 :  1016 194 1444 1087 2266 61 2337 1311 461 44 1711 1294 66 488 822 2072 1138 1738 1316 2388
Route	55 :  589 536 1230 1839 2480 1786 665 426 203 1915 1453 1676 95 213 949 1345 1463 2199
Route	56 :  1179 727 1977 948 2429 898 2148 983 2198 544 2233 1794 229 112 1479 1362
Route	57 :  472 113 1722 1363 532 1003 1782 1074 2324 2253 1147 875 912 2125 2162 2397 1069 1083 2319 2333
Route	58 :  1116 2366 37 258 1287 419 1508 380 1669 181 421 410 1660 1630 391 1431 616 1866 1671 1641
Route	59 :  749 503 1753 1999 170 233 1420 1483 819 300 399 1550 2069 1649 318 313 1563 1568
Route	60 :  468 1077 1718 927 1119 2327 2369 2177 623 431 1873 135 1681 448 1698 82 1385 1332
Route	61 :  729 809 2059 1130 1979 1194 2380 773 2444 581 2023 1831 954 377 813 2063 2204 1627
Route	62 :  479 360 920 1729 1610 752 2002 2170 681 282 1085 2335 1532 1931 877 121 1371 2127
Route	63 :  933 77 1327 1109 2183 641 2359 1891 1010 907 93 1343 2157 2260
Route	64 :  916 756 2006 2166 64 302 104 1314 1552 1354 1127 145 1395 2377
Route	65 :  854 838 296 2088 1546 655 1188 1041 1905 2291 2438 1008 1183 2258 2433 2104
Route	66 :  827 1233 2077 2483 1216 1048 2466 2298 1207 975 2457 2225 1213 582 1832 734 2463 1984
Route	67 :  629 140 566 1390 747 274 1997 1816 1524 1117 2367 1038 1001 2251 998 2288 2248 1879
Route	68 :  428 622 1678 1872 117 1367 329 321 690 1571 1579 1940 866 430 1680 2116
Route	69 :  292 34 1284 294 558 1542 1544 1808 1081 1153 984 2403 2331 2234 1066 2316
Route	70 :  684 438 725 351 1934 766 1688 1601 2016 1975 1146 979 1068 2318 2229 1201 2451 2396
Route	71 :  758 91 2008 1341 1070 2320 325 860 1575 1187 1044 495 2294 823 1745 2437 2110 2073
Route	72 :  667 451 1079 1701 1917 2329 1034 1204 2454 2284 94 792 1344 630 2042 1880 709 98 1348 1959
Route	73 :  701 697 1951 1947 969 336 1586 2219 731 474 506 1981 1756 1724 946 1005 2196 2255
Route	74 :  151 1401 471 510 459 1721 1709 1760 1200 556 2450 139 1806 1239 184 2489 1434 1389
Route	75 :  972 2222 1053 1237 2303 2487 1133 1229 2383 2479 1170 807 2420 2057
Route	76 :  440 1042 637 1690 2292 1137 1032 2387 1191 1887 2282 1184 2441 805 389 2055 1037 1639 2287 2434
Route	77 :  1026 2276 1011 976 2261 2226 570 789 1820 2039 450 331 915 456 1581 1700 2165 1706
Route	78 :  102 108 679 1929 1352 1358 138 598 1388 1848 739 889 2139 971 266 1989 106 2221 1516 1356
Route	79 :  197 801 1447 254 2051 1504 895 2145 364 732 550 1614 1982 1800 90 1340
Route	80 :  635 109 1359 1885 387 335 289 1637 1585 1539 880 772 865 2115 2130 2022
Route	81 :  936 1249 2186 2499 911 618 2161 1868 183 750 2000 939 1433 475 41 1291 1725 2189
Route	82 :  763 537 2013 1787 444 696 660 1694 1946 1910 476 516 1084 2334 1726 1766 1110 1199 2360 2449
Route	83 :  593 174 1107 1843 2357 146 1424 195 148 1445 1398 1396 978 864 2228 2114
Route	84 :  1021 1047 2271 2297 568 546 172 1422 1818 271 1796 837 720 778 1521 1970 2028 2087 76 207 1326 1457
Route	85 :  277 1067 1527 942 2192 1189 2317 1208 2458 2439 397 542 724 1974 1792 1647
Route	86 :  656 733 602 1906 1852 1983 502 52 678 1302 1752 206 1928 1456 150 350 1400 1600
Route	87 :  381 1631 47 59 628 1878 1297 869 886 2119 1309 878 2136 714 2128 1964
Route	88 :  1175 2425 23 848 489 2098 1273 1210 1739 1160 2460 2410 118 591 1368 1841 334 286 1536 1584
Route	89 :  634 230 1480 1884 1099 259 1225 1509 2475 2349 17 212 1267 914 1462 2164 1154 2404
Route	90 :  363 879 1613 780 107 2129 601 2030 1357 1851 1076 492 2326 1742 497 303 1553 1747
Route	91 :  793 771 2021 2043 1064 928 231 2178 2314 1481 168 306 1418 297 1547 232 1482 587 1837 287 1537 1556
Route	92 :  39 262 26 1276 1512 30 46 1296 1289 314 1280 859 1564 695 905 2155 1945 1027 2109 2277
Route	93 :  269 787 738 1988 1519 2037 938 141 1391 288 2188 867 1538 462 799 2117 1712 2049
Route	94 :  144 1394 982 2232 870 642 791 1892 2041 2120 722 1171 2421 1149 1972 2399
Route	95 :  187 499 180 1430 1437 491 1741 1749 215 45 1295 190 1465 1440 1172 961 2211 2422
Route	96 :  574 632 888 356 1882 1824 1606 218 323 1468 2138 1573 1185 1224 2474 1115 2435 2365
Route	97 :  555 1805 742 386 1636 1992 999 820 736 1986 2249 974 2070 2224 1039 832 2289 2082
Route	98 :  201 1451 147 611 1397 1861 1219 721 2469 944 1093 2343 2194 1971 257 1220 1075 2470 1507 2325
Route	99 :  873 406 2123 1656 299 1549 525 165 1415 202 1452 986 1775 162 1412 2236
Route	100 :  609 412 1859 1662 494 1059 1103 1195 2309 2353 1744 1028 2445 624 603 2278 1874 1853
Route	101 :  63 1095 1313 703 1082 2332 2345 1953 692 917 434 1684 88 1942 2167 639 1338 1889
Route	102 :  1002 1104 2354 2252 871 1121 2371 2121 862 935 2185 1247 2112 985 2497 2235 359 7 1257 319 1569 1609
Route	103 :  1091 2341 449 452 1702 1699 563 511 666 1916 1761 1062 1813 1145 2312 1106 2356 1246 2395 2496
Route	104 :  464 365 1714 267 765 120 1517 1615 1129 2015 2379 1370 638 1888 893 70 1 1320 1251 2143
Route	105 :  255 465 748 1505 654 1998 1904 260 55 1305 1510 1715 182 156 1406 227 400 1432 1650 1477
Route	106 :  648 945 1898 2195 808 599 922 2058 1849 2172 1196 1051 2446 2301 398 1648
Route	107 :  1227 987 2477 2237 324 643 1893 322 1574 517 1572 1108 1767 996 85 1335 2358 2246 1094 2344
Route	108 :  14 71 1321 1264 455 161 480 173 1705 1730 1411 1423 404 782 1654 745 467 1995 2032 1717
Route	109 :  951 1197 2447 2201 1134 42 2384 1292 500 754 1750 842 2092 2004
Route	110 :  378 395 612 1628 797 1862 2047 1152 153 2402 716 1403 132 1382 1966 248 128 1378 1645 1498
Route	111 :  240 15 65 841 1315 1221 1265 2471 2091 423 802 1673 2052 1490 38 921 1288 2171
Route	112 :  522 718 1772 1120 1968 1078 2370 1178 2428 740 2328 1046 1990 994 2244 2296 658 565 1815 1908
Route	113 :  343 68 850 1593 1318 2100 1162 2412 1061 959 2209 2311 777 2027
Route	114 :  249 251 1499 276 1501 416 1666 1526 116 675 1366 1925 685 477 1240 1935 2490 1250 2500 1727
Route	115 :  1100 126 2350 178 58 1376 1428 1308 853 608 2103 1858 355 590 1605 640 291 1840 1541 1890
Route	116 :  415 762 13 35 2012 1263 1665 424 1674 189 333 1035 2285 1439 1583 1285 5 892 1255 2142
Route	117 :  657 1907 246 29 158 1408 1279 1496 631 717 1881 1967 199 619 1449 124 1374 1244 1869 2494
Route	118 :  610 54 1860 671 1304 1921 11 1261 977 383 2227 1633 790 2040 86 595 1845 1336
Route	119 :  844 166 348 1416 2094 1111 1598 670 2361 1920 689 376 396 1939 1646 687 1626 1937 585 1835
Route	120 :  897 833 225 2147 1475 2083 28 507 1278 713 1963 1757 337 152 1587 512 1762 1402
Route	121 :  1167 1101 2417 811 1165 2351 2415 2061 1234 981 2484 2231 1007 2257
Route	122 :  204 576 1454 1156 1826 1164 2414 2406 223 1473 908 432 1682 626 103 1876 1353 2158
Route	123 :  767 171 669 2017 1421 1919 123 597 1373 706 375 1625 1847 1956 136 72 308 1322 1558 1386
Route	124 :  1114 1072 2322 2364 96 744 540 1790 1346 394 1994 529 1644 547 413 1663 1797 1779 1071 2321
Route	125 :  932 342 2182 1592 960 1006 2256 2210 1248 1235 2498 1151 2485 988 2401 2238
Route	126 :  179 405 411 270 1655 543 1661 1520 1793 1429 810 278 1528 417 2060 1192 1667 2442
Route	127 :  924 788 2174 2038 191 1441 698 1198 513 1948 2448 726 1763 504 1976 818 1754 1166 2416 2068
Route	128 :  644 268 1894 646 1518 1896 858 930 2108 2180 403 272 252 1653 1522 1502 10 1260
Route	129 :  1055 1226 1128 2378 2305 606 2476 883 2133 1856 828 487 2078 950 1737 2200
Route	130 :  751 163 2001 840 1413 357 2090 1607 672 75 358 1325 929 1608 6 1256 2179 973 1922 2223
Route	131 :  127 730 1980 1377 708 279 1529 1958 1031 1049 238 1488 2299 256 2281 768 533 2018 1783 1506 551 1801
Route	132 :  164 1030 2280 909 188 1414 548 485 1798 1169 2419 2159 1735 1438 241 1491 882 620 2132 1870
Route	133 :  636 409 466 1886 1659 1716 1009 200 2259 1450 390 245 1640 374 236 1495 1624 1486
Route	134 :  295 408 1545 1658 273 557 723 1523 1973 1807 874 786 2036 2124 414 1057 1664 2307
Route	135 :  1097 2347 1056 538 2306 1788 1228 564 4 1814 2478 1122 1254 2372 991 309 2241 1559
Route	136 :  264 526 1776 993 2243 1514 307 244 137 1557 1387 1494 966 265 1515 615 2216 650 1865 1900 92 1342
Route	137 :  239 83 442 1692 1489 1333 392 160 354 1642 1604 1410 20 1270 114 18 1268 1364
