Instance name : ber-n2000-6
Authors       : BIG3 - Dmitriy Yampolskiy, Egor Nikolaev and Daria Savina. Smart Logistics Point by the BigThree team (big3.ru).
Date          : 2025-04-22
Reference     : BigThree team (big3.ru)
Solution
Route 1 : 297 887 1887 1297 725 640 1640 330 1725 182 116 1330 1116 1182 815 263 1815 376 1263 863 1376 1863
Route 2 : 589 206 994 1206 1994 602 1589 64 1602 1064 591 751 627 1751 1591 1627 659 1659
Route 3 : 26 793 1026 199 1199 531 1793 239 151 1151 1531 1239 768 328 1768 387 1387 1328 167 1167
Route 4 : 197 998 1998 1197 332 215 1215 449 1332 1449 12 674 1012 1674 394 977 1394 1977 292 731 1292 1731
Route 5 : 486 1486 508 630 1630 371 1508 1371 828 7 1828 1007 149 771 1149 1771 383 603 1383 1603
Route 6 : 699 1699 948 862 405 1862 1948 969 163 1405 455 1969 1163 114 1455 247 1247 1114
Route 7 : 962 1962 802 399 1802 611 1399 920 1611 1920 809 761 1809 1761 386 528 1528 1386
Route 8 : 601 465 1601 1465 572 245 351 1245 817 1351 360 767 1360 910 1817 1767 1910 1572 807 1807
Route 9 : 85 344 1085 745 317 1745 1317 378 726 1378 1726 338 1338 393 1344 1393
Route 10 : 233 728 25 1728 1233 661 1661 760 1025 1760 120 304 1304 590 1590 1120 577 749 1749 1577 526 1526
Route 11 : 981 1981 315 79 1315 829 1829 1079 697 561 1561 511 1697 1511 837 613 1837 1613 227 1227
Route 12 : 891 32 1891 560 1032 1560 92 321 1321 1092 334 112 90 1334 1112 1090 702 1702 928 1928
Route 13 : 210 342 1210 1342 691 269 1691 777 1777 1269 480 717 252 1480 1252 1717 867 1867
Route 14 : 609 5 1609 883 961 1005 397 1397 596 1961 1883 155 1155 797 1596 1797 953 1953
Route 15 : 337 223 1337 1223 488 710 477 1710 960 1477 1488 1960 380 944 1944 256 316 1316 1256 1380
Route 16 : 677 490 1677 1490 262 389 407 1407 1389 1262 672 188 1188 1672 306 622 1306 1622
Route 17 : 957 1957 44 209 1044 352 769 1209 1769 1352 310 825 664 1664 1310 459 1825 1459
Route 18 : 582 692 1582 165 1692 503 801 1503 1165 898 1801 914 1898 11 362 1914 1011 1362 133 1133
Route 19 : 893 938 1893 91 1938 972 275 1091 1275 1972 445 665 990 1990 1445 1665 841 727 1841 1727
Route 20 : 425 66 1425 1066 600 985 1600 1985 382 366 1382 8 1366 1008 530 433 1433 1530
Route 21 : 906 243 1906 763 1243 949 1763 1949 827 31 1031 632 1827 1632 19 17 1019 1017
Route 22 : 201 461 642 1201 1461 1642 323 68 1323 1068 166 644 308 1166 1644 1308
Route 23 : 392 302 76 1392 1076 1302 605 193 420 1605 1420 280 1193 47 1280 441 1047 554 1441 1554
Route 24 : 598 89 1089 1598 248 98 1098 986 1248 680 1680 1986 175 454 1454 1175 46 138 1046 1138
Route 25 : 982 369 194 1982 739 1369 1194 1739 9 156 1156 1009 414 992 1414 1992 281 196 1281 1196
Route 26 : 989 285 1989 1285 216 970 1216 943 1943 1970 737 821 1821 694 1737 1694 567 1567
Route 27 : 183 649 1649 980 1183 545 579 1980 1545 234 370 1579 722 1234 1370 1722 941 1941
Route 28 : 945 1945 652 282 437 1282 966 1652 814 1437 1966 1814 685 678 1685 1678
Route 29 : 850 1850 919 438 1438 581 1919 404 1581 553 1404 319 1319 203 1553 839 1203 1839
Route 30 : 682 729 1729 1682 732 158 368 971 1732 1368 1971 1158 50 214 1050 1214 950 1950
Route 31 : 869 1869 111 221 1111 258 1221 1258 536 1536 18 1018 897 1897 624 1624 101 1101
Route 32 : 324 954 1954 250 1324 772 487 1250 1772 452 1487 1452 880 791 1880 1791 789 229 1789 1229
Route 33 : 543 973 701 1973 1543 1701 963 927 1927 343 1963 447 1343 1447 894 832 1894 1832 173 1173
Route 34 : 2 171 1002 45 1045 1171 232 468 1468 1232 451 902 1451 533 1533 1902 71 1071
Route 35 : 347 1347 619 231 1619 1231 922 1922 51 74 1051 430 1430 1074 450 669 1669 1450 532 1532
Route 36 : 537 28 1537 348 1028 756 1756 1348 860 423 1860 172 1423 618 1172 934 1618 1934
Route 37 : 219 299 1219 72 1072 1299 15 1015 110 819 1110 1819 539 997 1539 1997 492 1492
Route 38 : 773 1773 741 402 1402 1741 213 476 428 1213 1476 1428 141 584 1141 805 1584 668 1805 1668
Route 39 : 288 1288 641 372 1641 1372 107 300 471 1107 1471 826 1300 340 1826 688 1340 1688
Route 40 : 224 266 1224 354 1266 20 1354 1020 740 320 1320 59 1740 610 1059 1610 615 489 1615 1489
Route 41 : 104 776 1776 833 1104 264 1833 1264 884 73 1884 576 1576 78 1073 586 1586 1078 33 1033
Route 42 : 482 875 1482 946 1875 1946 681 538 506 1681 403 1538 1506 706 1706 1403
Route 43 : 207 500 1207 1500 698 475 1475 1698 766 265 931 1766 1931 1265 754 718 1718 1754
Route 44 : 1000 578 226 1578 947 2000 1226 1947 735 499 1499 311 1735 100 1311 505 1505 1100
Route 45 : 358 129 1358 498 1498 1129 157 849 1849 1157 241 313 1241 1313 94 202 1094 1202
Route 46 : 846 1846 942 443 1942 787 1787 1443 608 81 1608 331 1081 1331 52 1052
Route 47 : 444 29 277 1029 1444 713 1277 205 1713 812 1205 1812 565 291 559 1291 1565 1559 755 1755
Route 48 : 13 1013 546 349 1349 301 1546 54 1054 1301 83 810 1810 518 1083 57 1518 1057
Route 49 : 557 177 1177 1557 675 750 1675 1750 318 684 164 1318 895 1684 1164 225 1895 1225
Route 50 : 200 540 1200 879 1540 1879 975 708 1975 1708 517 520 1520 1517 911 1911
Route 51 : 474 48 1474 42 1042 932 43 1048 364 1364 1932 135 1135 1043 462 964 237 1964 1462 1237
Route 52 : 781 519 1519 917 1781 635 1917 1635 660 1660 522 186 1522 864 1186 417 690 1864 1690 1417
Route 53 : 185 419 720 1720 1419 322 1185 792 1322 1792 515 671 1515 758 1671 1758
Route 54 : 95 616 1095 1616 800 890 1890 1800 429 88 1429 147 707 1088 1147 1707
Route 55 : 153 1153 711 1711 853 179 208 1179 1853 1208 125 80 1125 1080 523 1523 391 1391
Route 56 : 858 1858 132 1132 40 566 1040 37 1037 1566 314 312 1314 1312 662 512 1512 1662 176 1176
Route 57 : 658 55 1658 558 1055 326 847 1558 1847 1326 796 4 1004 192 1796 1192
Route 58 : 442 38 1038 1442 757 105 1757 1105 418 218 470 1218 1418 130 1470 1130
Route 59 : 267 273 1267 1273 703 131 996 1703 896 1131 1996 260 1896 440 1440 1260 287 806 1287 1806
Route 60 : 820 119 463 1119 1820 134 327 1463 350 1134 1327 41 1350 1041 529 516 1529 780 1516 1780
Route 61 : 113 1113 716 631 1631 1716 555 274 1274 1555 411 1411 778 816 118 1816 1118 1778
Route 62 : 923 770 1923 1770 36 1036 53 456 1053 625 1456 892 1892 1625 836 700 1836 1700
Route 63 : 742 279 1742 253 1279 97 1097 1253 804 230 1804 145 1230 1145
Route 64 : 551 550 983 1550 1551 1983 23 940 1940 228 1023 987 1228 645 39 1987 1645 1039
Route 65 : 788 1788 935 967 1967 1935 189 126 1126 1189 617 695 1617 160 1695 457 1160 1457
Route 66 : 103 1103 656 783 1783 469 1656 509 1509 435 1469 60 1435 759 1060 1759 628 1628
Route 67 : 30 790 1790 541 1541 743 1030 481 1743 930 1930 748 1481 295 1748 1295
Route 68 : 497 62 1497 1 1062 341 1001 782 1341 478 1782 1478 562 588 1588 122 1562 1122 453 1453
Route 69 : 976 65 1065 1976 361 634 1361 999 1634 915 951 1999 1951 1915 798 1798
Route 70 : 544 1544 542 108 1542 504 614 1504 1108 1614 162 276 1276 1162 859 822 1822 1859
Route 71 : 676 115 1676 673 1115 1673 272 140 1140 667 1272 388 1667 1388 513 1513 84 1084
Route 72 : 117 848 1117 61 1061 1848 866 585 1585 1866 856 142 1856 168 1142 1168 813 1813
Route 73 : 491 845 1491 143 1143 298 1845 1298 834 148 648 1148 1834 840 1648 799 1840 1799
Route 74 : 552 1552 663 415 1415 908 49 1663 1908 885 1885 1049 367 693 1693 1367
Route 75 : 106 1106 571 293 1571 1293 984 995 1984 1995 494 191 811 1494 1191 1811 865 1865
Route 76 : 744 485 307 1485 1744 838 1838 1307 651 974 493 1974 1651 933 365 1365 1493 1933
Route 77 : 655 925 1925 16 1655 670 939 1016 1939 762 1670 620 1762 1620 597 1597
Route 78 : 261 604 1261 1604 574 654 99 1574 1654 1099 284 650 1650 1284
Route 79 : 918 1918 479 1479 779 124 1779 1124 69 1069 109 1109 913 570 1913 1570
Route 80 : 785 534 1534 290 1785 3 901 1290 1003 67 1901 527 1067 257 1527 384 1257 421 1421 1384
Route 81 : 501 195 1501 1195 696 882 1882 1696 775 483 909 1775 1909 1483 152 409 1152 1409 786 1786
Route 82 : 426 637 736 1426 1637 851 1736 916 1916 1851 575 1575 535 406 424 1535 1406 336 1424 1336
Route 83 : 236 270 1236 730 1270 1730 496 959 912 1912 305 1959 408 1408 1305 63 1063 373 1373 1496
Route 84 : 599 547 1599 1547 612 1612 874 1874 823 93 1823 1093 568 1568 136 712 1136 1712
Route 85 : 34 629 638 1034 1629 1638 510 899 1899 14 1014 467 1467 1510 606 24 1606 746 1024 1746
Route 86 : 333 1333 363 714 1363 1714 937 872 1937 77 1872 689 1077 1689 774 595 1595 1774
Route 87 : 434 353 1434 1353 271 818 1271 1818 904 473 1904 861 1473 1861 548 187 593 1548 1187 1593
Route 88 : 639 268 1639 1268 75 174 1075 484 1174 244 1484 524 1524 1244 844 870 1870 607 1844 1607
Route 89 : 979 22 278 1979 1022 1278 169 1169 123 385 1123 70 921 1385 1921 1070
Route 90 : 235 255 1255 803 390 1235 180 1390 1803 1180 854 955 1854 410 1955 647 1647 1410
Route 91 : 184 1184 10 636 556 1556 1010 1636 873 978 339 1339 1873 1978 733 121 1121 1733
Route 92 : 254 466 958 1466 1254 472 1958 563 1472 96 82 1563 1082 1096 356 146 1146 1356
Route 93 : 27 181 1027 871 1871 1181 294 842 1294 1842 128 212 1128 139 1212 1139
Route 94 : 824 178 1178 58 1824 1058 936 666 1936 259 1666 325 1325 1259 738 765 1765 1738 924 222 1924 1222
Route 95 : 396 719 1719 1396 249 309 1309 246 1249 432 1246 1432 238 633 1238 1633
Route 96 : 464 752 1464 507 1752 1507 240 877 1877 929 1240 889 1929 855 1889 1855
Route 97 : 876 86 1086 1876 646 1646 35 653 1035 753 1653 583 794 1753 1794 1583 427 1427
Route 98 : 988 569 1569 1988 878 687 374 1687 1878 1374 643 242 734 1242 1643 1734 87 1087
Route 99 : 721 723 154 1723 1721 1154 6 592 1006 346 1592 1346 303 784 1303 1784
Route 100 : 21 709 1021 1709 431 525 1431 137 1137 1525 458 416 1416 1458
Route 101 : 398 1398 623 159 1623 747 573 1159 1573 1747 412 1412 704 211 679 1679 1704 1211
Route 102 : 495 724 1495 1724 56 594 381 1594 1056 395 1381 683 1395 1683
Route 103 : 868 549 1868 830 1549 835 1830 852 1852 905 1905 190 1190 1835 413 220 1220 1413
Route 104 : 400 439 1439 1400 170 357 965 1357 1170 1965 843 161 991 1843 1161 1991
Route 105 : 952 907 564 1952 345 1345 1564 377 621 1621 1377 715 686 1907 1715 198 1686 1198
Route 106 : 283 795 1283 888 1795 460 1888 1460 422 881 1881 1422 580 993 1993 1580 521 1521
Route 107 : 217 808 1808 204 1217 502 1502 1204 144 1144 956 379 1956 286 1379 1286
Route 108 : 251 1251 900 1900 857 289 1289 1857 657 359 1657 102 1102 903 1359 401 1903 1401
Route 109 : 764 1764 968 329 1329 1968 127 926 1127 375 1375 436 1926 1436 150 296 1296 1150
Route 110 : 355 831 446 1355 1446 1831 587 1587 705 626 1626 448 886 1705 335 1886 514 1448 1335 1514
