Instance name:	ber-n4000-5
Authors:		Carlo Sartori and Luciana Buriol
Date:			2019-2-11
Reference:		A matheuristic approach to the PDPTW (to be submitted)
Solution
Route 1 : 1919 3919 1425 736 3425 555 2736 71 2555 2071 706 2706 806 413 2806 869 2413 1128 3128 2869 1628 1225 3225 1742 3742 1601 3601 3628
Route 2 : 273 1100 243 2243 1469 3100 426 3469 456 2456 2426 1786 3786 529 2529 43 289 1420 3420 2043 2289 410 2410 1439 747 3439 2747 1914 3914 2273 1785 3785
Route 3 : 1849 958 3849 1759 1648 2958 3759 3648 1573 3573 1707 786 2786 505 3707 1223 1652 3652 2505 1802 3802 1371 901 3223 687 3371 2687 2901 765 2765
Route 4 : 991 699 2991 1531 3531 2699 1846 3846 1284 708 3284 1532 3532 2708 982 2982 1299 1559 3299 3559 570 1681 2570 3681 1173 414 2414 393 2393 3173
Route 5 : 60 2060 1549 1065 3065 3549 1078 970 3078 2970 1875 1130 729 3130 3875 662 2662 2729 623 746 2623 514 2746 457 2514 1655 2457 3655 924 2924
Route 6 : 1732 905 3732 1110 2905 1123 3123 3110 783 2783 333 73 2333 2073 771 2771 46 2046 1977 153 2153 1651 3651 1862 3862 460 3977 2460
Route 7 : 1027 3027 661 398 2661 504 2398 629 2504 542 2542 1948 844 3948 2629 2844 1913 1254 3913 3254 1325 1262 3325 3262 964 1249 34 3249 2964 2034
Route 8 : 55 1726 2055 3726 692 1953 2692 3953 717 120 857 2120 2857 2717 683 128 2128 2683 331 2331 1476 864 3476 1031 2864 346 3031 6 2346 2006
Route 9 : 1545 3545 311 1475 2311 3475 180 724 2180 540 2724 2540 1564 3564 1062 3062 133 973 2973 2133 1057 1068 3057 3068 1828 887 1370 2887 3828 3370
Route 10 : 1050 3050 438 2438 984 483 2984 2483 918 559 2559 245 2918 613 75 2075 86 1359 2086 2613 2245 3359 394 136 2136 2394
Route 11 : 1279 679 81 2679 2081 3279 1731 3731 981 1026 2981 1034 3034 1070 3070 8 3026 2008 873 2873 154 2154 1202 3202 205 449 2205 2449
Route 12 : 737 696 2737 1645 3645 1047 2696 1423 342 3047 1024 2342 3423 3024 451 1622 3622 2451 1197 1277 1976 3277 3976 3197 1459 3459 1077 606 3077 2606 593 2593
Route 13 : 350 214 2214 1390 2350 3390 229 1523 1806 3806 3523 2229 1697 1103 3103 3697 260 2260 1194 913 2913 1094 3194 3094
Route 14 : 1589 3589 377 1690 2377 1230 860 3230 1195 3195 2860 741 2741 1624 1783 3624 531 2531 579 3783 2579 1616 3616 653 2653 3690
Route 15 : 1494 3494 1313 996 1269 3269 3313 1700 2996 3700 974 2974 1504 1452 3452 1974 3504 3974 1120 401 2401 1363 3120 1392 3392 1044 1631 3631 3044 569 3363 2569
Route 16 : 59 2059 1000 3000 551 817 2551 1102 2817 3102 427 1188 3188 503 614 2614 2427 1153 1444 816 3444 3153 2816 257 2257 2503
Route 17 : 1716 705 3716 2705 1331 1604 3331 1958 3604 753 3958 2753 375 238 2375 2238 798 2798 464 1163 2464 874 2874 1863 3863 846 2846 3163
Route 18 : 900 2900 112 76 2112 2076 351 1779 2351 285 2285 1595 680 3779 1964 3595 2680 3964 695 2695 1421 3421 750 2750 453 218 2453 2218
Route 19 : 98 324 2324 1228 3228 2098 530 1134 3134 2530 1894 101 2101 1876 3876 3894 1203 144 430 2144 2430 3203 179 2179 1798 3798
Route 20 : 1814 3814 1137 608 2608 3137 773 1030 2773 307 3030 2307 193 220 618 2618 2220 39 2193 832 2039 2832 1281 838 191 2838 3281 2191 1799 140 2140 3799
Route 21 : 1911 792 3911 2792 1470 1107 1402 3470 3107 1636 3402 3636 95 2095 1592 3592 1008 1021 3021 758 3008 2758 704 575 2704 2575 1829 3829
Route 22 : 2 2002 1384 3384 1858 3858 118 1081 2118 3081 1770 822 3770 2822 971 2971 259 225 742 2225 2742 1355 2259 722 2722 3355 1644 730 2730 3644
Route 23 : 564 1848 3848 276 2564 1292 44 2044 2276 3292 693 1860 2693 3860 775 295 2775 2295 198 2198 808 1867 3867 1490 3490 2808 1175 1933 3175 3933
Route 24 : 627 2627 1983 3983 1442 3442 1962 1466 1211 3962 37 3466 3211 2037 1073 3073 1520 1412 3412 492 3520 916 2492 2916 1043 3043 1349 3349
Route 25 : 1352 219 2219 3352 1560 1076 1612 3076 3560 3612 1143 1528 3143 3528 24 1906 3906 2024 369 977 2977 2369 348 1996 3996 2348
Route 26 : 143 455 2455 2143 1609 1083 3609 1454 3083 1301 3454 766 3301 2766 402 439 2402 2439 1717 3717 1380 424 3380 1711 2424 3711 354 1610 3610 2354
Route 27 : 1548 3548 945 1935 239 2239 2945 3935 1821 776 3821 652 2652 2776 74 567 2567 2074 665 812 2812 2665 125 508 2508 2125
Route 28 : 318 538 2538 2318 884 360 2360 2884 1539 897 2897 54 3539 2054 27 1513 2027 748 2748 1011 3513 3011 557 323 2557 2323 1280 496 2496 53 3280 2053
Route 29 : 578 2578 1306 1925 721 2721 3306 1314 3314 3925 50 2050 1178 3178 963 642 2642 2963 1409 1144 1437 3144 3409 3437 171 1896 1474 3474 2171 3896
Route 30 : 819 610 2610 622 2622 471 2471 1155 2819 3155 615 1082 643 2643 3082 2615 595 1391 2595 1347 3347 3391 739 1529 3529 2739 814 2814
Route 31 : 1569 3569 820 2820 1994 726 2726 159 3994 734 1973 2159 3973 1025 2734 3025 1625 3625 1482 520 2520 584 3482 957 1389 3389 2584 2957 1567 3567
Route 32 : 1243 1411 3243 678 117 3411 2678 2117 1678 1900 3678 3900 1856 3856 767 1957 1764 3764 2767 3957 1217 3217 1324 1416 3324 3416
Route 33 : 558 931 2931 2558 284 856 2284 2856 1834 880 3834 2880 20 2020 352 2352 1013 716 1456 3013 300 3456 2716 1820 3820 2300 888 791 2888 2791
Route 34 : 1192 644 720 2644 3192 2720 1317 1805 3805 810 2810 1051 3317 3051 1816 1740 1825 3825 381 115 3740 2115 1880 3880 1099 3816 3099 2381
Route 35 : 525 271 2271 1327 2525 3327 1305 1985 3305 3985 126 2126 268 762 2268 1248 3248 2762 1 2001 1813 175 784 1022 3022 3813 2175 2784
Route 36 : 176 2176 805 2805 1377 19 3377 2019 237 517 2237 487 2517 795 2795 1117 2487 1647 3117 1344 3647 1394 3344 3394 1383 3383 1696 3696
Route 37 : 547 1086 3086 321 2547 1322 2321 1941 3941 3322 349 2349 1748 3748 1189 1419 3189 3419 1436 317 3436 2317 1898 3898 107 1961 2107 3961
Route 38 : 248 356 2356 2248 506 1698 2506 3698 1835 3835 1343 3343 1574 755 463 2463 3574 2755 72 432 2432 2072
Route 39 : 114 2114 251 2251 831 2831 1326 376 141 2376 2141 3326 1946 3946 997 2997 635 1596 2635 3596 536 473 2536 2473 625 1395 3395 2625
Route 40 : 495 2495 1122 341 2341 1417 3122 1231 3417 1232 1321 3321 3231 3232 601 2601 67 85 2067 2085 976 879 2879 7 2976 2007
Route 41 : 116 1067 3067 2116 928 2928 1427 1683 3427 3683 89 950 2089 2950 1414 1526 3414 1199 3526 3199 689 2689 1966 807 195 3966 2807 2195
Route 42 : 1554 3554 586 267 2586 1599 988 465 3599 2465 1298 2988 3298 1838 488 3838 2488 833 2833 674 2674 105 2105 2267 400 1487 2400 3487 165 2165
Route 43 : 1125 1052 3125 3052 1635 872 3635 1541 2872 3541 1778 1218 1378 3778 3378 3218 522 2522 1514 3514 1304 1428 3304 1993 3993 3428 1921 3921
Route 44 : 244 818 2244 2818 458 1309 3309 110 2458 1131 3131 2110 1268 3268 1855 1463 3855 1694 3694 3463 1315 3315 1365 3365 135 1708 3708 2135
Route 45 : 1639 152 3639 2152 415 713 2415 1183 759 2713 3183 756 2759 2756 1650 1208 3208 3650 1261 1422 3261 206 2206 3422 157 445 2157 2445
Route 46 : 3 554 2003 1792 2554 1774 1561 3561 3774 1932 3932 3792 849 2849 1462 3462 1630 1745 3630 980 3745 1887 3887 2980 1527 3527 1522 3522
Route 47 : 1498 3498 1954 3954 368 1020 2368 1789 3789 3020 1969 236 2236 3969 270 1794 3794 2270 619 1665 3665 975 2619 1241 3241 2975
Route 48 : 1101 3101 651 1005 2651 1629 3005 3629 1763 1288 467 3763 1118 2467 3118 1308 3288 1917 515 3917 3308 1233 2515 3233 1259 3259
Route 49 : 1252 3252 915 1449 1660 2915 3660 215 3449 395 2215 166 2395 2166 1066 908 3066 230 2230 550 2550 1693 2908 339 2339 3693 111 1881 2111 3881
Route 50 : 1200 1374 710 3200 3374 1841 2710 3841 1879 617 3879 760 2617 2760 657 1430 1386 3386 2657 3430 199 48 2199 1381 3381 2048 1372 3372
Route 51 : 943 183 1147 3147 2943 2183 899 2899 502 428 2502 1142 2428 3142 839 850 2839 1767 2850 1743 3767 3743 1127 1810 3810 3127
Route 52 : 1918 591 2591 3918 1553 443 3553 2443 544 429 2544 863 2429 94 158 2863 2094 1512 3512 2158 1552 227 3552 2227 1967 1793 3967 174 3793 2174
Route 53 : 384 2384 146 871 2146 2871 1987 1334 3334 3987 209 345 2209 2345 1182 1790 3182 3790 862 2862 1608 612 3608 539 2612 2539
Route 54 : 1424 513 3424 587 2513 2587 1433 3433 435 826 1388 1752 2826 3388 3752 2435 1572 598 1866 3866 2598 382 3572 1216 1575 2382 3575 3216
Route 55 : 589 480 876 2876 2480 2589 1502 290 638 2290 930 3502 668 2638 2930 2668 1499 1577 3499 1071 3577 636 3071 2636 275 2275 967 2967
Route 56 : 1819 477 2477 3819 1296 790 2790 891 3296 2891 1237 3237 325 1373 3373 328 2325 2328 1166 3166 1995 777 2777 446 3995 2446
Route 57 : 670 659 2659 2670 1148 511 3148 789 2511 942 2789 2942 1160 1928 3160 787 1336 3928 3336 2787 1360 416 3360 2416 1450 3450 1999 3999
Route 58 : 917 799 2917 357 682 2357 2799 1201 2682 1393 782 2782 3393 1543 3201 565 3543 698 2698 501 2501 1893 2565 898 3893 2898
Route 59 : 1157 1219 3157 1943 3219 3943 370 497 2370 340 2497 2340 335 1246 2335 694 2694 3246 405 524 2405 2524 355 1198 1755 2355 3198 3755
Route 60 : 216 2216 952 1892 2952 932 3892 602 2932 2602 1643 1342 3342 3643 1046 3046 892 2892 1956 3956 313 2313 1018 3018
Route 61 : 1270 1815 3270 3815 1275 3275 1488 3488 1418 1939 3418 1156 3939 581 2581 148 2148 1350 3350 3156 418 138 2418 2138
Route 62 : 1300 3300 925 1007 2925 3007 631 422 2631 412 2422 2412 903 1632 3632 2903 80 2080 1901 3901 1271 3271 1550 3550
Route 63 : 1615 3615 310 2310 36 1226 2036 1053 3226 3053 1676 3676 1385 3385 1441 1811 1940 3940 3811 740 2740 204 3441 2204 1606 1538 3606 3538
Route 64 : 650 2650 1570 3570 1640 1080 3640 1312 3312 3080 875 2875 921 827 2921 2827 936 2936 1663 3663 1263 3263
Route 65 : 553 247 2553 1367 1497 3367 2247 3497 336 2336 1568 188 2188 1140 3568 1311 3140 361 3311 1019 2361 3019 420 700 2700 2420
Route 66 : 79 1536 3536 1951 2079 1354 3951 727 3354 1975 3975 1251 2727 3251 645 1890 2645 1294 648 2648 3890 3294 102 1847 35 3847 2035 2102 1751 3751
Route 67 : 459 2459 249 2249 250 431 2431 367 2250 2367 1507 3507 1332 1253 3332 278 3253 585 1397 2278 3397 2585 109 2109 1501 461 3501 108 2108 2461
Route 68 : 151 2151 92 281 1542 2281 2092 3542 757 315 2757 1725 2315 3725 1934 3934 1320 3320 1511 1904 3511 949 97 2949 3904 2097
Route 69 : 1668 1850 3668 1884 3850 1988 1179 3988 3884 3179 1882 407 3882 738 2407 2738 123 1224 2123 404 2404 3224 896 2896 1903 3903
Route 70 : 1206 519 2519 3206 1515 1037 3515 3037 1557 3557 1415 385 2385 1508 3415 1004 3508 1132 3004 3132 1661 63 3661 2063 1942 3942
Route 71 : 83 1979 2083 1613 3613 778 2778 3979 69 308 2069 2308 359 2359 1760 1009 3760 532 2532 454 3009 1400 825 2825 2454 3400
Route 72 : 103 2103 572 1706 590 2572 881 2881 2590 576 2576 3706 1164 3164 316 1710 3710 2316 1936 1407 3407 1483 3483 592 2592 303 3936 2303 1741 3741
Route 73 : 302 2302 1104 933 3104 104 2933 358 1017 3017 2104 2358 1181 3181 785 70 2785 2070 1551 1916 3916 167 3551 1812 3812 2167
Route 74 : 1440 535 3440 2535 1016 1803 3016 3803 866 234 2234 2866 599 941 2599 1460 2941 481 3460 371 2481 2371 173 2173
Route 75 : 940 2940 1671 327 3671 1907 2327 628 2628 49 3907 1535 2049 3535 843 1084 3084 2843 1112 3112 1471 3471 855 1250 823 2855 3250 2823
Route 76 : 1432 160 2160 1868 3432 3868 330 2330 728 1832 2728 1187 3832 3187 1204 780 3204 1435 3435 660 2660 2780 194 1307 3307 2194 929 2929
Route 77 : 403 163 2403 1310 2163 2000 4000 338 1404 1227 2338 3404 1809 3227 1728 3728 3809 1566 1990 241 3566 3310 1769 1398 3769 3990 3398 2241
Route 78 : 1154 3154 1169 834 3169 334 2834 1699 2334 3699 1801 3801 1258 1174 3258 306 1772 3772 3174 1723 2306 1297 3723 1455 3297 3455
Route 79 : 752 1788 2752 548 3788 2548 1177 202 2202 3177 1926 3926 1075 3075 1579 3579 507 1376 1240 2507 3240 3376 1090 768 2768 3090
Route 80 : 425 1337 2425 1795 3337 1023 3795 3023 58 603 2058 2603 1133 1193 735 3133 2735 1646 3646 3193 417 2417 1098 725 3098 2725
Route 81 : 1771 224 1447 1184 3447 3184 1382 2224 3382 3771 1853 3853 1085 30 3085 1209 3209 2030 264 1682 2264 1285 3682 3285 1831 1734 3831 1222 3734 1756 3222 3756
Route 82 : 1753 240 3753 685 2240 5 2685 2005 744 1087 2744 3087 119 1106 1095 3095 2119 3106 788 815 91 2815 2788 1749 2091 1328 3749 131 2131 3328
Route 83 : 1836 322 3836 2322 852 2852 29 1583 2029 77 3583 2077 309 2309 1505 836 3505 484 2484 1540 1114 2836 3540 1525 3114 1576 3525 3576
Route 84 : 161 2161 545 1318 2545 3318 1677 1859 3677 965 3859 2965 1369 861 2861 1781 3781 3369 1035 3035 1547 470 3547 1959 2470 3959
Route 85 : 1844 858 1804 3844 3804 2858 139 764 2139 521 2764 1950 3950 2521 1465 434 31 2031 2434 1045 3045 3465 1873 1516 3516 3873 690 2690 1451 3451
Route 86 : 837 379 715 2379 2715 319 2837 2319 1274 3274 676 221 2221 2676 297 2297 1519 998 3519 2998 1980 3980 1273 3273 1413 1403 1335 3403 3413 3335
Route 87 : 616 656 621 2656 2616 1715 2621 3715 266 47 2047 18 2018 246 2266 2246 677 207 2677 2207 129 1720 3720 639 2639 2129 1581 1503 3581 3503
Route 88 : 948 2948 1496 3496 990 1947 3947 373 2373 947 2947 1172 190 3172 1431 2190 1059 3431 3059 23 1688 3688 2023 347 2347 2990
Route 89 : 1036 440 2440 3036 1190 1257 3190 951 3257 634 2951 84 96 2634 2084 769 1908 2096 3908 14 2769 2014 500 2500 1167 3167 1207 1010 3207 3010
Route 90 : 867 1448 3448 1191 2867 472 2472 3191 1291 718 3291 2718 253 2253 397 1791 1265 2397 3791 829 3265 2829 1356 3356 882 624 2882 2624
Route 91 : 447 1626 2447 562 1998 3626 3998 1446 2562 3446 254 2254 182 1565 2182 1669 3565 3669 588 1737 2588 3737 1775 3775 1924 3924
Route 92 : 1843 923 2923 1724 3843 3724 162 534 2534 1340 2162 1346 3340 1329 186 3346 2186 3329 1345 499 3345 212 2499 1493 1899 2212 3493 3899
Route 93 : 1151 733 3151 865 2733 516 2865 1366 2516 149 3366 1923 2149 283 2283 433 3923 1180 3180 2433 1870 305 3870 1927 2305 3927
Route 94 : 11 2011 88 2088 1121 3121 1091 3091 169 2169 1952 1003 3952 1105 3003 1922 3922 1674 3105 630 2630 3674 1244 3244
Route 95 : 1658 3658 1287 1361 992 2992 3361 3287 1978 1467 1680 3680 3467 1727 3727 3978 1146 366 2366 1600 3146 1238 3600 526 1852 3238 2526 3852
Route 96 : 1766 3766 286 512 2512 2286 1491 3491 1787 3787 1458 1049 3458 1981 3049 3981 41 2041 1822 51 3822 2051 711 231 910 2711 2231 2910
Route 97 : 1042 649 482 2649 235 2235 2482 3042 392 802 2392 2802 527 2527 124 2124 1784 372 3784 364 2372 859 2364 389 2389 2859
Route 98 : 1902 3902 552 475 2552 2475 956 1060 2956 518 2518 3060 1854 1905 3905 3854 90 2090 277 1938 2277 1719 3938 1480 3719 3480 301 2301 1685 3685
Route 99 : 378 2378 703 1245 2703 122 3245 380 2380 909 1434 2122 2909 1438 3434 845 3438 2845 1679 1563 1492 3492 1641 3563 3641 821 3679 2821 203 2203
Route 100 : 263 2263 64 2064 1168 801 2801 3168 450 299 2299 1484 2450 3484 906 1558 719 2906 2719 1712 3712 1584 3558 3584 1963 3963
Route 101 : 1965 3965 779 314 920 1865 3865 2314 2779 156 2920 2156 10 2010 1618 228 847 2847 3618 2228 1864 671 3864 2671 1001 66 647 3001 2647 2066
Route 102 : 955 1338 2955 3338 1255 3255 1754 1481 743 2743 3754 3481 1929 3929 232 961 2961 2232 605 1653 1602 2605 3602 3653 292 1776 3776 2292 1991 3991
Route 103 : 841 566 2841 1797 2566 3797 774 2774 1158 170 3158 1119 3119 2170 1399 672 3399 2672 919 563 2919 82 2563 2082 1375 3375
Route 104 : 1072 3072 609 2609 208 478 2208 2478 1818 1826 3818 1215 3826 3215 989 2989 851 543 2851 2543 1857 409 3857 2409 1096 3096
Route 105 : 1495 452 854 3495 2452 1353 1619 2854 3353 3619 907 2907 663 1486 2663 3486 489 1989 2489 3989 1521 3521 1138 3138
Route 106 : 1721 3721 797 1593 3593 2797 326 1744 2326 1861 3861 3744 272 200 2272 1032 2200 3032 1634 1214 3634 223 3214 2223
Route 107 : 1039 3039 1556 3556 99 2099 252 999 2999 1689 2252 1872 386 2386 3689 914 640 2914 1986 2640 3986 597 2597 3872 1627 3627
Route 108 : 52 1909 2052 3909 568 2568 1594 332 2332 1058 3594 3058 1877 1028 1537 3028 3877 3537 1649 3649 1874 523 2523 3874 1889 3889
Route 109 : 1662 78 3662 2078 1807 1048 3048 3807 411 987 2411 2987 1426 1229 1014 3229 3014 3426 279 485 1582 2279 2485 1891 3582 3891
Route 110 : 1170 1333 3333 3170 731 2731 490 262 2262 959 2959 2490 113 2113 168 2168 1709 895 2895 294 3709 582 2582 1713 2294 3713 288 2288
Route 111 : 1703 3703 953 1109 3109 2953 61 1272 2061 17 2017 3272 196 1041 2196 3041 1113 902 3113 1955 3955 2902 462 2462
Route 112 : 150 749 1997 3997 1316 2150 1489 723 2723 3316 1591 3489 3591 985 155 1079 2155 2985 3079 2749 493 1611 3611 1534 1758 3758 3534 2493 142 2142
Route 113 : 185 1235 2185 1152 1718 3235 3152 3718 828 1387 3387 1702 2828 134 3702 365 2365 2134 100 1705 3705 2100 583 1623 2583 3623
Route 114 : 282 1457 2282 3457 187 1319 3319 2187 853 803 983 2983 2803 2853 968 1590 2968 32 3590 132 2032 2132
Route 115 : 1445 3445 1830 1064 3830 926 3064 1667 3667 604 1323 3323 2604 1135 2926 1302 3135 3302 197 1510 1477 3477 2197 486 2486 3510 1691 3691
Route 116 : 1396 3396 1546 1851 1765 3851 3546 1883 3765 1357 1761 3357 3761 893 3883 1124 1885 3885 2893 3124 1886 56 2056 3886
Route 117 : 830 1580 1777 3777 3580 1920 3920 261 2261 1040 3040 935 2935 561 2561 1092 28 3092 2028 26 391 2391 1029 3029 2026 1757 3757 2830
Route 118 : 697 2697 1982 712 2712 3982 1176 3176 641 1339 2641 707 3339 763 2707 2763 1701 3701 702 387 2702 2387
Route 119 : 406 2406 1205 3205 1129 3129 1992 1930 3992 3930 1968 3968 1524 3524 1061 3061 1089 3089 25 1518 3518 2025 883 1654 1159 3654 3159 2883
Route 120 : 1672 1735 3735 3672 87 1150 3150 2087 796 1833 2796 1796 3796 3833 181 1074 3074 1055 1408 3055 1945 3408 2181 3945 1839 1033 3839 3033
Route 121 : 510 1509 3509 396 2396 1897 3897 1949 3949 2510 421 1695 3695 2421 870 1002 2870 3002 256 1729 2256 3729 1185 1533 3185 3533 21 2021
Route 122 : 1405 3405 329 1260 3260 192 2329 441 2192 944 2441 2944 1840 3840 1162 654 494 2654 1684 3162 2494 3684 1500 3500 1642 3642 1038 3038
Route 123 : 1762 1827 3762 1341 3827 667 3341 2667 1242 1746 3746 145 2145 3242 68 211 2211 2068 1842 528 3842 1266 2528 3266 1587 1837 1165 3165 3837 3587
Route 124 : 794 1429 344 2794 3429 2344 1588 1234 3588 3234 927 2927 1247 1598 3247 673 3598 2673 388 611 2388 2611 1692 3692
Route 125 : 979 633 2633 57 2979 1817 2057 3817 130 1256 2130 577 3256 2577 1145 1666 3145 1063 3063 3666 637 1111 2637 1960 3960 3111
Route 126 : 904 1673 2904 3673 686 1286 2686 3286 1364 3364 304 1944 2304 995 2995 3944 106 946 2106 147 2946 2147 42 2042 646 2646
Route 127 : 448 2448 972 1358 2972 3358 1097 1186 3186 184 3097 2184 1351 3351 607 1069 2607 1614 3069 3614 600 1290 2600 1937 3290 1971 3937 3971
Route 128 : 960 2960 1544 1239 3544 1015 3239 3015 1722 474 3722 2474 890 620 2620 2890 217 2217 213 408 2408 1773 3773 1768 2213 3768
Route 129 : 1267 1379 840 3379 3267 1054 1236 2840 3054 1670 3670 13 3236 1738 2013 437 3738 1664 2437 954 1210 3210 3664 2954 1464 1289 3289 3464
Route 130 : 1171 3171 265 2265 1931 922 3931 2922 939 1485 2939 3485 45 868 2045 2868 842 701 2842 2701 937 573 2937 2573 1330 3330
Route 131 : 1362 3362 1621 287 2287 3621 1056 3056 1468 3468 813 969 2969 2813 1607 3607 1141 374 3141 848 2374 353 2848 1213 2353 38 3213 2038
Route 132 : 469 2469 121 258 2121 2258 1453 466 2466 3453 62 549 2549 1605 2062 681 468 2468 2681 3605 1704 1972 3972 3704
Route 133 : 580 541 1108 2541 1012 2580 3108 436 3012 2436 993 127 2993 2127 666 2666 804 242 2242 2804 1221 3221 886 1410 2886 1586 3410 3586
Route 134 : 1093 1473 3473 3093 894 2894 1264 1115 3115 3264 1687 201 2201 1733 3733 1633 3687 3633 938 2938 688 320 2688 2320 423 2423
Route 135 : 291 885 2291 2885 594 835 2835 2594 1406 571 3406 1295 2571 3295 877 1555 3555 1006 2877 3006 15 2015
Route 136 : 93 632 2632 1888 2093 3888 1212 1912 3912 1562 3212 3562 479 442 2479 476 2476 2442 781 811 2781 269 1220 2811 3220 2269
Route 137 : 1984 560 1895 1368 2560 3368 3895 3984 293 362 2293 1659 3659 2362 596 1910 210 2596 2210 3910 1675 1736 3736 3675
Route 138 : 1656 1657 3657 3656 754 2754 1196 1714 3714 684 3196 691 1871 2684 3871 40 2691 2040 1869 296 3869 889 2296 878 2878 2889 1617 3617
Route 139 : 770 419 2419 2770 1276 3276 399 533 2399 2533 172 1637 2172 3637 761 772 1782 911 2772 1808 3808 2911 2761 1478 3782 3478 178 12 2012 2178
Route 140 : 1824 498 3824 1970 2498 546 3970 491 2491 1730 3730 1845 3845 912 298 2912 2298 556 2556 255 2255 226 1800 3800 2226 2546
Route 141 : 1126 3126 675 1278 2675 390 3278 2390 1479 732 3479 714 978 2732 2978 2714 1161 800 2800 3161 1303 3303 1283 3283 658 2658
Route 142 : 1603 363 3603 1620 2363 3620 793 1780 3780 2793 1472 962 2962 1517 3472 3517 343 1739 509 2509 2343 3739 383 337 2337 2383 1506 3506
Route 143 : 1348 1747 3747 3348 444 994 2444 934 2994 1823 3823 2934 280 2280 1597 3597 669 16 2669 2016 1571 3571 1750 3750 1443 3443
Route 144 : 1461 3461 1149 1530 3530 1585 3149 3585 1638 1136 3136 3638 65 1088 2065 3088 745 137 2137 2745 1293 3293 164 2164 809 2809 1878 3878
Route 145 : 33 4 2033 2004 274 222 2222 2274 1686 177 3686 2177 751 1139 2751 189 3139 986 22 2189 2986 2022 709 1401 2709 3401
Route 146 : 537 626 2626 2537 574 1282 233 3282 2574 966 2233 9 2009 2966 312 2312 824 2824 664 2664 655 1116 3116 2655 1578 1915 3578 3915
