Instance name : ber-n2000-3
Authors       : BIG3 - Dmitriy Yampolskiy, Egor Nikolaev and Daria Savina. Smart Logistics Point by the BigThree team (big3.ru).
Date          : 2025-04-22
Reference     : BigThree team (big3.ru)
Solution
Route 1 : 930 236 914 1930 1914 200 1200 78 278 1236 201 1278 1078 854 1201 1854
Route 2 : 919 415 946 1919 501 900 1946 405 1900 1415 1501 176 249 1176 1405 1249
Route 3 : 890 279 856 1890 674 1856 1674 1279 185 30 1185 627 1030 1627
Route 4 : 177 104 1177 395 1104 827 1395 819 135 1135 1827 1819
Route 5 : 384 1384 652 108 417 1108 515 1417 1652 1515 826 1826
Route 6 : 216 935 1216 863 609 1863 211 1935 75 1609 990 1075 1990 1211
Route 7 : 586 32 1032 110 1586 1110 729 743 955 1729 1743 1955
Route 8 : 29 1029 748 659 944 1748 520 1944 1659 784 506 1506 1784 1520
Route 9 : 723 658 1658 594 1723 394 915 1594 1915 1394 927 512 1512 1927
Route 10 : 281 12 373 1281 124 1124 1012 275 1275 317 1373 1317
Route 11 : 215 92 349 1092 1215 360 488 1349 1488 318 718 438 1438 1360 1718 1318
Route 12 : 74 1074 603 357 368 1603 559 1357 504 1504 1368 153 731 1153 1559 1731
Route 13 : 862 698 1862 838 1698 664 1838 830 1664 625 1830 1625
Route 14 : 884 530 54 1530 1884 570 525 1054 4 1570 1004 1525 640 1640
Route 15 : 994 401 1994 169 1401 8 538 1008 1169 537 1537 1538
Route 16 : 497 500 1500 985 3 1497 1985 397 824 1003 1397 1824
Route 17 : 208 221 1221 794 858 1208 1858 1794 495 540 1495 1540
Route 18 : 571 239 1571 1239 840 934 509 1840 1934 1509 311 250 1311 1250
Route 19 : 662 937 245 1937 1662 966 83 1245 629 1629 1083 1966
Route 20 : 969 765 422 1422 1969 154 725 1725 1765 411 1411 1154
Route 21 : 2 739 1002 1739 51 26 1026 204 790 1204 964 1790 1051 1964
Route 22 : 65 390 1390 475 1065 348 918 1475 1918 1348
Route 23 : 855 850 87 1850 367 1087 1855 1367 560 66 1560 127 1066 1127
Route 24 : 314 1314 489 316 872 1316 1489 329 1329 1872 752 701 1701 1752
Route 25 : 868 85 1868 782 789 1789 466 1085 1466 1782 898 749 1749 1898
Route 26 : 494 393 610 1494 1610 121 1121 1393 903 1903
Route 27 : 193 818 1818 911 1193 374 5 1005 778 1911 1374 1778
Route 28 : 469 474 95 188 1095 1188 119 875 1474 1469 1119 742 1875 1742
Route 29 : 408 933 361 831 1933 1408 774 479 1361 1831 1774 1479
Route 30 : 519 992 1992 685 1519 888 1685 1888
Route 31 : 418 102 1418 641 577 1102 619 1641 1619 1577
Route 32 : 800 534 1534 1800 40 388 993 1388 1040 1993 638 1638
Route 33 : 109 583 1109 869 1583 657 21 1869 291 1657 780 1021 1291 1780
Route 34 : 921 1921 173 987 81 1173 1987 1081 203 1203
Route 35 : 404 13 217 1013 284 1284 1404 214 122 1122 1214 1217
Route 36 : 844 111 999 648 1648 692 1111 112 1844 633 1692 1112 1999 1633
Route 37 : 182 28 1028 468 1182 333 867 1468 902 548 1902 1333 1867 1548
Route 38 : 715 618 1715 953 951 1951 212 1618 694 1212 450 1953 1450 1694 518 1518
Route 39 : 939 486 1939 140 1140 82 1486 908 1908 1082
Route 40 : 57 864 1864 820 1057 1820 948 1948
Route 41 : 41 491 1041 881 1491 206 529 1206 1881 847 1529 1847
Route 42 : 493 614 1493 339 669 1614 581 1669 1581 1339 961 1961
Route 43 : 642 309 1642 129 413 541 1309 1413 1129 760 814 1814 1760 1541
Route 44 : 573 521 986 1573 860 1521 805 1986 1805 1860 952 1952
Route 45 : 42 288 744 1042 517 1288 1744 11 622 1011 1517 1622
Route 46 : 879 25 1879 1025 511 841 1511 160 1160 1841
Route 47 : 842 256 1842 396 636 268 1268 712 1636 1256 1396 672 1712 1672
Route 48 : 238 156 1238 241 1156 274 1241 320 343 1320 1343 1274
Route 49 : 750 601 1750 988 1601 982 1982 1988 386 1386
Route 50 : 532 356 463 1463 194 1356 1532 1194 974 897 678 1678 1897 1974
Route 51 : 63 720 61 1720 447 271 1447 1063 962 1962 1061 960 1271 1960
Route 52 : 894 1894 449 861 300 1861 566 1300 1449 524 788 1566 1524 1788
Route 53 : 628 690 1690 874 582 1582 639 634 1628 1639 803 1874 1634 93 1803 1093
Route 54 : 829 848 1829 240 1848 563 679 1679 828 1240 1563 904 1828 1904
Route 55 : 556 567 1567 412 991 1556 70 595 1412 1595 1070 199 1991 1199 410 1410
Route 56 : 59 724 1059 1724 741 543 1741 719 1543 958 1719 1958
Route 57 : 931 465 1931 1465 53 620 302 1302 1053 1620 145 815 1145 1815
Route 58 : 822 681 1822 1681 399 956 1399 523 645 1956 761 1523 1645 1761
Route 59 : 341 726 568 1341 429 1429 938 1726 833 1568 1938 1833 69 1069
Route 60 : 615 1615 941 564 252 1564 253 873 1253 247 1873 1252 1247 1941 158 1158
Route 61 : 480 656 716 1480 1656 1716 772 755 1772 708 1755 759 1759 1708
Route 62 : 661 62 843 1661 998 643 1998 1643 187 1062 20 1187 983 323 1983 1020 1843 1323
Route 63 : 839 599 650 1839 1650 1599 578 786 816 1578 1786 1816 351 1351
Route 64 : 242 56 1242 513 1513 1056 795 80 1080 689 1795 219 587 1219 1587 1689
Route 65 : 294 120 452 1452 773 751 1294 1773 598 1120 783 1751 1598 1783
Route 66 : 809 437 1809 923 1437 315 965 1923 885 1965 36 1885 1315 1036
Route 67 : 745 1745 954 533 1533 344 1954 16 1016 1344 883 546 1883 1546
Route 68 : 735 851 653 1851 43 1653 1043 324 544 1735 1544 1324 857 1857
Route 69 : 697 801 781 1697 1801 461 1781 298 600 1298 432 1461 1600 1432
Route 70 : 579 244 205 1579 91 1205 804 1091 289 1804 791 1244 1791 378 1289 1378
Route 71 : 606 90 1606 55 1090 398 730 1730 424 1424 1055 593 1398 1593
Route 72 : 591 482 1482 1591 476 637 290 1290 1476 671 1637 231 1671 1231
Route 73 : 580 305 38 1038 1580 740 1305 971 1740 292 1292 1971 353 1353
Route 74 : 433 505 1505 553 1553 414 1414 1433 733 617 1733 1617 597 1597
Route 75 : 389 19 1019 1389 142 502 118 1118 1142 607 1502 1607 647 1647
Route 76 : 377 27 700 1700 1377 909 1027 84 1084 313 1909 58 1313 1058
Route 77 : 365 107 1365 1107 77 1077 345 808 1808 1345 371 136 1371 1136
Route 78 : 347 1347 455 624 922 1455 1624 67 1922 1067 6 779 1006 1779
Route 79 : 338 572 1338 1572 196 131 220 1196 1220 635 1131 443 1443 1635
Route 80 : 260 166 978 1166 565 1260 1978 604 917 1565 1917 736 1604 1736
Route 81 : 459 1459 709 821 1821 146 376 321 48 1146 1376 243 1709 1321 1048 1243
Route 82 : 207 677 1207 721 1677 1721 155 695 895 1695 812 1155 1812 1895
Route 83 : 190 230 45 1190 1230 477 246 1246 331 1045 262 1477 1331 1262
Route 84 : 180 766 704 1766 402 1180 261 1704 406 1406 1402 1261 536 1536
Route 85 : 172 660 296 1660 1172 325 1296 453 905 1325 264 1905 1264 1453
Route 86 : 134 588 73 1134 702 1702 1073 516 550 1588 1516 50 1550 1050
Route 87 : 133 925 138 1925 1133 1138 105 319 1319 144 1105 426 1144 1426
Route 88 : 103 584 1584 35 764 621 1103 409 1764 1035 1621 687 1409 1687
Route 89 : 98 258 1098 72 852 676 1072 1676 1258 792 686 1852 1686 1792
Route 90 : 88 462 1462 439 1088 137 301 1137 7 1301 94 1439 1007 1094
Route 91 : 86 363 1363 753 1086 31 470 1031 1753 171 1470 776 1171 1776
Route 92 : 350 369 1350 942 1369 407 1407 346 167 1167 1942 1346 901 799 1799 1901
Route 93 : 970 1970 152 434 1152 746 1434 668 425 1668 1746 1425
Route 94 : 945 49 1049 1945 703 307 1307 1703 747 141 1747 1141
Route 95 : 929 159 1159 423 1423 1929 798 235 1235 1798 605 1605
Route 96 : 912 666 1666 510 1912 403 916 1510 71 1916 1071 1403
Route 97 : 899 163 507 1507 1163 963 1899 1963 490 150 1490 1150
Route 98 : 866 392 893 1866 1392 46 304 630 1304 1630 1046 1893
Route 99 : 845 663 1663 254 936 1845 1254 15 1936 947 1015 1947
Route 100 : 817 76 1817 675 259 1076 498 1675 531 1259 1531 1498
Route 101 : 767 451 191 1767 1191 68 527 1451 777 1068 1527 1777
Route 102 : 757 195 326 1195 576 1326 1757 1576 263 807 1263 1807
Route 103 : 229 1229 165 335 286 1335 557 1165 1557 441 1441 683 793 1286 1683 1793
Route 104 : 727 157 526 1727 968 1157 1968 1526 266 762 1266 1762
Route 105 : 722 1722 64 431 1431 631 880 1064 1631 1880 202 1202
Route 106 : 717 989 1717 644 1644 1989 181 370 106 1370 1106 1181
Route 107 : 699 810 1810 1699 445 336 44 1445 1044 1336 161 1161
Route 108 : 626 616 1626 882 1616 149 1149 385 926 1882 1926 1385
Route 109 : 569 775 1569 265 1775 1265 910 234 1910 555 1234 1555
Route 110 : 561 1561 442 654 1654 1442 871 147 906 1871 1147 1906
Route 111 : 549 458 130 1458 710 1710 1549 1130 834 768 1834 1768
Route 112 : 522 835 691 1691 1835 232 1522 552 1552 342 1232 1342
Route 113 : 499 796 1796 891 448 1891 89 1499 754 1754 1089 1448
Route 114 : 189 957 973 1189 113 1973 287 1287 1957 853 665 1665 1113 1853 126 1126
Route 115 : 471 769 1471 123 33 1123 924 1769 355 1033 1355 1924
Route 116 : 379 79 1079 168 1379 1168 383 478 1478 1383 178 1178
Route 117 : 328 327 907 1907 1328 162 1327 352 1162 1352 680 1680
Route 118 : 273 1273 602 293 1293 9 1602 1009 984 427 1984 1427
Route 119 : 269 976 100 1976 554 1269 496 1100 1554 592 1592 1496
Route 120 : 255 975 802 1255 1975 1802 132 18 282 1018 1282 1132
Route 121 : 218 225 1218 514 1225 381 1514 797 380 1797 1381 1380
Route 122 : 192 436 1192 846 756 1756 997 785 1846 1436 1997 1785
Route 123 : 148 117 1148 1117 670 364 1364 1 1670 943 1001 1943
Route 124 : 143 707 382 1143 1707 372 1372 295 1382 312 1295 1312
Route 125 : 34 596 1034 222 1596 460 251 1251 428 1222 1460 366 542 1428 1542 1366
Route 126 : 97 738 1097 632 237 1738 806 1237 1632 1806 979 1979
Route 127 : 60 299 1299 551 1060 96 1096 257 1551 283 1257 1283
Route 128 : 39 210 1210 115 1115 920 1039 223 1920 667 1667 1223
Route 129 : 23 771 1771 1023 849 547 1547 101 1849 1101 198 1198
Route 130 : 10 770 1010 836 977 1770 1977 949 1836 811 1811 1949
Route 131 : 892 1892 444 967 1967 613 1444 375 1375 1613
Route 132 : 878 932 1878 1000 2000 1932 696 416 1696 1416
Route 133 : 813 876 1813 940 1940 1876 186 197 1186 1197
Route 134 : 763 508 1763 1508 589 277 673 1589 1277 1673
Route 135 : 651 737 1651 226 1226 1737 896 213 1213 1896
Route 136 : 24 267 1024 865 832 1865 995 1995 248 1832 485 22 1485 1022 1267 1248
Route 137 : 575 996 464 1464 1575 52 1996 1052 959 1959
Route 138 : 539 128 1128 440 1539 1440 889 340 1340 1889
Route 139 : 421 391 1421 1391 272 454 535 1272 1535 1454
Route 140 : 354 585 1354 734 823 1823 1585 887 1734 1887
Route 141 : 322 528 456 1456 233 1528 1322 870 1233 1870
Route 142 : 310 590 1310 693 1590 682 1682 306 1693 1306
Route 143 : 280 467 1280 308 1467 139 1308 183 1139 1183
Route 144 : 174 330 1330 646 1174 125 1646 457 1125 1457
Route 145 : 151 732 209 1151 1732 332 1209 655 1655 1332
Route 146 : 825 1825 558 47 612 1047 1558 1612
Route 147 : 972 420 913 1972 14 362 1420 1014 1362 758 1913 37 1758 1037
Route 148 : 285 1285 116 711 1711 623 1116 1623
Route 149 : 164 276 574 1276 649 1164 1574 1649
Route 150 : 706 224 1706 1224 728 484 1728 1484 99 481 1481 1099
Route 151 : 175 705 170 688 1705 1170 1175 1688 492 487 1492 1487
Route 152 : 179 1179 950 1950 430 472 435 1435 1430 483 1472 1483
Route 153 : 837 473 928 1928 1837 419 1473 787 359 1787 608 1419 1359 1608
Route 154 : 358 684 400 1400 611 1358 1684 227 980 1227 859 1980 1611 1859
Route 155 : 303 503 114 714 1114 1503 1303 446 1446 1714 337 1337
Route 156 : 562 877 1877 1562 886 184 387 1184 1387 713 1886 1713
Route 157 : 17 545 1545 1017 297 334 1334 981 1297 270 1981 228 1228 1270
