Instance name:	ber-n200-2
Authors:		Carlo Sartori and Luciana Buriol
Date:			2019-2-11
Reference:		A matheuristic approach to the PDPTW (to be submitted)
Solution
Route 1 : 71 171 99 55 155 199 43 65 165 143 20 120 74 14 114 13 174 66 113 166
Route 2 : 9 58 109 30 130 158 60 80 160 11 180 79 111 59 179 159
Route 3 : 96 62 38 100 162 196 138 51 151 69 21 169 200 121 28 128
Route 4 : 4 85 185 61 104 34 161 134 17 86 22 117 97 122 44 197 186 144
Route 5 : 23 52 42 123 152 142 68 41 168 141 25 125 91 191
Route 6 : 63 163 19 119 57 64 164 56 157 156 77 177 89 10 189 110
Route 7 : 2 93 102 193 78 18 118 5 49 149 105 40 75 175 140 81 181 178
Route 8 : 37 94 137 194 87 46 187 146 76 39 176 88 139 188
Route 9 : 72 3 47 84 36 136 184 147 103 98 198 82 172 35 182 135 53 6 153 106
Route 10 : 54 48 154 148 26 126 15 8 115 73 108 24 173 124
Route 11 : 83 7 107 183 45 32 145 132 90 33 27 67 133 127 167 190 29 129
Route 12 : 92 31 70 170 192 16 116 95 131 50 1 150 101 195 12 112
