Instance name:	ber-n2500-4
Authors:		Carlo Sartori and Luciana Buriol
Date:			2019-2-11
Reference:		A matheuristic approach to the PDPTW (to be submitted)
Solution
Route 1 : 648 34 1898 429 318 1568 529 1679 1779 1284 802 2052
Route 2 : 664 403 176 1914 467 1426 195 1717 447 1653 1697 1445
Route 3 : 322 978 1572 433 560 1810 401 2228 1683 1651 623 222 1472 1873
Route 4 : 481 693 644 1894 1943 339 266 1516 208 1458 1589 629 1879 1731
Route 5 : 247 41 1497 1291 742 1992 122 373 499 1623 726 1372 1749 1976
Route 6 : 522 951 1772 243 779 2201 441 179 2029 1691 1429 1493
Route 7 : 511 1761 251 362 675 1925 1612 332 548 1798 1582 786 1501 800 2036 2050
Route 8 : 204 573 1454 134 411 784 1823 91 1661 2034 1384 1042 1341 2292
Route 9 : 806 225 292 27 1277 1475 364 2056 1614 1542 109 1359 1030 2280
Route 10 : 536 367 1617 281 1786 1531 698 818 153 1403 608 1948 1858 2068
Route 11 : 135 1385 492 822 494 1742 563 2072 738 1744 1813 1988
Route 12 : 832 634 2082 722 1972 1884 387 606 1856 1637
Route 13 : 76 280 656 731 1530 82 654 1332 1906 436 1326 1981 1904 1126 1686 2376
Route 14 : 216 410 396 1660 1646 1466 249 84 834 1499 542 1792 1334 2084
Route 15 : 141 160 1391 484 1410 1734 848 2098 219 422 817 1672 2067 1469
Route 16 : 852 194 528 2102 1778 812 1444 142 184 2062 1434 516 1392 1766
Route 17 : 237 115 861 2111 842 2092 819 1365 858 1487 2069 121 2108 1371
Route 18 : 764 212 864 2014 111 2114 1462 1361 570 592 767 1820 2017 1842
Route 19 : 461 1711 395 614 1645 859 330 1580 224 2109 1864 866 1474 2116
Route 20 : 300 872 2122 22 36 1272 296 299 1550 1549 325 1546 1575 1286
Route 21 : 820 621 1871 2070 874 119 145 2124 1369 813 1395 2063 257 1507
Route 22 : 875 390 2125 4 1640 1254 678 466 284 1534 1928 749 1716 1999
Route 23 : 445 1695 881 108 2131 210 1460 116 1358 409 1366 646 1659 1896
Route 24 : 337 1587 376 1626 718 272 884 1522 546 1008 2258 1796 1968 2134
Route 25 : 839 185 853 2103 870 1435 886 2120 801 2136 686 2051 2089 1936
Route 26 : 258 24 1274 452 319 513 1508 1702 1763 1569 893 2143
Route 27 : 613 895 2145 1863 303 130 397 649 1553 259 1899 1380 1647 1509
Route 28 : 545 765 1795 223 1473 514 2015 1764 144 518 1394 1121 1768 2371
Route 29 : 836 112 1362 2086 905 505 1755 475 2155 75 1725 1325
Route 30 : 562 620 1870 154 1812 1404 926 2176 871 849 2099 681 1931 2121
Route 31 : 720 416 309 1970 928 288 1666 1538 1559 2178 124 1374
Route 32 : 666 186 81 569 929 1916 756 2179 1436 2006 1819 1331
Route 33 : 315 815 1565 2065 170 659 694 1420 520 679 1770 1909 1929 642 1892 1944
Route 34 : 746 118 1996 1020 1116 1368 2366 517 2270 1767 209 803 2053 1459
Route 35 : 947 550 2197 273 1523 421 1671 1800 903 867 2153 382 1632 2117
Route 36 : 477 269 725 1727 1519 597 1847 1975 1180 324 6 2430 1574 1256
Route 37 : 954 958 2208 811 159 1409 846 2061 2204 384 383 2096 1634 1633
Route 38 : 79 1329 413 917 959 561 1811 2209 150 2167 1400 193 1663 1443
Route 39 : 58 697 1947 1308 19 689 1204 1269 215 1465 1939 1006 2454 2256
Route 40 : 540 346 922 2172 981 1790 2231 1596 695 368 1945 1618
Route 41 : 700 168 754 1418 327 1577 268 1950 723 2004 1518 985 1973 2235
Route 42 : 29 891 2141 1279 856 892 2106 220 987 1470 2237 342 2142 1592
Route 43 : 524 1774 690 792 2042 988 1940 980 2230 201 1050 1451 2238 2300
Route 44 : 183 601 1433 72 1001 1851 807 1322 2057 752 2251 2002
Route 45 : 1012 668 2262 590 480 1840 1730 840 1918 231 553 1481 2090 1803
Route 46 : 254 1504 728 1015 1978 955 1190 2205 2265 1237 2487 493 2440 1743
Route 47 : 66 1316 1021 20 795 2271 1270 692 2045 454 1704 298 1942 828 2078 1548
Route 48 : 459 37 1709 1287 345 1024 1595 992 912 283 2242 2162 1533 2274
Route 49 : 97 735 1985 1347 1025 293 2275 705 1543 552 1802 1955
Route 50 : 287 915 1537 2165 320 554 11 1027 1570 1261 2277 1804 602 1852
Route 51 : 1079 591 2329 1841 933 565 1036 1815 2286 894 2183 392 1642 2144
Route 52 : 491 556 132 1806 1382 173 1043 1741 1423 2293 227 87 1018 1477 1337 2268
Route 53 : 1045 594 651 2295 662 1844 791 1912 1901 361 962 2041 2212 1611
Route 54 : 1098 2348 357 1607 489 990 732 1982 1051 1739 2301 1165 2415 2240
Route 55 : 333 777 1583 312 226 2027 727 1476 1055 2305 93 1343 33 1283 1977 1562
Route 56 : 70 473 1723 351 1320 169 750 1057 1601 123 2307 2000 1419 217 1373 1467
Route 57 : 1160 277 157 1094 1407 1058 2410 2344 527 2308 359 1527 458 1609 1777 1708
Route 58 : 418 939 1059 2189 2309 1217 2467 1016 2266 1668 105 448 1698 1355
Route 59 : 420 148 1670 632 1398 1060 1882 896 2310 2146 207 65 1315 1457
Route 60 : 349 1599 262 1512 826 778 2076 1063 2028 462 2313 457 1707 704 1712 1954
Route 61 : 46 702 1952 71 1065 1296 2315 645 1321 687 1895 158 1937 1408
Route 62 : 1067 2317 442 488 205 1455 1692 67 1738 1317 53 229 1479 1303
Route 63 : 774 2024 88 989 2239 1338 1047 1077 2327 971 2221 2297 979 2229
Route 64 : 932 98 1348 234 2182 1484 918 136 1386 747 51 370 2168 1997 1620 1301
Route 65 : 188 611 1438 85 1861 235 1335 997 1032 1485 1080 2282 2330 2247
Route 66 : 682 350 1932 1600 930 2180 1007 1081 304 2331 310 1554 1560 2257
Route 67 : 83 1333 898 198 2148 1448 316 599 1849 1566 965 1082 2332 2215
Route 68 : 468 788 439 1718 1072 2038 90 1689 948 2322 2198 1340
Route 69 : 1000 1086 1039 1242 456 2336 525 1775 2250 311 2492 2289 972 1561 1706 2222
Route 70 : 45 733 1087 1295 551 1801 377 1983 230 2337 1627 1480
Route 71 : 598 444 1848 1694 190 92 1342 916 2166 703 1089 1953 2339 1440
Route 72 : 57 873 2123 790 1307 21 2040 860 1090 1271 877 2340 2127 571 1821 2110
Route 73 : 1092 887 1078 2342 976 2328 2226 696 572 1172 2137 2422 1822 1946
Route 74 : 117 495 1093 850 2343 1367 2100 1745 1066 253 1062 2316 2312 1503
Route 75 : 1095 2345 586 430 1836 394 1680 890 487 1644 2140 1737
Route 76 : 796 35 2046 1285 538 329 1788 783 172 1579 2033 1422
Route 77 : 59 1309 139 236 1389 944 1486 1105 843 2355 582 2194 1832 2093
Route 78 : 1108 673 2358 942 635 2192 793 712 1923 2043 1962 1885
Route 79 : 506 1109 1756 77 713 1327 1963 2359 49 1088 1299 161 1411 2338
Route 80 : 450 1069 2319 1700 604 535 1111 1785 1854 2361 285 1535
Route 81 : 353 460 1603 907 2157 1710 717 1967 68 1114 1318 334 2364 1584
Route 82 : 479 1061 530 771 2311 1780 1729 647 2021 1115 761 2365 1897 2011
Route 83 : 780 729 660 1979 1910 716 1966 2030 983 2233 1210 13 2460 1263
Route 84 : 48 15 1298 1117 1265 1207 2457 2367 539 758 2008 1789
Route 85 : 999 446 581 1831 950 2249 1159 354 2200 1696 1604 2409 131 1381
Route 86 : 233 507 402 1483 1124 688 2374 1757 69 497 1747 1652 1319 1938
Route 87 : 55 425 878 2128 996 1675 1305 443 2246 1693
Route 88 : 534 1040 863 2113 2290 1130 1784 2380 521 537 1787 301 1771 1551
Route 89 : 232 1134 578 2384 1482 626 584 1876 1834 1828 655 290 1540 276 1526 1905
Route 90 : 901 906 2151 595 547 1845 127 1135 1377 2385 2156 914 1797 2164
Route 91 : 543 147 1137 321 1397 1571 1113 1793 2387 469 336 2363 1719 1586
Route 92 : 192 994 264 171 1442 363 1514 1138 2244 1613 1421 2388 643 1893
Route 93 : 248 101 1498 1351 622 1872 715 1139 2389 658 1965 501 1751 1908
Route 94 : 1074 347 847 1597 1143 2097 2324 2393 374 181 1624 624 1431 1874
Route 95 : 1076 973 2223 1033 256 2326 2283 544 1794 5 1506 1144 1255 2394
Route 96 : 576 580 1830 865 1826 61 1311 1145 719 2395 1041 1969 2115 2291
Route 97 : 428 1150 295 1545 265 270 1515 2400 378 1678 1520 1628
Route 98 : 60 810 340 1590 2060 419 1669 640 1310 1151 1091 1890 2401 2341
Route 99 : 809 824 474 943 1724 2074 1152 2193 1148 2398 2059 17 2402 1267
Route 100 : 404 1153 2403 911 2161 199 1654 904 1120 2370 1037 1449 2287 2154
Route 101 : 3 967 1132 1154 2217 1253 936 2404 2382 1208 2458 2186
Route 102 : 1155 54 2405 1304 709 221 1471 589 206 1959 755 880 1839 2005 1456 2130
Route 103 : 338 278 1156 1528 567 1588 899 753 2406 707 1817 2149 2003 1957
Route 104 : 963 279 1529 808 814 2213 302 2058 1158 2064 2408 1552 391 1641
Route 105 : 25 575 1026 1275 1825 680 1161 2276 618 1930 102 1868 2411 1352
Route 106 : 372 1622 1163 953 835 1127 2377 2203 2413 2085
Route 107 : 610 823 851 2073 1860 1070 1136 163 2101 1413 2386 1164 2414 2320
Route 108 : 187 1437 99 964 2214 844 617 1349 897 2094 797 1867 2147 2047
Route 109 : 952 107 1166 2416 1357 1052 2202 639 2302 1889 307 785 2035 1557
Route 110 : 1167 574 1824 1017 2267 1 1119 2417 2369 1251 945 146 637 2195 1887 1396
Route 111 : 1168 40 2418 12 80 1290 1262 736 1100 389 1330 1986 1639 2350
Route 112 : 149 628 1399 1170 940 2420 326 2190 1878 876 1576 559 1809 2126
Route 113 : 56 1028 1306 557 938 1807 724 2278 2188 1974 833 957 2083 2207
Route 114 : 43 426 1293 789 1676 1003 2039 42 1173 960 2210 1292 2423 371 2253 1621
Route 115 : 291 946 1174 2196 483 260 2424 1541 998 1733 1510 151 2248 1401
Route 116 : 1175 1147 2397 2425 478 138 213 1728 739 1989 1463 1388 910 2160
Route 117 : 1096 631 1881 14 2346 498 1264 241 1748 1176 1491 2426
Route 118 : 191 699 902 1441 1949 328 1178 737 2428 1987 1578 837 2087 2152
Route 119 : 388 913 2163 380 294 1179 1630 1638 2429 1544 242 1492
Route 120 : 252 393 956 435 1502 214 1685 2206 1002 2 1643 2252 1252 1464
Route 121 : 62 1312 472 652 1011 1902 1181 1722 2261 841 1071 2431 2321 2091
Route 122 : 465 496 1715 400 1177 1650 1746 829 1182 2427 523 2079 1773 708 1958 2432
Route 123 : 1183 2433 352 414 1664 202 1602 203 1452 1453
Route 124 : 375 1184 1625 379 2434 743 615 1629 1865 763 1993 2013
Route 125 : 900 1004 471 1721 1186 2150 440 2436 32 1282 1690 2254
Route 126 : 1187 741 89 1339 180 2437 1430 162 1991 50 1412 244 1300 1494
Route 127 : 10 641 968 1891 1188 1157 2218 297 2438 1260 1073 2407 1547 975 2323 2225
Route 128 : 38 356 1606 1029 1288 1131 423 2279 343 9 1673 1593 2381 1259
Route 129 : 174 854 1424 734 2104 564 114 1814 167 1364 1417 1984
Route 130 : 934 406 1656 2184 1191 993 2243 2441 407 424 1657 1674 385 1635
Route 131 : 95 711 1345 1192 1099 603 1853 2442 1961 64 2349 365 1314 1615
Route 132 : 730 937 1226 2187 113 2476 1980 549 348 1799 164 1363 1414 1598
Route 133 : 1195 924 555 2174 2445 1805 920 200 1450 2170 636 305 1555 1886
Route 134 : 369 1619 1035 31 787 2285 1196 2446 625 1281 2037 740 1990 1875
Route 135 : 676 415 1926 1044 1665 438 504 1162 1754 2294 1197 2412 1688 2447
Route 136 : 531 1198 104 776 1781 862 2026 2112 1354 2448
Route 137 : 196 888 1104 1446 2354 1199 1048 2138 2449 961 2298 16 2211 1266
Route 138 : 593 1031 977 2227 2281 1200 317 94 1843 1567 1141 1344 2391 2450
Route 139 : 1125 1203 585 1835 2375 879 2453 1185 2129 189 2435 1439
Route 140 : 857 490 541 1791 1740 1107 2357 772 2022 2107 74 100 1324 1350
Route 141 : 515 1765 845 1149 1206 2399 759 2095 1193 2009 2443 2456 1013 1049 2263 2299
Route 142 : 609 177 1085 2335 974 1427 358 2224 1859 1608 137 1023 2273 1387
Route 143 : 970 770 2220 1209 825 616 2075 1866 2459 2020 437 263 1687 1513 140 1390
Route 144 : 982 683 500 1750 1211 533 2461 1783 1068 2232 1933 2318 1014 2264
Route 145 : 605 710 1855 677 1083 1927 1960 366 2333 1212 1616 255 1505 2462
Route 146 : 657 1053 2303 1907 1112 885 558 1808 2135 1214 323 2464 1573 2362
Route 147 : 1215 1171 2465 398 2421 1046 1648 995 672 2296 1922 2245
Route 148 : 125 63 1375 1216 482 1732 630 1880 1313 2466 1169 748 2419 1998
Route 149 : 1189 408 2439 1658 768 577 18 2018 166 1416 925 1827 2175 1268
Route 150 : 969 434 2219 1146 1684 275 1218 2396 1054 2468 341 2304 1525 1591
Route 151 : 1219 399 282 2469 182 1649 1532 868 781 2031 1432 2118
Route 152 : 744 228 674 1994 308 1924 1558 1220 1123 2470 86 1336 1478 2373
Route 153 : 7 335 1257 44 1585 1294 568 1221 1818 485 1735 669 2471 1919
Route 154 : 313 1019 773 2023 984 47 2269 1563 2234 721 1297 1971 1222 612 2472 1862
Route 155 : 927 949 2177 1205 751 1223 261 2473 2199 451 1701 2455 1511 2001
Route 156 : 638 1034 1888 2284 588 1838 799 2049 1224 28 2474 1278
Route 157 : 267 1517 1010 2260 129 1225 1379 991 816 2475 633 2066 1883 2241
Route 158 : 1005 26 1276 2255 510 882 1760 830 1194 2444 2132 274 2080 1524
Route 159 : 1038 1227 2288 2477 126 663 289 1539 1913 931 1202 1376 2452 2181
Route 160 : 1228 1106 39 1289 449 1022 2356 175 1699 921 1425 2478 2272 2171
Route 161 : 1229 794 2479 691 2044 133 1941 827 1383 1009 2077 2259 143 1393
Route 162 : 805 1103 2055 250 246 286 2353 1500 1496 1230 1536 2480
Route 163 : 155 1405 470 782 1720 1231 2032 502 1250 1752 831 2481 2081 2500
Route 164 : 855 2105 579 1232 2482 600 1829 8 103 1353 1850 486 1258 1736
Route 165 : 766 2016 106 627 1356 178 1877 1084 512 1762 2334 1233 2483 1428
Route 166 : 798 966 2216 476 2048 1726 1056 685 1935 671 2306 1921 1234 2484
Route 167 : 453 670 381 1703 78 1920 1631 1328 120 706 1235 1956 1370 2485 455 1705
Route 168 : 941 519 2191 1769 1236 314 1564 386 2486 239 1636 869 1489 1140 2390 2119
Route 169 : 156 1406 1097 1142 2347 1102 923 2392 2173 355 2352 745 1995 1605
Route 170 : 667 218 73 1101 665 1917 1468 1323 2351 1238 1915 2488 653 1903
Route 171 : 838 306 2088 1556 583 271 661 1521 1239 2489 1833 1911
Route 172 : 417 110 1240 1667 804 2054 1201 2490 650 1360 919 2451 1900 2169
Route 173 : 821 566 596 1816 1846 463 2071 1064 1241 1713 2314 2491 619 1869
Route 174 : 526 908 532 2158 1776 1782 23 431 1273 1243 986 2493 2236 1681
Route 175 : 30 757 509 1280 427 607 1759 1075 165 2325 1244 1857 1677 2494 1415 2007
Route 176 : 769 684 1934 1245 587 2019 1837 2495 128 344 1378 760 1594 2010
Route 177 : 1128 701 1951 1129 2378 883 2133 2379 245 1495 1246 464 2496 1714
Route 178 : 238 211 1488 1110 1461 432 2360 1247 405 2497 1655 1682
Route 179 : 1248 412 1662 2498 1133 2383 1122 1118 889 2368 503 2372 240 1753 2139 1490
Route 180 : 909 360 508 2159 96 1758 331 1610 1249 1346 1581 2499
Route 181 : 762 1213 152 775 2012 2025 52 2463 197 1302 714 1402 935 1447 1964 2185
