Instance Name : ber-n1000-7
Authors       : Shobb<shobb@narod.ru>
Date          : 2023-01-02
Reference     : My solver test
Solution
Route 1 : 394 313 813 133 14 104 26 514 604 526 106 894 633 87 587 476 606 976
Route 2 : 463 362 500 291 862 963 293 791 272 793 772 1000 100 317 600 817
Route 3 : 384 64 368 868 564 372 159 371 872 884 659 871 458 958 238 738
Route 4 : 376 153 653 497 359 997 298 859 798 170 483 983 670 444 876 944
Route 5 : 310 810 22 383 522 346 883 90 37 590 537 6 440 506 940 846
Route 6 : 296 307 288 796 807 788 180 345 223 845 680 723 47 165 547 665
Route 7 : 283 278 337 837 490 778 54 81 554 91 990 581 591 783 277 777
Route 8 : 274 774 382 188 688 882 322 271 63 822 563 218 718 80 580 771
Route 9 : 224 308 808 724 375 468 875 117 617 968 145 645 140 640 358 858
Route 10 : 219 318 719 818 488 414 914 988 31 430 930 409 531 65 565 909
Route 11 : 107 213 713 607 233 733 492 279 779 426 992 437 926 340 840 937
Route 12 : 94 199 594 388 699 888 56 556 211 121 711 621 231 731 156 656
Route 13 : 78 123 623 144 174 674 644 105 605 578 357 857 247 189 747 689
Route 14 : 493 209 40 540 709 356 447 947 856 89 175 675 589 993
Route 15 : 489 242 989 446 742 946 482 138 982 638 19 519 185 685
Route 16 : 469 969 262 473 395 762 973 347 895 260 847 760 228 728
Route 17 : 456 956 264 764 166 498 998 666 481 981 475 118 975 618
Route 18 : 451 268 951 768 330 171 401 830 671 452 901 352 852 952
Route 19 : 450 267 326 950 767 299 479 826 799 979 389 415 889 915
Route 20 : 427 42 134 205 705 542 634 927 15 99 429 929 599 515
Route 21 : 422 305 922 354 805 300 800 854 101 297 797 601 436 936
Route 22 : 419 460 919 273 960 9 130 630 773 509 216 21 716 521
Route 23 : 407 245 907 745 235 735 486 147 986 24 647 25 524 525
Route 24 : 402 332 832 328 161 828 438 661 938 48 210 548 710 902
Route 25 : 381 881 149 649 157 329 657 829 496 60 996 79 579 560
Route 26 : 380 72 880 471 572 971 111 119 619 611 363 184 684 863
Route 27 : 373 391 68 891 873 255 755 225 448 725 568 948 23 523
Route 28 : 364 198 349 698 849 70 400 570 900 478 864 387 887 978
Route 29 : 292 792 434 33 370 934 533 870 431 931 83 120 583 620
Route 30 : 287 472 787 125 625 972 232 732 98 285 598 491 785 991
Route 31 : 261 761 259 759 179 142 679 642 3 135 386 635 886 503
Route 32 : 254 116 616 74 251 751 136 574 636 241 754 741 82 582
Route 33 : 250 187 687 750 158 658 167 258 758 667 321 821 45 545
Route 34 : 244 85 585 108 744 608 441 941 181 139 681 314 639 814
Route 35 : 212 712 27 527 312 367 812 867 172 7 672 77 507 577
Route 36 : 193 693 303 289 803 789 269 103 603 49 769 350 549 850
Route 37 : 177 445 495 677 945 995 12 424 71 512 924 571 243 743
Route 38 : 173 122 410 222 910 622 722 50 673 102 550 602 129 629
Route 39 : 151 53 651 301 801 553 377 304 877 324 804 824 92 592
Route 40 : 148 648 230 52 730 552 154 654 214 423 714 923 84 584
Route 41 : 132 353 853 420 263 920 399 763 899 164 316 664 816 632
Route 42 : 127 266 404 766 904 41 432 421 541 921 932 455 627 955
Route 43 : 124 624 343 239 739 843 11 511 335 284 197 835 784 697
Route 44 : 110 403 610 309 903 809 57 256 207 112 557 707 756 612
Route 45 : 96 20 520 596 418 918 470 325 970 194 320 820 825 694
Route 46 : 88 323 823 44 588 8 544 196 508 696 411 75 575 911
Route 47 : 59 453 2 502 559 342 477 842 183 977 97 597 683 953
Route 48 : 55 202 702 331 831 182 555 682 227 727 464 428 964 928
Route 49 : 38 17 517 538 412 220 270 720 770 912 246 425 925 746
Route 50 : 35 240 740 115 282 615 535 338 782 838 217 29 717 529
Route 51 : 32 374 385 885 532 398 191 898 691 163 237 663 737 874
Route 52 : 28 253 753 528 365 69 51 865 569 551 392 249 892 749
Route 53 : 16 480 516 248 980 176 748 466 966 676 169 200 700 669
Route 54 : 13 513 226 5 726 505 43 280 780 315 543 355 815 855
Route 55 : 442 396 942 896 146 109 609 646 128 397 897 628
Route 56 : 435 935 4 504 150 160 487 660 650 987 152 652
Route 57 : 390 95 890 595 195 334 834 695 192 302 692 802
Route 58 : 348 201 848 701 459 155 959 655 168 668 351 851
Route 59 : 341 485 841 985 234 417 286 917 734 786 34 534
Route 60 : 333 833 494 18 994 518 58 236 344 844 736 558
Route 61 : 327 461 827 73 961 573 449 366 61 949 561 866
Route 62 : 311 457 957 811 339 206 706 839 439 499 939 999
Route 63 : 257 190 757 204 690 704 336 836 162 208 662 708
Route 64 : 221 379 721 265 879 765 295 795 275 369 775 869
Route 65 : 178 678 137 46 637 546 306 416 806 393 916 893
Route 66 : 141 641 66 406 566 906 186 143 252 643 686 752
Route 67 : 131 467 967 631 454 405 905 954 229 10 729 510
Route 68 : 67 30 114 530 614 433 933 281 781 443 943 567
Route 69 : 62 562 408 203 76 908 576 703 290 319 790 819
Route 70 : 39 86 539 413 586 913 361 462 861 360 962 860
Route 71 : 36 276 215 536 776 715 126 113 613 484 626 984
Route 72 : 1 93 501 593 474 294 974 794 465 378 965 878
