Instance name : ber-n1500-7
Authors       : BIG3 - Dmitriy Yampolskiy, Egor Nikolaev and Daria Savina. Smart Logistics Point by the BigThree team (big3.ru).
Date          : 2025-04-22
Reference     : BigThree team (big3.ru)
Solution
Route 1 : 636 1386 266 67 223 532 1016 63 973 1282 524 1274 813 225 817 709 975 1459
Route 2 : 332 339 1082 173 397 1089 626 1147 509 1259 456 1206 923 1376 40 537 1287 790
Route 3 : 542 1292 359 133 221 971 1109 883 507 377 427 1127 1177 1257 257 1007 109 859
Route 4 : 115 112 862 174 924 743 865 585 178 1493 191 1335 928 941 414 1164
Route 5 : 44 134 884 343 436 1093 794 297 584 1186 124 1047 203 874 204 1334 954 953
Route 6 : 592 229 123 873 1342 681 674 1424 979 521 1431 599 1349 1271 194 944
Route 7 : 277 120 557 1307 870 597 1027 308 144 750 1347 894 1058 213 1500 963
Route 8 : 94 682 1432 844 205 688 426 1176 955 59 1438 577 625 1327 1375 809
Route 9 : 693 265 260 1010 1015 432 1443 1182 345 439 1095 419 1189 1169 143 893
Route 10 : 273 447 1197 289 1023 560 699 1449 1039 1310 486 140 1236 497 890 1247
Route 11 : 369 322 1119 720 1072 437 117 1187 1470 638 867 21 1388 771 309 1059
Route 12 : 153 341 903 34 219 969 784 705 158 631 908 1455 307 1381 1057 1091
Route 13 : 406 327 1156 1077 113 863 721 383 1471 591 1341 528 28 1133 1278 778 400 1150
Route 14 : 523 1273 148 459 1209 20 770 361 898 239 126 1111 715 989 876 1465
Route 15 : 220 157 970 340 22 772 907 440 1090 656 438 1188 451 1190 1406 1201
Route 16 : 298 575 58 808 1048 374 1325 1124 11 145 761 639 895 1389 534 1284
Route 17 : 272 429 1179 1022 399 648 1149 474 1398 1224 122 166 653 872 916 1403
Route 18 : 299 570 1320 391 562 1049 1312 386 1141 1136 396 678 1428 274 1024 1146
Route 19 : 462 666 102 1416 353 852 450 1212 607 556 1357 1200 1103 1306 443 1193
Route 20 : 139 662 470 889 1412 535 1220 1285 69 310 252 1002 483 1060 819 1233
Route 21 : 23 218 968 773 711 745 613 1495 1461 1363 82 163 304 832 1054 913
Route 22 : 463 98 1213 209 190 848 390 940 212 1140 410 959 962 192 1160 942
Route 23 : 254 1004 347 138 1097 732 14 1482 888 380 764 435 498 1130 1248 1185
Route 24 : 5 280 1030 755 581 458 1331 111 1208 100 861 850 482 188 1232 506 938 1256
Route 25 : 110 311 417 1167 128 1061 184 878 934 860 54 8 686 804 1436 758
Route 26 : 516 697 13 1266 1447 763 457 333 1083 403 319 1207 1153 587 1069 1337
Route 27 : 480 210 1230 749 960 1499 409 196 946 1159 475 608 553 1225 1303 1358
Route 28 : 338 107 605 471 1355 748 1088 1498 487 857 1221 1237 632 1382 85 835
Route 29 : 444 267 540 1194 1290 461 1017 1211 350 199 650 949 375 1100 1400 734 1484 1125
Route 30 : 55 614 620 42 1364 792 805 583 1370 496 1333 72 1246 215 965 822
Route 31 : 671 235 73 1421 49 985 823 543 454 799 670 1293 1204 690 1420 1440
Route 32 : 622 382 1132 491 46 586 1372 796 1241 1336 337 476 202 1087 1226 952
Route 33 : 385 518 1135 357 1107 740 1268 159 108 663 1490 858 1413 909 539 1289
Route 34 : 568 612 1318 96 1362 334 846 32 441 782 1084 635 214 1191 964 1385
Route 35 : 89 839 601 694 149 1351 1444 171 336 899 685 1435 921 465 1086 62 812 1215
Route 36 : 726 121 1476 41 472 1222 871 571 791 156 1321 83 906 356 833 1106
Route 37 : 371 1121 544 1294 15 572 328 1322 765 1078 131 226 484 976 881 1234
Route 38 : 684 468 1434 197 51 1218 669 801 1419 947 479 228 95 1229 978 845
Route 39 : 494 183 1244 473 933 36 727 1223 786 1477 81 404 1154 629 1379 831
Route 40 : 152 679 637 193 943 424 902 1429 598 1174 253 490 1387 1348 1240 1003
Route 41 : 492 502 287 1252 1037 232 550 692 982 1300 179 1442 250 929 1000 719 1469 1242
Route 42 : 527 291 600 1277 1350 7 342 1041 129 1092 757 525 536 1286 879 1275
Route 43 : 90 840 395 394 1145 1144 38 489 1239 315 788 621 1065 1371
Route 44 : 691 294 186 936 1441 452 1044 16 233 766 2 1202 168 983 752 918
Route 45 : 206 956 565 545 318 1068 1295 1315 481 211 27 961 1231 777 392 1142
Route 46 : 99 362 1112 849 460 4 1210 384 1134 754 349 610 554 547 1099 1360 1297 1304
Route 47 : 325 658 649 1408 1075 512 70 1399 167 1262 820 917 714 86 836 1464
Route 48 : 453 261 1203 372 1011 611 301 182 1122 1361 127 1051 683 932 1433 877
Route 49 : 595 56 806 1345 97 431 195 1181 564 945 847 33 1314 434 783 1184
Route 50 : 725 26 530 776 1475 1280 393 563 378 1313 1143 533 1128 510 1283 1260
Route 51 : 541 615 716 1466 1291 368 493 1365 1118 1243 292 416 500 1166 1042 1250
Route 52 : 29 227 977 74 779 244 420 994 824 402 641 1170 1152 388 1391 1138
Route 53 : 231 981 668 31 464 1418 781 47 706 1214 278 1456 797 730 1028 1480
Route 54 : 207 330 1080 367 187 957 358 937 1117 77 1108 645 363 827 1113 1395
Route 55 : 37 787 222 972 428 628 351 1101 1378 551 1178 708 146 1301 896 724 1458 1474
Route 56 : 48 798 675 717 314 1425 701 1451 1467 288 1064 1038 477 1227
Route 57 : 258 687 147 729 897 321 1008 1479 1437 78 828 1071 364 529 1114 1279 511 1261
Route 58 : 504 746 1254 1496 695 558 1445 398 1148 1308 275 703 508 1025 1453 1258
Route 59 : 88 354 680 838 1104 413 1430 348 1163 1098 561 1311 326 1076 281 1031
Route 60 : 154 423 904 259 1173 589 1009 664 1414 87 1339 837 728 1478 175 925
Route 61 : 646 1396 114 19 271 647 864 769 1397 1021 651 52 1401 802 236 986
Route 62 : 652 164 914 442 1402 1192 30 316 780 189 939 741 1066 1491 101 851
Route 63 : 552 238 1302 574 425 1175 988 18 1324 768 305 1055 66 302 538 816 1288 1052
Route 64 : 317 1067 573 106 657 1323 1407 405 856 627 1155 707 1377 1457
Route 65 : 376 245 1126 270 160 995 1020 519 1269 910 200 467 312 1062 950 1217
Route 66 : 104 421 854 1171 401 177 644 927 1394 1151 93 303 609 1053 843 1359
Route 67 : 79 65 829 242 815 549 992 579 1299 1329 282 446 1032 57 807 1196
Route 68 : 623 268 365 713 501 1018 1463 379 1115 1251 1129 180 630 1380 930 1373
Route 69 : 136 886 603 445 1353 24 546 1195 774 92 1296 667 1417 842
Route 70 : 170 596 920 1346 256 118 387 868 1006 1137 455 389 1205 1139
Route 71 : 150 269 1019 900 660 262 161 1012 1410 559 911 655 1309 1405
Route 72 : 45 795 9 590 217 759 665 712 1415 1462 967 1340 742 1492
Route 73 : 132 619 593 1369 119 882 1343 185 935 344 1094 412 869 1162
Route 74 : 75 825 411 526 704 1276 1161 1454 35 785 237 201 987 522 951 1272
Route 75 : 165 915 43 793 246 116 996 324 866 240 370 1074 1120 990
Route 76 : 582 736 155 248 1486 710 998 905 1332 1460 285 263 1013 1035
Route 77 : 141 891 76 255 1005 469 735 826 1485 1219 430 142 744 892 1180 1494
Route 78 : 355 135 673 617 1105 885 1423 172 1367 478 922 514 1228 1264
Route 79 : 230 555 640 1305 980 1390 448 151 300 901 566 1198 567 1050 1317 1316
Route 80 : 25 634 1384 279 1029 775 241 606 415 991 1165 296 1356 1046
Route 81 : 1 700 1450 751 234 60 810 407 984 466 176 1216 926 1157
Route 82 : 216 733 283 966 1483 1033 53 71 198 948 6 803 821 756
Route 83 : 306 672 1422 1056 698 293 1448 50 731 1043 800 1481 503 1253
Route 84 : 604 1354 517 264 313 1063 1014 408 1267 676 169 919 1158 1426
Route 85 : 738 346 1488 702 1096 1452 718 737 335 1468 181 1487 931 1085
Route 86 : 578 1328 64 80 830 68 814 818 661 1411 329 422 1079 576 1172 1326 247 997
Route 87 : 520 433 1183 1270 12 485 84 1235 762 659 834 654 1409 1404
Route 88 : 360 1110 677 548 723 1298 1427 125 105 1473 352 875 855 1102
Route 89 : 17 767 569 1319 295 1045 588 320 643 1338 61 1393 811 1070 208 958
Route 90 : 10 739 760 1489 284 366 1116 418 642 449 1392 1199 1034 1168 381 1131
Route 91 : 633 513 373 1383 1123 1263 137 162 887 912 323 331 1081 1073
Route 92 : 722 495 1472 1245 624 689 1374 3 753 618 1439 1368 130 880
Route 93 : 103 499 853 1249 243 515 224 993 1265 594 974 1344 580 1330
Route 94 : 488 1238 286 290 251 276 1026 1036 1040 1001 249 531 39 999 1281 789
Route 95 : 91 602 841 1352 747 616 1497 696 1446 1366 505 1255
