Instance name : ber-n2000-3
Authors : Hiermann, G. and Schiffer, M.
Date : 2024-04-30
Reference : arXiv:2405.00230
Solution
Route 1 :  507 587 1507 534 1587 1534 628 874 582 1582 639 634 113 1628 1639 1874 1634 1113
Route 2 :  579 771 244 1771 91 1579 804 1091 289 1804 791 1244 1791 378 1289 1378
Route 3 :  358 684 400 1400 611 1358 1684 227 980 1227 828 1611 1980 243 1828 1243
Route 4 :  189 957 973 1189 1973 287 1957 1287 853 665 158 1665 1853 126 1126 1158
Route 5 :  930 236 914 1930 1914 200 1200 78 278 1236 201 1278 1078 854 1201 1854
Route 6 :  79 501 415 1079 900 405 1900 1415 1501 176 833 1176 1405 1833 640 1640
Route 7 :  350 369 1350 942 1369 407 346 1407 167 1167 1942 1346 136 667 1667 1136
Route 8 :  868 335 1868 165 286 1335 557 1165 1557 793 683 323 1286 1683 1323 1793
Route 9 :  242 56 1242 513 1513 500 1500 1056 795 718 689 1795 219 1219 1689 1718
Route 10 :  179 1179 393 494 610 1494 1610 121 916 1393 1121 1916
Route 11 :  715 618 1715 953 273 1273 1618 212 694 1212 450 1953 1450 1694 958 1958
Route 12 :  469 95 474 188 1095 1188 119 875 1474 1469 1119 742 1875 1742 536 1536
Route 13 :  561 843 998 1561 1998 80 349 1349 1080 187 20 1187 983 1983 1020 1843
Route 14 :  642 756 396 256 268 1268 1642 1756 413 1256 1396 672 1413 1672 857 1857
Route 15 :  556 567 1567 412 991 1556 70 595 1412 1595 1070 199 1991 1199 410 1410
Route 16 :  24 267 1024 865 832 1865 995 1832 248 1995 485 22 1485 1022 1267 1248
Route 17 :  571 661 1571 239 1239 840 1661 934 1934 1840 311 643 250 1643 1311 1250
Route 18 :  365 222 460 1365 251 1251 428 1222 1460 366 438 542 1428 1438 1542 1366
Route 19 :  103 379 1379 35 764 621 1621 1035 1764 409 1103 687 1409 1687
Route 20 :  133 138 107 1133 1138 105 319 1319 144 1105 1107 546 1144 1546
Route 21 :  134 588 73 1134 414 1073 516 1414 550 1588 1516 50 1550 1050
Route 22 :  829 848 1829 240 1848 679 563 48 1679 1240 1563 904 1048 1904
Route 23 :  606 90 1606 55 1090 398 730 1730 424 1424 1055 593 1398 1593
Route 24 :  697 801 781 1697 1801 461 1781 298 600 1298 432 1461 1600 1432
Route 25 :  894 1894 449 300 509 1509 566 1300 1449 524 788 1566 1524 1788
Route 26 :  562 877 1562 1877 886 184 387 1184 1387 713 1886 1713
Route 27 :  88 462 1088 439 1462 137 301 1137 7 1301 94 1439 1007 1094
Route 28 :  86 363 1363 753 1086 31 470 1031 1753 171 1470 776 1171 1776
Route 29 :  98 258 1098 676 72 852 1072 1676 686 1258 792 1852 1686 1792
Route 30 :  822 681 1681 1822 399 956 1399 523 645 1956 761 1523 1645 1761
Route 31 :  39 210 1210 115 1115 920 1039 748 153 1920 1153 1748 964 1964
Route 32 :  29 62 1029 698 1062 1698 664 838 1838 830 1664 1830 18 1018
Route 33 :  677 207 1207 721 1677 155 1721 695 895 1695 812 1155 1812 1895
Route 34 :  591 482 1482 1591 637 476 290 1290 1476 671 1637 231 1671 1231
Route 35 :  229 85 1229 782 789 1789 466 1466 1782 898 1085 749 1749 1898
Route 36 :  837 418 473 1418 1837 419 787 1473 359 1787 1419 1359 203 1203
Route 37 :  839 699 1839 1699 445 336 44 1445 1044 1336 69 1069 946 1946
Route 38 :  63 720 61 1720 447 271 1447 1063 962 1962 1061 960 1271 1960
Route 39 :  190 230 45 1190 1230 477 246 1246 331 1045 262 1477 1331 1262
Route 40 :  530 180 766 1530 704 1766 261 1180 406 1704 295 1406 1295 1261
Route 41 :  532 356 463 1463 194 1356 1532 1194 974 897 678 1678 1897 1974
Route 42 :  338 572 1338 196 1572 131 220 1196 1220 635 1131 443 1443 1635
Route 43 :  172 660 296 1660 1172 325 1296 453 905 1325 264 1905 1264 1453
Route 44 :  452 120 294 1452 773 751 1294 1773 598 1120 783 1751 1598 1783
Route 45 :  890 279 856 1890 674 1856 1674 185 1279 30 1185 627 1030 1627
Route 46 :  129 809 1129 1809 315 965 885 1885 1315 638 1965 36 1638 1036
Route 47 :  851 735 923 1923 1851 754 43 1754 1735 1043 324 544 1544 1324
Route 48 :  580 305 38 1038 1580 740 1305 971 1740 292 1292 1971 353 1353
Route 49 :  303 503 114 714 1503 1114 1303 446 1714 1446 337 1337 506 1506
Route 50 :  389 19 1019 1389 77 345 1077 808 1808 1345 371 859 1859 1371
Route 51 :  109 583 1109 869 21 1583 657 1869 291 1657 780 1021 1291 1780
Route 52 :  347 68 1347 624 922 1068 1624 67 1922 1067 803 6 1006 1803
Route 53 :  925 596 1925 1596 502 142 1142 607 1502 649 1607 647 1649 1647
Route 54 :  182 28 1028 468 1182 333 867 1468 902 548 1902 1333 1867 1548
Route 55 :  545 17 1545 1017 297 334 1334 981 1297 270 1981 228 1228 1270
Route 56 :  493 939 1493 1939 357 603 1603 841 1357 504 1504 1841 731 1731
Route 57 :  377 27 700 1700 1377 909 1027 84 1084 313 1909 106 1313 1106
Route 58 :  459 1459 821 709 376 1821 146 321 1146 1376 183 1709 1321 1183
Route 59 :  850 855 87 1850 367 1087 1855 1367 560 66 1560 127 1066 1127
Route 60 :  480 656 716 1480 1656 1716 772 1772 755 708 1755 759 1759 1708
Route 61 :  238 111 1238 648 999 1111 1648 692 160 633 1692 1160 1999 1633
Route 62 :  451 767 191 1767 1191 455 448 89 1451 527 1089 1455 1527 1448
Route 63 :  465 1465 614 339 669 1614 581 1669 1581 961 1339 1961
Route 64 :  972 420 913 1972 14 915 1915 1420 1014 758 1913 1758 58 1058
Route 65 :  166 260 978 1166 565 1260 1978 604 917 1565 1917 736 1604 1736
Route 66 :  216 935 1216 863 609 1863 211 1935 75 1609 990 1075 1211 1990
Route 67 :  2 739 1002 1739 26 51 1026 204 790 1204 1790 1051 202 1202
Route 68 :  745 1745 954 533 1533 951 1951 344 1954 16 1016 1344 883 1883
Route 69 :  341 726 568 1341 429 1429 541 938 1726 1938 1541 1568 799 1799
Route 70 :  433 505 1505 553 1433 1553 702 733 1702 927 1733 512 1512 1927
Route 71 :  281 12 373 1281 368 1012 275 1368 1275 317 1373 1317
Route 72 :  899 163 1163 963 1899 1963 150 490 1490 93 1150 1093
Route 73 :  717 34 1034 989 1717 644 1644 181 1989 370 1370 1181
Route 74 :  23 205 1205 849 1023 547 1547 101 1849 1101 198 1198
Route 75 :  653 975 802 1653 1802 132 1975 13 1013 282 1282 1132
Route 76 :  522 835 691 1522 552 1691 232 1835 1552 342 1232 1342
Route 77 :  10 770 1010 836 977 1770 1977 949 1836 811 1811 1949
Route 78 :  549 458 130 1458 710 1710 1549 1130 834 768 1768 1834
Route 79 :  314 584 1314 168 1584 1168 383 478 1383 1478 680 1680
Route 80 :  757 195 326 1195 576 1326 1757 807 1576 263 1263 1807
Route 81 :  193 818 1818 911 1193 374 5 1005 778 1911 1374 1778
Route 82 :  884 1884 525 570 441 1441 4 1570 1004 161 1525 1161
Route 83 :  175 705 170 688 1705 1688 1170 1175 492 487 1492 1487
Route 84 :  662 224 1662 1224 728 484 1728 1484 99 481 1481 1099
Route 85 :  912 844 666 1912 403 1666 510 1844 1510 903 1903 1403
Route 86 :  845 663 1663 254 936 1845 1254 15 1936 947 1015 1947
Route 87 :  437 117 1437 1117 670 364 1364 1 1670 943 1001 1943
Route 88 :  328 907 327 1907 1328 162 1327 352 1162 1352 178 1178
Route 89 :  489 316 872 1316 1489 329 1329 1872 752 701 1701 1752
Route 90 :  919 1919 932 878 1878 1000 2000 1932 696 416 1696 1416
Route 91 :  970 1970 152 434 1152 746 1434 668 425 1746 1668 1425
Route 92 :  586 32 1032 110 1586 1110 636 743 955 1636 1743 1955
Route 93 :  118 985 293 1293 1118 9 1009 1985 984 427 1984 1427
Route 94 :  177 104 1177 395 1104 827 1395 819 135 1135 1827 1819
Route 95 :  218 225 1218 514 1225 381 1514 797 380 1797 1381 1380
Route 96 :  706 937 245 1706 1937 966 1245 83 629 1629 1083 1966
Route 97 :  143 707 382 1143 372 1707 1372 402 1382 312 1402 1312
Route 98 :  408 933 361 831 1933 774 1408 479 1361 1831 1774 1479
Route 99 :  945 49 1049 1945 703 307 1307 1703 747 141 1747 1141
Route 100 :  861 497 602 1861 3 1497 1602 397 824 1003 1397 1824
Route 101 :  929 159 1159 423 1423 1929 798 235 1235 1798 605 1605
Route 102 :  722 1722 64 431 1431 880 223 1064 1223 1880 249 1249
Route 103 :  269 976 100 1976 554 1269 496 1100 1554 592 1592 1496
Route 104 :  969 765 422 1422 1969 154 725 1765 1725 411 1411 1154
Route 105 :  60 299 1299 1060 96 551 1096 257 1551 283 1257 1283
Route 106 :  901 309 906 1309 1906 760 814 1901 71 1814 1071 1760
Route 107 :  384 1384 652 108 417 1108 515 1417 1652 1515 826 1826
Route 108 :  723 658 1658 594 1723 394 362 1594 1394 1362 597 1597
Route 109 :  738 97 997 1997 1097 632 237 1738 806 1237 1632 1806
Route 110 :  42 744 288 1042 517 1288 1744 11 622 1517 1011 1622
Route 111 :  615 1615 941 564 252 1564 253 873 1253 247 1941 1247 1252 1873 351 1351
Route 112 :  994 401 1994 169 1401 8 538 1008 1169 537 1537 1538
Route 113 :  255 950 1255 1950 430 472 435 1435 1430 483 1472 1483
Route 114 :  626 616 1616 1626 820 882 1820 385 926 1882 1926 1385
Route 115 :  800 931 1931 1800 40 388 993 1388 1993 1040 979 1979
Route 116 :  573 521 986 1573 860 1521 805 1986 1805 1860 952 1952
Route 117 :  41 491 1041 529 1491 206 881 1206 1881 847 1529 1847
Route 118 :  569 775 1569 265 1775 1265 910 234 1910 555 1234 1555
Route 119 :  727 157 526 1727 968 1157 1968 1526 266 762 1266 1762
Route 120 :  817 76 1817 675 259 1076 498 1675 531 1259 1531 1498
Route 121 :  215 92 1092 1215 360 488 318 1488 617 1617 37 1360 1037 1318
Route 122 :  654 442 1654 1442 871 690 1690 712 147 1871 1147 1712
Route 123 :  862 151 1862 659 944 1151 520 1944 1659 784 1784 1520
Route 124 :  471 769 1471 123 33 1123 924 1769 355 1033 1355 1924
Route 125 :  842 217 1842 284 404 1284 214 1404 122 1122 1214 1217
Route 126 :  208 221 1221 794 858 1208 1858 1794 540 495 1495 1540
Route 127 :  599 810 54 1810 1054 786 1599 578 816 1578 1786 1816
Route 128 :  866 392 893 1866 1392 46 304 630 1304 1630 1046 1893
Route 129 :  74 1074 729 436 846 1729 650 785 1846 1436 1650 1785
Route 130 :  156 124 1124 241 1156 274 1241 320 343 1320 1343 1274
Route 131 :  59 724 1059 1724 741 543 1741 719 1543 518 1719 1518
Route 132 :  57 864 1864 149 1057 82 1149 908 1908 1082
Route 133 :  508 763 1763 1508 589 673 277 1589 1277 1673
Route 134 :  310 590 1310 693 1590 682 1682 306 1693 1306
Route 135 :  921 1921 173 987 81 1173 1081 779 1987 1779
Route 136 :  750 601 1750 988 1601 982 1982 1988 386 1386
Route 137 :  280 467 1280 308 1467 139 1308 426 1139 1426
Route 138 :  53 302 620 1302 1053 608 1620 145 815 1815 1145 1608
Route 139 :  174 330 1330 646 1174 125 1646 457 1125 1457
Route 140 :  528 456 322 1456 233 1528 1322 870 1233 1870
Route 141 :  879 25 1879 1025 511 112 1511 559 1112 1559
Route 142 :  813 876 1813 940 1940 1876 186 197 1186 1197
Route 143 :  65 390 1390 475 1065 348 918 1475 1918 1348
Route 144 :  928 102 1928 641 577 1102 619 1641 1619 1577
Route 145 :  148 796 499 1796 891 1891 1499 1148 777 1777
Route 146 :  354 585 1354 734 823 1823 1585 887 1734 1887
Route 147 :  539 128 1128 440 1539 1440 889 340 1340 1889
Route 148 :  892 1892 444 967 1967 613 1444 375 1375 1613
Route 149 :  575 996 464 1464 1575 52 1996 1052 959 1959
Route 150 :  732 631 209 1631 1732 332 1209 655 1655 1332
Route 151 :  737 651 1651 226 1226 1737 896 213 1213 1896
Route 152 :  421 391 1421 1391 272 454 535 1272 1535 1454
Route 153 :  285 1285 116 711 1711 623 1116 1623
Route 154 :  625 486 1625 140 1140 948 1486 1948
Route 155 :  825 1825 558 47 612 1047 1558 1612
Route 156 :  519 992 1992 685 1519 888 1685 1888
Route 157 :  192 1192 164 276 574 1276 1164 1574
