Instance name : ber-n1500-2
Authors       : BIG3 - Dmitriy Yampolskiy, Egor Nikolaev and Daria Savina. Smart Logistics Point by the BigThree team (big3.ru).
Date          : 2025-04-22
Reference     : BigThree team (big3.ru)
Solution
Route 1 : 603 99 1353 333 1083 849 550 236 628 986 1300 190 1378 56 806 940 6 756 489 1239 280 1030
Route 2 : 722 692 1472 251 1442 92 1001 66 816 577 203 953 228 842 1327 978 423 1173 304 1054
Route 3 : 312 199 949 474 1062 1224 90 233 840 209 959 533 983 1283 206 262 956 1012 542 391 1292 1141
Route 4 : 529 514 1279 349 525 1099 1275 1264 152 327 245 902 995 440 44 1077 1190 130 794 880
Route 5 : 63 813 549 1299 260 735 23 1485 773 151 1010 901 589 626 1339 285 1035 521 1376 408 1271 1158
Route 6 : 686 715 1465 750 1436 81 1500 831 328 656 1078 346 1096 447 1406 1197 661 159 368 1118 909 1411
Route 7 : 733 508 1483 278 1258 1028 185 471 475 1221 935 431 1225 286 1181 28 778 1036
Route 8 : 444 1194 36 527 786 169 919 1277 100 850 443 449 573 1199 1193 352 230 980 1323 1102 602 1352
Route 9 : 191 153 580 1330 903 492 1242 941 357 1107 86 836 124 87 837 874 354 1104 182 643 932 1393
Route 10 : 363 38 1113 140 788 177 493 1243 890 208 927 189 958 26 939 572 1322 303 685 776 1435 68 1053 724 818 1474
Route 11 : 541 1291 39 669 789 224 1419 625 974 341 1375 721 1091 1471 488 1238 641 496 1391 1246
Route 12 : 556 274 1024 723 1473 1306 166 12 916 223 762 973 689 72 463 1439 242 992 1213 822
Route 13 : 366 667 1417 633 1383 355 1105 1116 217 967 51 801 466 1216 360 1110 487 1237 158 908 607 1357
Route 14 : 563 275 1025 1313 60 1 751 687 810 690 545 1437 266 1016 1440 112 1295 122 872 862
Route 15 : 699 175 1449 925 22 409 772 582 1159 1332 406 307 1156 1057 435 195 558 945 378 1308 1185 1128
Route 16 : 118 412 706 1456 1162 43 868 693 793 83 499 1249 1443 833 111 211 861 239 562 961 989 1312
Route 17 : 256 1006 91 422 477 1227 841 287 1172 397 1037 146 1147 40 896 675 790 1425 557 1307 301 1051
Route 18 : 386 234 1136 370 1120 984 272 1022 244 994 704 414 615 1454 77 1164 1365 827 299 548 1298 179 1049 929
Route 19 : 197 947 252 567 1002 1317 553 1303 134 513 884 57 1263 269 277 1019 581 807 1331 377 1127 1027
Route 20 : 681 469 1219 507 1257 734 1431 1484 350 623 1100 700 650 1400 515 1265 485 1373 1450 1235 481 1231 376 1126
Route 21 : 183 204 933 727 18 1477 954 450 1200 446 768 410 247 1196 1160 384 997 725 1134 163 913 1475 362 1112
Route 22 : 295 1045 746 42 792 1496 298 632 75 825 1382 1048 621 437 1371 472 1187 392 1222 288 1142 1038
Route 23 : 407 480 1157 1230 14 149 764 899 434 1184 593 345 1095 1343 180 606 161 930 911 1356 237 227 987 977
Route 24 : 148 401 1151 898 348 338 1098 1088 682 714 1432 212 962 318 1464 519 41 1269 1068 791 441 1191
Route 25 : 291 1041 738 232 678 1488 456 982 1206 1428 394 510 1144 551 381 1260 1131 1301 630 1380
Route 26 : 544 215 1294 210 965 960 726 504 728 1476 1254 1478 320 645 1070 568 666 1395 486 1416 1236 1318
Route 27 : 662 604 1412 613 1363 712 1354 1462 599 114 732 1349 1482 524 864 30 646 1274 780 644 1396 290 1394 113 1040 863
Route 28 : 305 436 1186 133 1055 50 883 428 800 590 1178 1340 154 904 575 8 758 283 1325 1033
Route 29 : 337 273 1023 243 1087 555 993 365 695 1445 1115 1305 534 1284 156 906 78 744 828 1494
Route 30 : 47 105 797 131 855 482 881 1232 271 178 1021 928 476 1226 396 1146 253 1003 453 648 1398 1203
Route 31 : 543 1293 194 343 506 1093 1256 110 944 651 860 116 1401 155 125 905 875 454 1204 351 1101 866
Route 32 : 344 263 1094 501 1251 416 1013 500 55 1166 805 297 1250 1047 139 889 571 85 747 1321 835 1497
Route 33 : 569 701 1319 1451 255 432 1182 141 1005 564 891 591 1314 1341 222 972 104 382 1132 854 281 1031 380 1130
Route 34 : 494 80 830 315 1065 1244 658 1408 601 5 755 119 311 1351 379 1061 671 1421 1129 869
Route 35 : 292 663 267 1413 1017 173 170 1042 923 132 920 882 448 458 1198 69 536 1208 819 164 1286 61 811 914
Route 36 : 165 538 915 1288 364 1114 138 121 871 505 888 246 1255 317 996 455 229 1067 979 323 1073 1205
Route 37 : 711 517 1461 15 1267 570 1320 46 765 268 673 1018 796 1423 84 484 1234 403 1153 834
Route 38 : 221 467 1217 374 238 1124 971 192 942 248 988 998 96 308 846 16 1058 766 729 1479 95 214 845 964
Route 39 : 600 330 1350 1080 451 1201 497 668 1247 1418 627 708 1377 618 1458 1368 616 716 1366 737 1487 1466
Route 40 : 404 1154 76 231 981 359 826 1109 142 892 147 71 897 106 821 257 856 400 1150 1007
Route 41 : 2 429 1179 752 137 636 736 887 167 917 1386 1486 502 595 1252 1345 240 990 596 1346 334 254 1004 1084
Route 42 : 157 473 1223 907 654 82 1404 586 1336 642 1392 832 198 424 1174 660 462 948 470 1212 1410 1220
Route 43 : 742 1492 289 743 1493 698 639 1039 617 1448 1367 688 1438 433 1389 1183 442 393 1143 1192 97 847
Route 44 : 588 187 3 753 405 1338 1155 937 655 310 1405 340 1060 1090 302 109 1052 745 859 464 1495 1214 186 936
Route 45 : 282 552 680 1032 709 1430 1459 1302 387 31 1137 495 781 565 1315 674 1245 1424 128 324 878 1074
Route 46 : 694 691 1444 670 1441 1420 88 226 838 250 1000 718 976 1468 144 894 653 1403 638 117 1388 867
Route 47 : 372 1122 309 1059 719 683 1469 1433 530 516 1266 1280 684 389 1139 1434 181 520 1270 931 347 740 1490 1097
Route 48 : 202 511 1261 461 952 1211 637 216 966 483 1387 200 1233 220 970 950 713 1463
Route 49 : 29 576 34 779 4 1326 306 705 784 48 1056 754 798 1455 193 369 196 946 1119 188 640 938 943 1390
Route 50 : 399 1149 468 58 356 1106 808 160 1218 594 59 1344 910 62 809 812 490 64 814 176 1240 926 560 1310
Route 51 : 94 579 844 415 1165 102 1329 358 852 93 1108 261 270 843 1011 647 1020 1397 390 322 1140 1072 574 465 1215 1324
Route 52 : 361 585 1111 1335 207 522 1272 205 957 135 523 1273 539 885 955 385 1135 1289 609 342 1359 1092
Route 53 : 532 35 1282 313 512 1063 748 1498 785 1262 665 679 1429 103 1415 426 853 162 912 1176 619 218 968 1369
Route 54 : 741 9 1491 759 219 129 969 279 879 1029 498 554 1248 258 1304 696 479 1008 1446 1229
Route 55 : 74 824 325 143 1075 631 893 32 782 373 1381 150 900 411 1123 526 1161 438 1188 300 1276 1050
Route 56 : 145 895 101 52 851 802 17 611 767 1361 707 1457 398 540 367 1148 1290 1117
Route 57 : 331 605 1355 413 332 1081 531 1281 1082 284 1163 717 1034 1467 503 395 664 1145 1414 1253
Route 58 : 420 587 610 1170 264 45 1360 1337 795 1014 608 1358 649 710 1399 54 1460 804 241 528 1278 991
Route 59 : 635 478 1228 1385 460 172 1210 922 184 89 839 657 934 1407 418 672 37 1168 1422 597 787 1347 326 1076
Route 60 : 213 697 25 1447 375 963 19 1125 702 775 1452 769 259 1009 739 624 1489 1374 120 108 858 870 123 873
Route 61 : 336 249 999 537 53 803 235 1287 13 763 79 985 829 168 918 1086 559 634 592 1342 1309 339 1384 1089
Route 62 : 127 171 877 731 1481 107 383 857 509 921 1259 33 783 98 1133 293 848 265 10 1015 760 1043
Route 63 : 136 546 294 886 1044 1296 566 629 1316 430 1180 402 457 1152 1207 452 388 126 1379 1202 1138 876
Route 64 : 20 445 421 1195 459 770 1209 27 777 115 865 1171 535 276 1026 1285 321 1071 225 419 975 1169
Route 65 : 652 1402 49 353 174 799 924 561 1311 583 547 1333 703 1297 1103 1453 314 677 1427 1064 425 1175
Route 66 : 296 730 1480 7 757 70 1046 820 21 584 316 771 1066 1334 67 676 620 817 1426 1370
Route 67 : 578 439 1328 427 1177 1189 612 417 1362 1167 598 491 1348 622 65 1241 815 73 1372 319 1069 823
Route 68 : 614 24 749 774 1364 1499 659 518 1268 1409 201 11 329 1079 951 761 720 371 1121 335 1470 1085
