Instance name : ber-n1000-2
Authors : Simen T. Vadseth, Henrik Andersson, Jean-Francois Cordeau and Magnus Stålhane
Date : 24.06.2023
Reference : TBA
Solution
Route	1 :  103 385 603 225 885 133 633 725
Route	2 :  465 21 521 965 224 280 467 724 780 967
Route	3 :  453 478 978 459 55 953 555 959
Route	4 :  148 648 283 323 430 823 128 930 628 783
Route	5 :  475 975 376 442 374 876 942 874
Route	6 :  145 58 437 266 937 558 645 766 494 994
Route	7 :  166 666 270 275 775 770 56 35 556 535
Route	8 :  310 810 435 484 935 984 495 995
Route	9 :  400 402 900 378 405 439 939 902 878 905
Route	10 :  249 257 749 422 922 757
Route	11 :  269 363 863 94 769 155 594 49 549 655
Route	12 :  251 362 751 447 862 489 947 989
Route	13 :  343 843 386 14 886 7 514 507
Route	14 :  260 102 178 602 760 678
Route	15 :  322 132 473 973 822 632 169 669
Route	16 :  499 172 672 480 191 999 691 980 308 808
Route	17 :  454 461 431 931 961 108 608 954
Route	18 :  334 313 813 20 834 91 591 520
Route	19 :  213 713 472 231 264 731 972 764
Route	20 :  321 159 285 821 406 659 785 906
Route	21 :  268 68 568 768 317 255 817 755
Route	22 :  394 25 525 894 423 923
Route	23 :  417 265 917 369 765 355 869 143 855 643
Route	24 :  245 745 195 60 194 695 560 694
Route	25 :  469 969 500 399 899 1000
Route	26 :  163 125 61 663 625 561
Route	27 :  329 829 273 304 173 673 773 804 65 565
Route	28 :  126 77 577 463 626 388 888 963
Route	29 :  445 427 446 945 927 207 946 707
Route	30 :  99 338 261 599 838 761 339 301 839 801
Route	31 :  135 635 332 219 379 832 879 719 309 809
Route	32 :  393 893 185 208 115 708 13 685 615 513
Route	33 :  98 184 27 598 527 684 420 920
Route	34 :  229 729 122 290 62 790 622 562
Route	35 :  12 182 512 210 682 496 710 292 996 792
Route	36 :  134 634 416 395 471 895 916 971
Route	37 :  396 109 896 609 162 662
Route	38 :  87 298 798 354 587 854 455 955
Route	39 :  368 868 174 160 364 660 864 674
Route	40 :  458 380 880 289 958 789 80 580 284 784
Route	41 :  79 53 246 579 553 746 259 759
Route	42 :  299 336 212 192 799 712 836 692
Route	43 :  253 203 703 490 753 990 424 233 924 733
Route	44 :  26 64 303 526 803 564 40 340 840 540
Route	45 :  198 104 604 698 200 493 993 700
Route	46 :  202 18 518 16 702 440 516 940
Route	47 :  211 117 83 711 617 583 451 357 857 951
Route	48 :  327 827 295 175 44 675 795 544
Route	49 :  404 392 904 248 892 748 158 658
Route	50 :  408 908 232 302 802 732 197 179 679 697
Route	51 :  389 889 188 688 22 318 33 533 522 818 69 569
Route	52 :  9 23 509 523 360 137 267 860 637 767
Route	53 :  119 619 85 57 585 111 557 183 611 683
Route	54 :  167 222 320 820 722 667 491 154 991 654
Route	55 :  142 39 371 539 642 871 78 578
Route	56 :  6 216 716 335 506 237 835 737
Route	57 :  238 76 738 88 576 361 588 861
Route	58 :  384 144 884 644 281 92 592 279 781 779
Route	59 :  398 288 300 898 800 788
Route	60 :  263 227 727 763 331 345 831 845
Route	61 :  353 853 97 325 296 825 89 796 589 597
Route	62 :  127 86 129 274 627 586 629 351 774 851
Route	63 :  250 93 750 223 337 837 593 723
Route	64 :  476 95 209 595 709 438 938 976 457 957
Route	65 :  243 326 314 826 814 743 113 118 613 618
Route	66 :  151 4 651 297 504 136 130 636 797 630
Route	67 :  247 242 747 742 2 152 652 502
Route	68 :  256 497 756 997 444 944 156 656
Route	69 :  419 919 38 425 124 538 624 925
Route	70 :  54 149 649 554 234 470 970 734 282 782
Route	71 :  28 116 528 46 616 418 546 918
Route	72 :  63 407 907 15 563 272 515 772
Route	73 :  412 3 503 912 141 36 536 641
Route	74 :  262 121 621 762 218 81 391 891 718 581
Route	75 :  333 328 101 601 828 833 346 235 846 735
Route	76 :  287 73 787 19 573 312 812 519
Route	77 :  157 352 107 657 607 852 373 873
Route	78 :  241 359 741 31 859 531 72 220 572 720
Route	79 :  286 786 377 443 943 877 100 600
Route	80 :  176 96 676 596 356 477 856 977 204 704
Route	81 :  106 171 606 671 199 699
Route	82 :  10 114 47 244 744 614 547 483 510 983
Route	83 :  254 311 811 754 370 421 168 870 921 668
Route	84 :  170 492 324 670 992 382 824 882
Route	85 :  294 186 794 686 146 140 640 646 236 736
Route	86 :  32 71 532 571 110 610
Route	87 :  271 221 771 721 450 11 950 511
Route	88 :  403 903 341 5 344 841 505 844
Route	89 :  367 485 867 205 460 985 960 705
Route	90 :  452 164 217 952 717 664
Route	91 :  436 456 366 936 59 866 956 559
Route	92 :  165 112 612 349 665 482 150 982 849 650
Route	93 :  181 486 681 190 986 319 690 819
Route	94 :  123 623 383 883 74 433 574 933
Route	95 :  1 75 501 448 575 948 240 740
Route	96 :  105 48 605 548 139 487 639 987
Route	97 :  45 545 462 24 387 962 524 887 428 928
Route	98 :  82 582 228 84 728 584 90 41 541 590
Route	99 :  201 214 29 701 529 8 714 508 479 979
Route	100 :  189 464 278 778 293 498 964 998 793 689
Route	101 :  414 390 914 890 488 466 988 966
Route	102 :  411 372 911 67 872 206 426 926 567 706
Route	103 :  50 306 550 131 806 30 530 631
Route	104 :  348 196 848 432 932 291 696 70 570 791
Route	105 :  474 429 226 929 726 316 974 816
Route	106 :  43 52 543 342 842 413 913 552 468 968
Route	107 :  410 910 161 147 647 34 661 534 481 981
Route	108 :  350 850 375 358 875 330 252 858 830 752
Route	109 :  365 230 441 865 730 941 449 401 949 901
Route	110 :  51 305 276 551 776 409 805 909
Route	111 :  193 42 542 138 693 381 638 881
Route	112 :  120 187 37 66 537 415 620 915 566 215 687 715
Route	113 :  180 307 680 315 815 434 807 347 934 847
Route	114 :  397 153 17 897 517 653 258 758
Route	115 :  277 177 777 677 239 739
