Instance name : ber-n1000-2
Authors       : Dmitriy Demin, Mikhail Diakov (msd@veeroute.com), Ivan Ilin, Nikita Ivanov, Viacheslav Sokolov (vs@veeroute.com) et al. VRt Global (https://veeroute.com/)
Date          : 2023-04-24
Reference     : veeroute.com
Solution
Route 1 : 250 93 750 223 337 837 593 723
Route 2 : 10 109 33 388 533 609 888 510
Route 3 : 73 407 907 573 19 272 519 772
Route 4 : 333 833 208 185 196 708 13 685 696 513
Route 5 : 3 464 964 379 434 503 934 879
Route 6 : 149 649 486 295 986 128 795 628
Route 7 : 478 387 978 210 710 887
Route 8 : 247 747 312 8 812 162 508 662
Route 9 : 123 43 543 623 405 423 923 905
Route 10 : 431 499 931 999 225 70 570 725
Route 11 : 172 95 209 349 672 595 709 849 457 957
Route 12 : 82 582 359 859 370 482 150 982 870 650
Route 13 : 213 713 472 27 264 527 972 764
Route 14 : 313 76 813 576 110 175 675 610
Route 15 : 148 648 187 234 734 360 687 860 428 928
Route 16 : 145 58 437 266 937 558 645 766 455 955
Route 17 : 121 371 621 67 259 871 759 567
Route 18 : 23 9 38 509 523 62 562 538 240 740
Route 19 : 39 288 300 539 800 788
Route 20 : 51 348 848 551 438 938 451 951
Route 21 : 400 900 453 488 498 998 953 988
Route 22 : 241 37 66 741 537 415 915 566 215 204 715 704
Route 23 : 390 380 458 880 248 890 479 958 748 979
Route 24 : 310 810 435 484 935 984 495 995
Route 25 : 474 429 226 929 726 433 974 933
Route 26 : 334 214 834 20 91 714 591 520
Route 27 : 180 126 307 680 626 395 347 807 895 847
Route 28 : 341 5 305 406 841 805 505 906
Route 29 : 411 372 911 872 206 218 81 706 718 581
Route 30 : 186 294 794 686 146 44 646 236 544 736
Route 31 : 414 914 449 443 949 943
Route 32 : 287 127 322 787 822 627 381 160 660 881
Route 33 : 205 166 12 512 666 485 460 985 960 705
Route 34 : 476 249 376 749 976 876
Route 35 : 417 917 61 71 571 561
Route 36 : 227 26 526 727 473 391 973 891
Route 37 : 116 216 716 59 616 292 559 792
Route 38 : 332 137 267 832 637 767
Route 39 : 350 850 375 358 875 330 252 858 830 752
Route 40 : 244 46 25 744 525 546
Route 41 : 99 265 303 599 765 316 803 345 845 816
Route 42 : 311 452 217 811 413 913 952 717 468 968
Route 43 : 98 231 299 598 799 420 731 920
Route 44 : 329 829 315 130 815 89 589 630
Route 45 : 53 320 820 56 553 35 556 535
Route 46 : 238 254 754 289 738 335 789 835 237 737
Route 47 : 436 232 936 139 732 487 639 987
Route 48 : 50 550 131 24 446 524 946 631
Route 49 : 403 77 903 447 577 489 947 989
Route 50 : 384 884 290 85 57 790 585 557 183 683
Route 51 : 475 975 483 399 500 983 899 1000
Route 52 : 161 246 746 426 926 661 481 981
Route 53 : 230 441 342 730 941 401 842 470 970 901
Route 54 : 97 262 397 293 762 454 897 597 793 954
Route 55 : 171 100 671 480 191 691 980 284 784 600
Route 56 : 96 274 596 101 601 339 774 158 658 839
Route 57 : 159 106 285 659 606 374 785 874
Route 58 : 198 356 698 115 856 615 282 782
Route 59 : 112 165 612 665 317 255 817 755 361 861
Route 60 : 253 203 703 753 442 418 942 918
Route 61 : 167 222 667 722 493 200 993 700
Route 62 : 201 298 701 798 199 15 515 699
Route 63 : 338 261 838 761 141 36 536 641
Route 64 : 419 919 195 194 219 695 719 694
Route 65 : 142 182 682 642 496 996 309 809
Route 66 : 176 83 676 583 459 55 477 977 959 555
Route 67 : 229 729 122 281 92 467 622 592 781 967
Route 68 : 396 221 896 721 308 220 720 808
Route 69 : 271 6 506 771 450 11 950 511
Route 70 : 103 427 30 603 530 927 207 707
Route 71 : 243 326 314 826 814 743 41 113 541 613
Route 72 : 277 177 777 677 239 739
Route 73 : 469 445 945 969 466 424 924 966
Route 74 : 1 327 501 190 448 827 948 690 233 733
Route 75 : 251 212 184 751 684 712 373 873
Route 76 : 301 193 42 542 693 351 111 611 851 801
Route 77 : 151 4 651 297 504 153 118 653 797 618
Route 78 : 465 120 21 521 965 620 155 49 549 655
Route 79 : 408 392 461 908 961 892 279 779
Route 80 : 157 263 64 657 763 564 357 258 758 857
Route 81 : 211 114 47 711 614 409 547 909
Route 82 : 54 386 29 886 554 529 69 291 569 791
Route 83 : 389 889 188 22 688 318 94 594 522 818 65 565
Route 84 : 302 228 84 140 802 728 640 584 7 507
Route 85 : 135 268 306 635 768 108 806 133 608 633
Route 86 : 367 497 997 867 444 944 34 534
Route 87 : 328 270 45 545 828 770 346 235 735 846
Route 88 : 144 410 910 147 644 60 560 647 40 540
Route 89 : 404 904 432 932 369 275 869 775 78 578
Route 90 : 365 52 366 865 552 383 883 866 340 840
Route 91 : 283 323 430 823 930 179 679 783
Route 92 : 245 745 14 224 280 780 724 514
Route 93 : 394 492 276 992 776 894 494 994
Route 94 : 402 490 378 439 990 902 939 878
Route 95 : 87 88 587 588 319 819
Route 96 : 368 868 174 325 364 825 864 674
Route 97 : 32 125 354 532 625 854
Route 98 : 79 286 786 377 331 579 877 831
Route 99 : 75 257 192 575 692 757
Route 100 : 202 18 518 702 16 440 516 940
Route 101 : 68 568 31 531 72 421 168 572 921 668
Route 102 : 256 456 756 491 956 154 991 654
Route 103 : 119 343 619 843 273 304 173 673 80 773 804 580
Route 104 : 105 48 548 605 164 169 664 669
Route 105 : 269 363 863 425 769 124 925 624
Route 106 : 134 362 634 862 416 471 971 916
Route 107 : 104 604 462 324 344 962 824 844
Route 108 : 353 28 528 853 138 136 156 636 638 656
Route 109 : 260 102 178 602 678 760
Route 110 : 189 278 296 778 90 17 796 517 590 689
Route 111 : 181 242 742 681 2 152 652 502
Route 112 : 412 170 321 821 670 912 355 143 855 643
Route 113 : 63 163 117 617 663 382 563 882
Route 114 : 132 86 129 74 586 632 629 574 197 697
Route 115 : 393 893 398 385 463 885 963 898
Route 116 : 336 107 352 607 852 836 422 922