Instance name : ber-n1500-4
Authors       : Dmitriy Demin, Mikhail Diakov (msd@veeroute.com), Ivan Ilin, Nikita Ivanov, Viacheslav Sokolov (vs@veeroute.com) et al. VRt Global (https://veeroute.com/)
Date          : yyyy-mm-dd
Reference     : veeroute.com
Solution
Route 1 : 55 536 805 80 830 196 1286 219 472 1222 684 946 969 25 1434 135 775 610 550 1360 437 1300 885 611 1361 222 972 541 1187 98 1291 848 33 455 783 1205 748 702 266 1452 1498 646 1016 1396 705 373 1455 1123
Route 2 : 332 631 707 1457 1381 568 1082 1318 314 1064 191 65 815 941 477 721 1471 749 562 1227 153 1312 1499 903 685 322 1072 1435 417 44 1167 794 724 1474 584 1334 526 1276
Route 3 : 115 574 865 1324 591 61 1341 569 233 558 811 1319 1308 983 342 572 262 1092 22 436 1186 1322 736 1012 772 739 96 1486 1489 612 109 846 1362 367 463 859 175 925 1117 42 1213 792 16 20 380 1130 770 766
Route 4 : 662 596 542 1346 719 1469 218 1412 1292 968 507 743 1493 599 1257 152 1349 700 902 670 1420 1450 525 184 934 1275 470 1220 203 577 953 435 424 1327 1185 269 1019 1174 239 471 1221 989
Route 5 : 308 164 1058 371 914 1121 149 4 688 754 899 154 123 904 873 211 52 1438 802 961 712 1462 77 466 1216 445 1195 709 827 253 1003 1459 130 645 34 187 880 937 167 1395 917 784
Route 6 : 495 421 1171 686 1436 618 580 1330 1245 1368 246 996 328 570 1078 1320 273 1 1023 725 1475 226 976 540 1290 676 751 383 1426 1133 504 518 1254 521 1268 1271 100 679 309 1429 850 85 552 247 1059 835 1302 997
Route 7 : 722 228 1472 104 854 391 268 978 1141 178 75 750 1018 1500 825 482 928 319 1232 29 1069 84 394 834 779 623 261 1144 508 1373 613 1258 621 1363 1011 229 979 1371 399 274 81 1024 831 1149 629 1379
Route 8 : 206 956 696 181 931 1446 369 361 1111 694 60 1119 810 1444 18 481 311 768 1231 289 1039 738 735 1061 6 756 1485 1488 704 441 1454 106 1191 213 856 963 260 1010 423 333 1173 1083
Route 9 : 23 193 523 943 773 548 1298 456 1273 746 563 1206 1313 1496 188 528 159 938 1278 498 413 909 117 1163 720 519 867 1269 1248 1470 324 38 475 1225 788 1074
Route 10 : 402 1152 216 616 559 966 1309 1366 144 894 697 136 393 1447 1143 539 604 886 1354 359 1109 594 1289 1344 515 201 1265 682 1432 951 635 486 1385 195 945 293 1236 1043 447 185 1197 935
Route 11 : 307 713 1463 50 1057 483 800 176 1233 926 430 1180 716 358 1466 1108 656 530 1280 68 639 1406 1389 365 453 1115 1203 818 40 790 160 41 90 910 669 1419 840 791
Route 12 : 208 492 958 1242 499 512 1262 1249 316 1066 351 66 816 300 87 1050 1101 292 837 1042 172 922 21 771 592 1342 199 602 949 1352 111 357 717 1467 861 1107
Route 13 : 440 667 281 1190 1031 1417 617 67 1367 817 681 275 509 1259 45 1431 1025 490 505 387 795 633 1383 1255 1240 1137 53 449 803 415 1199 496 1246 1165 331 37 603 1353 1081 787 732 1482
Route 14 : 140 329 296 1046 890 660 1079 255 511 1005 535 1285 1261 718 1410 231 981 1468 252 1002 259 1009 691 731 1481 145 895 306 1441 1056 737 338 1088 1487 723 14 9 1473 250 759 1000 764 339 628 168 918 237 1089 1378 987
Route 15 : 579 585 1329 469 590 1335 1219 680 1340 192 942 418 1430 232 114 1168 864 459 1209 982 648 1398 174 72 822 924 315 1065 348 438 1098 299 1188 1049
Route 16 : 244 677 1427 576 994 279 1326 236 619 1029 1369 534 1284 462 1212 986 103 698 643 853 1448 1393 290 454 1040 551 1301 513 1263 1204 479 350 32 1100 1229 555 782 708 1458 1305
Route 17 : 425 7 757 497 1247 1175 113 863 182 294 1044 362 932 157 1112 271 120 1021 907 76 870 826 171 39 921 107 789 554 83 1304 857 714 1464 102 323 1073 833 852
Route 18 : 446 378 1128 1196 461 389 1139 1211 217 287 967 189 939 254 1004 586 1037 742 398 1148 28 1492 778 1336 284 1034 664 73 715 823 1465 214 1414 964 668 1418
Route 19 : 637 597 564 728 1314 1347 1387 1478 238 988 657 3 82 832 1407 556 108 858 1306 747 36 753 595 661 786 1345 1497 1411 186 397 248 91 936 841 1147 998 561 589 503 1253 650 571 1400 1339 1321 1311
Route 20 : 121 644 265 1015 516 1266 582 871 553 1303 1394 1332 706 1456 47 143 797 443 893 124 874 1193 295 547 1297 151 95 1045 845 901 69 403 545 1295 1153 819
Route 21 : 321 1071 566 341 1316 626 1091 546 1376 78 1296 828 277 190 658 940 690 1408 396 1440 64 814 1027 1146 27 484 408 1234 777 636 1158 92 842 70 1386 820 150 15 900 765
Route 22 : 276 1026 740 1490 245 146 97 896 198 948 995 847 520 506 583 1270 1333 1256 249 194 944 161 911 999 86 207 836 400 420 957 1170 1150 649 128 1399 734 878 1484
Route 23 : 500 278 1250 588 1028 1338 600 606 1356 74 1350 824 693 304 122 1443 467 872 1217 1054 729 433 224 1183 1479 974 609 1359 448 627 1377 1198 478 210 1228 354 638 960 1104 1388
Route 24 : 573 223 356 973 285 267 1106 442 1035 1192 283 1033 653 1403 129 1017 879 522 1272 173 118 923 868 225 975 655 370 99 1405 1120 849 101 368 1118 851 363 49 1113 364 799 1114 288 1038 1323
Route 25 : 230 280 687 302 1437 980 1030 1052 502 344 1094 1252 205 955 372 663 1122 695 1413 1445 605 1355 312 127 465 877 1215 1062 105 855 132 422 1172 882 608 347 1358 533 1097 1283
Route 26 : 485 710 411 1460 434 744 1494 1235 112 1184 110 1161 862 538 860 1288 62 812 94 379 844 1129 460 527 374 1277 1210 1124 24 774 56 806 727 620 1477 640 1370 119 1390 666 869 1416
Route 27 : 404 1154 652 258 1402 1008 131 313 881 212 59 1063 809 532 962 1282 457 13 1207 763 678 162 1428 912 340 405 1090 43 1155 793 614 163 501 913 1364 1251
Route 28 : 134 355 384 1105 79 884 337 1134 138 1087 330 1080 829 888 298 565 1048 93 1315 843 58 388 1138 808 711 578 1328 89 726 1476 197 839 947 1461 327 2 752 1077 240 601 1351 51 990 801
Route 29 : 345 180 489 1239 1095 428 930 320 88 381 1131 1178 701 1451 464 1070 838 473 1214 1223 567 593 1317 458 1343 1208 703 598 1453 346 560 1310 1348 1096 137 12 263 1013 762 689 887 392 1142 1439
Route 30 : 419 444 510 1169 241 991 1194 395 1260 243 1145 524 1274 672 158 993 142 908 892 407 1422 1157 57 807 651 360 202 952 220 1401 30 970 1110 780 427 1177 156 303 334 1053 557 906 1084 286 1307 1036
Route 31 : 494 431 1244 282 1032 1181 343 1093 517 204 414 1164 1267 954 183 933 139 8 889 401 659 1151 126 758 876 439 1189 1409 488 543 1238 1293 452 31 781 1202 741 1491
Route 32 : 429 1179 200 476 353 148 950 1103 654 1404 632 898 1382 297 291 1047 1041 409 642 11 761 310 1060 531 1281 1159 1392 1226 35 410 272 1160 1022 352 785 1102 221 46 971 301 1051 796 147 257 897 1007
Route 33 : 376 165 1126 915 683 1433 468 1218 170 920 412 155 317 905 1162 5 1067 493 755 544 634 1384 1243 699 1294 675 1449 1425 641 1391 386 349 480 1099 665 1415 622 1372 1136 63 1230 813 54 19 804 769
Route 34 : 335 133 1085 883 487 630 1237 141 1380 745 891 209 1495 959 514 432 529 1264 406 1156 1182 1279 730 1480 242 390 1140 17 625 992 767 575 1325 692 1375 26 776 673 1442 1423 382 1132
Route 35 : 256 674 1006 416 234 1424 305 1166 984 1055 215 615 965 179 1365 251 929 177 927 10 1001 537 760 377 1287 1127 169 919 227 647 977 491 270 1397 366 1241 1116 1020 318 1068 116 450 866 1200
Route 36 : 336 166 916 1086 375 474 733 264 1224 48 1014 798 581 235 1125 1483 985 1331 451 326 1201 549 1299 671 1076 587 1337 607 1421 1357 385 1135 426 325 1176 1075 125 624 71 1374 821 875