Instance Name : ber-n1500-1
Authors       : Shobb<shobb@narod.ru>
Date          : 2022-12-24
Reference     : My solver test
Solution
Route 1 : 740 200 64 814 293 509 950 1259 1490 733 1043 1483
Route 2 : 710 123 224 873 554 974 1460 231 218 968 981 1304
Route 3 : 434 9 489 539 714 759 1184 417 1239 1167 1289 1464
Route 4 : 264 1014 34 17 73 133 823 784 883 15 767 765
Route 5 : 60 810 590 363 1113 122 872 551 376 1126 1301 1340
Route 6 : 739 277 322 307 1027 1072 1489 1057 541 1291
Route 7 : 736 642 647 1486 1397 561 128 1392 1311 878
Route 8 : 735 67 1485 718 1468 817 284 450 1200 1034
Route 9 : 727 229 1477 478 979 396 1146 508 1228 1258
Route 10 : 711 1461 317 190 940 575 1067 310 1060 1325
Route 11 : 699 83 195 1449 689 945 574 833 1439 1324
Route 12 : 698 1448 351 248 427 1101 104 1177 854 998
Route 13 : 687 295 470 1220 414 1437 1045 670 1164 1420
Route 14 : 685 691 135 100 1441 850 885 407 1435 1157
Route 15 : 672 677 1422 633 1427 741 659 1383 1491 1409
Route 16 : 671 617 318 1068 463 204 1367 1421 954 1213
Route 17 : 661 1411 260 536 1010 483 378 1286 1128 1233
Route 18 : 649 40 389 790 1399 1139 14 23 773 764
Route 19 : 640 726 1476 446 370 1390 1120 1196 593 1343
Route 20 : 637 626 372 535 1376 1122 1285 1387 485 1235
Route 21 : 636 1386 494 345 732 630 1244 1380 1482 1095
Route 22 : 635 1385 435 151 901 1185 524 93 843 1274
Route 23 : 625 342 94 436 1375 1092 844 225 1186 975
Route 24 : 623 1373 61 506 182 932 811 59 1256 809
Route 25 : 613 1363 50 8 179 800 758 929 244 994
Route 26 : 603 90 840 1353 367 573 1117 643 1323 1393
Route 27 : 599 716 1349 1466 662 47 797 309 1412 1059
Route 28 : 594 252 222 972 422 1344 708 1172 1002 1458
Route 29 : 589 499 1339 433 227 622 1249 1372 1183 977
Route 30 : 587 343 730 1337 1480 1093 500 146 1250 896
Route 31 : 583 457 1333 484 1207 257 1234 1007 175 925
Route 32 : 582 249 999 546 362 1332 216 1112 966 1296
Route 33 : 581 178 38 1331 928 580 1330 788 348 1098
Route 34 : 553 70 820 364 271 283 1021 1303 1033 1114
Route 35 : 534 103 1284 853 331 420 569 1170 1319 1081
Route 36 : 522 1272 115 456 865 505 516 1255 1266 1206
Route 37 : 496 474 1224 234 96 1246 846 57 984 807
Route 38 : 495 491 1241 650 1245 1400 537 299 1049 1287
Route 39 : 481 137 1231 91 841 887 507 294 1257 1044
Route 40 : 442 337 119 1192 869 608 1087 76 1358 826
Route 41 : 428 319 1069 228 529 1178 978 1279 187 937
Route 42 : 424 233 1174 46 26 776 796 983 533 1283
Route 43 : 397 480 545 1230 1295 1147 375 390 1125 1140
Route 44 : 388 469 1219 1138 365 502 55 805 1252 1115
Route 45 : 371 89 7 1121 757 213 839 75 825 963
Route 46 : 360 347 1110 1097 356 44 794 619 1106 1369
Route 47 : 350 49 1100 556 799 468 439 1306 1218 1189
Route 48 : 346 205 605 955 1355 454 186 1204 1096 936
Route 49 : 340 268 250 1090 666 1018 525 1275 1000 1416
Route 50 : 335 1085 425 217 282 29 1032 779 1175 967
Route 51 : 334 1084 19 246 769 164 355 1105 996 914
Route 52 : 333 117 235 867 108 305 858 985 1083 1055
Route 53 : 323 11 301 1051 79 5 761 1073 829 755
Route 54 : 321 543 312 1293 1071 198 1062 316 948 1066
Route 55 : 302 54 804 400 1052 145 895 31 781 1150
Route 56 : 280 69 211 1030 629 819 393 1143 961 1379
Route 57 : 279 359 368 1118 558 1308 1109 498 1248 1029
Route 58 : 263 169 919 109 576 859 1013 1326 645 1395
Route 59 : 240 102 624 990 438 852 143 893 1374 1188
Route 60 : 196 487 308 946 1058 527 745 1237 1495 1277
Route 61 : 185 155 373 905 713 381 935 1131 1463 1123
Route 62 : 173 515 923 1265 314 445 379 1195 1129 1064
Route 63 : 172 125 875 87 214 964 837 653 922 1403
Route 64 : 152 141 902 183 891 933 324 673 1074 1423
Route 65 : 150 313 39 789 493 1063 181 1243 931 900
Route 66 : 148 6 110 756 452 860 564 898 1202 1314
Route 67 : 139 209 959 197 669 156 889 906 1419 947
Route 68 : 130 421 1171 127 380 880 453 877 1203 1130
Route 69 : 129 578 158 908 220 1328 879 465 1215 970
Route 70 : 116 171 149 697 866 899 1447 540 921 1290
Route 71 : 107 166 857 510 292 1260 916 16 1042 766
Route 72 : 105 855 523 118 614 1364 1273 84 868 834
Route 73 : 92 750 136 886 842 386 472 1500 1222 1136
Route 74 : 72 822 242 423 163 1173 913 992 80 830
Route 75 : 53 459 586 803 1209 680 1336 281 1031 1430
Route 76 : 43 361 237 1111 259 793 25 987 775 1009
Route 77 : 36 21 786 717 771 332 402 1152 1082 1467
Route 78 : 35 106 206 785 399 856 597 956 1149 1347
Route 79 : 13 504 101 851 763 1254 411 297 1161 1047
Route 80 : 10 131 881 760 440 517 254 1004 1267 1190
Route 81 : 729 266 1479 270 140 890 1020 1016
Route 82 : 707 415 1457 528 1165 1278 615 1365
Route 83 : 706 1456 591 274 404 1341 1024 1154
Route 84 : 702 709 1452 215 1459 261 1011 965
Route 85 : 701 74 419 1451 349 1169 824 1099
Route 86 : 694 78 657 138 1444 828 1407 888
Route 87 : 682 744 746 1432 1494 492 1496 1242
Route 88 : 664 738 632 1414 588 1488 1338 1382
Route 89 : 656 1406 194 538 566 1288 1316 944
Route 90 : 648 1398 737 611 721 1471 1487 1361
Route 91 : 644 602 1352 1394 743 30 780 1493
Route 92 : 634 681 1384 723 651 1401 1473 1431
Route 93 : 610 712 1360 616 704 1366 1454 1462
Route 94 : 601 526 1276 174 924 212 1351 962
Route 95 : 596 1346 571 663 387 1413 1137 1321
Route 96 : 595 520 488 1270 432 1345 1182 1238
Route 97 : 570 290 1320 413 1040 339 1163 1089
Route 98 : 562 210 667 960 126 1312 1417 876
Route 99 : 559 749 278 1499 1309 748 1498 1028
Route 100 : 555 51 1305 180 801 460 1210 930
Route 101 : 547 223 199 1297 949 291 973 1041
Route 102 : 544 3 753 464 1214 226 1294 976
Route 103 : 521 467 1217 609 1271 693 1443 1359
Route 104 : 519 239 989 552 1269 638 1302 1388
Route 105 : 518 418 1268 382 511 1261 1168 1132
Route 106 : 512 1262 202 530 1280 247 952 997
Route 107 : 497 1 751 289 1247 668 1039 1418
Route 108 : 490 1240 236 168 986 33 918 783
Route 109 : 486 567 1236 631 1317 607 1357 1381
Route 110 : 477 68 177 818 412 927 1227 1162
Route 111 : 475 114 864 1225 742 258 1492 1008
Route 112 : 462 1212 655 700 1450 1405 725 1475
Route 113 : 461 621 1371 1211 374 548 1124 1298
Route 114 : 443 408 1193 675 451 1158 1425 1201
Route 115 : 437 560 1187 1310 81 193 943 831
Route 116 : 426 1176 734 97 1484 639 847 1389
Route 117 : 416 221 1166 971 124 406 1156 874
Route 118 : 410 32 22 344 772 782 1160 1094
Route 119 : 398 665 1148 692 1415 1442 722 1472
Route 120 : 394 45 584 1334 795 1144 288 1038
Route 121 : 391 71 1141 598 821 719 1469 1348
Route 122 : 377 328 409 1078 1159 531 1127 1281
Route 123 : 369 676 1119 300 395 1145 1050 1426
Route 124 : 357 383 1107 1133 654 326 1404 1076
Route 125 : 354 243 1104 993 303 230 1053 980
Route 126 : 353 473 1103 501 1223 563 1313 1251
Route 127 : 304 568 1318 448 1054 176 1198 926
Route 128 : 296 384 1046 95 189 1134 939 845
Route 129 : 287 241 991 63 1037 20 770 813
Route 130 : 285 85 835 482 1035 628 1232 1378
Route 131 : 267 327 52 1017 802 444 1077 1194
Route 132 : 256 27 62 812 684 1006 777 1434
Route 133 : 253 112 1003 154 862 147 897 904
Route 134 : 245 255 1005 392 1142 476 995 1226
Route 135 : 219 160 910 731 969 311 1061 1481
Route 136 : 208 403 1153 455 1205 232 982 958
Route 137 : 201 298 1048 683 315 1433 951 1065
Route 138 : 192 207 957 447 1197 430 942 1180
Route 139 : 191 165 915 513 941 686 1263 1436
Route 140 : 184 203 953 42 934 747 1497 792
Route 141 : 170 620 920 306 167 1056 917 1370
Route 142 : 162 330 1080 431 912 458 1208 1181
Route 143 : 161 503 1253 585 592 911 1342 1335
Route 144 : 144 265 329 532 1079 1015 894 1282
Route 145 : 132 341 134 1091 882 884 366 1116
Route 146 : 121 18 871 646 1396 678 768 1428
Route 147 : 120 113 572 870 1322 863 728 1478
Route 148 : 111 269 336 471 861 1221 1086 1019
Route 149 : 99 2 752 153 849 514 903 1264
Route 150 : 98 557 660 1410 652 1307 848 1402
Route 151 : 88 641 658 1391 286 1036 1408 838
Route 152 : 86 273 1023 836 696 466 1446 1216
Route 153 : 82 188 938 724 832 262 1012 1474
Route 154 : 77 579 37 1329 159 787 827 909
Route 155 : 66 4 754 385 816 401 1135 1151
Route 156 : 65 238 988 56 542 815 1292 806
Route 157 : 58 358 24 251 1001 808 1108 774
Route 158 : 48 715 798 600 1465 275 1350 1025
Route 159 : 41 352 791 441 1102 142 1191 892
Route 160 : 28 606 325 1075 778 549 1299 1356
Route 161 : 12 479 577 1327 1229 338 762 1088
Route 162 : 705 272 688 1438 1455 1022
Route 163 : 703 405 429 1155 1453 1179
Route 164 : 627 674 1424 1377 612 1362
Route 165 : 604 618 720 1354 1368 1470
Route 166 : 565 157 276 907 1026 1315
Route 167 : 550 695 1300 679 1429 1445
Route 168 : 449 320 1199 690 1440 1070
