Instance name : ber-n4000-3
Authors       : Dmitriy Demin, Mikhail Diakov (msd@veeroute.com), Ivan Ilin, Nikita Ivanov, Viacheslav Sokolov (vs@veeroute.com) et al. VRt Global (https://veeroute.com/)
Date          : 2023-04-24
Reference     : veeroute.com
Solution
Route 1 : 407 1839 79 2407 555 2555 2079 3839 1436 1632 3632 1301 3436 3301 88 1743 3743 1611 2088 320 3611 687 2320 107 2687 1363 2107 1579 3363 3579
Route 2 : 126 2126 1373 3373 535 1424 2535 1440 3424 29 422 3440 52 2052 57 2422 330 2057 473 2330 792 2473 1572 2029 1369 3572 2792 1529 1154 3154 3529 3369
Route 3 : 1145 1788 1605 3605 3788 952 2952 3145 24 808 2808 2024 571 1091 2571 3091 1569 1862 893 3569 296 2893 3862 2296 834 431 2834 1310 3310 2431
Route 4 : 909 178 2909 260 2260 1594 1278 2178 3594 1017 3017 722 3278 1684 345 2345 486 3684 1195 2722 819 2486 2819 846 3195 920 1704 2846 2920 3704
Route 5 : 1253 838 1448 1465 2838 3465 12 579 2012 3253 2579 3448 1590 514 2514 3590 856 95 2856 1749 1143 3749 599 2095 3143 2599
Route 6 : 1954 1468 1488 3468 3488 478 1082 3082 1371 2478 3954 1047 3047 3371 729 1460 2729 3460 796 73 2073 335 2796 937 2335 399 2399 2937 1202 3202
Route 7 : 440 1556 2440 341 1442 3556 1640 557 3442 3640 109 1217 2341 2557 306 2109 1799 3799 3217 2306 232 453 11 2232 2453 2011
Route 8 : 80 1451 1463 1088 3451 720 3463 2720 1171 2080 3088 906 2906 3171 1479 1951 3951 1264 3479 3264 749 802 1689 2749 391 3689 2391 103 2802 2103
Route 9 : 1612 989 3612 239 2239 357 2989 437 2437 957 2357 2957 959 1360 867 2959 2867 1693 3360 1314 3693 3314 1375 1383 3383 1207 3375 3207
Route 10 : 76 697 2076 2697 526 365 2526 617 2365 1493 1645 2617 3493 3645 151 1791 3791 2151 169 1317 2169 1099 3317 522 582 2522 3099 1723 2582 3723
Route 11 : 1223 1993 3223 1994 706 3993 408 2706 3994 1619 3619 560 2408 2560 1037 1690 3690 921 1388 2921 3388 1702 1641 3702 3037 233 2233 1148 3641 3148
Route 12 : 525 1405 865 2865 813 2525 389 2813 1520 3405 2389 1789 162 3520 1571 2162 885 3571 564 3789 2885 1893 3893 1822 2564 494 1738 3822 3738 2494
Route 13 : 1808 3808 931 1735 2931 1511 546 2546 3511 371 3735 2371 621 1997 2621 1125 3125 618 2618 1467 3997 3467 754 156 1333 2754 2156 1937 3333 3937
Route 14 : 31 344 1558 2031 2344 3558 1180 780 2780 1142 3180 1562 1306 3142 672 1932 3932 2672 3306 3562 615 791 727 2727 2615 2791 1473 98 3473 2098
Route 15 : 521 1613 2521 336 3613 2336 660 616 1758 2660 2616 1517 3758 1504 439 2439 638 2638 3517 880 2880 3504 797 1209 2797 1432 3209 976 2976 3432
Route 16 : 1836 1626 240 2240 972 3626 3836 919 2972 569 1664 1498 2919 3664 3498 2569 1457 1901 3457 1754 1940 3901 1214 3214 3940 1396 3754 1276 3396 3276
Route 17 : 62 27 2027 456 2456 1888 3888 538 2538 2062 87 125 2125 366 2087 1884 8 3884 2366 2008 1840 746 3840 322 2322 1025 2746 1116 3025 3116
Route 18 : 1043 1615 3043 699 2699 1720 3720 1731 1595 3731 3615 3595 457 1408 2457 67 283 2067 2283 370 3408 688 1399 2370 334 2688 3399 1335 3335 2334
Route 19 : 1500 1086 3500 826 3086 932 2826 2932 860 461 1087 2860 2461 3087 859 644 2644 1421 99 2859 1691 3421 3691 2099 1186 3186
Route 20 : 291 200 495 2200 2291 2495 503 463 2503 1667 2463 3667 415 1560 3560 187 2415 61 480 2187 2480 2061 1229 1102 3229 1832 3102 448 2448 3832 1400 3400
Route 21 : 3 314 2314 2003 886 2886 1508 1224 3508 3224 1429 1842 3842 289 3429 1085 844 2289 3085 2844 1701 1866 3866 1304 3304 3701
Route 22 : 1555 1672 1963 3555 364 3672 3963 409 219 818 2219 923 481 2818 2481 2409 1496 2923 2364 3496 1872 1252 3872 1606 1946 3252 3606 450 3946 2450
Route 23 : 48 1 2048 790 2790 123 2001 213 2123 1549 847 3549 1497 2847 3497 1075 585 2213 823 2823 1033 3033 1246 2585 3246 3075 77 2077 115 967 2967 2115
Route 24 : 1779 1763 3763 398 2398 508 2508 3779 234 1643 3643 2234 94 426 2426 2094 278 924 1930 2924 2278 393 2393 509 3930 581 2581 717 2509 500 2500 2717
Route 25 : 600 2600 625 1568 3568 2625 601 2601 671 1074 1909 2671 1886 3909 1715 3886 1156 3715 1899 667 2667 3074 342 3156 3899 1123 2342 1413 3123 3413
Route 26 : 1250 1745 1262 3745 958 3262 3250 954 2958 1227 3227 1849 2954 1499 3849 1676 3499 1011 1130 3011 459 3676 1815 3130 2459 3815 265 1565 3565 2265
Route 27 : 776 595 1782 858 2595 2776 3782 970 1494 2858 874 2874 772 3494 833 2772 171 2833 2970 1165 726 2726 966 3165 2171 2966 1585 1761 3585 3761
Route 28 : 72 2072 385 892 2385 2892 193 929 2193 1895 3895 1733 3733 1069 2929 3069 1943 1669 3943 1147 1425 3669 1381 3381 1921 3425 3147 640 3921 2640
Route 29 : 1957 181 2181 3957 918 2918 662 376 2662 2376 1070 3070 1039 3039 1113 3113 1036 274 1446 3036 3446 472 1272 2274 2472 3272 1366 30 658 2658 2030 3366
Route 30 : 1215 1692 1349 3692 3215 777 1084 2777 3349 1648 1538 3648 3084 3538 1064 1548 934 2934 3548 702 2702 3064 913 348 2913 1420 3420 1004 3004 2348
Route 31 : 1524 185 189 3524 2185 629 2189 695 2695 1918 3918 1920 1697 2629 286 451 3920 3697 2286 895 2895 120 1002 3002 2451 75 2120 1686 3686 2075
Route 32 : 355 2355 462 1503 2462 574 2574 1785 782 3785 395 2782 1823 3503 2395 1941 3941 1146 1065 3146 1762 3823 1716 3762 3716 3065
Route 33 : 1445 288 2288 3445 608 1831 2608 3831 1950 724 3950 1415 1303 3303 2724 3415 248 264 1596 3596 2248 421 641 2264 282 1048 2282 2641 2421 3048
Route 34 : 1546 25 3546 1974 2025 1213 3974 517 3213 2517 122 1855 2122 1688 3688 312 3855 866 2866 506 643 1845 2643 2506 2312 1501 1367 3845 1966 3367 3501 3966 1542 3542
Route 35 : 764 2764 1973 253 3973 1320 2253 1871 760 3871 2760 476 3320 180 2476 882 2180 427 2882 2427 822 2822 995 1268 3268 637 2637 873 2873 2995
Route 36 : 1805 551 2551 64 2064 3805 1660 533 135 3660 2135 871 220 2533 2871 1072 3072 1838 2220 1454 3838 3454 4 943 1316 1225 2004 862 3225 2943 3316 2862
Route 37 : 739 1344 840 3344 2840 547 191 2547 74 2074 2739 619 1944 2191 446 2619 2446 1656 3944 217 3656 2217 1358 897 1559 2897 3358 3559
Route 38 : 1905 1682 3905 3682 246 374 2374 1471 2246 1523 1045 3471 1629 3523 1079 3629 1593 3045 3079 1191 3593 1049 3191 1751 3049 1796 3751 3796
Route 39 : 1581 1110 3581 999 2999 434 1668 3110 1534 129 3534 2434 2129 949 2949 17 3668 2017 36 1748 2036 1237 1265 3237 70 3748 2070 1491 1914 3491 3265 3914
Route 40 : 1370 1891 3370 145 1189 2145 559 3891 1848 2559 1259 3259 3189 523 3848 1576 2523 1273 3273 1561 3576 1964 3561 50 3964 1230 2050 728 3230 2728
Route 41 : 1721 744 3721 732 2732 857 2744 352 2857 1478 2352 1325 3478 121 3325 938 2121 748 2938 1441 2748 3441 1535 1540 1618 3535 3540 1732 3618 3732
Route 42 : 554 2554 485 1355 2485 1996 1737 3355 3737 3996 221 1341 1247 2221 1631 3631 3341 721 2721 3247 1852 1536 1610 3852 3536 272 3610 1321 2272 1869 3869 3321
Route 43 : 299 1955 252 2299 1398 741 2741 2252 3398 3955 1060 1509 1578 3509 3060 650 964 2650 2964 3578 1348 198 3348 505 900 2900 2505 41 2198 2041
Route 44 : 1168 3168 730 2730 1876 1138 3876 68 2068 1969 3138 824 1985 2824 3969 835 624 3985 2835 241 2624 548 2241 1132 1718 3132 2548 222 3718 558 2222 2558
Route 45 : 1418 3418 1257 1670 3257 1653 841 3670 1765 3653 2841 1694 3765 1475 605 3475 1323 3694 737 2605 2737 3323 347 97 292 2292 2347 184 2184 2097
Route 46 : 1160 3160 716 1651 769 2769 3651 793 2716 1305 2793 3305 1926 1287 3926 3287 651 498 1256 3256 438 2651 996 510 2498 2438 2996 1573 3573 2510
Route 47 : 172 2172 502 1244 3244 147 2502 1927 2147 646 1543 3543 1159 360 2646 2360 3927 262 3159 2262 499 883 2499 2883 692 1835 3835 815 2815 2692
Route 48 : 842 553 425 2842 2425 2553 711 116 1350 2711 653 2653 997 2116 1747 1114 3747 3350 2997 112 2112 3114 804 2804 1474 1986 1029 3986 3029 3474
Route 49 : 575 2575 784 410 71 2784 2410 2071 708 1158 1952 2708 1633 3633 1131 3158 435 3131 3952 2435 1434 531 3434 816 2531 2816
Route 50 : 1784 3784 489 534 2489 1307 3307 2534 66 992 974 2992 539 2539 2066 1337 2974 1879 275 3337 3879 1868 176 3868 1241 2176 3241 2275 659 2659
Route 51 : 1764 3764 501 888 2888 1773 2501 1109 3773 1201 303 2303 3109 3201 1193 803 3193 536 781 2803 861 2536 1991 2781 1663 2861 3991 3663
Route 52 : 806 2806 829 490 2490 1452 2829 1100 766 3452 3100 2766 1322 1778 3778 3322 751 1149 2751 1105 3149 3105 1983 1136 3983 411 2411 3136
Route 53 : 89 2089 1137 518 3137 1931 2518 704 1133 3133 1365 3931 367 2704 3365 2367 1797 293 2293 1283 3283 1293 3797 254 397 3293 1410 3410 2397 2254
Route 54 : 709 1687 2709 1192 3192 1295 3687 3295 1198 1236 3236 645 3198 2645 1009 3009 821 504 307 1705 2504 3705 607 1486 3486 2607 2307 2821
Route 55 : 1652 1249 55 1435 2055 3652 3249 1311 138 2138 1177 3435 3311 1139 3139 778 3177 1412 2778 3412 968 2968 477 392 2392 1666 2477 3666
Route 56 : 38 1353 2038 786 3353 2786 197 1007 3007 956 1212 3212 2956 2197 1023 1591 1801 767 3591 2767 226 3023 2226 3801 1327 1819 3819 3327 218 2218 1083 3083
Route 57 : 261 1243 18 3243 1024 3024 1010 2018 2261 418 1206 3010 3206 1675 2418 142 2142 590 2590 1942 3675 3942 1126 875 2875 1240 978 3126 3240 429 2978 2429
Route 58 : 1352 628 3352 37 1334 2628 1477 2037 3334 905 3477 1650 3650 890 2905 1820 2890 1769 3769 3820 1830 256 405 2405 2256 3830 1807 1881 3881 1977 3807 3977
Route 59 : 302 1228 1874 3874 3228 2302 1135 3135 1258 379 201 2379 3258 227 1041 2201 756 2227 1053 3053 889 3041 2756 2889 1122 1806 3122 902 3806 2902
Route 60 : 1403 356 2356 1875 603 3403 3875 1059 2603 801 2801 1900 3059 3900 1194 1152 1204 3152 561 3204 1826 3826 2561 3194 1329 251 3329 1022 2251 3022
Route 61 : 1707 3707 1821 93 3821 2093 663 1275 2663 1683 3683 3275 173 1162 2173 1787 3162 511 1698 2511 3787 284 2284 519 3698 2519
Route 62 : 787 1673 839 1521 2839 1061 3061 3521 2787 3673 1896 1816 475 3816 3896 1032 22 831 468 3032 2475 1980 2831 2022 1296 3980 2468 758 3296 2758
Route 63 : 321 2321 884 2884 537 2537 774 2774 1066 1592 700 3066 3592 207 2207 1928 2700 1008 273 3008 1393 3928 3393 2273 1057 46 3057 269 2269 1833 2046 3833
Route 64 : 32 1877 2032 276 2276 3877 60 441 771 2771 2441 1945 2060 1157 3157 417 3945 1279 160 3279 2417 2160 331 1097 2331 1042 3042 3097
Route 65 : 208 578 602 2208 2578 1564 2602 1050 1604 3564 3604 573 848 3050 2573 1984 1865 3984 1340 2848 3865 1379 10 2010 3379 928 3340 1235 378 2378 2928 3235
Route 66 : 1794 1923 247 3923 3794 2247 1545 1407 3545 3407 1062 779 3062 1174 3174 231 2779 783 2783 294 2231 1422 3422 1851 3851 986 2294 1907 2986 3907
Route 67 : 1492 1873 3492 1274 1182 3873 3274 1988 1234 3182 3988 1356 153 3234 1587 2153 1406 3356 3587 1681 3406 1098 3681 635 2635 3098 925 2925 1153 3153
Route 68 : 939 358 2939 2358 1093 879 1187 3093 1803 2879 3187 433 3803 1141 2433 346 2346 496 1484 3141 210 2496 673 3484 2673 416 2210 69 2416 2069
Route 69 : 1961 1030 3961 872 51 3030 2872 1883 973 2051 329 3883 2973 988 2329 1861 2988 876 3861 1175 2876 568 2568 1081 3175 1374 3081 1925 3925 3374
Route 70 : 734 567 2567 2734 1035 948 3035 2948 128 2128 1196 940 718 2940 1609 3196 2718 3609 1513 1430 3430 3513 669 1726 1483 3726 3483 2669
Route 71 : 39 752 311 2311 21 2039 2752 136 2021 1368 1699 3699 1347 2136 1528 3347 1505 1700 3528 3368 3505 3700 132 384 2132 901 2384 1090 3090 2901
Route 72 : 1859 3859 770 725 2770 1289 3289 2725 119 591 2119 1073 1792 2591 3073 3792 281 202 2281 1795 2202 1744 3795 363 3744 236 2363 2236
Route 73 : 1284 910 2910 3284 1776 3776 594 124 2594 2124 1211 1515 3515 396 1589 3211 1885 3885 2396 1617 3617 3589
Route 74 : 406 2406 63 2063 1210 3210 403 2403 1719 3719 552 144 1245 3245 1998 2552 2144 1443 1812 3443 3812 1911 3911 753 3998 2753 228 2228
Route 75 : 455 2455 550 2550 1433 3433 1730 436 1757 2436 3757 1908 102 3730 2102 817 1040 3908 1466 2817 3040 666 3466 301 1014 3014 2666 2301 584 2584
Route 76 : 6 565 2006 325 2565 985 54 2325 2985 1376 1000 2054 3376 3000 1411 914 1912 3411 2914 3912 9 192 2009 1709 3709 634 596 2192 2596 2634
Route 77 : 679 1389 1190 3190 1575 2679 3575 3389 747 1447 1711 2747 3447 805 2805 946 3711 134 263 2263 2946 323 2134 930 2323 154 2930 2154 1878 3878
Route 78 : 1351 1054 3351 993 3054 1713 2993 3713 1052 549 3052 2549 1127 3127 980 386 2386 2980 1870 1419 3870 3419 1798 927 249 3798 1772 2927 2249 3772
Route 79 : 961 2 2961 1756 2002 1161 3161 442 3756 382 2442 2382 1401 1071 3401 1449 3449 1525 3525 1811 1910 3811 3910 1020 3071 419 2419 3020 740 2740
Route 80 : 1346 3346 1094 3094 402 1277 2402 1933 3277 1380 1328 3328 1915 3933 799 3915 3380 563 295 2295 2799 110 327 2563 2110 1096 2327 1588 3096 828 3588 2828
Route 81 : 1203 3203 1003 1654 1377 3377 3654 1916 3916 750 3003 1101 2750 3101 1846 936 3846 674 2936 1417 3417 593 1313 2674 3313 681 1239 2593 3239 2681
Route 82 : 1514 1080 3514 1530 3530 3080 1117 951 3117 965 656 2951 1063 1621 2656 3063 190 3621 2965 1847 2190 368 3847 1742 1566 2368 92 3566 3742 2092
Route 83 : 827 1038 2827 467 2467 3038 1384 375 2375 1027 3384 1254 3254 1255 3027 1285 3285 174 1639 3639 3255 2174 864 1818 3818 2864
Route 84 : 170 698 2170 1078 713 2698 2713 987 2987 3078 540 168 2540 1298 3298 1570 2168 3570 359 49 1649 2049 2359 3649 149 1395 795 2149 2795 3395
Route 85 : 182 798 2798 542 2182 483 1461 3461 2483 1339 2542 354 3339 447 2447 194 1602 2194 2354 1031 1584 3602 3584 497 3031 165 487 2165 2487 428 2497 2428
Route 86 : 707 2707 1291 649 47 2649 3291 161 2047 912 2912 1936 2161 1112 3936 941 3112 1750 1913 3913 2941 313 2313 851 3750 2851 1455 3455
Route 87 : 1706 3706 1557 3557 975 691 2975 337 2337 1462 3462 1129 3129 962 2962 1601 316 3601 2691 1021 3021 157 2316 622 1608 2622 3608 836 2157 1990 3990 2836
Route 88 : 1685 899 3685 1880 443 3880 1118 2443 2899 1089 3089 3118 1583 424 2424 1892 3583 1992 1850 3850 1790 3892 3790 91 1005 2091 209 652 2652 2209 3005 3992
Route 89 : 825 2825 630 620 2630 2620 1015 1134 3015 432 3134 768 2432 1622 2768 1734 3622 464 2464 1150 3734 1828 3150 1104 3104 512 3828 677 1308 2677 2512 3308
Route 90 : 1959 1554 3959 3554 1897 1774 3897 304 1563 3563 3774 26 2304 1531 3531 1092 2026 693 3092 2693 1635 1331 1976 3976 3635 3331
Route 91 : 898 482 2482 2898 1051 1490 3051 1995 3490 1634 1968 3634 3968 763 1960 3960 3995 587 2587 2763 268 84 2084 1786 1829 2268 623 3829 3786 2623
Route 92 : 682 1597 2682 541 1319 3319 3597 1263 3263 2541 245 1824 2245 1172 3172 837 2837 1427 3824 3427 199 2199 45 414 2414 2045 1394 3394
Route 93 : 998 229 2229 1166 186 2186 670 3166 20 2670 2998 1844 2020 1551 3844 761 3551 1580 3580 2761 146 2146 524 158 1644 2524 195 3644 2195 2158
Route 94 : 1199 820 225 2225 3199 1661 2820 809 3661 1987 3987 2809 1409 3409 1077 1200 3077 3200 1729 118 3729 935 2935 212 1965 2118 3965 343 2212 2343
Route 95 : 853 811 2811 1770 3770 2853 896 2896 1124 723 3124 849 2723 333 516 2849 2516 736 2333 2736 1233 394 3233 1982 413 2394 994 2994 3982 2413
Route 96 : 1266 765 3266 2765 1547 3547 117 137 1481 2137 592 3481 2592 2117 1506 1813 3506 1939 1889 3939 3889 412 204 3813 1034 2204 2412 1361 3034 33 2033 3361
Route 97 : 1489 544 3489 2544 340 85 390 2340 2390 1577 3577 2085 1533 598 216 2598 2216 1638 3533 731 2731 3638 1665 633 807 2633 3665 981 2807 2981
Route 98 : 1922 15 3922 1655 2015 1777 3655 3777 529 984 2984 2529 1164 373 3164 2373 383 631 2383 1739 1107 1647 2631 855 3647 2855 1495 3107 3739 3495
Route 99 : 903 933 423 2423 1482 310 2933 2903 1324 1598 3482 3324 2310 572 3598 1810 2572 703 3810 2703 1261 1251 3261 991 1128 2991 3128 3251
Route 100 : 1712 1382 3382 1582 3712 238 3582 611 1016 2611 3016 1026 2238 1981 3026 237 3981 1018 2237 183 2183 1817 277 3018 1387 3387 1428 2277 13 2013 3428 3817
Route 101 : 5 1297 684 2005 1630 3297 1330 2684 3630 318 2318 1938 3330 1972 3938 1767 3767 1470 3972 471 1627 3470 2471 891 845 2891 1267 3627 2845 3267
Route 102 : 971 86 743 2086 2971 1046 2743 380 2380 945 3046 2945 983 1962 1753 3962 349 3753 224 2224 2983 2349 1231 3231 626 2626 1841 1238 1510 3841 3238 3510
Route 103 : 1854 1103 3103 3854 163 2163 491 2491 369 78 1216 3216 2369 1768 2078 3768 1614 719 1397 2719 694 2694 3614 105 3397 108 2108 1837 2105 3837
Route 104 : 1978 1386 3386 664 3978 351 2351 1437 2664 111 2111 1242 3242 1056 1814 3814 1623 3437 982 3623 114 2982 2114 3056 1106 1286 1271 3286 3106 3271
Route 105 : 843 1624 2843 1151 3624 362 3151 2362 1864 1953 3864 1469 3953 3469 1759 1710 908 3759 3710 2908 869 2869 206 2206 319 2319
Route 106 : 155 175 2155 1184 2175 1717 3184 3717 404 947 2404 2947 1218 1480 3218 712 2712 1882 586 3882 3480 1390 2586 577 1979 3979 3390 469 738 2577 2469 2738
Route 107 : 589 332 2589 850 1318 3318 2850 676 2332 1431 1338 3431 507 2507 1326 2676 3326 3338 1095 1544 113 2113 3095 3544 1662 1404 3662 1620 3620 470 3404 2470
Route 108 : 1947 3947 372 1902 3902 665 2372 2665 493 1459 167 2493 1220 1607 3220 2167 3459 3607 430 44 2044 1727 2430 528 3727 1221 3221 2528
Route 109 : 701 755 810 2701 2810 2755 223 285 2223 1402 759 2759 3402 377 2377 1646 1312 3646 188 3312 1219 2285 1359 3219 28 2188 2028 3359
Route 110 : 127 2127 1170 742 3170 1345 3345 16 290 2742 2016 2290 1677 1781 3781 3677 1696 955 3696 1550 2955 745 3550 1793 2745 257 3793 2257 1929 3929
Route 111 : 513 1856 2513 338 2338 1574 3856 597 680 2597 3574 580 42 1188 2680 1315 3188 2580 1068 2042 1894 3068 3315 1599 3894 3599 1302 1176 1680 3302 3176 82 3680 2082
Route 112 : 1006 3006 328 83 2083 2328 648 1414 3414 1552 2648 444 35 2444 2035 139 832 3552 2832 852 2139 1616 2852 1780 3780 3616 868 1537 2868 3537
Route 113 : 907 326 1167 2907 2326 661 1144 1067 3167 2661 3144 1423 3423 1958 3067 911 3958 1858 3858 2911 1967 255 3967 977 1971 2255 1292 3971 3292 2977
Route 114 : 1019 1464 1658 3658 1728 1364 3364 3019 65 3728 3464 1906 3906 1755 458 2065 794 2794 2458 1055 3055 3755 1949 258 179 612 2179 3949 2258 800 2612 2800
Route 115 : 1108 3108 1935 1802 3802 1391 3391 3935 1603 1674 454 3603 3674 131 1173 2131 1181 2454 279 2279 3173 3181
Route 116 : 515 1336 2515 942 3336 894 2942 685 2685 655 2655 2894 7 1119 2007 639 2639 953 3119 2953 1948 3948 1860 1800 3860 3800
Route 117 : 1269 1485 3269 1586 520 3485 3586 58 2520 2058 1507 877 2877 610 59 3507 2610 1809 3809 1450 3450 2059 863 735 2735 2863 527 2527 1115 1222 3115 3222
Route 118 : 830 576 2830 1281 2576 3281 1975 164 3975 266 2164 668 104 2104 1657 2668 2266 152 657 3657 2657 2152 1903 878 3903 2878
Route 119 : 1416 647 1924 3416 3924 2000 1956 150 4000 1522 3956 2647 3522 1426 53 2150 3426 814 2814 2053 1671 1270 588 1724 3724 2588 3671 1354 3270 3354
Route 120 : 465 1185 3185 2465 960 244 2244 1642 2960 757 1917 1714 3917 3642 3714 2757 773 2773 1722 627 23 3722 1999 3999 2627 2023 1248 3248
Route 121 : 479 969 2969 1863 2479 3863 654 106 2654 1169 3169 2106 1140 1919 270 3140 3919 705 1343 2270 609 2705 3343 2609 812 19 2019 854 2812 2854
Route 122 : 317 1516 2317 922 3516 614 2922 1332 3332 250 2250 2614 1934 3934 339 1741 3741 300 2339 90 917 2300 130 2917 675 2130 2090 1111 2675 3111
Route 123 : 696 683 2696 1752 1843 1013 2683 3843 215 3013 259 2215 3752 235 715 545 2545 2715 2259 1512 2235 532 3512 678 2532 2678 1378 230 785 3378 2785 2230 243 2243
Route 124 : 1703 3703 1527 1659 3659 1280 3527 583 2583 1183 3280 315 2315 1725 3725 1783 3183 1438 3438 1487 3783 143 788 2788 3487 2143
Route 125 : 308 2308 484 714 2484 1539 361 2361 2714 1526 3539 3526 562 870 2870 2562 530 452 2530 400 2400 1898 2452 3898 1532 1775 3775 3532
Route 126 : 1695 40 141 2141 43 2040 1827 3695 203 2043 474 2203 3827 488 2474 1679 3679 2488 916 1637 2916 690 3637 904 2690 950 2950 350 2904 2350
Route 127 : 887 445 2445 388 2887 460 2388 1476 3476 2460 915 1502 2915 1044 3044 309 2309 1197 3502 280 2280 3197 1163 1309 3309 3163
Route 128 : 297 1294 2297 271 2271 1472 3472 34 2034 1853 3294 14 2014 353 2353 604 3853 214 2604 1282 3282 1155 2214 1121 3155 1746 3746 3121
Route 129 : 401 1205 3205 1567 2401 205 96 3567 944 2944 2096 606 2205 1857 1300 3857 2606 636 689 1736 2636 3300 1740 3736 3740 2689
Route 130 : 556 305 2556 1288 3288 1890 2305 1299 3299 686 3890 1076 2686 1708 3076 1178 3708 1970 570 2570 3178 3970 963 1290 3290 1867 2963 1625 3867 3625
Route 131 : 1444 613 3444 2613 140 775 387 2387 1887 2775 2140 1678 166 2166 3678 881 1541 3541 1456 3456 3887 2881 990 762 2762 2990 1760 1372 3760 177 3372 2177
Route 132 : 287 1232 1012 3232 2287 1636 449 2449 3636 543 1392 3012 2543 733 1458 3392 3458 2733 1628 1001 3001 148 3628 100 2148 2100 492 2492
Route 133 : 1208 267 1553 3553 196 2196 3208 1362 3362 1453 2267 420 2420 3453 1804 1028 3028 298 3804 466 979 2298 2979 1600 632 3600 1385 2466 2632 3385
Route 134 : 81 1771 2081 1342 3342 1904 3771 1058 3904 324 3058 2324 1518 3518 642 1120 2642 1439 1825 1357 3120 3439 3825 242 1834 2242 3834 3357
Route 135 : 159 56 2056 2159 710 133 2710 2133 1179 1260 3179 1226 211 566 3226 1519 2566 2211 3519 789 3260 2789 101 381 2101 2381 1766 3766 1989 926 2926 3989