Instance name : ber-n1500-1
Authors : Simen T. Vadseth, Henrik Andersson, Jean-Francois Cordeau and Magnus Stålhane
Date : 10.07.2023
Reference : TBA
Solution
Route	1 :  544 3 753 464 1214 321 1294 1071 507 1257
Route	2 :  694 78 657 138 1444 828 1407 888
Route	3 :  495 491 1241 650 1245 645 1400 537 1287 1395
Route	4 :  623 61 1373 182 506 932 811 59 1256 809
Route	5 :  353 473 1103 501 1223 563 1313 1251
Route	6 :  410 32 22 344 772 782 1160 1094
Route	7 :  222 522 115 1272 319 972 1069 456 865 1206
Route	8 :  256 27 62 812 684 1006 777 1434
Route	9 :  357 383 1107 1133 654 326 1404 1076
Route	10 :  152 141 902 183 891 933 324 673 1074 1423
Route	11 :  382 276 1026 288 1038 418 1132 1168
Route	12 :  161 503 1253 585 592 911 1342 1335
Route	13 :  699 83 195 1449 689 945 574 833 1439 1324
Route	14 :  86 273 1023 74 836 696 824 1446
Route	15 :  350 49 1100 468 799 556 439 1306 1218 1189
Route	16 :  219 160 910 731 969 311 1061 1481
Route	17 :  263 169 109 919 145 895 446 859 1013 1196
Route	18 :  120 188 938 724 870 262 1012 1474
Route	19 :  571 663 387 1413 1137 1321
Route	20 :  242 423 163 1173 913 80 992 830
Route	21 :  604 720 618 1354 1368 1470
Route	22 :  377 328 409 1078 1159 531 1127 1281
Route	23 :  512 1262 202 530 1280 247 952 997
Route	24 :  279 359 223 973 393 1143 1109 498 1029 1248
Route	25 :  185 155 373 381 905 713 935 1131 1463 1123
Route	26 :  434 9 489 539 714 759 1184 417 1239 1167 1289 1464
Route	27 :  497 1 751 289 1247 668 1039 1418
Route	28 :  28 325 606 778 516 1075 226 1266 976 1356
Route	29 :  461 621 1371 1211 374 548 1124 1298
Route	30 :  77 579 37 1329 159 787 827 909
Route	31 :  644 703 1394 405 314 1155 1453 1064
Route	32 :  682 744 746 1432 1494 492 1496 1242
Route	33 :  519 239 989 552 1269 638 1302 1388
Route	34 :  41 352 791 441 1102 142 1191 892
Route	35 :  443 408 1193 675 451 1158 1425 1201
Route	36 :  335 1085 425 217 282 29 1032 1175 779 967
Route	37 :  43 361 237 1111 259 793 25 987 775 1009
Route	38 :  589 499 1339 433 227 622 1249 1183 1372 977
Route	39 :  267 327 52 1017 802 444 1077 1194
Route	40 :  416 221 1166 971 124 154 874 904
Route	41 :  596 1346 36 786 717 332 402 1152 1082 1467
Route	42 :  150 313 39 789 493 1063 181 1243 931 900
Route	43 :  435 384 1185 95 189 1134 939 845
Route	44 :  611 674 1424 1361 549 1299
Route	45 :  12 479 577 1327 1229 338 762 1088
Route	46 :  172 125 875 87 214 964 837 653 922 1403
Route	47 :  285 701 532 1451 349 1282 1099 1035 628 1378
Route	48 :  72 822 496 474 1224 234 96 1246 846 57 984 807
Route	49 :  625 342 94 436 1375 1092 225 844 975 1186
Route	50 :  550 695 1300 679 1429 1445
Route	51 :  340 250 268 1090 666 1018 525 1275 1000 1416
Route	52 :  711 1461 260 536 1010 483 378 1286 1233 1128
Route	53 :  158 129 578 908 220 1328 879 465 1215 970
Route	54 :  334 1084 19 246 769 164 355 1105 996 914
Route	55 :  555 51 1305 215 801 261 1011 965
Route	56 :  583 457 1333 484 1207 257 1234 1007 175 925
Route	57 :  637 626 372 535 1376 1122 1387 1285 485 1235
Route	58 :  664 632 275 1414 290 1382 1040 1025
Route	59 :  590 363 1113 122 872 551 376 1126 1301 1340
Route	60 :  371 89 7 1121 757 213 839 75 825 963
Route	61 :  523 118 614 1364 1273 84 868 834
Route	62 :  543 462 312 1293 1212 198 1062 316 1066 948
Route	63 :  53 21 13 763 771 803 411 297 1161 1047
Route	64 :  253 112 1003 406 862 147 897 1156
Route	65 :  515 107 1265 445 857 379 429 1179 1195 1129
Route	66 :  346 205 605 955 1355 454 186 1096 1204 936
Route	67 :  192 207 957 447 1197 430 942 1180
Route	68 :  729 266 140 1479 270 890 1020 1016
Route	69 :  196 308 487 946 1058 527 745 1237 1495 1277
Route	70 :  582 249 999 546 362 1332 216 1112 966 1296
Route	71 :  144 329 419 157 907 1079 894 1169
Route	72 :  494 101 851 345 732 630 1244 1380 1482 1095
Route	73 :  490 1240 236 168 986 33 918 783
Route	74 :  58 358 24 251 1001 808 1108 774
Route	75 :  635 1385 296 151 1046 901 524 93 843 1274
Route	76 :  398 1148 317 190 940 575 1067 310 1060 1325
Route	77 :  38 581 178 1331 928 580 1330 788 348 1098
Route	78 :  656 1406 194 538 566 1288 1316 944
Route	79 :  671 617 204 318 1068 463 1367 1421 954 1213
Route	80 :  565 466 1315 1216 743 30 780 1493
Route	81 :  738 709 1488 180 1459 460 1210 930
Route	82 :  594 252 558 1308 422 1344 708 1172 1002 1458
Route	83 :  740 200 64 293 814 509 950 1259 1490 733 1043 1483
Route	84 :  706 665 1456 692 1415 722 1442 1472
Route	85 :  35 106 206 785 399 856 597 956 1149 1347
Route	86 :  649 40 389 790 1399 1139 14 23 773 764
Route	87 :  707 415 1457 528 1165 1278 615 1365
Route	88 :  613 1363 50 8 179 800 758 929 244 994
Route	89 :  170 620 920 306 167 1056 917 1370
Route	90 :  208 403 1153 432 1182 232 982 958
Route	91 :  201 298 1048 683 315 1433 951 1065
Route	92 :  369 676 245 1119 300 995 1050 1426
Route	93 :  184 203 953 42 934 747 1497 792
Route	94 :  71 391 1141 598 821 719 1348 1469
Route	95 :  323 11 301 1051 79 5 761 1073 829 755
Route	96 :  521 467 1217 609 1271 693 1443 1359
Route	97 :  255 428 1005 228 529 978 1178 1279 187 937
Route	98 :  661 505 1411 394 1255 45 584 1334 795 1144
Route	99 :  2 99 752 153 849 514 903 1264
Route	100 :  264 17 34 1014 133 73 823 784 883 15 767 765
Route	101 :  304 568 1318 448 1054 176 1198 926
Route	102 :  610 712 1360 616 704 1366 1454 1462
Route	103 :  287 241 991 63 1037 20 770 813
Route	104 :  121 18 871 646 1396 678 768 1428
Route	105 :  710 123 224 873 1460 974 554 231 218 968 981 1304
Route	106 :  640 726 1476 576 370 1390 1326 1120 593 1343
Route	107 :  211 280 69 1030 629 819 265 961 1379 1015
Route	108 :  687 295 470 1220 414 1437 1045 670 1164 1420
Route	109 :  116 171 149 697 866 899 1447 540 921 1290
Route	110 :  48 715 798 600 1465 82 1350 832
Route	111 :  130 421 1171 127 380 880 453 877 1203 1130
Route	112 :  333 117 235 867 108 305 858 985 1083 1055
Route	113 :  475 114 864 1225 742 258 1492 1008
Route	114 :  388 469 1219 502 1138 365 55 805 1252 1115
Route	115 :  322 277 739 307 1027 1072 1489 1057 541 1291
Route	116 :  570 702 1452 105 855 1320 413 339 1163 1089
Route	117 :  553 173 923 364 271 283 1021 1033 1303 1114
Route	118 :  449 320 1199 690 1070 1440
Route	119 :  698 1448 199 547 368 1297 949 1118 309 1059
Route	120 :  636 1386 166 510 292 1260 916 16 1042 766
Route	121 :  735 67 1485 718 1468 817 284 450 1200 1034
Route	122 :  599 716 1349 1466 662 47 797 299 1412 1049
Route	123 :  588 113 572 1338 1322 863 728 1478
Route	124 :  291 392 1142 476 1041 602 1226 1352
Route	125 :  559 749 278 1499 1309 748 1498 1028
Route	126 :  700 655 518 1268 1450 1405 725 1475
Route	127 :  92 750 136 886 842 386 472 1500 1222 1136
Route	128 :  426 1176 734 97 1484 639 847 1389
Route	129 :  442 337 119 1192 869 608 1087 76 1358 826
Route	130 :  534 103 1284 420 853 331 569 1170 1319 1081
Route	131 :  601 526 1276 174 924 212 1351 962
Route	132 :  459 504 586 1254 1209 680 1336 281 1031 1430
Route	133 :  70 820 240 102 624 1374 990 438 852 1188
Route	134 :  360 347 1110 1097 356 44 794 619 1106 1369
Route	135 :  595 520 488 1270 533 1345 1238 1283
Route	136 :  88 658 641 1391 286 1036 1408 838
Route	137 :  65 238 988 56 542 815 1292 806
Route	138 :  148 6 110 756 452 860 564 898 1202 1314
Route	139 :  424 233 1174 46 26 776 796 983 407 1157
Route	140 :  727 229 1477 478 979 396 1146 508 1228 1258
Route	141 :  634 681 1384 723 651 1401 1473 1431
Route	142 :  481 137 1231 91 841 887 607 1357
Route	143 :  302 54 1052 400 804 31 1150 390 781 1140
Route	144 :  162 330 1080 431 912 458 1208 1181
Route	145 :  354 243 1104 993 303 230 1053 980
Route	146 :  562 210 667 960 126 1312 1417 876
Route	147 :  397 480 545 1230 1295 1147 375 1125 294 1044
Route	148 :  341 134 132 1091 882 884 366 1116
Route	149 :  705 272 688 1455 1438 1022
Route	150 :  10 131 881 760 440 517 254 1004 1267 1190
Route	151 :  191 165 915 513 941 686 1263 1436
Route	152 :  603 90 840 1353 367 573 1117 643 1323 1393
Route	153 :  343 587 730 1337 1480 1093 500 146 1250 896
Route	154 :  66 4 754 385 816 401 1151 1135
Route	155 :  672 677 1422 633 1427 741 659 1383 1491 1409
Route	156 :  567 486 1236 631 1317 721 1471 1381
Route	157 :  139 209 959 669 197 156 1419 906 889 947
Route	158 :  648 1398 591 274 404 1341 1024 1154
Route	159 :  685 691 135 100 1441 850 885 143 893 1435
Route	160 :  477 68 177 818 412 927 1227 1162
Route	161 :  437 560 1187 1310 81 193 831 943
Route	162 :  111 269 336 471 861 1221 1086 1019
Route	163 :  455 1205 351 248 427 1101 104 1177 854 998
Route	164 :  737 627 1487 612 1377 1362
Route	165 :  98 557 660 1410 652 1307 848 1402
Route	166 :  736 642 647 1486 128 1397 561 1392 1311 878
Route	167 :  60 810 85 835 482 511 395 1261 1232 1145
