Instance name: ber-n200-2
Authors      : CUHKSZ_HWGTS
Date         : 2024-12-05
Reference    : Unpublished
Solution
Route 1 : 23 37 94 137 123 194 43 20 143 120 74 14 114 13 174 66 113 166
Route 2 : 96 52 62 152 162 196 51 82 151 79 182 59 179 159 12 112
Route 3 : 71 171 93 55 155 42 193 142 68 27 168 67 73 127 167 173 29 129
Route 4 : 30 130 57 64 164 157 98 198 77 100 177 89 200 10 189 110
Route 5 : 36 87 136 46 187 17 146 90 117 8 108 24 190 124
Route 6 : 72 2 9 109 102 41 86 22 141 172 97 122 44 197 186 144
Route 7 : 65 99 47 84 199 147 184 16 116 95 165 50 1 101 150 195 18 118
Route 8 : 54 48 154 148 26 126 60 11 160 35 111 135 53 6 153 106
Route 9 : 63 85 185 163 61 34 161 134 76 33 39 133 176 88 139 188
Route 10 : 83 7 107 183 45 32 145 132 78 49 5 149 105 40 75 175 140 3 103 178
Route 11 : 92 31 70 192 170 38 56 138 156 25 125 131 91 81 191 181
Route 12 : 4 58 19 119 104 158 80 15 180 69 115 21 169 121 28 128
