Instance name : ber-n2000-6
Authors       : Isaiah Reimer (isaiah.reimer@rideco.com). RideCo (rideco.com)
Date          : 2023-06-13
Reference     : Rideco PDPTW Solver
Solution
Route 1 : 806 1806 10 636 972 1010 1636 1972 445 814 314 1445 1314 1814 644 225 1644 1225
Route 2 : 283 519 463 1519 1283 298 1463 1298 670 856 148 1670 1148 291 1856 1291 202 94 1094 1202
Route 3 : 858 1858 589 994 1994 602 1589 213 1602 430 1213 435 1435 1430 914 669 1914 52 1669 1052
Route 4 : 848 61 1848 830 1061 986 1830 660 735 1660 1986 172 618 1735 1172 628 1618 1628
Route 5 : 677 1677 91 833 1833 1091 612 14 1014 1612 674 990 1674 379 1990 168 1379 855 1855 1168
Route 6 : 392 845 1392 271 1845 1271 377 18 1018 1377 8 778 1008 530 118 1118 1778 1530
Route 7 : 497 1497 919 293 1919 1293 984 995 1984 244 1995 1244 527 870 212 1527 1870 1212 807 1807
Route 8 : 76 111 1076 1111 348 803 180 1348 1803 1180 318 164 1318 441 1164 718 1441 1718
Route 9 : 206 1206 638 21 1638 1021 300 157 1157 447 1300 1447 580 316 1580 1316 457 1457
Route 10 : 66 32 1066 1032 108 614 301 1108 1614 162 1301 810 1162 606 1606 1810 427 1427
Route 11 : 773 194 1773 28 1028 1194 249 309 1309 1249 650 252 690 1650 512 1690 1512 1252
Route 12 : 236 1236 231 546 1231 1546 927 1927 978 102 1978 303 1102 832 1303 1832 593 1593
Route 13 : 434 219 270 1219 1434 1270 253 259 1253 109 1259 672 1672 1109 198 554 1554 1198
Route 14 : 153 1153 217 640 1640 1217 800 890 1890 1800 246 228 1246 1228 220 679 789 1679 1220 1789
Route 15 : 104 1104 279 720 1720 1279 555 974 1974 1555 761 1761 991 1991 386 1386
Route 16 : 649 1649 642 866 476 1642 1866 939 1476 1939 403 915 1915 532 1403 1532
Route 17 : 38 1038 398 1398 888 105 357 1888 1357 1105 123 385 1123 263 1263 1385 863 1863
Route 18 : 824 195 1195 36 1824 963 1963 1036 343 186 1343 751 1751 1186 539 1539 70 1070
Route 19 : 210 355 1210 1355 696 209 1696 483 1209 632 1632 1483 152 410 895 1152 1895 1410
Route 20 : 485 342 1485 1342 98 971 158 1098 1158 1971 175 454 816 1454 1175 1816 607 1607
Route 21 : 846 1846 942 443 1942 787 1787 1443 608 140 1608 1140 624 1624 24 746 1024 1746
Route 22 : 426 347 1347 1426 92 321 1321 1092 705 823 535 1705 1823 662 1535 911 1662 1911
Route 23 : 795 63 1063 250 772 1795 487 1250 1772 1487 493 432 684 1432 211 1684 1493 1211
Route 24 : 744 629 641 1629 1744 1641 553 651 726 1651 1726 365 1553 933 1365 1933
Route 25 : 887 1887 552 255 1552 201 1255 1201 193 456 1456 753 1753 898 1898 1193 450 514 1450 1514
Route 26 : 676 115 1676 673 165 1115 156 1673 1156 1165 241 627 384 1241 1627 997 1997 1384
Route 27 : 106 85 1106 1085 851 675 1851 1675 239 861 1239 826 1861 340 1340 1826
Route 28 : 117 764 1117 1764 245 216 691 1691 1245 1216 804 591 1804 1591 362 513 1513 1362 133 1133
Route 29 : 171 119 1119 1171 917 985 1917 468 1985 1468 884 394 1884 977 1977 146 1394 586 1586 492 1146 1492
Route 30 : 957 285 1957 1285 510 151 1151 97 1510 1097 715 188 1188 433 1715 1433 950 1950
Route 31 : 609 1609 42 756 1042 1756 904 51 1904 768 1768 1051 738 765 1765 1738 421 1421 567 1567
Route 32 : 27 692 1027 223 1223 1692 860 1860 509 1509 617 854 1854 1617 160 1160
Route 33 : 254 550 1550 1254 189 126 1126 1189 338 588 583 1588 1338 1583 500 1500
Route 34 : 798 1798 656 783 1783 351 1656 710 1710 1351 346 366 1366 1346 733 1733
Route 35 : 952 479 528 1528 143 1143 1479 634 775 1952 1634 141 1775 717 584 1141 1584 1717 33 1033
Route 36 : 719 396 1719 1396 605 390 996 1390 54 1996 1605 1054 815 11 1815 376 281 1011 1376 1281
Route 37 : 770 1770 337 739 1337 1739 9 943 1943 411 1411 1009 4 1004 306 941 1306 1941
Route 38 : 893 1893 556 235 883 947 1556 1235 1947 110 1883 737 827 1827 1110 924 1737 1924 526 1526
Route 39 : 601 1601 968 540 1968 1540 23 232 99 1023 1232 1099 284 700 1284 1700
Route 40 : 976 65 1065 1976 361 585 1361 1585 999 643 734 1999 1734 1643 292 1292
Route 41 : 982 62 1982 1062 75 1075 611 269 1611 896 1269 1896 529 440 1529 822 1440 1822
Route 42 : 699 1699 415 908 264 1415 49 1264 1908 885 1885 903 1049 889 1903 1889
Route 43 : 34 1034 925 204 1925 1204 452 1452 880 451 1451 671 1880 797 1797 1671 173 1173
Route 44 : 380 5 1380 1005 508 389 407 1508 1407 561 1389 1561 812 1812 408 1408 491 518 1491 1518
Route 45 : 582 557 1582 779 1557 404 1779 96 1404 93 1096 1093 615 489 1615 1489
Route 46 : 324 299 1324 72 1072 1299 15 949 1949 1015 50 821 1821 1050 622 727 1622 1727
Route 47 : 197 551 542 1197 1551 1542 635 835 1635 852 127 1127 1852 686 1835 836 1686 1836
Route 48 : 358 290 1358 3 698 1290 1698 1003 811 191 494 1494 1191 1811 788 1788
Route 49 : 30 29 277 1029 1277 1030 205 916 1916 1205 149 771 1149 1771 383 731 1383 1731
Route 50 : 537 438 465 1465 1438 1537 37 1037 473 956 1473 897 1897 859 1956 1859 865 1865
Route 51 : 178 58 1178 730 1058 1730 936 666 1936 1666 511 1511 905 166 1905 755 1166 46 1046 1755
Route 52 : 495 1495 177 1177 124 828 1828 1124 467 1467 987 645 39 1987 1645 1039
Route 53 : 2 1002 1 1001 558 326 341 1341 1558 1326 992 825 1825 1992 84 850 1084 1850
Route 54 : 891 954 1891 1954 278 948 743 1948 1278 1743 930 881 1930 1881 520 1520 196 459 1459 1196
Route 55 : 207 820 1207 353 1353 757 322 1820 792 1322 791 1757 1792 90 136 1791 1136 1090 786 1786
Route 56 : 935 1935 619 1619 399 475 1399 1475 422 1422 708 1708 694 1694 121 1121 913 1913
Route 57 : 534 1534 793 745 1793 531 1745 272 1531 381 1272 951 1381 100 1951 1100 668 1668
Route 58 : 876 616 1616 1876 646 1646 405 67 163 1405 1067 455 1163 203 1455 114 1203 1114
Route 59 : 95 808 1095 1808 714 307 1714 937 872 1307 1937 144 1872 1144 395 754 1395 1754
Route 60 : 224 1224 900 857 1900 882 1857 657 1882 1657 242 423 1423 837 1242 187 570 1837 1187 1570
Route 61 : 868 1868 549 40 961 1040 1549 1961 596 975 59 1059 1975 548 521 1596 1548 1521 603 1603
Route 62 : 474 48 1474 776 1776 371 782 1048 1371 478 1782 339 1478 562 1339 993 1993 1562 453 1453
Route 63 : 988 569 1569 1988 258 1258 801 809 1809 1801 759 516 388 1388 1759 1516 780 1780
Route 64 : 572 571 1572 1571 878 687 374 1687 1878 1374 359 1359 367 693 287 1693 1287 1367
Route 65 : 869 1869 221 317 1221 488 1317 477 926 1477 1488 328 1926 955 1955 1328 296 1296
Route 66 : 464 1464 289 703 248 1289 1703 1248 81 667 331 1667 1081 1331 417 1417
Route 67 : 658 315 1315 43 1658 237 182 1043 116 1182 1116 88 707 1088 1707 1237
Route 68 : 486 1486 630 1630 862 35 1862 1035 382 697 1697 1382 610 894 1610 712 1894 1712
Route 69 : 183 1183 460 1460 131 970 819 1970 1131 522 1819 1522 921 633 1921 1633
Route 70 : 297 1297 938 541 1541 1938 652 282 7 1282 1652 1007 794 1794 122 944 1944 229 1122 1229
Route 71 : 723 721 958 1723 1721 472 1958 873 1472 428 1428 762 1873 664 1664 1762 17 1017
Route 72 : 26 1026 498 1498 769 834 323 1769 1323 1834 840 841 192 1840 1841 1192
Route 73 : 288 273 267 1288 1267 1273 502 1502 849 1849 73 436 1073 902 1436 1902 138 1138
Route 74 : 333 1333 268 1268 174 932 1174 747 969 1932 1747 886 1969 1886 523 1523 391 1391
Route 75 : 989 1989 879 763 1879 1763 31 680 1680 1031 517 312 1312 1517 413 1413
Route 76 : 907 560 302 1560 1907 1302 360 960 1960 387 1360 60 1060 1387 409 1409
Route 77 : 442 439 419 1439 1419 1442 295 959 912 350 1912 1959 260 1350 19 1260 1019 1295
Route 78 : 711 181 1711 725 1725 871 1181 1871 418 169 1169 218 1218 1418 130 227 1227 1130
Route 79 : 400 724 688 1400 1724 56 170 594 1056 1170 1594 161 706 1706 1161 1688
Route 80 : 251 1251 266 354 1266 20 1354 1020 563 575 1575 82 1563 313 1313 78 1082 1078 953 1953
Route 81 : 425 875 1425 946 1875 1946 681 538 506 1681 1506 1538 286 784 1784 1286
Route 82 : 998 1998 482 504 940 1482 420 1504 1940 1420 41 448 257 1041 1257 1448 839 1839 222 1222
Route 83 : 728 962 1728 243 1962 1243 45 1045 325 621 375 1325 1621 1375 568 1568 190 1190 356 150 1356 1150
Route 84 : 466 1466 701 179 1701 1179 368 740 320 1320 1368 155 1740 230 1155 805 1805 1230 145 1145
Route 85 : 44 55 1044 1055 566 397 1566 125 1397 796 1125 470 799 1470 1796 1799
Route 86 : 233 200 1200 1233 199 922 1199 1922 69 966 1966 1069 458 416 1416 1458
Route 87 : 729 185 1729 329 1329 1185 536 909 1536 1909 280 47 276 1280 1276 613 1047 1613 813 1813
Route 88 : 682 639 25 1639 1682 732 469 1025 1732 319 1469 648 1319 142 1648 101 1142 1101
Route 89 : 967 369 802 1369 1967 1802 484 1484 573 1573 576 515 1576 1515 659 758 1659 1758
Route 90 : 973 781 1973 983 1781 1983 600 574 654 1600 234 1654 1574 462 1234 722 1722 1462
Route 91 : 945 490 1490 1945 262 437 6 1262 1006 767 1437 910 1767 1910 247 1247
Route 92 : 928 1928 363 980 1363 545 1980 1545 265 766 931 1766 1931 1265 393 741 1393 1741
Route 93 : 578 543 1578 1543 760 1760 579 901 1579 481 370 1901 964 1481 1370 1964
Route 94 : 13 1013 154 709 1154 1709 431 294 842 1294 1431 843 1842 128 1128 139 1843 1139
Route 95 : 184 1184 132 663 1132 275 274 1274 1663 874 1874 1275 335 565 559 1565 1559 1335 505 1505 176 1176
Route 96 : 113 1113 716 349 1349 1716 471 525 137 1471 1525 1137 685 256 867 1685 1256 1867
Route 97 : 742 1000 226 2000 1742 1226 750 503 1503 626 1750 1626 406 864 647 1864 1406 1647
Route 98 : 655 1655 345 818 1345 1818 625 499 135 1499 1135 1625 311 934 1311 1934
Route 99 : 981 1981 564 79 1564 159 1079 1159 524 1524 533 844 238 1533 1238 1844
Route 100 : 979 22 1979 1022 16 877 1016 1877 68 424 1068 336 1424 1336
Route 101 : 598 790 1598 507 1790 1507 653 330 1330 83 1653 147 748 1083 1147 1748
Route 102 : 637 1637 752 623 1623 364 1752 1364 64 920 1064 1920 214 1214 80 1080 57 1057
Route 103 : 444 86 461 1444 1086 713 1713 1461 777 74 1777 480 1074 695 1695 1480 87 1087
Route 104 : 544 1544 631 372 581 1631 1581 1372 120 304 1304 590 1590 1120 577 401 1577 1401
Route 105 : 261 604 736 1604 1736 134 1261 496 327 1134 1327 334 112 1334 1112 702 1702 373 1373 1496
Route 106 : 599 547 1599 1547 53 1053 817 378 446 1378 620 1446 1817 597 1620 1597
Route 107 : 923 1923 344 1344 215 449 1215 899 1449 12 1012 1899 665 305 1305 1665 678 308 1308 1678
Route 108 : 785 501 1501 1785 661 838 1838 107 1661 965 892 1107 412 1412 704 1892 1965 683 1704 1683
Route 109 : 831 89 332 1831 1089 1332 587 1587 77 429 689 1429 1077 1689 774 595 1595 1774
Route 110 : 906 129 1906 1129 208 853 352 1853 1352 1208 310 414 1414 1310 167 71 1167 1071
Route 111 : 918 1918 402 1402 829 1829 847 240 592 1592 1847 1240 929 749 1929 103 1749 1103
