Instance name : ber-n600-5
Authors       : Dmitriy Demin, Mikhail Diakov (msd@veeroute.com), Ivan Ilin, Nikita Ivanov, Viacheslav Sokolov (vs@veeroute.com) et al. VRt Global (https://veeroute.com/)
Date          : 2023-04-24
Reference     : veeroute.com
Solution
Route 1 : 91 122 391 422 191 29 231 491 531 329 277 79 196 496 379 577
Route 2 : 235 535 47 291 347 278 591 74 578 374 243 24 543 251 324 551
Route 3 : 54 52 354 11 311 23 352 323 217 249 111 517 236 549 411 86 386 165 155 536 455 465
Route 4 : 115 127 427 415 130 292 254 554 14 592 288 114 588 414 430 276 314 576
Route 5 : 156 161 456 157 457 103 461 228 59 403 528 290 359 590 2 302 121 98 421 398
Route 6 : 34 12 36 334 312 15 336 112 315 131 412 199 431 270 570 499 139 439
Route 7 : 89 286 389 72 372 280 586 85 385 167 467 580 32 73 49 332 349 204 504 373
Route 8 : 230 172 129 472 58 429 530 198 358 38 498 143 338 94 443 394
Route 9 : 77 179 299 479 27 599 70 377 370 327 162 80 462 273 380 102 402 174 474 573
Route 10 : 120 213 420 68 513 368 133 282 582 62 362 189 433 268 163 489 463 568
Route 11 : 294 594 296 181 481 28 169 596 469 216 136 328 178 436 188 478 516 488
Route 12 : 55 21 321 267 355 192 258 567 220 520 43 492 558 343 193 493 123 423
Route 13 : 148 53 448 150 353 450 151 126 451 65 365 106 406 426 227 527 60 215 515 360
Route 14 : 51 265 88 565 388 351 210 138 297 510 8 438 597 308 195 495
Route 15 : 75 219 375 35 144 335 444 108 519 201 408 16 501 101 39 339 316 401
Route 16 : 271 571 234 281 134 534 434 176 209 581 509 476 224 524 119 25 325 419
Route 17 : 256 180 87 387 206 480 229 556 140 529 221 506 440 244 521 226 544 526
Route 18 : 145 211 445 289 239 511 589 252 539 202 552 153 502 453 22 9 309 322
Route 19 : 99 81 381 7 399 269 307 107 146 569 260 407 560 245 446 545
Route 20 : 117 96 298 417 71 598 159 396 1 371 459 301 19 26 326 319 160 460
Route 21 : 212 512 18 318 266 566 13 313 177 149 449 240 540 477 272 572
Route 22 : 171 257 471 104 233 557 533 241 404 30 135 330 45 541 435 20 320 10 310 345
Route 23 : 57 279 205 505 132 357 66 579 432 284 366 584 33 333 44 164 464 344
Route 24 : 109 186 409 255 83 555 486 110 383 242 542 410 142 259 124 559 424 67 442 285 585 367
Route 25 : 287 84 263 137 384 587 295 563 595 173 76 376 152 473 452 437 64 184 484 364
Route 26 : 214 3 128 428 514 303 116 190 490 48 93 348 393 416 154 4 304 454
Route 27 : 203 40 503 340 238 90 264 390 300 564 248 538 600 187 487 237 537 548
Route 28 : 168 17 468 92 317 78 392 170 378 147 470 283 447 247 547 158 458 583
Route 29 : 182 482 185 37 293 593 485 337 262 223 523 200 562 500 222 197 522 497
Route 30 : 95 69 395 31 331 218 518 261 561 369 42 342 5 207 246 507 546 305
Route 31 : 183 125 425 194 494 483 105 275 405 6 56 575 356 306
Route 32 : 82 97 274 382 574 397 225 118 100 400 113 525 41 418 341 413 232 61 361 532
Route 33 : 250 253 175 553 166 475 550 466 208 141 508 441 46 50 63 346 350 363