Instance name : ber-n1500-1
Authors       : BIG3 - Dmitriy Yampolskiy, Egor Nikolaev and Daria Savina. Smart Logistics Point by the BigThree team (big3.ru).
Date          : 2025-04-22
Reference     : BigThree team (big3.ru)
Solution
Route 1 : 398 623 1148 123 183 873 1373 933 57 396 1146 807
Route 2 : 635 264 1014 104 1385 200 380 854 508 950 1258 1130
Route 3 : 528 569 558 1308 395 1319 615 1278 1365 1145
Route 4 : 688 641 1391 220 970 431 1438 1181
Route 5 : 70 166 820 405 1155 564 916 1314
Route 6 : 90 188 840 383 1133 938 728 1478
Route 7 : 610 712 1360 616 704 1366 1454 1462
Route 8 : 210 562 272 960 1022 418 1312 1168
Route 9 : 129 86 836 341 879 422 1091 1172
Route 10 : 464 241 1214 991 126 466 1216 876
Route 11 : 656 705 225 975 83 1406 1455 833
Route 12 : 377 328 409 1159 1078 1127 498 1248
Route 13 : 471 486 111 1236 748 1221 861 1498
Route 14 : 147 252 496 1246 897 643 262 1002 1393 1012
Route 15 : 648 1398 642 737 627 1392 1487 1377
Route 16 : 103 667 214 853 350 1417 1100 964
Route 17 : 682 32 22 1432 772 326 782 1076
Route 18 : 634 681 1384 723 651 1401 1473 1431
Route 19 : 449 646 1396 678 1199 18 768 1428
Route 20 : 640 481 1231 31 576 1390 1326 781
Route 21 : 211 584 961 14 1334 722 1472 764
Route 22 : 250 170 920 171 717 921 1000 1467
Route 23 : 191 165 915 513 941 686 1436 1263
Route 24 : 599 633 550 1300 1349 1383 721 1471
Route 25 : 462 260 617 1212 1010 645 1367 662 1412 1395
Route 26 : 679 620 174 924 731 1481 1429 1370
Route 27 : 240 266 990 270 140 890 1020 1016
Route 28 : 408 568 1318 387 630 1158 1137 1380
Route 29 : 259 298 1009 1048 93 379 292 843 1042 1129
Route 30 : 534 195 1284 423 945 257 1173 1007
Route 31 : 594 749 1344 1499 445 666 1195 1416
Route 32 : 603 555 1353 202 1305 339 952 1089
Route 33 : 352 660 1410 47 1102 797 474 44 1224 794
Route 34 : 391 416 671 1141 1421 288 1166 1038
Route 35 : 435 675 1185 278 315 1425 1065 1028
Route 36 : 371 560 750 1121 1310 75 527 825 1500 1277
Route 37 : 256 87 134 132 1006 882 884 837
Route 38 : 354 55 805 1104 626 453 1376 1203
Route 39 : 738 709 1488 180 1459 460 1210 930
Route 40 : 71 565 1315 821 598 719 1469 1348
Route 41 : 518 325 1268 137 78 828 887 1075
Route 42 : 51 156 906 347 801 503 1253 1097
Route 43 : 512 1262 185 336 935 448 1198 1086
Route 44 : 649 1399 228 246 674 978 1424 996
Route 45 : 2 99 752 849 680 332 1430 1082
Route 46 : 224 974 318 1068 506 182 451 932 1256 1201
Route 47 : 106 494 856 345 732 206 956 1244 1482 1095
Route 48 : 479 397 1229 1147 81 193 831 943
Route 49 : 65 497 358 1108 815 1247 668 1418
Route 50 : 553 320 621 1371 1303 19 769 1070
Route 51 : 41 279 1029 791 154 124 874 904
Route 52 : 589 287 1339 190 1037 940 309 1059
Route 53 : 73 133 823 883 261 306 1056 1011
Route 54 : 304 296 1046 1054 495 742 1245 1492
Route 55 : 359 199 665 949 40 1109 1415 790
Route 56 : 477 68 177 818 412 1162 1227 927
Route 57 : 557 37 614 118 1307 787 1364 868
Route 58 : 711 1461 122 872 115 164 355 1105 865 914
Route 59 : 521 130 880 697 1271 612 1447 1362
Route 60 : 658 116 149 866 899 1408 507 1257
Route 61 : 581 595 484 1234 639 1331 1389 1345
Route 62 : 236 162 986 20 912 63 770 813
Route 63 : 437 370 1187 1120 303 230 980 1053
Route 64 : 167 530 1280 248 998 917 593 1343
Route 65 : 475 114 864 1225 282 95 1032 845
Route 66 : 45 313 1063 690 1440 795 23 773
Route 67 : 523 330 1273 522 1080 1272 33 783
Route 68 : 520 542 730 1480 1270 432 1292 1182
Route 69 : 60 7 810 529 757 231 1279 554 981 1304
Route 70 : 247 547 1297 997 198 316 948 1066
Route 71 : 285 551 532 1301 1282 1035 611 1361
Route 72 : 192 136 942 886 417 549 1167 1299
Route 73 : 357 1107 654 351 427 1404 1101 1177
Route 74 : 700 655 1450 725 1405 531 1475 1281
Route 75 : 720 618 436 1368 1470 1186
Route 76 : 201 10 760 329 585 144 1079 951 894 1335
Route 77 : 509 293 97 602 1352 847 1259 733 1043 1483
Route 78 : 35 689 785 176 333 597 926 1083 1439 1347
Route 79 : 583 1333 590 420 145 537 895 299 1170 1049 1287 1340
Route 80 : 591 487 404 1341 745 1237 1154 708 1495 1458
Route 81 : 410 233 135 885 983 492 1160 407 1242 1157
Route 82 : 308 401 1058 337 1087 1151 348 608 1358 1098
Route 83 : 452 372 493 535 1202 1122 438 1285 1243 1188
Route 84 : 515 107 1265 510 857 683 1260 159 909 1433
Route 85 : 21 13 763 771 386 713 472 1463 1136 1222
Route 86 : 196 421 546 1171 1296 463 946 226 976 1213
Route 87 : 322 739 538 1072 1489 556 439 1306 1288 1189
Route 88 : 28 43 400 778 793 1150 324 213 1074 963
Route 89 : 691 392 1142 447 1197 406 274 1156 1441 1024
Route 90 : 710 505 1460 221 1255 291 971 331 1041 1081
Route 91 : 443 121 42 871 693 1193 609 1443 1359 792
Route 92 : 219 381 307 1131 969 217 366 1057 1116 967
Route 93 : 701 74 419 1451 349 1169 824 1099 628 1378
Route 94 : 53 491 1241 232 803 367 982 485 1235 1117
Route 95 : 596 1346 586 3 504 753 281 1336 1254 1031
Route 96 : 54 302 804 1052 545 480 138 1230 1295 888
Route 97 : 157 276 907 694 1026 726 1444 1476 619 1369
Route 98 : 543 394 204 578 1293 1328 575 1144 1325 954
Route 99 : 152 141 902 209 959 218 294 891 968 1044
Route 100 : 661 426 1411 1176 734 338 1484 1088 607 1357
Route 101 : 716 692 1466 389 1442 1139 207 186 957 936
Route 102 : 117 235 346 1096 465 867 108 1215 985 858
Route 103 : 323 58 46 26 796 776 808 5 1073 755
Route 104 : 277 566 579 1329 747 1027 653 1316 1497 1403
Route 105 : 72 822 310 696 592 245 995 1060 1446 1342
Route 106 : 388 459 1209 1138 365 502 1252 375 1115 1125
Route 107 : 110 6 756 216 966 860 540 244 994 1290
Route 108 : 657 582 1332 478 1407 9 127 759 1228 877
Route 109 : 637 588 587 290 1338 1387 1337 146 1040 896
Route 110 : 61 273 811 376 1023 305 574 1055 1126 1324
Route 111 : 94 606 342 511 1261 1356 541 844 1092 1291
Route 112 : 735 687 652 1437 1485 718 714 1468 1402 1464
Route 113 : 605 131 881 1355 454 456 1204 467 1217 1206
Route 114 : 636 672 1422 1386 695 741 1445 1491
Route 115 : 172 125 875 85 835 482 382 1232 1132 922
Route 116 : 393 1143 49 470 1220 27 254 1004 799 777
Route 117 : 66 280 4 1030 816 754 234 362 1112 984
Route 118 : 271 268 101 851 311 1021 1061 1018 390 1140
Route 119 : 457 178 319 1207 1069 440 374 928 1124 1190
Route 120 : 150 489 539 1239 181 1289 153 931 900 903
Route 121 : 327 52 64 814 25 802 624 775 1077 1374
Route 122 : 469 243 1219 179 573 1323 929 80 830 993
Route 123 : 736 647 1486 526 1276 561 1397 128 1311 878
Route 124 : 173 258 923 364 283 659 1409 1114 1033 1008
Route 125 : 160 79 829 684 910 450 1434 284 1200 1034
Route 126 : 69 39 789 112 629 819 862 265 1379 1015
Route 127 : 334 707 148 1457 184 1084 670 898 934 1420
Route 128 : 335 1085 425 102 189 29 939 852 1175 779
Route 129 : 476 169 919 361 1226 631 1381 187 937 1111
Route 130 : 139 17 34 889 767 50 784 499 800 1249
Route 131 : 82 343 832 105 855 1093 490 1240 500 1250
Route 132 : 317 312 1062 109 1067 446 263 1013 1196 859
Route 133 : 458 89 1208 622 839 673 433 1372 1183 1423
Route 134 : 699 340 399 1449 571 1090 663 1149 1413 1321
Route 135 : 544 229 979 536 1294 1286 142 892
Route 136 : 424 428 242 163 1174 237 992 1178 913 987
Route 137 : 356 301 100 1106 702 1452 143 893 1051 850
Route 138 : 48 91 798 841 84 483 378 1128 1233 834
Route 139 : 441 222 972 344 1 11 1191 751 761 1094
Route 140 : 715 577 203 1465 286 953 1327 525 1275 1036
Route 141 : 698 1448 155 360 905 368 223 1110 1118 973
Route 142 : 92 600 632 1350 842 1382 289 15 765 1039
Route 143 : 706 1456 300 249 999 548 1050 1298
Route 144 : 442 158 908 119 384 1192 1134 869 580 1330
Route 145 : 12 664 740 762 1414 516 16 1266 1490 766
Route 146 : 295 255 1005 414 96 1045 846 1164 175 925
Route 147 : 321 1071 197 669 275 227 1419 1025 947 977
Route 148 : 369 1119 238 363 1113 988 251 430 1180 1001
Route 149 : 455 1205 215 413 8 402 1152 758 1163 965
Route 150 : 625 62 24 1375 812 212 774 962
Route 151 : 570 77 1320 411 161 911 827 1161
Route 152 : 120 113 572 870 724 1322 863 1474
Route 153 : 613 1363 168 567 1317 650 918 1400
Route 154 : 729 685 1435 239 989 1479 514 1264
Route 155 : 38 385 314 788 1135 524 1274 1064
Route 156 : 434 267 1184 151 1017 468 901 76 1218 826
Route 157 : 559 403 1153 194 373 1309 944 1123
Route 158 : 208 98 269 958 297 848 1019 1047
Route 159 : 601 1351 88 205 955 59 838 809
Route 160 : 353 473 1103 501 1223 563 1313 1251
Route 161 : 744 746 604 1354 1494 533 1496 1283
Route 162 : 727 461 1477 56 1211 517 806 1267
Route 163 : 253 488 1003 415 676 1165 1426 1238
Route 164 : 677 1427 703 444 429 1453 1179 1194
Route 165 : 644 67 817 743 1394 30 780 1493
Route 166 : 36 519 786 552 1269 638 1388 1302
