Instance Name : ber-n3000-1
Authors       : Shobb<shobb@narod.ru>
Date          : 2023-01-02
Reference     : My solver test
Solution
Route 1 : 1205 2705 994 48 629 2494 1468 1548 290 2968 2129 1425 1790 2925
Route 2 : 1138 101 996 2638 159 460 1960 1601 1217 2496 2717 953 1659 2453
Route 3 : 644 45 185 1545 362 1862 1025 2144 1685 378 1362 2525 2862 1878
Route 4 : 489 300 1800 1989 375 724 260 146 1875 510 2010 1646 1760 2224
Route 5 : 372 395 1872 47 1895 1547 388 718 1888 2218 5 1270 1505 2770
Route 6 : 1391 2891 505 492 348 155 2005 1848 1992 408 1655 1908
Route 7 : 1386 2886 1169 1076 1343 2669 342 2843 2576 530 2030 1842
Route 8 : 1379 815 2315 2879 496 882 1996 539 626 2126 2039 2382
Route 9 : 1318 1068 2818 267 1767 2568 1149 355 2649 1018 1855 2518
Route 10 : 1288 643 2788 2143 752 181 2252 1681 854 201 1701 2354
Route 11 : 1271 1384 1366 2771 1324 2866 952 471 2452 1971 2884 2824
Route 12 : 1251 472 700 2200 1972 2751 550 2050 834 104 2334 1604
Route 13 : 1246 333 2746 1833 344 956 2456 29 1844 746 1529 2246
Route 14 : 1227 947 2447 917 2727 2417 521 387 2021 791 1887 2291
Route 15 : 1091 835 2335 2591 850 501 2001 404 256 2350 1904 1756
Route 16 : 1087 1388 73 964 2587 1100 1573 2888 2600 18 2464 1518
Route 17 : 1035 717 507 2217 1060 2007 2535 2560 180 1067 1680 2567
Route 18 : 1021 319 1819 2521 785 152 600 1652 2100 2285 670 2170
Route 19 : 992 2 1502 680 514 270 2014 2492 2180 370 1770 1870
Route 20 : 968 475 946 1975 2446 2468 1090 1385 2590 1248 2885 2748
Route 21 : 940 918 156 1656 2418 2440 457 566 1957 219 2066 1719
Route 22 : 935 562 750 2062 860 2435 1281 2250 2781 2360 909 2409
Route 23 : 928 195 1695 846 2346 2428 57 1557 788 216 1716 2288
Route 24 : 894 417 97 1917 1298 1597 2394 2798 555 125 2055 1625
Route 25 : 868 592 2368 14 509 2092 2009 41 1514 80 1541 1580
Route 26 : 856 2356 852 133 451 1633 688 2352 118 1618 1951 2188
Route 27 : 840 213 725 847 1713 448 2225 2340 872 2347 2372 1948
Route 28 : 794 916 44 1544 1361 2416 13 2294 1513 2861 1453 2953
Route 29 : 779 803 276 823 1776 2279 2303 1337 2323 340 1840 2837
Route 30 : 769 291 2269 498 1791 1321 943 1998 986 2821 2486 2443
Route 31 : 738 991 869 2491 871 2238 357 1857 531 2369 2371 2031
Route 32 : 721 990 2490 755 2221 469 2255 1430 2930 1969 139 1639
Route 33 : 713 768 1008 2508 1323 2213 508 384 2268 2008 2823 1884
Route 34 : 689 766 842 2266 2189 2342 610 570 949 2110 2070 2449
Route 35 : 687 415 2187 1915 960 694 948 2448 914 2460 2194 2414
Route 36 : 665 341 893 2393 1841 2165 245 438 1000 1745 1938 2500
Route 37 : 649 567 2067 2149 182 1036 1682 2536 167 318 1818 1667
Route 38 : 642 2142 110 164 416 1916 735 1664 1610 2235 490 1990
Route 39 : 619 780 279 453 1953 2280 92 1592 2119 1779 150 1650
Route 40 : 611 163 293 1663 2111 196 486 1986 400 1793 1696 1900
Route 41 : 597 94 782 962 2282 2462 1238 2097 2738 1594 862 2362
Route 42 : 596 247 309 1747 2096 354 1854 757 437 1809 1937 2257
Route 43 : 581 338 60 2081 806 1560 1838 875 138 2306 1638 2375
Route 44 : 560 580 2060 28 2080 58 658 1528 778 2278 2158 1558
Route 45 : 528 1199 2699 2028 397 620 693 621 2193 1897 2121 2120
Route 46 : 522 927 2022 656 526 2026 978 2156 274 2478 1774 2427
Route 47 : 511 4 170 124 2011 1624 1670 1504 657 1081 2157 2581
Route 48 : 500 144 2000 43 993 1543 450 1644 1278 2778 2493 1950
Route 49 : 480 818 939 1980 409 2439 1301 1909 2318 331 2801 1831
Route 50 : 474 1974 173 765 1673 2265 831 707 662 2207 2331 2162
Route 51 : 435 1096 925 974 2596 1935 2474 2425 280 518 2018 1780
Route 52 : 429 190 221 1690 1721 68 1929 1568 936 117 1617 2436
Route 53 : 418 367 1918 16 1867 1516 553 209 1709 564 2053 2064
Route 54 : 360 179 169 1860 1669 1679 463 543 1007 1963 2507 2043
Route 55 : 347 470 1022 171 1671 1847 238 1970 648 2522 1738 2148
Route 56 : 321 821 235 1735 976 1821 172 2321 2476 1423 1672 2923
Route 57 : 296 112 1001 1612 1796 147 79 2501 845 2345 1647 1579
Route 58 : 248 839 1748 2339 477 1977 215 525 1715 739 2239 2025
Route 59 : 239 552 2052 227 1739 1727 234 240 1740 1192 1734 2692
Route 60 : 208 465 1965 157 456 265 1708 1267 1765 1657 1956 2767
Route 61 : 207 709 46 1707 2209 1077 12 149 2577 1546 1649 1512
Route 62 : 192 1692 705 1418 2205 443 242 1742 1943 191 1691 2918
Route 63 : 178 363 1863 1678 565 35 907 853 2353 2407 2065 1535
Route 64 : 175 10 1675 661 1510 604 3 1503 1342 2842 2161 2104
Route 65 : 165 64 698 1564 365 744 2244 1665 2198 394 1894 1865
Route 66 : 131 1631 399 816 326 329 1899 132 1632 2316 1826 1829
Route 67 : 122 255 628 1622 2128 218 723 1755 1146 2223 1718 2646
Route 68 : 119 582 955 1619 2455 287 212 2082 1712 304 1787 1804
Route 69 : 106 618 2118 548 1606 512 358 2012 2048 808 1858 2308
Route 70 : 103 1603 913 617 2117 2413 292 741 445 1792 2241 1945
Route 71 : 95 653 459 1595 257 1959 2153 1757 615 464 1964 2115
Route 72 : 88 1588 796 22 15 1522 682 1515 2296 1413 2182 2913
Route 73 : 74 702 748 1574 934 1353 2202 2248 2853 2434 884 2384
Route 74 : 70 877 1570 1434 2377 1268 676 2934 756 2176 2256 2768
Route 75 : 54 214 1014 1554 601 2514 449 1949 1195 1714 2695 2101
Route 76 : 52 8 1508 34 1552 55 1534 1329 427 2829 1555 1927
Route 77 : 40 89 53 1553 1540 75 1589 932 188 2432 1575 1688
Route 78 : 32 641 1406 2906 1129 1532 2141 2629 797 266 2297 1766
Route 79 : 27 951 1527 414 783 2451 2283 1015 1914 2515 1016 2516
Route 80 : 19 420 286 1920 224 1786 176 1724 1676 883 1519 2383
Route 81 : 9 1509 421 745 114 1614 1921 1476 1119 2619 2245 2976
Route 82 : 1497 666 2166 2997 1282 537 281 2782 1781 2037
Route 83 : 1465 681 737 2181 1123 2237 2965 2623 1452 2952
Route 84 : 1421 1213 2921 1311 2811 1212 2713 2712 1275 2775
Route 85 : 1420 2920 328 84 1310 1584 2810 1371 1828 2871
Route 86 : 1410 1408 1458 1176 2958 2908 1229 2910 2676 2729
Route 87 : 1401 1202 652 1450 2901 2152 1208 2950 2702 2708
Route 88 : 1357 1426 2857 476 1086 2926 2586 1085 1976 2585
Route 89 : 1349 2849 583 1405 1481 2083 533 2981 2033 2905
Route 90 : 1347 23 37 1537 2847 1153 1428 2653 1523 2928
Route 91 : 1345 1436 2845 2936 389 542 2042 1889 11 1511
Route 92 : 1340 523 483 1983 633 857 2023 2357 2840 2133
Route 93 : 1335 997 2497 1104 2835 1124 1419 2624 2604 2919
Route 94 : 1333 1460 2833 1307 2960 2807 1272 258 2772 1758
Route 95 : 1328 1048 2548 2828 690 85 1585 1374 2190 2874
Route 96 : 1326 391 154 1654 351 2826 1315 1891 1851 2815
Route 97 : 1319 2819 1107 1394 2607 2894 1156 985 2485 2656
Route 98 : 1306 336 1836 2806 571 2071 1462 799 2299 2962
Route 99 : 1303 594 466 2094 2803 1966 102 93 1602 1593
Route 100 : 1293 1355 324 2855 954 1824 931 2793 2454 2431
Route 101 : 1291 314 599 1814 2099 2791 310 187 1810 1687
Route 102 : 1285 1163 1431 2931 2785 830 712 2212 2663 2330
Route 103 : 1283 1084 2584 2783 804 2304 684 277 1777 2184
Route 104 : 1280 7 674 2780 1287 2787 2174 1507 1491 2991
Route 105 : 1255 691 2755 2191 987 120 602 1620 2487 2102
Route 106 : 1244 241 677 2177 2744 1741 1494 386 2994 1886
Route 107 : 1243 199 1699 232 425 2743 1732 210 1925 1710
Route 108 : 1235 1500 1073 2735 1050 3000 1109 2550 2573 2609
Route 109 : 1233 1053 2553 1013 2733 730 789 2289 2230 2513
Route 110 : 1216 896 317 1044 1817 113 2396 2716 2544 1613
Route 111 : 1196 229 1729 2696 433 353 275 1775 1853 1933
Route 112 : 1175 211 1711 622 2122 878 246 2675 1746 2378
Route 113 : 1158 237 1471 1737 222 2971 1722 2658 1393 2893
Route 114 : 1155 1417 1045 2917 880 2655 2545 1113 2613 2380
Route 115 : 1126 811 664 2626 2311 2164 1177 406 2677 1906
Route 116 : 1117 1042 26 1526 2542 1390 2890 2617 1226 2726
Route 117 : 1110 639 2610 2139 659 814 2159 1454 2954 2314
Route 118 : 1106 1140 2606 2640 1346 297 495 1797 1995 2846
Route 119 : 1049 430 2549 781 609 1930 423 2281 1923 2109
Route 120 : 1047 640 547 2047 2547 2140 1286 801 2786 2301
Route 121 : 1038 244 2538 969 1744 96 822 1596 2469 2322
Route 122 : 1020 487 86 2520 1387 1063 2887 2563 1987 1586
Route 123 : 988 683 2183 2488 1093 1446 587 2593 2087 2946
Route 124 : 973 749 2473 1485 1089 2249 1074 2985 2574 2589
Route 125 : 959 371 2459 1871 1200 1382 1464 2700 2964 2882
Route 126 : 958 1161 283 2661 2458 1783 1498 942 2442 2998
Route 127 : 941 1456 2441 2956 1080 1055 859 2580 2555 2359
Route 128 : 933 798 719 2219 2433 1495 69 2298 2995 1569
Route 129 : 922 158 2422 24 1658 957 1220 2720 1524 2457
Route 130 : 920 2420 678 352 72 828 1852 2178 1572 2328
Route 131 : 908 1005 2505 2408 1352 1493 2993 549 2049 2852
Route 132 : 903 81 1581 1432 1219 2932 2403 1482 2982 2719
Route 133 : 901 2401 588 1134 2088 402 1397 2634 2897 1902
Route 134 : 900 499 1999 971 879 2471 2400 1284 2379 2784
Route 135 : 895 944 1334 2395 2444 2834 481 577 1981 2077
Route 136 : 888 546 1325 2388 200 945 2825 2046 1700 2445
Route 137 : 886 2386 1142 1221 2642 1193 2693 874 2721 2374
Route 138 : 876 613 261 2113 1141 1135 2376 1761 2641 2635
Route 139 : 873 923 2423 1237 2373 382 2737 50 1550 1882
Route 140 : 867 557 2057 1023 197 1697 1079 2367 2523 2579
Route 141 : 865 485 1985 572 2365 1297 2797 1313 2072 2813
Route 142 : 855 660 2160 426 1010 1926 431 2355 1931 2510
Route 143 : 841 1372 1376 2872 1191 2341 1365 2691 2876 2865
Route 144 : 833 1066 2333 1097 2566 1289 1051 2597 2789 2551
Route 145 : 826 1258 2326 2758 1479 1094 708 2594 2979 2208
Route 146 : 819 575 2075 2319 1190 1218 2690 787 2287 2718
Route 147 : 813 446 2313 527 440 2027 1422 1940 2922 1946
Route 148 : 812 663 669 2163 2169 1264 2312 1414 2914 2764
Route 149 : 809 345 731 2231 563 2063 1845 2309 1064 2564
Route 150 : 793 1225 1253 2293 866 128 1628 2366 2725 2753
Route 151 : 784 701 502 891 2284 2201 1232 2002 2391 2732
Route 152 : 777 593 2277 513 517 2093 332 2017 2013 1832
Route 153 : 776 585 1483 2983 17 2085 2276 921 2421 1517
Route 154 : 773 1031 2531 753 271 2253 1771 2273 1098 2598
Route 155 : 706 1032 2206 519 967 2532 2019 447 2467 1947
Route 156 : 697 21 1521 1103 2197 1172 2672 2603 538 2038
Route 157 : 673 473 771 2173 614 2114 1973 2271 311 1811
Route 158 : 636 892 2392 863 67 1567 2363 2136 520 2020
Route 159 : 625 612 972 2472 2125 2112 1058 412 1912 2558
Route 160 : 616 836 2336 346 2116 970 551 1846 2051 2470
Route 161 : 607 578 2107 76 1576 1215 2078 251 2715 1751
Route 162 : 605 288 2105 1788 1356 1009 177 2856 2509 1677
Route 163 : 559 259 1759 2059 632 651 2151 1061 2132 2561
Route 164 : 558 461 2058 1961 1473 1274 1188 2973 2688 2774
Route 165 : 554 137 2054 1447 1637 503 2947 458 2003 1958
Route 166 : 524 393 764 2264 2024 1893 1487 751 2987 2251
Route 167 : 516 189 736 142 2236 1689 2016 1159 1642 2659
Route 168 : 504 1459 981 2004 1211 2959 2481 1112 2711 2612
Route 169 : 493 979 714 2214 428 1993 984 1928 2479 2484
Route 170 : 491 168 1991 1170 1668 1121 1180 2621 2670 2680
Route 171 : 488 824 1988 2324 1435 325 576 1825 2076 2935
Route 172 : 479 419 1474 2974 1145 1979 2645 544 1919 2044
Route 173 : 467 870 1488 924 2424 2988 1967 2370 1101 2601
Route 174 : 455 127 1627 108 1955 444 838 2338 1944 1608
Route 175 : 454 327 1827 1954 1451 2951 30 66 1530 1566
Route 176 : 452 1006 2506 1392 268 1952 2892 1768 645 2145
Route 177 : 442 899 772 2272 1942 761 545 2261 2399 2045
Route 178 : 413 919 1913 1043 2419 1441 1455 2543 2955 2941
Route 179 : 407 39 1907 1539 742 634 2134 123 2242 1623
Route 180 : 405 422 1922 786 1905 193 598 2286 2098 1693
Route 181 : 398 1898 574 376 1876 49 2074 515 2015 1549
Route 182 : 377 434 1934 1877 141 380 1641 740 1880 2240
Route 183 : 368 1 484 1868 556 228 1728 1984 1501 2056
Route 184 : 364 961 1864 205 1705 1189 2461 1194 2689 2694
Route 185 : 359 829 1136 2329 1859 732 1470 2636 2232 2970
Route 186 : 356 977 1433 2933 1856 1260 1373 2477 2873 2760
Route 187 : 350 134 1850 902 2402 1634 1262 1322 2822 2762
Route 188 : 337 186 323 668 1823 1837 1686 733 2233 2168
Route 189 : 330 963 710 1830 1182 2210 2682 2463 289 1789
Route 190 : 320 1130 2630 1157 672 2657 1820 1469 2969 2172
Route 191 : 313 646 2146 1442 1813 1131 2942 121 2631 1621
Route 192 : 306 1030 1806 529 2530 334 1834 805 2029 2305
Route 193 : 305 1133 586 2633 759 2086 2259 1805 844 2344
Route 194 : 294 624 897 2397 36 2124 1794 627 1536 2127
Route 195 : 284 1037 482 2537 307 1982 1784 1314 1807 2814
Route 196 : 278 42 90 1542 335 726 1778 1835 1590 2226
Route 197 : 269 595 87 2095 1769 250 704 1587 2204 1750
Route 198 : 264 1024 2524 322 1764 396 1822 1896 1312 2812
Route 199 : 263 31 161 1531 1065 1763 2565 1168 1661 2668
Route 200 : 262 654 998 1380 2880 1762 2498 1228 2154 2728
Route 201 : 253 315 1753 1230 1815 432 1932 795 2730 2295
Route 202 : 249 243 1749 541 316 1816 1743 1249 2041 2749
Route 203 : 231 194 1694 1731 535 374 1358 2858 2035 1874
Route 204 : 226 1178 1726 1102 2678 1330 2602 638 2138 2830
Route 205 : 225 1027 1725 1424 2527 1132 2924 1183 2683 2632
Route 206 : 220 252 1720 1752 361 864 1861 1259 2759 2364
Route 207 : 206 950 2450 1069 1706 2569 1448 115 2948 1615
Route 208 : 204 1704 1019 217 1234 1717 675 2734 2519 2175
Route 209 : 203 392 1892 1703 762 686 2186 727 2227 2262
Route 210 : 198 1004 1395 2504 1698 1472 2895 1407 2972 2907
Route 211 : 183 424 1924 1683 369 861 2361 1082 1869 2582
Route 212 : 174 1674 1088 1198 2588 1339 2839 1257 2698 2757
Route 213 : 151 308 1651 650 273 1808 1114 1773 2150 2614
Route 214 : 148 858 1317 2358 2817 817 1648 589 2089 2317
Route 215 : 145 743 1012 2243 695 1645 2512 2195 1108 2608
Route 216 : 135 494 1635 1179 2679 1331 1994 143 1643 2831
Route 217 : 126 635 912 2135 2412 1118 1626 254 2618 1754
Route 218 : 116 6 889 1506 1309 1616 2389 166 2809 1666
Route 219 : 105 130 965 1605 1630 2465 1486 295 2986 1795
Route 220 : 100 285 1785 728 441 1600 534 2228 1941 2034
Route 221 : 98 33 1197 1533 1224 1598 506 2697 2724 2006
Route 222 : 78 758 1578 2258 1152 1160 767 2267 2660 2652
Route 223 : 77 711 2211 1171 1364 1489 2864 1577 2671 2989
Route 224 : 65 403 1565 478 1978 1903 685 703 2185 2203
Route 225 : 63 820 2320 1563 82 373 497 1582 1873 1997
Route 226 : 61 802 2302 1367 1561 1295 129 2795 2867 1629
Route 227 : 51 606 1551 1029 2106 2529 630 436 2130 1936
Route 228 : 25 282 1028 692 2192 140 1640 2528 1525 1782
Route 229 : 20 679 99 1429 2929 1599 2179 1475 1520 2975
Route 230 : 1480 1147 2980 1203 2647 2703 667 2167
Route 231 : 1461 1186 2686 1292 1499 2961 2792 2999
Route 232 : 1449 790 1439 2290 1466 2949 2939 2966
Route 233 : 1443 1294 2943 1332 1409 2832 2794 2909
Route 234 : 1398 38 2898 302 655 1802 1538 2155
Route 235 : 1389 885 2889 1338 1269 2385 2838 2769
Route 236 : 1377 1375 2877 2875 1239 1336 2836 2739
Route 237 : 1369 1265 1467 1279 2765 2779 2869 2967
Route 238 : 1368 906 881 2381 2406 2868 1492 2992
Route 239 : 1350 62 1396 2896 532 2032 1562 2850
Route 240 : 1320 584 837 2820 2084 590 2337 2090
Route 241 : 1305 1059 1137 1181 2681 2805 2637 2559
Route 242 : 1300 1370 1302 1111 2611 2870 2802 2800
Route 243 : 1276 1427 1154 2927 623 2654 2776 2123
Route 244 : 1261 1445 2945 770 2270 975 2475 2761
Route 245 : 1242 1116 579 2616 71 2742 2079 1571
Route 246 : 1207 1360 2707 1412 1222 2912 2860 2722
Route 247 : 1174 1210 1099 2710 236 2674 1736 2599
Route 248 : 1166 1316 2666 1444 1252 2752 2816 2944
Route 249 : 1164 2664 1250 1017 647 2147 2517 2750
Route 250 : 1162 298 1798 2662 1327 1033 2827 2533
Route 251 : 1150 810 2310 1054 2650 1344 2844 2554
Route 252 : 1120 1127 2620 343 1843 775 2275 2627
Route 253 : 1095 202 1702 1143 2595 1214 2714 2643
Route 254 : 1092 1247 2592 2747 1185 381 1881 2685
Route 255 : 1062 390 2562 1490 1273 2990 2773 1890
Route 256 : 1057 1040 573 2540 2073 1296 2796 2557
Route 257 : 1039 1403 1184 2539 2903 1348 2684 2848
Route 258 : 999 930 2430 1011 849 2349 2499 2511
Route 259 : 983 56 1256 2483 1556 1041 2756 2541
Route 260 : 937 995 385 230 1885 1730 2437 2495
Route 261 : 929 233 716 2429 2216 1400 1733 2900
Route 262 : 926 1026 2526 1083 2583 1354 2426 2854
Route 263 : 915 184 2415 1078 1684 2578 1378 2878
Route 264 : 904 982 2404 1411 1440 2482 2940 2911
Route 265 : 890 1209 1463 2390 1165 2963 2665 2709
Route 266 : 887 1308 2387 1290 2808 1236 2736 2790
Route 267 : 848 1003 2348 2503 1240 1122 2740 2622
Route 268 : 843 603 2103 774 439 2343 1939 2274
Route 269 : 827 1254 536 591 2754 2091 2036 2327
Route 270 : 825 792 2325 2292 1351 1381 2851 2881
Route 271 : 807 1363 2307 1105 2863 1167 2605 2667
Route 272 : 722 1359 2859 1263 2222 1046 2763 2546
Route 273 : 720 162 938 2220 2438 1151 1662 2651
Route 274 : 715 980 2215 2480 1173 1223 2723 2673
Route 275 : 637 109 911 2411 1609 2137 1383 2883
Route 276 : 631 1034 2131 2534 1002 989 2502 2489
Route 277 : 608 734 1266 2108 1070 2234 2766 2570
Route 278 : 568 59 1241 2068 1559 2741 1187 2687
Route 279 : 540 2040 1052 1144 2644 2552 1072 2572
Route 280 : 468 832 898 2332 1139 1968 2398 2639
Route 281 : 411 1911 1404 1484 2904 747 2247 2984
Route 282 : 410 1071 1910 1056 2571 1437 2556 2937
Route 283 : 383 83 1883 671 462 1962 1583 2171
Route 284 : 366 379 1866 1204 1879 2704 160 1660
Route 285 : 349 299 1849 1799 1245 1231 2731 2745
Route 286 : 339 851 1839 905 401 1901 2351 2405
Route 287 : 303 760 1803 1128 2260 729 2628 2229
Route 288 : 301 1438 1125 2938 1478 1801 2625 2978
Route 289 : 272 1477 569 1772 1304 2069 2977 2804
Route 290 : 153 754 699 2254 1653 1115 2199 2615
Route 291 : 136 312 1812 800 1636 561 2061 2300
Route 292 : 111 763 1611 910 223 1723 2263 2410
Route 293 : 107 1299 1607 1277 1341 2799 2841 2777
Route 294 : 91 696 1591 2196 1148 966 2648 2466
Route 295 : 1457 1075 2575 1402 2957 2902
Route 296 : 1399 2899 1416 1201 2701 2916
Route 297 : 1206 1496 2706 1415 2996 2915
