Instance name:	ber-n5000-4
Authors:		Carlo Sartori and Luciana Buriol
Date:			2019-2-11
Reference:		A matheuristic approach to the PDPTW (to be submitted)
Solution
Route 1 : 1021 54 3521 212 2712 900 2554 1475 1888 3975 3400 4388 202 1203 2702 3703 530 3030
Route 2 : 1543 880 4043 3380 638 1073 2061 3573 3138 4561 614 227 3114 2727 2330 4830 1996 4496
Route 3 : 1242 950 1307 3742 398 3450 3807 2898 1855 1625 4355 4125 2465 4965 590 3090
Route 4 : 2500 2240 2328 4740 2190 4828 5000 2365 2276 4690 4865 4776 690 3190 1282 3782 570 3070
Route 5 : 1402 1525 4025 2219 3902 4719 1642 540 3040 1192 24 2524 3692 947 4142 3447
Route 6 : 1876 4376 1154 310 1806 571 3654 3071 4306 2810 2333 4833 1969 4469 2241 4741
Route 7 : 856 601 3356 2130 4630 3101 1731 535 4231 831 407 2907 3331 1933 3035 4433
Route 8 : 1822 4322 2414 1011 4914 3511 1260 1596 1851 4096 2090 3760 4351 4590
Route 9 : 1268 3768 725 3225 1463 1058 1190 3963 1651 3690 4151 3558 40 1756 2306 4256 2540 4806
Route 10 : 956 2199 3456 4699 1407 274 1540 1387 2774 3907 2452 4040 3887 4952 930 3430
Route 11 : 287 1957 2170 2787 4457 4670 1310 852 3810 628 3128 7 1777 3352 4277 2507
Route 12 : 276 2776 755 999 775 3499 3255 3275 1278 489 3778 2989 496 1573 1590 4073 2996 4090
Route 13 : 1889 1517 4389 4017 82 745 3245 2582 1328 3828 1863 2447 2293 4363 4793 4947
Route 14 : 219 2719 1647 1627 1676 4127 4176 2370 4147 1823 569 3069 2288 4870 4323 4788
Route 15 : 67 1103 737 3603 2567 3237 539 1209 1013 3709 591 3039 3513 3091
Route 16 : 1156 3656 1396 422 1713 4213 2922 2376 89 3896 623 3123 2589 1487 4876 3987 705 3205
Route 17 : 502 133 794 918 3418 3294 1511 3002 1610 1730 1829 4230 4011 4110 4329 2633
Route 18 : 1283 1674 4174 278 1867 565 4367 3783 2778 2389 2105 3065 4605 527 4889 3027
Route 19 : 2141 4641 1177 57 3677 204 2704 1376 2557 15 2515 3876 2357 2403 4857 1061 4903 3561
Route 20 : 1548 1890 4390 4048 1688 467 1135 3635 4188 2967 684 3184 375 45 2875 2545
Route 21 : 691 56 2556 1830 3191 1581 698 4081 3198 4330 548 566 3048 3066 583 1143 3083 31 2531 3643
Route 22 : 203 2703 1353 2099 4599 3853 385 2885 254 2754 655 1736 1921 3155 4236 4421
Route 23 : 2395 2000 1738 4500 4895 4238 814 3314 307 49 2549 2807 271 2771 1595 4095
Route 24 : 1063 2037 296 936 4537 2796 1476 3976 3436 1403 3563 155 3903 1744 4244 2655
Route 25 : 485 2985 35 984 2245 2535 883 3484 2422 3383 1797 1418 4922 4297 3918 4745 2067 4567
Route 26 : 360 2860 1645 1508 4008 1870 4145 1215 4370 977 384 3715 1200 3477 3700 837 2884 1189 3337 3689
Route 27 : 2021 4521 575 1409 3909 545 1732 3045 3075 4232 1006 1494 409 2909 3994 711 353 3506 3211 2853
Route 28 : 1808 1796 881 214 4296 4308 2714 3381 1382 1650 1574 3882 998 4074 182 3498 4150 2682
Route 29 : 671 1661 1048 4161 3171 3548 1864 1788 876 1049 4288 4364 3549 3376 176 2676 966 3466
Route 30 : 490 2990 547 1271 1311 3047 3771 3811 538 1211 940 3711 3440 3038 1067 3567
Route 31 : 596 3096 1331 3831 1059 463 3559 1070 2963 523 3570 1241 3741 995 3023 3495 932 3432
Route 32 : 305 1714 1314 3814 4214 1690 2805 824 3324 4190 783 3283 679 3179 142 2642
Route 33 : 88 81 2581 451 780 2588 2951 3280 525 595 1940 3025 3095 830 3330 4440 1303 3803
Route 34 : 65 1465 931 1683 4183 3431 2565 3965 2496 2418 4996 2411 4918 733 4911 3233
Route 35 : 93 2593 528 654 3028 419 3154 1936 2919 154 1276 2654 4436 699 560 3776 3199 3060
Route 36 : 499 2999 533 3033 492 1010 3510 2992 613 2454 4954 1112 3113 3612 777 985 3485 3277
Route 37 : 1586 1840 1706 4086 4340 2253 4753 4206 2462 4962 2305 1512 4012 4805 2246 4746
Route 38 : 1348 1868 826 3326 3848 4368 1243 1697 806 270 1295 3795 4197 2770 3306 3743 36 2536
Route 39 : 1017 576 1222 3076 3722 2003 269 3517 580 3080 2769 4503 2228 2493 4993 4728
Route 40 : 1981 687 4481 657 2349 4849 3187 3157 175 1362 892 2675 3392 3862
Route 41 : 1365 3865 916 3416 908 951 3451 1537 4037 177 2677 3408 1175 946 3675 664 3164 3446
Route 42 : 2341 4841 2112 2464 4612 4964 2164 2487 704 3204 4664 4987 1252 2347 4847 3752
Route 43 : 1305 327 810 3310 2827 3805 1264 1449 3949 1007 1415 3764 2182 3915 1152 3507 3652 4682 481 2981
Route 44 : 137 1740 1490 3990 4240 1964 2637 1853 4464 522 3022 1170 3670 4353 1813 4313
Route 45 : 1598 1923 1484 4098 140 778 3984 4423 3278 2154 2640 4654 2263 251 4763 2751
Route 46 : 1684 4184 2089 1875 283 2783 4589 4375 1632 663 710 3210 1708 3163 4132 4208 201 2701
Route 47 : 72 701 3201 2572 91 84 2584 169 2669 1514 2591 2445 4945 4014 2369 4869
Route 48 : 627 2461 3127 4961 2192 2134 1965 4465 4634 2482 4692 1097 3597 4982
Route 49 : 2303 4803 1095 1976 1079 1420 4476 3579 3920 367 3595 2867 805 1424 3924 3305 2264 4764
Route 50 : 1495 1219 2429 3995 4929 30 3719 2530 1679 1865 4365 4179 179 2679 1873 4373
Route 51 : 815 209 937 2709 3315 450 2950 1236 3437 1663 2393 4163 3736 4893 2044 4544
Route 52 : 2481 1984 4981 4484 1798 1 2407 1041 4298 4907 2501 3541 2074 4574
Route 53 : 2039 4539 267 2767 615 3115 2274 259 929 2759 1752 4774 3429 4252
Route 54 : 1051 412 3551 1600 1644 1436 708 3208 3936 4100 4144 2912 128 111 2628 1386 2611 3886
Route 55 : 303 374 2874 2803 2302 2127 4802 1419 1289 308 2808 4627 3919 3789 1593 4093
Route 56 : 1367 1266 3867 3766 850 1459 331 3350 3959 337 2831 320 494 2820 858 2837 2994 3358
Route 57 : 2401 1758 551 1147 3647 4901 3051 1790 4258 882 4290 1117 3382 864 1930 4430 3364 3617
Route 58 : 2002 4502 639 709 1802 1503 3209 4302 4003 3139 1090 386 1458 3590 2886 3958
Route 59 : 1355 1903 4403 797 3855 1055 3297 857 3357 3555 293 2793 1016 3516 1771 265 2765 4271
Route 60 : 1042 1924 427 2927 2016 1096 524 3596 4516 1682 3024 4182 2233 4733 4424 3542
Route 61 : 134 332 2832 2634 1191 372 106 2872 2606 3691 1678 720 3220 1606 4178 4106 1411 3911
Route 62 : 1291 2307 4807 3791 1344 1272 808 599 3099 3308 3772 3844 1602 4102
Route 63 : 1012 100 2600 3512 1339 1734 389 3839 4234 476 2889 2080 4580 860 3360 2976
Route 64 : 1259 2048 4548 1032 27 1612 4112 2527 3532 3759 2171 433 2933 4671
Route 65 : 1640 1227 114 4140 3727 2614 1183 1466 3683 2168 3966 920 414 2914 550 3420 4668 3050
Route 66 : 702 3202 927 1400 3427 600 3100 741 438 661 3241 2443 2938 3900 3161 4943
Route 67 : 862 1317 3817 3362 1326 3826 1862 982 1388 3482 4362 1987 3888 2165 4665 4487
Route 68 : 2459 4959 1920 440 4420 1986 2940 4486 716 3216 1649 743 4149 3243
Route 69 : 1749 1296 4249 2266 3796 2007 4766 2250 4507 4750 838 1373 3338 3873
Route 70 : 2275 1015 2131 4631 2094 3515 2359 4859 4594 4775 1989 301 2801 4489
Route 71 : 588 3088 832 776 3276 712 813 3332 3212 2184 3313 4684 749 1460 3249 3960
Route 72 : 124 1563 1755 4063 4255 2624 2456 1652 461 2961 4956 4152 514 1356 3014 3856
Route 73 : 1599 1470 3970 4099 839 359 616 3339 206 2706 2859 651 3116 3151
Route 74 : 1392 723 1918 3892 1089 4418 3223 105 1046 3546 222 1722 2605 4222 3589 1739 2722 1659 4239 4159
Route 75 : 341 328 8 2508 71 2828 2841 2571 1539 2058 4558 190 4039 2690 405 2905 976 147 1221 3476 3721 2647
Route 76 : 2326 4826 430 1886 692 719 3192 2930 4386 3219 1907 2102 4407 4602
Route 77 : 1780 495 4280 2995 1120 1967 14 2514 3620 4467 2224 1988 4724 4488
Route 78 : 1148 3648 1582 1919 4419 351 2227 617 2851 4727 2123 3117 4082 4623
Route 79 : 1824 4324 2484 456 4984 459 2956 1657 2959 933 515 3433 4157 2107 3015 4607
Route 80 : 1900 746 3246 609 4400 3109 1066 1883 366 3566 4383 2866 112 2612 1037 3537
Route 81 : 289 1462 3962 1104 1588 4088 116 2616 562 786 3604 3286 3062 1193 3693 1526 4026 2789
Route 82 : 2469 2066 586 2108 4566 3086 2236 2477 4977 4608 4736 954 3454 4969
Route 83 : 2136 224 2724 1026 3526 1146 1608 4636 563 3646 4108 2273 3063 4773
Route 84 : 158 2658 1896 922 3422 4396 474 226 2726 2974 1715 1384 3884 4215
Route 85 : 789 680 3289 363 1575 3180 4075 2863 1084 3584 1163 3663 1502 1837 4337 4002
Route 86 : 807 1609 4109 3307 2425 4925 1316 3816 2291 1224 4791 574 3074 2151 3724 4651
Route 87 : 1897 4397 2028 4528 1585 1144 2344 4844 4085 3644 2428 2234 4928 4734
Route 88 : 1288 541 3788 546 3041 658 3158 1671 2001 4171 3046 4501 967 1653 3467 4153
Route 89 : 1895 390 4395 809 3309 123 2890 10 1925 4425 1725 4225 2623 2510 1623 748 4123 1707 3248 4207
Route 90 : 2485 668 1681 3168 4181 556 3056 4985 1942 280 1404 2780 3904 1750 4442 4250
Route 91 : 1551 1226 4051 3726 171 1111 1510 2671 4010 3611 1779 2280 79 2579 4780 4279
Route 92 : 1246 870 895 3370 3746 174 3395 636 3136 2201 2674 4701 1450 825 1201 3325 871 3950 3371 3701
Route 93 : 149 2375 2649 2299 4875 4799 2166 4666 465 544 3044 500 3000 2965
Route 94 : 1237 3737 1207 431 2931 198 2698 3707 313 1185 912 2813 625 3685 1248 3412 3748 3125
Route 95 : 1804 980 4304 2252 3480 572 4752 3072 1160 904 3404 338 3660 800 2838 3300
Route 96 : 633 2092 129 584 3133 4592 2629 234 3084 2734 1431 1129 3629 647 3931 1250 3750 3147
Route 97 : 167 512 2667 1556 4056 3012 1712 1576 4212 4076 1452 2120 3952 1828 4328 2139 4620 4639
Route 98 : 718 1550 3218 1208 888 4050 132 3388 1555 558 3708 3058 2296 4055 2632 4796
Route 99 : 1468 312 2812 3968 309 354 2809 573 3073 740 3240 417 2854 2917 115 1673 4173 2615
Route 100 : 2262 4762 1238 3738 83 2583 1656 641 4156 3141 1461 1102 848 3961 3602 1057 3348 3557
Route 101 : 2379 1341 1718 3841 408 4218 2908 1414 1075 4879 3914 3575 194 1529 2694 4029
Route 102 : 738 3238 218 1498 2718 3998 1966 1559 887 4466 1122 1869 3387 3622 4059 4369
Route 103 : 1856 2377 4356 197 382 2697 2882 2336 426 299 2926 660 4836 3160 4877 2799
Route 104 : 2043 1952 4543 2340 4840 2392 4892 240 4452 2740 677 2317 3177 509 3009 4817
Route 105 : 2082 2124 2448 4582 4624 4948 381 1204 971 727 504 3704 2881 3227 3471 3004
Route 106 : 2386 368 2868 2467 4886 2396 4967 2440 1118 75 4896 4940 2575 3618 1968 4468
Route 107 : 2191 2343 4691 2363 2223 4723 4843 4863 2453 642 3142 4953 921 1764 3421 4264
Route 108 : 2231 526 4731 3026 1439 3939 2458 257 317 46 4958 2757 2817 2546 1292 3792
Route 109 : 1680 1566 4066 1197 220 4180 2720 1251 3697 3751 1172 144 3672 256 2756 2644
Route 110 : 1619 4119 1658 1518 819 1478 4158 3978 3319 4018 2215 4715 2150 4650 1544 4044
Route 111 : 1772 1532 60 589 2560 4272 4032 3089 316 364 2816 2864 603 396 3103 2896 1153 3653
Route 112 : 1399 1665 1008 3899 3508 4165 237 734 3234 1114 3614 1893 2737 1733 4393 4233
Route 113 : 513 917 1746 3417 4246 3013 1044 1359 1845 537 3859 3544 4345 3037
Route 114 : 186 2686 872 1507 1914 3372 275 242 2775 2742 729 3229 1076 3576 1911 4414 4411 4007
Route 115 : 1389 282 107 3889 2782 2607 2431 4931 2350 1926 4426 457 2957 1005 4850 3505
Route 116 : 1342 1702 4202 1327 3842 3827 28 1781 1157 3657 195 2695 165 2528 4281 890 2665 3390
Route 117 : 1284 1371 2332 3871 2235 4832 3784 4735 85 1332 1298 2585 3798 3832
Route 118 : 529 2278 2161 3029 4661 4778 2195 673 4695 208 1145 2708 934 3645 3434 3173
Route 119 : 2051 1866 787 260 4551 2006 2760 3287 4366 4506 2259 2352 4852 2473 4759 4973
Route 120 : 1457 370 2870 3957 1695 311 2260 2811 2057 4760 4195 2056 4557 1891 4556 4391
Route 121 : 1165 358 335 652 2858 3665 2113 3152 2835 4613 1724 1180 4224 592 3092 3680
Route 122 : 629 3129 1347 3847 1116 12 2512 3616 1689 965 470 4189 3465 2970 1954 4454
Route 123 : 519 460 2960 3019 1636 1520 1351 3851 4136 4020 790 1639 1464 3964 3290 491 4139 2991
Route 124 : 258 2406 635 4906 2758 1560 3135 861 3361 4060 23 1906 4406 2523
Route 125 : 2242 4742 48 866 3366 713 1541 4041 3213 1107 3607 321 139 2639 2821 2548
Route 126 : 2267 4767 2172 2254 2423 4923 4672 4754 1261 650 1230 3150 3761 3730
Route 127 : 1939 159 4439 1743 2659 4243 262 543 1212 2762 2203 3043 1178 4703 439 3712 3678 2939
Route 128 : 2111 957 821 3457 4611 3321 511 3011 1660 1186 4160 2380 3686 4880
Route 129 : 1742 1480 975 356 3980 2856 3475 557 3057 972 1092 1567 3592 3472 4242 4067
Route 130 : 747 97 2597 1115 3615 95 2595 978 3247 3478 1174 2310 3674 2265 4765 4810
Route 131 : 447 795 2947 1991 4491 3295 238 2738 2345 1074 3574 4845 1053 3553 1182 3682
Route 132 : 2169 4669 2249 1258 3758 2374 2011 4874 4511 4749 295 217 2795 2717 1704 693 3193 4204
Route 133 : 878 1775 1199 1321 3378 4275 3821 553 3699 3053 342 292 2842 676 2792 3176
Route 134 : 2256 2053 1979 2478 4756 4978 2460 4479 4960 4553 2457 4957 1171 1477 3671 3977
Route 135 : 453 2953 2399 1181 4899 3681 653 696 3196 1643 3153 520 4143 480 3020 2980
Route 136 : 1406 3906 672 160 2660 1398 3172 3898 1719 1380 4219 482 3880 925 2982 1741 4241 3425
Route 137 : 1854 2197 4354 4697 1486 488 3986 640 2988 793 50 3140 211 3293 2711 2550
Route 138 : 410 379 2879 608 2910 294 22 2794 2522 1538 3108 4038 1881 1313 1635 3813 4381 1352 3852 4135
Route 139 : 568 52 1064 3068 2552 462 3564 901 3401 2962 5 2505 1630 1279 3779 4130
Route 140 : 726 1432 3226 3932 1128 3628 1773 442 889 2942 4273 3389 757 1849 1000 3257 4349 3500
Route 141 : 2490 1082 4990 2488 2204 4988 4704 3582 2339 4839 2083 4583 1956 4456
Route 142 : 1565 1821 4065 2129 4321 2027 2030 4629 4527 4530 66 2207 2566 4707
Route 143 : 1060 823 3323 682 1025 3525 3182 3560 1960 1770 4460 348 2848 1087 4270 3587 659 3159
Route 144 : 1564 771 1850 4350 4064 436 1547 3271 4047 891 2936 3391 577 847 3347 1213 3077 3713
Route 145 : 1700 1562 4200 4062 1492 1763 3992 581 1711 1646 4263 4146 3081 4211 2178 4678
Route 146 : 1958 4458 1395 3895 1269 3769 724 1363 3863 767 1052 3224 2068 3267 4568 3552
Route 147 : 2318 4818 2158 2442 2304 4804 4942 4658 413 1086 835 669 3586 2913 3169 3335
Route 148 : 2279 4779 1299 1793 3799 1308 1446 960 3808 1334 3946 3834 4293 3460
Route 149 : 1094 153 2337 4837 3594 346 2653 2846 1717 1474 759 611 3259 1467 4217 3974 3967 3111
Route 150 : 1605 1286 3786 2008 4105 4508 2084 4584 2140 2079 4640 4579 2208 2483 4708 4983
Route 151 : 2308 2015 2426 4808 4926 714 4515 2081 3214 4581 1451 1667 3951 4167
Route 152 : 2183 2495 4683 4995 597 168 2211 4711 3097 1951 2668 4451 1438 3938
Route 153 : 2091 4591 2424 2474 4924 4974 1047 1833 694 3547 3194 4333 2394 4894
Route 154 : 969 1561 845 4061 3345 2491 2315 3469 4815 4991 2064 2174 4674 4564
Route 155 : 2390 2179 4890 4679 1098 1729 3598 322 2822 1655 4229 4155 170 2670 695 3195
Route 156 : 602 1795 3102 4295 1898 1637 2383 4398 1668 4883 4137 2220 2070 4168 4720 4570
Route 157 : 1130 1340 148 2126 3840 3630 2648 4626 2268 1993 4768 4493 1304 863 3804 3363
Route 158 : 344 131 2844 2631 2095 2338 4595 2413 4913 4838 2104 2489 4604 4989
Route 159 : 2167 2373 1002 3502 4667 4873 2146 4646 2382 4882 1273 1482 3773 3982 1879 4379
Route 160 : 728 150 885 3228 2650 2159 3385 1953 2367 4659 4453 4867 2138 2247 4638 4747
Route 161 : 2292 213 2434 4792 4934 2713 1045 1194 3545 1290 3790 3694 41 955 3455 2541
Route 162 : 434 2934 1587 4087 1319 1994 3819 4494 19 2519 1948 518 4448 3018
Route 163 : 1591 1149 3649 1675 2410 4091 4910 4175 534 3034 1357 1496 939 3857 3439 3996
Route 164 : 1580 1569 1584 4069 4084 4080 452 2952 403 593 2903 906 1542 3093 1479 4042 3406 3979
Route 165 : 441 594 1847 2941 1188 735 4347 2133 4633 3688 3094 3235 2353 1978 4853 4478
Route 166 : 721 2225 4725 126 416 1504 3221 2626 4004 103 402 2902 2603 2916 1554 626 4054 3126
Route 167 : 1336 879 3379 3836 1131 893 3393 3631 886 3386 1134 118 996 3634 3496 1737 4237 2618
Route 168 : 1168 1425 400 393 3668 2893 3925 2900 2239 4739 102 1916 2602 4416
Route 169 : 2163 1169 4663 2300 2121 3669 2433 4621 4800 4933 2049 2255 4755 4549
Route 170 : 2294 1123 1905 4794 3623 2384 4405 2093 4593 1254 1844 4884 4344 3754
Route 171 : 172 2672 796 11 26 3296 18 2526 1852 2511 2518 1899 4399 4352
Route 172 : 448 1885 2948 493 2417 4917 4385 2993 1433 357 2857 1571 3933 4071
Route 173 : 1937 2321 4437 4821 2193 4693 763 703 3203 1360 3860 3263 2355 4855
Route 174 : 1817 4317 180 216 2680 1397 191 2716 3897 2691 1963 4463 425 2925
Route 175 : 2187 4687 1516 392 2892 754 1275 4016 3254 3775 919 387 2887 3419
Route 176 : 2309 1974 4809 2446 4474 4946 1672 350 4172 2850 1233 3733
Route 177 : 1929 355 4429 1036 2855 605 1528 3105 1878 3536 4378 4028 2362 4862
Route 178 : 2368 1285 4868 1827 1774 582 4327 3785 4274 3082 2335 4835 232 2732
Route 179 : 315 619 3119 2815 1456 1430 3956 686 3186 469 751 3930 2969 3251 532 3032 1173 3673
Route 180 : 253 2753 854 853 3353 3354 1442 873 3942 101 2601 3373 1792 1239 4292 3739
Route 181 : 2397 4897 1961 2216 4716 4461 1081 1597 1902 4402 4097 3581 2040 4540
Route 182 : 2198 1594 92 2592 4094 141 2641 1791 4698 70 1669 2570 423 2923 4291 4169
Route 183 : 166 542 3042 2666 288 1080 3580 506 772 2788 3006 3272 2188 2097 4688 4597
Route 184 : 1848 2149 4348 1810 4649 4310 818 1483 3318 3983 2060 391 1784 4284 4560 2891
Route 185 : 479 2979 855 2010 1491 1622 4510 3355 3991 4122 1536 1329 516 3829 3016 4036
Route 186 : 834 1753 3334 302 2802 4253 1604 1509 865 4009 1137 3365 4104 2128 3637 4628
Route 187 : 1811 4311 1405 1946 336 3905 4446 2836 993 3493 2314 63 2563 4814 365 2865
Route 188 : 620 1521 1545 3120 4021 1983 2118 4045 4483 2063 4563 4618 744 3244
Route 189 : 1350 255 3850 2755 1488 1121 3988 117 3621 1995 833 2617 1349 3849 4495 3333
Route 190 : 841 466 678 3178 2966 1530 4030 1078 3578 1783 2065 4565 3341 2041 4283 4541
Route 191 : 2283 446 394 4783 2894 2946 2194 1972 4694 4472 1818 820 471 3320 2971 4318
Route 192 : 1019 3519 987 1515 667 3167 4015 2122 3487 670 1232 4622 3732 3170
Route 193 : 561 3061 1229 1422 3922 3729 1716 1408 4216 1401 3908 230 2730 3901
Route 194 : 2298 2272 4798 2366 4772 952 3452 898 4866 1255 68 3755 3398 974 2568 3474
Route 195 : 1935 454 2954 4435 758 1765 4265 3258 1577 42 774 4077 1187 3274 3687 2542
Route 196 : 2277 842 1301 3801 249 2749 4777 1934 1835 700 4335 2476 4434 4976 3200 3342
Route 197 : 473 187 241 2973 1231 2687 3731 1861 4361 2741 2435 2270 4935 4770
Route 198 : 445 1083 2945 243 843 3583 2743 3343 2470 2408 2244 4970 4908 4744
Route 199 : 2492 286 1068 2786 4992 3568 1857 1727 55 2555 1030 4357 4227 3530
Route 200 : 766 324 339 2824 2839 277 3266 2777 2142 1050 4642 69 1549 2569 304 3550 2804 4049
Route 201 : 2358 2468 4968 291 2791 1782 205 2705 245 1205 1423 4282 2745 3705 4858 3923
Route 202 : 750 343 3250 2843 1638 1155 2444 2009 4944 4138 3655 4509 1166 300 3666 2800
Route 203 : 1761 145 1312 3812 4261 2645 1091 3591 38 196 1767 2696 4267 2538
Route 204 : 606 1949 3106 4449 1557 90 4057 2590 76 1698 1437 4198 2576 3937
Route 205 : 1947 4447 9 1065 178 2509 2238 3565 349 4738 2678 1999 2849 4499
Route 206 : 579 1618 3079 4118 2019 4519 428 2928 1167 683 2243 3667 3183 4743
Route 207 : 104 1800 1877 4300 1113 4377 3613 1040 2604 376 3540 1346 2876 3846 612 3112
Route 208 : 1001 3501 1768 4268 200 2700 1629 1932 2212 4129 4712 4432 688 3188
Route 209 : 239 1631 1220 199 4131 2739 3720 2052 2699 4552 1998 4498 2316 4816
Route 210 : 1110 2075 2221 3610 4575 4721 1225 3725 2409 2498 4909 4998
Route 211 : 2324 4824 1720 4220 844 3344 505 264 3005 1583 1267 2764 4083 3767 340 2840
Route 212 : 536 1196 2047 4547 3036 399 2899 3696 110 2610 1394 799 2031 3894 4531 3299
Route 213 : 2210 2271 2415 2438 4710 4915 4938 1315 903 4771 2327 3815 3403 4827
Route 214 : 2209 2372 4872 4709 897 1072 1141 3641 2419 3397 3572 4919 2432 4932
Route 215 : 1670 1497 1787 4287 4170 3997 968 21 3468 622 3122 2521 53 2553 1751 4251
Route 216 : 1385 3885 225 827 3327 464 229 2725 899 2729 3399 2964 1692 4192 1108 3608
Route 217 : 822 2387 4887 3322 2077 1982 4577 4482 2206 2269 2004 4706 4504 4769
Route 218 : 756 1381 3881 3256 949 1333 3449 3833 58 549 373 2558 29 2873 3049 2529
Route 219 : 2286 1997 4786 4497 2071 498 1570 4571 4070 32 2494 2998 4994 2532
Route 220 : 1633 156 2656 435 1499 4133 2935 1473 3973 559 2013 3059 4513 13 3999 2513
Route 221 : 34 1454 61 2534 2148 2561 4648 3954 508 961 3008 3461
Route 222 : 637 1018 3518 2466 4966 3137 761 859 3359 731 1375 3261 3231 3875
Route 223 : 325 907 2110 3407 2825 2285 4610 4785 988 1428 3928 1228 3488 3728
Route 224 : 1330 1654 4154 587 962 2062 3462 3087 3830 4562 2145 2289 4645 4789
Route 225 : 2185 4685 2072 2284 4572 4784 768 1318 1931 3268 478 2978 4431 3818
Route 226 : 992 3492 210 578 3078 2710 87 1358 1721 877 3377 1031 3858 4221 3531 2587
Route 227 : 706 3206 1726 4226 4 1100 2504 3600 2155 4655 2351 4851 1440 3940
Route 228 : 1085 1607 3585 1975 2364 4864 4475 4107 193 1701 2693 4201
Route 229 : 1493 851 2 2502 3993 1913 4413 3351 1369 1014 760 3514 3869 1523 3260 801 3301 4023
Route 230 : 732 1809 2451 3232 4309 4951 1448 1054 3554 3948 2181 401 4681 2901
Route 231 : 1616 2398 4116 4898 2348 2018 1338 1962 4848 4518 3838 2200 4462 4700
Route 232 : 1379 764 3264 3879 2430 4930 736 3236 231 1038 2731 3538 2014 4514
Route 233 : 96 2596 185 361 2861 2685 228 1139 2728 3639 2088 4588 675 94 3175 2594
Route 234 : 1705 1281 4205 3781 722 1119 3619 3222 1691 666 4191 3166
Route 235 : 2402 2404 2499 4904 4902 4999 77 477 610 192 3110 2577 2977 2692
Route 236 : 2076 4576 1785 1506 1164 909 4006 2115 3409 3664 4285 4615 2114 1985 4614 4485
Route 237 : 1223 1274 1970 3723 3774 2073 4470 2035 4573 4535 207 2707 1125 1846 3625 4346
Route 238 : 314 2096 4596 2814 2033 4533 272 1077 2772 3577 2329 4829
Route 239 : 1029 62 2562 781 1324 3529 3281 120 444 2944 1022 1748 4248 2620 2078 3522 3824 4578
Route 240 : 2297 1444 122 4797 2622 3944 1217 1004 233 3504 3717 1759 2733 4259
Route 241 : 2282 4782 162 1815 2662 4315 2022 4522 1445 802 306 2806 3945 3302
Route 242 : 1533 4033 1184 631 3684 3131 2186 2449 2213 4949 4686 1568 4068 4713
Route 243 : 2381 507 662 4881 3162 127 3007 1472 2627 406 3972 2906 1257 3757
Route 244 : 1043 3543 1105 1915 3605 4415 2029 1858 377 2877 4529 4358
Route 245 : 681 3181 959 1634 3459 1062 753 3562 4134 1794 3253 4294 618 521 3021 3118
Route 246 : 943 1368 3868 3443 645 86 3145 2586 1003 1546 1361 3503 4046 3861
Route 247 : 1826 345 849 1210 3349 2845 3710 173 1127 2673 1364 3627 4326 3864
Route 248 : 836 1198 3698 1101 1834 1836 3601 4334 4336 3336 1959 4459 1020 3520
Route 249 : 990 2439 2152 3490 4652 4939 2356 1971 4471 689 4856 1819 3189 4319
Route 250 : 2287 2202 4787 2385 501 4885 1323 4702 1335 3835 3823 2177 3001 4677
Route 251 : 1413 1345 3845 2486 3913 2258 4986 4758 1910 181 4410 2681
Route 252 : 2050 752 1235 3252 3735 4550 1354 829 3854 1366 3329 266 1033 2766 3533 3866
Route 253 : 135 378 607 2635 3107 1687 1762 2230 923 4262 4187 3423 4730 2878
Route 254 : 59 2559 99 2599 1552 1056 487 3556 4052 2987 634 1159 585 3659 3085 3134
Route 255 : 1614 1553 1812 935 4053 3435 4312 1343 4114 2295 4795 2232 3843 4732
Route 256 : 1904 78 2578 4404 1202 1421 3921 791 1216 3702 2125 3291 3716 4625
Route 257 : 1393 3893 1799 598 1270 3098 3770 2026 4299 2388 4526 2391 4888 4891
Route 258 : 2361 4861 762 3 1894 3262 644 4394 2301 2503 3144 4801 2497 1831 4331 4997
Route 259 : 2069 2421 4569 4921 383 2400 1801 4900 2883 4301 281 2781 1162 3662
Route 260 : 991 1769 4269 3491 1322 3822 146 1666 4166 2646 20 2520 981 3481
Route 261 : 330 47 290 1443 1648 2547 4148 3943 2790 109 2098 2609 4598 2830
Route 262 : 157 1374 2657 1592 4092 3874 334 1882 2834 43 183 2683 4382 2543
Route 263 : 1337 902 3837 421 3402 784 380 3284 2921 2880 1410 3910 1531 4031
Route 264 : 811 1760 1710 4210 3311 4260 1309 2222 4722 3809 554 395 2895 3054
Route 265 : 2132 2032 4632 323 4532 1370 3870 1412 2823 2160 4660 1325 3912 3825
Route 266 : 318 773 44 3273 2818 2544 1471 503 1662 3971 4162 3003 2342 812 4842 3312
Route 267 : 1151 1150 3651 1874 4374 3650 2281 986 4781 352 803 2852 3486 1941 3303 4441
Route 268 : 2229 1955 4729 4455 1880 2320 2153 4380 4653 4820 1132 983 3632 3483
Route 269 : 1109 3609 236 2354 2736 268 163 2663 4854 840 2768 3340 2437 4937 1621 4121
Route 270 : 1176 3676 1524 963 769 4024 3269 3463 2059 1950 4559 472 4450 2972
Route 271 : 1383 1253 297 458 3883 3753 2958 2797 1789 74 4289 2574 215 2715
Route 272 : 420 1234 3734 2441 2920 4941 2331 4831 285 2319 2785 1757 4257 4819
Route 273 : 152 261 2652 113 2761 2613 953 1860 3453 4360 319 415 1293 2915 2819 3793
Route 274 : 2346 39 2539 4846 17 1703 1142 4203 3642 2517 1034 707 3534 3207
Route 275 : 1977 979 2038 3479 4477 4538 697 3197 624 3124 33 1778 2533 4278
Route 276 : 418 1841 2918 4341 2257 1447 263 4757 2763 3947 1435 1884 3935 4384
Route 277 : 1589 1685 4089 4185 2116 4616 273 483 2983 1280 3780 2773 896 717 3217 3396
Route 278 : 567 913 1106 3067 3413 3606 1195 244 2744 3695 646 138 817 2638 3317 3146
Route 279 : 1247 119 1699 2619 3747 1927 4427 4199 2025 2251 4525 1427 3927 4751
Route 280 : 424 1088 2117 3588 2086 2924 4617 2427 4927 1980 4586 248 4480 2748
Route 281 : 2135 4635 2360 2137 4860 4637 1256 143 3756 2643 875 3375
Route 282 : 1754 1945 905 2420 4254 4920 4445 3405 1377 942 1469 3969 3877 3442
Route 283 : 1901 914 4401 3414 874 1944 941 3441 3374 1426 970 4444 3470 3926
Route 284 : 1615 4115 621 926 3121 1485 3985 2023 3426 4523 1519 1579 4079 4019
Route 285 : 1071 3571 235 948 2735 3448 1294 1501 869 3794 1277 16 3369 3777 4001 2516
Route 286 : 369 1578 846 2869 4078 3346 329 1816 1372 1814 1807 3872 4316 4314 2829 4307
Route 287 : 1641 989 3489 4141 531 3031 1441 742 3242 3941 1909 4409 1391 3891 1871 4371
Route 288 : 397 2897 894 3394 1611 1601 4111 4101 1620 1434 1489 3989 4120 3934
Route 289 : 928 1745 3428 2005 4245 4505 2226 2311 1839 4726 4811 4339
Route 290 : 151 125 161 2651 2661 2625 785 1842 3285 1694 4342 1872 4372 4194
Route 291 : 1786 250 2750 4286 189 2689 649 1922 73 2573 4422 3149 2157 184 2684 4657
Route 292 : 1481 1766 2054 3981 4266 4554 2100 552 1908 2214 4600 4408 4714 3052
Route 293 : 1973 604 973 3104 4473 3473 2217 2412 2472 4912 4717 2312 4812 4972
Route 294 : 1214 2218 2334 3714 4834 4718 2405 4905 121 2621 347 449 2847 2949
Route 295 : 2173 4673 2087 1320 3820 2109 4587 630 3130 164 4609 2378 4878 2664
Route 296 : 2325 4825 665 3165 1626 4126 64 1912 2564 4412 2175 4675
Route 297 : 1133 1887 3633 517 1859 4387 3017 4359 2290 1138 3638 4790
Route 298 : 2017 1265 3765 4517 362 958 3458 1093 2862 3593 1513 938 4013 3438 1825 782 4325 3282
Route 299 : 798 1263 1453 3298 3953 3763 246 429 2746 945 298 2929 2798 3445
Route 300 : 2205 4705 1161 1803 964 1534 4303 3661 3464 4034 2046 4546 371 2871
Route 301 : 1917 1069 4417 475 3569 2975 1624 4124 1776 868 108 3368 4276 2608
Route 302 : 2144 2036 4536 911 3411 4644 2261 432 2932 1943 4443 4761 2322 4822
Route 303 : 1300 1039 3800 3539 944 3444 1747 1035 4247 915 3535 247 3415 2747
Route 304 : 404 2055 2156 4555 2143 4656 2103 2024 4643 2904 4603 2248 4524 4748
Route 305 : 25 2525 1287 3787 1728 4228 252 2752 994 1126 3626 643 3494 3143 2237 388 2888 4737
Route 306 : 2436 2463 4963 4936 2012 4512 1240 1938 3740 1262 4438 3762 2450 4950
Route 307 : 1628 1686 221 4186 1099 656 4128 2721 3156 3599 997 1429 1245 3745 3497 3929
Route 308 : 1023 910 3523 1664 4164 497 1805 1218 739 3239 2997 4305 3718 2479 4979 3410
Route 309 : 486 788 130 2630 3288 2986 1992 2323 4823 4492 1843 2480 4343 4980
Route 310 : 1613 136 816 2636 4113 1723 3316 411 1028 3528 4223 2911 2176 4676 2147 4647
Route 311 : 1696 1158 4196 437 3658 1124 2937 3624 1820 1417 4320 3917 2196 223 4696 2723
Route 312 : 648 455 2955 804 3304 3148 2034 284 4534 2106 4606 2784 188 2688
Route 313 : 2180 2045 2455 4680 4545 279 4955 1027 1179 2779 1302 3527 3679 3802
Route 314 : 51 2551 1297 1505 924 4005 98 3797 2598 3424 484 792 2984 3292 1455 3955
Route 315 : 1892 1558 4058 4392 2020 443 468 4520 2968 2943 2162 4662 1617 4117
Route 316 : 1500 1928 6 2506 4428 4000 333 715 3215 1306 2833 1693 4193 3806 765 3265
Route 317 : 2189 2371 4689 4871 1140 3640 1390 3890 1249 1136 510 3010 3636 3749
Route 318 : 1603 2416 2119 4619 4103 4916 1206 674 3174 3706 1735 2313 4235 4813
Route 319 : 555 1244 564 3064 3055 3744 779 37 3279 867 2537 3367 326 2826 1535 4035
Route 320 : 1416 1677 2101 3916 4177 1990 2471 4971 4490 4601 2042 4542 2085 4585
Route 321 : 2475 4975 828 685 3185 3328 1527 1024 4027 730 3524 884 3230 1009 3384 3509
Route 322 : 1378 1838 4338 1709 3878 4209 1522 770 3270 1832 4022 632 4332 80 1572 3132 2580 4072
