Instance name : ber-n5000-1
Authors       : Dmitriy Demin, Mikhail Diakov (msd@veeroute.com), Ivan Ilin, Nikita Ivanov, Viacheslav Sokolov (vs@veeroute.com) et al. VRt Global (https://veeroute.com/)
Date          : 2023-07-09
Reference     : veeroute.com
Solution
Route 1 : 825 771 1254 1523 3325 3271 3754 4023
Route 2 : 375 855 1270 3770 3355 2875
Route 3 : 168 1603 4103 2016 1920 4516 4420 2668
Route 4 : 182 868 2682 319 3368 2819
Route 5 : 1386 1416 3916 1474 3886 2322 1362 4822 3974 3862
Route 6 : 2055 1456 1606 4106 3956 4555
Route 7 : 1037 3537 832 1339 1540 3332 4040 3839
Route 8 : 1951 1289 4451 2453 3789 2436 4936 4953
Route 9 : 496 740 2082 2996 3240 1737 4237 4582
Route 10 : 2314 1833 4814 2214 4714 4333 899 3399
Route 11 : 1550 311 1967 4050 2141 4641 4467 2811
Route 12 : 87 1450 2449 2327 3950 2587 4949 4827
Route 13 : 421 391 2921 1979 4479 2891
Route 14 : 2295 1896 4795 2475 4975 4396
Route 15 : 1337 639 969 3469 823 3139 3323 3837
Route 16 : 1659 133 228 2728 1589 2633 4159 4089
Route 17 : 1196 962 3696 3462 1592 4092
Route 18 : 538 925 1038 3425 3538 3038
Route 19 : 308 1927 396 2896 2808 4427
Route 20 : 1453 1058 3953 2146 1776 4646 3558 4276
Route 21 : 1801 1836 472 4301 4336 2972 683 3183
Route 22 : 1915 1263 557 4415 3763 3057
Route 23 : 905 395 3405 2278 2895 2472 4972 4778
Route 24 : 420 1044 1315 3544 3815 2920
Route 25 : 2137 4637 1687 208 1501 2708 4187 4001
Route 26 : 123 952 661 2623 3161 3452
Route 27 : 1238 843 402 3343 3738 2902
Route 28 : 1003 1264 2252 3764 5 2505 4752 3503
Route 29 : 826 1060 3326 970 1237 3560 3470 3737
Route 30 : 2481 2446 4946 4981
Route 31 : 1949 2239 2427 4739 4449 4927
Route 32 : 192 2159 4659 1506 2692 1750 4250 4006
Route 33 : 810 1908 1463 3310 3963 4408
Route 34 : 356 63 1630 2563 2328 2856 4130 4828
Route 35 : 2383 2273 4773 2426 4883 1885 4926 4385
Route 36 : 351 92 2851 522 2592 248 2748 3022
Route 37 : 455 2955 502 154 2654 3002
Route 38 : 1761 4261 2362 4862 1464 2292 4792 3964
Route 39 : 1208 738 2432 4932 3238 1889 3708 4389
Route 40 : 2375 4875 194 813 3313 916 2694 3416
Route 41 : 1721 838 1522 3338 820 4221 4022 3320
Route 42 : 1931 2101 4601 2052 4431 2249 4552 4749
Route 43 : 1071 758 529 3571 3029 3258
Route 44 : 870 775 1390 3275 3890 3370
Route 45 : 1090 2065 3590 1804 4565 4304 2126 4626
Route 46 : 93 1682 695 4182 1756 3195 2593 4256
Route 47 : 1612 1230 3730 2170 4112 1867 4670 4367
Route 48 : 216 335 1081 2716 3581 2835
Route 49 : 1269 1082 441 2941 3769 3582
Route 50 : 412 492 788 2992 2912 3288
Route 51 : 640 2311 2294 3140 4794 4811
Route 52 : 597 1052 3552 3097 1963 1571 4071 4463
Route 53 : 1376 452 696 3876 739 2952 3196 3239
Route 54 : 2407 244 2744 1870 2138 4907 4638 4370
Route 55 : 1169 410 844 2910 3669 2488 3344 4988
Route 56 : 1830 2150 2307 4650 2035 4330 4807 4535
Route 57 : 919 1193 3419 1465 166 3693 3965 2666
Route 58 : 1742 2419 2187 4687 4919 4242
Route 59 : 894 3394 1709 1738 4209 4238 1800 4300
Route 60 : 1040 1370 1303 3540 1555 4055 3870 3803
Route 61 : 12 142 1346 2512 3846 324 2824 2642
Route 62 : 900 602 1599 3102 3400 4099
Route 63 : 507 3007 1840 2015 880 4515 4340 3380
Route 64 : 209 393 776 2893 2709 3276
Route 65 : 342 2842 1449 69 2569 3949
Route 66 : 543 1096 1420 679 3920 3043 3596 3179
Route 67 : 972 1308 2417 3808 4917 3472
Route 68 : 488 571 2988 470 3071 2970 1316 3816
Route 69 : 16 815 712 3315 921 2516 3421 3212
Route 70 : 1597 377 4097 2877
Route 71 : 1141 569 440 1716 3069 2940 3641 4216
Route 72 : 2388 1266 2263 4888 3766 4763
Route 73 : 674 1133 3633 1280 1728 3780 2386 3174 4228 4886
Route 74 : 1969 4469 1397 658 1476 3897 3158 3976
Route 75 : 461 1231 432 426 2926 1980 2961 2932 3731 4480
Route 76 : 1662 1510 4162 447 581 2947 4010 3081
Route 77 : 438 833 707 2938 1032 3207 3333 3532
Route 78 : 2324 4824 278 271 605 3105 2771 2778
Route 79 : 1235 340 74 2574 2366 3735 2840 4866
Route 80 : 25 755 2525 1934 3255 914 4434 3414
Route 81 : 2477 4977 1136 180 3636 1530 2680 4030
Route 82 : 818 1395 2397 837 3895 4897 3337 3318
Route 83 : 987 532 3032 618 1093 3593 3118 3487
Route 84 : 392 490 70 2570 189 2990 2892 2689
Route 85 : 1591 4091 2255 1711 1699 4755 4211 4199
Route 86 : 725 1467 3967 2499 3225 1724 4224 4999
Route 87 : 1097 1251 3597 624 909 3409 3751 3124
Route 88 : 2111 4611 1883 287 811 4383 2787 3311
Route 89 : 2091 1879 1637 4379 4137 4591
Route 90 : 966 540 429 3466 3040 2929
Route 91 : 768 1139 3268 2363 3639 1932 4863 4432
Route 92 : 1114 3614 1581 1104 151 2651 3604 4081
Route 93 : 1098 329 957 2829 1447 3598 3457 3947
Route 94 : 1015 363 3515 2863 2128 651 3151 4628
Route 95 : 977 1074 1454 3954 3574 3477
Route 96 : 387 1429 3929 2887
Route 97 : 1110 709 3610 1579 3209 2348 4079 4848
Route 98 : 2196 2482 4696 1964 4982 4464
Route 99 : 159 1161 1582 1048 4082 3661 2659 3548
Route 100 : 2338 4838 43 389 2543 1440 2889 3940
Route 101 : 1734 2360 4234 2042 1601 4860 4101 4542
Route 102 : 2177 2305 2133 4677 1881 4805 4633 4381
Route 103 : 2181 1748 4248 2456 1987 4681 4487 4956
Route 104 : 2450 1023 819 3319 4950 1078 3523 3578
Route 105 : 556 874 621 3374 3121 3056
Route 106 : 331 1938 2831 4438 2484 631 4984 3131
Route 107 : 2284 4784 1053 1000 1516 3500 3553 4016
Route 108 : 2393 2021 4893 139 4521 2639
Route 109 : 258 745 2758 3245 292 2792
Route 110 : 1878 1488 4378 2127 4627 3988
Route 111 : 637 1529 4029 82 2582 533 3137 3033
Route 112 : 2479 2271 4979 2441 178 4941 2678 4771
Route 113 : 1338 1042 3838 2058 1024 3542 4558 3524
Route 114 : 2443 2219 4943 4719 1212 3712 781 3281
Route 115 : 2167 2144 1898 4667 1409 4644 4398 3909
Route 116 : 2171 2343 4671 1573 965 3465 4843 4073
Route 117 : 196 2696 1845 2345 1610 4345 4845 4110
Route 118 : 2224 4724 493 44 2544 1282 2993 3782
Route 119 : 1327 1802 3827 1661 1810 4161 4302 4310
Route 120 : 116 1639 854 4139 2616 3354
Route 121 : 797 3297 1129 1602 3629 516 343 3016 2843 4102
Route 122 : 2236 8 4736 2508
Route 123 : 95 783 266 3283 903 2766 2595 3403
Route 124 : 1654 1688 4188 1069 4154 583 3083 3569
Route 125 : 289 380 2022 2880 4522 2789
Route 126 : 1099 915 3599 456 3415 2956
Route 127 : 749 3249 1508 857 38 3357 4008 2538
Route 128 : 1838 1910 1917 4338 1985 4417 4410 4485
Route 129 : 1777 2425 1509 4925 4009 4277
Route 130 : 746 1494 3994 1611 3246 4111
Route 131 : 1414 980 3480 2290 2072 3914 4790 4572
Route 132 : 394 1250 2894 3750 2337 2204 1876 4704 4837 4376
Route 133 : 177 276 2677 2776 1651 562 3062 4151
Route 134 : 1903 1914 2490 4403 4414 4990
Route 135 : 667 2235 4735 1697 4197 3167
Route 136 : 1478 1123 3978 1783 3623 4283
Route 137 : 1221 999 3499 3721 2391 660 3160 4891
Route 138 : 417 932 15 2917 1660 2515 4160 3432
Route 139 : 1609 686 3186 2080 4109 4580
Route 140 : 1088 303 497 2997 2803 3588
Route 141 : 1731 2152 1959 4652 4231 4459
Route 142 : 1705 2445 4205 2048 4945 4548
Route 143 : 1853 232 2732 59 983 4353 2559 3483
Route 144 : 665 29 566 1633 4133 3165 3066 2529
Route 145 : 2143 1578 4643 1990 2132 4078 4632 4490
Route 146 : 2061 853 4561 2057 3353 2011 4511 4557
Route 147 : 1681 608 4181 313 3108 937 3437 2813
Route 148 : 1604 584 1627 812 4127 3084 4104 3312
Route 149 : 666 214 3166 2714 935 3435
Route 150 : 1207 3707 652 596 1503 4003 3152 3096
Route 151 : 2429 1741 4929 1815 4241 2309 4809 4315
Route 152 : 1314 1241 3814 305 2805 3741
Route 153 : 2461 2089 901 4961 3401 4589
Route 154 : 184 2377 2684 1814 4314 4877
Route 155 : 1109 1557 3609 1417 1443 3917 3943 4057
Route 156 : 567 143 944 3067 3444 2643
Route 157 : 2247 2007 1771 2424 4507 4271 4747 4924
Route 158 : 698 706 1173 3673 3198 3206
Route 159 : 648 41 2541 3148 946 676 3176 3446
Route 160 : 2266 2076 1796 4766 4576 4296
Route 161 : 2074 1774 1854 4574 4354 1891 4391 4274
Route 162 : 2174 4674 895 888 3395 3388
Route 163 : 659 349 146 298 3159 2646 2849 2798
Route 164 : 40 2540 680 1298 1483 600 3798 3983 3180 3100
Route 165 : 2182 4682 428 682 132 2928 2632 3182
Route 166 : 1590 486 697 2986 2468 4090 4968 3197
Route 167 : 1911 2180 4411 2037 867 3367 4680 4537
Route 168 : 1615 1209 135 835 3335 3709 4115 2635
Route 169 : 1747 1874 2173 4247 4374 4673
Route 170 : 2287 1805 4787 4305 1629 1484 4129 3984
Route 171 : 360 1189 3689 2860 2316 4816
Route 172 : 1140 222 2244 3640 2023 2722 4523 4744
Route 173 : 427 268 2927 1381 2768 1444 3881 3944
Route 174 : 299 206 1236 2799 786 2706 3286 3736
Route 175 : 56 1259 1559 3759 4059 1650 4150 2556
Route 176 : 1861 4361 1923 1839 4423 4339
Route 177 : 992 3492 1983 1539 4483 4039
Route 178 : 1789 574 3074 1605 4289 2000 4105 4500
Route 179 : 1528 227 545 2727 4028 3045
Route 180 : 2474 468 4974 1849 4349 2968
Route 181 : 856 277 1392 3892 3356 2777 2168 4668
Route 182 : 409 19 1318 2909 2519 3818
Route 183 : 1255 1686 487 3755 2987 4186
Route 184 : 906 1563 836 4063 3336 3406
Route 185 : 575 3075 4 1307 2504 1305 3807 3805
Route 186 : 830 536 85 2585 973 3330 3036 3473
Route 187 : 1368 317 3868 2817 1385 1176 3885 3676
Route 188 : 2108 2325 1919 4419 4608 1860 4360 4825
Route 189 : 742 689 641 3189 3242 3141 433 2933
Route 190 : 453 359 2953 2859
Route 191 : 939 460 3439 2960 2009 1495 4509 3995
Route 192 : 1793 519 1312 1132 3632 3812 3019 4293
Route 193 : 1211 480 1050 3550 3711 2980
Route 194 : 555 1253 1197 3753 3055 3697
Route 195 : 846 1608 4108 3346 2028 2301 4528 4801
Route 196 : 100 1710 1349 2600 90 3849 4210 2590
Route 197 : 2321 2029 1856 4529 4821 4356 1717 4217
Route 198 : 790 928 3290 998 3498 3428
Route 199 : 796 2085 1106 3296 3606 4585
Route 200 : 763 494 2994 97 523 3263 3023 2597
Route 201 : 101 2601 787 3287 321 839 3339 2821
Route 202 : 699 509 368 3199 1798 2868 4298 3009
Route 203 : 549 3049 1185 1377 3685 3877
Route 204 : 1427 792 3927 2439 3292 4939
Route 205 : 733 911 3411 1442 3942 3233 2097 4597
Route 206 : 272 1472 3972 411 2772 2911
Route 207 : 910 207 398 2707 2898 3410
Route 208 : 1438 466 598 2966 724 3098 3938 3224
Route 209 : 1880 2064 1719 4380 4219 4564
Route 210 : 2495 1725 4995 2197 548 4225 3048 4697
Route 211 : 524 2367 3024 51 2551 4867 1330 3830 1116 3616
Route 212 : 713 1148 3213 934 1055 3434 3648 3555
Route 213 : 60 131 2631 2560
Route 214 : 2258 1384 4758 3884 861 765 3361 1375 3265 3875
Route 215 : 1746 2261 2344 4761 2115 4844 4246 4615
Route 216 : 314 79 1398 3898 841 2579 2814 3341
Route 217 : 23 1322 37 2523 1901 2537 4401 3822
Route 218 : 293 793 609 2793 3109 3293
Route 219 : 1586 4086 881 795 1593 3381 3295 4093
Route 220 : 1765 1054 1399 2066 4265 3899 4566 3554
Route 221 : 2465 2081 4965 4581 784 1455 3955 3284
Route 222 : 18 2518 247 889 1063 2747 3389 3563
Route 223 : 423 2923 1645 1326 2047 3826 4145 4547
Route 224 : 2291 1745 1894 4394 4791 4245
Route 225 : 2392 1588 4088 4892 2370 2004 4504 4870
Route 226 : 869 2275 3369 1541 4775 4041
Route 227 : 606 281 3106 2781 1278 799 3778 3299
Route 228 : 849 183 3349 2683 678 1155 3655 3178
Route 229 : 388 53 2888 2346 2553 4846
Route 230 : 1663 117 4163 1391 1864 2617 4364 3891
Route 231 : 361 863 2861 42 1026 2542 1997 3363 3526 4497
Route 232 : 1782 4282 568 2396 3068 2306 4806 4896
Route 233 : 1972 4472 1703 1904 2454 4203 4404 4954
Route 234 : 2335 2421 1545 4921 4045 4835 1666 4166
Route 235 : 501 547 3001 751 3047 1 3251 2501
Route 236 : 2092 414 4592 2238 2914 4738
Route 237 : 1704 1167 4204 1744 3667 267 2767 4244
Route 238 : 1309 1823 2398 3809 2178 4323 4898 4678
Route 239 : 1460 518 358 274 3018 2858 2774 3960
Route 240 : 981 1580 3481 4080
Route 241 : 2300 2293 4800 2340 1294 4840 4793 3794
Route 242 : 330 449 2949 439 2939 1265 2830 3765
Route 243 : 657 1102 3602 3157
Route 244 : 769 463 3269 2963
Route 245 : 327 930 236 2827 479 3430 2736 2979
Route 246 : 1616 1740 1355 4116 3855 4240
Route 247 : 1084 49 1165 3665 3584 2549
Route 248 : 2054 1954 4554 551 4454 3051 1160 3660
Route 249 : 990 1977 821 3490 4477 3321 1297 883 3383 3797
Route 250 : 1480 1043 993 3980 3493 3543
Route 251 : 2223 2038 2354 4723 4538 4854
Route 252 : 1520 1324 1200 3700 4020 3824
Route 253 : 1824 2073 1707 4573 469 4324 4207 2969
Route 254 : 1125 3625 2315 2268 4768 4815
Route 255 : 770 1575 1183 4075 3683 3270
Route 256 : 2317 2240 515 4817 2030 3015 4740 4530
Route 257 : 1618 1631 4131 4118
Route 258 : 1184 1556 777 3684 4056 1715 4215 3277
Route 259 : 235 734 2735 458 3234 224 2724 2958
Route 260 : 1778 589 3089 945 3445 4278
Route 261 : 975 807 3475 1642 1153 4142 3653 3307
Route 262 : 128 512 1317 2628 1500 3817 3012 4000
Route 263 : 1331 2059 1070 4559 3570 3831
Route 264 : 2124 4624 2341 2498 1892 4392 4841 4998
Route 265 : 312 369 2812 626 198 3126 2869 2698
Route 266 : 1673 4173 1296 3796 257 1624 4124 2757
Route 267 : 1077 3577 864 956 3456 1393 3364 3893
Route 268 : 1961 1893 4461 1786 4286 4393
Route 269 : 1372 337 2837 3872 1594 288 4094 2788
Route 270 : 86 354 2854 1030 1360 3530 2586 3860
Route 271 : 806 3306 50 1013 3513 1147 2550 3647
Route 272 : 872 1319 778 1561 3819 1412 3372 3278 4061 3912
Route 273 : 1944 1888 4388 2231 4444 4731
Route 274 : 1766 1753 4266 68 4253 2568
Route 275 : 1105 1268 1565 3605 3768 4065
Route 276 : 275 1408 3908 2026 2775 416 4526 2916
Route 277 : 1433 3933 772 1164 3272 3664
Route 278 : 1807 1713 4213 4307 1177 1301 3801 3677
Route 279 : 537 1646 1247 3037 995 4146 2410 3747 3495 4910
Route 280 : 489 1135 1345 2989 1149 3635 3845 3649
Route 281 : 2435 1988 2106 4488 4606 4935 2381 4881
Route 282 : 1976 1361 3861 1826 4476 4326 2469 4969
Route 283 : 2191 2063 4691 4563 1922 1953 4453 4422
Route 284 : 1531 809 1568 4068 4031 3309
Route 285 : 2444 1204 240 3704 2740 4944
Route 286 : 1636 1128 419 2919 3628 4136
Route 287 : 2376 2434 4876 1887 4387 4934 1788 4288
Route 288 : 1773 1770 4273 2099 4599 4270 1758 4258
Route 289 : 1187 1452 2494 4994 3952 3687
Route 290 : 1797 2262 1076 4762 4297 3576
Route 291 : 2234 2044 2297 4544 4734 4797
Route 292 : 628 3128 850 1373 3350 959 3873 3459
Route 293 : 350 1112 1127 2850 3612 3627
Route 294 : 1163 942 1225 3663 3725 1829 3442 4329
Route 295 : 632 238 20 2520 2738 3132
Route 296 : 145 1543 2645 378 304 4043 2804 2878
Route 297 : 1045 223 1279 3779 3545 2723
Route 298 : 1313 109 237 2609 1947 4447 2737 3813
Route 299 : 594 517 3094 1046 1158 3017 3546 3658
Route 300 : 2455 1859 4359 1435 1178 3935 4955 3678
Route 301 : 773 663 1410 3163 3910 3273
Route 302 : 2409 2122 1206 4622 2114 4614 4909 3706
Route 303 : 2194 2123 4623 4694 710 1598 3210 4098
Route 304 : 908 3408 1628 1468 984 4128 3968 3484
Route 305 : 1295 2103 3795 1772 4272 4603
Route 306 : 2176 1852 4676 2198 4352 4698
Route 307 : 912 1232 3412 1739 3732 2280 4239 4780
Route 308 : 2395 2166 4895 644 1553 3144 4666 4053
Route 309 : 1524 4024 2342 2302 2420 4802 4920 4842
Route 310 : 1623 376 2876 4123 1930 873 3373 4430
Route 311 : 1999 36 2131 2536 4499 4631
Route 312 : 185 1671 2685 4171 1126 3626 219 2719
Route 313 : 879 1089 3589 1996 2452 3379 4952 4496
Route 314 : 1244 425 955 2925 3744 3455
Route 315 : 404 242 720 1558 2742 550 2904 4058 3220 3050
Route 316 : 2413 2299 2464 4799 4964 4913 1909 4409
Route 317 : 1286 1287 625 3787 3125 3786
Route 318 : 202 1487 323 2702 3987 2823
Route 319 : 269 2163 2769 525 1572 4072 4663 3025
Route 320 : 1300 785 3285 3800
Route 321 : 1403 1382 3903 2365 3882 1941 4865 4441
Route 322 : 1679 1214 1400 3900 4179 3714
Route 323 : 1320 702 3820 2329 3202 1900 4400 4829
Route 324 : 722 1519 1172 4019 3222 3672
Route 325 : 2349 2281 4849 2183 681 4781 4683 3181
Route 326 : 1358 1243 3858 3743 1831 4331
Route 327 : 1284 1277 761 3784 1585 4085 3261 3777
Route 328 : 2125 1808 4625 4308
Route 329 : 1968 2117 4468 4617 2269 4769
Route 330 : 124 1489 2121 4621 3989 1768 2624 2071 4268 4571
Route 331 : 1374 1344 1425 3925 3844 3874
Route 332 : 1350 64 1641 3850 2075 2564 4575 4141
Route 333 : 191 1162 671 3662 2390 3171 2691 4890
Route 334 : 1644 300 653 106 3153 2606 4144 2800
Route 335 : 78 1962 2578 1847 4462 445 4347 2945
Route 336 : 2019 1723 4519 2416 2286 4223 4916 4786
Route 337 : 285 450 2785 2402 2950 4902
Route 338 : 1547 1267 1532 3767 1790 4032 4047 4290
Route 339 : 774 3274 2067 1700 2245 4200 4567 4745
Route 340 : 804 1431 1507 4007 3931 3304
Route 341 : 435 1199 2935 3699 817 344 2844 3317
Route 342 : 2008 4508 372 1538 2872 32 2532 4038
Route 343 : 477 593 2977 17 2517 1769 3093 4269
Route 344 : 464 2964 954 250 729 3454 2750 3229
Route 345 : 2457 4957 2491 2051 2188 4551 4991 4688
Route 346 : 979 718 552 3218 3479 3052
Route 347 : 108 759 112 320 3259 2612 2608 2820
Route 348 : 348 467 322 1025 2967 2822 3525 2848
Route 349 : 381 1451 193 2881 3951 2693 2347 4847
Route 350 : 1683 217 2717 4183
Route 351 : 1120 173 495 2995 1986 3620 2673 2020 4520 4486
Route 352 : 1617 4117 215 119 2715 334 2619 2834
Route 353 : 1560 400 386 2900 2886 2414 4060 4914
Route 354 : 1511 789 971 3471 2378 3289 4011 4878
Route 355 : 1034 318 2818 1670 1733 3534 4170 4233
Route 356 : 270 2770 1471 130 2630 3971
Route 357 : 35 1115 2535 1595 3615 310 2810 4095
Route 358 : 1695 4195 2230 1825 1812 4325 4312 4730
Route 359 : 1792 4292 2351 2202 2304 4851 4702 4804
Route 360 : 114 2614 2274 1181 3681 4774
Route 361 : 808 542 144 2644 3308 3042
Route 362 : 2225 2060 4560 1827 4725 2151 4327 4651
Route 363 : 483 75 1625 2575 2983 645 4125 3145
Route 364 : 505 148 96 3005 2596 2648
Route 365 : 2497 1461 767 3267 1407 4997 3907 3961
Route 366 : 1002 656 610 3156 3110 3502
Route 367 : 1872 967 1554 4372 2406 3467 4906 4054
Route 368 : 1142 922 760 3642 3260 52 3422 2552
Route 369 : 1182 1150 654 3650 3154 3682
Route 370 : 711 1406 2014 4514 3906 3211
Route 371 : 1020 243 1380 3880 2743 3520
Route 372 : 714 245 3214 845 203 3345 2703 2745
Route 373 : 590 936 1935 3436 3090 4435
Route 374 : 1502 1134 1170 2470 4002 3634 4970 3670
Route 375 : 1056 539 3556 1574 1379 3039 4074 3879
Route 376 : 1068 121 2621 948 190 3448 3568 2690
Route 377 : 2142 2032 4532 4642 1817 4317 2113 4613
Route 378 : 2243 650 762 4743 3150 3262 374 2874
Route 379 : 534 890 3390 3034 513 578 3013 3078
Route 380 : 80 1100 2580 924 3600 152 1364 2652 3864 3424
Route 381 : 2478 4978 1257 1359 703 3859 3757 3203
Route 382 : 827 1171 1188 1010 3510 3671 3327 3688
Route 383 : 1981 4481 2440 2056 2136 4636 4940 4556
Route 384 : 1371 1117 805 3871 3617 3305
Route 385 : 2068 2156 1925 399 4656 4425 4568 2899
Route 386 : 2382 976 4882 291 3476 2791
Route 387 : 2438 4938 218 284 1143 3643 2784 2718
Route 388 : 831 94 3331 1240 1365 3740 2594 3865
Route 389 : 397 1428 2897 3928 2043 2313 4543 4813
Route 390 : 1446 646 3146 89 3946 2589
Route 391 : 1780 2411 72 4911 2572 4280 2226 4726
Route 392 : 1174 1552 3674 1203 4052 3703
Route 393 : 2232 4732 413 794 2913 3294
Route 394 : 1720 1873 1978 1787 4287 4373 4220 4478
Route 395 : 2310 2158 4810 2215 4658 642 1285 4715 3142 3785
Route 396 : 115 1363 3863 2615 764 949 3264 3449
Route 397 : 2229 1970 4470 1993 4729 2399 4493 4899
Route 398 : 1366 1124 3624 3866 1868 4368
Route 399 : 1548 1029 1462 3529 3962 4048 2312 4812
Route 400 : 2405 2119 4619 2242 4905 4742
Route 401 : 171 1041 2282 2671 2422 3541 4922 4782
Route 402 : 2227 1701 4727 1394 11 3894 4201 2511
Route 403 : 234 346 1995 4495 2734 2451 2846 4951
Route 404 : 1062 964 3562 315 3464 991 2815 3491
Route 405 : 886 878 3386 996 3378 3496
Route 406 : 1865 2179 407 4365 4679 2907
Route 407 : 437 76 332 2937 2832 1526 2576 4026
Route 408 : 2220 4720 1749 2033 1735 4249 4235 4533
Route 409 : 1664 1818 129 4164 766 4318 3266 2629
Route 410 : 1334 1201 3701 3834
Route 411 : 2493 2149 4993 4649 22 737 3237 2522
Route 412 : 316 553 2816 261 3053 938 3438 2761
Route 413 : 167 2667 1726 1929 4429 1227 4226 3727
Route 414 : 1272 364 2864 403 424 3772 2924 2903
Route 415 : 670 2153 953 3170 4653 3453
Route 416 : 1423 111 1466 3966 3923 2611
Route 417 : 1419 917 3919 1546 3417 9 2509 4046
Route 418 : 927 367 3427 2333 2867 1795 4833 4295
Route 419 : 262 1022 2762 3522 1094 1249 3749 3594
Route 420 : 828 747 3247 246 3328 2746
Route 421 : 1496 255 2755 3996 1727 4227
Route 422 : 1933 675 212 2712 2025 4433 4525 3175
Route 423 : 2017 77 744 3244 2577 4517
Route 424 : 1534 852 862 3352 4034 3362
Route 425 : 1481 1491 2003 1819 3991 4319 4503 3981
Route 426 : 1498 1424 3924 3998 2463 1156 4963 3656
Route 427 : 708 265 160 3208 2765 2660
Route 428 : 1884 2190 4690 4384 2165 2356 4665 4856
Route 429 : 1356 3856 169 28 2669 24 2528 2524
Route 430 : 1047 1527 1404 1233 3547 4027 3904 3733
Route 431 : 57 1521 582 3082 225 2557 2725 4021
Route 432 : 1367 1648 3867 1418 829 3918 4148 3329
Route 433 : 2364 4864 1119 1228 3728 3619
Route 434 : 2216 1698 4198 2473 1912 4716 4973 4412
Route 435 : 137 2637 731 165 3231 1083 3583 2665
Route 436 : 607 252 3107 2752 753 920 3420 3253
Route 437 : 1757 1239 4257 1779 4279 3739
Route 438 : 2079 1846 1982 4579 4346 2100 4600 4482
Route 439 : 1138 1754 918 4254 1877 3638 3418 4377
Route 440 : 1669 107 2607 2437 4169 1760 4937 4260
Route 441 : 2330 2212 4830 2248 4712 4748
Route 442 : 2112 1943 4612 2049 4549 4443 2036 4536
Route 443 : 1504 163 2663 2002 4502 4004
Route 444 : 1006 2447 4947 1926 3506 4426
Route 445 : 1897 1855 4355 4397 1714 2358 4858 4214
Route 446 : 459 1219 1224 3719 3724 2959
Route 447 : 508 301 3008 716 352 2852 2801 3216
Route 448 : 295 526 2795 1151 3026 3651
Route 449 : 448 800 2948 997 3497 2466 3300 4966
Route 450 : 2107 430 4607 1426 3926 2930 383 2883
Route 451 : 1730 2296 4230 2277 4796 2217 4777 4717
Route 452 : 81 91 2581 673 2591 616 1033 3173 3533 3116
Route 453 : 1696 1752 2476 4196 2104 4252 4976 4604
Route 454 : 457 1291 1549 4049 2957 3791
Route 455 : 1551 1145 511 4051 3645 2428 3011 4928
Route 456 : 2010 2233 4510 1743 4733 2221 4243 4721
Route 457 : 730 1121 3230 3621 558 672 3172 3058
Route 458 : 362 2088 4588 2862 2135 1973 4635 4473
Route 459 : 2139 565 4639 3065 842 499 3342 2999
Route 460 : 1485 1130 3985 3630 1871 4371
Route 461 : 601 309 3101 2809 715 3215
Route 462 : 251 634 3134 824 1118 2751 3324 3618
Route 463 : 572 580 3080 229 3072 2729
Route 464 : 326 1039 2826 865 882 3365 3382 3539
Route 465 : 125 30 1258 1354 3758 2625 3854 2530
Route 466 : 1828 1960 4460 4328 2161 4661
Route 467 : 282 2782 2357 1655 1689 4857 4189 4155
Route 468 : 1939 1712 4439 2418 4212 187 4918 2687
Route 469 : 694 1194 357 2857 3694 3194 1638 4138
Route 470 : 2448 4948 2486 1791 1950 4450 4986 4291
Route 471 : 2423 2184 385 4684 2885 2384 4923 4884
Route 472 : 1091 1131 1049 3549 3631 668 3591 3168
Route 473 : 2467 481 2412 1940 2981 4440 4967 4912
Route 474 : 2062 1234 3734 1577 4562 4077
Route 475 : 1837 2500 4337 2257 5000 2380 4880 4757
Route 476 : 62 876 2562 27 1202 3376 2013 2527 4513 3702
Route 477 : 728 1017 3517 860 31 3228 3360 2531
Route 478 : 1186 482 2982 1154 254 3654 3686 2754
Route 479 : 1001 822 3501 451 3322 422 2951 2922
Route 480 : 604 1675 1061 3561 4175 3104 2334 4834
Route 481 : 1166 2374 2118 4874 4618 3666
Route 482 : 1005 1275 34 3775 401 2534 2901 3505
Route 483 : 535 3035 612 1304 3804 885 3112 3385
Route 484 : 840 1018 3340 2369 3518 1764 4264 4869
Route 485 : 898 253 3398 2753 99 2599
Route 486 : 1626 1288 4126 3788 1945 2355 4855 4445
Route 487 : 1958 1248 1310 4458 1441 3748 3810 3941
Route 488 : 1678 741 1576 4178 3241 2006 4076 4506
Route 489 : 693 1587 1073 3193 2253 4753 4087 3573
Route 490 : 46 220 662 2546 1536 4036 2720 3162
Route 491 : 2210 2350 2326 4850 4710 2090 4826 4590
Route 492 : 7 690 3190 2507 1348 577 3077 3848
Route 493 : 1843 504 462 2962 4343 3004
Route 494 : 1328 814 3828 3314
Route 495 : 750 1402 3250 1718 4218 3902
Route 496 : 1652 1974 4152 1325 3825 179 4474 2679
Route 497 : 1680 13 1866 2513 2175 4366 4675 4180
Route 498 : 1957 2200 4700 1971 4471 1955 4457 4455
Route 499 : 692 591 1621 3192 4121 3091
Route 500 : 1222 2105 4605 3722 1809 2289 4309 4789
Route 501 : 161 195 2695 233 2733 573 2661 3073
Route 502 : 721 1562 961 4062 2359 3221 4859 3461
Route 503 : 239 2739 1401 1290 3901 732 3790 3232
Route 504 : 585 595 685 3085 3185 3095
Route 505 : 48 2430 4930 2548 1632 1656 1072 3572 4132 4156
Route 506 : 1057 1405 174 3557 2674 3905
Route 507 : 1515 141 1357 3857 67 2641 4015 2567
Route 508 : 1513 1144 1505 4005 2147 4013 4647 3644
Route 509 : 2001 4501 1820 2209 4320 2408 4709 4908
Route 510 : 294 1567 500 2794 4067 2462 3000 4962
Route 511 : 506 723 3223 3006 1614 1439 4114 3939
Route 512 : 155 2655 1490 1658 3990 4158
Route 513 : 336 2836 58 226 2558 280 2780 2726
Route 514 : 2485 2195 4985 941 4695 231 3441 2731
Route 515 : 1092 3592 2387 181 4887 892 2681 3392
Route 516 : 213 1323 2713 1216 201 2701 3823 3716
Route 517 : 1966 4466 2250 2069 4569 4750
Route 518 : 544 1415 3044 2201 3915 4701 1936 4436
Route 519 : 1665 520 1822 3020 2339 4165 4322 4839
Route 520 : 586 743 260 3243 1262 2760 3086 3762
Route 521 : 431 564 1111 2931 3064 554 3611 3054
Route 522 : 6 2506 418 39 2918 2539
Route 523 : 1946 4446 2415 1469 847 4915 3969 3347
Route 524 : 756 1518 1217 3256 1292 3717 4018 3792
Route 525 : 2318 2140 4818 1729 4640 4229
Route 526 : 2098 4598 1913 4413 1905 1693 4193 4405
Route 527 : 47 1329 1293 3829 2547 3793 1928 4428
Route 528 : 1942 2095 4595 4442 2496 1692 4996 4192
Route 529 : 503 834 1848 3003 1702 3334 4202 4348
Route 530 : 2389 1388 3888 1411 434 4889 2934 3911
Route 531 : 54 1584 801 2554 4084 1767 4267 3301
Route 532 : 1432 221 1087 3932 3587 1458 2721 3958
Route 533 : 45 1059 1396 3896 2213 2545 3559 4713
Route 534 : 1159 1035 3659 2372 3535 4872 2241 4741
Route 535 : 379 1643 2879 615 4143 3115
Route 536 : 1274 974 3774 3474
Route 537 : 748 153 635 3135 2653 3248 1834 4334
Route 538 : 1229 929 3729 2169 3429 4669
Route 539 : 1445 1564 3945 4064 2401 2331 4831 4901
Route 540 : 877 1352 3377 1430 3852 1009 3930 3509
Route 541 : 1271 926 3426 1146 3771 3646
Route 542 : 1421 1007 113 3507 700 3921 2613 3200
Route 543 : 2298 1226 1857 4798 199 4357 2699 3726
Route 544 : 444 1218 3718 1276 3776 436 2944 2936
Route 545 : 531 514 3031 2256 3014 4756
Route 546 : 1781 1937 2207 4437 4281 4707
Route 547 : 527 83 968 3027 2583 3468
Route 548 : 3 2503 140 613 2640 328 2828 3113
Route 549 : 1342 1157 1569 3842 3657 1674 4069 4174
Route 550 : 803 798 655 150 2650 3298 3155 3303
Route 551 : 256 2116 4616 2400 2756 1918 4900 4418
Route 552 : 1448 791 118 3291 2483 4983 3948 2618
Route 553 : 1479 1353 587 3853 3979 1762 4262 3087
Route 554 : 1190 1672 717 3690 2270 4172 3217 4770
Route 555 : 1956 4456 1984 1862 2040 4362 4540 4484
Route 556 : 1989 2078 1457 21 3957 2521 4489 4578
Route 557 : 475 259 2759 2975 2260 1992 4492 4760
Route 558 : 757 3257 963 1012 3463 302 2802 3512 1065 3565
Route 559 : 2267 2024 1261 3761 2352 4767 4524 4852
Route 560 : 415 365 1369 2865 2915 3869
Route 561 : 1895 4395 1952 2199 2303 4452 4803 4699
Route 562 : 1722 982 4222 84 3482 2584
Route 563 : 211 338 579 2838 2711 2237 4737 3079
Route 564 : 726 98 2598 1649 561 3226 4149 3061
Route 565 : 2404 4904 570 752 988 3070 3488 3252
Route 566 : 1101 325 933 2825 3601 3433
Route 567 : 134 164 688 1332 2664 2634 3188 3832
Route 568 : 851 627 1470 3127 3351 3970
Route 569 : 2162 1459 4662 1736 1107 3959 4236 3607
Route 570 : 560 170 3060 2670
Route 571 : 630 875 3130 186 3375 2686
Route 572 : 1514 204 1245 355 3745 4014 2855 2704
Route 573 : 2 779 3279 443 2502 1685 2943 4185
Route 574 : 306 290 408 2908 2790 2806
Route 575 : 1537 1422 1085 103 4037 3585 2603 3922
Route 576 : 1635 1566 4066 4135 1434 1299 3799 3934
Route 577 : 2045 2039 4545 1763 4263 4539 1179 1759 3679 4259
Route 578 : 2492 1785 2186 4992 884 4686 4285 3384
Route 579 : 691 1994 3191 1924 1916 4416 4494 4424
Route 580 : 931 1583 528 3431 3028 1775 4083 4275
Route 581 : 296 2796 989 1191 3489 1336 197 3691 2697 3836
Route 582 : 2192 893 4692 3393
Route 583 : 2053 1175 4553 3675 1256 176 3756 2676
Route 584 : 2283 297 2797 2431 4783 4931
Route 585 : 647 1858 3147 4358 1975 205 2705 4475
Route 586 : 848 1016 339 442 3516 2942 3348 2839
Route 587 : 636 1413 3913 2459 4959 3136
Route 588 : 2164 2027 4527 1875 4664 1708 4375 4208
Route 589 : 1620 4120 162 175 2662 1008 3508 2675
Route 590 : 719 633 2371 4871 3133 3219
Route 591 : 1383 406 3883 1842 2906 1806 4306 4342
Route 592 : 510 1542 454 2954 4042 782 3282 3010
Route 593 : 638 1260 3760 1613 4113 3138
Route 594 : 1851 1021 2264 4764 4351 3521
Route 595 : 1517 978 643 4017 1168 3143 3668 3478
Route 596 : 891 384 2884 127 3391 2394 2627 4894
Route 597 : 1137 73 3637 1803 4303 2573 1886 4386
Route 598 : 1036 2285 1079 3536 2272 4772 3579 4785
Route 599 : 249 2749 307 1473 2807 599 3973 3099
Route 600 : 684 1252 55 2555 3752 3184
Route 601 : 1622 465 2965 705 1835 4122 3205 4335
Route 602 : 110 10 2041 1311 3811 2610 4541 2510
Route 603 : 816 347 1378 3316 2847 3878
Route 604 : 2094 2246 4594 1784 4284 1335 4746 3835
Route 605 : 105 1570 2605 940 4070 1437 3440 3937
Route 606 : 1351 1811 2279 3851 4311 902 4779 3402
Route 607 : 576 104 3076 2604 619 546 3046 3119
Route 608 : 780 588 2157 3280 4657 3088
Route 609 : 727 2218 4718 3227 1906 1477 4406 3977
Route 610 : 2018 2205 4518 4705 2046 1691 4546 4191
Route 611 : 26 405 33 2526 2533 2905
Route 612 : 371 2871 958 88 2588 2336 1596 4836 3458 4096
Route 613 : 521 3021 1273 2251 3773 4751
Route 614 : 1215 484 1684 2984 1086 3715 4184 3586
Route 615 : 2442 1755 4942 4255 2489 2120 4989 4620
Route 616 : 1813 859 950 230 3450 4313 2730 3359
Route 617 : 1103 353 3603 1152 986 3652 2853 3486
Route 618 : 2471 2323 4823 2084 1482 4971 4584 3982
Route 619 : 366 2259 2206 2866 4759 4706
Route 620 : 907 623 617 2222 3117 3123 3407 4722
Route 621 : 2403 498 2998 897 4903 1180 3397 3680
Route 622 : 136 210 1497 2710 2636 3997 1619 4119
Route 623 : 1347 563 3063 474 3847 279 2974 2779
Route 624 : 2130 1095 614 149 3114 3595 4630 2649
Route 625 : 120 1066 1387 2620 3887 677 3566 3177
Route 626 : 1677 1341 4177 1019 3519 541 3041 3841
Route 627 : 871 241 3371 2741
Route 628 : 341 1113 2841 1499 2276 3613 3999 4776
Route 629 : 858 156 1242 3742 1281 3781 2656 3358
Route 630 : 1667 1213 382 2882 4167 3713
Route 631 : 2050 2070 4550 2005 4570 1899 4505 4399
Route 632 : 2096 1751 4596 1902 4251 2110 4402 4610
Route 633 : 2109 2087 4609 4587 2083 4583
Route 634 : 2433 1694 4933 1436 629 1246 4194 3936 3129 3746
Route 635 : 1948 1014 701 3514 4448 3201
Route 636 : 1192 1493 478 3993 3692 2978 2228 4728
Route 637 : 1283 345 446 3783 1205 3705 2946 2845
Route 638 : 122 71 664 3164 2622 2571
Route 639 : 2193 1869 2211 4693 1343 4711 4369 3843
Route 640 : 904 172 2672 373 947 3404 2873 3447
Route 641 : 1122 1051 3622 802 3551 943 3443 2487 3302 4987
Route 642 : 1064 264 592 3564 2265 2764 3092 4765
Route 643 : 1844 2093 4344 4593 1067 2361 4861 3567
Route 644 : 200 896 1108 3608 3396 2700 157 2657
Route 645 : 126 1389 2626 1027 1512 1475 3527 3889 3975 4012
Route 646 : 530 286 2786 1647 3030 65 2565 4147
Route 647 : 1634 669 3169 4134
Route 648 : 370 263 2763 887 2870 603 3103 1668 4168 3387
Route 649 : 1492 735 1198 3698 3235 913 3992 3413
Route 650 : 2154 491 2991 1841 4341 4654
Route 651 : 2129 2134 4634 1223 3723 4629
Route 652 : 1220 1544 1882 4044 3720 4382 2031 4531 2460 4960
Route 653 : 2172 2458 4672 2160 2379 4958 4660 4879
Route 654 : 649 1031 3531 611 3149 3111 333 1676 2833 4176
Route 655 : 1907 2145 2308 4808 4407 2320 4645 4820
Route 656 : 1832 4332 2373 2319 4873 4819
Route 657 : 622 3122 2254 1816 4316 2034 4754 4534
Route 658 : 1011 273 2773 3511 2102 1863 4602 4363
Route 659 : 390 476 704 1640 2976 2890 3204 4140
Route 660 : 2385 2086 4586 1525 2077 4885 4025 4577
Route 661 : 1991 4491 138 1210 3710 2638
Route 662 : 283 158 2783 2658 1657 1607 4107 4157
Route 663 : 147 1004 1340 3840 3504 2647
Route 664 : 1921 1850 2368 4350 1535 4421 4868 4035
Route 665 : 2332 2208 2189 4689 4708 4832
Route 666 : 1998 1965 4498 1732 1321 4232 4465 3821
Route 667 : 559 2185 471 3059 2971 4685
Route 668 : 2288 2012 4788 2148 4648 4512
Route 669 : 1799 2155 1890 4390 4655 4299
Route 670 : 1486 1306 3986 1821 3806 4321
Route 671 : 188 985 3485 2688
Route 672 : 1028 736 687 3187 1653 3528 3236 4153
Route 673 : 1302 14 3802 2514 2353 1690 4853 4190
Route 674 : 102 1080 3580 2602 2480 1794 4980 4294
Route 675 : 2203 1706 4703 1075 3575 4206
Route 676 : 61 1533 2561 4033 951 3451 485 2985 866 3366
Route 677 : 923 66 3423 960 3460 2566
Route 678 : 1195 473 1600 2973 3695 4100
Route 679 : 1333 994 3833 620 754 3494 3254 3120