Instance name : ber-n4000-2
Authors       : Dmitriy Demin, Mikhail Diakov (msd@veeroute.com), Ivan Ilin, Nikita Ivanov, Viacheslav Sokolov (vs@veeroute.com) et al. VRt Global (https://veeroute.com/)
Date          : 2023-04-24
Reference     : veeroute.com
Solution
Route 1 : 1115 1388 3115 3388 1373 293 3373 2293
Route 2 : 1741 1110 3110 3741 1857 502 2502 3857 208 2208
Route 3 : 815 1685 2815 3685 1522 1929 1013 3522 3929 3013 705 2705
Route 4 : 273 1159 3159 2273 1273 1464 3273 3464
Route 5 : 781 2781 1030 3030 1380 160 2160 1512 3380 3512 555 2555
Route 6 : 430 2430 1978 789 454 3978 2454 197 2197 720 2720 2789
Route 7 : 1648 568 2568 3648 414 489 2489 1896 2414 124 3896 2124
Route 8 : 1175 1587 1724 432 3175 3724 2432 3587 1528 3528
Route 9 : 438 2438 1767 1726 3767 509 3726 597 2509 2597
Route 10 : 230 1676 2230 3676 1877 553 3877 2553
Route 11 : 402 1606 2402 1947 3606 1994 474 3947 3994 2474
Route 12 : 976 1840 2976 375 2375 3840 1719 18 3719 2018
Route 13 : 1588 1293 3293 3588 387 863 2387 2863 617 882 2882 2617
Route 14 : 1436 1833 649 3833 3436 2649 245 1488 2245 3488 251 2251
Route 15 : 1061 1147 3061 1774 694 3147 3774 2694
Route 16 : 1854 995 613 3854 2995 103 2103 2613 1281 1124 3124 3281
Route 17 : 1496 1654 3654 3496 1981 3981 1948 1453 1820 3453 3948 3820
Route 18 : 1517 188 3517 2188 1068 440 3068 2440
Route 19 : 51 1049 984 189 2984 2051 938 2189 3049 2938
Route 20 : 892 1594 3594 2892 173 1021 3021 2173
Route 21 : 534 428 2534 2428 1478 950 119 3478 1131 2950 2119 3131
Route 22 : 158 2158 1346 329 3346 1039 2329 855 2855 3039
Route 23 : 372 2372 1743 1636 3743 3636 152 504 2504 2152 1010 3010
Route 24 : 284 583 2284 55 2583 2055 1927 690 2690 3927
Route 25 : 1775 90 3775 1255 1638 67 3638 3255 2090 2067
Route 26 : 901 503 1862 2901 2503 1905 3862 1335 3335 3905
Route 27 : 10 697 1435 2697 1602 1105 3105 3435 3602 2010
Route 28 : 283 2283 1663 576 3663 2576 325 1995 2325 244 3995 2244
Route 29 : 1421 3421 1423 1713 3423 1326 3713 446 2446 3326
Route 30 : 1186 1925 1690 3690 3186 3925 1559 3559
Route 31 : 1415 457 3415 1202 2457 65 3202 194 2065 281 2194 2281
Route 32 : 745 2745 117 302 76 2117 2302 2076 1570 62 3570 2062
Route 33 : 200 904 403 2200 2904 663 2663 521 2403 2521
Route 34 : 127 1874 159 2127 2159 166 3874 1608 3608 2166
Route 35 : 411 1116 3116 2411 1053 676 1155 3155 3053 2676
Route 36 : 1370 1955 1808 3370 3955 1104 3808 3104
Route 37 : 652 1556 2652 1342 3556 3342 1002 643 3002 2643
Route 38 : 1501 498 513 2513 3501 631 363 2498 2631 2363 1012 3012
Route 39 : 913 545 2545 2913 1796 1111 3796 3111 1121 3121
Route 40 : 376 1461 2376 3461 1725 1958 3725 3958 944 2944
Route 41 : 932 1544 3544 2932 623 671 2623 2671
Route 42 : 1623 733 2733 3623 1967 1813 3813 1518 3967 3518
Route 43 : 1313 1966 85 3313 89 3966 2089 1545 2085 3545
Route 44 : 584 130 2584 169 2130 1302 2169 3302 851 2851
Route 45 : 1225 578 2578 1446 3446 100 929 2100 2929 3225
Route 46 : 1498 1101 3498 1553 3553 3101 390 1130 3130 2390
Route 47 : 1069 506 2506 3069 1114 787 1405 3114 2787 3405
Route 48 : 1444 3444 1779 183 3779 2183 636 2636
Route 49 : 953 1751 620 3751 2620 1878 2953 683 3878 1576 2683 3576
Route 50 : 1910 3910 526 1424 2526 1060 3060 3424
Route 51 : 368 1417 2368 441 2441 3417 364 709 2709 2364
Route 52 : 829 2829 1092 3092 320 1658 2320 747 2747 3658
Route 53 : 1353 467 1748 3353 1806 2467 3748 3806 214 2214
Route 54 : 470 758 2758 2470 304 1969 3969 2304
Route 55 : 898 2898 50 2050 1567 336 1438 3567 2336 3438
Route 56 : 1892 1830 3892 933 2933 3830 120 1268 1277 2120 3277 3268
Route 57 : 930 996 1407 2996 2930 3407 355 510 2510 2355
Route 58 : 959 1322 2959 3322 1290 162 1466 3290 3466 2162
Route 59 : 618 478 873 1815 2618 2478 2873 3815 947 2947
Route 60 : 1798 1600 3798 3600 39 27 2039 2027
Route 61 : 1916 966 921 1161 3916 2966 2921 327 3161 2327
Route 62 : 1960 3960 1980 177 2177 3980 54 2054 646 964 2964 2646
Route 63 : 1734 838 1357 3734 2838 352 3357 116 2352 2116
Route 64 : 1519 556 1004 3519 2556 3004 870 182 2182 821 2870 2821
Route 65 : 1209 1434 1634 1889 3434 297 1984 3634 2297 3984 3889 3209
Route 66 : 1418 1389 1783 3389 3418 3783 8 1777 2008 3777
Route 67 : 318 2318 1238 3238 497 731 2497 1992 2731 1835 3992 3835
Route 68 : 1327 3327 775 1483 2775 3483 1632 126 2126 3632
Route 69 : 1169 3169 865 223 2223 1359 2865 1700 3700 3359
Route 70 : 94 1235 2094 373 2373 3235 312 370 2370 2312
Route 71 : 1289 514 3289 1742 275 3742 2514 1294 2275 3294
Route 72 : 1284 1347 417 3284 1800 2417 3800 602 2602 3347
Route 73 : 142 97 2097 1720 2142 340 3720 257 2257 2340
Route 74 : 1282 1243 1305 3282 1377 3243 3305 378 3377 2378 357 2357
Route 75 : 19 1612 1139 3139 219 3612 2219 2019
Route 76 : 533 1154 942 2533 3154 2942 1441 1546 3546 3441
Route 77 : 879 1750 2879 3750 1176 1792 537 3176 3792 2537 1846 3846
Route 78 : 842 616 2616 1144 2842 1819 3144 473 3819 2473
Route 79 : 1067 1772 3067 1865 852 3772 2852 3865 1704 3704
Route 80 : 927 2927 834 1195 3195 1740 2834 136 3740 1759 3759 2136
Route 81 : 1008 811 2811 1870 3008 361 328 3870 2328 2361
Route 82 : 1763 3763 1375 724 1915 3915 3375 1485 3485 928 2724 2928
Route 83 : 540 1222 956 751 3222 2956 574 2751 2574 2540
Route 84 : 1341 3341 559 2559 1617 198 3617 735 2198 2735
Route 85 : 1703 577 31 3703 2577 2031 987 1938 2987 894 3938 2894
Route 86 : 713 1266 530 2713 34 2530 945 2945 2034 141 2141 3266
Route 87 : 413 1832 716 2716 2413 3832 1893 167 3893 2167
Route 88 : 335 1246 2335 1793 3793 3246 228 1618 2228 3618
Route 89 : 1354 1712 3354 1918 575 3712 2575 3918 877 2877
Route 90 : 992 226 2226 2992 1135 1108 3135 480 3108 1179 3179 2480
Route 91 : 1739 1140 47 3739 342 3140 2047 2342 1629 3629
Route 92 : 633 1044 2633 3044 1291 211 2211 3291
Route 93 : 468 1125 1208 3125 3208 420 782 2468 2420 2782
Route 94 : 711 204 2711 1845 3845 2204 717 687 2717 2687
Route 95 : 1985 1539 3985 771 2771 3539 1047 1229 3229 3047
Route 96 : 1160 1647 3647 710 3160 309 2710 1803 2309 3803
Route 97 : 1626 3626 1182 306 1345 3345 3182 2306
Route 98 : 700 523 1406 2523 2700 1914 1080 3914 3406 3080 1885 3885
Route 99 : 1372 660 3372 2660 105 2105 1171 3171
Route 100 : 1542 1894 3542 1729 3894 1460 3729 3460 505 2505
Route 101 : 1590 3590 1744 1325 109 3744 2109 3325
Route 102 : 522 2522 313 1957 2313 3957
Route 103 : 445 113 2445 664 2113 2664 1323 305 2305 3323
Route 104 : 271 605 2605 2271 820 903 1991 2903 2820 3991
Route 105 : 662 2662 1173 1207 3207 1408 3173 3408
Route 106 : 539 1374 3374 1616 2539 3616 1075 1695 607 3075 2607 3695
Route 107 : 1106 1844 3844 1318 3106 790 3318 880 2790 2880
Route 108 : 1645 1652 1419 3652 3645 3419 1788 1187 3788 3187
Route 109 : 586 453 2453 37 2586 88 2037 2088
Route 110 : 1631 1699 1469 3469 3631 3699 862 2862
Route 111 : 1781 24 1126 3126 1128 2024 1492 3128 3492 3781
Route 112 : 876 350 2876 1705 2350 1717 3717 1184 3184 3705
Route 113 : 774 515 2515 1983 2774 3983 98 2098 571 721 2721 2571
Route 114 : 42 2042 1827 294 3827 1329 269 2269 2294 3329
Route 115 : 1133 1571 3571 72 3133 2072 542 896 2542 2896 1024 3024
Route 116 : 606 491 377 2491 2606 538 2377 872 939 2872 2538 2939
Route 117 : 1669 1231 3231 3669 1872 1746 3872 1087 1198 3746 3087 3198
Route 118 : 395 1132 314 3132 2395 2314 128 1365 3365 2128
Route 119 : 949 20 2949 1193 2020 3193 779 1210 30 2779 2030 3210
Route 120 : 149 101 2101 2149 488 1794 2488 1474 3794 858 3474 2858
Route 121 : 1015 3015 1679 1212 3679 138 3212 2138
Route 122 : 1555 3555 1737 1470 490 2490 3737 3470 785 2785
Route 123 : 58 1112 2058 3112 977 1668 3668 2977 303 295 2295 2303
Route 124 : 344 849 2344 195 1956 2849 2195 3956
Route 125 : 986 1943 3943 2986 1727 1432 3432 3727 278 2278
Route 126 : 1328 1034 23 3328 3034 2023 424 1299 3299 2424
Route 127 : 673 1362 392 3362 2673 706 2392 80 2080 2706
Route 128 : 1692 648 2648 3692 1476 423 2423 3476
Route 129 : 239 1852 1696 3852 1516 3696 1038 2239 3516 3038
Route 130 : 1095 3095 1547 1881 3881 3547 1145 832 2832 3145
Route 131 : 1378 1491 3491 3378 1760 83 3760 2083 427 2427
Route 132 : 937 1117 2937 3117 1525 1609 3609 3525 143 2143
Route 133 : 1286 1077 3286 3077 1385 1493 3385 471 3493 2471 679 2679
Route 134 : 1715 784 2784 331 3715 1752 2331 3752
Route 135 : 174 1455 3455 2174 1227 1818 3227 3818 486 400 2400 2486
Route 136 : 886 1426 2886 3426 604 1619 1884 3619 3884 2604
Route 137 : 788 804 2788 2804 379 79 262 2379 2262 2079
Route 138 : 979 800 2979 1285 3285 2800 1997 1356 3356 3997
Route 139 : 1330 1254 1134 3330 3254 3134 1507 1607 3507 3607
Route 140 : 1560 1456 1437 900 3437 3456 2900 1142 3142 2 2002 3560
Route 141 : 1085 1451 3451 3085 658 589 2658 1249 3249 2589
Route 142 : 803 1463 341 3463 2803 1757 1920 3757 2341 3920
Route 143 : 1848 3848 1317 3317 1906 1035 270 3906 3035 624 2624 2270
Route 144 : 1584 1550 3584 1890 1898 3550 114 3890 3898 2114
Route 145 : 1350 324 699 3350 469 2324 1381 2699 2469 3381
Route 146 : 1384 1722 3722 3384 1643 1586 3643 3586
Route 147 : 1568 1097 3568 3097 115 569 2115 455 2569 386 2455 2386
Route 148 : 418 479 2418 1839 3839 218 2218 2479 1592 193 3592 2193
Route 149 : 1274 564 2564 222 3274 1871 1849 2222 3871 3849
Route 150 : 1458 1223 3223 1761 3458 3761 401 2401
Route 151 : 108 1477 2108 3477 1102 1141 3141 3102
Route 152 : 1016 129 760 3016 2760 1666 3666 1174 2129 3174
Route 153 : 1410 1536 3536 3410 1224 1189 1834 3189 3224 3834
Route 154 : 1167 1902 3167 3902 1400 1440 1271 3440 3400 3271
Route 155 : 253 1241 3241 407 2253 666 2407 347 2666 2347
Route 156 : 384 2384 1939 291 1611 2291 3939 688 3611 2688
Route 157 : 1785 573 3785 955 2955 2573 839 2839
Route 158 : 1681 458 517 3681 2458 1581 2517 654 3581 2654
Route 159 : 1817 975 2975 1990 3817 1027 931 3990 2931 3027 112 2112
Route 160 : 133 997 1113 1660 2133 3660 1404 2997 3404 3113
Route 161 : 1257 1604 3604 1170 3257 767 3170 2767
Route 162 : 841 2841 1094 29 628 1479 2029 2628 3094 3479
Route 163 : 777 86 298 2777 2298 184 2086 92 2184 1127 2092 3127
Route 164 : 965 795 496 2965 447 2795 2496 2447 1731 3731 246 2246
Route 165 : 899 164 63 722 2164 2063 330 2722 1048 2330 2899 3048
Route 166 : 1352 461 773 3352 1791 2461 2773 3791
Route 167 : 382 1058 2382 3058 1090 1120 3090 3120
Route 168 : 536 421 2421 1499 2536 3499 981 1502 3502 2981
Route 169 : 371 2371 45 1244 1625 746 2045 3244 3625 2746
Route 170 : 1639 1261 3639 3261 905 460 2905 1633 2460 3633
Route 171 : 1014 123 43 2123 1220 2043 3014 3220 1551 866 2866 3551
Route 172 : 1180 263 2263 3180 1221 524 3221 151 2524 2151 1287 3287
Route 173 : 1320 669 1961 3320 3961 2669 1615 528 2528 823 3615 2823
Route 174 : 963 1923 207 2963 3923 1982 2207 3982
Route 175 : 383 6 527 2006 2383 2527 26 248 558 2026 2248 2558
Route 176 : 252 93 61 2252 2061 2093 1653 625 3653 2625
Route 177 : 1429 132 3429 1230 2132 3230 201 1482 3482 2201
Route 178 : 1360 1333 3360 3333 1042 1064 3042 3064 1580 3580
Route 179 : 431 1339 1776 2431 1367 1733 3776 3367 3339 3733
Route 180 : 1968 334 2334 1089 857 3968 2857 961 2961 3089 1487 3487
Route 181 : 1908 1191 3908 1513 3191 1137 860 3513 2860 3137
Route 182 : 551 406 2551 1018 3018 2406 791 1007 3007 2791
Route 183 : 1056 813 2813 1683 1508 3056 768 3683 2768 3508
Route 184 : 1480 1043 3043 3480 1541 1934 3934 3541 1569 287 2287 3569
Route 185 : 916 1206 3206 2916 587 818 627 2627 2818 268 2268 2587
Route 186 : 843 708 2843 2708 1033 48 2048 3033 1627 311 2311 3627
Route 187 : 1481 3481 1537 1213 3213 3537 1301 1449 3301 3449
Route 188 : 1391 1332 695 2695 3391 1297 1601 3297 3601 3332
Route 189 : 567 2567 1395 554 3395 2554 1543 3543 1001 3001
Route 190 : 323 1029 3029 2323 1843 1190 3843 798 3190 2798
Route 191 : 165 1216 2165 541 485 233 2485 2541 2233 3216
Route 192 : 1082 1928 3928 3082 1228 958 3228 1321 2958 3321
Route 193 : 434 712 1153 2712 1100 74 2434 3100 3153 2074
Route 194 : 416 2416 1390 776 2776 3390 1931 1851 15 3851 3931 2015
Route 195 : 436 675 2436 2675 1468 462 2462 3468 566 822 2822 2566
Route 196 : 562 232 2232 2562 1336 692 1656 2692 3336 3656
Route 197 : 1337 1398 1937 3937 3398 202 3337 1891 3891 2202
Route 198 : 1397 1118 3397 3118 1472 70 2070 3472 1260 3260
Route 199 : 1755 833 908 3755 2908 2833 1215 874 1188 3215 2874 3188
Route 200 : 1596 3596 723 1859 499 3859 2499 2723
Route 201 : 1459 60 1945 2060 1573 3573 3945 3459
Route 202 : 656 2656 1358 508 385 3358 2508 346 2385 2346
Route 203 : 507 2507 1814 1786 715 3814 786 2715 3786 2786
Route 204 : 778 1831 2778 487 290 3831 2290 2487
Route 205 : 1217 3217 1855 1245 3245 1628 3855 1642 3628 1680 3680 3642
Route 206 : 827 1355 2827 719 3355 2719 1888 3888
Route 207 : 3 1603 1292 2003 1431 3603 1655 3292 3431 3655
Route 208 : 437 1046 1199 3046 797 2437 3199 2797
Route 209 : 769 809 444 2809 2769 77 2444 2077
Route 210 : 1062 1531 1583 3531 3583 3062 1383 511 1946 2511 3383 3946
Route 211 : 1028 409 2409 1963 3963 95 481 2095 3028 2481
Route 212 : 84 1566 3566 2084 353 276 2353 1009 3009 2276
Route 213 : 1697 125 3697 2125 140 237 2237 265 2140 2265
Route 214 : 1509 3509 465 1637 1598 3637 1930 3598 2465 3930 595 2595
Route 215 : 1259 1005 970 3005 3259 2970 971 1272 2971 272 3272 2272
Route 216 : 1599 756 3599 565 2756 1403 2565 3403 867 1962 2867 3962
Route 217 : 978 33 639 2033 2978 17 2639 2017
Route 218 : 1371 1070 3371 3070 2000 707 4000 2707 825 2825
Route 219 : 326 443 2326 2443 890 1574 2890 3574
Route 220 : 435 317 2435 1899 603 3899 1312 2317 848 2603 3312 2848
Route 221 : 1922 1842 3922 1782 3842 982 3782 2982
Route 222 : 678 909 2909 635 2678 1467 2635 3467 653 2653
Route 223 : 907 1433 1841 2907 3433 3841 1664 3664 266 1401 3401 2266
Route 224 : 1728 1900 1172 3900 3728 893 3172 2893
Route 225 : 826 1671 572 2826 1252 2572 3671 3252 450 2450
Route 226 : 1521 3521 220 229 2220 645 2229 2645 1790 3790
Route 227 : 1821 691 1672 3821 1308 2691 3672 3308
Route 228 : 1998 1457 1823 3823 3457 1812 3812 1003 3003 3998
Route 229 : 365 2365 425 1897 912 2912 2425 3897 1753 3753 1799 3799
Route 230 : 1307 701 343 3307 2343 2701 1073 1200 3073 3200 1822 3822
Route 231 : 1471 289 2289 1801 1591 3471 3801 3591 1310 3310
Route 232 : 600 11 2011 2600 1901 256 2256 3901
Route 233 : 71 2071 1079 3079 216 740 1952 2216 2740 3952
Route 234 : 999 1020 531 2999 935 3020 922 2922 2935 2531
Route 235 : 53 1369 2053 3369 1051 1578 3051 3578 923 1585 2923 3585
Route 236 : 1376 264 2264 3376 36 2036 1096 816 3096 2816
Route 237 : 1396 1045 3396 1886 3045 493 2493 3886
Route 238 : 1993 1443 3993 56 3443 1736 3736 2056
Route 239 : 1351 983 2983 3351 1122 442 2442 3122
Route 240 : 988 614 2988 1197 1589 2614 3197 3589
Route 241 : 501 2501 196 1146 588 2196 2588 3146
Route 242 : 261 2261 1768 210 3768 1 2210 2001
Route 243 : 750 837 2750 2837 1025 580 1996 2580 3025 3996
Route 244 : 1315 1253 1428 3315 3253 3428 12 2012
Route 245 : 231 426 2231 2426 1497 1595 439 3497 3595 2439
Route 246 : 881 681 2881 2681 316 322 135 2135 2316 2322
Route 247 : 1226 702 2702 535 3226 1065 3065 483 2535 2483
Route 248 : 1331 3331 1837 1387 3837 236 2236 3387
Route 249 : 1309 590 102 3309 2590 241 1152 2241 482 3152 2102 2482
Route 250 : 1552 563 3552 734 2563 1037 3037 2734
Route 251 : 147 1944 250 2250 1093 2147 3093 1448 1709 3944 3448 3709
Route 252 : 1557 919 3557 1762 2919 766 3762 2766
Route 253 : 854 2854 1392 728 3392 46 2728 1964 2046 3964
Route 254 : 339 1949 2339 3949 215 1784 2215 1119 3119 3784 744 2744
Route 255 : 1218 730 2730 3218 1219 828 3219 2828
Route 256 : 1324 1256 3324 1687 345 3256 2345 3687
Route 257 : 1041 176 3041 2176 693 772 2772 2693
Route 258 : 280 2280 82 548 2082 725 2548 415 1076 2725 3076 2415
Route 259 : 615 1924 3924 2615 1972 217 2217 3972
Route 260 : 1402 3402 1863 3863 1836 1258 3258 3836 1276 897 3276 2897
Route 261 : 28 516 739 2028 2739 1366 3366 634 2516 2634 1689 3689
Route 262 : 599 2599 846 1386 2846 1582 40 3386 2040 3582
Route 263 : 1738 819 1011 3738 2819 3011 1665 153 3665 2153 484 2484
Route 264 : 1363 1088 3088 3363 1564 3564 1314 3314
Route 265 : 592 155 2592 2155 1181 1674 1203 3674 3181 3203
Route 266 : 243 399 2243 609 2399 2609 1288 1527 3527 3288
Route 267 : 1974 1017 111 3974 3017 2111 285 2285 610 2610
Route 268 : 1797 3797 794 783 1503 2794 2783 380 3503 2380
Route 269 : 1361 1040 3361 238 651 2238 362 2651 348 2362 2348 3040
Route 270 : 998 960 593 2998 1882 2593 3882 757 2757 2960
Route 271 : 626 836 1548 2626 3548 830 2836 2830
Route 272 : 1932 793 2793 3932 227 2227 642 161 2642 2161
Route 273 : 667 87 2087 2667 980 1659 2980 3659 561 1529 2561 3529
Route 274 : 1662 3662 1950 1530 637 3530 3950 2637 1425 308 3425 2308
Route 275 : 472 13 1099 2472 2013 902 3099 321 2902 2321
Route 276 : 1735 3735 650 1422 2650 139 2139 3422 765 2765
Route 277 : 185 1416 3416 1780 2185 1721 3721 3780 704 2704
Route 278 : 1670 1754 3670 3754 1054 1091 3054 884 2884 3091
Route 279 : 1876 612 2612 3876 1506 405 906 2405 3506 2906
Route 280 : 1052 14 1157 3052 2014 1769 3157 267 3769 2267
Route 281 : 209 994 2209 641 2994 2641 75 2075
Route 282 : 1919 729 3919 1979 3979 2729 807 282 2282 2807
Route 283 : 1275 3275 22 743 2743 369 2022 689 2369 2689
Route 284 : 529 2529 859 1393 2859 1081 3081 3393 235 889 2889 2235
Route 285 : 911 657 2911 2657 1250 3250 598 1514 2598 3514 1635 3635
Route 286 : 240 191 748 2240 2191 2748 1334 985 2985 3334
Route 287 : 1248 1675 3248 962 1194 2962 3194 1074 1262 3262 3074 3675
Route 288 : 1710 144 1447 2144 3710 3447 25 1164 2025 3164
Route 289 : 366 582 2582 2366 1649 1847 1129 3129 3649 3847
Route 290 : 686 1524 156 2686 3524 1103 2156 3103 175 2175 1965 3965
Route 291 : 991 1237 1921 2991 1295 3921 3295 7 2007 3237
Route 292 : 1196 796 993 2796 258 3196 2258 622 2993 1630 2622 3630
Route 293 : 850 670 2670 1829 2850 3829 1450 1162 3450 3162
Route 294 : 1185 967 500 2500 3185 2967 449 1575 2449 3575
Route 295 : 1036 883 1340 2883 3036 1344 3340 3344
Route 296 : 875 1951 1766 2875 3951 972 3766 2972
Route 297 : 57 1940 3940 1138 2057 4 2004 3138
Route 298 : 1756 1233 925 3756 3233 21 2925 799 2021 2799 1269 3269
Route 299 : 621 1605 2621 1875 3605 3875 1086 3086
Route 300 : 1158 1554 3554 3158 1026 1454 3454 3026
Route 301 : 1394 59 3394 759 2059 1368 3368 2759
Route 302 : 279 78 2279 1264 1338 2078 3264 3338
Route 303 : 1279 1935 3279 3935 1150 1265 99 3150 3265 2099
Route 304 : 1520 3520 1773 1702 1242 3773 3242 3702
Route 305 : 810 1399 1970 3399 2810 3970 1379 1883 3379 696 2696 3883
Route 306 : 1247 1771 3771 3247 1057 512 3057 2512
Route 307 : 242 659 203 2659 2242 2203 1926 351 2351 3926
Route 308 : 1071 1343 3343 3071 354 2354 1917 1895 3895 3917
Route 309 : 665 661 2661 1869 2665 3869 1987 3987
Route 310 : 640 1621 1988 2640 3621 466 3988 259 2466 1298 2259 3298
Route 311 : 895 926 1177 148 2148 2926 2895 1613 3613 41 2041 3177
Route 312 : 224 1411 814 2224 3411 2814 1494 655 2655 3494
Route 313 : 845 2845 1063 1810 3063 3810 1787 247 3787 596 2247 2596
Route 314 : 943 1732 394 3732 2394 1691 2943 1211 3691 3211
Route 315 : 672 1572 3572 1078 2672 887 1971 3078 2887 3971
Route 316 : 1267 146 2146 3267 1107 914 2914 3107 682 1650 3650 2682
Route 317 : 619 396 2619 359 2396 2359 221 2221
Route 318 : 552 1316 1706 3316 2552 3706
Route 319 : 1412 3412 1484 410 1486 2410 3484 296 3486 2296
Route 320 : 1283 206 3283 2206 885 2885 718 1006 2718 3006
Route 321 : 549 2549 49 2049 178 1526 3526 2178 225 824 2824 2225
Route 322 : 180 601 591 2591 2180 2601 871 2871
Route 323 : 1251 1019 3019 3251 1853 1072 3853 761 3072 2761
Route 324 : 408 2408 1657 831 2831 3657 1828 1913 3913 3828
Route 325 : 1214 3214 9 2009 817 1364 2817 3364
Route 326 : 1976 1348 3976 52 3348 2052 1414 727 3414 2727
Route 327 : 1511 3511 1802 3802 1624 1166 3624 3166
Route 328 : 1873 3873 714 749 2714 1163 2749 525 3163 638 2638 2525
Route 329 : 1500 1959 3500 476 2476 3959 1850 3850 448 1505 3505 2448
Route 330 : 137 1858 2137 3858 1420 1765 3420 3765
Route 331 : 464 1050 2464 3050 1620 1880 1646 3646 3620 3880
Route 332 : 726 422 2726 2422 629 1263 2629 3263
Route 333 : 187 292 1593 2187 91 2292 3593 1688 2091 3688
Route 334 : 255 1475 3475 2255 990 918 2918 2990 1866 3866
Route 335 : 107 1730 3730 349 2107 2349 1975 1861 3975 3861
Route 336 : 1758 315 2315 3758 1236 81 1610 3610 3236 2081
Route 337 : 388 674 2388 1151 2674 532 632 3151 2632 2532
Route 338 : 1677 249 3677 2249 1232 393 3232 742 2393 2742
Route 339 : 869 494 2869 647 2494 910 2910 2647
Route 340 : 1413 1490 3490 3413 64 968 1809 2064 2968 3809
Route 341 : 1430 3430 1682 1907 181 3907 2181 3682
Route 342 : 677 560 2560 2677 1954 1986 3954 1183 3986 3183
Route 343 : 594 1538 3538 35 2035 38 1811 1805 3805 2038 3811 2594
Route 344 : 1143 1234 3234 754 3143 1723 3723 2754 946 2946
Route 345 : 763 1614 319 3614 2763 234 2319 2234
Route 346 : 936 1879 2936 307 3879 96 2307 2096
Route 347 : 1059 1942 1558 3059 3942 3558 801 611 2801 2611 741 2741
Route 348 : 1304 212 3304 802 2212 2802 463 1427 3427 2463
Route 349 : 1711 1083 3711 190 1240 2190 738 3240 2738 3083
Route 350 : 917 134 2134 1838 2917 868 1319 3838 2868 3319
Route 351 : 1409 32 2032 1824 3409 3824 374 288 2288 2374
Route 352 : 459 2459 277 2277 1749 419 812 3749 2812 2419
Route 353 : 397 644 2397 2644 1270 1789 3270 3789 1123 3123
Route 354 : 301 2301 1778 732 1825 3825 3778 2732
Route 355 : 1515 381 1714 2381 3515 3714 853 1904 2853 3904
Route 356 : 1311 5 2005 3311 1868 1577 3577 1300 3868 3300
Route 357 : 1239 864 2864 3239 1708 192 2192 3708
Route 358 : 44 954 2044 1701 199 2954 3701 2199 1941 492 3941 2492
Route 359 : 856 332 2856 1465 2332 333 2333 495 2495 3465
Route 360 : 1667 274 1533 3533 2274 1716 3667 3716 1032 300 3032 2300
Route 361 : 1641 3641 475 685 2685 150 2475 2150
Route 362 : 630 205 2630 2205 1864 1205 3864 703 3205 2703
Route 363 : 1693 948 3693 1694 2948 891 2891 3694 131 286 2131 2286
Route 364 : 546 1504 2546 3504 940 1999 3999 2940 1098 1439 3439 3098
Route 365 : 1816 3816 356 179 2356 2179 122 753 2753 2122
Route 366 : 451 969 260 2969 2451 2260 121 1826 2121 3826
Route 367 : 737 104 2737 1770 2104 1909 3909 3770 1148 3148 752 2752
Route 368 : 404 1495 3495 433 2404 73 1912 2433 3912 2073
Route 369 : 1860 1718 110 2110 3718 1684 1084 3684 3084 3860
Route 370 : 310 1523 2310 3523 68 1977 3977 2068
Route 371 : 1535 1764 1031 3764 3535 3031 973 1622 2973 3622
Route 372 : 1579 3579 429 520 844 1280 2429 2520 2844 3280
Route 373 : 951 213 2951 2213 1462 989 835 2989 3462 1856 2835 3856
Route 374 : 608 1953 570 2608 1745 3745 2570 3953
Route 375 : 1136 1303 1445 3303 557 3445 1165 2557 3165 3136
Route 376 : 456 1911 2456 755 3911 1442 3442 2755
Route 377 : 1278 172 547 3278 2172 2547 1201 3201
Route 378 : 389 1549 2389 1933 543 3549 3933 2543
Route 379 : 1887 3887 698 2698 1936 3936 16 1807 2016 3807
Route 380 : 360 2360 579 2579 736 1000 3000 106 2736 2106
Route 381 : 254 1022 680 2254 2680 3022
Route 382 : 1382 1989 3382 581 168 3989 2168 2581 1192 3192
Route 383 : 398 764 2764 1534 2398 3534 1673 391 2391 3673
Route 384 : 861 118 1597 957 1563 3597 2861 2957 3563 2118
Route 385 : 1561 1532 3561 780 2780 3532 550 2550
Route 386 : 808 1707 3707 1055 2808 3055 1661 163 2163 3661
Route 387 : 684 1804 1686 3686 337 3804 2337 1473 2684 3473 66 2066
Route 388 : 157 170 2157 2170 1651 1565 3565 3651
Route 389 : 1178 171 2171 69 3178 186 915 2186 941 2915 2069 2941
Route 390 : 934 878 2934 2878 1698 952 1023 2952 3023 3698
Route 391 : 770 840 2770 367 2840 2367 1296 668 2668 3296 1349 3349
Route 392 : 544 974 2544 2974 1306 1452 3306 3452
Route 393 : 1066 1795 1747 1903 3903 3747 299 3066 805 3795 2299 2805
Route 394 : 1640 3640 1867 762 2762 3867 338 1510 3510 2338
Route 395 : 1644 924 2924 3644 452 1678 888 3678 2452 2888
Route 396 : 1540 1168 3168 3540 1109 1149 3109 154 2154 3149 477 2477
Route 397 : 847 518 2847 412 2518 2412 145 1562 3562 2145
Route 398 : 1204 920 3204 519 2920 2519 1156 358 3156 2358
Route 399 : 1489 806 585 2806 3489 792 2585 2792 1973 3973