Instance name : ber-n5000-5
Authors : Simen T. Vadseth, Henrik Andersson, Jean-Francois Cordeau and Magnus Stålhane
Date : 24.06.2023
Reference : TBA
Solution
Route	1 :  964 607 3107 3464 1850 1144 2338 4350 3644 4838
Route	2 :  1142 2032 4532 3642 2443 833 2234 4943 3333 4734
Route	3 :  2333 1648 1130 4833 4148 3630 564 1902 1685 3064 4402 4185
Route	4 :  2154 1040 4654 3540 1910 4410 2369 4869 152 321 2821 2652
Route	5 :  2199 1651 180 4699 4151 2374 4874 1290 2680 3790
Route	6 :  2079 472 855 4579 2075 3355 2972 1644 4575 2043 4543 4144
Route	7 :  686 2016 4516 3186 609 2002 3109 2073 4573 4502
Route	8 :  1576 646 4076 3146 635 2326 986 4826 3135 3486
Route	9 :  1465 1286 244 3786 3965 1879 2744 1355 4379 3855
Route	10 :  1472 2153 2054 3972 4554 4653 1211 130 2630 3711
Route	11 :  1232 1794 4294 3732 991 59 3491 2559 650 1441 3150 3941
Route	12 :  394 2894 1426 3926 1391 1120 3620 2209 3891 500 4709 3000
Route	13 :  1668 57 1694 2557 4194 1723 251 4223 2751 548 4168 3048
Route	14 :  2400 1790 4900 4290 275 2472 4972 2775 731 3231
Route	15 :  2291 70 63 2570 2563 368 506 2868 3006 4791
Route	16 :  1406 1645 4145 3906 135 1953 2635 2202 4453 4702
Route	17 :  1227 3727 1268 1146 962 3768 3646 3462
Route	18 :  1949 1940 879 3379 4440 4449 2343 768 4843 3268
Route	19 :  1356 56 2556 3856 206 2162 2179 4679 2706 4662
Route	20 :  680 1394 3180 2119 3894 1595 4619 820 4095 3320
Route	21 :  419 1523 2919 850 4023 3350 2382 4882 286 2786 2247 4747
Route	22 :  2482 482 271 4982 2982 2771 1042 185 1610 4110 3542 2685
Route	23 :  2463 4963 1650 83 4150 1715 2583 4215 1597 4097
Route	24 :  1293 1123 3623 3793 2376 1799 4876 1858 4358 4299 1630 4130
Route	25 :  332 1938 4438 2832 151 298 2651 1678 4178 2798
Route	26 :  1776 2411 1113 3613 4911 2395 4276 267 4895 2767
Route	27 :  1789 2473 2298 4289 4973 4798 322 1315 2822 3815
Route	28 :  1367 3867 320 1867 4367 2388 2820 1198 4888 2181 3698 4681
Route	29 :  1187 3687 2112 1388 4612 2094 3888 1478 4594 3978
Route	30 :  2004 859 3359 1509 4504 2069 4569 4009 712 3212
Route	31 :  1572 535 551 4072 3051 3035 79 1033 3533 2579
Route	32 :  1606 1262 4106 61 3762 2190 4690 1101 2561 3601
Route	33 :  1519 878 799 3378 2185 4019 3299 4685 1725 4225
Route	34 :  2149 4649 2328 4828 2275 2218 4775 4718 1420 481 2981 3920
Route	35 :  1726 2327 313 4226 4827 2813 1977 1497 3997 4477
Route	36 :  1319 747 1278 3247 3819 849 3778 1643 4143 3349
Route	37 :  2224 942 4724 581 3442 266 3081 1766 2766 4266
Route	38 :  1903 1151 308 4403 1368 3651 3868 2808 1634 4134
Route	39 :  1230 1244 3744 2138 788 3730 4638 3288 1014 3514
Route	40 :  542 1017 3517 3042 1994 809 4494 3309 2318 2425 4818 4925
Route	41 :  2266 1933 4766 1871 4433 4371 1683 714 4183 3214
Route	42 :  921 839 3421 3339 2261 792 390 4761 2890 3292 916 3416
Route	43 :  2126 4626 255 1758 2755 4258 1820 1877 4320 1019 4377 3519
Route	44 :  323 1912 4412 2823 670 1639 3170 1461 4139 1193 3961 3693
Route	45 :  907 2383 3407 1393 4883 3893 1114 1743 3614 4243
Route	46 :  2063 2394 4563 4894 2426 598 4926 3098 1614 4114
Route	47 :  909 101 3409 2359 2601 1072 4859 746 3246 3572
Route	48 :  290 1243 715 3743 2790 3215 246 743 2746 3243
Route	49 :  2048 2125 4548 4625 2182 723 4682 241 3223 2741
Route	50 :  1578 999 105 4078 3499 1608 4108 2605 1165 471 2971 3665
Route	51 :  1557 2117 1861 4057 1095 4617 4361 3595 914 3414
Route	52 :  497 1117 3617 2997 1301 1564 2236 3801 4064 4736
Route	53 :  1605 155 2655 4105 2055 2196 4555 1927 4696 4427
Route	54 :  565 1757 3065 1887 4257 944 1563 3444 4063 4387
Route	55 :  1057 3557 1112 1808 3612 2262 4308 2286 4762 2133 4786 4633
Route	56 :  1988 825 4488 1284 2217 3784 503 4717 3325 3003
Route	57 :  2192 4692 810 961 1859 3461 328 4359 3310 1480 2828 3980
Route	58 :  411 1190 3690 1124 2911 2339 3624 4839 544 3044
Route	59 :  1714 910 4214 3410 1830 4330 946 911 3446 3411
Route	60 :  1448 669 3948 862 3362 3169 1647 1080 4147 3580
Route	61 :  301 221 474 2721 2801 19 2519 1036 2974 1653 3536 4153
Route	62 :  2232 4732 2170 571 3071 2345 4670 98 4845 2598
Route	63 :  1203 270 2770 3703 1549 1381 4049 663 3163 3881 1824 4324
Route	64 :  563 3063 2306 1363 3863 4806 926 778 3278 3426
Route	65 :  700 3200 1129 538 2428 3038 3629 1341 4928 3841
Route	66 :  1445 455 2362 4862 3945 2955 498 2346 4846 2998
Route	67 :  1552 502 3002 4052 2175 976 4675 1707 3476 4207
Route	68 :  1937 641 1128 2104 4437 3628 76 3141 2576 4604
Route	69 :  734 1746 4246 3234 2206 484 1463 4706 2984 3963
Route	70 :  1703 1037 3537 2132 4203 1546 4632 227 4046 2727
Route	71 :  2375 1276 3776 1780 4875 1155 4280 1373 3655 3873
Route	72 :  1721 1640 4140 4221 781 3281 2304 489 4804 2989
Route	73 :  1453 606 2361 3106 4861 2220 3953 4720 36 2536
Route	74 :  2022 511 3011 4522 1909 568 4409 794 3068 1357 3857 3294
Route	75 :  793 2483 1464 3964 3293 4983 989 276 2776 3489
Route	76 :  1188 1457 1150 3688 3957 3650 1217 2284 4784 3717
Route	77 :  827 478 2164 2978 4664 2147 4647 207 2707 3327
Route	78 :  1306 3806 1100 1708 3600 1767 4208 2115 2089 4267 4589 4615
Route	79 :  100 2600 787 243 877 3287 2743 1181 3681 3377
Route	80 :  1175 193 2693 3675 2066 758 1421 4566 3258 3921
Route	81 :  977 790 3290 3477 2136 116 4636 448 2616 2948
Route	82 :  171 1136 1956 4456 1195 3636 671 3695 3171 2671
Route	83 :  2155 1510 591 4010 3091 2172 4672 428 4655 2928
Route	84 :  325 1470 2825 3970 2097 4597 1291 3791 2386 543 3043 4886
Route	85 :  391 318 1718 2818 2891 1179 4218 760 3679 3260
Route	86 :  685 2354 1308 3185 3808 4854 1525 1684 4025 4184
Route	87 :  118 2618 483 1171 2983 317 3671 515 41 3015 2541 2817
Route	88 :  853 3353 512 1196 3012 3696 1176 896 3676 3396
Route	89 :  254 657 1205 3705 3157 2046 2754 1760 4546 4260
Route	90 :  2026 1098 4526 163 3598 1845 2663 2245 4345 4745
Route	91 :  1521 540 4021 3040 33 1020 941 3520 2533 3441
Route	92 :  1955 1827 1693 4193 4455 4327 966 1272 3772 3466
Route	93 :  93 656 2593 3156 181 65 2456 2565 667 4956 2681 3167
Route	94 :  2142 1547 2139 4639 4642 4047
Route	95 :  1414 2289 4789 3914 1358 463 378 3858 2963 2878
Route	96 :  1378 1223 507 3878 3723 843 3007 216 2716 3343
Route	97 :  417 416 2917 2916 2350 1329 3829 2392 4850 4892
Route	98 :  1212 3712 1535 1326 364 3826 4035 2329 2864 4829
Route	99 :  1898 555 3055 2239 4398 722 4739 374 2874 3222
Route	100 :  1439 784 3939 3284 936 1083 3583 2184 3436 4684
Route	101 :  2457 886 629 4957 3386 3129 755 1270 3770 3255
Route	102 :  721 1250 3221 1257 3750 108 3757 2608 1784 4284
Route	103 :  140 508 2640 3008 705 1082 1116 3205 3616 3582
Route	104 :  719 1300 3800 3219 931 666 1148 3431 3166 3648 1444 3944
Route	105 :  676 730 3230 1655 3176 2288 4155 1716 4788 4216
Route	106 :  1649 1462 2267 3962 4149 1438 4767 3938 94 1405 3905 2594
Route	107 :  1835 329 1966 4335 2829 1267 4466 717 3767 3217
Route	108 :  2029 179 4529 2679 813 68 3313 2568 2434 1904 4404 4934
Route	109 :  1711 2283 4211 4783 1099 1163 681 3599 3181 3663
Route	110 :  1021 1069 281 3569 2781 3521 1126 3626 1761 4261
Route	111 :  2305 1488 1834 3988 4805 4334 91 2198 2591 940 4698 3440
Route	112 :  738 1055 1856 3238 4356 3555 142 2057 4557 2642
Route	113 :  1973 1872 699 4473 3199 4372 375 1905 2875 4405
Route	114 :  1496 988 3488 1279 3996 2012 3779 1010 3510 4512
Route	115 :  2336 1631 305 2805 4836 1314 2014 4131 3814 4514
Route	116 :  992 2331 1968 4831 1765 4265 2366 4866 3492 4468
Route	117 :  1334 1946 588 4446 3834 159 828 3328 3088 2659
Route	118 :  240 1430 697 3197 2740 3930 1269 982 3769 2474 3482 4974
Route	119 :  356 2856 456 1695 358 4195 2956 2858 128 2628
Route	120 :  1403 3903 617 3117 662 1162 3162 466 3662 2966
Route	121 :  1754 4254 45 2545 2041 126 4541 1527 4027 2626 161 2661
Route	122 :  804 1237 808 3308 3304 1104 3737 166 3604 1077 2666 3577
Route	123 :  425 1073 2925 97 2391 4891 2597 1851 4351 259 3573 2759
Route	124 :  441 90 2941 2590 49 2213 692 3192 2549 4713
Route	125 :  1089 499 3589 2999 922 1380 3880 479 3422 2979
Route	126 :  1350 3850 1620 4120 1088 477 2009 3588 4509 2977
Route	127 :  422 642 2922 3142 115 316 2816 948 2615 2403 3448 4903
Route	128 :  1474 1239 3974 1943 3739 1169 4443 3669 1580 4080
Route	129 :  170 1428 3928 2670 1220 424 3720 2924 1385 3885
Route	130 :  12 2512 2431 453 4931 432 2953 2210 4710 2932
Route	131 :  2167 791 4667 3291 268 2768 533 579 3079 3033
Route	132 :  1364 143 3864 2643 736 771 3271 3236 1324 3824
Route	133 :  2360 935 107 3435 2469 4860 1958 4969 4458 2607
Route	134 :  1431 1131 3631 711 3931 729 2296 3229 3211 4796
Route	135 :  592 923 3092 3423 513 3013 2308 4808 418 1561 2918 4061
Route	136 :  1528 4028 701 2034 3201 4534 293 1097 2793 3597
Route	137 :  688 726 1366 3188 3866 3226 1484 727 3227 3984
Route	138 :  26 2268 347 4768 1884 2847 4384 1419 2526 3919
Route	139 :  1738 1005 4238 3505 953 3453 2095 1748 4595 4248
Route	140 :  2001 1581 183 702 2683 1642 3202 4081 4142 4501
Route	141 :  1075 399 77 3575 2577 2899 522 3022 349 2849
Route	142 :  473 2415 2973 4915 2160 1404 4660 120 3904 2620
Route	143 :  1429 1931 3929 406 556 4431 937 2906 3437 3056
Route	144 :  570 3070 2273 577 3077 2237 4773 875 677 3375 3177 4737
Route	145 :  2108 1209 4608 3709 260 764 1309 3264 2760 3809
Route	146 :  468 1753 4253 993 2968 958 3493 1709 3458 4209
Route	147 :  1822 1222 1323 3722 1455 3823 4322 1011 3955 3511
Route	148 :  2372 1511 2438 4872 2311 4011 4938 4811 867 2280 4780 3367
Route	149 :  147 1559 679 4059 1996 3179 420 2920 4496 2432 2647 4932
Route	150 :  409 2349 4849 2083 4583 2226 1304 4726 3804 2909
Route	151 :  304 1691 4191 2804 1043 3543 987 823 3487 3323
Route	152 :  1008 462 1860 3508 1467 2962 4360 767 3967 3267
Route	153 :  1468 2488 3968 2435 438 4935 2938 1376 1908 4408 3876 4988
Route	154 :  2212 1424 4712 486 3924 2986 326 2477 4977 2826
Route	155 :  1978 4478 104 1070 2604 3570 25 1476 2525 3976
Route	156 :  1213 851 54 3351 2554 3713 2131 1788 4288 4631
Route	157 :  413 1218 1876 3718 4376 30 959 3459 2530 2913 973 3473
Route	158 :  765 1609 1216 4109 3265 1119 3716 1316 3619 3816
Route	159 :  2169 610 4669 821 3321 3110 96 2193 4693 2596
Route	160 :  2491 4991 668 569 3168 3069 1066 95 3566 2595
Route	161 :  157 261 2657 1556 2761 796 3296 4056 1297 3797
Route	162 :  585 1084 3584 103 24 2524 1592 2603 4092 3085
Route	163 :  284 331 2110 4610 2784 1934 2497 4434 1585 4997 2831 4085
Route	164 :  2118 1970 1596 4618 4096 4470 297 1256 3756 2797
Route	165 :  149 343 1485 2843 2649 3985 766 902 3402 3266
Route	166 :  357 786 20 2520 2857 1434 3286 3934
Route	167 :  1044 2038 3544 4538 618 2091 3118 395 4591 2895
Route	168 :  612 288 2191 2788 4691 1705 683 4205 3183 2451 3112 4951
Route	169 :  1900 306 4400 2806 2373 501 890 3001 4873 3390
Route	170 :  2219 834 1670 4719 4170 3334 1979 2109 4479 4609
Route	171 :  1515 235 2735 4015 1081 2030 3581 1772 4530 4272
Route	172 :  1800 132 1311 3811 4300 2632 1061 1986 3561 4486
Route	173 :  2092 603 4592 402 3103 86 2902 1071 3571 2586
Route	174 :  1064 2433 3564 4933 1598 1335 3835 4098 1930 1974 4430 4474
Route	175 :  826 3326 315 2250 2815 4750 2134 2152 4634 4652
Route	176 :  1713 1524 4213 892 1629 4024 3392 4129 491 1028 2991 3528
Route	177 :  1828 1785 4328 2161 4285 4661 1418 2227 3918 4727
Route	178 :  1774 798 894 4274 3394 3298 590 3090 1844 1593 4344 4093
Route	179 :  2364 4864 1964 1747 4247 1046 3546 1152 2107 3652 4464 4607
Route	180 :  1440 1322 3940 1862 3822 952 4362 1481 3981 3452
Route	181 :  2231 2254 4754 4731 1332 350 69 2850 1331 2569 3831 3832
Route	182 :  2356 1102 2165 3602 4665 1318 3818 465 2965 1566 4066 4856
Route	183 :  1801 314 2814 4301 1615 1392 4115 3892 2269 1139 3639 4769
Route	184 :  763 604 3263 3104 1208 735 3708 1818 3235 4318
Route	185 :  2018 4518 202 1412 1855 3912 1636 4136 2702 4355
Route	186 :  2020 1992 4520 990 4492 3490 1336 29 2529 3836
Route	187 :  384 485 2985 901 2884 1396 3401 3896 1870 4370
Route	188 :  928 1235 3428 3735 857 1273 3357 1449 3773 1226 3726 3949
Route	189 :  1138 3638 1750 287 1410 3910 4250 2787 2150 2351 4851 4650
Route	190 :  1052 1869 3552 2044 4369 1985 4544 224 4485 2724
Route	191 :  71 2405 675 3175 4905 1745 1307 2571 3807 4245
Route	192 :  1939 2121 4621 4439 1157 2248 1791 4748 3657 4291
Route	193 :  659 372 3159 1688 2872 4188 1325 371 3825 2871
Route	194 :  2315 1980 4815 160 2660 4480 2228 829 4728 3329
Route	195 :  470 2970 1060 2050 947 3560 4550 1803 3447 4303
Route	196 :  1680 386 4180 2171 2886 459 2244 4671 2959 4744
Route	197 :  1172 1261 1516 3761 3672 4016 1074 3574 1340 3840 2037 4537
Route	198 :  2500 5000 844 2322 352 178 324 2852 2678 3344 2824 4822
Route	199 :  707 630 3207 898 3130 1387 3398 81 3887 2581
Route	200 :  232 121 1249 2732 2621 3749 1503 4003 1880 4380
Route	201 :  1183 475 2151 1263 2975 1415 4651 3763 3683 3915
Route	202 :  191 2691 1628 521 4128 3021 532 146 1742 3032 2646 4242
Route	203 :  1486 2278 1007 4778 3986 3507 645 1302 3802 3145
Route	204 :  1971 1513 998 4471 4013 561 3498 3061
Route	205 :  8 2508 1433 514 3014 3933 1009 2251 4751 3509
Route	206 :  429 249 2929 2749 52 779 3279 2446 4946 2552
Route	207 :  525 398 3025 172 2898 1637 4137 2672 1051 3551
Route	208 :  554 3054 1658 4158 1443 213 995 3943 3495 2713 2455 4955
Route	209 :  1029 3529 2195 2272 1194 4772 4695 3694 1087 3587
Route	210 :  22 4 2504 2522 2487 4987 1258 1255 1384 3884 3758 3755
Route	211 :  1328 75 1541 3828 1361 2575 4041 426 3861 858 2926 3358
Route	212 :  1199 803 3699 3303 900 3400 1371 3871 1354 2407 4907 3854
Route	213 :  546 739 3239 3046 1825 144 2644 582 4325 3082
Route	214 :  1584 704 3204 664 27 4084 3164 2424 2527 4924
Route	215 :  694 440 2940 1866 3194 2168 4366 1613 4668 4113
Route	216 :  2186 2417 1935 4686 4917 37 2537 2465 1929 4435 4429 4965
Route	217 :  774 1932 4432 3274 1907 4407 1495 2100 3995 4600
Route	218 :  536 1759 3036 4259 1954 1539 4039 1094 4454 3594
Route	219 :  1224 3724 461 1327 2961 1215 3827 3715
Route	220 :  2294 4794 769 1312 3269 1338 3812 3838 1063 3563
Route	221 :  1201 3701 983 3483 2439 1352 3852 4939 841 167 3341 2667
Route	222 :  1413 1178 3678 3913 1618 2335 4835 4118 1582 4082
Route	223 :  882 3382 624 728 3124 1023 3228 2355 3523 4855
Route	224 :  528 1936 3028 4436 2064 2006 979 4506 3479 4564
Route	225 :  510 302 3010 2802 840 1689 111 3340 2611 4189
Route	226 :  1981 2070 4570 2106 4481 876 4606 309 3376 2809
Route	227 :  2353 2146 4646 4853 1841 1347 4341 1 3847 1802 2501 4302
Route	228 :  410 1446 3946 2910 2056 1704 4204 1501 4556 4001
Route	229 :  2174 693 4674 2324 1568 421 2921 4824 4068 972 3472 3193
Route	230 :  863 2466 3363 1492 197 3992 4966 2697 573 2319 3073 4819
Route	231 :  82 1627 447 4127 2947 2341 2582 1868 4368 4841
Route	232 :  915 557 337 3415 3057 1214 2837 2363 3714 452 2952 4863
Route	233 :  2494 943 1720 3443 4994 4220 1277 2448 4948 3777
Route	234 :  1982 903 4482 1109 3403 348 2848 3609 524 3024
Route	235 :  303 1749 2493 4249 2803 1544 4993 189 2689 4044
Route	236 :  773 805 3273 119 3305 124 613 2619 2624 3113
Route	237 :  1365 1852 4352 3865 2098 4598 405 1873 4373 2905
Route	238 :  970 1296 355 3470 2855 3796 1526 278 4026 1125 2778 3625
Route	239 :  1170 338 2838 1399 3670 2384 4884 3899 665 3165
Route	240 :  274 2422 4922 2470 2774 1058 1050 4970 3550 3558
Route	241 :  1303 658 1924 4424 3803 2010 3158 1960 4510 4460
Route	242 :  102 1762 397 4262 2302 2897 4802 1891 4391 2602
Route	243 :  2416 574 3074 2290 4916 4790 761 1674 4174 3261
Route	244 :  1730 1167 4230 2419 1536 4919 3667 4036 476 2976
Route	245 :  684 176 3184 2676 1076 509 649 3009 3149 3576
Route	246 :  2481 1024 3524 2348 4981 4848 2357 716 4857 248 2748 3216
Route	247 :  622 1682 539 4182 2242 3039 3122 974 4742 880 3474 3380
Route	248 :  1091 2458 4958 530 2401 3030 1787 4901 3591 4287
Route	249 :  1999 1975 2141 4499 4475 4641 2282 969 3469 4782
Route	250 :  1813 4313 899 3399 1173 1093 3673 2440 3593 4940
Route	251 :  1863 2105 4363 4605 2061 2412 204 4561 2704 4912
Route	252 :  423 1228 1894 3728 2923 4394 1625 1041 4125 3541
Route	253 :  127 1035 3535 2627 1810 2406 1755 4310 4255 4906
Route	254 :  925 2467 1034 3425 1775 4967 3534 4275 2000 4500
Route	255 :  1941 39 4441 2539 1174 1246 3674 1538 4038 3746
Route	256 :  2223 4723 718 1796 534 3218 2120 4296 48 3034 4620 2548
Route	257 :  594 2135 1065 4635 1854 3094 1849 4354 4349 3565 1594 4094
Route	258 :  1253 2052 1889 4552 4389 3753 1422 1890 3922 4390
Route	259 :  1401 253 3901 2753 1059 385 3559 1727 2885 4227
Route	260 :  2377 2015 4877 1920 4515 359 4420 2140 2859 4640
Route	261 :  807 1897 4397 2314 3307 1543 4814 4043 490 2990
Route	262 :  1154 3654 2060 4560 1398 1816 3898 262 2762 1829 4316 4329
Route	263 :  1945 1013 1602 3513 673 4445 4102 3173 1191 3691
Route	264 :  1505 42 4005 2243 2542 4743 1604 203 2703 4104
Route	265 :  186 605 3105 2686 1092 1417 40 3917 3592 2540
Route	266 :  2116 4616 1906 1662 4162 4406 1579 742 3242 4079
Route	267 :  435 757 2935 73 2573 3257 1681 4181 11 2511
Route	268 :  55 404 2904 1333 1229 2462 3833 3729 2555 4962
Route	269 :  1206 199 3706 431 2699 51 2931 50 2551 2550
Route	270 :  968 1619 3468 4119 1281 2475 4975 782 3781 3282
Route	271 :  99 1664 4164 2599 1111 145 3611 2099 2645 4599
Route	272 :  963 917 3417 3463 80 2580 623 1550 3123 4050
Route	273 :  674 856 3356 1121 3174 519 3621 3019 801 3301
Route	274 :  442 156 2656 2942 1998 1382 16 2516 4498 3882
Route	275 :  201 2701 2085 496 2021 4585 1617 2996 4521 4117
Route	276 :  1735 2281 933 3433 2045 4781 4545 4235 2408 981 4908 3481
Route	277 :  1599 762 3262 4099 865 3365 373 1573 2873 4073
Route	278 :  2370 2265 4870 2358 1240 3740 1161 4858 4765 3661 263 2763
Route	279 :  1027 2084 4584 3527 1782 1012 1983 3512 4282 4483
Route	280 :  2036 237 4536 2489 619 2737 4989 3119 2003 4503
Route	281 :  1122 2447 3622 929 4947 310 885 2810 3385 3429
Route	282 :  363 2863 553 365 1473 3053 3973 2865 433 2933
Route	283 :  2271 1633 4771 2310 1911 4810 1773 4133 4273 4411
Route	284 :  1646 1348 3848 4146 2379 2124 4624 173 4879 2441 2673 4941
Route	285 :  2430 913 3413 239 2739 4930 1671 1886 1407 4171 4386 3907
Route	286 :  1969 2008 4469 2285 737 4508 265 3237 4785 2765
Route	287 :  1022 888 3388 3522 1917 1722 4417 1166 4222 3666
Route	288 :  822 1054 3554 446 17 2946 744 3322 2517 3244 614 3114
Route	289 :  291 412 2791 2912 1204 3704 776 906 3276 3406 1673 4173
Route	290 :  129 897 283 2629 2783 3397 770 3270 225 2396 4896 2725
Route	291 :  1374 1553 3874 1016 4053 620 3516 1185 3120 3685
Route	292 :  47 299 600 2547 2799 139 2639 772 3100 3272
Route	293 :  1248 1158 3748 3658 1926 1846 4346 4426 1400 3900
Route	294 :  967 1197 28 3467 3697 2528 2023 1259 3759 4523
Route	295 :  1560 112 2612 4060 2459 627 1840 3127 4959 4340
Route	296 :  2287 1717 4217 4787 1672 1369 3869 4172 1666 339 4166 2839
Route	297 :  1857 695 2303 4803 3195 4357 220 1586 4086 2720
Route	298 :  1734 2479 1182 4234 3682 4979 2421 1127 3627 4921
Route	299 :  1189 2325 3689 342 2842 1635 4825 4135 1965 174 2674 4465
Route	300 :  1370 824 3324 2173 3870 2414 1809 4673 4914 4309
Route	301 :  2065 136 4565 2636 1004 3504 396 2896 1814 4314
Route	302 :  1458 1798 4298 3958 1921 2255 4421 122 2622 4755
Route	303 :  2381 1601 4881 4101 1337 9 3837 653 2509 3153
Route	304 :  687 1843 1882 3187 4382 1728 4343 4228
Route	305 :  110 269 2166 2769 949 3449 2610 4666 838 3338
Route	306 :  1395 6 1737 2506 3895 4237 2062 1607 4107 4562
Route	307 :  846 996 3496 1555 2427 4055 4927 32 2532 3346
Route	308 :  1359 3859 444 1345 2944 3845 285 1976 2785 4476
Route	309 :  1696 2040 1483 3983 1558 706 4196 4058 3206 2093 4593 4540
Route	310 :  2295 4795 1740 2404 628 4240 4904 2071 3128 4571
Route	311 :  1287 175 831 3787 2675 852 3331 1132 3352 3632
Route	312 :  905 636 1140 2178 3136 4678 3640 3405 575 3075
Route	313 :  2478 4978 975 3475 759 703 3259 3203 2027 4527
Route	314 :  802 2194 1238 4694 3738 3302 884 1826 4326 3384
Route	315 :  1330 3830 1360 3860 2297 2077 4797 1916 4416 4577
Route	316 :  467 1669 4169 1529 1962 4029 2159 4462 4659 2967
Route	317 :  2137 939 3439 4637 745 388 3245 292 2888 2792
Route	318 :  531 660 247 3031 1710 3160 2747 4210 2340 4840
Route	319 :  2274 1271 4774 3771 583 1498 3083 3998 1079 3579
Route	320 :  1507 2276 4007 492 4776 361 811 2992 2861 3311
Route	321 :  1353 1149 2299 4799 2088 3649 3853 1031 4588 3531
Route	322 :  1819 1298 3798 4319 751 31 2531 1408 3908 3251
Route	323 :  2208 595 3095 4708 806 1491 3306 1299 3799 3991
Route	324 :  1390 228 2728 1200 3890 1654 3700 504 4154 3004
Route	325 :  1892 2 2067 4392 4567 2502 783 2398 4898 1254 3283 3754
Route	326 :  1362 3862 1752 1000 4252 2461 74 3500 454 2574 2954 4961
Route	327 :  2292 2013 2102 4602 919 3419 1885 4385 4792 4513
Route	328 :  2156 4656 387 229 2729 1103 2887 3603 1987 1901 4401 4487
Route	329 :  1234 3734 549 1783 3049 1482 4283 1265 3982 3765
Route	330 :  753 517 3017 1289 311 2811 945 3789 3445 3253
Route	331 :  2320 4820 1489 1797 4297 3989 414 2307 4807 2914
Route	332 :  1247 1875 4375 3747 1049 3549 1207 319 2819 3707
Route	333 :  1736 1090 2035 4535 3590 1657 4236 330 2215 2830 4715 4157
Route	334 :  2068 547 3047 1339 4568 2309 3839 2486 4809 4986
Route	335 :  527 640 3027 3140 141 2418 1274 4918 2641 3774
Route	336 :  400 2031 2900 836 1015 3336 1888 3515 4531 2344 4388 4844
Route	337 :  1739 1479 3979 4239 1118 1251 3751 427 3618 289 2927 2789
Route	338 :  1375 3875 1771 1837 4271 487 2300 4800 2987 2240 4337 4740
Route	339 :  1751 4251 2293 1078 407 3578 4793 2907 2420 4920
Route	340 :  950 494 1056 3450 2994 3556 1896 4396 2072 366 4572 2866
Route	341 :  2429 340 2840 2129 2211 4929 4711 4629 162 997 2662 3497
Route	342 :  1764 691 2301 4264 3191 994 3494 4801 2367 529 4867 3029
Route	343 :  1225 1048 3548 389 3725 2889 698 2204 3198 2260 4704 4760
Route	344 :  1702 4202 346 1632 4132 2846 578 639 3078 3139
Route	345 :  1815 2436 520 4315 3020 4936 1210 2225 3710 4725
Route	346 :  1690 1997 634 4190 3134 4497 1895 1562 4395 4062
Route	347 :  35 1622 2059 1706 4559 4122 4206 300 567 2800 3067 2535
Route	348 :  2122 965 4622 1236 3465 1145 1545 3736 4045 3645 1409 3909
Route	349 :  1565 2330 4065 541 3041 4830 1425 1947 3925 4447
Route	350 :  881 376 2876 1032 3381 1451 3532 2380 3951 4880
Route	351 :  1177 58 3677 2313 2558 2453 1548 4048 4953 4813
Route	352 :  2130 360 4630 2860 1899 1792 4292 2498 4399 4998
Route	353 :  236 2177 4677 2736 2264 1423 3923 113 2613 4764
Route	354 :  13 212 2490 2712 4990 2513 1786 383 4286 1534 2883 4034
Route	355 :  1603 2449 4103 4949 1993 1686 1990 4493 1062 4186 4490 3562
Route	356 :  2317 380 4817 2880 194 1164 2694 648 3148 3664
Route	357 :  401 44 1811 2544 2901 4311 1233 3733 861 1508 3361 4008
Route	358 :  2111 14 4611 2352 2514 4852 480 208 430 2980 2708 2930
Route	359 :  860 3360 1807 1865 4307 4365 955 597 3455 3097
Route	360 :  1379 3879 871 1006 3371 2238 2058 3506 4738 4558
Route	361 :  1245 1952 1616 3745 2127 4627 4116 864 177 2677 3364 4452
Route	362 :  559 3059 1575 4075 1623 1282 2183 4683 1918 4123 4418 3782
Route	363 :  2409 930 4909 2157 3430 1923 4657 1842 4423 4342
Route	364 :  1518 1252 2148 3752 4018 4648 1656 450 2950 1280 4156 3780
Route	365 :  1914 4414 874 3374 2492 4992 215 2715 2371 4871 1105 3605
Route	366 :  927 336 3427 2024 2836 2230 4524 4730 1219 690 3719 3190
Route	367 :  2216 4716 599 3099 1141 3641 1793 1577 4077 4293
Route	368 :  1661 131 4161 2437 2631 4937 1454 2321 4821 3954
Route	369 :  2090 4590 1186 1611 545 3045 4111 3686 158 2658
Route	370 :  558 3058 408 2908 1663 154 2654 4163
Route	371 :  1452 1001 3952 3501 984 2399 3484 370 2203 4899 4703 2870
Route	372 :  1731 895 2464 4964 3395 493 4231 2993
Route	373 :  277 2777 815 78 3315 2578 1520 749 3249 4020
Route	374 :  345 2845 2205 403 4705 980 2903 3480 1951 1676 4176 4451
Route	375 :  1346 3846 1724 34 2534 4224 842 1806 3342 1143 4306 3643
Route	376 :  169 464 2143 2964 1612 4643 106 4112 2606 2669 1554 4054
Route	377 :  1460 2249 3960 4749 2042 443 4542 1107 2943 2259 3607 4759
Route	378 :  242 2742 1266 451 2951 3766 1848 904 4348 3404 2128 4628
Route	379 :  708 3208 62 3 2503 2562 1026 234 3526 795 3295 2734
Route	380 :  1919 1343 3843 4419 2452 1744 2499 4952 4244 4999 2378 4878
Route	381 :  2221 2246 2257 4757 2393 4893 4721 830 2163 4663 3330 4746
Route	382 :  2256 1589 560 4089 3060 2277 4756 1025 4777 3525 1067 3567
Route	383 :  812 1989 1456 3956 3312 4489 153 1447 2653 1469 3947 3969
Route	384 :  2047 2082 2312 4582 4547 1038 4812 133 3538 2633
Route	385 :  341 2841 1192 469 2969 537 3692 2402 4902 3037
Route	386 :  1147 1883 2113 1110 4383 4613 3610 335 3647 1493 3993 2835
Route	387 :  1294 1530 3794 1002 3502 4030 1778 439 2939 4278
Route	388 :  918 3418 584 678 1184 3178 3084 1833 205 4333 3684 2705
Route	389 :  2485 4985 1700 631 137 3131 1823 4200 2637 4323
Route	390 :  353 2187 4687 2853 250 2053 602 2750 4553 3102
Route	391 :  1587 1490 2368 3990 4087 1411 3911 1321 4868 3821 1832 4332
Route	392 :  710 198 3210 2698 1295 415 2915 3795 2444 4944
Route	393 :  1137 231 3637 1972 709 2731 1712 3209 4212 775 4472 3275
Route	394 :  2005 2484 4984 2145 1915 4505 4645 1030 4415 3530 725 3225
Route	395 :  354 938 3438 214 1288 2854 2714 184 2684 1817 4317 3788
Route	396 :  195 1569 2207 4069 4707 869 1913 4413 3369 741 2695 3241
Route	397 :  652 114 3152 1660 4160 1477 2614 2019 1770 3977 4270 4519
Route	398 :  1533 632 1942 3132 4442 1626 4126 957 4033 3457 1697 4197
Route	399 :  1436 164 655 2664 3936 3155 720 2480 1231 3220 3731 4980
Route	400 :  797 3297 1397 3897 920 1729 3420 4229 1018 3518
Route	401 :  1502 1342 4002 3842 2495 280 2780 4995 1893 2028 4528 4393
Route	402 :  125 870 3370 2460 1475 4960 3975 2625 200 307 2807 2700
Route	403 :  1874 296 4374 2796 589 893 3089 3393 351 2011 4511 2851
Route	404 :  10 2410 2258 2510 4910 4758 777 1499 3277 3999
Route	405 :  1153 3653 713 866 3213 587 148 3366 2648 3087
Route	406 :  1698 4198 344 756 3256 2844 1086 279 2779 3586
Route	407 :  643 3143 1160 2039 1853 4539 3660 4353 188 2688
Route	408 :  230 64 2730 2389 2564 1221 3721 4889 2323 67 4823 2567
Route	409 :  2101 1659 1531 1320 3820 754 4031 4601 3254 4159
Route	410 :  295 1159 2795 1260 3659 3760 748 3248 1096 516 3016 3596
Route	411 :  891 393 3391 2893 18 576 2518 3076 1804 4304 458 2958
Route	412 :  282 608 2782 3108 1494 333 1305 3805 3994 2334 2833 4834
Route	413 :  1583 4083 621 238 2738 1540 3121 4040 1574 4074
Route	414 :  526 3026 38 954 2538 3454 1805 2081 4581 1995 4305 4495
Route	415 :  633 3133 732 3232 182 2233 4733 2682 1437 211 3937 2711
Route	416 :  626 3126 550 978 3050 1795 1180 3478 4295 3680
Route	417 :  1432 3932 1950 2397 1551 4450 4897 4051 327 2827
Route	418 :  2413 4913 257 187 2757 2687 1466 273 1641 3966 4141 2773
Route	419 :  1665 4165 1847 43 4347 819 3319 2543 2214 832 4714 3332
Route	420 :  1344 2365 4865 134 2634 960 3460 1115 3844 3615
Route	421 :  1967 4467 580 1108 1156 3080 3656 3608 1567 4067 616 3116
Route	422 :  2158 4658 1264 1135 3764 381 256 2756 222 2881 3635 2722
Route	423 :  1667 985 4167 1763 4263 518 3018 3485 752 780 3252 3280
Route	424 :  2450 4950 1349 2201 3849 644 3144 4701 835 2086 4586 3335
Route	425 :  252 1068 3568 1168 800 3668 109 3300 2752 1517 4017 2609
Route	426 :  593 1512 1532 3093 2454 4032 4954 672 4012 837 3172 3337
Route	427 :  1692 1435 4192 3935 2337 4837 334 15 2515 2834 2176 4676
Route	428 :  84 2584 912 2263 1779 3412 89 4763 4279 2589 1500 4000
Route	429 :  1732 4232 392 362 2892 21 2862 2049 2521 2096 4596 4549
Route	430 :  1386 1838 449 4338 2080 4580 2949 1701 3886 4201
Route	431 :  1777 4277 258 87 2758 883 3383 2587 566 1377 3066 3877
Route	432 :  2074 1045 4574 66 1769 3545 2566 377 4269 2877
Route	433 :  887 3387 1514 495 1756 4014 1881 2995 4256 4381 457 2957
Route	434 :  1821 53 4321 816 2553 7 3316 2197 2507 1442 3942 4697
Route	435 :  1351 1285 3785 2252 4752 382 2076 2882 4576 3851
Route	436 :  272 2772 2270 1450 209 4770 5 3950 2505 661 3161 2709
Route	437 :  1283 2078 3783 4578 1781 1675 1839 4175 1402 4281 4339 3902
Route	438 :  1679 789 3289 4179 138 23 2638 2523 60 445 2560 2945
Route	439 :  2025 1275 4525 625 1542 3775 3125 1624 4042 1733 4124 4233
Route	440 :  2342 2123 4842 117 2617 4623 226 2726 1864 88 4364 2588
Route	441 :  2445 4945 92 696 2592 785 1991 3196 3285 2087 4491 4587
Route	442 :  1878 4378 1719 4219 654 924 3424 3154 1961 4461 1928 4428
Route	443 :  2496 4996 1427 1537 3927 2033 4037 2385 4885 4533
Route	444 :  1600 4100 2229 1591 4091 1741 4241 1504 1459 4729 4004 3959
Route	445 :  1588 1242 4088 2200 3742 2476 2423 4923 4976 4700
Route	446 :  1522 932 4022 3432 889 2241 1984 3389 4484 4741
Route	447 :  460 2347 4847 2144 294 2794 1292 4644 2960 3792
Route	448 :  1053 818 3553 2103 3318 4603 562 1836 3062 4336
Route	449 :  572 1699 615 3115 4199 3072 1487 586 1506 3086 3987 4006
Route	450 :  210 1925 2710 4425 750 3250 436 1957 4457 611 2936 3111
Route	451 :  1948 4448 847 1039 3539 1922 3347 2017 4517 4422
Route	452 :  2387 724 4887 1959 2188 72 4459 4688 873 3224 2572 3373
Route	453 :  150 596 3096 2650 2468 434 2934 4968 740 3240 872 3372
Route	454 :  369 817 3317 2869 1202 2279 4779 1590 3702 4090
Route	455 :  1687 85 854 4187 1372 2585 3354 233 1652 4152 2733 3872
Route	456 :  123 1944 218 2623 264 4444 1621 2718 2764 245 2745 4121
Route	457 :  219 2719 2222 4722 1310 845 2442 3810 3345 4942
Route	458 :  1416 1003 3503 46 2546 3916 1389 3889 1571 552 4071 3052
Route	459 :  223 2723 523 3023 1383 505 3883 1085 3585 3005 2189 4689
Route	460 :  1133 3633 1831 4331 1570 1317 1047 3817 4070 3547 2332 4832
Route	461 :  168 2668 689 312 3189 2812 367 2867 2316 190 4816 2690
Route	462 :  2235 956 3456 437 4735 848 2937 3348 192 165 2665 2692
Route	463 :  1106 3606 1638 4138 2253 4753 1677 488 2988 2114 4177 4614
Route	464 :  1963 682 4463 3182 868 1471 196 3368 2696 3971
Route	465 :  1134 3634 971 733 3471 2007 951 3233 3451 4507
Route	466 :  1313 2051 934 4551 3813 3434 1241 1812 601 3741 3101 4312
Route	467 :  638 651 3151 3138 2390 4890 647 2180 908 4680 3147 3408
Route	468 :  2471 637 379 4971 3137 2879 1768 217 4268 814 3314 2717
