Instance name : ber-n1000-6
Authors       : BIG3 - Dmitriy Yampolskiy, Egor Nikolaev and Daria Savina. Smart Logistics Point by the BigThree team (big3.ru).
Date          : 2025-04-22
Reference     : BigThree team (big3.ru)
Solution
Route 1 : 485 149 360 985 649 221 860 721
Route 2 : 444 944 269 126 357 626 857 769
Route 3 : 406 31 531 76 15 576 906 515
Route 4 : 400 415 915 87 260 760 587 900
Route 5 : 17 9 517 241 509 741
Route 6 : 361 861 8 508 160 234 660 734
Route 7 : 345 845 235 474 735 974
Route 8 : 207 164 206 707 664 706
Route 9 : 163 232 139 732 663 639
Route 10 : 266 766 285 91 785 591
Route 11 : 136 636 423 373 873 923
Route 12 : 349 220 849 720 153 161 661 653
Route 13 : 265 765 299 288 19 799 788 519
Route 14 : 11 137 511 637 252 399 752 899
Route 15 : 183 378 683 273 878 773 116 616
Route 16 : 168 124 668 246 624 148 746 648
Route 17 : 199 95 699 408 595 908
Route 18 : 129 326 826 629 475 43 975 543
Route 19 : 277 57 777 407 907 557
Route 20 : 462 962 177 130 630 677
Route 21 : 70 200 570 427 700 927
Route 22 : 348 272 55 848 555 772
Route 23 : 350 291 850 219 719 791
Route 24 : 421 233 921 733 194 366 866 694
Route 25 : 144 644 405 441 905 414 914 941
Route 26 : 211 711 2 338 838 502
Route 27 : 453 953 341 26 526 841
Route 28 : 478 48 364 978 548 864 97 597
Route 29 : 89 390 890 131 98 589 631 598
Route 30 : 412 68 912 251 568 751
Route 31 : 113 403 613 20 903 520
Route 32 : 72 572 461 50 961 85 585 550
Route 33 : 274 774 248 104 748 604 464 964
Route 34 : 197 289 789 297 697 112 797 612
Route 35 : 337 837 280 146 780 646
Route 36 : 110 610 451 951 498 39 539 998
Route 37 : 159 308 492 808 992 109 659 609
Route 38 : 156 656 465 245 965 745
Route 39 : 165 665 217 62 562 717
Route 40 : 67 192 567 692 426 926
Route 41 : 396 397 897 896 294 49 549 794
Route 42 : 173 181 681 673 430 438 930 938
Route 43 : 320 820 111 79 579 611 452 952
Route 44 : 432 198 932 282 698 782
Route 45 : 115 367 615 292 867 792 431 931
Route 46 : 398 13 898 513 134 634
Route 47 : 119 619 24 37 524 225 537 725
Route 48 : 325 176 825 18 676 518
Route 49 : 249 749 158 35 413 535 658 913
Route 50 : 213 713 255 239 755 92 739 592
Route 51 : 329 128 829 205 628 170 705 670
Route 52 : 172 672 175 340 675 840 227 727
Route 53 : 343 317 817 305 843 805 65 565
Route 54 : 138 81 638 47 581 547
Route 55 : 150 30 500 650 530 40 1000 540
Route 56 : 437 209 937 102 709 602 108 608
Route 57 : 385 202 885 702 281 259 781 759
Route 58 : 472 972 256 463 756 416 963 916
Route 59 : 238 147 738 647 355 483 855 983
Route 60 : 210 710 368 284 417 868 784 917
Route 61 : 27 83 527 276 583 321 776 821
Route 62 : 287 787 332 832 401 250 901 750
Route 63 : 247 22 747 522 353 333 853 833
Route 64 : 154 654 473 33 973 1 533 501
Route 65 : 455 433 955 933 311 231 811 731
Route 66 : 60 560 12 339 512 839
Route 67 : 363 466 966 863 322 822
Route 68 : 435 310 810 316 935 816
Route 69 : 493 4 993 218 504 718
Route 70 : 359 56 556 859 499 999
Route 71 : 3 503 100 312 600 812
Route 72 : 117 617 201 121 701 381 621 881
Route 73 : 384 257 884 96 757 596
Route 74 : 354 854 358 429 929 858
Route 75 : 193 693 497 997 203 703
Route 76 : 347 847 467 93 967 593
Route 77 : 418 171 671 918 240 740
Route 78 : 196 386 696 886 496 996
Route 79 : 114 443 328 614 943 828
Route 80 : 490 491 84 991 990 584
Route 81 : 222 236 736 182 722 682
Route 82 : 379 157 879 16 516 657
Route 83 : 327 319 827 64 564 127 819 627
Route 84 : 449 391 949 891 409 909
Route 85 : 90 365 125 625 590 865
Route 86 : 342 376 842 454 876 954
Route 87 : 118 123 623 23 618 523
Route 88 : 377 877 237 314 737 814
Route 89 : 10 309 510 36 809 536
Route 90 : 253 753 228 344 844 728
Route 91 : 275 351 775 851 73 573
Route 92 : 185 86 586 685 279 779
Route 93 : 243 226 743 457 726 957
Route 94 : 382 178 425 882 436 925 678 936
Route 95 : 484 58 428 984 558 928
Route 96 : 120 278 166 778 620 666
Route 97 : 324 824 214 14 514 459 714 959
Route 98 : 191 135 318 691 635 818
Route 99 : 229 132 75 632 575 729
Route 100 : 402 902 151 82 651 582
Route 101 : 476 440 940 445 976 945
Route 102 : 411 447 911 947 5 505
Route 103 : 38 480 489 538 980 989
Route 104 : 53 553 66 392 566 892
Route 105 : 388 174 145 888 645 52 674 552
Route 106 : 356 304 804 230 856 730
Route 107 : 375 264 140 875 764 640
Route 108 : 420 270 422 770 922 920
Route 109 : 488 988 223 141 641 723
Route 110 : 261 761 162 471 971 662
Route 111 : 293 793 254 244 754 744
Route 112 : 290 456 956 790
Route 113 : 374 486 874 986
Route 114 : 61 410 561 910
Route 115 : 334 834 481 46 981 546
Route 116 : 286 786 94 335 835 195 695 594
Route 117 : 303 477 977 371 803 871
Route 118 : 336 63 188 836 563 688
Route 119 : 387 887 389 122 889 622
Route 120 : 54 450 554 88 950 588
Route 121 : 372 872 468 212 712 968 369 869
Route 122 : 80 446 580 946 41 186 686 541
Route 123 : 442 258 758 307 942 807
Route 124 : 7 167 507 189 667 296 689 796
Route 125 : 458 99 958 101 599 601
Route 126 : 263 763 216 152 479 652 716 979
Route 127 : 494 179 679 224 724 78 578 994
Route 128 : 470 107 970 607 74 574
Route 129 : 300 267 800 767 51 551
Route 130 : 460 469 969 960 313 813
Route 131 : 331 831 302 802 133 105 605 633
Route 132 : 262 215 762 715 439 939
Route 133 : 187 323 687 823
Route 134 : 208 59 708 559 169 142 642 669
Route 135 : 34 534 190 268 768 690
Route 136 : 295 482 370 982 6 870 795 506
Route 137 : 394 71 571 306 806 894 434 934
Route 138 : 21 42 542 29 521 529 77 577
Route 139 : 298 28 528 380 798 204 880 704
Route 140 : 45 184 352 545 684 852
Route 141 : 44 25 395 544 525 895
Route 142 : 271 346 771 362 846 862
Route 143 : 404 487 904 315 987 815 106 606
Route 144 : 424 924 242 103 742 603
Route 145 : 330 143 830 495 643 995
Route 146 : 419 32 919 532 283 69 569 783
Route 147 : 180 383 393 883 893 680
Route 148 : 448 948 301 155 801 655
