Instance name : ber-n600-1
Authors : Simen T. Vadseth, Henrik Andersson, Jean-Francois Cordeau and Magnus Stålhane
Date : 10.07.2023
Reference : TBA
Solution
Route	1 :  262 94 48 394 348 280 157 254 580 562 554 457
Route	2 :  300 266 129 256 429 556 285 600 566 585
Route	3 :  103 183 2 302 483 274 229 403 574 529
Route	4 :  126 66 426 19 366 21 319 321 93 98 393 398
Route	5 :  142 147 442 447 270 47 106 347 570 189 406 162 11 489 118 462 311 418
Route	6 :  188 488 295 131 169 595 125 31 469 431 264 564 331 425
Route	7 :  37 191 149 491 449 86 113 337 386 413
Route	8 :  165 227 465 46 263 346 53 527 563 200 353 8 308 500
Route	9 :  90 390 250 17 550 117 79 317 107 379 114 417 414 36 336 407
Route	10 :  45 345 249 286 549 586 178 35 100 335 163 478 463 400
Route	11 :  20 67 204 367 320 138 190 34 490 504 334 284 584 438
Route	12 :  202 502 213 42 342 513 60 244 544 121 360 421
Route	13 :  132 156 432 456 294 195 137 594 437 95 495 395
Route	14 :  50 177 140 97 477 397 54 350 440 253 354 553
Route	15 :  14 62 80 314 272 237 362 245 537 572 545 380
Route	16 :  3 172 192 492 303 91 283 472 391 102 402 583
Route	17 :  291 153 591 33 51 453 351 7 333 307
Route	18 :  81 28 328 238 381 179 275 479 538 575
Route	19 :  239 194 494 248 539 258 548 558
Route	20 :  164 87 260 464 387 214 32 332 230 560 232 514 532 209 530 23 323 509
Route	21 :  139 203 503 439 72 110 159 459 410 58 82 358 372 268 568 382
Route	22 :  134 116 196 416 496 123 434 199 423 267 567 59 359 43 499 343
Route	23 :  246 25 211 546 325 297 75 375 511 597 289 589 40 236 536 340
Route	24 :  9 186 309 215 486 234 78 515 534 120 378 70 420 370 109 409
Route	25 :  154 16 316 454 243 220 29 520 83 383 22 543 322 329
Route	26 :  207 111 99 411 278 578 507 399 208 69 369 158 458 508
Route	27 :  175 39 475 231 52 339 122 352 422 531 76 55 355 376
Route	28 :  127 104 84 136 436 404 92 427 392 384 226 235 526 535
Route	29 :  187 148 128 57 428 487 281 581 228 448 357 528 10 310
Route	30 :  105 222 405 26 166 326 151 466 451 522 269 223 569 523
Route	31 :  61 56 356 144 251 161 361 241 461 444 551 181 481 541
Route	32 :  292 242 298 598 542 182 252 592 288 552 27 588 482 327
Route	33 :  273 240 540 247 124 573 141 441 547 424 221 521
Route	34 :  224 225 524 115 525 415 13 218 85 385 313 518
Route	35 :  217 517 176 185 71 371 485 476 155 152 455 452
Route	36 :  210 64 364 290 510 65 365 271 590 74 571 374
Route	37 :  193 77 119 377 493 419 276 293 593 576 259 559
Route	38 :  173 112 473 101 412 401 96 44 130 344 396 430
Route	39 :  171 15 38 315 1 301 471 265 338 180 565 480
Route	40 :  133 4 304 433 41 73 170 373 198 341 498 470
Route	41 :  108 150 408 279 287 587 146 450 446 49 349 579
Route	42 :  18 318 282 299 582 277 577 599 168 184 484 468
Route	43 :  5 89 305 212 512 143 389 68 255 368 443 555
Route	44 :  167 296 145 596 467 206 135 445 257 557 506 435
Route	45 :  261 12 561 24 324 312 233 201 533 501
Route	46 :  205 197 174 497 505 216 474 516 63 363
Route	47 :  160 88 388 460 219 6 30 306 330 519
