Instance name : ber-n5000-7
Authors : Simen T. Vadseth, Henrik Andersson, Jean-Francois Cordeau and Magnus Stålhane
Date : 10.07.2023
Reference : TBA
Solution
Route	1 :  720 1655 3220 144 4155 2401 2644 252 4901 2752
Route	2 :  376 798 2876 955 3298 430 3455 2930 155 2655 1615 4115
Route	3 :  1868 1679 4368 771 4179 1853 1777 1168 3271 4277 4353 3668
Route	4 :  2143 2113 4643 1169 1262 3669 2061 979 3762 117 3479 522 4561 3022 4613 2617
Route	5 :  2452 4952 2398 345 4898 1544 1009 3509 1870 2845 4044 4370
Route	6 :  672 2174 364 69 3172 1688 4674 4188 2569 1255 2864 3755
Route	7 :  2020 4520 1886 1368 4386 3868 456 146 281 2646 2956 2781
Route	8 :  2465 457 33 1131 2957 2111 4965 1737 2533 4611 1706 3631 1906 4206 4237 4406
Route	9 :  2449 4949 1129 3629 1117 891 1561 361 4061 3391 1750 4250 3617 2861
Route	10 :  1693 1680 1825 4193 4325 4180 516 1794 15 4294 2515 3016
Route	11 :  734 460 2147 3234 1499 2960 4647 3999 380 2880
Route	12 :  181 1188 52 2552 2681 3688 2132 25 1548 1527 2525 4632 4027 4048
Route	13 :  6 1732 1756 2506 4232 436 4256 942 2936 3442
Route	14 :  230 1539 2730 2076 44 4039 4576 1185 3685 2544 753 3253
Route	15 :  1468 1092 471 2971 1915 3968 1420 3592 2427 3920 682 4927 4415 3182
Route	16 :  1321 2330 2153 1089 3821 1086 4653 3589 4830 2105 3586 4605 1407 1678 4178 3907
Route	17 :  2432 4932 1576 1448 4076 1304 3948 3804 537 1872 3037 626 4372 3126
Route	18 :  1113 3613 2454 1923 1232 3732 4423 4954 1812 1754 4312 4254
Route	19 :  475 271 424 2305 2924 1431 3931 1301 1029 3529 4805 2975 2771 3801
Route	20 :  1851 4351 1446 360 3946 612 2860 3112 576 2136 3076 4636 2155 4655
Route	21 :  1597 232 2388 1121 4097 2732 633 1173 3621 4888 3133 1659 3673 4159
Route	22 :  1394 2270 4770 1400 2271 3894 892 1416 4771 3900 3392 3916
Route	23 :  615 1372 2421 3872 3115 4921 2394 1689 2135 340 4635 4894 4189 2840
Route	24 :  2393 2316 4893 1683 1260 4816 3760 4183 2441 1490 4941 139 2639 3990
Route	25 :  1516 371 1529 1476 2871 554 4029 4016 3054 3976 494 1432 29 3932 2529 2994
Route	26 :  565 1763 1075 3065 1249 3575 2230 4730 1811 366 4263 3749 2866 4311
Route	27 :  1264 1677 292 844 711 3211 4177 3764 3344 235 2792 2735
Route	28 :  493 2413 4913 642 2993 636 1151 3136 3651 3142 738 635 3238 3135 1617 4117
Route	29 :  839 885 3339 587 3385 2186 3087 1824 4686 4324
Route	30 :  802 3302 2055 655 2072 3155 2373 4555 177 4572 2677 4873
Route	31 :  692 2116 220 4616 1508 3192 2720 226 4008 1336 3836 2726
Route	32 :  401 1930 739 3239 4430 654 1192 2901 3154 3692
Route	33 :  886 283 1786 2783 689 1167 3667 4286 3386 1521 4021 3189
Route	34 :  1739 2003 399 4503 2899 4239 440 55 2447 2555 260 4947 2760 2940 745 3245
Route	35 :  634 2418 667 4918 3134 3167 455 800 3300 2955
Route	36 :  817 1975 1977 4477 3317 1397 4475 744 3897 3244
Route	37 :  860 22 3360 2522 1603 1345 3845 803 2443 4103 3303 4943
Route	38 :  2300 207 1665 4165 2707 1392 1844 4344 3892 4800 911 251 3411 2751
Route	39 :  1884 1743 4384 4243 454 1026 2954 3526 595 1252 3095 3752
Route	40 :  563 3063 1662 1373 4162 1399 3899 2371 3873 4871
Route	41 :  935 1157 1685 3657 4185 2157 3435 1808 1144 4657 3644 4308
Route	42 :  1352 792 3292 3852 570 2017 2049 1651 4549 1242 4517 4151 3742 3070
Route	43 :  502 362 2862 3002 1484 119 2175 2619 3984 244 4675 618 2744 3118
Route	44 :  255 97 2597 1482 2755 1296 3982 3796
Route	45 :  196 2193 187 2687 497 2696 4693 2074 2997 1798 2214 1378 4574 4298 4714 3878
Route	46 :  1862 1097 916 4362 1639 3416 157 4139 993 2657 3597 3493
Route	47 :  2054 2018 1619 4554 2392 4119 4892 1348 1325 1709 3848 4518 4209 3825
Route	48 :  96 1216 2596 1280 3716 2117 3780 4617
Route	49 :  559 2283 3059 4783 172 1555 2672 2185 4055 4685
Route	50 :  1830 495 1969 2995 4330 4469 166 679 1053 3553 2666 877 3377 3179
Route	51 :  1017 3517 1011 3511 2222 1410 3910 4722
Route	52 :  2324 2408 4824 4908 1929 1186 3686 4429 1191 2375 3691 4875
Route	53 :  325 422 776 2922 2825 481 1672 3276 1047 4172 2981 3547
Route	54 :  1155 229 2729 3655 2323 2434 4934 4823 976 1645 4145 3476
Route	55 :  81 549 2581 3049 1065 2304 1654 4804 3565 4154
Route	56 :  416 1949 4449 1018 1589 2916 10 1826 4089 3518 888 2510 4326 3388 2298 4798
Route	57 :  1536 208 2708 1986 1478 3978 1099 4486 1496 4036 3599 1197 3996 3697
Route	58 :  572 858 3358 3072 2494 2144 1814 4994 4314 2259 4644 1073 3573 4759
Route	59 :  1227 1176 2250 3676 3727 1911 4750 1586 488 4086 2988 4411
Route	60 :  1828 465 1395 4328 2965 3895 1480 3980
Route	61 :  169 631 355 3131 2855 2669 1608 1174 3674 4108
Route	62 :  854 357 2356 3354 2857 2475 239 4856 4975 2409 4909 2739
Route	63 :  643 1257 3757 1591 3143 1422 3922 4091 956 851 3351 3456
Route	64 :  1048 1135 1196 1646 3696 1524 881 4024 3381 544 3044 4146 3548 987 3635 3487
Route	65 :  2470 1130 4970 1957 1961 308 4457 807 3630 2808 2124 4461 3307 275 4624 2775
Route	66 :  539 1110 3610 1324 3039 383 2883 3824
Route	67 :  1231 1719 676 3176 3731 2002 4219 1796 1994 4494 4502 4296
Route	68 :  1199 3699 2430 1922 4930 1114 3614 1600 1540 4422 4100 464 4040 2964
Route	69 :  197 532 869 3032 2697 1505 1925 3369 4425 1143 4005 241 3643 2741
Route	70 :  1032 2152 3532 1438 986 4652 1891 828 3328 4391 3486 113 3938 2613
Route	71 :  1567 1060 4067 2142 1882 3560 4382 215 2042 1182 2715 4642 3682 4542
Route	72 :  1010 1581 4081 3510 2378 409 4878 2322 2909 1865 629 4822 4365 3129
Route	73 :  2180 853 4680 932 1404 529 1224 3432 3904 3029 1351 3851 3353 3724
Route	74 :  1190 2206 249 3690 4706 2384 133 2633 1601 2749 4884 4101
Route	75 :  1522 277 1946 2777 4022 4446 922 2455 3422 4955
Route	76 :  1376 984 1366 3876 562 3484 3866 3062 89 1096 3596 2589
Route	77 :  1019 1784 584 3084 3519 490 4284 148 2990 1034 3534 2648
Route	78 :  2426 4926 1504 1668 943 4004 1551 161 4051 1970 3443 2661 4168 136 4470 2636
Route	79 :  1960 4460 2150 4650 2296 904 326 3404 2826 4796
Route	80 :  1318 834 3334 1076 1733 4233 3576 3818
Route	81 :  2312 1466 4812 775 3966 2453 821 4953 3275 3321
Route	82 :  1682 2166 4182 1213 4666 777 3713 2346 3277 4846
Route	83 :  193 848 2693 3348 1879 526 4379 3026
Route	84 :  1649 730 3230 4149 198 291 1302 1559 2698 3802 2791 4059
Route	85 :  2248 2423 600 4748 3100 4923 211 1926 2711 2350 1885 4426 4850 4385
Route	86 :  1772 2226 2365 4726 1904 4865 4272 4404 1291 3791
Route	87 :  2130 4630 1938 158 4438 2658 311 977 2811 3477
Route	88 :  538 1406 3038 1742 1704 1990 393 4490 3906 4204 2348 4242 2893 4848
Route	89 :  1983 1890 4483 350 4390 2410 2850 2354 4910 701 3201 4854
Route	90 :  1391 960 3460 3891 1740 411 4240 2911
Route	91 :  217 947 1098 3598 882 2717 3447 3382 2442 17 4942 2517 1877 4377
Route	92 :  2001 276 2047 2776 4501 921 4547 1251 3751 3421 305 2210 4710 2805
Route	93 :  1063 1386 46 3563 2546 2056 3886 872 59 4556 2559 3372
Route	94 :  972 2149 1163 2126 3472 1064 4626 1493 3993 2358 3564 1367 4858 4649 3663 3867
Route	95 :  110 1472 203 3972 2703 944 2610 1832 4332 3444
Route	96 :  2496 1932 4996 2468 4432 1162 4968 3662
Route	97 :  50 1578 147 389 2550 2889 2647 755 4078 1710 3255 2278 4778 4210
Route	98 :  2276 930 4776 2165 1414 2216 4665 3430 1050 4716 3914 1699 3550 4199
Route	99 :  1535 1436 4035 687 486 3936 3187 2986
Route	100 :  831 2192 3331 1200 2309 3700 4692 1563 1150 4809 3650 4063
Route	101 :  2246 1838 1077 4746 4338 2232 601 3101 3577 1429 4732 3929
Route	102 :  564 1383 3064 40 2540 3883 812 2389 4889 3312
Route	103 :  648 2161 441 3148 403 4661 2903 2941 2493 799 1656 3299 151 4156 4993 2651
Route	104 :  1848 2274 4774 4348 2251 2417 4751 1993 1078 4917 3578 4493 1219 3719
Route	105 :  1995 1290 3790 4495 2209 514 1382 686 4709 3186 3014 3882
Route	106 :  2108 24 123 2524 4608 2623 782 3282 1985 884 1745 2129 4485 4629 3384 4245
Route	107 :  541 1674 2218 4174 4718 523 3041 550 1401 3050 1988 3901 3023 4488
Route	108 :  180 372 2680 2872 833 814 3314 3333
Route	109 :  2288 2456 4956 1898 106 2606 1996 4398 4788 176 2676 4496
Route	110 :  319 712 724 3224 2819 661 2084 3212 2390 4584 2347 3161 4847 4890
Route	111 :  1981 48 365 4481 2548 1741 4241 2386 2865 4886
Route	112 :  1887 4387 2063 346 1071 101 4563 2846 1860 2601 3571 1624 4360 4124
Route	113 :  1652 2156 4656 4152 713 2353 901 4853 3213 3401
Route	114 :  586 171 419 3086 2919 112 2671 256 1873 1806 2612 4373 2756 4306
Route	115 :  492 394 2992 2894 614 590 2223 3114 111 3090 4723 1593 4093 2611
Route	116 :  1292 2089 1965 3792 4589 2433 4465 1450 4933 3950 1978 4478
Route	117 :  2196 1528 1992 4492 929 4696 4028 530 3030 1286 1204 3429 3704 3786
Route	118 :  1123 1000 3500 863 3363 3623 1695 406 4195 1111 992 3611 2906 3492
Route	119 :  78 1810 2578 1430 1102 695 3930 1971 3195 435 3602 4471 2935 4310
Route	120 :  18 501 2518 628 3001 447 398 2898 3128 2947
Route	121 :  387 280 2887 156 2780 1412 1545 2656 1066 3912 4045 3566
Route	122 :  1007 2238 3507 2075 4575 1856 4738 1538 4356 4038 1036 1461 3536 1122 3961 3622
Route	123 :  85 2585 2345 556 1069 4845 3056 1711 83 3569 2583 4211
Route	124 :  1051 468 3551 1202 2968 3702 1070 186 3570 2686
Route	125 :  1384 2368 47 2269 3884 2547 1974 4868 4474 1109 4769 1269 3609 3769
Route	126 :  1515 1972 610 4472 3110 2151 1558 4015 1028 4058 4651 3528
Route	127 :  2405 2048 4905 999 1112 4548 194 3499 2694 1744 1282 2138 3612 4244 4638 3782
Route	128 :  1105 1962 3605 4462 2342 1587 4087 4842 1775 491 4275 1752 2991 1964 4252 4464
Route	129 :  1353 2025 4525 599 3853 3099 525 3025 1497 1781 4281 3997
Route	130 :  343 2027 1276 3776 2843 561 4527 840 3061 3340
Route	131 :  2145 2046 4546 4645 1057 2023 1928 3557 4523 4428
Route	132 :  2154 1714 1164 1421 1667 4654 3664 4214 4167 1221 3921 2340 3721 4840
Route	133 :  1444 3944 1 417 945 2917 2501 1896 815 4396 3445 3315
Route	134 :  684 1322 1342 381 3842 3822 3184 1621 2881 506 214 3006 4121 2714
Route	135 :  43 2343 1132 1800 2543 4843 4300 2295 3632 1147 4795 3647
Route	136 :  216 697 1477 2716 3197 1491 1104 3977 3604 717 3991 3217
Route	137 :  959 1697 412 4197 3459 874 774 2912 257 3374 2757 3274 1716 4216
Route	138 :  134 920 2634 314 2814 1919 3420 1959 4419 950 2419 378 4459 4919 3450 2878
Route	139 :  533 2204 2258 4704 4758 477 3033 1171 878 3671 3378 797 2977 3297 13 2513
Route	140 :  1433 1038 1486 3933 1074 3538 2256 827 4756 3986 2363 3574 4863 3327
Route	141 :  581 1015 423 2923 3081 1261 3515 2201 1875 781 4375 3761 4701 3281
Route	142 :  1056 2402 4902 958 3556 620 137 3120 2637 1791 4291 2370 3458 4870
Route	143 :  2052 153 4552 437 2653 681 2937 2307 3181 4807
Route	144 :  2029 751 1927 4529 2220 4427 3251 4720
Route	145 :  182 2103 573 53 2682 4603 2553 3073 446 1765 4265 2946
Route	146 :  1158 1588 542 3658 3042 4088 560 830 3330 2015 3060 4515
Route	147 :  1948 1189 1451 4448 746 3689 644 3246 3951 1234 1533 3144 322 3734 4033 2822
Route	148 :  890 3390 79 528 923 2579 3028 289 3423 735 1187 3687 2789 3235 748 1525 3248 4025
Route	149 :  377 2877 149 832 2649 288 1116 3332 2287 3616 2788 789 4787 3289
Route	150 :  2280 1427 4780 3927 1473 199 3973 386 2699 2886
Route	151 :  1557 2101 645 4601 4057 3145 902 2451 2294 4951 2066 4794 4566 3402
Route	152 :  836 2329 3336 4829 816 2400 2291 4900 3316 949 4791 3449
Route	153 :  1620 767 4120 2302 702 63 3267 2563 4802 1201 3202 3701 448 2948
Route	154 :  2376 1081 597 3097 3581 924 1459 4876 1046 3959 3424 2078 3546 4578
Route	155 :  989 342 981 3489 2842 3481 2088 4588 1440 864 2190 4690 3940 3364
Route	156 :  575 3075 602 2425 1453 368 3102 2868 3953 4925 1720 4220
Route	157 :  2188 1452 4688 296 3952 2266 2796 1316 1445 3816 4766 3945
Route	158 :  408 2908 1175 589 3675 1568 1358 3089 2033 4068 4533 794 237 3858 3294 2737
Route	159 :  1128 641 3628 1913 3141 1967 1795 4413 658 4295 4467 3158
Route	160 :  143 1411 1275 2643 3775 1722 3911 1042 165 2665 4222 3542
Route	161 :  873 1284 1205 1248 500 3705 3784 2172 3000 3748 4672 3373
Route	162 :  2273 1507 4007 87 4773 1616 4116 2099 2487 2587 268 4987 4599 2768
Route	163 :  2439 1840 4340 331 2831 2336 4939 2265 4836 31 2531 4765
Route	164 :  1337 1118 3618 1090 3837 3590 754 140 3254 2640
Route	165 :  1819 4319 233 1897 2733 293 4397 2115 4615 2793 234 2734 961 3461
Route	166 :  859 1869 3359 1385 4369 405 3885 2905 1456 953 3956 259 3453 2759
Route	167 :  1692 1435 1265 3935 4192 2498 1818 2243 4318 1849 4998 4743 4349 3765
Route	168 :  2198 996 3496 1209 3709 1845 4698 1813 2478 4345 4313 4978
Route	169 :  553 3053 1564 2038 4538 35 1607 4064 4107 269 2535 2043 4543 2769
Route	170 :  2313 1746 4813 1541 4041 4246
Route	171 :  1829 588 4329 1454 3088 696 3954 1729 2019 4229 4519 3196
Route	172 :  1095 295 3595 2795 2374 627 1857 4874 3127 329 4357 1181 3681 2829
Route	173 :  736 1285 1417 3917 3785 546 3236 2387 1044 4887 3046 3544
Route	174 :  894 3394 585 1434 484 2984 3934 3085
Route	175 :  1152 1474 3974 3652 2279 518 4779 3018 472 2972
Route	176 :  2071 1247 474 4571 2484 2974 4984 3747 2044 209 272 2772 4544 2709
Route	177 :  2178 1614 4678 591 4114 3091 1008 2081 1489 3508 3989 4581 822 742 3322 3242
Route	178 :  708 1734 545 4234 2483 3208 3045 1944 2462 4983 4444 4962
Route	179 :  2120 1142 2446 4946 3642 1330 4620 967 3830 2026 1239 4526 3467 3739
Route	180 :  706 3206 1338 1855 1640 4140 4355 3838 332 1637 420 4137 2832 2920
Route	181 :  1749 1569 2189 4689 4249 1625 4069 2380 780 3280 4880 4125
Route	182 :  571 728 1583 4083 513 3228 3071 1031 3013 1258 3758 3531
Route	183 :  1027 1139 3639 598 3527 159 1423 3923 2659 3098
Route	184 :  1920 26 4420 1666 2526 2128 2068 1085 4568 4166 3585 2127 4628 4627
Route	185 :  1020 1822 1245 3520 2499 3745 467 4322 4999 1259 2967 3759
Route	186 :  1041 579 3079 3541 1788 895 2338 4288 503 3003 4838 1933 3395 4433
Route	187 :  1691 899 843 1513 3399 594 3094 3343 4013 4191
Route	188 :  482 605 2982 127 3105 551 2627 3051 2476 90 4976 2590
Route	189 :  498 2998 1194 1633 1495 558 3058 512 4133 3995 3012 3694
Route	190 :  1362 608 3108 647 3862 1236 3736 1006 3147 1363 3506 3863
Route	191 :  867 324 2109 3367 2824 4609 737 1839 3237 4339
Route	192 :  37 934 2537 2122 2119 3434 4619 974 1648 3474 54 4622 4148 2554
Route	193 :  473 1941 665 3165 819 2973 4441 2352 732 4852 847 3347 3319 3232
Route	194 :  2141 2013 604 4641 845 4513 906 1329 3104 3345 3829 3406
Route	195 :  1218 1980 983 3718 3483 1387 4480 303 3887 2803
Route	196 :  766 1609 3266 2212 4109 946 238 4712 3446 1014 2738 3514
Route	197 :  926 2073 4573 3426 1517 1365 4017 1606 4106 3865
Route	198 :  1334 1836 3834 1177 4336 396 2896 1823 3677 73 4323 2573
Route	199 :  1243 414 3743 1134 354 2914 102 2854 333 3634 2602 1124 2833 3624
Route	200 :  449 2275 2949 515 4775 3015 327 2267 4767 2385 4885 2827 786 3286
Route	201 :  2080 2485 1072 56 3572 2556 4580 4985 337 1963 829 2837 4463 3329
Route	202 :  1987 1126 1613 4487 3626 1804 228 4113 4304 1253 2728 1892 4392 3753
Route	203 :  1916 1052 4416 444 3552 1080 1498 2944 1289 3580 3998 3789
Route	204 :  646 1127 82 367 3627 3146 2582 2495 2867 519 4995 1602 4102 1717 3019 4217
Route	205 :  1760 1952 61 4260 727 4452 2561 3227
Route	206 :  1726 162 312 2812 1310 4226 2662 266 99 2599 3810 2766
Route	207 :  1465 3965 2167 939 2016 3439 4667 4516
Route	208 :  2399 1235 4899 3735 543 2086 3043 4586
Route	209 :  2133 2379 4633 638 4879 1605 4105 1307 3138 2431 3807 4931 975 3475
Route	210 :  2096 680 2488 4988 4596 982 3180 2200 4700 3482
Route	211 :  1630 2362 1553 4130 4862 4053 1650 1701 4150 1880 4201 4380
Route	212 :  1272 1485 1542 3772 145 3985 4042 2645 666 1012 3166 3512
Route	213 :  757 164 3257 5 2505 2664 752 489 2989 3252
Route	214 :  773 1273 2414 3273 4914 3773 2008 850 1523 282 4508 3350 2782 4023
Route	215 :  2090 8 2252 4590 4752 2508 107 2607 1295 912 3412 3795
Route	216 :  2194 404 4694 2904 1664 621 2053 3121 115 4553 4164 2615 1782 4282
Route	217 :  2009 2224 2450 4509 261 4950 2761 1785 4724 607 4285 3107
Route	218 :  2242 1687 4187 4742 1254 227 3754 442 2942 2727
Route	219 :  1371 2403 77 4903 2577 1206 2448 3706 3871 4948
Route	220 :  659 2205 2168 3159 4668 103 4705 2203 4703 2603
Route	221 :  710 1802 3210 657 675 3157 4302 2463 1827 1115 3175 4963 4327 3615
Route	222 :  105 622 1663 174 4163 2605 2299 3122 4799 2674 1976 4476
Route	223 :  2349 1647 1520 4020 4849 952 1571 4147 524 3452 4071 3024
Route	224 :  1771 4271 1437 429 2367 2929 3937 2369 4867 192 2692 1955 1766 4455 4266 4869
Route	225 :  1396 1577 2093 3896 4077 2445 4593 806 1442 3306 603 3942 4945 3103
Route	226 :  715 1305 3805 1747 3215 1043 4247 1751 997 1339 3543 3497 4251 3839 426 2926
Route	227 :  2195 1033 1560 3533 1590 1658 4695 4090 4060 4158
Route	228 :  2334 632 4834 557 3132 3057 1424 669 1894 3169 3924 4394
Route	229 :  1787 1084 951 671 3584 1315 3451 2357 4287 3171 4857 3815
Route	230 :  914 2303 3414 4803 552 315 3052 674 3174 2815
Route	231 :  978 479 1101 3601 3478 919 1790 379 616 4290 2979 3419 2879 3116
Route	232 :  1447 1005 3947 2030 3505 898 1698 4530 2437 4937 3398 4198
Route	233 :  1817 231 4317 569 2731 221 131 2721 3069 2631
Route	234 :  2416 2321 4916 4821 100 200 2600 2700 973 1883 121 2621 4383 3473
Route	235 :  1172 3672 1936 940 1170 2031 3440 3670 4436 4531 649 3149 1103 3603
Route	236 :  1267 2404 1947 4904 4447 3767 1629 2050 619 4129 4550 3119
Route	237 :  118 2490 910 2618 1268 3768 3410 4990 2457 2207 4957 4707
Route	238 :  163 909 68 592 2568 3409 138 3092 459 2638 1580 2663 2959 4080
Route	239 :  2064 4564 4 2339 318 2504 2123 4839 4623 2818
Route	240 :  413 2268 2913 415 2915 70 4768 425 1055 2570 2925 3555
Route	241 :  2146 1492 4646 3992 1457 2310 1526 1082 4810 431 4026 3957 2931 3582
Route	242 :  2202 1901 778 4702 3278 880 4401 617 1956 683 3380 3183 109 4456 3117 2609
Route	243 :  224 809 2724 1120 3620 3309 1592 213 1918 1642 4092 4418 4142 2713
Route	244 :  842 567 3067 12 3342 2091 2512 1140 678 3640 3178 4591
Route	245 :  41 2541 1708 846 3346 4208
Route	246 :  991 1501 4001 3491 988 2148 4648 540 3488 313 2813 3040
Route	247 :  2406 1403 2070 606 4906 3903 3106 4570 1638 2191 1481 4138 4691 3981
Route	248 :  1306 306 1244 1211 3806 3744 2806 120 2620 505 3711 3005
Route	249 :  2225 2239 4739 1632 4725 2014 4514 1871 4132 2306 4371 4806
Route	250 :  2341 1973 4841 1774 4274 4473 1343 21 195 3843 2695 2521
Route	251 :  2067 1907 2082 4567 4582 1240 4407 3740 1676 1354 3854 4176
Route	252 :  1083 1530 1966 4030 4466 3583 27 1022 2527 3522 1792 4292
Route	253 :  334 2262 1350 2834 3850 4762 1003 2219 3503 2034 4719 870 3370 4534
Route	254 :  1858 114 2467 2614 4358 2131 4967 4631 2158 535 4658 3035
Route	255 :  1852 2315 4815 4352 2332 2326 998 4832 3498 1725 4826 4225
Route	256 :  369 2137 4637 2869 336 765 323 3265 2823 2836
Route	257 :  1313 2121 1359 3813 651 3859 4621 779 3151 2011 3279 4511
Route	258 :  363 67 723 2863 2567 2395 3223 705 936 4895 3205 3436
Route	259 :  2 1039 1684 3539 1067 4184 2502 3567 1326 30 1463 2530 3826 3963
Route	260 :  1997 4497 2140 1900 1909 4400 4640 1320 428 4409 2928 3820
Route	261 :  1653 865 320 2171 339 4153 3365 2820 1333 4671 1512 2839 4012 3833
Route	262 :  1138 1475 3638 1156 3975 3656 36 2536
Route	263 :  222 2722 458 80 128 2580 2958 1230 2628 3730
Route	264 :  1409 3909 1426 1274 3926 1374 3774 1346 2260 3874 4760 3846
Route	265 :  1312 1418 3812 719 3918 1408 3219 1241 3741 3908
Route	266 :  1054 1801 1757 4301 3554 2245 1843 4257 1702 4745 4202 4343
Route	267 :  893 1610 3393 1705 990 4205 4110 637 536 3490 3036 2032 4532 3137
Route	268 :  1428 2308 1500 34 2183 1991 3928 4808 2534 4000 2372 749 4491 4683 4872 3249
Route	269 :  1889 994 348 1910 4389 3494 1341 4410 3841 1361 2848 2253 4753 3861
Route	270 :  1369 219 2257 3869 1859 247 2719 4757 1874 2747 4359 927 4374 3427
Route	271 :  1700 593 4200 1483 3093 1767 4267 122 3983 2622
Route	272 :  1079 450 2164 1982 4664 4482 3579 2182 2950 356 2856 1327 3827 4682
Route	273 :  673 1133 3173 3633 349 2849 609 508 714 3214 3008 3109
Route	274 :  2007 1584 4507 1388 3888 4084 2234 2292 707 3207 4792 4734 1093 3593
Route	275 :  108 2162 2608 4662 1061 2176 1673 2107 4173 4676 3561 4607
Route	276 :  918 2489 2010 2249 3418 4510 307 4989 2807 4749
Route	277 :  577 1713 995 4213 76 1458 3495 3077 2576 2098 4598 3958
Route	278 :  1293 3793 1238 1768 3738 57 4268 2557 1091 1405 3591 824 3905 3324
Route	279 :  1738 2318 4238 664 2366 4818 4866 299 2799 3164
Route	280 :  3 1753 2503 4253 42 1881 1518 4018 2542 663 566 4381 3066 3163
Route	281 :  1984 1573 62 2562 2037 4484 23 4073 4537 1024 2261 3524 4761 2523
Route	282 :  150 264 1469 2764 28 2650 2528 1455 3969 3955
Route	283 :  862 1888 1107 3362 4388 611 3607 2170 1226 823 4670 3111 1951 4451 3323 3726
Route	284 :  344 2428 466 2844 741 4928 2966 531 3241 1723 4223 722 3222 3031
Route	285 :  2065 653 4565 750 656 3153 3250 71 583 3156 3083 2571
Route	286 :  841 263 2177 2763 3341 66 4677 2566 1924 582 463 4424 3082 2963
Route	287 :  1370 3870 1761 2039 487 4261 4539 2102 2987 2208 1748 4602 4708 4248
Route	288 :  937 2104 3437 4604 1159 980 246 126 3480 3659 2626 2746
Route	289 :  970 1283 3470 1595 3783 141 1917 4417 2641 4095
Route	290 :  2199 1570 4699 4070 1004 623 3123 3504 1100 1487 3987 1402 3600 3902
Route	291 :  938 370 1141 2870 3641 3438 761 1599 2077 4577 3261 4099
Route	292 :  908 596 3408 1393 1999 1049 1537 4499 4037 3893 3549 3096
Route	293 :  397 2282 2897 86 4782 45 2586 1016 2545 16 3516 2516
Route	294 :  1193 1696 4196 2057 3693 694 1314 4557 3814 3194 469 1087 3587 1217 2969 3717
Route	295 :  1820 931 4320 783 1690 373 410 2910 4190 2873 3283 1222 3722 3431
Route	296 :  805 1715 3305 443 2360 4215 242 4860 2943 2407 2742 1263 4907 3763
Route	297 :  1094 1661 1328 1934 3594 310 2810 3828 4161 4434
Route	298 :  1803 4303 826 1145 3326 3645 358 1340 2858 3840
Route	299 :  1755 1914 4255 1989 2264 4414 168 1364 2112 2668 4489 2233 4764 4612 3864 4733
Route	300 :  316 1233 2816 3733 511 1125 3625 3011 2293 480 2980 896 3396 4793
Route	301 :  470 1225 2970 1195 1203 3725 971 3703 3471 427 3695 580 2927 3080
Route	302 :  130 499 2999 1730 2630 2022 2100 4600 4230 4522 341 2841
Route	303 :  1893 1180 2005 568 4393 4505 3068 1184 3680 3684
Route	304 :  262 2286 2059 2762 4786 2217 1799 4559 1793 4717 461 4299 4293 2961
Route	305 :  1323 328 1943 2327 2828 4443 4827 3823 2187 768 3268 4687 478 2978
Route	306 :  253 928 2753 3428 74 1728 2574 4228 218 852 2718 38 2411 3352 1998 2538 4911 1303 4498 3803
Route	307 :  1670 504 948 4170 772 3448 3004 1789 4289 3272 1635 1834 4135 4334
Route	308 :  838 294 2794 3338 1778 1287 4278 452 3787 2952 1250 3750
Route	309 :  1503 1585 4085 4003 210 1357 3857 2710 93 690 3190 2593
Route	310 :  11 2444 965 2511 1332 3465 301 4944 1288 2801 3832 1863 4363 3788
Route	311 :  764 1153 1462 3264 1025 3653 1223 3962 3525 3723
Route	312 :  2469 309 1549 4049 785 2809 279 4969 1641 3285 2779 4141 2021 4521
Route	313 :  2429 2272 4929 188 4772 1547 2311 2688 4047 762 4811 3262
Route	314 :  1797 1628 4297 2472 2263 4128 4763 1380 4972 3880 624 374 3124 2874
Route	315 :  2134 1208 1543 1604 4634 4104 3708 1727 4043 4227
Route	316 :  837 2062 4562 1449 14 3337 726 2514 3949 3226
Route	317 :  925 202 3425 871 3371 1681 2702 1137 184 3637 391 2684 2891 4181
Route	318 :  1773 2466 2227 4273 4727 421 4966 175 185 2675 2921 7 2685 2507
Route	319 :  652 574 703 3152 2114 625 3203 3125 4614 3074 2491 4991
Route	320 :  1940 1035 4440 964 3464 1460 3535 1736 353 2853 3960 4236
Route	321 :  1694 2344 4844 801 4194 2461 3301 1780 1945 4961 4280 887 3387 4445
Route	322 :  385 1441 2335 3941 2885 1058 335 2045 4835 3558 4545 2835
Route	323 :  1398 1413 520 1317 3913 3020 3817 2328 3898 639 3139 4828
Route	324 :  1002 476 3502 72 2289 1815 2976 889 2572 4789 4315 3389
Route	325 :  64 2564 2382 1895 4395 4882 907 92 1902 3407 2592 4402
Route	326 :  189 152 2689 2652 1759 167 662 4259 1198 2667 1939 3162 4439 3698
Route	327 :  941 2383 4883 2125 4625 670 3441 985 1532 4032 3170 3485
Route	328 :  2351 1519 4851 432 1210 390 2890 4019 2412 2932 4912 3710
Route	329 :  1931 1718 1937 4437 4218 968 4431 790 3468 2231 402 3290 4731 2902
Route	330 :  903 2241 4741 1846 3403 763 375 4346 2875 1246 3263 3746
Route	331 :  1762 2364 304 4262 384 2884 4864 733 2804 1534 4034 3233
Route	332 :  2236 729 1953 1935 4453 1612 2285 4435 875 4785 4112 3375 4736 3229
Route	333 :  693 1119 3193 808 19 3619 2519 1166 3666 613 3308 3113
Route	334 :  1308 963 3463 3808 1575 1068 1596 4075 4096 3568
Route	335 :  1299 1623 273 4123 2773 1556 3799 2290 4056 2355 4790 1899 4855 4399
Route	336 :  2422 1594 747 4094 1160 4922 849 857 3247 2229 3357 3660 1634 4729 4134 3349
Route	337 :  2237 395 2895 2087 2228 1088 4737 297 2797 4728 3588 793 4587 1347 3847 3293
Route	338 :  225 1220 2036 2725 4536 1950 3720 630 243 284 2743 4450 2784 3130
Route	339 :  2482 125 1488 1942 1300 1214 4982 1835 3988 2625 3800 321 4442 4335 3714 2821
Route	340 :  179 1821 4321 2679 2331 2464 4831 1912 509 4964 4412 3009
Route	341 :  392 32 1439 2532 2892 1618 60 758 3258 2560 4118 3939
Route	342 :  788 1344 2160 2420 3288 3844 9 4660 274 4920 2509 2774
Route	343 :  254 716 205 3216 245 2745 2754 2240 2705 1256 3756 4740
Route	344 :  2337 900 4837 3400 2006 933 4506 2497 3433 4997
Route	345 :  913 2159 1908 4659 3413 1598 4098 4408
Route	346 :  1657 352 820 2852 3320 4157 236 2396 2284 2736 2435 4896 4935 4784
Route	347 :  2169 1355 2028 4528 4669 2139 1001 4639 3855 1850 3501 1833 4333 4350
Route	348 :  2424 555 4924 1030 1425 154 3530 2654 3055 3925
Route	349 :  966 1309 861 3361 3809 1847 2179 1356 4679 3856 4347 3466
Route	350 :  2415 2085 811 4915 2254 3311 1277 4754 4585 810 3777 3310
Route	351 :  1443 835 1686 3943 75 4186 3335 1626 721 2575 2215 3221 4715 4126
Route	352 :  132 2317 1579 2632 4079 4817 2181 1776 4681 4276
Route	353 :  1675 2333 4833 4175 1562 1470 160 4062 3970 2281 2660 2458 4958 1106 3606 4781
Route	354 :  1631 4131 2095 453 4595 2953 496 2996
Route	355 :  2000 1335 4500 3835 1146 1816 1572 4316 3646 1511 4011 2319 4072 4819
Route	356 :  688 285 1377 3877 1805 3188 407 2785 868 4305 135 2907 2635 3368
Route	357 :  668 3168 1954 1178 4454 190 3678 1531 2690 660 1471 3160 3971 1281 4031 3781
Route	358 :  104 1864 2604 1183 4364 1375 51 1866 3683 3875 4366 2551
Route	359 :  267 1360 3860 2767 338 201 2838 640 2297 3140 4797 2213 2701 2477 4977 4713
Route	360 :  58 2391 98 4891 39 2539 2598 2558 300 124 2211 2800 1228 2624 4711 3728
Route	361 :  1779 250 2750 2459 4279 1154 2235 3654 4959 4735
Route	362 :  1731 1136 4231 2486 3636 2004 1297 4986 1270 1903 4403 3770 3797 4504
Route	363 :  521 347 3021 2051 2847 1215 709 4551 3715 116 248 2616 2748 3209
Route	364 :  2440 91 1381 1831 3881 1837 4940 2591 451 1546 4331 1148 4337 4046 2951 3648
Route	365 :  2480 1644 4144 1724 547 4980 1379 4224 3047 3879
Route	366 :  1842 740 1703 4342 3240 4203 677 1627 4127 3177
Route	367 :  879 1165 3379 1554 2092 4592 3665 290 4054 725 2314 3225 4814 2790
Route	368 :  1565 1514 1045 3545 1841 4014 1467 4065 4341 813 3313 3967 969 3469
Route	369 :  2359 691 1968 3191 4468 4859 1331 1867 183 3831 4367 2683
Route	370 :  756 897 510 3397 866 3256 3366 3010
Route	371 :  917 1509 1237 4009 718 3737 3417 760 2436 3218 3260 4936
Route	372 :  2041 4541 1807 507 65 1149 4307 1764 2565 4264 3649 3007
Route	373 :  265 534 3034 2471 2765 4971 1161 3661
Route	374 :  1622 2106 4606 4122 1311 1464 2473 382 3964 3811 4973 2882
Route	375 :  2438 2012 4938 700 4512 1878 4378 1783 650 3200 4283 3150
Route	376 :  743 905 3243 1566 142 3405 954 4066 3454 2642
Route	377 :  212 1040 2325 4825 3540 2712 1769 2184 704 1229 4684 3729 3204 4269
Route	378 :  1415 1550 3915 438 4050 1021 1266 3766 957 3521 2938 3457
Route	379 :  1735 1271 3771 1861 4235 769 302 2802 1278 2024 4361 3269 4524 3778
Route	380 :  2381 129 2629 4881 2479 962 4979 3462
Route	381 :  1294 1854 204 2058 2704 4354 825 4558 3794 485 3325 2985
Route	382 :  2110 462 1510 4610 2962 2247 330 4010 578 2830 4747 3078
Route	383 :  1207 1279 787 3707 2492 3287 3779 1905 1062 4405 3562 4992
Route	384 :  1876 439 2118 4618 4376 2939 2083 258 1108 4583 3608 2758
Route	385 :  2377 351 4877 191 2851 685 3185 434 2691 1636 2934 4136
Route	386 :  2060 206 4560 2706 698 1721 4221 3198
Route	387 :  795 2221 483 3295 4721 49 1758 240 2549 4258 2983 2740
Route	388 :  784 286 2786 95 3284 418 2918 1298 2595 1013 3513 3798
Route	389 :  1707 2460 1494 4960 1574 4207 4074 3994
Route	390 :  517 2097 287 2787 1671 3017 4597 1023 1059 4171 3559 3523
Route	391 :  1552 178 2255 4052 2163 445 2678 4755 4663 2945
Route	392 :  359 170 2474 4974 2859 278 1958 2670 1770 4270 731 4458 2778 3231
Route	393 :  818 2040 3318 1809 4540 1582 4082 1390 3890 433 4309 1712 4212 2933
Route	394 :  2079 1349 1419 3919 3849 4579 2361 2277 94 4861 2594 4777
Route	395 :  770 915 3270 2320 883 3415 4820 3383
Route	396 :  1212 3712 2197 855 298 3355 4697 1479 2798 804 3979 3304
Route	397 :  400 796 856 2900 3356 548 3296 2069 3048 2244 4569 4744
Route	398 :  1611 223 20 4111 2723 2520 1179 84 1037 2584 3679 3537
Route	399 :  527 3027 1506 270 4006 2500 2035 2770 2094 4535 5000 4594
Route	400 :  2481 1319 1643 4143 3819 1502 4981 1660 876 4002 1389 3889 4160 3376
Route	401 :  2173 1669 2301 759 4673 2397 4169 791 4897 699 3291 3199 3259 4801
Route	402 :  1921 173 88 4421 2673 1979 2588 388 317 4479 2817 2888
