Instance name : ber-n2500-6
Authors       : Dmitriy Demin, Mikhail Diakov (msd@veeroute.com), Ivan Ilin, Nikita Ivanov, Viacheslav Sokolov (vs@veeroute.com) et al. VRt Global (https://veeroute.com/)
Date          : 2023-04-18
Reference     : veeroute.com
Solution
Route 1 : 513 178 658 1428 1908 1763
Route 2 : 977 259 46 1509 1023 1296 2227 636 1886 2273
Route 3 : 748 238 1096 1488 2346 468 1998 1718
Route 4 : 131 38 1381 703 1953 1288
Route 5 : 890 213 2140 840 340 2090 704 1954 1590 1463
Route 6 : 330 557 1580 297 721 1807 1547 1971
Route 7 : 24 1274 1127 638 546 1796 1888 1060 2377 2310
Route 8 : 667 627 996 1917 437 1687 2246 1877
Route 9 : 313 1047 287 1537 2297 70 1563 1320
Route 10 : 579 312 202 1829 926 1452 718 1968 1562 2176
Route 11 : 979 2229 380 700 1630 1950 1230 2480
Route 12 : 793 1141 2043 326 152 495 2391 1402 1745 1576
Route 13 : 1209 747 797 662 2459 2047 848 1997 1912 876 2098 2126
Route 14 : 774 1081 731 2024 422 2331 1672 1981
Route 15 : 941 473 1129 2379 2191 1006 1723 2256
Route 16 : 728 659 323 1978 568 1909 1818 207 1573 1457
Route 17 : 483 361 350 1600 888 1733 1611 609 1859 205 2138 1455
Route 18 : 1026 515 2276 549 1799 1765 324 1079 2329 1574
Route 19 : 935 606 1856 670 272 1920 2185 1522 934 2184
Route 20 : 723 127 1131 1973 2381 307 1377 1557
Route 21 : 451 632 66 1701 1882 1316
Route 22 : 75 1325 85 712 1036 1335 1962 2286
Route 23 : 164 850 1414 1113 2100 1173 2363 551 2423 1801
Route 24 : 882 688 411 2132 1661 360 1938 1610
Route 25 : 50 428 1300 615 1073 1678 2323 1865 697 1947
Route 26 : 92 1342 1042 275 1525 316 2292 1566 800 2050
Route 27 : 755 831 690 2081 2005 1940 228 265 1478 1515
Route 28 : 204 1147 618 1454 1183 2397 2433 1868
Route 29 : 911 281 1531 1242 2161 1207 325 2457 1575 2492
Route 30 : 764 41 719 1969 2014 1291 1176 2426
Route 31 : 600 453 485 1850 190 1048 2298 1440 1703 1735
Route 32 : 1115 801 2365 180 158 1408 2051 708 1430 1958
Route 33 : 243 1050 2300 1493 423 536 1673 1786 35 1285
Route 34 : 981 1175 661 2231 1911 171 1017 2425 1421 2267
Route 35 : 309 1559 496 547 1797 1746
Route 36 : 998 21 174 1117 1424 2367 1271 2248 294 1544
Route 37 : 651 199 1137 1901 2387 1449 617 1867
Route 38 : 90 966 2216 200 354 1121 1340 1604 2371 1450
Route 39 : 610 705 1860 1955 653 240 1490 1903 298 1548
Route 40 : 669 1028 1919 484 1734 2278
Route 41 : 310 1097 1560 1074 381 828 2324 2078 1631 2347
Route 42 : 452 283 1093 2343 1702 1533
Route 43 : 1164 301 1551 108 1358 2414 523 166 1773 1416
Route 44 : 538 887 345 1595 1788 2137
Route 45 : 681 263 726 1513 894 1931 1976 2144
Route 46 : 397 363 1647 741 963 1613 1991 2213
Route 47 : 584 57 1834 1307 603 765 1853 2015
Route 48 : 170 362 1004 1612 687 1420 1937 2254
Route 49 : 1178 675 1925 2428 770 2020
Route 50 : 183 1433 928 2178 1247 734 596 2497 1846 1984
Route 51 : 457 241 1707 60 252 1502 1310 1491
Route 52 : 647 984 2234 1212 1897 2462 9 347 1259 1597
Route 53 : 20 784 1270 176 2034 504 3 1253 1426 1754
Route 54 : 1040 571 740 889 1821 2290 2139 1990 155 1405
Route 55 : 564 339 832 798 1814 2082 2048 1589
Route 56 : 524 1222 1774 2472 71 327 1321 1577
Route 57 : 896 1100 942 2350 713 2192 1963 2146
Route 58 : 554 739 394 900 1644 1989 2150 1804
Route 59 : 664 1031 950 2200 2281 467 1914 1717
Route 60 : 526 1204 303 2454 289 1539 1776 1553
Route 61 : 548 1069 1124 729 2374 1798 1979 503 1753 2319
Route 62 : 403 512 751 1762 565 2001 1815 1653
Route 63 : 945 250 2195 84 1500 834 1334 527 2084 1777
Route 64 : 852 733 382 2102 1983 44 1632 1294
Route 65 : 386 10 1082 399 1649 1260 2332 1636
Route 66 : 317 1084 1567 789 2039 775 2334 2025
Route 67 : 913 162 2163 181 910 1431 2160 1412
Route 68 : 1016 919 2266 195 692 2169 1445 1942
Route 69 : 1109 276 1526 2359 299 194 28 689 1549 1278 1444 1939
Route 70 : 952 757 2007 1092 2202 940 2342 2190
Route 71 : 1019 2269 1134 226 2384 817 1476 849 2099 2067
Route 72 : 742 2 1231 442 1252 1692 1992 2481
Route 73 : 1068 1146 1195 2396 2318 93 2445 1343
Route 74 : 256 962 1506 469 1719 650 2212 477 1900 1727
Route 75 : 1010 1102 2260 593 1843 674 2352 1924
Route 76 : 1104 359 154 1609 2354 1404 1243 2493
Route 77 : 702 1154 1952 902 2404 2152 492 1742
Route 78 : 189 783 332 105 1582 2033 1439 1218 2468 1355
Route 79 : 1168 612 191 1441 2418 1862 169 1419
Route 80 : 491 558 1741 295 274 1524 1808 1249 1545 2499
Route 81 : 885 816 2066 744 1994 2135 1202 2452
Route 82 : 49 1020 1191 45 2441 1295 1058 2270 1299 2308
Route 83 : 443 874 1153 2403 1236 1693 2124 23 1273 2486
Route 84 : 67 683 1013 1933 2263 1317
Route 85 : 16 1266 786 2036 865 752 2115 2002
Route 86 : 838 2088 769 25 501 1751 2019 1275
Route 87 : 416 823 578 296 1828 2073 1666 1546
Route 88 : 34 891 471 1284 2141 14 1011 2261 1721 1264
Route 89 : 509 645 1156 2406 1895 1759
Route 90 : 186 1166 144 1394 2416 780 1225 1436 2030 2475
Route 91 : 918 772 78 2168 1328 1076 2022 2326
Route 92 : 441 1224 960 17 1691 2474 1267 2210
Route 93 : 1003 637 2253 378 1887 1628
Route 94 : 1018 1106 2268 749 1999 2356
Route 95 : 232 671 1482 110 843 531 2093 1921 1781 1360
Route 96 : 1000 1070 165 2250 328 1415 1578 438 1688 2320
Route 97 : 904 225 1475 175 2154 635 1885 1425
Route 98 : 314 644 1894 1564 642 407 1892 1657 98 1348
Route 99 : 266 65 1516 1315 1237 537 859 2109 1787 2487
Route 100 : 344 331 1594 1101 980 595 1845 2230 2351 1581
Route 101 : 415 211 1665 985 949 2235 1185 1461 2435 2199
Route 102 : 431 773 754 2023 1681 308 1558 2004
Route 103 : 1250 562 2500 1812 81 1159 1119 2409 1331 2369
Route 104 : 1199 771 208 2021 1458 619 2449 1869
Route 105 : 141 83 1391 1162 368 1618 1333 2412
Route 106 : 489 1739 475 995 383 1725 1633 2245
Route 107 : 334 522 1152 487 1772 1737 2402 1584
Route 108 : 53 1065 1303 239 1489 160 2315 1410
Route 109 : 430 947 1035 2197 1680 602 1852 2285
Route 110 : 1012 198 856 899 2262 2106 417 2149 1448 1667
Route 111 : 279 792 2042 607 1529 1857
Route 112 : 103 400 1353 346 61 1650 1596 1311
Route 113 : 37 1125 978 2228 767 518 2375 1768 1287 2017
Route 114 : 909 592 76 2159 1111 1326 2361 1842
Route 115 : 807 1190 1001 2251 796 2057 472 1722 2440 853 2046 2103
Route 116 : 862 543 68 2112 1014 1318 1793 2264 1046 2296
Route 117 : 944 320 2194 1570 810 197 1447 2060
Route 118 : 99 1349 1045 1024 2295 895 2274 2145 1034 2284
Route 119 : 511 630 1880 237 1487 528 1761 1778
Route 120 : 1227 134 933 2477 1384 2183
Route 121 : 31 763 1143 2013 2393 1221 1281 2471
Route 122 : 790 2040 813 643 753 2063 2003 1893
Route 123 : 15 22 1265 990 1272 1234 2484 2240
Route 124 : 782 2032 96 967 1179 2429 1346 2217
Route 125 : 1091 746 86 1996 64 1336 2341 1314
Route 126 : 877 881 1180 1155 2430 685 2127 2131 1935 2405
Route 127 : 927 30 2177 1280 392 478 1642 120 1370 1728
Route 128 : 682 458 1932 1708 863 338 2113 1588
Route 129 : 835 436 387 794 2085 1637 1686 2044
Route 130 : 136 1386 435 855 808 1685 2105 2058
Route 131 : 370 779 2029 358 1620 539 1789 1608
Route 132 : 614 404 1200 311 1107 1561 1864 1654 2450 2357
Route 133 : 988 440 2238 991 2241 1690
Route 134 : 621 1126 1871 720 2376 654 1970 1904
Route 135 : 391 187 937 2187 1641 1437
Route 136 : 736 377 1986 373 1627 454 1623 1704
Route 137 : 419 233 1669 1133 1483 88 1338 2383
Route 138 : 139 827 2077 788 1389 1248 2498 2038
Route 139 : 257 646 1896 138 1388 1507 247 1497
Route 140 : 1025 1116 875 1128 488 2275 2366 2378 2125 1738
Route 141 : 1066 322 743 1993 2316 1572 625 244 1875 1494
Route 142 : 405 1077 975 970 2327 1655 2220 2225
Route 143 : 1181 569 55 1148 1305 1819 2398 2431
Route 144 : 886 1135 2136 2385 706 923 2173 1956
Route 145 : 270 1206 167 1030 2280 1417 2456 1520 974 2224
Route 146 : 221 508 1471 756 1151 2006 575 1758 1825 2401
Route 147 : 234 924 348 623 1873 1598 1484 2174
Route 148 : 39 1055 1289 735 1985 629 2305 1879
Route 149 : 1123 1057 540 448 2307 1698 1790 2373
Route 150 : 132 1083 1078 159 2328 2333 1409 1382
Route 151 : 215 412 806 879 1465 2056 2129 1662
Route 152 : 777 249 559 1241 1499 2491 1809 2027
Route 153 : 271 906 1171 2421 1521 2156 1088 2338 631 1881
Route 154 : 1245 781 939 2031 2495 2189
Route 155 : 987 188 2237 1438 846 89 1339 2096
Route 156 : 390 1640 1216 842 2466 2092
Route 157 : 126 1376 218 649 112 1468 1362 1033 1899 2283
Route 158 : 1095 818 2345 696 444 1946 1694 2068
Route 159 : 146 253 1396 999 1503 1071 2321 2249
Route 160 : 409 502 230 1659 994 2244 1752 1480
Route 161 : 94 983 725 2233 366 1344 1975 1616
Route 162 : 1197 561 385 1811 137 2447 1387 1635
Route 163 : 803 306 2053 462 1556 961 1187 2437 1712 2211
Route 164 : 707 151 1957 514 1401 563 1813 1764
Route 165 : 597 118 519 1847 1368 1769 145 1395
Route 166 : 445 686 958 1194 1695 1936 2208 2444
Route 167 : 321 620 329 1870 1112 1571 2362 1579 1008 2258 936 2186
Route 168 : 1098 2348 29 1238 1072 1279 2488 2322
Route 169 : 1110 425 1136 500 1675 2360 982 1750 2386 2232
Route 170 : 986 476 1726 2236 242 1492
Route 171 : 379 365 1629 117 1615 1367
Route 172 : 1213 677 883 2133 493 1927 2463 1743
Route 173 : 82 1029 694 1944 2279 1332
Route 174 : 604 353 841 1603 1854 867 2117 2091
Route 175 : 32 182 1150 1282 864 1432 2114 2400
Route 176 : 248 364 1614 1196 288 1498 2446 1538
Route 177 : 388 1170 1638 922 1235 2172 837 2420 2485 2087
Route 178 : 553 1803 12 157 172 210 1262 1422 1407 1460
Route 179 : 760 534 2010 1784 556 1220 2470 1806
Route 180 : 830 992 2080 2242 854 8 2104 122 1258 1372
Route 181 : 69 1198 128 2448 1319 1378 371 1621
Route 182 : 668 971 2221 1918 1059 40 2309 1149 2399 1290
Route 183 : 319 414 1132 1664 300 1569 1157 2382 1550 2407
Route 184 : 193 576 1443 1826 1142 580 2392 1830 634 1884
Route 185 : 293 1108 572 1543 2358 799 1822 2049
Route 186 : 349 1599 866 1120 2370 2116
Route 187 : 148 267 1517 1398 1086 1075 2325 2336
Route 188 : 588 1838 63 860 552 1802 1313 2110
Route 189 : 335 1585 847 185 1054 2304 2097 1435
Route 190 : 839 510 1056 1760 2306 872 2122 2089
Route 191 : 133 1219 1383 229 2469 1479 367 1617
Route 192 : 845 2095 124 925 586 1836 1374 2175
Route 193 : 613 1158 2408 1863 464 114 591 1714 1364 1841
Route 194 : 352 785 1103 1602 824 2074 2353 2035
Route 195 : 973 912 2223 656 2162 1906
Route 196 : 521 541 1791 535 1771 424 1785 1674
Route 197 : 1063 245 2313 1002 459 2252 1709 1495
Route 198 : 943 357 833 1607 2193 1064 398 2083 1648 2314
Route 199 : 1174 2424 1192 805 2442 844 2055 2094
Route 200 : 679 929 1929 695 1945 1161 2411 2179
Route 201 : 1005 1214 2464 2255 812 601 1851 2062
Route 202 : 224 277 1474 1527 168 1 1251 1418 376 1626
Route 203 : 116 1366 507 532 1782 393 1757 223 1643 1473
Route 204 : 633 251 1883 1177 264 2427 1501 1514 62 1312
Route 205 : 177 121 1427 1118 91 1371 1341 2368
Route 206 : 582 1160 163 479 1413 1729 2410 13 1832 1263
Route 207 : 115 268 1518 1201 1365 795 2451 2045
Route 208 : 762 432 1240 1682 2490 1233 2012 2483
Route 209 : 1051 140 2301 1390 54 1226 1304 2476
Route 210 : 516 533 901 6 1766 2151 1783 1256
Route 211 : 873 1193 972 710 868 2222 2443 1960 2123 2118
Route 212 : 27 616 1866 429 1277 829 2079 1679 964 2214
Route 213 : 337 529 814 724 2064 1587 1779 1974
Route 214 : 676 680 1930 1926 711 291 821 2071 1961 1541
Route 215 : 819 48 1298 235 976 2069 2226 1485
Route 216 : 931 825 305 2075 111 2181 1555 1361
Route 217 : 567 639 1817 474 341 102 1889 1724 1352 1591
Route 218 : 574 1067 622 2317 222 1872 1824 1208 2458 1472
Route 219 : 1182 481 143 1731 2432 1223 2473 1393 542 26 1792 1276
Route 220 : 605 898 278 1855 2148 1087 1528 2337
Route 221 : 787 2037 1122 72 315 1565 2372 1322
Route 222 : 1145 2395 269 1163 655 1519 2413 1905
Route 223 : 498 1748 717 455 161 905 1411 2155 1705 1967
Route 224 : 1165 456 2415 989 1706 1021 2271 2239
Route 225 : 356 355 450 1605 1606 1167 1700 2417
Route 226 : 95 761 1345 217 2011 1467 318 709 1959 1568
Route 227 : 427 77 129 626 1327 1677 1876 1379
Route 228 : 1032 737 282 2282 544 1532 1987 1794
Route 229 : 1094 1039 107 2344 2289 1357
Route 230 : 246 660 589 1496 1839 1910
Route 231 : 192 652 1169 460 1902 1232 2419 2482 1710 1442
Route 232 : 665 822 1049 1915 2299 2072 147 1397
Route 233 : 778 505 401 497 2028 1747 1755 1651
Route 234 : 968 691 1941 119 2218 1369 273 1523
Route 235 : 804 494 47 2054 461 1297 1744 19 1269 1711
Route 236 : 418 254 1668 1009 2259 1504
Route 237 : 150 196 550 1400 1446 1080 2330 1800
Route 238 : 421 892 530 206 1671 1456 2142 447 1780 1697
Route 239 : 666 1916 231 261 1511 907 1481 2157
Route 240 : 73 212 1462 953 465 2203 1038 1323 1715 2288
Route 241 : 520 395 384 1634 1138 1645 1770 2388 1189 2439
Route 242 : 1139 486 1736 517 369 1619 1767 2389
Route 243 : 333 1140 1583 1130 2380 959 2390 2209
Route 244 : 43 587 4 1254 1837 693 1293 123 1373 1943
Route 245 : 766 1015 2016 1041 2265 2291 1184 2434
Route 246 : 1043 1228 304 1554 2293 732 2478 426 1982 1676
Route 247 : 599 184 699 1849 1434 1949
Route 248 : 286 590 1536 727 79 1977 1840 1329 499 1749
Route 249 : 566 1210 2460 914 1816 2164
Route 250 : 525 104 1775 203 260 897 1510 1354 1453 2147
Route 251 : 648 1898 255 506 1061 1027 1756 1505 2311 2277
Route 252 : 1144 2394 657 555 870 2120 1907 1805
Route 253 : 433 1683 811 5 285 2061 1255 1535 51 1301
Route 254 : 722 954 2204 1215 1972 372 2465 1622
Route 255 : 878 1053 678 2128 624 2303 1928 1085 1874 2335
Route 256 : 52 209 1089 1459 1239 2489 1302 560 1810 2339
Route 257 : 930 768 1062 2180 470 2018 2312 857 1720 2107
Route 258 : 956 97 389 1639 1347 2206 948 2198
Route 259 : 861 2111 290 880 628 1540 480 2130 1730 1878
Route 260 : 420 917 1670 1007 2257 410 2167 375 1660 1625
Route 261 : 284 598 1534 125 280 1848 1530 1375
Route 262 : 815 915 1205 173 1044 2165 1423 2065 2455 2294
Route 263 : 466 1172 2422 1716 101 1351
Route 264 : 100 1350 809 179 2059 1429
Route 265 : 342 106 1105 1356 758 1592 2355 2008
Route 266 : 113 463 1363 714 858 1713 1964 446 2108 1696
Route 267 : 130 1380 759 406 2009 1656 869 2119
Route 268 : 955 490 2205 820 2070 1740 577 1827
Route 269 : 216 1244 1466 2494 611 1861
Route 270 : 698 921 219 903 2171 1948 2153 1469
Route 271 : 545 74 142 920 2170 1099 1392 1324 1795 2349
Route 272 : 1090 951 2340 2201 684 583 938 2188 1934 1833
Route 273 : 11 449 585 715 1261 1835 1699 1965
Route 274 : 802 2052 18 1268 570 791 1820 2041
Route 275 : 1203 2453 408 351 1229 1658 1601 2479 156 1406
Route 276 : 836 2086 745 663 1995 258 214 1464 1913 1508
Route 277 : 701 236 336 730 1980 1951 1486 1586
Route 278 : 946 56 7 1257 776 2196 1306 2026
Route 279 : 434 908 573 2158 1684 1823
Route 280 : 109 220 374 1359 1624 1470 826 2076
Route 281 : 1217 2467 262 640 884 2134 1890 1512
Route 282 : 59 1246 2496 1309 851 738 2101 1988
Route 283 : 149 965 716 641 1399 2215 1891 1966
Route 284 : 871 1186 673 1188 2436 1923 1022 2438 2121 2272
Route 285 : 893 153 402 1403 1652 672 2143 1922
Route 286 : 80 1052 1330 1114 2302 1037 2364 2287
Route 287 : 343 997 135 33 1385 1593 1283 2247
Route 288 : 993 969 2219 302 227 1477 2243 1552
Route 289 : 413 58 1308 608 1663 1211 2461 1858
Route 290 : 201 957 594 1451 2207 396 87 1646 1337 1844
Route 291 : 42 932 439 482 1292 1689 1732 2182
Route 292 : 916 36 2166 1286 581 292 750 1542 2000 1831