Instance name : ber-n5000-1
Authors : Simen T. Vadseth, Henrik Andersson, Jean-Francois Cordeau and Magnus Stålhane
Date : 24.06.2023
Reference : TBA
Solution
Route	1 :  464 2964 954 250 729 3454 2750 3229
Route	2 :  1851 2264 1021 4764 4351 3521
Route	3 :  1763 4263 1257 445 51 2551 2945 3757
Route	4 :  590 936 1935 3436 3090 4435
Route	5 :  863 397 1026 1977 2897 4477 3526 3363
Route	6 :  586 260 1262 2760 3086 1156 3762 3656
Route	7 :  1780 2411 72 4911 2572 4280 2226 4726
Route	8 :  2250 2332 1705 4750 4205 4832
Route	9 :  963 1364 3463 1159 3864 1246 3659 3746
Route	10 :  923 1131 3423 3631 1362 42 2542 3862
Route	11 :  2382 1473 4882 1520 3973 4020
Route	12 :  1018 1289 3518 1847 3789 2280 4347 4780
Route	13 :  1071 391 1355 2891 3855 3571
Route	14 :  749 3249 1638 857 1321 3821 3357 4138
Route	15 :  1213 926 3426 631 3713 3131
Route	16 :  262 1999 337 2837 4499 2762
Route	17 :  237 1120 1811 3620 2369 4311 2737 4869
Route	18 :  48 2430 755 4930 2548 516 1078 3255 3016 3578
Route	19 :  966 638 216 2716 3466 3138
Route	20 :  1199 3699 1302 1516 1086 3802 4016 3586
Route	21 :  1138 1754 918 3638 3418 4254 1909 4409
Route	22 :  2433 2092 4933 809 4592 2165 3309 4665
Route	23 :  1425 1344 1374 3925 3844 3874
Route	24 :  2050 2129 4550 1964 4629 4464
Route	25 :  905 989 3489 324 2824 1649 3405 4149
Route	26 :  979 552 1503 4003 3052 3479
Route	27 :  742 1123 3623 2355 3242 4855
Route	28 :  1991 1836 2413 4491 2143 4336 4913 4643
Route	29 :  1765 2109 4265 4609 2472 4972
Route	30 :  502 154 2654 2490 3002 2217 4717 4990
Route	31 :  1927 396 308 2896 2808 4427
Route	32 :  224 1083 1096 679 3583 2724 3596 3179
Route	33 :  810 1463 610 3310 3110 3963
Route	34 :  409 19 1318 2909 2519 3818
Route	35 :  572 2157 4657 2427 3072 4927
Route	36 :  1141 1372 3641 800 3872 1348 3300 3848
Route	37 :  1174 1552 3674 1203 4052 3703
Route	38 :  659 1426 3926 1750 3159 4250
Route	39 :  1861 4361 1923 1839 4423 4339
Route	40 :  1915 1055 4415 279 1275 3775 3555 2779
Route	41 :  684 1252 55 2555 3752 3184
Route	42 :  468 1789 1849 2968 4289 4349
Route	43 :  607 1360 3107 318 82 2582 2818 3860
Route	44 :  1989 2078 1457 21 3957 2521 4489 4578
Route	45 :  2138 1845 2046 4638 1691 4345 4546 4191
Route	46 :  1884 2122 686 4384 2113 3186 4613 4622
Route	47 :  2308 168 2016 4808 1920 4516 4420 2668
Route	48 :  2147 1542 1513 4013 4647 4042
Route	49 :  1636 1128 419 2919 3628 4136
Route	50 :  756 517 3256 1624 416 3017 2916 4124
Route	51 :  1721 1826 4221 2469 4326 1762 4969 4262
Route	52 :  489 429 2989 377 2929 2877
Route	53 :  1105 1268 1565 3605 3768 4065
Route	54 :  1669 844 1162 4169 3662 3344
Route	55 :  720 426 2926 1293 59 3220 2559 3793
Route	56 :  1639 1658 150 2650 4139 4158
Route	57 :  1142 922 760 3642 3260 3422 1160 3660
Route	58 :  1331 2059 1070 4559 3570 3831
Route	59 :  18 2518 941 558 3441 672 3172 3058
Route	60 :  369 1093 382 2869 2882 3593
Route	61 :  491 408 1540 2991 2908 4040
Route	62 :  1200 1324 915 3824 3415 3700
Route	63 :  733 1659 2467 4967 4159 3233 2097 4597
Route	64 :  420 1597 838 4097 3338 2920
Route	65 :  2069 2208 4569 1819 4319 4708
Route	66 :  302 673 107 2802 345 3173 2845 2607
Route	67 :  2117 2152 4617 2249 4652 4749
Route	68 :  920 1259 3759 1330 3830 680 3180 3420
Route	69 :  667 2235 4735 1697 4197 3167
Route	70 :  2274 1908 2055 4555 4774 4408
Route	71 :  693 1059 153 635 3559 3193 3135 2653
Route	72 :  1057 1405 174 3557 3905 2674
Route	73 :  431 564 329 2931 3064 28 2829 2528
Route	74 :  630 663 773 3163 3130 3273
Route	75 :  2159 4659 328 233 2733 114 2614 2828
Route	76 :  928 160 998 3498 3428 2660
Route	77 :  34 161 1422 103 2661 2534 2603 3922
Route	78 :  2076 1796 1729 4296 4576 4229
Route	79 :  36 514 2536 2361 3014 4861
Route	80 :  209 393 776 2893 2709 3276
Route	81 :  2338 4838 43 1579 2543 1655 4079 4155
Route	82 :  437 449 2937 321 2949 439 2939 2821
Route	83 :  54 1648 2554 2073 1834 4573 4148 4334
Route	84 :  2026 1677 4177 913 4526 1997 3413 4497
Route	85 :  623 574 3123 3074 1898 2348 4398 4848
Route	86 :  1322 493 1901 2993 2453 4953 3822 4401
Route	87 :  1191 967 1511 3691 2173 3467 4011 4673
Route	88 :  1584 1215 1906 4406 1709 4084 4209 3715
Route	89 :  1266 1170 20 2520 3766 3670
Route	90 :  1773 1770 4273 2099 4599 4270 1829 4329
Route	91 :  1308 972 2417 3808 4917 3472
Route	92 :  1617 4117 215 119 208 2715 2619 2708
Route	93 :  691 1220 1882 3191 2301 3720 4382 4801
Route	94 :  1023 2444 2470 4944 3523 4970
Route	95 :  110 1524 592 4024 2265 2610 3092 4765
Route	96 :  2048 1731 4548 2278 4231 4778
Route	97 :  171 1622 1848 2671 2422 4122 4922 4348
Route	98 :  2243 650 1264 3764 4743 3150 1465 3965
Route	99 :  35 1115 2535 3615 1206 310 2810 3706
Route	100 :  418 39 2539 2918
Route	101 :  2492 1785 2186 4992 884 3384 4686 4285
Route	102 :  1103 353 986 3603 1152 3652 3486 2853
Route	103 :  1522 1037 3537 1047 820 3547 4022 3320
Route	104 :  1446 306 746 3946 3246 2806
Route	105 :  2116 256 4616 2400 2756 1918 4900 4418
Route	106 :  571 3071 654 147 2647 3154
Route	107 :  2393 2482 4893 139 4982 2639
Route	108 :  925 1130 2405 3425 4905 3630
Route	109 :  1897 1855 4355 4397 1714 2358 4858 4214
Route	110 :  1064 273 2342 3564 2773 2339 4839 4842
Route	111 :  589 137 3089 2637 220 1530 2720 4030
Route	112 :  2093 1699 2297 4593 4797 4199
Route	113 :  665 566 1657 1633 4133 3165 4157 3066
Route	114 :  1998 2471 4498 678 1576 4971 4076 3178
Route	115 :  8 1102 3602 2508
Route	116 :  398 207 910 2898 3410 2707
Route	117 :  1114 285 3614 1788 4288 2785
Route	118 :  692 591 1621 3192 4121 3091
Route	119 :  828 305 993 3493 2805 3328
Route	120 :  2478 1869 4978 1343 1447 3947 4369 3843
Route	121 :  295 56 753 2795 294 2794 3253 2556
Route	122 :  1948 2068 2156 399 4656 4448 2899 4568
Route	123 :  1339 1310 1441 3839 3941 3810
Route	124 :  790 2044 4544 1605 3290 2000 4105 4500
Route	125 :  1970 2095 2127 4470 4595 2353 4627 4853
Route	126 :  856 2377 457 4877 3356 2957
Route	127 :  1031 3531 1952 2199 2237 4452 4737 4699
Route	128 :  1799 2155 1890 4390 4655 4299
Route	129 :  2130 1415 11 4630 2114 4614 3915 2511
Route	130 :  1245 191 1027 3527 2691 3745
Route	131 :  846 1608 4108 3346 2028 2356 4528 4856
Route	132 :  1976 736 1547 4476 4047 3236
Route	133 :  816 874 1211 3374 3711 3316
Route	134 :  543 3 2503 1502 1444 4002 3043 3944
Route	135 :  1982 2190 2425 4690 4925 4482
Route	136 :  1433 575 3075 3933 1282 817 3317 3782
Route	137 :  2131 2043 2279 4631 4779 4543
Route	138 :  1680 1427 4180 3927 1708 1875 4375 4208
Route	139 :  350 1127 1112 3627 2850 3612
Route	140 :  547 947 1111 3047 554 3054 3611 3447
Route	141 :  1515 996 141 3496 67 2641 4015 2567
Route	142 :  2283 297 509 3009 4783 2797
Route	143 :  563 1866 4366 2439 3063 4939
Route	144 :  1752 2476 2416 2286 4916 4252 4976 4786
Route	145 :  725 709 3225 2458 4958 219 3209 2719
Route	146 :  2203 1706 4703 1075 3575 4206
Route	147 :  2084 372 1158 2872 257 4584 3658 2757
Route	148 :  75 518 358 573 3018 2858 2575 3073
Route	149 :  1675 604 1061 3561 4175 3104 2334 4834
Route	150 :  1509 81 2581 205 1042 3542 4009 2705
Route	151 :  2200 4700 2233 1062 3562 1484 4733 3984
Route	152 :  597 1052 3552 3097 1741 1335 4241 3835
Route	153 :  354 373 2854 58 2558 1180 2873 3680
Route	154 :  1421 938 113 3438 700 3921 2613 3200
Route	155 :  1747 2311 2294 4794 4247 4811
Route	156 :  2177 2305 2133 4677 1881 4805 4633 4381
Route	157 :  498 841 2998 676 3176 3341
Route	158 :  96 148 505 2648 2596 3005
Route	159 :  213 1028 2713 557 1263 3528 3763 3057
Route	160 :  865 1039 731 3231 882 3365 3382 3539
Route	161 :  559 2185 471 3059 2971 4685
Route	162 :  870 808 1390 3308 3890 3370
Route	163 :  1843 504 462 2962 4343 3004
Route	164 :  415 365 1369 2865 3869 2915
Route	165 :  1054 1650 1399 2066 4150 3899 4566 3554
Route	166 :  2236 1238 402 4736 3738 2902
Route	167 :  1528 227 545 2727 4028 2150 4650 3045
Route	168 :  1244 425 955 2925 3455 3744
Route	169 :  2191 2063 4691 4563 1922 1953 4453 4422
Route	170 :  1110 455 3610 2955 175 1607 4107 2675
Route	171 :  269 2769 1296 605 271 2771 3105 3796
Route	172 :  1820 2209 4320 2408 4709 2031 4531 4908
Route	173 :  1782 2170 4282 1294 1495 4670 3794 3995
Route	174 :  1757 1635 4135 1737 4257 4237
Route	175 :  239 1136 2739 1307 3636 1619 3807 4119
Route	176 :  1911 2035 4411 1573 1336 4073 4535 3836
Route	177 :  2442 4942 2266 1800 4300 4766
Route	178 :  145 1543 2645 304 378 4043 2804 2878
Route	179 :  713 282 2782 474 3213 2974 577 3077
Route	180 :  2457 1554 2406 4957 4906 4054 2384 4884
Route	181 :  1852 1858 4358 1403 4352 3903
Route	182 :  1792 4292 2284 4784 22 737 3237 2522
Route	183 :  1551 1095 614 3114 3595 2025 4051 4525
Route	184 :  891 1559 1278 3391 3778 4059 683 3183
Route	185 :  331 1147 2831 2488 3647 4988
Route	186 :  210 1319 3819 1044 1315 2710 3815 3544
Route	187 :  888 754 895 3388 3395 3254
Route	188 :  1966 4466 1840 1969 4469 766 4340 3266
Route	189 :  2124 4624 2341 2498 1892 4841 4392 4998
Route	190 :  2376 1710 4876 1442 1546 3942 4210 4046
Route	191 :  1755 2318 4255 2489 4818 2120 4989 4620
Route	192 :  1043 1417 1443 3943 3543 3917
Route	193 :  992 3492 9 424 546 2924 3046 2509
Route	194 :  1480 906 1563 3980 4063 3406
Route	195 :  1041 1626 395 859 4126 2895 3541 3359
Route	196 :  1229 984 368 3729 2260 2868 4760 3484
Route	197 :  1746 2261 2344 4761 1886 4844 4246 4386
Route	198 :  122 71 664 3164 2622 2571
Route	199 :  406 1972 4472 2906 1712 1987 4212 4487
Route	200 :  1683 217 2717 4183
Route	201 :  2321 2029 1856 4529 4821 4356 1717 4217
Route	202 :  879 789 1995 4495 3289 2072 3379 4572
Route	203 :  1609 1591 4091 2080 4109 4580
Route	204 :  1279 1046 3546 2303 3779 4803
Route	205 :  1207 587 3707 85 2585 780 3280 3087
Route	206 :  338 642 2215 2838 821 3321 1285 4715 3142 3785
Route	207 :  569 440 104 2604 288 3069 2940 2788
Route	208 :  606 3106 956 533 523 3456 3023 3033
Route	209 :  1704 2299 4204 1744 267 4799 2767 4244
Route	210 :  718 1496 1017 3517 1532 3996 3218 4032
Route	211 :  1702 2137 4637 674 1632 3174 4202 4132
Route	212 :  977 1074 1454 3574 3477 3954
Route	213 :  1634 2192 4692 4134
Route	214 :  363 432 2863 2932 1614 1439 4114 3939
Route	215 :  127 1398 3898 5 2252 2505 4752 2627
Route	216 :  1240 2357 842 29 3342 4857 3740 2529
Route	217 :  476 975 3475 937 539 3039 3437 2976
Route	218 :  767 1353 1589 3267 1581 3853 4081 4089
Route	219 :  1681 608 4181 3108 226 280 2780 2726
Route	220 :  1600 542 144 4100 3042 2644
Route	221 :  1006 1366 3866 1868 3506 4368
Route	222 :  1485 1549 2238 4049 4738 3985
Route	223 :  1445 1396 3896 1175 3945 3675
Route	224 :  1164 134 688 3664 3188 2634
Route	225 :  2096 1751 4596 1902 4251 4402 2452 4952
Route	226 :  2240 196 2696 212 600 3100 4740 2712
Route	227 :  291 976 1557 4057 3476 2791
Route	228 :  1190 163 562 3062 873 2663 3690 3373
Route	229 :  804 1431 1507 4007 3931 3304
Route	230 :  1587 1560 386 4087 2886 2414 4060 4914
Route	231 :  454 1295 3795 1772 4272 2954
Route	232 :  1011 1488 3511 1990 2132 3988 4632 4490
Route	233 :  384 799 2884 839 959 3339 3299 3459
Route	234 :  2409 2087 1813 230 4909 4587 4313 2730
Route	235 :  738 2276 3238 2401 2331 4831 4901 4776
Route	236 :  2142 2032 4532 1850 4642 2340 4350 4840
Route	237 :  2448 1015 1602 3515 507 4948 3007 4102
Route	238 :  1428 1693 3928 1905 1226 4193 4405 3726
Route	239 :  1163 669 3663 3169 2256 4756
Route	240 :  1537 1460 195 2695 274 4037 2774 3960
Route	241 :  1533 1951 4033 1863 4451 668 4363 3168
Route	242 :  2107 1883 4607 811 1188 4383 3688 3311
Route	243 :  258 745 2758 3245 292 2792
Route	244 :  362 914 482 2982 254 2862 3414 2754
Route	245 :  898 253 3398 2753 334 2834
Route	246 :  1099 97 79 3599 612 2579 2597 3112
Route	247 :  582 1087 1008 3587 3082 2115 4615 3508
Route	248 :  2146 125 1354 4646 1806 2625 3854 4306
Route	249 :  1125 1481 2003 3625 3981 4503
Route	250 :  769 1300 3269 3800
Route	251 :  453 556 3056 2953
Route	252 :  657 540 3157 3040
Route	253 :  192 2692 162 1594 2662 1440 4094 3940
Route	254 :  496 1036 2996 2176 3536 4676
Route	255 :  182 868 451 3368 2951 2682
Route	256 :  2166 1947 4447 644 1067 3144 4666 3567
Route	257 :  392 490 70 2570 189 2990 2892 2689
Route	258 :  111 1423 843 3343 2611 3923
Route	259 :  840 3340 782 3282 1641 149 2649 4141
Route	260 :  1623 1416 1802 4123 3916 697 4302 3197
Route	261 :  1696 1900 1568 4400 4068 4196
Route	262 :  1612 73 4112 2363 2573 2110 4610 4863
Route	263 :  741 2336 1566 3241 2006 4066 4836 4506
Route	264 :  327 259 2827 613 620 3113 2759 3120
Route	265 :  341 63 1113 2841 2563 1499 3999 3613
Route	266 :  1878 1280 3780 2125 4625 4378
Route	267 :  576 460 2960 2372 1810 4872 3076 4310
Route	268 :  527 83 968 3027 2583 3468
Route	269 :  1694 1436 10 3936 4194 2241 2510 4741
Route	270 :  1140 222 2244 3640 2023 2722 4523 4744
Route	271 :  1214 1679 1400 3900 4179 3714
Route	272 :  61 2302 1979 2561 1930 4802 4479 4430
Route	273 :  845 1662 1341 4162 864 3345 3364 3841
Route	274 :  357 927 2857 1938 4438 3427 1179 3679
Route	275 :  1536 1478 3978 2300 4800 4036
Route	276 :  2225 2060 4560 1827 4725 2151 4327 4651
Route	277 :  994 929 3494 2169 3429 4669
Route	278 :  1644 300 653 106 3153 2606 4144 2800
Route	279 :  2387 181 4887 2681 436 2936
Route	280 :  1092 1381 3592 934 3434 1305 3881 3805
Route	281 :  1367 570 3867 458 1233 3070 3733 2958
Route	282 :  330 1260 1149 3760 1009 2830 3649 3509
Route	283 :  1139 1072 1116 3616 1656 3572 4156 3639
Route	284 :  228 204 2267 2024 4767 2728 4524 2704
Route	285 :  185 875 962 2685 3462 3375
Route	286 :  719 633 2371 3219 3133 4871
Route	287 :  1865 2179 407 4365 4679 2907
Route	288 :  1309 1823 2398 3809 2178 4323 4898 4678
Route	289 :  796 2085 1106 4585 3296 3606
Route	290 :  727 2218 2352 4718 3227 2034 4852 4534
Route	291 :  45 911 481 2545 3411 2981 1860 4360
Route	292 :  1880 2064 1719 4380 4219 4564
Route	293 :  123 952 661 2623 3161 3452
Route	294 :  1671 907 734 2222 4722 3407 3234 4171
Route	295 :  1832 4332 2373 2319 4873 4819
Route	296 :  1925 2145 1474 1024 3974 4425 4645 3524
Route	297 :  2375 2343 4875 1221 176 3721 4843 2676
Route	298 :  1231 1193 313 1569 2813 4069 3693 3731
Route	299 :  508 301 3008 716 352 2852 2801 3216
Route	300 :  501 252 3001 1377 2752 758 3258 3877
Route	301 :  529 1466 1599 3966 4099 3029
Route	302 :  2464 1673 4173 1205 1256 4964 3756 3705
Route	303 :  2421 1913 4413 1545 343 4921 4045 2843
Route	304 :  887 152 2652 866 3366 1668 4168 3387
Route	305 :  1251 890 3390 909 624 3409 3124 3751
Route	306 :  1225 942 2351 3442 2253 3725 4753 4851
Route	307 :  1720 1873 1978 1787 4287 4373 4220 4478
Route	308 :  170 560 2670 3060
Route	309 :  1616 900 1740 3400 4116 4240
Route	310 :  1378 347 480 2980 3878 2847
Route	311 :  326 598 2826 724 1438 3098 3938 3224
Route	312 :  2389 584 1365 3084 4889 3865
Route	313 :  1187 1452 538 3687 3952 3038
Route	314 :  223 1045 456 2956 2723 3545
Route	315 :  2298 1965 1003 4798 3503 4465 1596 4096
Route	316 :  1946 2008 4508 4446 1595 629 4095 3129
Route	317 :  1313 2 3813 2502 443 1349 3849 2943
Route	318 :  25 1590 2525 1035 1934 4434 4090 3535
Route	319 :  2062 4562 549 935 3049 3435
Route	320 :  881 795 1640 3381 3295 951 3451 4140
Route	321 :  2158 2432 4658 1570 1764 4932 4264 4070
Route	322 :  1459 411 580 3959 3080 2911
Route	323 :  235 364 2735 2864 646 1176 3146 3676
Route	324 :  2212 2248 2296 4796 4712 4748
Route	325 :  694 1329 1980 3194 4480 3829 2312 4812
Route	326 :  159 1161 1048 2420 3548 2659 3661 4920
Route	327 :  2383 1222 3722 4883 1963 1795 4295 4463
Route	328 :  2074 1774 2281 4574 2436 4936 4781 4274
Route	329 :  1005 815 165 3315 1085 3585 2665 3505
Route	330 :  404 2042 2904 2188 2454 4954 4688 4542
Route	331 :  2112 2134 4612 2081 4581 1891 4634 4391
Route	332 :  2461 2089 901 4961 3401 4589
Route	333 :  351 92 2851 1316 2592 1007 3507 3816
Route	334 :  1117 1081 335 3617 3581 2835
Route	335 :  1567 500 261 2761 187 4067 3000 2687
Route	336 :  2388 640 1870 3140 2475 4888 4370 4975
Route	337 :  1100 964 3600 1674 3464 1065 3565 4174
Route	338 :  1181 1606 1002 4106 3502 3681
Route	339 :  647 1498 3147 2396 3998 2306 4806 4896
Route	340 :  2108 2255 1921 2368 4755 4608 4421 4868
Route	341 :  1929 1943 2049 4549 4443 2036 4429 4536
Route	342 :  912 1450 2449 3412 1996 3950 4949 4496
Route	343 :  987 1667 618 1598 3118 3487 4167 4098
Route	344 :  1097 982 3597 84 3482 2584
Route	345 :  1514 1382 355 2390 3882 4014 2855 4890
Route	346 :  1531 958 3458 2100 4031 4600 2104 4604
Route	347 :  1288 1701 4201 3788 1779 4279
Route	348 :  531 1351 3851 3031 1781 4281
Route	349 :  299 707 833 2799 1032 3207 3333 3532
Route	350 :  1124 1402 3902 2315 3624 4815
Route	351 :  1797 2262 1076 4762 4297 3576
Route	352 :  385 2184 532 3032 1456 3956 2885 4684
Route	353 :  2098 2434 4598 1889 1992 4389 4934 4492
Route	354 :  1742 2419 2187 4687 4919 4242
Route	355 :  87 939 983 3439 550 3050 2587 3483
Route	356 :  1461 772 2456 3961 4956 3272
Route	357 :  1194 616 3694 2105 4605 2426 4926 3116
Route	358 :  921 140 2640 732 712 3421 3212 3232
Route	359 :  636 1413 3913 1817 3136 4317
Route	360 :  1034 1342 3534 3842 1375 883 3383 3875
Route	361 :  342 2842 1449 1091 3591 3949
Route	362 :  417 932 15 2917 1660 2515 4160 3432
Route	363 :  1151 526 805 3651 3026 3305
Route	364 :  1368 2270 3868 1932 1940 4440 4770 4432
Route	365 :  2001 2232 4732 1104 151 3604 2651 4501
Route	366 :  1284 1277 761 3784 1585 4085 3261 3777
Route	367 :  1089 394 1299 2894 3589 2272 4772 3799
Route	368 :  919 3419 1073 400 1291 3573 2900 3791
Route	369 :  2139 565 4639 3065 1630 499 4130 2999
Route	370 :  750 950 818 3450 3250 2496 3318 4996
Route	371 :  1603 1967 2282 4103 2313 4467 4813 4782
Route	372 :  95 266 783 3283 903 2766 2595 3403
Route	373 :  1395 64 264 525 2764 3025 2564 3895
Route	374 :  1983 1539 4483 2487 4039 4987
Route	375 :  1204 1604 1290 812 3790 3704 4104 3312
Route	376 :  822 281 2781 1526 3322 4026
Route	377 :  2181 1808 4308 1962 4681 4462
Route	378 :  1347 1218 3718 1410 793 3847 3910 3293
Route	379 :  1961 2144 4461 1926 4644 4426
Route	380 :  1328 814 3828 3314
Route	381 :  1239 2189 1637 3739 4689 4137
Route	382 :  1703 1904 2075 4575 4404 4203
Route	383 :  2223 2038 2354 4723 4538 4854
Route	384 :  133 283 1497 3997 2783 403 2633 2903
Route	385 :  2245 1564 78 4745 4064 2578 1690 4190
Route	386 :  2086 1957 4586 1651 4457 1359 3859 4151
Route	387 :  1629 1483 1455 3955 3983 4129 1261 3761
Route	388 :  1689 1494 1432 3932 3994 1541 4189 4041
Route	389 :  102 1080 3580 2602 2480 1794 4294 4980
Route	390 :  414 2494 1038 2914 3538 4994
Route	391 :  503 1137 3003 1734 3637 4234
Route	392 :  851 1352 3852 581 1470 3351 3970 3081
Route	393 :  1903 1803 1914 4303 4403 4414
Route	394 :  2019 1723 4519 2268 2183 4223 4768 4683
Route	395 :  375 115 855 2615 2875 3355
Route	396 :  830 536 743 3243 973 3330 3036 3473
Route	397 :  1129 444 3629 1223 2944 197 2697 3723
Route	398 :  871 785 3371 3285
Route	399 :  1766 1753 4266 68 4253 2568
Route	400 :  6 74 2506 1505 1385 2574 4005 3885
Route	401 :  2288 2119 4788 4619 2012 4512
Route	402 :  349 1248 298 1506 3748 2798 2849 4006
Route	403 :  1493 1686 65 3993 2565 4186
Route	404 :  1077 315 1338 3577 3838 1544 4044 2815
Route	405 :  825 771 1527 662 3325 3271 4027 3162
Route	406 :  1068 1242 3742 948 190 3448 3568 2690
Route	407 :  1958 1323 4458 1216 201 2701 3823 3716
Route	408 :  1270 945 988 3770 3445 3488
Route	409 :  316 76 332 2816 2576 422 2832 2922
Route	410 :  173 1646 681 2673 3181 4146
Route	411 :  1201 893 3701 3393
Route	412 :  860 831 3331 728 31 3228 3360 2531
Route	413 :  2039 4539 1012 1508 38 3512 4008 2538
Route	414 :  2045 4545 1143 2394 3643 1571 4071 4894
Route	415 :  931 1583 528 2285 3431 3028 4083 4785
Route	416 :  1350 1276 3776 2041 717 3850 4541 3217
Route	417 :  1230 622 3122 2254 3730 2325 4754 4825
Route	418 :  1956 4456 2056 2440 4940 4556
Route	419 :  579 943 3443 1899 4399 3079
Route	420 :  1534 852 862 3352 4034 3362
Route	421 :  136 467 322 2967 2636 1685 2822 4185
Route	422 :  768 410 1320 3820 1728 2910 2386 4228 4886 3268
Route	423 :  2239 1949 2140 4739 4640 4449
Route	424 :  2403 229 4903 1370 2729 3870
Route	425 :  1053 1479 1448 118 3979 3553 3948 2618
Route	426 :  877 1082 3377 1269 3582 3769
Route	427 :  2210 2326 4826 2090 4710 2103 4590 4603
Route	428 :  1334 1182 1150 3682 3650 3834
Route	429 :  1235 1209 17 2517 3709 3735
Route	430 :  2438 4938 1525 2077 1168 4025 4577 3668
Route	431 :  1109 172 2672 522 3609 248 2748 3022
Route	432 :  412 492 788 2912 2992 3288
Route	433 :  1749 2033 1735 4249 4235 583 4533 3083
Route	434 :  296 2796 702 617 1001 3501 3117 3202
Route	435 :  1363 413 1267 3863 2913 2459 3767 4959
Route	436 :  1933 1661 486 2986 2468 4433 4161 4968
Route	437 :  924 3424 1687 787 4187 3287 319 2819
Route	438 :  981 1580 3481 4080
Route	439 :  1793 519 991 561 4293 3019 3061 3491
Route	440 :  1029 1553 448 1477 2948 3529 4053 3977
Route	441 :  2295 1896 2323 4795 4823 4396
Route	442 :  244 1663 1424 2744 3924 4163 1864 4364
Route	443 :  708 1134 1877 3208 4377 3634
Route	444 :  1837 2500 4337 2257 5000 2380 4880 4757
Route	445 :  370 2870 1069 885 784 3385 802 3284 3302 3569
Route	446 :  2317 1051 4817 1974 3551 1325 3825 4474
Route	447 :  62 876 2562 27 1202 3376 2013 2527 4513 3702
Route	448 :  530 1122 3030 1304 3622 3804
Route	449 :  544 1250 3750 2293 3044 1867 4793 4367
Route	450 :  2263 1611 2443 4943 4111 4763
Route	451 :  872 1312 1132 2030 3372 4530 3632 3812
Route	452 :  1286 1197 1253 3753 3786 3697
Route	453 :  177 263 2763 246 2677 2213 4713 2746
Route	454 :  1388 3888 626 198 1411 3126 2698 3911
Route	455 :  1166 2374 2118 4874 4618 3666
Route	456 :  1517 946 447 4017 183 2683 3446 2947
Route	457 :  346 2206 2259 4759 4706 2846
Route	458 :  1939 2091 4439 2418 2437 4591 4937 4918
Route	459 :  1247 495 995 2995 1986 3495 3747 4486
Route	460 :  202 585 203 3085 2702 2703
Route	461 :  711 627 2014 4514 3127 3211
Route	462 :  594 3094 69 1049 3549 1469 3969 2569
Route	463 :  1713 1854 225 4213 4354 2725 1298 3798
Route	464 :  2174 1196 4674 3696 1592 4092
Route	465 :  1088 303 497 2997 2803 3588
Route	466 :  450 272 1271 2772 3771 2950
Route	467 :  1101 325 933 2825 3601 3433
Route	468 :  1462 240 1842 3962 2740 4342
Route	469 :  366 13 367 2867 2513 2175 4675 2866
Route	470 :  30 632 238 2530 2738 3132
Route	471 :  66 1004 1340 3840 3504 2566
Route	472 :  293 609 2793 997 3109 3497
Route	473 :  1620 2397 1311 3811 4120 1941 4897 4441
Route	474 :  1185 86 685 2586 3185 3685
Route	475 :  2291 1745 1894 4394 4791 4245
Route	476 :  1664 1133 3633 1234 4164 3734 1577 4077
Route	477 :  194 762 2694 3262 1593 4093
Route	478 :  1195 473 1643 2973 4143 3695
Route	479 :  1406 701 1014 3514 3906 3201
Route	480 :  2327 2182 4682 2328 656 3156 4828 4827
Route	481 :  1361 3861 401 1625 2901 765 4125 3265
Route	482 :  524 806 3306 3024 2474 179 4974 2679
Route	483 :  670 2153 953 3170 4653 3453
Route	484 :  2407 2219 4719 4907 1227 603 3727 441 3103 2941
Route	485 :  637 735 904 3235 314 3404 3137 2814
Route	486 :  1727 2483 4983 1711 4227 1936 4211 4436
Route	487 :  602 722 615 3115 3222 3102
Route	488 :  2481 666 3166 4981 155 2655
Route	489 :  2429 105 2605 1815 4929 2309 4809 4315
Route	490 :  1857 2455 1859 4359 199 4955 4357 2699
Route	491 :  1618 1631 4131 4118
Route	492 :  1056 241 3556 1371 3871 2741
Route	493 :  1698 4198 2307 1912 965 3465 4807 4412
Route	494 :  379 850 1303 3350 166 2879 3803 2666
Route	495 :  1678 465 4178 117 98 2598 2617 2965
Route	496 :  1145 837 1079 3645 3337 3579
Route	497 :  1000 1404 1010 829 3510 3904 3500 3329
Route	498 :  2324 4824 278 169 2669 916 2778 3416
Route	499 :  57 14 1615 2514 1758 2557 4115 4258
Route	500 :  1853 1874 311 4374 4353 2811
Route	501 :  116 854 1490 3990 2616 3354
Route	502 :  188 985 3485 2688
Route	503 :  1408 1538 3908 470 2970 24 2524 4038
Route	504 :  1722 1030 4222 1529 4029 374 2874 3530
Route	505 :  1090 2065 3590 1804 4565 4304 2126 4626
Route	506 :  2171 1895 4671 4395 1434 1412 3912 3934
Route	507 :  2193 2366 4693 433 861 2933 3361 4866
Route	508 :  748 1273 3248 3773 2316 4816
Route	509 :  775 1519 1172 4019 3672 3275
Route	510 :  641 510 1420 3920 3141 333 3010 2833
Route	511 :  2061 853 4561 2057 3353 2011 4511 4557
Route	512 :  323 1487 595 3987 2823 3095
Route	513 :  387 1429 3929 2887
Route	514 :  388 53 2553 2888 2346 4846
Route	515 :  12 142 1050 2512 764 3550 2642 3264
Route	516 :  2172 4672 1786 1893 4286 4393
Route	517 :  807 714 1642 3214 1153 4142 3653 3307
Route	518 :  671 980 1414 3480 3171 3914 1928 4428
Route	519 :  757 1013 88 3257 3513 1146 3646 2588
Route	520 :  16 94 356 434 2856 2516 2934 2594
Route	521 :  2205 290 555 3055 4705 2790
Route	522 :  1784 2491 2360 4284 1601 4860 4991 4101
Route	523 :  276 1383 2776 2009 1391 3883 3891 4509
Route	524 :  1208 277 1392 3708 3892 2777 2168 4668
Route	525 :  1807 4307 1887 4387 794 791 3294 3291
Route	526 :  1219 1224 459 3719 3724 2959
Route	527 :  1981 2335 1801 4481 1945 4835 4301 4445
Route	528 :  704 121 2621 1379 1574 4074 3879 3204
Route	529 :  1695 2230 4195 1825 1812 4325 4312 4730
Route	530 :  2477 1548 1258 146 3758 4977 4048 2646
Route	531 :  1376 184 3876 2273 4773 2484 2684 4984
Route	532 :  265 1287 625 3787 3125 2765
Route	533 :  1872 2367 4372 660 4867 2391 4891 3160
Route	534 :  2167 2160 2379 4667 1409 4660 3909 4879
Route	535 :  511 726 2196 3226 4696 2428 3011 4928
Route	536 :  2229 1993 4729 2431 2399 4931 4493 4899
Route	537 :  2224 4724 2466 1401 4 3901 2504 4966
Route	538 :  60 131 2631 2560
Route	539 :  1818 129 2058 4558 4318 2629
Route	540 :  567 143 944 3067 3444 2643
Route	541 :  2465 2350 4850 1760 4965 2020 4520 4260
Route	542 :  37 1144 588 1521 2537 3088 4021 3644
Route	543 :  1944 1888 4388 2231 4444 4731
Route	544 :  1274 974 3774 3474
Route	545 :  1647 390 487 1217 3717 2890 2987 4147
Route	546 :  836 739 3239 960 3336 3460
Route	547 :  774 999 3274 1822 3499 1885 4322 4385
Route	548 :  2385 2310 2211 4711 2463 4885 4810 4963
Route	549 :  2018 1732 1971 4518 4471 1985 4232 4485
Route	550 :  1841 2486 4341 2102 1791 4602 4986 4291
Route	551 :  2021 2446 214 4521 4946 2714
Route	552 :  1652 4152 611 781 3111 1582 4082 3281
Route	553 :  1628 1468 1025 3525 1437 4128 3968 3937
Route	554 :  2136 1984 1862 4636 2040 4362 4540 4484
Route	555 :  80 834 2580 1118 824 3618 3334 3324
Route	556 :  2010 138 4510 2412 4912 2638
Route	557 :  380 289 2022 2880 4522 2789
Route	558 :  270 2770 360 1189 3689 2860
Route	559 :  128 512 1317 2628 1500 3817 3012 4000
Route	560 :  1358 1243 3858 3743 1831 4331
Route	561 :  477 2977 428 682 132 2928 2632 3182
Route	562 :  2005 2070 4570 4505 1169 1178 3678 3669
Route	563 :  2479 2067 4979 1950 2271 4567 4450 4771
Route	564 :  488 553 218 2718 2988 3053 231 2731
Route	565 :  1550 2071 4571 2499 4050 1707 4207 4999
Route	566 :  381 1451 193 2881 2347 2693 3951 4847
Route	567 :  40 2540 242 50 2742 1394 3894 2550
Route	568 :  797 1504 3297 658 1572 4072 4004 3158
Route	569 :  2258 452 4758 813 284 2784 3313 2952
Route	570 :  848 1016 339 442 3516 2942 3348 2839
Route	571 :  649 91 2591 1561 778 3149 899 3278 3399 4061
Route	572 :  2435 1988 2106 4488 4606 4935 1692 4192
Route	573 :  1327 2275 3827 2002 4502 4775
Route	574 :  1879 2251 1814 4314 4379 4751
Route	575 :  1126 287 3626 1778 4278 2787
Route	576 :  1058 1389 1512 1475 3558 3889 3975 4012
Route	577 :  1816 1844 2234 4344 902 4734 4316 3402
Route	578 :  740 109 2082 3240 4582 2609 1767 4267
Route	579 :  1586 4086 1241 1613 4113 3741
Route	580 :  2202 2304 1718 4218 4702 4804
Route	581 :  1419 917 3919 157 3417 2657 344 2844
Route	582 :  2247 1771 2007 2424 4507 4271 4747 4924
Route	583 :  112 759 108 320 3259 2612 2608 2820
Route	584 :  1084 49 1165 3584 2549 3665
Route	585 :  710 703 3210 892 3392 3203
Route	586 :  1730 2381 4230 2277 4881 2228 4777 4728
Route	587 :  1682 93 695 3195 1756 4182 4256 2593
Route	588 :  1491 2088 4588 3991 1739 2135 4239 4635
Route	589 :  648 245 751 3148 1 3251 2501 2745
Route	590 :  234 47 792 2547 2734 2290 3292 4790
Route	591 :  2111 4611 430 593 2930 619 3119 3093
Route	592 :  485 515 2985 705 3205 3015 2410 4910
Route	593 :  1486 1306 3986 2148 3806 4648
Route	594 :  438 221 164 2664 2938 1458 2721 3958
Route	595 :  601 309 3101 2809 715 3215
Route	596 :  1337 639 969 3469 823 3323 3837 3139
Route	597 :  689 687 3187 236 930 3189 2736 3430
Route	598 :  466 2966 652 1684 596 4184 3152 3096
Route	599 :  286 2786 247 889 1063 3389 2747 3563
Route	600 :  1255 421 478 1555 2921 4055 3755 2978
Route	601 :  1386 675 3886 2345 971 3471 4845 3175
Route	602 :  1518 643 307 2807 1292 4018 3143 3792
Route	603 :  317 200 1148 1716 3648 2817 2700 4216
Route	604 :  2162 1333 484 3833 2984 1472 4662 3972
Route	605 :  1830 2216 2079 4579 4716 4330 2051 4551
Route	606 :  2154 89 4654 2589 1759 4259
Route	607 :  1345 1135 1157 3657 1975 3635 3845 4475
Route	608 :  521 376 2876 2322 3021 2289 52 4822 2552 4789
Route	609 :  2227 2180 4727 2037 867 3367 4680 4537
Route	610 :  348 896 1108 3608 3396 2848 383 2883
Route	611 :  26 33 405 2526 2533 2905
Route	612 :  2194 2123 4623 4694 2349 2141 4849 4641
Route	613 :  2164 2395 2423 4895 2378 4923 4878 4664
Route	614 :  835 23 1254 1523 3335 2523 3754 4023
Route	615 :  475 699 801 3199 1798 2975 4298 3301
Route	616 :  340 135 479 2635 2840 2979
Route	617 :  730 1121 3230 3621 1510 599 4010 3099
Route	618 :  312 2812 255 1177 1653 2755 4153 3677
Route	619 :  2364 4864 1119 1228 3728 3619
Route	620 :  698 706 1173 3673 3198 3206
Route	621 :  1907 2015 4515 2462 4962 2320 4407 4820
Route	622 :  472 1356 1578 3856 2972 869 4078 3369
Route	623 :  41 535 3035 957 2541 1492 3457 3992
Route	624 :  2027 1916 2473 4416 4527 2451 4973 4951
Route	625 :  1828 1960 4460 4328 2161 4661
Route	626 :  819 827 1171 469 3671 3319 3327 2969
Route	627 :  2220 4720 1777 1846 4346 2329 4277 4829
Route	628 :  1022 1384 100 3884 940 3522 2600 3440
Route	629 :  721 961 1562 4062 2359 3221 4859 3461
Route	630 :  1283 126 3783 446 2626 1033 1535 2946 3533 4035
Route	631 :  655 1098 798 803 3598 3298 3155 3303
Route	632 :  2415 2441 178 847 3347 4915 4941 2678
Route	633 :  32 1198 3698 1670 1733 2532 4170 4233
Route	634 :  1040 3540 858 156 1281 3781 2656 3358
Route	635 :  1838 1910 1917 4338 4417 1666 4410 4166
Route	636 :  427 186 2686 180 2927 1301 3801 2680
Route	637 :  1824 1726 4226 4324 232 1297 2732 3797
Route	638 :  1453 3953 1471 130 2630 3971
Route	639 :  886 878 1346 3846 3386 3378
Route	640 :  763 494 696 3263 2994 1019 3519 3196
Route	641 :  1397 1672 2163 1610 4172 4663 3897 4110
Route	642 :  506 723 3006 2333 3223 2128 4833 4628
Route	643 :  2497 268 2768 1407 1332 4997 3832 3907
Route	644 :  1020 243 1380 3880 2743 3520
Route	645 :  2392 1588 4088 4892 2370 2004 4504 4870
Route	646 :  2485 2195 4985 99 4695 578 3078 2599
Route	647 :  621 359 3121 897 2859 3397
Route	648 :  1761 4261 2362 4862 1464 2292 4792 3964
Route	649 :  2404 4904 1736 752 1676 3252 4236 4176
Route	650 :  2493 2149 4993 4649 483 2450 2983 4950
Route	651 :  908 1418 3408 1107 3918 949 3607 3449
Route	652 :  1973 1937 2207 4437 4473 4707
Route	653 :  1871 1821 2242 4742 4321 4371
Route	654 :  2054 1954 4554 551 4454 1467 3051 3967
Route	655 :  1931 2101 4601 2052 4431 1959 4552 4459
Route	656 :  1665 520 1700 4165 3020 1955 4455 4200
Route	657 :  7 690 3190 1738 2365 2507 4238 4865
Route	658 :  2094 2246 4594 1748 4248 1482 4746 3982
Route	659 :  2201 1919 4419 1724 4701 645 4224 3145
Route	660 :  1167 2053 3667 1994 1924 4553 4494 4424
Route	661 :  167 1232 2667 2337 3732 1876 2204 4704 4837 4376
Route	662 :  1627 832 894 3394 1769 4127 4269 3332
Route	663 :  371 537 211 2871 1743 2711 3037 568 3068 4243
Route	664 :  634 990 1489 3490 3989 1768 3134 2460 4268 4960
Route	665 :  2447 1968 4947 2269 4468 4769
Route	666 :  423 1645 1326 2923 2047 3826 4145 4547
Route	667 :  275 628 3128 1393 2775 541 3041 3893
Route	668 :  2495 1725 4995 2197 548 4225 3048 4697
Route	669 :  124 2624 1186 1476 1154 3686 3654 3976
Route	670 :  251 461 1435 1558 2961 3935 2751 4058
Route	671 :  1314 336 1430 2836 3814 747 3247 3930
Route	672 :  1192 249 2749 1501 3692 2198 4698 4001
Route	673 :  1654 1688 4188 880 1835 4154 4335 3380
Route	674 :  1387 1066 120 2620 3887 677 3566 3177
Route	675 :  770 1575 1183 4075 3683 3270
Route	676 :  2445 1790 4945 1783 2083 4290 4283 4583
Route	677 :  158 1272 2658 90 3772 44 2544 2590
Route	678 :  1805 2287 4787 2402 4305 1809 4902 4309
Route	679 :  1556 1184 777 3684 4056 1715 4215 3277
Route	680 :  2314 1833 4814 2214 2221 4714 4333 4721
Route	681 :  435 779 3279 2935 1094 1249 3749 3594
Route	682 :  101 361 2601 651 2861 1155 3655 2121 4621 3151
Route	683 :  1060 826 3326 970 1237 3560 3470 3737
Route	684 :  2330 1942 4830 1775 4442 1776 4275 4276
Route	685 :  46 206 2546 1236 786 2706 3286 3736
Route	686 :  463 1210 3710 2963 389 2889
Route	687 :  2017 77 744 3244 2577 4517
Route	688 :  1357 978 1373 3873 1265 3857 3765 3478
Route	689 :  534 849 3034 513 3349 1212 3013 3712
