Instance Name : ber-n1000-5
Authors       : Shobb<shobb@narod.ru>
Date          : 2023-03-04
Reference     : My solver test (SA + LNS)
Solution
Route 1 : 402 902 312 47 321 547 176 264 821 676 812 764
Route 2 : 257 341 65 251 565 757 113 841 751 145 645 613
Route 3 : 254 754 456 68 956 29 529 393 568 893 458 958
Route 4 : 102 389 602 473 481 973 70 981 889 381 881 570
Route 5 : 498 445 226 128 945 628 998 427 726 927
Route 6 : 497 144 364 644 139 864 997 232 639 732
Route 7 : 482 106 982 59 606 488 559 430 988 930
Route 8 : 479 433 217 230 730 933 979 355 717 855
Route 9 : 474 974 44 255 326 544 826 10 755 510
Route 10 : 472 485 972 279 985 779 268 411 768 911
Route 11 : 461 250 961 223 723 750 306 79 579 806
Route 12 : 452 160 13 6 952 660 171 513 671 506
Route 13 : 447 404 904 315 98 598 947 471 815 971
Route 14 : 415 267 289 915 767 438 423 923 789 938
Route 15 : 413 203 24 703 913 319 524 120 819 620
Route 16 : 409 412 177 912 909 41 99 541 599 677
Route 17 : 403 293 118 793 903 174 351 618 674 851
Route 18 : 398 437 22 937 348 898 414 848 522 914
Route 19 : 368 148 648 184 31 868 531 684 317 817
Route 20 : 362 462 962 150 300 193 800 650 862 693
Route 21 : 347 294 201 470 794 701 383 970 847 883
Route 22 : 334 162 486 834 262 2 502 986 662 762
Route 23 : 320 124 110 820 152 652 345 624 845 610
Route 24 : 318 253 753 168 668 380 818 256 880 756
Route 25 : 314 57 401 901 557 814 147 133 647 633
Route 26 : 308 301 331 801 499 999 831 808 469 969
Route 27 : 295 297 795 117 489 797 617 76 576 989
Route 28 : 285 371 100 785 600 871 56 225 725 556
Route 29 : 275 189 689 775 134 634 453 131 953 631
Route 30 : 274 774 443 325 825 323 823 943 247 747
Route 31 : 266 105 272 766 772 397 396 897 605 896
Route 32 : 246 375 270 770 746 353 875 360 853 860
Route 33 : 238 738 357 206 115 857 706 18 615 518
Route 34 : 219 335 4 835 263 309 809 504 763 719
Route 35 : 208 457 957 198 708 476 3 698 503 976
Route 36 : 205 126 705 449 949 399 626 64 899 564
Route 37 : 200 700 69 569 156 464 964 233 656 733
Route 38 : 199 276 55 776 699 467 491 991 555 967
Route 39 : 197 697 183 434 38 934 683 54 554 538
Route 40 : 188 688 367 167 366 290 667 867 866 790
Route 41 : 186 451 686 338 951 838 181 358 681 858
Route 42 : 185 191 685 221 136 400 636 900 691 721
Route 43 : 182 682 460 28 11 75 528 511 960 575
Route 44 : 180 92 680 170 281 592 781 359 859 670
Route 45 : 178 337 678 483 983 164 837 664 287 787
Route 46 : 173 32 673 532 416 494 916 127 994 627
Route 47 : 153 370 870 653 392 209 709 892 271 771
Route 48 : 138 130 630 638 340 229 252 729 752 840
Route 49 : 132 632 187 90 143 687 590 37 537 643
Route 50 : 111 23 523 231 731 244 744 611 190 690
Route 51 : 96 61 465 161 561 965 596 349 661 849
Route 52 : 88 237 342 842 588 441 941 737 86 586
Route 53 : 87 36 587 444 536 336 944 58 836 558
Route 54 : 83 329 261 583 328 761 829 379 879 828
Route 55 : 82 234 582 84 346 734 363 846 584 863
Route 56 : 67 567 66 273 450 566 773 116 616 950
Route 57 : 60 495 343 560 843 480 995 141 980 641
Route 58 : 52 278 778 493 552 140 213 713 640 993
Route 59 : 51 146 646 551 421 72 921 135 635 572
Route 60 : 45 33 15 545 533 344 515 30 844 530
Route 61 : 26 350 179 526 500 478 850 679 978 1000
Route 62 : 7 89 422 507 195 695 240 922 589 740
Route 63 : 5 384 405 406 884 505 906 137 905 637
Route 64 : 496 369 996 869 302 169 802 669
Route 65 : 490 283 990 783 394 196 696 894
Route 66 : 466 107 81 966 607 581 484 984
Route 67 : 455 955 277 459 112 777 959 612
Route 68 : 448 21 948 104 477 521 604 977
Route 69 : 436 936 151 356 856 378 651 878
Route 70 : 431 53 425 269 931 925 553 769
Route 71 : 419 103 395 919 214 603 895 714
Route 72 : 391 408 908 891 62 248 748 562
Route 73 : 388 94 594 446 888 333 946 833
Route 74 : 382 424 882 155 432 932 655 924
Route 75 : 372 291 791 249 872 14 749 514
Route 76 : 361 861 442 387 299 799 942 887
Route 77 : 339 284 374 784 215 839 715 874
Route 78 : 316 330 142 816 830 222 722 642
Route 79 : 304 426 804 926 463 963 95 595
Route 80 : 286 202 310 786 296 702 810 796
Route 81 : 245 224 172 724 265 672 745 765
Route 82 : 243 129 475 313 629 975 743 813
Route 83 : 235 108 735 207 608 40 540 707
Route 84 : 227 298 332 48 832 548 798 727
Route 85 : 220 324 80 720 824 580 429 929
Route 86 : 216 303 305 805 803 236 716 736
Route 87 : 212 260 760 292 712 792 39 539
Route 88 : 204 439 228 939 704 728 365 865
Route 89 : 194 1 19 694 501 280 780 519
Route 90 : 175 675 25 352 525 210 852 710
Route 91 : 163 663 114 377 614 311 811 877
Route 92 : 158 93 658 327 12 593 827 512
Route 93 : 125 407 307 907 417 917 625 807
Route 94 : 123 354 854 623 218 121 718 621
Route 95 : 122 42 468 418 968 622 542 918
Route 96 : 119 241 159 741 619 282 659 782
Route 97 : 97 410 597 385 910 435 885 935
Route 98 : 91 373 591 258 492 873 758 992
Route 99 : 77 288 440 577 192 940 788 692
Route 100 : 73 390 573 242 890 376 742 876
Route 101 : 63 563 49 454 157 657 954 549
Route 102 : 35 535 9 259 759 509 78 578
Route 103 : 34 149 534 211 649 386 711 886
Route 104 : 8 46 487 546 508 987 74 574
Route 105 : 428 928 165 43 543 665
Route 106 : 420 154 17 517 654 920
Route 107 : 239 739 166 109 666 609
Route 108 : 50 85 71 585 571 550
Route 109 : 16 101 322 601 822 516
Route 110 : 20 27 527 520
