Instance Name : ber-n1000-1
Authors       : Shobb<shobb@narod.ru>
Date          : 2023-01-02
Reference     : My solver test
Solution
Route 1 : 227 234 734 727 73 265 278 778 25 525 107 607 66 765 232 732 573 566
Route 2 : 9 436 936 293 793 57 509 77 161 557 304 8 661 274 804 774 577 508
Route 3 : 433 102 22 522 602 12 512 101 117 181 617 295 933 795 681 601
Route 4 : 402 431 902 151 158 322 658 204 704 931 281 96 596 822 651 781
Route 5 : 317 88 93 593 4 100 588 817 504 225 600 311 331 811 831 725
Route 6 : 97 14 597 200 514 113 190 613 700 198 172 672 698 690 392 892
Route 7 : 65 45 288 180 788 545 238 738 194 63 563 680 383 883 565 694
Route 8 : 59 31 224 559 724 36 202 702 105 531 605 203 142 536 642 703
Route 9 : 493 412 912 993 484 150 650 94 214 221 714 721 984 594
Route 10 : 492 992 398 898 122 75 324 103 575 340 824 840 622 603
Route 11 : 481 354 854 254 754 168 668 981 309 205 135 635 705 809
Route 12 : 439 939 126 108 608 54 626 220 329 829 720 188 688 554
Route 13 : 393 893 359 859 210 30 213 710 530 160 20 713 520 660
Route 14 : 284 345 16 228 124 410 624 728 845 910 784 516 413 913
Route 15 : 277 145 326 826 645 777 276 136 193 636 333 693 776 833
Route 16 : 245 273 773 258 55 758 243 555 745 445 743 945 468 968
Route 17 : 212 50 550 400 712 10 900 86 510 247 271 586 747 771
Route 18 : 207 80 707 257 757 81 580 263 314 763 581 170 814 670
Route 19 : 185 62 282 685 782 463 562 297 191 310 810 691 963 797
Route 20 : 123 15 515 242 308 153 742 808 623 343 653 346 846 843
Route 21 : 76 99 576 255 303 599 111 755 182 682 56 556 611 803
Route 22 : 499 999 291 457 3 217 41 957 717 791 541 503
Route 23 : 467 491 409 909 991 5 967 505 74 218 574 718
Route 24 : 425 456 925 956 355 437 855 222 937 312 722 812
Route 25 : 414 370 914 372 448 948 466 872 870 460 960 966
Route 26 : 396 478 978 394 894 896 192 82 582 148 648 692
Route 27 : 390 438 938 357 890 857 449 384 408 884 908 949
Route 28 : 389 420 405 905 889 454 920 475 954 975 364 864
Route 29 : 374 371 874 871 92 169 130 592 669 6 630 506
Route 30 : 351 851 458 423 477 958 977 397 923 373 897 873
Route 31 : 344 356 856 844 235 98 184 735 684 598 452 952
Route 32 : 332 302 7 139 79 802 579 507 639 497 997 832
Route 33 : 315 116 815 11 60 560 511 616 208 422 708 922
Route 34 : 290 51 790 476 427 927 976 551 387 887 361 861
Route 35 : 241 58 155 226 726 375 875 741 558 432 655 932
Route 36 : 239 114 141 641 614 421 488 739 988 424 921 924
Route 37 : 209 206 256 167 756 667 378 709 878 482 706 982
Route 38 : 199 187 305 687 805 401 901 699 348 416 848 916
Route 39 : 183 47 171 52 671 683 446 552 547 486 946 986
Route 40 : 177 53 465 553 26 526 473 677 965 369 973 869
Route 41 : 143 137 637 643 211 711 175 296 128 628 796 675
Route 42 : 134 215 264 715 764 91 634 49 250 750 549 591
Route 43 : 85 131 631 162 279 662 779 391 585 404 891 904
Route 44 : 61 144 561 644 230 236 316 285 736 730 816 785
Route 45 : 48 548 334 189 159 689 659 834 262 233 762 733
Route 46 : 44 125 104 544 625 119 604 201 701 121 621 619
Route 47 : 40 267 301 313 540 767 443 801 453 813 953 943
Route 48 : 35 21 154 654 535 270 521 67 567 286 770 786
Route 49 : 27 300 319 527 435 935 819 418 918 434 800 934
Route 50 : 18 156 518 656 498 474 998 974 307 29 807 529
Route 51 : 13 513 165 174 90 665 325 590 674 106 606 825
Route 52 : 483 480 349 980 983 849 140 138 640 638
Route 53 : 442 366 399 866 487 942 899 987 461 961
Route 54 : 430 469 479 930 979 969 306 323 823 806
Route 55 : 376 876 485 415 985 915 470 403 903 970
Route 56 : 367 411 381 867 363 441 911 881 941 863
Route 57 : 347 68 568 386 886 847 360 377 877 860
Route 58 : 335 109 146 835 609 342 646 426 926 842
Route 59 : 294 320 794 406 906 820 440 494 994 940
Route 60 : 268 231 731 338 768 838 248 299 799 748
Route 61 : 253 753 129 84 283 70 570 584 783 629
Route 62 : 251 495 368 751 995 868 219 87 719 587
Route 63 : 237 178 260 760 678 737 83 195 583 695
Route 64 : 216 71 716 229 571 729 451 388 888 951
Route 65 : 197 69 252 569 464 697 752 964 341 841
Route 66 : 157 38 538 118 657 223 289 723 618 789
Route 67 : 149 261 112 612 649 37 328 828 537 761
Route 68 : 133 186 633 382 455 471 686 971 882 955
Route 69 : 127 110 610 627 1 19 519 244 501 744
Route 70 : 78 280 578 266 132 780 766 42 632 542
Route 71 : 64 269 769 447 947 152 407 652 564 907
Route 72 : 39 249 539 749 395 895 272 259 759 772
Route 73 : 32 292 163 532 663 428 353 853 792 928
Route 74 : 24 72 572 46 496 546 429 929 996 524
Route 75 : 490 336 990 836 33 120 620 533
Route 76 : 362 358 862 419 919 858 275 775
Route 77 : 350 500 850 462 962 1000 417 917
Route 78 : 321 240 740 821 444 380 880 944
Route 79 : 318 287 330 89 787 589 830 818
Route 80 : 298 17 517 798 95 147 647 595
Route 81 : 176 28 528 365 472 972 865 676
Route 82 : 173 673 179 2 679 459 959 502
Route 83 : 166 385 666 339 885 337 839 837
Route 84 : 164 196 696 664 352 379 879 852
Route 85 : 115 23 615 489 523 450 989 950
Route 86 : 34 327 827 534 246 43 746 543
