Instance name : ber-n1000-2
Authors : Alexander Yuskov (a.yuskov@g.nsu.ru), Igor Kulachenko (ink@math.nsc.ru), Yury Kochetov, Igor Vasilyev, Zhangdong, Chenjuan, Huanghaohan, Wanglongfei
Date : 28.05.2025
Reference : HGIM
Solution
Route 1 : 245 745 14 122 280 780 514 622
Route 2 : 271 109 57 771 609 557 65 565
Route 3 : 142 198 698 182 682 642 494 994
Route 4 : 213 302 713 472 264 802 972 764
Route 5 : 368 868 174 325 364 825 864 674
Route 6 : 243 326 314 826 814 41 743 160 660 541 233 733
Route 7 : 386 85 886 370 585 381 870 881
Route 8 : 43 230 441 543 413 941 730 913 240 740
Route 9 : 404 461 904 480 961 980 80 580
Route 10 : 348 51 848 551 438 496 938 996
Route 11 : 105 371 605 164 259 871 759 664
Route 12 : 50 550 185 356 477 856 685 977 204 704
Route 13 : 167 79 579 426 206 667 926 391 891 706
Route 14 : 412 170 321 821 670 912 55 459 959 555
Route 15 : 396 221 896 721 430 69 930 569
Route 16 : 165 216 29 665 529 220 716 15 515 720
Route 17 : 414 276 914 776 418 442 942 918
Route 18 : 132 86 193 274 632 693 586 7 774 507
Route 19 : 73 22 318 522 573 818 108 308 608 808
Route 20 : 310 323 810 450 823 11 950 511
Route 21 : 229 729 33 425 124 533 925 624
Route 22 : 97 144 293 644 194 793 694 597
Route 23 : 403 134 362 903 634 862 447 428 947 928
Route 24 : 163 117 244 406 617 663 744 906
Route 25 : 103 385 603 225 885 133 633 725
Route 26 : 483 490 374 378 439 990 939 878 874 983
Route 27 : 497 372 872 997 301 339 839 801
Route 28 : 327 249 827 749 466 424 924 966
Route 29 : 411 911 196 473 973 291 696 70 570 791
Route 30 : 250 93 750 223 337 837 593 723
Route 31 : 394 492 402 992 382 894 902 882
Route 32 : 18 76 518 354 576 361 854 861
Route 33 : 98 231 184 598 731 684 489 989
Route 34 : 436 232 936 732 487 347 987 847
Route 35 : 400 900 478 978 141 36 536 641
Route 36 : 393 445 893 444 944 210 710 468 945 968
Route 37 : 419 919 498 138 169 998 638 669
Route 38 : 106 171 671 376 606 457 876 957
Route 39 : 45 545 101 5 601 324 344 824 505 844
Route 40 : 328 333 208 833 828 708 94 13 594 513
Route 41 : 119 222 619 161 320 820 661 722 481 258 758 981
Route 42 : 311 211 39 811 711 539 451 357 857 951
Route 43 : 262 397 121 621 67 762 897 156 567 656
Route 44 : 350 850 375 358 875 330 252 858 830 752
Route 45 : 99 338 261 599 838 355 761 143 855 643
Route 46 : 499 241 741 16 999 183 516 158 658 683
Route 47 : 367 485 867 985 56 35 556 535
Route 48 : 116 159 482 349 616 659 982 849
Route 49 : 58 452 217 266 558 766 952 717
Route 50 : 176 83 676 24 583 449 524 949
Route 51 : 54 289 554 317 789 817 440 940
Route 52 : 420 920 195 60 560 695 292 792
Route 53 : 123 623 432 932 369 275 869 775 78 578 309 809
Route 54 : 336 299 212 205 799 712 836 705
Route 55 : 352 107 192 607 852 692 373 873
Route 56 : 68 305 568 19 8 508 805 519
Route 57 : 253 203 703 753 423 44 923 544
Route 58 : 254 47 754 72 150 547 572 650
Route 59 : 135 269 363 863 635 769 155 49 549 655
Route 60 : 462 125 61 962 625 561
Route 61 : 42 129 74 574 542 629 351 851
Route 62 : 247 747 26 27 526 422 460 527 922 960
Route 63 : 100 21 600 332 521 137 267 832 637 767
Route 64 : 448 190 257 948 690 757
Route 65 : 469 427 446 969 927 946 284 784
Route 66 : 475 975 453 399 500 953 899 1000
Route 67 : 329 829 136 130 179 679 636 630
Route 68 : 268 306 806 768 272 111 611 772
Route 69 : 431 131 300 931 631 800
Route 70 : 277 359 859 255 755 777 319 819
Route 71 : 157 263 657 763 493 200 993 700
Route 72 : 256 456 756 491 956 154 991 654
Route 73 : 365 52 366 865 552 383 883 866 34 534
Route 74 : 390 458 380 880 248 890 479 958 748 979
Route 75 : 265 227 727 765 316 377 877 816
Route 76 : 287 127 322 787 822 627 139 113 639 613
Route 77 : 435 484 935 470 984 282 970 782
Route 78 : 407 907 30 312 812 530 207 707
Route 79 : 251 410 910 751 416 471 916 971
Route 80 : 166 12 512 666 270 331 770 345 831 845
Route 81 : 189 278 778 17 296 796 89 589 517 689
Route 82 : 126 77 577 463 626 388 888 963
Route 83 : 112 4 612 297 504 90 118 797 618 590
Route 84 : 104 96 604 115 596 218 81 615 581 718
Route 85 : 398 341 288 841 788 898
Route 86 : 228 283 84 140 728 640 584 236 736 783
Route 87 : 384 884 290 307 790 315 815 495 807 995
Route 88 : 28 353 528 853 153 147 653 647 340 840
Route 89 : 151 177 651 88 588 677
Route 90 : 95 209 488 595 709 401 988 901
Route 91 : 465 38 965 62 191 538 691 562
Route 92 : 408 908 342 234 842 734 286 786
Route 93 : 389 889 48 92 224 281 548 724 592 781
Route 94 : 437 172 672 937 409 405 909 905
Route 95 : 1 501 75 295 175 575 675 795
Route 96 : 476 976 392 387 887 892 279 779
Route 97 : 145 486 986 20 91 591 520 645
Route 98 : 120 187 37 66 537 415 620 915 566 215 687 715
Route 99 : 201 298 701 25 798 199 525 699
Route 100 : 417 53 917 235 553 346 846 735
Route 101 : 32 71 532 571 110 610
Route 102 : 3 464 964 434 395 503 934 895
Route 103 : 102 260 178 602 760 678
Route 104 : 63 149 649 31 531 563 421 168 921 668
Route 105 : 474 429 226 929 726 433 974 933
Route 106 : 148 238 202 648 738 335 702 835 237 737
Route 107 : 23 9 180 509 523 360 443 680 943 860
Route 108 : 294 186 686 794 146 128 197 646 628 697
Route 109 : 114 10 285 46 614 546 785 510
Route 110 : 343 843 273 304 173 467 673 773 804 967
Route 111 : 6 214 506 162 714 662 455 955
Route 112 : 188 688 246 219 379 746 454 719 879 954
Route 113 : 82 582 64 303 59 803 564 40 559 540
Route 114 : 87 334 313 813 834 587 239 739
Route 115 : 181 242 742 681 2 152 652 502
