Instance name : ber-n1000-1
Authors       : Isaiah Reimer (isaiah.reimer@rideco.com). RideCo (rideco.com)
Date          : 2023-06-13
Reference     : Rideco PDPTW Solver
Solution
Route 1 : 492 402 992 902 158 12 512 220 720 658 385 188 885 688
Route 2 : 65 234 55 734 243 565 555 445 743 945 468 968
Route 3 : 44 317 327 817 827 544 195 209 709 695
Route 4 : 298 132 256 756 632 798 325 19 519 203 825 703
Route 5 : 18 433 286 518 933 417 917 497 786 997
Route 6 : 200 190 198 700 172 672 427 690 698 418 918 434 927 934
Route 7 : 255 755 53 465 553 26 303 526 473 965 973 803
Route 8 : 372 357 857 456 956 339 449 839 872 369 869 949
Route 9 : 184 268 235 768 735 684 437 244 937 181 681 744
Route 10 : 355 173 673 463 855 213 272 713 772 963
Route 11 : 347 362 847 862 446 359 859 408 946 908
Route 12 : 251 23 406 751 906 489 523 450 989 950
Route 13 : 481 354 854 395 895 30 981 192 530 148 648 692
Route 14 : 143 137 637 643 25 163 525 98 231 598 731 663
Route 15 : 280 174 266 674 780 766 10 271 247 510 74 747 574 771
Route 16 : 260 81 189 263 760 581 170 689 763 670
Route 17 : 166 34 334 666 534 79 834 262 579 762
Route 18 : 411 480 483 911 349 980 983 849 165 665
Route 19 : 493 993 150 236 650 273 773 308 46 546 429 929 808 736
Route 20 : 371 439 871 939 293 120 793 162 36 217 536 662 620 717
Route 21 : 47 58 290 790 547 558 205 87 705 587
Route 22 : 265 211 711 130 324 765 77 276 776 824 577 630
Route 23 : 289 319 384 490 990 819 789 448 948 387 884 887
Route 24 : 414 99 70 27 599 111 914 527 337 570 837 611
Route 25 : 249 39 539 749 95 141 94 641 594 595
Route 26 : 129 176 201 701 43 629 676 543
Route 27 : 50 167 7 550 380 667 880 507 452 461 952 961
Route 28 : 277 145 326 826 645 777 117 66 617 54 566 554
Route 29 : 9 45 288 509 788 113 93 545 593 37 193 613 322 693 230 822 537 730
Route 30 : 57 72 572 153 557 329 86 586 829 42 653 542
Route 31 : 390 438 938 499 890 999 281 307 101 151 807 651 601 781
Route 32 : 180 146 171 197 680 410 671 458 958 646 697 910
Route 33 : 97 228 297 597 183 226 726 375 875 476 683 797 976 728
Route 34 : 351 358 851 858 68 246 568 746
Route 35 : 294 320 794 500 820 342 1000 842 361 861
Route 36 : 393 348 848 893 90 118 590 128 618 628
Route 37 : 186 51 551 440 686 454 494 954 994 940
Route 38 : 459 464 472 972 959 964 341 477 977 401 901 841
Route 39 : 367 350 381 850 867 363 441 881 941 863
Route 40 : 412 912 35 159 270 535 659 17 517 770
Route 41 : 366 423 399 866 899 360 923 373 860 873
Route 42 : 149 112 612 175 649 309 296 92 592 191 809 691 796 675
Route 43 : 436 110 610 936 316 194 312 816 812 694
Route 44 : 116 75 575 215 616 164 715 196 696 664
Route 45 : 61 144 561 644 258 218 758 152 407 652 907 718
Route 46 : 179 139 302 639 802 679 259 32 532 759
Route 47 : 284 484 221 16 721 421 984 784 516 451 951 921
Route 48 : 254 754 11 88 134 210 588 264 710 764 140 634 511 138 640 638
Route 49 : 376 425 925 876 485 415 915 470 985 404 904 970
Route 50 : 102 22 467 522 602 142 967 155 642 432 655 932
Route 51 : 127 457 496 957 627 996 352 453 953 852
Route 52 : 405 313 279 813 905 779 488 397 988 424 897 924
Route 53 : 315 133 815 383 382 633 455 883 882 955
Route 54 : 13 252 332 513 283 84 752 584 783 832
Route 55 : 374 353 853 874 105 147 605 306 647 806
Route 56 : 237 178 106 606 182 737 119 682 678 121 619 621
Route 57 : 131 631 125 104 100 600 225 604 311 625 233 811 733 725
Route 58 : 400 444 900 33 214 944 378 533 878 714
Route 59 : 430 930 394 894 318 261 56 818 761 556
Route 60 : 328 335 305 835 466 828 398 805 898 416 966 916
Route 61 : 344 462 469 844 969 962 377 877
Route 62 : 126 199 626 3 238 738 295 41 795 699 486 541 503 986
Route 63 : 64 269 769 40 103 122 540 622 603 564
Route 64 : 1 15 515 314 60 501 814 20 160 560 520 660
Route 65 : 59 31 224 531 63 724 559 219 135 563 635 719
Route 66 : 389 420 889 479 426 920 475 979 926 364 975 864
Route 67 : 431 356 498 856 998 931 8 304 6 804 506 508
Route 68 : 124 114 245 345 624 614 471 845 388 888 971 745
Route 69 : 321 240 740 821 82 582 331 208 250 831 708 750
Route 70 : 115 242 301 801 615 742 161 29 661 274 774 529
Route 71 : 14 514 85 257 187 239 757 24 739 687 585 391 891 524
Route 72 : 48 548 157 38 4 657 538 504 28 223 528 723
Route 73 : 212 156 712 474 656 204 704 275 974 447 947 775
Route 74 : 495 109 123 995 623 343 346 609 379 846 843 879
Route 75 : 435 935 487 336 987 338 838 836 310 52 323 552 810 823
Route 76 : 227 108 727 608 285 169 107 607 222 669 96 596 722 785
Route 77 : 69 292 241 569 741 365 428 865 928 792
Route 78 : 21 154 654 83 78 578 521 67 567 49 549 583
Route 79 : 370 491 409 909 991 870 136 202 636 702 333 833
Route 80 : 287 185 62 282 685 782 299 562 248 787 748 799
Route 81 : 267 340 368 840 443 767 460 868 943 960
Route 82 : 71 229 571 413 729 482 386 886 982 392 892 913
Route 83 : 207 216 168 707 668 80 716 5 232 580 505 278 778 73 403 903 573 732
Route 84 : 396 478 442 978 942 419 919 896 422 922
Route 85 : 253 300 753 91 76 206 576 2 800 706 591 502
Route 86 : 291 89 330 177 791 830 589 677
