Instance name : ber-n3000-7
Authors       : Dmitriy Demin, Mikhail Diakov (msd@veeroute.com), Ivan Ilin, Nikita Ivanov, Viacheslav Sokolov (vs@veeroute.com) et al. VRt Global (https://veeroute.com/)
Date          : 2023-07-09
Reference     : veeroute.com
Solution
Route 1 : 77 8 1508 310 517 2017 1810 1577
Route 2 : 1361 233 2861 433 1733 1933
Route 3 : 930 2430 546 1283 2046 2783
Route 4 : 850 859 2350 62 2359 1562
Route 5 : 283 1433 1783 1083 2583 1122 2622 2933
Route 6 : 652 2152 610 596 2096 2110 671 2171
Route 7 : 24 657 2157 16 1524 170 1670 1516
Route 8 : 449 1949 1078 971 324 2578 1824 2471
Route 9 : 901 604 1423 2923 2401 1378 2104 2878
Route 10 : 5 1143 1505 2643 1461 2961
Route 11 : 309 1335 829 1809 2835 2329
Route 12 : 1344 1150 2844 524 2650 450 2024 1950
Route 13 : 1366 421 2866 1921 496 1996
Route 14 : 1132 2632 919 893 2393 2419
Route 15 : 756 2256 1274 1343 532 2032 2774 2843
Route 16 : 1080 106 2580 489 1606 1989
Route 17 : 1210 1053 1038 2710 2553 2538
Route 18 : 817 25 866 2317 1525 2366
Route 19 : 1049 980 960 2549 2480 2460 1397 2897
Route 20 : 1102 2602 166 633 1666 2133
Route 21 : 1063 964 1247 2464 2747 2563
Route 22 : 744 1252 2244 1012 2752 2512
Route 23 : 27 1104 972 1527 2472 2604
Route 24 : 1169 1184 2669 2684 212 1712
Route 25 : 941 226 1379 2441 1726 2879
Route 26 : 1405 694 2194 2905
Route 27 : 913 1317 2413 1295 2795 2817
Route 28 : 1403 1479 94 2979 1277 1594 2777 2903
Route 29 : 802 391 2302 1891 1386 2886
Route 30 : 786 931 2431 2286 1056 1162 2662 2556
Route 31 : 518 352 2018 1852 1441 508 2008 2941
Route 32 : 362 1267 1862 297 2767 1797
Route 33 : 753 1495 2253 417 2995 1917
Route 34 : 1119 2619 396 455 1896 1955
Route 35 : 109 149 1609 1649
Route 36 : 1488 2988 1472 321 1821 2972
Route 37 : 1341 2841 1131 1090 2631 2590 1039 2539
Route 38 : 910 885 1231 2385 2410 2731
Route 39 : 231 1068 1731 2568 696 1271 2196 2771
Route 40 : 921 1237 2421 2737 903 257 2403 1757
Route 41 : 568 52 2068 1552 550 254 1754 2050
Route 42 : 301 1385 1801 1095 2595 2885
Route 43 : 898 570 2398 1465 2070 1346 2965 2846
Route 44 : 1084 2584 113 677 1613 2177
Route 45 : 770 36 526 2270 1536 2026
Route 46 : 506 2006 540 1172 603 2040 2672 2103
Route 47 : 800 516 2300 2016
Route 48 : 1073 355 1855 2573 1330 2830
Route 49 : 1325 875 2375 338 2825 654 1838 2154
Route 50 : 674 1016 2516 2174 1037 2537
Route 51 : 1266 1161 535 2766 2661 2035
Route 52 : 38 1276 1538 2776 394 1894
Route 53 : 703 707 2207 586 2203 2086
Route 54 : 274 994 1774 2494
Route 55 : 915 31 2415 1178 1531 2678 711 2211
Route 56 : 1268 589 448 2089 1948 50 2768 1550
Route 57 : 1396 592 2092 2896 1410 2910
Route 58 : 1364 1197 2864 1141 2697 2641
Route 59 : 900 617 2400 1264 2764 2117
Route 60 : 162 940 1662 2440 924 547 2047 2424
Route 61 : 704 103 1603 2204
Route 62 : 163 1371 679 2871 2179 472 1663 1972
Route 63 : 186 1686 6 1026 1506 2526
Route 64 : 1072 1434 438 2572 2934 1938
Route 65 : 1118 2618 269 805 1769 2305
Route 66 : 520 1208 593 2020 2708 2093
Route 67 : 302 1422 427 1927 2922 1115 1802 2615
Route 68 : 84 628 1584 1272 2128 2772
Route 69 : 1390 557 574 2057 2890 2074
Route 70 : 1135 1312 236 2635 2812 1736
Route 71 : 838 634 2338 2134 1137 2637
Route 72 : 1239 1496 2739 1011 2511 2996
Route 73 : 932 275 262 2432 1775 1762 1420 2920
Route 74 : 1310 2810 825 447 2325 1947
Route 75 : 891 1088 2588 2391 1367 798 2298 2867
Route 76 : 583 775 2083 2275 82 1582
Route 77 : 669 736 1448 2236 897 2397 2948 2169
Route 78 : 437 228 1728 1937 467 1967
Route 79 : 469 266 1969 1179 1766 2679
Route 80 : 463 389 1889 1963 488 1988 1301 2801
Route 81 : 761 1291 883 2791 2261 2383
Route 82 : 1238 1123 616 2738 2116 2623
Route 83 : 857 925 332 2357 2425 1832
Route 84 : 424 151 1924 1010 374 1651 2510 1874
Route 85 : 1149 381 536 2036 1881 810 2649 2310
Route 86 : 1109 1042 273 2542 1773 2609
Route 87 : 1348 1476 505 2976 2848 779 2005 2279
Route 88 : 1182 2682 491 690 2190 1991 982 2482
Route 89 : 107 414 1914 1607 172 1006 2506 1672
Route 90 : 1492 565 2992 819 2065 180 2319 1680
Route 91 : 939 368 1868 459 2439 1959
Route 92 : 482 1982 619 378 514 1878 2119 2014
Route 93 : 296 661 1796 1414 2161 2914
Route 94 : 1382 3 2882 1108 1503 2608
Route 95 : 1293 2793 625 1070 2125 2570 717 2217
Route 96 : 799 1356 495 2299 2856 1995
Route 97 : 1139 373 2639 1873 758 98 2258 1598
Route 98 : 116 86 397 1616 1586 1897
Route 99 : 795 2295 953 2453 497 75 1575 1997
Route 100 : 1097 360 2597 1860 697 714 2197 2214
Route 101 : 1288 765 2788 454 2265 1954
Route 102 : 950 144 1644 2450
Route 103 : 1156 760 818 2656 2260 739 2318 2239
Route 104 : 639 1002 2139 692 224 2502 2192 1724
Route 105 : 1024 202 1086 1702 2586 2524
Route 106 : 1183 1308 2683 2808 200 111 1611 1700
Route 107 : 772 2272 197 1144 1697 1469 2644 2969
Route 108 : 154 1236 2736 1654 1468 2968
Route 109 : 759 465 1965 369 1869 2259
Route 110 : 1180 479 2680 792 1979 2292
Route 111 : 1435 207 1188 2935 1707 251 1751 2688
Route 112 : 1055 2555 484 1455 2955 1984
Route 113 : 126 1299 1352 1626 2852 2799
Route 114 : 1365 2865 349 1338 2838 1849
Route 115 : 861 99 1599 2361 999 2499
Route 116 : 481 1289 1981 2789 1105 2605
Route 117 : 101 833 1601 2333 812 114 1614 2312
Route 118 : 1372 1001 887 2872 2501 2387
Route 119 : 862 1030 2362 245 2530 342 1842 1745
Route 120 : 745 2245 605 993 2105 2493
Route 121 : 1205 1392 2705 2892 1487 2987
Route 122 : 822 118 2322 259 1759 1618 1249 2749
Route 123 : 1140 2640 235 1735 967 2467
Route 124 : 1048 738 1082 2548 2238 2582 112 1612
Route 125 : 242 1155 1742 211 896 2655 1711 2396
Route 126 : 183 1683 1092 1438 2938 2592
Route 127 : 67 97 1567 1242 1597 2742
Route 128 : 1411 847 715 2347 2911 2215
Route 129 : 68 1258 1568 2758 623 2123 171 1671
Route 130 : 886 1191 668 2386 2691 2168
Route 131 : 1332 13 691 2832 1513 2191
Route 132 : 1357 2857 416 695 1916 2195
Route 133 : 383 1387 1883 720 1207 2887 2220 2707
Route 134 : 156 1656 824 426 2324 1926
Route 135 : 57 69 1557 1569 1436 122 2936 1622
Route 136 : 529 809 561 2309 2061 2029
Route 137 : 1058 217 1717 710 2558 1147 2647 2210
Route 138 : 832 687 2187 2332 1126 801 2626 2301
Route 139 : 1292 510 501 2792 2010 2001
Route 140 : 15 1515 239 407 1739 1907
Route 141 : 1398 1402 2898 315 2902 1815
Route 142 : 1463 1263 2963 2763 584 2084 419 1919
Route 143 : 590 1376 136 2090 2876 1636
Route 144 : 430 852 1930 2352 96 1596
Route 145 : 1350 11 2850 1064 1511 2564 1473 2973
Route 146 : 1017 724 351 2224 1851 1117 2517 2617
Route 147 : 401 1430 2930 1901 1193 1171 2693 2671
Route 148 : 507 393 2007 1893 361 1861 1265 2765
Route 149 : 1323 1243 1302 2823 2743 2802
Route 150 : 958 2458 58 1151 1558 2651
Route 151 : 700 989 2200 2489 693 439 2193 1939
Route 152 : 1094 387 2594 1887 9 1509
Route 153 : 90 1022 709 1590 2209 2522
Route 154 : 641 873 2141 2373 1373 2873
Route 155 : 312 1202 1812 173 2702 1673 899 2399
Route 156 : 1380 17 621 2880 2121 1517
Route 157 : 1339 2839 1060 1453 2560 2953
Route 158 : 43 778 1543 404 580 2278 2080 1904
Route 159 : 1467 2967 591 291 2091 1791
Route 160 : 263 871 1763 2371 559 2059
Route 161 : 253 441 1941 1753 1186 2686
Route 162 : 834 948 2448 2334 1230 601 2101 2730
Route 163 : 773 2273 1031 2531 1421 1245 2745 2921
Route 164 : 308 1342 1808 2842 135 1635
Route 165 : 954 247 2454 1747
Route 166 : 2 366 1502 522 1866 2022
Route 167 : 402 1470 1902 2970 511 2011
Route 168 : 553 203 1703 2053 1493 2993
Route 169 : 554 35 2054 895 1535 2395
Route 170 : 56 46 1556 1546
Route 171 : 74 848 89 1574 2348 1589
Route 172 : 372 178 1872 1678 909 2409
Route 173 : 1096 121 1192 2596 358 1621 2692 1858
Route 174 : 1481 2981 1326 1322 2822 2826
Route 175 : 234 1734 970 287 1125 2470 2625 1787
Route 176 : 347 937 1847 2437 64 1564 198 1698
Route 177 : 1220 2720 734 2234 176 1490 2990 1676
Route 178 : 731 440 1940 828 2231 2328 1127 2627
Route 179 : 1474 780 2280 2974 1014 2514
Route 180 : 708 721 2208 179 1679 1269 2221 2769
Route 181 : 446 353 1946 1853 863 2363
Route 182 : 190 232 751 1732 1690 858 2251 2358
Route 183 : 411 148 210 1710 1911 904 2404 1648
Route 184 : 1349 2849 804 492 1008 1992 2304 2508
Route 185 : 572 304 566 2066 2072 1804 1483 2983
Route 186 : 600 2100 544 1290 2044 2790
Route 187 : 730 732 2232 1040 93 2230 1593 2540
Route 188 : 339 458 1839 1958 185 1685
Route 189 : 244 689 1021 1170 2189 2521 2670 1744
Route 190 : 490 735 1990 647 2235 325 1825 2147
Route 191 : 1257 990 615 2490 2115 2757
Route 192 : 48 1065 2565 952 1548 2452
Route 193 : 1280 2780 830 425 755 1925 2330 2255
Route 194 : 789 942 1091 2289 2442 2591
Route 195 : 680 688 2180 322 2188 1822
Route 196 : 240 195 1695 1740 1057 221 2557 1721
Route 197 : 1198 2698 129 1426 1629 1413 2926 2913
Route 198 : 140 1640 307 88 1588 1807
Route 199 : 1500 4 874 3000 1504 2374 1215 2715
Route 200 : 1176 478 2676 1377 1978 2877
Route 201 : 1195 2695 1452 1400 2900 1300 2952 2800
Route 202 : 230 227 1730 1727 1177 2677 985 2485
Route 203 : 1324 826 1145 2824 2326 2645
Route 204 : 139 1431 1639 659 2931 2159
Route 205 : 576 2076 260 1370 2870 1760
Route 206 : 606 1459 2106 494 1994 2959
Route 207 : 1284 2784 968 541 2041 2468
Route 208 : 578 20 2078 1360 2860 1520
Route 209 : 284 91 1784 1591 562 2062
Route 210 : 607 2107 667 486 539 2167 2039 1986
Route 211 : 1328 503 2828 672 2003 2172
Route 212 : 434 346 752 1846 1934 270 2252 1770
Route 213 : 796 2296 1456 867 713 2956 2367 2213
Route 214 : 869 1204 1345 2845 2369 218 1718 2704
Route 215 : 767 2267 51 1306 502 1551 2002 2806
Route 216 : 413 1213 1913 261 1761 2713 670 2170
Route 217 : 333 1286 267 1833 1181 1767 2786 2681
Route 218 : 549 1013 2513 59 2049 1559
Route 219 : 594 840 2340 820 2320 2094
Route 220 : 153 1653 1331 184 1684 2831 1334 2834
Route 221 : 643 1270 2143 2770 811 2311
Route 222 : 923 934 2434 2423 376 1363 2863 1876
Route 223 : 375 651 1875 797 2151 2297
Route 224 : 564 979 1320 2479 40 2064 2820 1540
Route 225 : 41 597 640 2097 1541 2140
Route 226 : 1417 726 2226 2917 1033 1167 2667 2533
Route 227 : 1329 762 2829 2262 558 2058
Route 228 : 1129 2629 512 2012
Route 229 : 1089 2589 1327 1409 2827 2909
Route 230 : 1374 981 2874 127 2481 1627
Route 231 : 473 1395 1973 1103 2603 2895
Route 232 : 294 1313 1794 2813 727 2227
Route 233 : 102 1401 1602 2901 1437 2937
Route 234 : 1362 418 392 1892 2862 1918 476 1976
Route 235 : 571 974 2071 2474 916 2416
Route 236 : 241 642 1741 595 2142 920 2095 2420
Route 237 : 1209 1427 2709 1174 2927 2674
Route 238 : 1254 138 1638 345 2754 1296 2796 1845
Route 239 : 969 2469 984 742 2242 2484
Route 240 : 1223 781 2281 196 2723 1696
Route 241 : 699 2199 525 2025 917 803 2417 2303
Route 242 : 317 1052 177 1817 1677 119 1619 2552
Route 243 : 864 611 2364 2111 1253 1200 2700 2753
Route 244 : 1113 1028 2528 2613 750 2250
Route 245 : 193 1116 538 2616 1693 2038
Route 246 : 1494 2994 1059 160 1660 2559
Route 247 : 405 766 1905 1085 2266 2585
Route 248 : 946 877 2446 2377 882 2382 928 2428
Route 249 : 341 480 1841 1980 137 1637
Route 250 : 388 978 1888 2478 1388 2888
Route 251 : 1079 2579 620 1054 2120 2554
Route 252 : 706 1454 2206 1259 2954 2759
Route 253 : 1100 722 2222 1120 2600 128 2620 1628
Route 254 : 1355 1218 399 2855 2718 1899
Route 255 : 531 1444 2031 2944 890 1407 2907 2390
Route 256 : 318 1114 678 2178 1818 2614
Route 257 : 1081 142 1134 1642 2634 2581
Route 258 : 785 1233 2285 2733 222 1722 1294 2794
Route 259 : 1235 2735 460 1309 2809 1960
Route 260 : 962 622 1130 2462 2122 2630
Route 261 : 551 1046 2051 907 2546 2407
Route 262 : 986 723 2486 2223 1307 2807
Route 263 : 702 110 2202 613 563 1610 2113 2063
Route 264 : 1071 614 2571 1153 2114 2653
Route 265 : 630 265 44 2130 1544 1765 844 2344
Route 266 : 769 132 927 2269 813 1632 2427 2313
Route 267 : 500 292 2000 1023 1792 2523
Route 268 : 662 1369 2869 776 2276 150 2162 1650
Route 269 : 159 1009 1659 933 2509 2433
Route 270 : 513 1018 581 2013 2518 2081
Route 271 : 992 1418 2492 2918 527 2027
Route 272 : 1449 174 1674 1047 2949 987 2487 2547
Route 273 : 311 1051 1811 356 2551 1856
Route 274 : 337 945 2445 1837 422 1922
Route 275 : 1478 1353 2853 2978 624 2124
Route 276 : 326 213 1826 83 1713 1583 319 1819
Route 277 : 788 1075 1340 2288 2575 2840
Route 278 : 631 1262 2131 2762
Route 279 : 914 72 1572 406 2414 1906 1297 2797
Route 280 : 884 1005 2505 665 2384 250 2165 1750
Route 281 : 54 1554 1442 2942 443 1246 2746 1943
Route 282 : 108 1381 1608 2881 733 2233
Route 283 : 1029 194 2529 650 1694 2150
Route 284 : 1015 757 2515 354 2257 1305 1854 2805
Route 285 : 743 340 1287 1840 2243 2787 1450 2950
Route 286 : 243 1743 608 771 2271 2108
Route 287 : 1425 1225 2925 466 2725 1966
Route 288 : 7 105 1507 504 1605 2004
Route 289 : 412 1912 991 1358 2858 2491
Route 290 : 350 567 1850 143 2067 1643
Route 291 : 1175 1142 1027 2527 2642 410 2675 1910
Route 292 : 452 1393 1952 908 2893 816 2408 2316
Route 293 : 276 61 1561 1776 348 676 2176 1848
Route 294 : 1375 2875 104 1232 1604 2732
Route 295 : 403 85 894 1903 1585 523 2394 2023
Route 296 : 587 1486 2087 645 2986 598 2098 2145
Route 297 : 60 791 141 1560 2291 1641
Route 298 : 1076 2576 749 386 1886 2249 1 1501
Route 299 : 782 1043 2282 966 2543 2466
Route 300 : 483 1983 327 1221 445 1827 2721 1945
Route 301 : 498 1998 854 1152 2354 2652
Route 302 : 763 2263 996 395 1211 2496 1895 2711
Route 303 : 1219 1477 1190 2719 2977 2690
Route 304 : 555 2055 1222 2722 682 2182
Route 305 : 1491 390 2991 1890 215 1166 2666 1715
Route 306 : 237 542 1394 2042 977 2894 2477 1737
Route 307 : 199 737 1699 579 2237 2079
Route 308 : 1107 1458 2607 2958 1285 1336 2836 2785
Route 309 : 462 1408 2908 1962 280 1485 2985 1780
Route 310 : 1093 2593 878 705 2378 2205
Route 311 : 888 1462 2388 1067 2962 2567
Route 312 : 70 1391 1570 794 2891 115 2294 1615
Route 313 : 471 842 1971 206 2342 1706
Route 314 : 1212 45 1545 34 2712 1534
Route 315 : 152 922 298 1798 1652 2422
Route 316 : 975 929 2475 320 2429 1820
Route 317 : 573 2073 814 1003 2503 2314
Route 318 : 26 1526 1482 764 1451 2982 2264 2951
Route 319 : 588 76 209 2088 1709 1576
Route 320 : 626 787 249 2126 2287 1749
Route 321 : 65 420 1920 49 1565 331 1549 1831
Route 322 : 849 204 2349 363 1863 1704
Route 323 : 21 1521 380 746 1880 2246
Route 324 : 187 599 1318 1687 2099 2818
Route 325 : 1066 2566 741 487 2241 1987
Route 326 : 1138 1035 306 2638 2535 1806
Route 327 : 1282 1165 2665 2782 575 2075
Route 328 : 1106 951 1194 2451 2606 2694
Route 329 : 442 225 1942 609 1725 681 2109 2181
Route 330 : 1099 357 1857 943 2599 2443 295 1795
Route 331 : 18 1518 585 377 1877 2085
Route 332 : 1498 2998 316 1244 293 2744 1816 1793
Route 333 : 841 976 2341 100 2476 1600
Route 334 : 865 1466 2966 2365 988 660 2488 2160
Route 335 : 303 367 1803 1867
Route 336 : 214 638 1714 2138 740 2240
Route 337 : 846 582 2346 453 1953 2082
Route 338 : 1124 537 2624 300 1800 2037 1415 2915
Route 339 : 534 1168 1133 2034 2668 2633
Route 340 : 1314 477 2814 147 1977 1647
Route 341 : 188 219 1719 983 1688 2483
Route 342 : 432 191 1932 78 1691 1578
Route 343 : 1034 2534 835 1457 238 2335 2957 1738
Route 344 : 1446 912 2946 1429 2412 2929
Route 345 : 1424 343 1074 2924 995 2574 2495 1843
Route 346 : 1110 2610 1484 1240 1303 2984 2803 2740
Route 347 : 632 2132 42 39 1539 1542
Route 348 : 827 134 1634 2327
Route 349 : 663 1121 2163 627 2621 2127
Route 350 : 10 456 80 1580 1956 1510
Route 351 : 845 2345 1419 81 683 2919 2183 1581
Route 352 : 783 2283 1158 286 2658 821 1786 2321
Route 353 : 808 1250 2750 2308 145 1645
Route 354 : 905 784 268 2284 2405 1768
Route 355 : 285 853 1785 2353 1234 2734
Route 356 : 19 1004 1519 123 2504 323 1823 1623
Route 357 : 157 1196 1657 282 1782 2696 552 2052
Route 358 : 329 146 577 1646 1829 2077
Route 359 : 855 216 79 2355 1579 1716
Route 360 : 14 1514 997 947 2497 409 1909 2447
Route 361 : 1101 1216 2601 1217 2716 2717 246 1746
Route 362 : 182 125 515 2015 1682 1625
Route 363 : 644 881 2144 264 2381 729 1764 2229
Route 364 : 768 653 2268 1404 2904 2153 701 2201
Route 365 : 569 457 2069 879 1957 1007 2379 2507
Route 366 : 521 2021 1160 718 2660 2218 1019 2519
Route 367 : 1251 519 1199 2019 32 2699 1532 2751
Route 368 : 1112 400 2612 1900 686 1406 2186 2906
Route 369 : 1203 205 468 2703 1705 1968 926 2426
Route 370 : 1497 2997 335 384 1835 1884
Route 371 : 1020 1136 2520 313 2636 685 1813 2185
Route 372 : 712 955 2455 2212 12 1512 1050 2550
Route 373 : 1032 1480 2532 117 2980 1617
Route 374 : 1464 2964 892 385 719 2392 1885 2219
Route 375 : 371 716 2216 543 1871 2043
Route 376 : 1041 2541 429 815 664 1929 2315 2164
Route 377 : 130 1630 646 602 2102 2146
Route 378 : 47 1547 1489 278 2989 1778
Route 379 : 71 1428 1571 1069 2928 2569
Route 380 : 636 1173 2136 1154 2673 2654
Route 381 : 1440 1098 1416 2940 2916 2598 229 1729
Route 382 : 415 656 2156 328 1828 1915
Route 383 : 1399 436 2899 1347 1936 1163 2847 2663
Route 384 : 120 806 37 2306 1537 334 1834 1620
Route 385 : 73 169 1669 1255 1573 889 2755 2389
Route 386 : 299 548 1261 2048 1439 2761 2939 1799
Route 387 : 431 1931 648 428 2148 1928
Route 388 : 435 1128 1935 330 1830 2628
Route 389 : 258 1758 957 1206 2706 2457
Route 390 : 252 1226 1752 289 2726 1789
Route 391 : 1351 748 2248 675 2851 2175
Route 392 : 655 2155 612 1036 2112 2536
Route 393 : 530 2030 856 461 2356 1961
Route 394 : 1111 1281 2611 2781 444 1359 1944 2859
Route 395 : 1185 2685 168 464 1964 1668
Route 396 : 728 133 823 2228 2323 475 1633 1975
Route 397 : 408 305 1908 1805 87 1587
Route 398 : 1224 2724 256 998 29 1756 2498 1529
Route 399 : 959 1443 684 2943 2459 2184
Route 400 : 1384 2884 1164 876 2376 2664 1157 2657
Route 401 : 1333 124 2833 1624 774 2274
Route 402 : 281 1389 1781 2889
Route 403 : 836 255 2336 1337 1755 2837
Route 404 : 1189 533 2033 935 936 2436 2435 2689
Route 405 : 1354 509 2854 2009 754 370 2254 1870
Route 406 : 1368 1278 944 2868 2778 2444
Route 407 : 1432 451 2932 1148 1951 2648
Route 408 : 470 22 1970 1241 1522 2741
Route 409 : 839 658 2339 2158 66 398 1898 1566
Route 410 : 1471 2971 1146 2646 474 92 1592 1974
Route 411 : 1159 1273 208 2773 1708 423 1923 2659
Route 412 : 95 870 1595 1279 2779 2370
Route 413 : 851 1256 2756 1319 192 2351 2819 1692
Route 414 : 271 1771 629 2129 1275 28 2775 1528
Route 415 : 618 2118 911 2411 33 1533
Route 416 : 220 965 2465 1720 364 1864
Route 417 : 545 55 2045 831 1555 223 2331 1723
Route 418 : 949 30 155 1530 2449 1655
Route 419 : 382 63 1882 1260 1563 906 2760 2406
Route 420 : 1445 649 2945 1311 2149 956 2811 2456
Route 421 : 918 53 2418 189 1553 131 1631 1689
Route 422 : 1214 698 637 2714 2137 2198
Route 423 : 843 666 2343 181 2166 1681
Route 424 : 164 1664 963 747 2247 2463
Route 425 : 1201 1499 2701 556 2999 2056
Route 426 : 1044 2544 1000 2500 158 961 1658 2461
Route 427 : 1447 379 1879 2947 167 1667
Route 428 : 1298 1187 2798 2687
Route 429 : 1248 2748 1025 725 2525 1383 2225 2883
Route 430 : 1412 973 2473 1321 2912 868 2821 2368
Route 431 : 528 2028 165 777 1665 2277
Route 432 : 1087 635 2587 344 2135 1844
Route 433 : 248 336 673 902 1748 1836 2173 2402
Route 434 : 175 1062 499 1675 1999 2562
Route 435 : 790 560 2290 1304 2060 1045 2804 2545
Route 436 : 1077 1229 493 2577 1993 2729
Route 437 : 938 1061 2438 2561
Route 438 : 860 1315 161 2815 2360 1661
Route 439 : 880 2380 1460 288 1788 2960 272 1772
Route 440 : 1228 365 2728 1316 1865 2816
Route 441 : 793 290 2293 1790 359 1859
Route 442 : 314 1814 23 837 2337 1523
Route 443 : 201 1701 1227 485 2727 279 1985 1779
Route 444 : 1475 872 2975 2372 277 807 1777 2307