Instance name : ber-n5000-7
Authors : Hiermann, G. and Schiffer, M.
Date : 2024-04-30
Reference : arXiv:2405.00230
Solution
Route 1 :  715 3215 2 1907 1684 1057 2502 4184 227 3557 4407 690 2727 3190
Route 2 :  2041 4541 750 1149 507 65 1059 3250 3559 2565 3649 3007
Route 3 :  263 841 673 2763 3341 3173 303 1632 640 435 3140 4132 2935 2803 1223 3723
Route 4 :  1321 2180 4680 1564 3821 2038 943 4538 35 4064 1607 4107 1367 2535 3443 3867
Route 5 :  2146 4646 2341 1807 4841 813 1163 4307 155 3313 1951 2655 1615 4451 4115 3663
Route 6 :  2173 1669 648 2196 3148 4169 4696 1424 4673 2397 769 4897 2210 3269 3924 4710
Route 7 :  2237 2368 4737 2302 1913 4868 4413 375 4802 1635 2875 2331 4831 1834 4135 4334
Route 8 :  493 1715 907 2993 1935 168 667 4215 3167 2668 4435 38 2538 3407 2155 4655
Route 9 :  1549 1943 4049 497 1666 2997 1780 2448 4166 1259 4443 4948 1701 4280 4201 3759
Route 10 :  684 1342 381 3842 3184 880 2881 242 1034 3534 3380 794 2742 1678 3294 4178
Route 11 :  2188 4688 2156 832 874 1838 3332 4338 4656 666 876 2254 4754 3166 3376 3374
Route 12 :  2333 1762 4262 4833 2040 1215 4540 3715 157 1473 3973 234 2657 961 2734 3461
Route 13 :  85 996 414 2585 3496 301 2914 354 2854 2801 2290 2214 4790 1378 4714 3878
Route 14 :  1095 2239 3595 1146 198 4739 523 2081 3646 290 2698 4581 3023 649 3149 2790
Route 15 :  189 2689 981 1142 955 3481 2119 430 3642 4619 3455 2930 2458 4958 2124 4624
Route 16 :  2405 720 4905 1965 4465 3220 1524 2017 1938 4024 2144 4517 4644 4438
Route 17 :  2452 1696 4952 52 2552 1778 4196 331 1459 2831 924 4278 824 3424 3959 3324
Route 18 :  212 1040 2482 4982 2712 1053 3540 166 1748 3553 2666 1863 4363 877 3377 4248
Route 19 :  143 1587 2342 2643 1857 4087 4842 1556 633 4056 2386 4357 425 4886 3133 2925
Route 20 :  1675 4175 994 1910 2122 2472 3494 4410 4972 2411 4622 4911 136 1093 3593 2636
Route 21 :  134 2292 2634 1130 308 3630 1605 2808 2463 4105 4792 1998 1303 4498 4963 3803
Route 22 :  1233 1901 1718 44 4218 1579 3733 1185 4079 3685 2544 2127 2011 4401 4627 4511
Route 23 :  2054 2018 43 2343 4554 1132 1769 2420 2543 3632 4843 4920 4269 1250 4518 3750
Route 24 :  703 1225 1643 3725 1203 625 4143 3703 3125 3203 388 321 90 2821 2590 2888
Route 25 :  1628 1739 4128 4239 2057 1942 1846 4557 4346 2435 4442 535 4935 3035
Route 26 :  1868 1683 4368 1089 1613 194 3589 544 4113 4183 3044 2694 717 2190 4690 3217
Route 27 :  2469 1674 4174 225 2150 2725 823 4969 1226 4650 611 3111 1193 3323 3726 3693
Route 28 :  591 79 1957 2059 4559 2579 4457 2033 4533 2385 4885 1985 884 3091 4485 3384
Route 29 :  1819 1620 571 2192 4120 4319 776 4692 2181 3071 1808 4681 683 3276 3183 4308
Route 30 :  1369 782 3869 431 656 3282 1251 1008 3751 797 3508 3156 3297 2931 496 2996
Route 31 :  859 1948 1869 3359 738 4369 4448 3238 107 190 2607 2690 896 1399 3396 3899
Route 32 :  1384 2098 3884 2118 4598 1478 3978 1300 2172 4618 1268 3768 3800 4672 829 3329
Route 33 :  1290 2218 4718 2297 158 4797 3790 1304 2658 3804 2044 209 822 2709 4544 3322
Route 34 :  2164 1433 317 3933 412 4664 2817 888 248 3388 2912 116 1994 2748 2616 4494
Route 35 :  363 757 2863 2225 4725 3257 2446 2100 4946 1727 4227 1327 4600 3827
Route 36 :  1557 2275 1732 4775 902 4232 4057 75 228 2575 2441 4941 2728 3402 186 2686
Route 37 :  1830 2241 4741 971 1576 137 2410 4330 4076 2637 3471 34 2219 4910 2534 4719
Route 38 :  1196 3696 2308 1500 2183 686 401 1991 4808 4000 3186 4683 4491 1717 2901 4217
Route 39 :  1370 3870 2221 1488 568 3988 4721 156 915 1545 3068 3415 2656 4045
Route 40 :  84 1836 443 4336 2336 2584 2084 2943 4836 2390 607 4584 2347 4890 3107 4847
Route 41 :  253 2753 1466 2312 4812 775 3966 1777 609 3109 4277 3275
Route 42 :  2194 2329 1937 4437 4694 4829 10 1314 1826 3814 2510 4326 2129 709 4629 3209
Route 43 :  2470 4970 2009 295 2795 4509 1413 520 1470 410 3913 3970 3020 2910 851 3351
Route 44 :  1630 2406 2141 4906 1200 4641 297 4130 3700 875 330 2797 2830 3375 249 2749
Route 45 :  2426 597 4926 1504 3097 4004 1551 161 4051 1546 1148 2661 4046 613 3648 3113
Route 46 :  1051 1027 1139 3527 159 3551 3639 1979 2294 109 2659 4794 4479 2609
Route 47 :  3 1753 4253 1485 1542 2503 1102 895 3985 4042 3602 942 3395 3442
Route 48 :  1312 2246 1821 179 4746 2451 3812 4321 2679 1461 1122 4951 3961 3622
Route 49 :  972 2364 1870 3472 304 4370 1655 4864 2804 4155 258 1976 4476 2758
Route 50 :  1692 2143 4192 4643 2490 550 3050 1265 503 3765 3003 1782 4990 4282
Route 51 :  710 3210 1693 1661 1328 4193 2123 310 2810 3828 4623 4161 426 2926
Route 52 :  1567 1536 4067 294 2794 1099 215 4036 733 3599 2015 3233 4515 2715
Route 53 :  849 351 3349 694 440 2851 1785 4285 3194 469 1282 2940 2969 3782
Route 54 :  305 2020 2805 4520 1954 224 4454 2263 4763 624 1580 2724 3124 4080
Route 55 :  2108 862 3362 605 4608 1729 201 3105 2019 4229 2701 2213 4519 4713
Route 56 :  1118 2274 4774 2430 3618 2417 4930 99 1347 4917 2599 2138 3847 4638
Route 57 :  2325 1155 4825 1404 3655 1080 1498 3904 2348 3998 464 3580 2964 4848
Route 58 :  1409 3909 1438 1274 1464 2305 3774 1088 3938 1926 3964 4426 4805 3588
Route 59 :  1570 4070 929 623 1004 3504 3123 1346 976 3429 753 3253 3846 3476
Route 60 :  377 262 2877 2762 1817 231 1788 4288 2731 71 4317 583 2571 3083
Route 61 :  1611 328 2109 4111 2828 4609 467 1650 519 4150 1880 2967 4380 3019
Route 62 :  646 3146 1205 1284 617 3705 1266 3784 3766 675 3175 272 3117 2772
Route 63 :  2324 1427 4824 719 865 3927 1209 3365 3219 1230 3709 240 3730 2740
Route 64 :  2204 2070 2403 77 4704 4903 2577 1206 4570 3706 1638 1978 4138 4478
Route 65 :  668 1075 3168 3575 2500 2434 2094 4934 2276 4776 4594 113 5000 2613
Route 66 :  108 959 2608 549 3049 1844 3459 2002 1332 4344 887 3832 4502 3387
Route 67 :  2238 838 4738 1086 3338 1214 2232 3714 2267 732 3586 4767 3232 4732
Route 68 :  773 1273 2414 3773 2251 4914 1721 3273 4751 2338 4221 4838 1763 4263
Route 69 :  914 1623 3414 1097 106 4123 2606 1799 1387 1234 4299 3597 3887 3734
Route 70 :  1820 2236 4320 931 1271 102 3771 4736 3431 1794 516 2602 4294 3016
Route 71 :  1015 1743 3515 417 4243 1511 2917 847 472 4011 3347 237 2972 2737
Route 72 :  835 2408 1002 1577 4908 2093 3335 4077 4593 806 1184 3502 3306 3684
Route 73 :  197 1362 3862 1165 606 2697 2304 1736 3665 889 3106 4804 3389 4236
Route 74 :  1491 1585 4085 477 3991 1171 774 3671 3274 1716 2977 275 2775 4216
Route 75 :  565 399 3065 2899 866 191 2691 2306 1336 3366 3836 4806
Route 76 :  978 575 3478 320 2820 3075 1467 415 2024 2915 3967 969 3469 4524
Route 77 :  1797 4297 1101 1886 3601 327 4386 821 827 2827 2363 4863 3327 3321
Route 78 :  1528 397 2897 4028 1980 1421 1667 4480 4167 3921 2307 4807 1887 4387
Route 79 :  2067 1041 579 4567 979 3541 3079 803 1006 3479 3303 3506 374 2874
Route 80 :  890 3390 778 1644 4144 2318 3278 1795 2291 4818 1270 4295 4791 3770
Route 81 :  1140 2258 4758 145 3640 1660 2645 870 3370 1917 4160 4417
Route 82 :  1539 2193 2440 1759 4693 368 4039 4940 340 2868 4259 2259 4759 2840
Route 83 :  788 2028 1484 4528 3288 879 660 3984 3379 244 3160 618 2744 3118
Route 84 :  708 1734 792 4234 3208 3292 834 1382 19 3334 2519 1720 3882 4220
Route 85 :  1190 856 1947 3356 403 3690 2903 4447 1343 1894 3843 29 4394 2529
Route 86 :  1135 2145 2362 3635 4645 512 1031 4862 3012 2148 4648 3531 927 3427
Route 87 :  1657 1694 966 4157 801 4194 3301 892 1671 1945 4171 3466 3392 4445
Route 88 :  1243 3743 1383 1989 165 2264 4489 2665 3883 755 4764 1710 3255 4210
Route 89 :  2227 2273 4727 409 4773 490 2909 967 2990 2326 998 3467 3498 4826
Route 90 :  187 346 2687 2063 1071 2846 4563 1222 566 3571 3722 578 3066 3078
Route 91 :  928 3428 33 64 1510 2564 1612 1301 2533 2285 4010 4785 2350 4112 4850 3801
Route 92 :  1272 989 3772 1435 3489 554 3935 1962 4462 3054 480 2980 251 2370 2751 4870
Route 93 :  1220 1665 4165 980 3720 2256 4756 1159 1744 1512 3480 4244 3659 4012
Route 94 :  532 3032 1452 296 3952 2266 2796 1316 1445 3816 4766 3945
Route 95 :  1738 923 528 3028 2335 3423 407 4238 1517 2069 4835 4017 2907 4569
Route 96 :  2300 207 1138 3638 590 2223 2707 1850 3090 4723 911 4800 4350 3411
Route 97 :  521 2481 1319 3021 4981 3819 1653 1919 4419 176 2676 1402 4153 3902
Route 98 :  1060 1052 1056 487 3552 3556 3560 2987 1496 1527 1532 4032 3996 4027
Route 99 :  1105 950 3605 1081 1077 3450 3581 3577 2042 872 1182 3372 3682 4542
Route 100 :  916 965 746 3246 3416 1816 2453 3465 2229 4316 4729 4953 1617 4117
Route 101 :  818 2224 1134 3318 2061 2092 4592 4724 3634 522 4561 3022 2043 4543
Route 102 :  413 2404 2913 2388 4904 1896 1213 4888 3713 4396 2477 4977 1877 4377
Route 103 :  1803 2152 4303 1609 1891 4109 4652 986 1704 828 4204 3328 4391 3486
Route 104 :  344 261 118 2844 1814 2618 1091 2761 333 4314 3591 1124 2833 3624
Route 105 :  2036 2250 4536 1437 904 3404 1626 3937 650 4750 509 4126 3150 3009
Route 106 :  1649 730 3230 920 4149 314 2814 3420 94 2277 2361 4861 2594 4777
Route 107 :  867 324 1207 1322 3822 2824 3367 2322 1865 3707 629 4822 4365 3129
Route 108 :  2413 4913 1447 798 3298 3947 119 1898 2619 4398 804 3304
Route 109 :  416 1647 1520 2916 2039 4020 4539 4147 2200 1405 1242 3905 3742 4700
Route 110 :  1072 1516 3572 1476 1679 4016 3976 4179 2419 378 1603 4103 4919 2878
Route 111 :  1920 473 4420 37 2537 2973 1959 2049 2314 488 4549 4814 4459 2988 1181 3681
Route 112 :  2351 1829 4329 2344 4844 4851 833 814 3314 322 3333 2822
Route 113 :  577 1916 636 4416 1728 3136 4228 852 3077 455 3352 1363 3863 2955
Route 114 :  1092 429 292 199 2929 3592 515 3015 2699 1256 2792 1014 3756 3514
Route 115 :  220 869 5 1761 4261 2720 2505 1723 3369 749 2372 4223 4872 3249
Route 116 :  1285 441 1992 2941 3785 4492 1558 103 1364 4058 1463 2603 3864 3963
Route 117 :  2130 4630 964 1646 1236 3736 3464 4146 1600 1471 1531 4100 3971 4031
Route 118 :  1334 504 3834 948 1145 3448 3004 3645 1168 358 2858 3668
Route 119 :  1997 2466 4497 175 4966 2378 4878 115 2615 2675 1872 626 4372 3126
Route 120 :  152 82 2126 2652 934 4626 3434 1154 2499 2582 3654 4999 1849 4349
Route 121 :  196 376 2876 2171 1582 2696 4671 763 1434 3934 4082 485 3263 2985
Route 122 :  586 171 1475 3086 1029 3975 21 2671 195 3529 1793 4293 2521 2695
Route 123 :  1515 885 1787 945 3385 4015 4287 1702 183 1824 3445 4202 2683 4324
Route 124 :  319 712 273 2773 2014 2819 985 4514 3212 1659 661 4159 3161 3485
Route 125 :  1305 3805 370 420 125 1538 1141 2870 2625 3641 1791 4038 2920 1201 4291 3701 1103 3603
Route 126 :  1888 1697 716 3216 4197 4388 525 127 3025 551 2627 3051
Route 127 :  404 316 2816 2904 1422 2245 3922 293 2793 2491 4745 4991 993 3493
Route 128 :  1862 608 747 4362 3108 2128 647 3247 1262 2459 3762 3147 4628 4959
Route 129 :  956 983 3456 1392 3483 857 3892 2340 1221 3357 2407 3721 4840 4907
Route 130 :  652 495 439 2216 3152 2939 2083 2995 1835 4716 4583 4335 1964 4464
Route 131 :  1773 1007 3507 1341 1406 4273 2111 3841 3906 635 2247 4611 3135 4747
Route 132 :  1299 394 2467 2894 587 3799 4967 2464 406 3087 4964 7 2906 2507
Route 133 :  408 2908 1175 1779 1249 3675 1568 3749 131 4279 2431 4068 4931 2631
Route 134 :  385 688 2065 3188 4565 2885 1958 1087 2296 3587 73 4458 2573 4796
Route 135 :  2189 641 2270 4770 3141 4689 1839 1110 3610 4339
Route 136 :  1444 1602 3944 4102 1767 1974 4474 4267 1902 122 2622 1892 912 3412 4402 4392
Route 137 :  342 1317 1235 160 2842 2660 3817 1167 3667 3735 2182 953 3453 4682
Route 138 :  2178 1614 736 4678 999 3499 4114 1881 335 2045 3236 4381 2835 4545
Route 139 :  2142 1984 22 4484 1160 2522 4642 2243 2443 3660 2105 4605 4743 4943
Route 140 :  2000 1335 4500 3835 1187 3687 1104 1572 3604 1490 1407 4072 3990 987 3907 3487
Route 141 :  2090 2252 400 2900 1489 4590 4752 1307 3989 2278 3807 4778 2078 4578
Route 142 :  743 229 3243 1700 932 2729 4200 3432 939 60 3439 576 2560 3076
Route 143 :  422 691 2922 1805 3191 548 3048 868 4305 135 1745 2635 3368 4245
Route 144 :  1503 4003 861 1247 602 2425 3361 1453 3102 3747 3953 1933 4925 4433
Route 145 :  2177 1594 4677 4094 1790 919 1730 379 4290 4230 3419 2879
Route 146 :  831 3331 839 3339 1895 2382 4395 1875 681 4882 992 3181 4375 3492
Route 147 :  1668 4168 1747 2075 4247 1156 4575 1043 3543 3656 530 3030 975 3475
Route 148 :  355 2424 4924 1084 2087 951 2855 3584 3451 2328 639 4828 3139 4587
Route 149 :  78 2578 1430 1000 3500 2115 3930 1357 491 4615 3857 1067 3567 2991 2371 1636 4136 4871
Route 150 :  1106 492 2992 3606 454 937 2954 456 146 3437 281 2646 2956 2781
Route 151 :  26 2526 499 1713 2999 4213 192 2037 2692 4537 949 14 2514 3449
Route 152 :  2134 1932 476 4432 452 4634 2976 1001 3501 1750 4250 2952 1281 3781
Route 153 :  2383 4883 1349 1419 873 3919 3849 2032 4532 1003 3373 1676 3503 4176
Route 154 :  541 3041 1756 144 4256 2208 2644 1455 3955 4708 13 2513
Route 155 :  2423 50 600 3100 4923 612 3112 2550 332 1637 17 2517 2832 4137
Route 156 :  1279 2116 787 1064 4616 3564 3287 3779 537 1073 974 3037 3474 3573
Route 157 :  2454 1771 4271 863 1639 3363 1695 4139 4954 4195 1246 1016 3746 3516
Route 158 :  1960 4460 1949 1966 4449 1856 4466 4356 1598 2468 4098 4968
Route 159 :  1113 1851 3613 4351 2286 599 4786 508 3099 481 714 3214 3008 2981
Route 160 :  1079 771 1982 1825 783 1690 4325 4482 3579 4190 3283 3271 1047 3547
Route 161 :  230 2730 2048 4548 2352 1562 398 2898 4852 4062 2021 1388 3888 4521
Route 162 :  1848 1385 312 3885 2812 4348 36 725 3225 2536
Route 163 :  538 458 3038 751 772 2958 149 3272 3251 1725 2649 4225
Route 164 :  498 86 2998 188 1547 2688 2586 1847 4047 2369 4347 4869
Route 165 :  2334 2272 4834 687 689 4772 1495 486 3995 3187 2986 3189
Route 166 :  162 129 2629 2395 1310 2662 266 4895 2497 3810 2766 4997
Route 167 :  1691 1188 1983 4483 366 1811 3688 1571 2866 4311 4071 4191
Route 168 :  502 362 2862 3002 2394 27 1022 4894 2527 3522 1792 4292
Route 169 :  1581 848 2460 1393 1999 4960 3348 4499 1166 3893 3666 4081
Route 170 :  1682 1325 3825 484 4182 622 3122 679 2984 1752 4252 3179
Route 171 :  960 1987 56 4487 3460 2556 1049 383 2358 2883 3549 4858
Route 172 :  1245 643 2076 3143 3745 4576 2487 1278 11 4987 139 2639 2511 3778
Route 173 :  1128 1394 3628 236 3894 2396 2284 2736 762 4784 4896 3262
Route 174 :  1403 1371 352 820 3903 2852 3320 944 3871 446 3444 2946
Route 175 :  672 706 3172 3206 1566 142 318 4066 2818 2642
Route 176 :  893 3393 1981 48 610 3110 2548 4481 1975 936 3436 4475
Route 177 :  1415 457 2317 2957 3915 594 4817 1521 3094 1624 4021 4124
Route 178 :  2330 903 3403 4830 2131 210 4631 2158 4658 2354 2710 4854
Route 179 :  2154 4654 28 1469 2528 1390 3890 3969 433 603 2933 3103
Route 180 :  1293 1481 3793 990 418 2918 289 2789 3490 3981 1525 4025
Route 181 :  18 2485 2518 628 300 4985 337 2800 1963 3128 2837 4463
Route 182 :  169 1972 1861 2669 4472 1315 1885 2176 4676 4361 4385 3815
Route 183 :  2097 223 20 2723 1956 2520 1645 2260 4597 4456 4760 4145
Route 184 :  1032 2377 4877 3532 1311 271 518 382 3018 3811 2771 2882
Route 185 :  475 283 1786 2783 557 4286 543 3057 2975 2086 3043 4586
Route 186 :  1931 1622 882 4431 2492 4122 1708 2056 3382 4556 4208 4992
Route 187 :  766 474 2974 651 3266 1361 1737 3151 2157 4237 4657 3861
Route 188 :  1352 2003 4503 963 3852 2483 3463 4983 93 427 2927 2593
Route 189 :  1677 1810 1264 711 3764 3211 124 4177 2211 2624 4310 4711
Route 190 :  468 2153 2174 1589 4653 1162 4089 4674 2968 663 3662 3163
Route 191 :  2429 343 4929 2843 2008 850 760 4508 1806 3350 3260 4306
Route 192 :  309 2809 279 2217 1641 2779 4141 4717 461 2357 2961 4857
Route 193 :  2398 62 2562 163 345 4898 1575 1544 4044 2663 4075 2845
Route 194 :  277 802 3302 2269 2777 437 2937 864 4769 1217 3364 3717
Route 195 :  563 3063 1194 1633 1090 3590 1681 184 4133 2684 4181 3694
Route 196 :  2198 1441 2139 4639 4698 3941 1813 815 696 3315 3196 4313
Route 197 :  596 1889 91 4389 968 2591 3096 2437 3468 329 2829 4937
Route 198 :  1176 1283 3676 1904 3783 235 4404 1291 1699 3791 2735 4199
Route 199 :  24 2321 4821 1112 361 1368 411 3612 3868 2861 2911 2524
Route 200 :  527 3027 1506 270 4006 1117 722 2770 128 3222 3617 2628
Route 201 :  451 2951 1426 1131 74 2574 3926 2187 3631 1706 4206 742 4687 3242
Route 202 :  796 1492 3992 3296 1082 1526 2310 4810 126 4026 3582 2626
Route 203 :  1169 130 3669 1381 2630 3881 830 2088 3330 4588 1269 478 3769 2978
Route 204 :  395 2895 728 930 3228 432 1210 619 3710 2932 3430 3119
Route 205 :  1337 1417 3837 3917 2050 1629 807 3307 1533 4129 4033 4550
Route 206 :  181 533 3033 1859 2257 105 4757 2605 4359 1712 4212 2681
Route 207 :  581 1749 287 3081 2787 1625 4249 2380 1174 4880 4125 3674
Route 208 :  1158 2376 1929 3658 4429 1229 1287 4876 1046 3546 3787 3729
Route 209 :  1372 471 2971 2494 3872 748 4994 3248 1191 2375 3691 4875
Route 210 :  1995 2010 4510 1186 4495 514 2179 1356 4679 3686 3014 3856
Route 211 :  466 1890 741 601 2966 3241 2102 4390 531 3101 4602 3031
Route 212 :  392 32 2892 2532 1688 569 4188 3069 2281 2436 4936 4781
Route 213 :  2349 2402 4849 4902 2132 489 1548 1108 2989 4632 4048 3608
Route 214 :  1267 1017 3517 3767 112 302 1456 2802 3956 54 2612 2554
Route 215 :  449 2949 723 785 3285 3223 705 840 791 3205 3291 3340
Route 216 :  1689 886 419 4189 2919 1993 3386 1044 1078 3578 4493 3544
Route 217 :  559 3059 1897 298 4397 1841 4341 1540 1833 4040 2798 4333
Route 218 :  1127 3627 2096 604 4596 3104 958 59 1062 3458 2559 3562
Route 219 :  1098 642 3142 1507 3598 4007 744 2135 1096 4635 3244 3596
Route 220 :  925 202 3425 2327 2702 1137 3637 4827 1179 15 2515 3679
Route 221 :  6 2012 1396 2506 4512 700 3896 1499 3200 3999 1351 3851
Route 222 :  858 97 3358 1853 1398 3898 2597 1608 1656 4353 4156 4108
Route 223 :  1855 1338 96 3838 2596 172 2672 2185 4355 2233 4685 4733
Route 224 :  739 1208 1930 3239 4430 1408 1253 3708 3908 789 3289 3753
Route 225 :  899 634 132 3399 3134 2632 941 1173 3441 3673 1055 3555
Route 226 :  2206 182 2682 1375 4706 51 1664 117 4164 2551 2617 3875
Route 227 :  1474 1152 3974 1742 3652 393 55 781 2555 4242 2893 3281
Route 228 :  784 286 1439 2786 3284 3939 854 133 2633 1899 4399 3354
Route 229 :  767 655 2055 3267 3155 4555 1345 274 1709 1796 3845 4209 2774 4296
Route 230 :  2073 926 2149 4573 3426 664 1457 2366 4866 3957 3164 4649
Route 231 :  479 280 765 2289 2780 2320 2427 3265 2979 4820 4927 4789
Route 232 :  2422 2082 4922 1789 4582 1449 4289 177 2475 4975 3949 2677
Route 233 :  2465 2052 153 4552 1616 4965 4116 214 2653 540 2714 3040
Route 234 :  2113 627 1831 662 3127 3162 4613 185 4331 2253 4753 2685
Route 235 :  517 1569 3017 4069 702 2461 1248 4961 637 3202 3748 3137
Route 236 :  238 483 2392 1800 881 2738 4892 1348 3381 3848 4300 2983
Route 237 :  2313 276 1170 2776 1663 3670 4163 434 4813 1871 2934 4371
Route 238 :  2202 4702 1360 3860 200 1275 2700 582 3775 1042 1924 4424 3082 3542
Route 239 :  1212 809 3712 3309 780 2072 1621 506 3280 4572 4121 3006
Route 240 :  150 264 2650 2764 2493 799 3299 151 365 2865 4993 2651
Route 241 :  659 2168 206 3159 4668 2706 282 1523 561 3061 2782 4023
Route 242 :  938 1123 3438 1878 4378 3623 1915 721 3221 4415
Route 243 :  255 291 2791 513 2755 1765 4265 356 2856 3013 1263 3763
Route 244 :  1037 553 3053 2137 3537 713 4637 2353 901 3213 4853 3401
Route 245 :  2207 589 4707 2147 1420 2287 3089 2235 4647 3920 4735 4787
Route 246 :  567 638 3067 1121 3138 1493 2442 3993 658 3621 4942 3158
Route 247 :  1189 1451 3951 3689 257 878 3378 1172 1340 2757 3840 3672
Route 248 :  1377 1418 3877 3918 1125 66 2566 3625 428 1320 2928 3820
Route 249 :  1038 1486 1353 3538 3853 2295 3986 731 1147 3647 3231 4795
Route 250 :  1107 1950 247 3607 2170 2222 1505 4670 2747 4005 4722 4450
Route 251 :  2080 1035 4580 1076 1804 4304 9 3535 3576 1219 2509 3719
Route 252 :  208 2708 2379 1414 4879 1425 737 3237 3914 3925
Route 253 :  1705 621 3121 4205 2288 1374 1150 4788 580 3874 3650 3080
Route 254 :  1227 770 1232 3732 3727 3270 2445 436 453 4945 2936 2953
Route 255 :  2099 254 205 4599 674 2754 501 2705 3001 3174 2034 4534
Route 256 :  1535 1731 1136 4231 4035 669 3636 2004 1297 3797 4504 3169
Route 257 :  584 1019 570 3070 3084 3519 1698 2265 2026 4526 4198 4765
Route 258 :  2046 2166 2120 4546 4666 53 4620 2553 1832 4332 1239 3739
Route 259 :  1244 1313 1472 592 573 3092 3744 3813 1574 3972 3073 4074
Route 260 :  1588 542 390 3042 4088 1431 3931 1021 70 2890 2570 3521
Route 261 :  805 3305 2360 1879 536 4860 526 3036 1254 4379 3026 3754
Route 262 :  1045 1355 4 3545 2504 3855 921 595 1252 3421 3095 3752
Route 263 :  2195 2071 665 1590 4571 3165 4695 4090 1884 1912 4412 4384
Route 264 :  564 1914 4414 1809 174 3064 4309 2674 16 1050 3550 2516
Route 265 :  348 657 2848 3157 1827 816 2400 4900 3316 4327 1634 4134
Route 266 :  1518 42 4018 2301 2542 256 1183 1873 3683 4801 4373 2756
Route 267 :  1033 2001 2047 3533 4501 4547 630 1410 243 3910 2743 3130
Route 268 :  754 2488 680 1519 4988 226 3180 4019 3254 2412 4912 2726
Route 269 :  947 1953 167 2053 4453 3447 4553 2667 2231 402 4731 2902
Route 270 :  1020 1802 3520 2030 4530 1329 957 4302 685 3185 3829 3457
Route 271 :  1610 2165 1508 4110 4008 364 1604 83 4665 2583 4104 2864
Route 272 :  871 3371 552 671 1968 63 3052 1497 4468 3171 2563 3997
Route 273 :  2101 572 3072 4601 288 995 1651 1837 2788 3495 4151 4337
Route 274 :  2169 1344 704 4669 2175 3844 4675 3204 1770 353 4270 2853
Route 275 :  1560 1180 1946 2005 4446 2114 727 3680 4614 4505 4060 3227
Route 276 :  1672 1757 1774 1973 4274 4473 4257 1286 4172 1204 3704 3786
Route 277 :  918 2140 1900 3418 4640 1479 4400 2091 1955 4455 3979 4591
Route 278 :  2432 4932 2121 1359 138 3859 4621 299 1866 2638 2799 4366
Route 279 :  2133 285 4633 95 2785 2595 278 726 2778 3226
Route 280 :  2449 4949 2160 1529 1573 4029 4660 4073 463 1295 3795 2963
Route 281 :  2280 1411 4780 2068 3911 1818 2498 1559 4059 4568 4318 4998
Route 282 :  2439 1640 1561 4140 4939 1261 2201 4061 1996 4701 3761 4496
Route 283 :  2315 147 389 2889 4815 2647 218 1115 2718 259 1906 2759 3615 4406
Route 284 :  1257 3757 1094 1591 1157 3657 4091 3594 962 1860 4360 3462
Route 285 :  909 68 2568 3409 547 350 620 3047 3120 2850 701 3201
Route 286 :  232 1854 1597 4097 2732 1925 444 4354 1025 2944 4425 3525
Route 287 :  267 482 2982 2767 338 1302 2838 23 2418 4918 1380 3802 2523 3880
Route 288 :  615 2421 3115 4921 1550 1618 1815 4050 758 4315 3258 4118
Route 289 :  1670 4170 2279 1018 3518 4779 2319 4819 1781 1606 4106 4281
Route 290 :  1522 2058 1294 1936 4022 1986 4436 4486 4558 3794 241 2741
Route 291 :  359 1231 3731 1065 2859 1058 1654 3558 3565 4154 1776 4276
Route 292 :  2104 170 1026 2670 3526 1460 4604 1085 1241 3960 3585 3741
Route 293 :  217 1005 2717 3505 1501 421 2921 1416 800 4001 3300 3916
Route 294 :  991 1927 3491 1133 4427 3633 260 2760 2234 92 4734 2592
Route 295 :  1292 2089 1178 3792 4589 1934 2249 3678 307 4434 4749 2807
Route 296 :  692 1446 360 3946 2860 906 845 438 3192 3345 2938 3406
Route 297 :  555 391 2891 2212 154 811 3311 4712 2471 2654 3055 4971
Route 298 :  123 2623 1961 1554 4054 2023 2186 4461 1028 4686 3528 4523
Route 299 :  1530 2456 4030 4956 1330 1905 3830 560 3060 1440 4405 3940
Route 300 :  1054 1801 3554 4301 1741 2486 4986 2112 4241 699 4612 3199
Route 301 :  1893 2415 47 2547 4915 4393 1389 846 3889 442 2942 3346
Route 302 :  250 371 2871 100 2750 2600 1288 121 1766 2621 3788 4266
Route 303 :  1376 984 1366 3876 562 3484 3062 3866 89 1429 3929 2589
Route 304 :  2106 2013 2085 4513 4606 1198 500 3000 3698 4585 1874 4374
Route 305 :  1218 759 1164 940 3718 3664 1458 1988 3440 3958 3259 4488
Route 306 :  1719 837 1918 2197 4219 4418 3337 4697 1755 494 1432 4255 3932 2994
Route 307 :  1074 3574 462 2110 1578 4610 2962 4078 812 2389 4889 3312
Route 308 :  2199 4699 1923 2367 695 4867 836 4423 239 3195 30 2530 2739 3336
Route 309 :  1842 2029 1990 4490 4529 211 2711 4342 793 1070 3293 3570
Route 310 :  2007 233 4507 2733 2387 558 546 3058 1601 4887 3046 4101
Route 311 :  917 396 1237 2896 1751 997 1339 3417 3737 3497 4251 3839
Route 312 :  2282 1114 4782 1011 3614 3511 1331 1867 326 3831 2826 4367
Route 313 :  505 424 2489 2924 3005 2016 405 954 4989 2905 4516 3454
Route 314 :  1120 3620 173 88 1083 3583 2673 2588 445 1228 2945 3728
Route 315 :  2309 676 2474 4809 4974 3176 1845 246 2478 2746 4345 4978
Route 316 :  1063 1386 46 3563 2546 3886 120 1939 2620 269 4439 2769
Route 317 :  908 819 3408 1202 1595 447 3702 2947 3319 4095
Route 318 :  1048 58 1391 3548 3891 2558 1480 1534 4034 3980
Route 319 :  1726 2161 1373 4226 2151 4661 2311 4651 3873 4811
Route 320 :  2391 1565 98 4891 2598 1740 1733 4233 4240 4065
Route 321 :  2060 2381 4881 698 4560 1922 4422 1109 3198 3609
Route 322 :  1010 1 3510 898 80 2501 1928 2580 3398 4428
Route 323 :  2303 2162 4662 1280 4803 1592 2117 4092 3780 4617
Route 324 :  216 2025 2716 1477 3977 1333 4525 653 3833 3153
Route 325 :  1308 3808 1318 49 1758 3818 2549 4258 786 3286
Route 326 :  631 1436 3131 2006 1100 3936 325 4506 2825 3600
Route 327 :  1735 4235 2268 12 2512 1192 973 4768 3692 3473
Route 328 :  935 203 1553 4053 3435 1563 2191 2703 4063 4691
Route 329 :  450 632 2950 2203 3132 1482 4703 2457 3982 4957
Route 330 :  1772 1876 2365 1724 4376 4865 4224 4272 2240 4740
Route 331 :  1260 2316 511 4816 3760 1240 3011 2293 3740 4793
Route 332 :  1822 1323 1685 3823 2136 4185 4322 1023 4636 3523
Route 333 :  2438 645 4938 3145 1116 2022 1450 3616 4522 3950
Route 334 :  1652 164 4152 2664 1289 752 25 2525 3789 3252
Route 335 :  1940 2399 1680 4440 1009 3509 4180 4899 1255 3755
Route 336 :  2428 891 4928 1514 4014 3391 1013 1298 3513 3798
Route 337 :  72 2433 4933 1627 2572 380 4127 2880 341 2841
Route 338 :  1465 2125 1358 3965 4625 2167 524 3858 4667 3024
Route 339 :  1216 2323 3716 213 4823 1642 768 3268 2713 4142
Route 340 :  2480 2345 4980 4845 1448 529 1711 3948 3029 4211
Route 341 :  367 2867 1030 2495 4995 3530 1277 810 3777 3310
Route 342 :  556 1686 4186 3056 1882 4382 982 2035 3482 4535
Route 343 :  204 1852 4352 2332 670 2704 1197 4832 3170 3697
Route 344 :  1552 178 2255 4052 1442 2163 2678 4755 3942 4663
Route 345 :  369 795 3295 2869 110 336 323 2610 2823 2836
Route 346 :  2283 4783 57 2557 2299 252 4799 2401 4901 2752
Route 347 :  1039 539 3539 384 3039 2884 1379 777 3879 3277
Route 348 :  41 1840 4340 40 2540 2541 148 1144 2648 3644
Route 349 :  101 2337 2027 900 4837 1276 3400 3776 4527 2601
Route 350 :  842 614 3342 3114 1401 678 2373 3901 4873 3178
Route 351 :  104 67 2567 1673 2604 2107 1823 4173 4323 4607
Route 352 :  1969 2226 4469 1494 843 4726 2077 3343 3994 4577
Route 353 :  1921 2079 1687 4421 4579 4187 1354 3854 1012 2346 4846 3512
Route 354 :  1858 114 87 2614 4358 2587 2074 735 2244 4574 3235 4744
Route 355 :  2248 1309 4748 2356 315 4856 3809 386 2886 2815
Route 356 :  2393 693 4893 460 3193 808 1211 2960 3308 3711
Route 357 :  334 2262 1350 2834 3850 4762 761 1599 4099 3261
Route 358 :  219 724 373 2719 3224 977 221 2721 2873 3477
Route 359 :  894 2103 3394 2220 4603 1967 1296 4720 4467 3796
Route 360 :  470 347 2970 1195 2847 3695 1036 1111 1066 3536 2066 4566 3611 3566
Route 361 :  1714 1395 844 4214 245 3344 3895 2745 1161 3661
Route 362 :  1119 2209 1502 4002 952 4709 3619 311 2811 3452
Route 363 :  1443 3943 2496 1412 2051 4996 4551 3912 31 2531
Route 364 :  2450 1428 3928 1069 1746 4950 1541 3569 4041 4246
Route 365 :  2359 357 644 4859 2857 910 1883 3410 3144 4383
Route 366 :  1952 897 764 3397 3264 2355 4452 141 4855 2641
Route 367 :  2230 593 4730 3093 826 2447 1909 3326 1903 4409 4947 2298 4403 4798
Route 368 :  1828 465 4328 2965 1423 3923 268 1468 2768 3968
Route 369 :  1129 1619 69 3629 2339 4119 1908 2569 4839 4408
Route 370 :  1365 970 3470 545 3045 1944 2462 4444 3865 4962
Route 371 :  2064 4564 1483 853 1224 2184 4684 2215 3983 3724 4715 3353
Route 372 :  905 1324 423 2923 3405 3824 585 1258 3758 3085
Route 373 :  729 1864 3229 4364 2271 1400 1555 4771 3900 4055
Route 374 :  855 2062 1584 4562 4084 3355 111 1593 4093 2611
Route 375 :  740 2205 1177 3677 1703 4705 3240 4203 677 3177
Route 376 :  1707 8 2508 1648 779 4207 682 3182 3279 4148
Route 377 :  734 697 3197 1586 3234 284 4086 140 2784 2640
Route 378 :  2416 4916 349 1151 2849 339 1024 2261 3524 4761 2839 3651 1970 4470
Route 379 :  387 2887 2095 1543 4043 933 4595 3433
Route 380 :  860 1784 3360 76 4284 2576 790 459 2959 3290
Route 381 :  1454 588 2444 3088 4944 3954 654 1971 4471 3154
Route 382 :  1768 1238 3738 988 3488 4268 922 2455 4955 3422
Route 383 :  756 1462 61 2561 3256 313 1126 3962 2813 3626
Route 384 :  534 1775 4275 3034 2476 1326 1911 4976 4411 3826
Route 385 :  81 2228 4728 2581 1798 2031 1764 4298 4531 4264
Route 386 :  1760 1153 2479 4260 4979 3653 1143 825 3325 3643
Route 387 :  193 2159 2693 4659 1812 1754 2484 4984 4312 4254
Route 388 :  1631 1583 4083 1061 4131 2409 3561 4909 448 2948
Route 389 :  1199 1941 3699 265 4441 2765 1397 3897
Route 390 :  1509 4009 718 45 1843 3218 2545 4343
Route 391 :  180 372 2872 2680 2384 1487 3987 745 4884 3245
Route 392 :  1306 306 1513 3806 2806 2473 4973 4013
Route 393 :  39 2539 913 598 883 3413 616 3098 3383 3116
Route 394 :  1662 1722 4162 2374 707 4874 4222 3207
Route 395 :  2242 4742 1068 1596 1783 4283 3568 4096
Route 396 :  1537 222 4037 2722 574 946 3446 3074
Route 397 :  510 817 1977 1658 4477 3317 4158 3010
