Instance name : ber-n2000-5
Authors : Simen T. Vadseth, Henrik Andersson, Jean-Francois Cordeau and Magnus Stålhane
Date : 24.06.2023
Reference : TBA
Solution
Route	1 :  756 290 77 1756 1077 1290 797 16 871 1797 681 1016 561 1871 1681 1561
Route	2 :  369 160 1160 1369 12 978 511 1012 945 564 1564 1511 1945 762 1762 1978
Route	3 :  231 992 1231 1992 398 1398 385 1385 270 438 1270 587 1438 1587
Route	4 :  759 1759 10 272 1010 990 205 240 1990 1205 1272 1240 212 1212
Route	5 :  657 321 870 63 1321 1657 84 1063 1870 40 559 1040 1084 962 1559 1962
Route	6 :  783 317 111 1111 1783 1317 749 1749 593 210 1593 902 492 1210 1902 1492
Route	7 :  900 360 956 1956 1360 1900 698 531 440 838 1531 1838 1698 1440
Route	8 :  744 195 1195 1744 266 209 508 1209 346 1346 1508 1266 823 791 1791 1823
Route	9 :  263 932 1263 53 1932 1053 497 394 1497 181 1181 1394 342 154 1154 1342
Route	10 :  129 278 908 1278 1908 1129 792 1792 37 964 1037 1964
Route	11 :  687 1687 899 1899 370 778 1778 960 1370 620 1960 979 563 1620 1563 1979
Route	12 :  57 470 1470 168 446 1057 688 1446 1688 1168
Route	13 :  936 845 1845 567 1936 601 1567 675 1601 1675 165 517 864 1517 1165 1864
Route	14 :  192 570 1192 619 1619 1570 238 262 97 1097 1238 1262
Route	15 :  356 1356 982 1982 119 730 1119 995 806 1730 1806 1995 314 1314
Route	16 :  827 471 1471 1827 761 400 1761 1400 916 358 304 1358 1916 1304
Route	17 :  695 1695 848 1848 307 232 1307 752 1232 1752 882 435 1435 478 1882 1478
Route	18 :  894 840 1840 472 727 1894 1727 798 1472 114 1798 1114 265 1265
Route	19 :  454 98 1454 991 952 1098 1952 1991 850 805 318 1850 1805 300 1318 1300
Route	20 :  784 549 1784 1549 867 1867 224 1000 1224 650 1650 2000 70 1070
Route	21 :  366 293 1293 573 1366 374 777 1573 1374 911 1911 1777 915 52 1052 206 1915 1206
Route	22 :  73 1073 482 746 1746 1482 43 702 1702 338 892 1338 1043 85 1892 1085
Route	23 :  106 856 1106 1856 320 162 879 1879 102 1320 1102 132 1162 1132 390 1390
Route	24 :  609 775 1609 1775 488 953 1488 1953 60 640 1060 333 1640 1333
Route	25 :  837 895 245 1837 38 1895 1245 348 1348 922 487 1038 1922 1487
Route	26 :  399 874 1399 909 259 1874 1909 180 610 1259 1610 1180 55 1055
Route	27 :  624 763 928 1624 1928 490 1490 1763 622 975 1622 44 790 1975 1044 1790
Route	28 :  228 768 788 1228 1788 357 1768 64 1357 255 1255 1064 311 1311
Route	29 :  785 496 1785 1496 3 946 910 1003 666 1910 780 1780 1946 1666
Route	30 :  707 786 515 1786 468 1515 1707 337 1337 1468 35 164 1164 1035 455 968 1455 1968
Route	31 :  613 298 1298 1613 504 906 436 1436 1504 1906 924 2 1002 1924
Route	32 :  299 985 1299 1985 607 234 1234 569 1569 1607 794 1794 486 1486
Route	33 :  243 770 1243 592 1770 93 1592 95 1093 217 251 1095 1251 1217
Route	34 :  216 971 1216 445 459 1971 1445 595 1459 109 1595 1109
Route	35 :  159 1159 556 101 1556 484 1101 1484 865 826 289 1826 1865 325 1289 1325
Route	36 :  393 108 1393 242 1108 1242 187 591 1187 538 644 1591 1538 1644
Route	37 :  942 153 1153 831 1942 428 308 1428 1831 566 381 1308 1381 1566
Route	38 :  507 462 1507 254 1462 412 1254 1412 30 332 594 1594 1332 323 1323 1030
Route	39 :  177 31 930 1930 1031 875 634 1875 1634 608 800 1177 1800 1608
Route	40 :  408 1408 99 138 1138 191 1099 934 1191 849 1934 534 474 1474 1849 1534
Route	41 :  999 383 602 1383 1602 157 937 1999 45 1937 1157 635 1045 1635
Route	42 :  166 253 1253 288 1166 1288 811 748 1811 814 351 1748 1351 1814
Route	43 :  407 659 1407 539 1659 512 296 670 1296 1512 1539 544 1670 1544
Route	44 :  693 920 1920 90 1693 743 1743 588 1090 261 1261 1588
Route	45 :  58 851 47 1047 1058 1851 352 1352 562 923 124 1124 1923 1562
Route	46 :  149 929 1149 866 1929 421 1866 1421 510 1510 647 940 1940 1647 993 1993
Route	47 :  576 1576 781 83 1781 583 728 1728 1583 319 1083 1319
Route	48 :  520 361 310 1520 1310 832 809 701 1701 1832 1361 1809 76 550 1550 1076
Route	49 :  959 907 1959 74 1907 927 1927 5 1074 540 1540 1005 324 1324 186 1186
Route	50 :  535 1535 773 824 998 1773 825 1824 1998 315 766 1825 1315 1766 772 1772
Route	51 :  877 291 427 726 1877 1427 1726 1291 972 630 949 1630 1949 1972
Route	52 :  274 373 1274 632 1373 51 1051 1632 182 737 713 1737 1182 1713
Route	53 :  966 365 1365 955 1966 1955 747 629 1629 17 481 1747 1017 1481
Route	54 :  859 36 1036 673 734 1859 941 1673 1941 1734 537 343 1343 1537
Route	55 :  616 233 1233 252 1252 1616 715 580 1580 419 1715 1419
Route	56 :  981 1981 501 173 1173 546 1546 463 89 1501 477 1477 1089 1463
Route	57 :  499 1499 722 456 1456 1722 579 49 1579 350 881 1881 1049 948 1350 313 1313 1948
Route	58 :  885 329 1885 1329 61 458 533 1458 868 1533 1061 1868
Route	59 :  503 976 1503 1976 776 925 1776 460 1925 473 229 1460 1473 1229
Route	60 :  9 100 1009 680 1100 1680 247 649 1247 614 641 1649 724 1614 1641 1724
Route	61 :  112 684 1684 155 1112 745 1155 122 716 1745 1122 1716
Route	62 :  411 121 1411 1121 719 764 1719 697 1764 891 50 179 1891 1697 1179 1050
Route	63 :  349 1349 279 938 1938 547 1279 810 1547 901 1810 690 1901 1690
Route	64 :  444 1444 27 918 1027 1918 617 658 292 1617 771 107 1658 1292 1771 1107
Route	65 :  813 208 1813 376 1208 185 1185 1376 516 597 273 1273 136 1516 1597 1136
Route	66 :  226 987 1226 59 1987 380 1380 15 1059 758 897 1015 1758 19 1019 1897
Route	67 :  96 384 1096 1384 997 524 818 1997 1524 645 171 1818 1645 1171
Route	68 :  625 1625 367 718 1367 237 947 1718 1237 1947 467 552 578 1578 1467 1552
Route	69 :  246 377 1246 551 1377 1551 565 452 1565 495 1452 1495 568 705 1568 1705
Route	70 :  395 116 139 1395 958 1116 1958 1139 86 214 82 1214 1082 1086
Route	71 :  198 703 1198 1703 397 130 1397 618 1618 341 1130 327 1327 1341
Route	72 :  893 581 1581 740 603 1740 1603 1893 633 969 172 1633 1172 1969
Route	73 :  980 241 1241 1980 451 305 1305 1451 386 679 469 1469 1386 1679
Route	74 :  738 286 1738 541 1286 696 1541 887 1696 67 836 1887 312 1067 1836 1312
Route	75 :  725 26 854 1725 1854 1026 328 642 939 1642 919 1328 1939 1919
Route	76 :  677 22 672 1677 156 1672 415 1415 1022 239 1156 796 1239 1796
Route	77 :  199 536 1199 1536 170 611 950 967 1950 1611 1170 853 1853 1967 833 1833
Route	78 :  694 729 572 665 1694 1572 294 1665 1729 406 1294 94 1406 1094
Route	79 :  717 839 282 1839 295 604 1282 1295 1604 886 890 1890 1886 1717
Route	80 :  817 1817 691 363 125 1125 732 105 1691 1363 1105 1732 25 720 1720 1025
Route	81 :  736 1736 158 1158 483 359 1483 413 1359 654 29 1654 1413 1029
Route	82 :  475 92 514 1475 1514 655 433 1655 448 1433 1092 56 1448 1056 426 1426
Route	83 :  974 267 1974 589 1267 150 1150 1589 493 590 1493 692 1692 1590
Route	84 :  1 264 1001 340 1264 1340 431 1431 316 277 1316 1277
Route	85 :  712 1712 287 65 1287 175 1065 1175 404 432 256 1432 1404 1256
Route	86 :  802 884 1802 808 1884 543 301 1808 1301 545 418 1543 1545 1418
Route	87 :  148 841 1841 709 1709 1148 819 396 876 1819 668 1668 1396 1876
Route	88 :  615 1615 858 671 676 1676 135 1671 1858 425 1425 1135 951 222 1951 1222
Route	89 :  731 789 1731 410 1789 1410 353 888 457 812 1353 1812 1888 1457
Route	90 :  522 878 1522 145 1145 437 167 1878 334 1437 215 1167 1215 1334
Route	91 :  389 250 131 1389 1250 1131 330 422 1330 115 1422 202 1115 1202
Route	92 :  18 144 1144 1018 140 721 21 1140 1721 213 1021 441 1213 1441
Route	93 :  755 417 1417 207 1207 117 1755 847 1117 1847 309 612 1612 795 1309 1795
Route	94 :  880 765 605 1765 1880 81 1605 103 862 1103 769 1081 1769 1862
Route	95 :  846 1846 889 498 211 1498 1211 1889 742 704 1742 700 1704 1700
Route	96 :  861 663 1861 1663 443 529 1443 926 931 1529 1931 120 1926 1120
Route	97 :  648 368 1368 1648 72 753 582 1072 1753 750 1750 1582 371 1371
Route	98 :  631 6 1631 465 1465 1006 751 227 1227 518 1751 196 1518 530 1196 1530
Route	99 :  280 450 1280 1450 977 176 1977 554 994 1554 402 1994 1176 553 1402 1553
Route	100 :  297 807 1807 855 4 1855 1297 143 476 1004 388 1388 1143 1476
Route	101 :  571 1571 957 201 1201 799 1957 480 221 1221 843 1799 1480 1843
Route	102 :  828 447 1447 178 1828 1178 682 379 1379 933 71 793 1682 1071 1933 1793
Route	103 :  248 500 1248 137 1500 1137 174 505 1174 779 62 1505 1779 1062
Route	104 :  667 689 1667 387 1387 1689 961 414 1961 91 557 1557 1414 1091
Route	105 :  733 555 1733 391 1555 662 1391 963 152 1662 1963 989 1152 1989
Route	106 :  585 1585 896 54 1896 34 1054 244 660 1244 1034 815 1660 1815
Route	107 :  184 710 1184 335 1710 1335 127 146 674 197 1146 1127 1674 1197 782 1782
Route	108 :  521 1521 822 943 1822 134 898 1898 1943 1134 560 1560
Route	109 :  364 639 1364 1639 188 626 1626 996 1188 420 1996 1420
Route	110 :  200 169 532 1200 1532 1169 646 339 405 1405 1646 1339 220 1220
Route	111 :  954 161 1954 303 708 1161 1303 1708 596 430 683 1596 1683 1430
Route	112 :  249 378 1378 1249 464 285 1464 917 1917 664 1285 491 88 1664 1491 1088
Route	113 :  638 528 453 1638 1453 905 1528 276 1905 816 973 1276 1816 1973
Route	114 :  628 669 1669 502 1502 275 1628 80 1080 1275 699 621 1699 1621
Route	115 :  375 652 1652 1375 75 844 863 1075 513 1844 1863 1513
Route	116 :  637 194 623 1623 1637 944 685 1194 1685 218 1944 914 1914 1218
Route	117 :  336 123 1336 204 912 965 1965 1204 1123 1912 830 362 1830 1362
Route	118 :  392 904 1392 754 1754 203 1904 302 1302 1203 523 586 1523 1586
Route	119 :  33 1033 7 345 599 1599 852 1007 1345 268 1852 1268 527 526 1527 1526
Route	120 :  344 442 1344 984 1442 126 439 1984 834 1439 1126 935 1834 409 1409 1935
Route	121 :  104 1104 820 79 1820 403 1079 787 1787 1403 600 760 151 1600 1151 1760
Route	122 :  606 869 14 1014 1869 857 1606 189 1857 1189 711 78 1711 1078
Route	123 :  804 1804 230 449 584 1230 803 1449 1803 1584 723 1723 506 627 1627 1506
Route	124 :  461 1461 271 1271 821 331 347 1347 223 1331 1223 1821 577 1577
Route	125 :  873 651 1873 66 142 1142 1651 575 860 424 1066 1575 1424 1860
Route	126 :  183 714 1183 322 1714 23 1023 13 1322 1013 741 757 1757 1741
Route	127 :  11 118 1011 1118 970 258 842 485 1258 1970 1842 1485 903 1903 260 1260
Route	128 :  774 548 236 1774 1548 382 1236 1382 598 354 574 1354 1574 1598 8 1008
Route	129 :  133 1133 24 801 1024 509 1801 128 1509 829 678 1829 1678 1128
Route	130 :  68 1068 235 835 913 1913 1235 326 1835 1326 219 42 1219 1042
Route	131 :  141 147 1147 1141 656 48 558 1558 284 1656 1048 986 1284 20 1020 1986
Route	132 :  479 1479 883 1883 28 257 110 1028 1257 1110 983 1983
Route	133 :  686 706 988 1686 1706 46 1988 423 1046 113 1423 653 1113 1653
Route	134 :  401 542 1542 489 1401 1489 283 636 163 1636 1283 1163
Route	135 :  643 1643 525 281 1525 1281 87 416 1416 372 1087 434 1434 1372
Route	136 :  306 519 193 1306 1519 466 1193 32 1466 39 1032 429 1039 1429
Route	137 :  41 739 1041 69 1069 1739 190 225 1225 767 1190 355 1767 1355
Route	138 :  269 921 1269 872 1872 1921 735 661 494 1661 1494 1735
