Instance name : ber-n400-4
Authors : Alexander Yuskov (a.yuskov@g.nsu.ru), Igor Kulachenko (ink@math.nsc.ru), Yury Kochetov, Igor Vasilyev, Zhangdong, Chenjuan, Huanghaohan, Wanglongfei
Date : 28.05.2025
Reference : HGIM
Solution
Route 1 : 183 383 157 150 350 357 145 72 345 3 117 203 36 317 272 236 84 170 284 83 370 283
Route 2 : 17 140 217 340 48 248 74 274 125 54 325 254 123 107 307 323 23 29 223 229
Route 3 : 85 109 129 285 329 309 93 40 293 240 102 63 302 263 200 179 400 379 169 138 369 338
Route 4 : 174 374 26 34 21 234 198 398 104 304 11 211 68 268 226 73 139 339 221 273 108 308
Route 5 : 160 360 78 278 177 377 55 255 131 88 158 331 358 288 115 143 343 315
Route 6 : 30 45 230 80 245 280 189 136 389 182 336 134 382 194 334 394 162 132 362 332
Route 7 : 42 153 353 242 46 10 187 210 246 387 171 65 265 371 161 70 270 361 110 310
Route 8 : 62 37 262 31 237 231 51 77 251 22 76 277 188 222 276 388 120 320 6 192 206 392
Route 9 : 56 164 364 256 39 121 81 239 321 281 168 95 295 181 368 381 25 130 225 133 330 333
Route 10 : 87 147 287 32 35 2 347 235 232 202 180 380 127 327 24 224 118 184 384 318
Route 11 : 69 197 269 397 101 193 393 301 144 146 346 344 156 356 15 159 215 100 359 300
Route 12 : 137 41 337 52 18 241 252 218 7 64 112 264 207 312 175 126 326 375
Route 13 : 135 191 335 391 89 61 289 86 261 286 5 205 57 165 365 257 71 271 27 227
Route 14 : 92 20 1 196 220 396 201 172 372 185 292 385 152 124 324 352 148 151 351 348 116 316
Route 15 : 14 59 214 259 122 322 176 376 38 58 258 238 141 114 314 341 96 296 142 47 247 342
Route 16 : 60 111 260 311 8 119 319 208 19 219 113 50 250 313 67 155 267 166 355 91 366 291
Route 17 : 75 275 49 186 249 103 386 106 303 163 306 363 79 105 305 279 178 33 378 99 233 299
Route 18 : 90 195 290 395 128 173 328 373 149 94 4 204 349 154 354 167 28 228 367 294 43 9 243 209
Route 19 : 44 12 212 244 97 82 297 53 282 253 16 190 216 199 399 390 66 13 266 98 298 213
