Instance name : ber-n4000-6
Authors       : Dmitriy Demin, Mikhail Diakov (msd@veeroute.com), Ivan Ilin, Nikita Ivanov, Viacheslav Sokolov (vs@veeroute.com) et al. VRt Global (https://veeroute.com/)
Date          : 2023-04-24
Reference     : veeroute.com
Solution
Route 1 : 615 136 1078 3078 875 2136 2875 852 2615 1439 2852 1957 834 3439 3957 2834
Route 2 : 318 1667 1956 3956 1802 2318 23 3667 3802 2023 215 301 2301 877 2215 1921 2877 3921
Route 3 : 275 1677 2275 3677 529 1165 3165 2529 585 2585
Route 4 : 911 991 187 2991 2911 616 2616 456 2456 2187
Route 5 : 609 278 2278 1408 2609 1964 721 3964 3408 2721
Route 6 : 816 1629 494 3629 2494 1941 633 2816 1524 3941 1983 1588 3588 3524 3983 2633
Route 7 : 1658 741 3658 174 2741 1178 3178 964 2964 2174
Route 8 : 1458 1014 3014 1913 3458 3913 335 1002 1643 533 2335 3643 1106 2533 3106 3002
Route 9 : 1502 73 3502 1256 2073 1226 3256 1799 577 2577 56 3226 2056 3799
Route 10 : 715 1132 1595 3595 3132 1169 2715 1176 3169 3176
Route 11 : 544 1804 3804 1407 2544 1812 3407 854 3812 1599 2854 3599
Route 12 : 1370 1905 3370 379 3905 2379 540 1182 3182 2540
Route 13 : 48 437 1944 2437 2048 1050 1154 3050 851 3944 3154 2851
Route 14 : 1437 2 3437 578 1580 3580 838 2002 2578 1613 2838 3613 148 2148
Route 15 : 1447 161 3447 2161 1323 603 1745 3323 3745 104 7 1838 2007 2603 3838 2104
Route 16 : 1670 322 3670 1475 2322 1423 3475 3423
Route 17 : 906 176 983 2176 399 2983 2399 2906 123 2123
Route 18 : 1952 921 1017 348 3017 2921 2348 1969 3952 369 1638 1994 3638 1714 3714 3969 2369 3994
Route 19 : 646 935 828 1446 2935 2828 3446 299 2646 810 2299 2810
Route 20 : 1353 3353 1205 1968 567 2567 1463 3463 3205 1457 3968 1741 3457 3741
Route 21 : 523 280 2280 2523 1755 1399 3399 3755
Route 22 : 1993 998 1772 3993 2998 1287 3772 1118 321 3287 1151 3118 3151 2321
Route 23 : 81 1676 2081 372 815 2372 975 2975 2815 1615 3676 410 3615 2410
Route 24 : 1158 678 549 3158 765 1347 1206 3347 2678 2765 2549 3206
Route 25 : 362 525 801 2362 1038 1986 3986 2525 3038 1514 2801 209 1346 3514 2209 3346
Route 26 : 1417 1827 151 1669 3827 1289 3669 3417 680 2151 2680 3289
Route 27 : 1735 1668 1196 3735 1715 1610 3610 3715 973 3668 492 2973 3196 2492
Route 28 : 1537 1716 874 2874 3716 158 2158 1889 1569 3537 784 2784 3569 3889
Route 29 : 1268 943 2943 945 3268 1625 385 1497 1331 1180 3497 2385 3625 3331 3180 2945
Route 30 : 1783 3783 1280 1162 1562 3280 1467 3162 3467 1787 1966 3966 3787 3562
Route 31 : 381 789 2381 1215 3215 711 703 2703 2789 2711 1484 1216 3484 3216
Route 32 : 694 164 2164 43 473 2473 2694 1541 557 2043 3541 778 2557 2778
Route 33 : 942 134 1907 2134 2942 896 1485 1992 3907 1039 3039 2896 3992 3485
Route 34 : 1235 1657 1040 3235 3657 987 3040 1720 3720 2987
Route 35 : 100 1309 2100 3309 1377 1712 3712 1945 3945 1564 3377 3564
Route 36 : 45 2045 455 127 1080 886 3080 2455 2886 1269 3269 2127
Route 37 : 702 1322 922 3322 1448 3448 982 2702 2922 443 2982 1636 2443 3636
Route 38 : 857 1911 2857 3911 485 1816 3816 112 2485 2112 487 2487
Route 39 : 259 762 2762 1343 2259 466 1689 138 3343 2138 1270 3689 2466 3270
Route 40 : 1739 1113 1908 3739 3113 191 498 1611 3908 2191 1057 3611 3057 2498
Route 41 : 272 307 480 2307 90 2272 2480 2090 420 608 2608 2420
Route 42 : 1242 709 414 1064 2709 817 3242 3064 2414 2817
Route 43 : 1453 1286 3286 3453 1504 353 782 1863 2782 2353 3863 3504
Route 44 : 1922 952 2952 95 3922 1612 1730 3612 1896 3730 1091 2095 312 3091 2312 3896
Route 45 : 1472 903 3472 1375 1229 3375 2903 3229 1813 26 3813 2026
Route 46 : 445 1095 3095 1652 119 2445 1877 3877 2119 3652
Route 47 : 654 586 2654 763 824 2824 2763 1618 2586 115 2115 1060 3618 3060
Route 48 : 1786 638 143 3786 97 2638 2143 811 655 2097 2811 2655
Route 49 : 1263 889 457 2457 257 3263 1108 2889 930 2930 3108 2257
Route 50 : 140 1122 415 2140 1771 3122 1635 2415 1259 1915 3771 3915 3635 3259
Route 51 : 1579 1573 3579 3573 361 2361 1510 440 2440 1037 3510 3037
Route 52 : 331 866 2331 2866 956 1022 3022 2956 1851 3851
Route 53 : 1117 186 1046 82 1940 2186 3117 3046 2082 3940 1142 3142
Route 54 : 1325 644 229 2644 1882 2229 3325 1999 3882 1577 3999 1314 3577 3314
Route 55 : 888 528 19 2888 2019 495 2528 813 2495 849 2813 576 2849 2576
Route 56 : 359 205 2205 193 1626 2359 3626 1440 2193 389 2389 380 2380 3440
Route 57 : 1424 1085 3424 340 3085 74 2340 444 2074 1411 3411 2444
Route 58 : 439 86 2086 192 2439 1307 3307 2192 685 196 2196 1949 2685 3949
Route 59 : 1980 1258 1891 985 2985 3891 3258 575 3980 2575
Route 60 : 1894 1506 3506 1451 3451 3894 1604 245 1875 2245 1361 1257 3875 1302 3361 3604 3257 3302
Route 61 : 901 1191 1010 1681 2901 3191 3010 931 1337 3681 3337 2931
Route 62 : 573 1749 1096 2573 1358 1897 3096 1157 3358 3749 1369 3157 3897 3369
Route 63 : 424 1434 1967 2424 1391 3434 3967 748 2748 1209 1246 3391 3246 3209
Route 64 : 1558 1156 3156 556 3558 581 1927 2581 2556 1680 3927 3680
Route 65 : 1979 822 853 3979 78 2822 2853 1075 2078 1480 3480 3075
Route 66 : 1396 336 718 2336 1009 3009 313 3396 1248 2718 2313 189 2189 3248
Route 67 : 1859 1775 505 871 2505 3775 374 366 3859 2871 1609 2366 3609 2374
Route 68 : 552 2552 1058 1001 3058 1339 1067 3339 1368 3067 3001 436 3368 2436
Route 69 : 1647 1832 258 3832 2258 590 3647 53 1829 2053 147 2590 2147 3829
Route 70 : 1148 758 3148 1505 667 2758 286 2286 1858 1762 3505 2667 599 3858 2599 3762
Route 71 : 1468 511 1230 3468 2511 36 3230 1511 1899 2036 3511 3899
Route 72 : 899 707 246 2899 1003 2707 2246 1559 3003 3559
Route 73 : 1708 406 907 2406 2907 1725 3725 1279 3708 315 3279 2315
Route 74 : 1159 1494 3494 3159 1102 682 999 3102 1218 2682 388 2999 3218 2388
Route 75 : 1026 59 706 2059 65 1202 3026 1210 3210 2706 2065 3202
Route 76 : 1885 256 3885 550 1828 3828 2256 1723 2550 3723
Route 77 : 1797 1529 3529 1722 3797 1709 1104 3722 3709 3104 600 688 2600 2688
Route 78 : 764 478 2764 1208 2478 1379 3208 1726 954 3379 1120 2954 3120 3726
Route 79 : 1278 3278 281 753 2753 2281 1825 641 725 2725 2641 3825
Route 80 : 1412 604 418 3412 516 2604 52 2418 1231 3231 1705 2516 3705 35 2052 2035
Route 81 : 3 1008 1766 3008 1619 2003 1710 3766 1820 3619 3820 3710
Route 82 : 1291 636 745 3291 1239 2745 168 2636 467 2168 3239 2467
Route 83 : 1861 1427 1981 3861 1183 3427 1617 3617 1961 3981 1313 3183 3961 951 2951 3313
Route 84 : 1083 1382 3382 126 3083 1324 67 3324 376 2067 2126 2376
Route 85 : 292 1007 1491 3007 2292 1782 1355 3355 777 3491 3782 2777
Route 86 : 1634 1919 3634 1627 3627 1826 1769 3919 3769 3826
Route 87 : 531 989 2989 944 294 2531 1883 2944 1590 3883 1900 2294 3590 3900
Route 88 : 311 2311 731 429 2429 802 900 2900 2731 1342 1255 2802 527 2527 3255 3342
Route 89 : 664 1023 1703 2664 3703 1614 448 3023 2448 55 3614 2055
Route 90 : 195 454 2195 1803 1602 2454 3602 1310 3803 639 2639 3310
Route 91 : 572 1704 2572 404 2404 627 882 3704 2627 254 2254 2882 16 2016
Route 92 : 413 2413 10 114 1868 2010 1311 3868 66 2114 1841 3841 2066 3311
Route 93 : 1873 3873 1189 451 427 2451 3189 2427 769 2769
Route 94 : 786 1133 1333 3133 113 2786 1947 2113 3333 216 3947 2216
Route 95 : 355 687 2355 378 2687 1092 2378 3092
Route 96 : 582 162 2582 2162 618 1200 1862 3200 3862 2618
Route 97 : 993 1837 554 3837 2554 1790 1035 3790 583 2993 3035 2583
Route 98 : 681 237 1857 3857 2237 610 2610 1266 2681 1546 918 3546 3266 2918
Route 99 : 142 1645 2142 1077 3645 393 328 2328 1081 3077 2393 3081
Route 100 : 484 1758 1810 2484 3758 1567 1119 3810 489 3567 2489 514 3119 2514
Route 101 : 1025 326 1141 3141 1335 274 2274 1542 3025 548 2326 3542 3335 524 2548 2524
Route 102 : 49 997 2049 658 108 740 2997 2658 303 2108 2740 2303
Route 103 : 421 2421 1245 212 3245 2212 44 2044 1508 3508
Route 104 : 1296 188 21 2021 3296 1047 739 2188 2739 3047
Route 105 : 1867 1499 79 3867 3499 872 76 2872 17 2079 2076 1654 823 2823 2017 3654
Route 106 : 623 914 2623 587 2914 559 579 2559 787 2579 2787 1756 3756 2587
Route 107 : 1111 363 2363 1855 3855 1872 3111 1084 1213 3872 3084 305 3213 2305
Route 108 : 1069 1414 3069 1110 3110 3414 1127 3127
Route 109 : 988 626 826 2826 208 2626 1737 2208 969 2988 798 2798 3737 2969
Route 110 : 291 1326 1765 1540 3326 2291 1814 3540 1675 3765 3814 1608 3675 3608
Route 111 : 770 2770 526 757 2757 2526 1170 139 2139 3170
Route 112 : 955 1660 1328 3328 2955 1778 939 3660 407 2939 1456 2407 3778 3456
Route 113 : 365 1649 2365 566 3649 425 1925 2566 3925 332 1187 2425 2332 3187
Route 114 : 1587 917 502 3587 37 2917 923 2037 794 2502 2923 648 2794 2648
Route 115 : 1404 1105 1974 3105 3974 3404 349 1767 2349 3767
Route 116 : 865 1550 2865 395 1584 3550 1623 2395 884 3584 3623 1728 1607 2884 3728 3607
Route 117 : 1818 1483 3483 1432 99 3818 607 3432 2099 1931 2607 3931
Route 118 : 190 1460 683 3460 1107 2683 1733 547 2190 3107 3733 2547
Route 119 : 221 2221 1051 3051 101 517 2101 1691 2517 3691
Route 120 : 902 61 2902 297 833 2061 1367 2297 2833 967 3367 2967
Route 121 : 1937 1401 3937 1130 1436 3401 1909 3130 3436 1100 3909 3100
Route 122 : 793 701 2793 821 2821 2701 1601 883 3601 1072 3072 2883
Route 123 : 1984 1633 3984 1135 3633 284 3135 1316 199 2284 2199 861 3316 2861
Route 124 : 995 790 2790 1479 2995 979 3479 1482 2979 3482
Route 125 : 1792 1262 3792 571 3262 927 118 2118 2571 2927
Route 126 : 1518 3518 1936 1648 3648 222 83 2083 3936 2222 255 2255
Route 127 : 1032 3032 453 310 2453 1389 1581 3389 1673 2310 3581 3673
Route 128 : 1221 1501 3501 3221 831 371 33 2371 2831 657 2033 1378 2657 3378
Route 129 : 1004 3004 1348 1589 481 1082 1893 3893 2481 3082 3589 3348 978 2978
Route 130 : 1773 843 3773 1533 3533 364 2843 1452 3452 2364
Route 131 : 243 727 1146 2243 3146 1470 2727 472 1371 2472 244 3470 3371 1116 2244 3116
Route 132 : 135 1496 1870 3870 1977 2135 1662 3496 3977 686 2686 3662
Route 133 : 1282 1393 892 3282 760 2892 1053 3393 2760 3053
Route 134 : 1181 1380 469 3181 1390 131 2469 306 3380 2131 3390 2306
Route 135 : 1167 912 2912 563 3167 1476 434 3476 1835 1144 3835 3144 2434 2563
Route 136 : 1126 207 4 1290 2004 3290 3126 1125 2207 3125
Route 137 : 1701 3701 431 1642 1068 1152 3068 1519 3642 1138 3138 3519 2431 3152
Route 138 : 435 1534 2435 1784 1139 3534 1384 3784 3384 488 2488 3139
Route 139 : 645 842 1869 2645 3869 1041 309 1387 2842 1500 2309 3041 3500 3387
Route 140 : 120 542 2120 2542 546 273 2546 1027 1012 2273 3027 3012
Route 141 : 157 1950 3950 2157 490 2000 4000 895 2490 137 1989 2895 2137 3989
Route 142 : 1742 1918 1507 3507 3918 773 3742 1234 2773 155 3234 2155
Route 143 : 958 47 2958 860 2047 2860 1923 1021 3021 3923
Route 144 : 497 508 2497 1121 2508 1795 738 3795 1043 3121 2738 3043
Route 145 : 617 750 2617 1846 2750 24 1632 3846 2024 3632
Route 146 : 1845 968 3845 1233 3233 2968 449 1678 1131 3131 2449 1553 3678 3553
Route 147 : 500 761 2500 1547 3547 214 2761 1444 107 2214 3444 2107
Route 148 : 1740 588 327 3740 2327 442 2588 1763 929 3763 2929 2442
Route 149 : 1793 1616 1193 3193 3616 1079 3793 808 1173 3079 2808 3173
Route 150 : 210 1145 1836 2210 3836 3145 400 891 2891 233 2400 2233
Route 151 : 71 934 2934 1109 2071 650 3109 1312 2650 3312
Route 152 : 1356 1386 3356 250 2250 1848 3386 754 179 15 2015 3848 2179 2754
Route 153 : 1288 1247 3247 1794 3288 1791 545 3794 3791 1161 2545 3161 767 1743 2767 3743
Route 154 : 317 38 1363 3363 2038 915 2317 2915
Route 155 : 832 57 2057 2832 1201 1852 261 3852 367 2261 1659 3201 2367 3659
Route 156 : 224 1521 837 2224 334 1029 3521 169 2169 2837 2334 3029
Route 157 : 339 479 2339 1405 3405 788 775 2479 2775 1801 1672 2788 3672 3801
Route 158 : 1697 537 2537 974 1695 3695 3697 708 2974 596 2708 302 2596 2302
Route 159 : 1824 248 2248 3824 271 1340 2271 1093 3340 1276 1843 3843 3093 3276
Route 160 : 1321 1734 3321 1253 1260 3253 3260 3734 1522 375 1438 3522 2375 3438
Route 161 : 1822 992 1254 3822 2992 1926 1853 3254 3853 1315 3315 3926
Route 162 : 916 1016 928 562 2916 858 2562 2928 1372 1724 2858 3016 3724 3372 553 2553
Route 163 : 1565 1759 3759 240 3565 330 156 2330 2240 2156 961 2961
Route 164 : 668 976 2668 1030 3030 1044 970 1768 2976 3768 1651 2970 3044 159 2159 3651
Route 165 : 103 69 263 2103 80 2069 285 1713 3713 506 2080 2263 2285 2506
Route 166 : 1362 1591 3362 384 3591 734 819 2819 2384 2734
Route 167 : 235 755 1711 2235 3711 2755 96 1655 2096 3655
Route 168 : 1938 1641 3938 3641 8 779 2779 1094 2008 3094
Route 169 : 631 1298 2631 3298 1665 1954 72 2072 3954 106 2106 3665
Route 170 : 1203 1532 1806 3532 3806 1962 3203 1699 3962 3699
Route 171 : 1991 1425 3991 919 2919 226 1087 3087 3425 2226
Route 172 : 1163 555 1471 3163 796 3471 848 2555 2796 671 2848 606 2671 2606
Route 173 : 785 1898 2785 1527 3898 1536 3536 3527
Route 174 : 887 749 433 2887 2433 283 2749 1996 422 3996 1160 2283 3160 1354 2422 3354
Route 175 : 1819 1800 432 1865 2432 251 3819 3800 1297 3865 3297 2251
Route 176 : 1066 592 3066 241 1168 771 2241 3168 2592 2771
Route 177 : 203 265 2265 1005 3005 1155 2203 1373 3373 3155
Route 178 : 94 2094 75 1886 3886 637 2075 1576 344 2637 3576 2344
Route 179 : 1563 1252 1103 1419 3419 3563 1948 3252 3103 350 3948 2350
Route 180 : 325 1544 751 2751 3544 1809 2325 1833 46 3809 634 3833 1878 2046 2634 3878
Route 181 : 1033 124 3033 288 1551 2124 338 624 2338 476 2288 2476 3551 2624
Route 182 : 1902 382 3902 2382 166 894 2166 1136 1780 3780 2894 3136
Route 183 : 1219 551 386 565 2551 1217 2386 2565 3219 6 776 3217 2776 2006
Route 184 : 1147 1466 3147 401 1808 3466 953 2953 2401 619 3808 145 2619 2145
Route 185 : 1185 971 3185 1821 980 2971 1489 2980 3821 1585 3489 3585
Route 186 : 204 1557 3557 1350 2204 850 2850 1293 3350 1683 3683 3293
Route 187 : 795 868 1171 2795 2868 12 1344 3171 3344 519 2519 2012
Route 188 : 677 589 2677 510 2510 611 2589 2611 268 1903 2268 3903
Route 189 : 933 412 206 2412 864 2933 1594 2864 1388 3388 2206 3594
Route 190 : 1433 1300 1959 3433 1024 1904 3300 1273 3273 3024 3904 692 1785 2692 3959 3785
Route 191 : 693 1207 2693 462 197 3207 2462 458 893 2458 1842 2197 3842 2893
Route 192 : 1376 1365 3376 1779 1013 3013 1129 3365 117 3779 620 3129 2620 2117
Route 193 : 535 659 452 2535 1694 2659 1153 2452 3153 3694 768 352 2768 2352 752 2752
Route 194 : 91 803 2803 2091 622 1271 1556 3556 279 2622 2279 3271
Route 195 : 538 1696 2538 3696 1729 1469 3729 1223 3469 1319 3319 3223
Route 196 : 941 1789 3789 1042 2941 3042 1431 1727 3727 1890 3890 220 3431 2220
Route 197 : 722 594 558 2722 2558 1211 1644 2594 1341 3644 1847 3847 3341 675 3211 2675
Route 198 : 260 597 2260 1685 799 3685 2799 2597 1192 77 3192 405 2077 2405
Route 199 : 1308 493 3308 1421 60 3421 219 2060 2493 2219
Route 200 : 696 1592 111 3592 2696 560 2111 2560
Route 201 : 1555 419 3555 1958 1531 3958 1798 1884 3531 2419 676 3798 2676 3884
Route 202 : 1707 3707 924 1568 1018 747 3018 2924 1960 1770 3960 2747 3568 3770
Route 203 : 1065 1197 3065 1586 408 3197 1175 3586 1140 2408 3175 3140
Route 204 : 730 1416 972 2730 5 3416 2972 1237 2005 621 3237 1244 2621 3244
Route 205 : 925 1400 1561 1973 3400 499 2925 3561 520 1317 2520 3973 3317 2499
Route 206 : 720 660 153 2720 630 1134 1478 3478 2153 2660 1250 2630 3134 3250 729 2729
Route 207 : 684 1212 1330 1503 22 1020 3503 2022 3020 2684 3330 3212 1976 3976
Route 208 : 293 39 343 2039 2293 287 2343 387 438 2287 2387 2438
Route 209 : 1988 1910 13 3910 2013 3988 1917 1684 3917 3684
Route 210 : 1744 1306 3306 827 3744 391 690 2827 1575 2690 2391 3575
Route 211 : 1098 1492 402 1598 2402 3098 1606 3598 1198 3606 1304 3492 830 3198 2830 728 3304 2728
Route 212 : 128 1746 2128 1747 461 3747 897 2461 3746 1570 3570 2897 990 2990
Route 213 : 568 172 2568 869 2172 201 2869 809 700 2201 2700 2809 846 804 2846 2804
Route 214 : 679 211 2211 2679 1702 1392 3702 1402 3392 1385 3402 3385
Route 215 : 496 965 570 2965 1753 2570 1876 3753 1920 2496 3920 1261 3876 3261
Route 216 : 814 1578 1930 3578 2814 3930 713 1839 3839 2713
Route 217 : 812 504 1177 2812 2504 3177 947 532 2532 2947
Route 218 : 629 1284 2629 217 744 1906 3284 1204 2744 3906 698 2217 3204 2698
Route 219 : 85 1661 3661 1222 2085 198 3222 536 2198 574 368 2536 2574 1036 3036 2368
Route 220 : 98 2098 1934 614 1732 2614 1220 3934 879 2879 1474 3732 3220 290 2290 3474
Route 221 : 1939 1754 946 3939 3754 1006 1294 3006 474 2946 3294 11 2011 2474
Route 222 : 937 356 2937 2356 486 569 2569 966 2486 32 2032 2966
Route 223 : 1628 977 3628 2977 1 236 42 2001 1406 2236 3406 1545 2042 3545
Route 224 : 446 1549 656 1366 459 2459 3549 87 3366 2656 2446 561 1548 2087 2561 3548
Route 225 : 1887 223 3887 1512 613 3512 2223 766 2613 2766
Route 226 : 1473 54 2054 783 1465 3473 298 3465 2298 2783
Route 227 : 1777 1374 873 3777 3374 1850 2873 1844 202 3844 2202 3850
Route 228 : 518 601 2518 716 2601 88 2088 712 2716 1454 3454 2712 264 2264
Route 229 : 1443 855 3443 867 2867 2855 1495 377 2377 64 3495 2064
Route 230 : 1566 1395 3395 1560 3566 1513 460 3513 2460 1199 3560 3199
Route 231 : 625 1224 2625 3224 470 1403 3403 1123 2470 1214 3123 3214
Route 232 : 1985 1831 3831 1970 3985 1605 3970 1086 3605 3086
Route 233 : 357 1415 2357 898 3415 521 1318 3318 2898 2521
Route 234 : 150 1630 3630 1329 2150 1349 3349 940 3329 2940
Route 235 : 184 1430 102 2184 360 3430 2102 1149 1459 2360 3459 3149
Route 236 : 1498 1686 3498 1776 3686 165 876 3776 595 2876 1394 2165 2595 3394
Route 237 : 807 122 2122 2807 266 1687 3687 726 2266 2726
Route 238 : 1334 1530 185 3334 913 959 3530 2959 632 2185 2632 791 2791 2913
Route 239 : 242 200 2242 539 2200 1076 3076 2539
Route 240 : 957 163 522 2957 1228 2522 805 2163 2805 89 3228 373 2089 2373
Route 241 : 863 628 2863 1112 3112 1650 2628 3650 25 1115 2025 3115
Route 242 : 28 591 662 2662 981 2028 262 2981 2591 1089 2262 3089
Route 243 : 333 1455 1750 781 2333 1413 3750 3413 3455 1410 2781 1445 3445 3410
Route 244 : 1523 1305 3305 1462 1892 370 2370 3523 3462 1236 3892 239 938 3236 2938 2239
Route 245 : 994 1516 430 3516 92 2430 2994 1600 2092 878 1143 2878 3143 3600
Route 246 : 409 689 2409 904 1620 2904 3620 2689 534 482 2482 2534
Route 247 : 1671 1731 3731 1409 3671 1063 3409 1267 3267 3063 1327 1398 3327 3398
Route 248 : 920 1088 1860 3860 3088 2920 1461 468 2468 314 3461 2314
Route 249 : 1690 1015 3690 3015 1823 1912 3823 1830 3912 3830
Route 250 : 602 1552 129 2602 797 984 856 3552 50 2129 2984 2797 2050 2856
Route 251 : 63 908 2908 1320 2063 3320 329 2329 1277 450 58 2450 2058 3277
Route 252 : 225 1442 394 3442 1817 2394 2225 116 1807 3807 2116 3817
Route 253 : 40 1583 714 3583 2040 661 1450 2714 121 2661 3450 2121
Route 254 : 1929 1935 194 3935 3929 154 2194 144 2154 2144 674 2674
Route 255 : 132 1441 1188 3441 1249 3188 2132 1071 3249 3071
Route 256 : 1509 697 3509 2697 319 282 2282 1241 2319 1953 3953 3241
Route 257 : 1682 277 2277 820 3682 181 663 2181 2820 1019 3019 2663
Route 258 : 737 320 2737 2320 759 691 1061 3061 2759 2691
Route 259 : 1721 1624 653 3721 2653 3624 1195 1761 3761 3195
Route 260 : 1056 1700 3056 1864 3700 1990 1281 3990 3864 3281
Route 261 : 1428 182 1352 3428 345 2182 2345 34 3352 1679 2034 3679
Route 262 : 354 1901 463 3901 2354 1272 3272 1420 2463 3420 346 1924 2346 3924
Route 263 : 672 2672 1481 392 1299 3481 2392 936 3299 1880 3880 2936
Route 264 : 110 1933 665 2110 1360 2665 3933 1186 1190 3190 3360 1490 3186 3490
Route 265 : 962 880 2962 2880 780 1275 3275 1045 2780 3045
Route 266 : 109 1916 1815 125 2109 3916 1995 2125 3995 3815 269 635 396 2269 2396 2635
Route 267 : 1137 1520 70 3520 173 3137 2070 932 2173 1166 719 2932 3166 2719
Route 268 : 717 341 845 2341 2845 530 1449 2717 829 2829 2530 3449
Route 269 : 673 1052 905 2673 1656 2905 1693 3052 133 818 3656 2133 3693 2818
Route 270 : 1646 948 441 1554 2948 300 2441 3646 3554 1760 2300 3760
Route 271 : 1336 1621 733 2733 1232 3621 230 1866 3336 3866 3232 2230
Route 272 : 483 503 1059 2483 2503 1982 1856 3059 3856 3982 1928 926 3928 2926
Route 273 : 1871 1805 3805 1359 464 3871 1975 1383 3359 3975 249 2464 2249 3383
Route 274 : 1932 1639 742 3932 543 1364 1738 2543 3639 3364 3738 2742
Route 275 : 1114 1055 1000 1274 3055 3114 1150 3274 1301 1596 3000 3596 3150 3301
Route 276 : 342 1054 2342 841 3054 1706 2841 605 2605 3706
Route 277 : 1251 1582 3582 3251 710 652 2652 2710 1698 41 2041 3698
Route 278 : 724 704 2704 1888 2724 1429 3888 1517 1748 3748 3517 3429
Route 279 : 643 1034 2643 1464 252 3464 859 308 3034 2308 2252 2859 1955 3955
Route 280 : 149 2149 337 1631 1951 2337 1692 3631 3692 3951
Route 281 : 1243 304 2304 3243 1357 1049 3357 669 2669 3049
Route 282 : 218 986 2218 1571 2986 1796 295 2295 3571 723 3796 2723
Route 283 : 1426 1717 1074 3426 3717 806 651 1422 3074 2806 1101 3422 2651 3101
Route 284 : 141 491 1124 2141 1666 2491 3124 580 3666 175 2175 234 2234 2580
Route 285 : 30 253 20 2253 647 2030 2647 1487 2020 267 3487 2267
Route 286 : 171 1943 2171 416 2416 177 1881 2177 3881 1265 3943 1997 3997 3265
Route 287 : 1528 1895 3528 3895 1397 509 323 666 2323 2666 3397 183 2509 2183
Route 288 : 475 27 695 2695 2027 228 2475 844 2228 2844
Route 289 : 963 324 1179 2324 2963 1194 213 2213 1225 3194 3225 3179
Route 290 : 1811 1381 3381 358 3811 1597 2358 3597
Route 291 : 238 1164 2238 1070 1477 3164 3070 1688 3688 3477 1526 1963 3963 3526
Route 292 : 1653 847 3653 1062 3062 477 2847 1515 3515 2477
Route 293 : 910 2910 1486 1073 1128 3486 3128 3073 51 316 2316 2051 390 2390
Route 294 : 1978 1174 3174 29 3978 1227 862 3227 2029 2862
Route 295 : 756 130 2756 1971 2130 746 3971 2746 289 426 2289 2426
Route 296 : 1849 1854 501 642 3849 507 2501 3854 2642 1840 2507 351 2351 3840
Route 297 : 146 2146 1972 1674 1048 3674 465 3972 705 2705 471 2465 2471 3048
Route 298 : 447 347 2447 1525 2347 1914 1965 3525 1011 996 3965 2996 3011 3914
Route 299 : 541 1028 1774 2541 612 3028 3774 170 2612 835 2170 2835
Route 300 : 180 1418 3418 598 2598 2180 772 62 640 2640 2062 2772
Route 301 : 1752 1663 3752 564 3663 909 2564 1640 2909 3640 1736 3736
Route 302 : 1757 247 735 296 2247 2735 1099 2296 3757 18 3099 2018
Route 303 : 1488 1031 3488 1603 3031 152 3603 1718 3718 2152
Route 304 : 840 881 2840 1998 960 3998 423 2960 2881 1834 2423 3834
Route 305 : 398 2398 9 1535 3535 1788 2009 3788 870 743 428 2428 2870 839 2743 2839
Route 306 : 1283 178 1539 2178 515 3539 3283 1345 2515 1781 3345 3781
Route 307 : 383 2383 1637 649 1593 3593 3637 949 2649 2949 1264 3264
Route 308 : 417 774 1572 3572 1090 2774 1764 2417 792 2792 3090 3764 93 2093
Route 309 : 1946 1172 3946 3172 1874 512 1493 3493 3874 2512 1751 1879 3751 3879
Route 310 : 1351 1184 1574 3351 3184 68 227 2227 2068 1538 3574 160 3538 2160
Route 311 : 1942 890 403 885 2885 1303 3942 2403 1295 3303 2890 3295
Route 312 : 31 1292 584 2031 231 3292 105 2584 2105 2231
Route 313 : 1238 411 2411 1543 3238 699 1285 2699 3543 3285 167 2167
Route 314 : 1097 513 2513 276 1664 3097 1987 3987 2276 736 3664 2736
Route 315 : 1622 950 3622 232 2950 593 670 2232 2670 2593
Route 316 : 84 825 2084 836 2825 732 2836 397 2732 2397
Route 317 : 270 2270 1435 800 2800 1240 14 3435 1332 2014 3332 3240 1338 1719 3719 3338