Instance name : ber-n5000-5
Authors       : BIG3 - Dmitriy Yampolskiy, Egor Nikolaev and Daria Savina. Smart Logistics Point by the BigThree team (big3.ru).
Date          : 2025-04-23
Reference     : BigThree team (big3.ru)
Solution
Route 1 : 170 571 1183 2670 1151 3071 2077 3683 3651 4577
Route 2 : 1507 4007 2276 4776 76 477 2576 1495 3995 2977
Route 3 : 592 1969 2008 3092 842 1840 4508 2318 3342 4340 4469 4818
Route 4 : 441 90 2941 2590 1025 1173 3673 3525 1707 4207
Route 5 : 751 1460 3251 3960 736 771 3271 3236 2049 2096 4596 4549
Route 6 : 409 1464 2909 2187 3964 4687 279 1086 2779 3586
Route 7 : 2383 101 4883 1843 2601 1061 2248 4748 3561 4343
Route 8 : 342 1064 2842 3564 1635 1026 3526 4135 1683 1176 4183 3676
Route 9 : 2333 2433 4933 643 4833 3143 1896 2203 4703 4396 1657 4157
Route 10 : 2123 4623 1326 1737 4237 3826 2062 2081 4581 4562
Route 11 : 1640 899 3399 4140 1150 1745 3650 1986 4486 4245
Route 12 : 71 909 3409 2571 1966 4466 976 2371 3476 4871 1105 3605
Route 13 : 897 617 3397 3117 1915 2470 4970 4415 2133 4633
Route 14 : 1189 3689 1333 2275 3833 4775 2093 4593 623 3123 36 2536
Route 15 : 1565 4065 541 3041 1208 2030 3708 1818 4530 4318
Route 16 : 1717 1523 4217 1677 4023 2487 89 4987 4177 2114 2589 4614
Route 17 : 1713 2445 4945 1426 4213 1880 3926 1870 4380 1309 4370 3809
Route 18 : 826 84 3326 315 2584 2469 2815 2028 4969 4528
Route 19 : 1133 1821 3633 1615 4115 2337 4321 4837 334 2834 1354 3854
Route 20 : 1736 1090 2270 3590 4770 818 3318 4236 1977 1497 3997 4477
Route 21 : 591 3091 2166 2423 2080 4580 1453 4923 4666 3953
Route 22 : 1365 3865 2098 669 4598 1491 3169 309 3991 2809
Route 23 : 2323 270 1347 2770 2292 4823 2013 3847 1885 4385 4792 4513
Route 24 : 2322 844 511 3011 352 178 324 2852 2678 3344 2824 4822
Route 25 : 1978 1483 3983 4478 1492 2124 4624 3992 1566 4066 880 3380
Route 26 : 2219 834 1341 4719 3334 3841 1220 424 3720 2924
Route 27 : 1801 956 4301 3456 1192 469 2969 537 3692 2128 4628 3037
Route 28 : 1557 1029 163 4057 3529 1095 1506 3595 4006 2663
Route 29 : 284 331 2110 4610 2784 1934 4434 2497 1585 4997 2831 4085
Route 30 : 70 63 2570 2563 1879 1984 4379 1404 4484 3904
Route 31 : 1488 483 3988 1156 2983 3656 2489 1274 4989 543 3043 3774
Route 32 : 887 3387 718 1796 534 3218 4296 2120 3034 457 4620 2957
Route 33 : 1679 1753 4179 4253 1109 1533 1953 3609 1918 4453 4418 4033
Route 34 : 1213 1440 2151 3940 478 2978 4651 3713 2131 4631
Route 35 : 652 336 3152 392 2836 1104 2892 1107 3604 1077 3607 3577
Route 36 : 149 1651 2649 2483 4151 1873 4983 276 4373 2776
Route 37 : 353 58 2853 365 2558 2171 2865 4671 752 3252
Route 38 : 1374 2256 4756 3874 1111 1281 2476 3781 3611 4976
Route 39 : 2052 859 4552 3359 2127 1712 4627 864 4212 1172 3364 3672
Route 40 : 2092 1149 2404 4592 3649 310 4904 2810 1916 4416
Route 41 : 2471 1511 4971 975 2311 4011 4811 3475 867 1904 3367 4404
Route 42 : 2463 612 813 3313 3112 901 1396 3401 4963 3896
Route 43 : 1552 502 3002 4052 2175 1179 4675 3679 1634 4134
Route 44 : 1350 3850 560 1168 3060 800 3668 3300 2229 267 4729 2767
Route 45 : 1813 1262 4313 1322 3762 292 3822 743 2792 3243
Route 46 : 1856 1188 3688 1670 4356 4170 1720 4220 1277 3777
Route 47 : 1008 585 3508 656 3156 65 1338 667 3838 2565 3167 3085
Route 48 : 1937 1128 675 4437 3175 3628 1217 2284 3717 4784
Route 49 : 873 1222 903 3403 3722 919 1085 3585 3419 727 3227 3373
Route 50 : 622 1187 3687 539 1269 3039 3122 173 3769 1231 2673 3731
Route 51 : 129 2422 2629 4922 1837 487 2300 2987 4800 1467 3967 4337
Route 52 : 1353 1939 252 4439 3853 2752 2159 885 3385 4659
Route 53 : 1738 2299 4238 1853 4799 268 2768 4353 188 2688
Route 54 : 1218 629 3718 3129 2170 137 4670 2637 224 2724
Route 55 : 1328 928 2328 3428 4828 1808 4308 1987 1901 4401 4487 3828
Route 56 : 1798 212 2712 1398 4298 1859 3898 653 4359 3153 1500 4000
Route 57 : 1554 4054 892 1629 3392 4129 2438 1816 4938 1725 4225 4316
Route 58 : 641 1691 4191 3141 2359 949 1701 3449 4859 4201
Route 59 : 2466 45 2545 4966 2426 27 4926 1791 2527 4291
Route 60 : 1777 4277 2467 75 2575 4967 1437 211 3937 2711
Route 61 : 556 707 630 3130 2335 3207 3056 2155 4835 4655
Route 62 : 1754 4254 728 744 3228 2395 2109 3244 4895 4609
Route 63 : 2478 4978 2306 1363 4806 3863 293 2227 2793 4727
Route 64 : 1828 4328 2157 1549 4049 4657 1290 1191 3790 3691
Route 65 : 689 2031 1556 3189 1273 4056 430 3773 4531 2930
Route 66 : 497 1800 2264 2997 1423 4300 3923 779 3279 4764
Route 67 : 738 3238 2074 61 971 2561 4574 2190 3471 4690 1582 4082
Route 68 : 99 1664 1750 4164 2599 4250 2179 4679 2099 4599
Route 69 : 1429 1158 3929 3658 1926 4426 1400 1527 4027 3900
Route 70 : 323 127 2823 2627 936 2362 4862 3436 1315 3815
Route 71 : 963 917 3417 3463 2046 737 4546 1063 3237 3563
Route 72 : 2370 693 4870 599 3193 3099 2454 4954 2073 4573 1697 4197
Route 73 : 1203 1366 2431 3703 3866 995 4931 3495 1597 4097
Route 74 : 1999 879 4499 3379 1310 823 142 3810 3323 2642
Route 75 : 694 1740 3194 1866 4366 4240 377 1419 2877 3919
Route 76 : 1386 1360 3860 2405 2475 4905 4975 782 3886 3282
Route 77 : 2447 1134 3634 17 4947 1155 2517 2057 4557 3655
Route 78 : 988 3488 1838 4338 1718 952 4218 3452 2421 4921
Route 79 : 2381 546 3046 4881 1704 1612 4204 4112 280 2780 1829 4329
Route 80 : 1209 3709 2326 4826 1088 1393 3588 3893 1072 3572
Route 81 : 964 793 344 3464 1850 2844 3293 498 4350 2998
Route 82 : 1900 4400 2258 328 4758 609 3109 1480 2828 3980
Route 83 : 1028 150 2650 3528 2032 2185 4532 1958 4685 4458 1479 3979
Route 84 : 1009 1955 1007 2152 4455 3509 3507 1097 4652 384 3597 2884
Route 85 : 1730 4230 1811 1349 3849 4311 1233 940 1062 3733 3440 3562
Route 86 : 1760 1470 4260 3970 2097 4597 1963 364 450 2950 2864 4463
Route 87 : 1907 1940 4407 1182 2341 4440 3682 1571 4841 4071
Route 88 : 926 523 92 3023 1433 2592 3933 3426 217 814 3314 2717
Route 89 : 2192 4692 2360 260 4860 785 3285 2760 263 2763
Route 90 : 773 3273 1112 577 3077 3612 2418 436 4918 611 2936 3111
Route 91 : 1362 3862 229 2729 341 2841 720 896 3220 2386 3396 4886
Route 92 : 1584 1906 4406 4084 1016 620 3516 1185 3120 3685
Route 93 : 1696 1665 4165 994 584 4196 3494 3084 167 841 2667 3341
Route 94 : 2079 1205 4579 1298 25 3705 3798 2525 1656 4156
Route 95 : 1413 1178 3678 3913 1618 898 4118 3398 349 2849
Route 96 : 565 1199 3065 3699 1343 3843 2391 4891 1402 2197 4697 3902
Route 97 : 494 2994 2336 4836 704 1387 3204 113 2613 3887
Route 98 : 915 1631 337 3415 2837 1438 4131 3938 2072 366 4572 2866
Route 99 : 2149 4649 1541 706 480 4041 3206 2980 426 858 2926 3358
Route 100 : 2223 4723 1200 1060 1337 3560 3700 1255 3837 458 2958 3755
Route 101 : 1098 228 2728 1825 3598 1786 966 4325 4286 3466
Route 102 : 394 345 2894 2845 1118 1251 3751 3618 2209 2140 4640 4709
Route 103 : 1575 1013 3513 4075 1369 2253 3869 4753 488 427 2927 2988
Route 104 : 2377 2129 4877 1275 1568 3775 4068 4629 162 997 2662 3497
Route 105 : 413 1758 1056 4258 3556 30 959 3459 2530 2913 973 3473
Route 106 : 2387 4887 2460 1959 2188 4459 4960 4688 1881 4381 2059 4559
Route 107 : 210 1057 2710 3557 512 1196 3012 3696 2286 4786
Route 108 : 2122 1375 4622 3875 1860 1513 4013 809 4360 3309 1409 3909
Route 109 : 633 3133 1389 3889 1045 66 1769 3545 2566 2012 4269 4512
Route 110 : 1601 2272 4101 4772 2050 2373 4550 2251 4873 4751
Route 111 : 1227 3727 1268 2468 3768 4968 2495 4995 1893 504 3004 4393
Route 112 : 2035 1752 4535 1000 4252 2461 74 3500 454 2574 2954 4961
Route 113 : 2181 4681 2268 26 4768 2339 2526 1772 4839 4272
Route 114 : 2409 4909 2436 520 2106 3020 4936 4606 1647 4147
Route 115 : 2491 4991 2113 514 4613 3014 1418 421 2921 3918 582 3082
Route 116 : 343 2194 553 4694 1083 3053 3583 1842 2843 4342
Route 117 : 1898 747 3247 4398 2239 4739 432 2210 4710 2932
Route 118 : 1068 1138 3568 3638 287 1410 3910 2787 2351 2150 4851 4650
Route 119 : 570 2305 1834 3070 4805 4334 91 714 529 2591 3214 3029
Route 120 : 2231 2254 4754 4731 1332 350 69 2850 1331 2569 3831 3832
Route 121 : 626 787 549 3126 3049 3287 471 1165 2971 3665
Route 122 : 812 1989 1456 3956 3312 4489 2202 766 2017 3266 4702 4517
Route 123 : 391 1703 1553 4203 2891 4053 579 533 3079 3033
Route 124 : 347 603 3103 1055 406 2847 3555 2906 2355 4855
Route 125 : 2500 1448 5000 3948 2347 275 4847 135 2635 2775 2087 4587
Route 126 : 2488 1089 4988 3589 197 141 2697 2363 2237 2641 4863 4737
Route 127 : 340 2840 2161 871 1991 4661 3371 2058 4491 4558
Route 128 : 527 1946 3027 4446 1380 3880 1681 4181 11 2511
Route 129 : 1599 2075 4099 2365 4865 521 373 3021 650 2873 4575 3150
Route 130 : 1576 2410 646 4076 3146 4910 645 1302 3802 3145
Route 131 : 235 1117 132 2735 3617 2632 1812 2245 4745 4312
Route 132 : 157 503 2657 1352 3852 984 3484 1902 3003 1685 4402 4185
Route 133 : 674 856 3356 3174 1121 1795 1166 3621 4295 3666
Route 134 : 1789 2473 2119 4289 4973 2384 4619 1355 4884 3855
Route 135 : 1600 4100 411 2039 2911 845 1868 4539 3345 4368
Route 136 : 1154 3654 18 2518 1383 724 3883 2477 979 4977 3479 3224
Route 137 : 1646 1348 1040 3848 4146 3540 666 174 3166 2674 161 2661
Route 138 : 2417 1803 4917 4303 68 1161 1487 3661 2568 2434 3987 4934
Route 139 : 983 3483 874 3374 2492 4992 2424 522 3022 1067 4924 3567
Route 140 : 261 2001 644 2761 1649 1297 3144 3797 4501 2214 4149 4714
Route 141 : 554 3054 1968 862 1706 4206 3362 1210 4468 780 3710 3280
Route 142 : 1201 3701 2449 2352 4949 1686 4852 1877 4186 562 4377 3062
Route 143 : 118 2618 205 87 2705 883 557 2587 3383 3057 1377 3877
Route 144 : 272 164 2772 2664 1171 750 1119 3671 3250 3619 1974 4474
Route 145 : 1052 1515 3552 449 4015 2949 151 298 2651 2798
Route 146 : 43 2543 2262 4762 1216 2369 3716 4869 1420 481 2981 3920
Route 147 : 2400 1790 860 4290 4900 1909 4409 902 3402 3360
Route 148 : 2232 4732 2479 4979 702 805 3305 3202 795 3295
Route 149 : 269 290 1243 2769 2790 3743 2234 833 3333 4734
Route 150 : 1620 1662 4120 2066 4162 1766 4566 1421 3921 4266
Route 151 : 410 1446 3946 2910 1391 1120 3620 3891 289 1929 2789 4429
Route 152 : 338 2004 2838 1136 4504 3636 1259 671 3759 3171
Route 153 : 1002 555 3502 1792 1899 1299 3799 4292 4399 3055
Route 154 : 291 412 2791 2912 1345 1195 3845 2296 3695 4796
Route 155 : 1430 697 387 3197 1581 3930 2887 1642 4081 4142 1930 4430
Route 156 : 1819 253 2753 4319 385 1198 2885 1814 3698 4314
Route 157 : 2320 4820 530 2437 3030 4937 1787 2076 4576 4287
Route 158 : 1177 281 3677 2781 2313 1767 4813 4267 731 3231
Route 159 : 977 790 3290 3477 2136 2252 4752 130 4636 2630
Route 160 : 531 3031 1514 1756 4014 4256 2453 4953 1066 3566
Route 161 : 985 1981 4481 1473 3485 1715 4215 3973 2244 156 2656 4744
Route 162 : 746 3246 82 791 2582 1093 3291 2440 3593 4940
Route 163 : 1945 201 1278 2701 4445 722 3778 96 3222 2596
Route 164 : 183 691 2301 3191 2683 1305 2480 3805 4801 2086 4586 4980
Route 165 : 1458 2051 1532 4551 3958 850 4032 3350 1624 1804 4304 4124
Route 166 : 1700 2137 2361 4637 4861 953 3453 4200 1823 4323
Route 167 : 401 1609 4109 2901 598 3098 760 81 3260 2581
Route 168 : 2413 4913 2036 187 4536 2687 1466 273 1408 3966 3908 2773
Route 169 : 1122 1242 3622 3742 1023 733 3523 3233 614 3114
Route 170 : 1982 1622 4122 4482 203 2703 1927 2212 4427 4712
Route 171 : 1462 638 3962 3138 894 1833 3394 1184 4333 3684 573 3073
Route 172 : 2146 4646 518 610 3018 3110 1643 2225 4143 4725
Route 173 : 1330 1914 4414 3830 1043 3543 987 489 3487 2989
Route 174 : 1230 329 1776 2829 3730 1267 2448 4276 3767 4948
Route 175 : 1699 4199 625 3125 1705 683 4205 3183 2465 500 4965 3000
Route 176 : 1225 389 2420 4920 3725 2889 698 2204 552 3198 4704 3052
Route 177 : 55 2457 4957 1260 78 3760 815 3315 2578 2215 4715 2555
Route 178 : 2285 325 2825 2269 251 1854 4785 4354 2751 2011 4511 4769
Route 179 : 642 934 3142 962 3434 3462 1689 111 2611 4189
Route 180 : 1519 1142 4019 3642 2443 1632 4132 4943 335 1499 3999 2835
Route 181 : 525 3025 393 2893 2263 1779 1258 4763 4279 1384 3758 3884
Route 182 : 676 2364 4864 1723 4223 960 3176 3460 1115 259 3615 2759
Route 183 : 282 499 2782 2999 886 2041 3386 4541 911 3411
Route 184 : 1344 1980 3844 944 3444 4480 2228 4728 916 3416
Route 185 : 2294 4794 1432 3932 2222 4722 2095 2442 4595 4942
Route 186 : 1091 510 302 1797 3010 2802 4297 448 3591 2948
Route 187 : 1245 3745 509 2068 2101 3009 4568 2401 4901 4601
Route 188 : 807 1382 705 3307 2314 4814 3205 3882 1011 3511
Route 189 : 1370 1852 3870 4352 486 2986 1455 2455 3955 4955
Route 190 : 2118 1970 4618 701 4470 1509 3201 4009 1454 3954
Route 191 : 274 2774 2302 1084 397 3584 2897 4802 466 278 2778 2966
Route 192 : 1294 605 3794 360 3105 2860 1325 371 3825 2871
Route 193 : 1502 485 2985 4002 2195 2002 703 3203 4502 4695
Route 194 : 1941 824 4441 3324 673 876 3376 3173 992 3492
Route 195 : 1044 2038 3544 4538 819 974 3474 3319 2474 4974
Route 196 : 2354 1919 4419 31 4854 2531 1563 1891 4391 4063
Route 197 : 1253 20 1076 2520 3753 649 2178 4678 3149 3576
Route 198 : 277 2777 1749 4249 1884 631 3131 4384 1614 4114
Route 199 : 825 435 2935 1794 590 4294 3090 647 2180 3147 4680 3325
Route 200 : 1102 3602 257 931 2757 313 3431 209 2813 914 2709 3414
Route 201 : 1444 1774 3944 4274 2390 4890 452 190 370 2952 2870 2690
Route 202 : 699 199 3199 431 2699 2428 2931 50 4928 2550
Route 203 : 2040 2439 4540 1361 305 2805 564 4939 152 3861 3064 2652
Route 204 : 1726 2327 237 4226 4827 2737 924 3424 1836 4336
Route 205 : 1286 932 28 2528 3432 3786 1038 945 3538 3445
Route 206 : 473 2415 2973 4915 2160 1976 4660 1339 3839 4476
Route 207 : 1972 4472 1956 4456 1954 1539 4039 1094 4454 3594
Route 208 : 1522 1397 1547 3897 754 4047 1207 3254 4022 3707
Route 209 : 2112 1648 4612 866 4148 438 3366 233 2938 2733
Route 210 : 1356 56 2556 3856 124 635 2624 3135 1748 4248
Route 211 : 757 2126 4626 73 3257 2573 32 2367 4867 2532 2003 4503
Route 212 : 467 640 2967 854 3140 3354 2217 566 4717 3066
Route 213 : 2246 1638 1992 4138 4492 2393 4893 830 2163 4663 3330 4746
Route 214 : 574 1734 3074 2164 4234 4664 1905 828 3328 4405
Route 215 : 515 3015 996 2201 1558 4058 3496 4701 5 946 2505 3446
Route 216 : 846 295 618 1108 2795 3118 3608 1957 1096 3346 4457 3596
Route 217 : 1153 1159 3653 713 3213 654 3659 3154 1405 2000 3905 4500
Route 218 : 2356 62 4856 2562 2273 4773 982 1127 3627 3482 1928 4428
Route 219 : 719 1300 3800 3219 1910 1318 4410 861 3361 3818 1961 4461
Route 220 : 1001 3501 2242 258 2758 1598 661 3161 4098 1567 4067 4742
Route 221 : 1452 1603 910 4103 3410 2218 3952 4718 2316 321 4816 2821
Route 222 : 765 925 3265 119 3425 875 3375 2619 613 3113
Route 223 : 651 1335 1388 3151 2094 3888 3835 1990 4594 4490
Route 224 : 1892 314 4392 2814 816 7 3316 2507 1864 1630 4364 4130
Route 225 : 2216 1827 2250 4750 4716 1194 3694 501 3001 4327
Route 226 : 100 660 2600 3160 2226 4726 285 171 2785 2671
Route 227 : 1228 2298 3728 1197 4798 3697 1074 3574 1659 4159
Route 228 : 1303 1924 4424 3803 1204 2241 3704 177 2677 1018 3518 4741
Route 229 : 186 1645 4145 2686 1998 2374 4498 4874 459 2959
Route 230 : 634 3134 1531 2054 1327 4031 4554 3827 1051 3551
Route 231 : 1424 1708 3924 294 2794 4208 238 2738 524 3024
Route 232 : 658 176 2676 2034 3158 381 4534 2881 681 1041 3181 3541
Route 233 : 1237 2484 4984 160 3737 474 2660 2974 1965 516 3016 4465
Route 234 : 1831 804 4331 34 3304 358 2534 1371 3871 2858 1441 3941
Route 235 : 221 2721 355 2378 2855 1660 4160 443 2943 770 3270 4878
Route 236 : 1731 1306 789 3289 3806 83 2089 2583 4589 2027 4527 4231
Route 237 : 1633 923 4133 3423 2067 4567 783 2398 4898 1254 3283 3754
Route 238 : 657 296 3157 456 2796 2956 165 2665 1219 3719
Route 239 : 594 1964 3094 1046 3546 19 2519 1641 4464 4141
Route 240 : 1030 3530 730 3230 1570 4070 1162 1839 2240 3662 4339 4740
Route 241 : 1367 3867 320 2820 362 1498 1848 2862 3998 904 4348 3404
Route 242 : 1082 821 3321 2083 4583 1710 4210 3582 1282 3782
Route 243 : 2444 1822 4944 1238 1323 3738 3823 4322 1482 1265 3982 3765
Route 244 : 1319 2102 1763 4263 4602 1443 1826 3943 1180 3680 4326 3819
Route 245 : 1521 569 4021 978 3069 154 3478 2184 2654 4684
Route 246 : 140 460 2640 2303 4803 2207 4707 1292 2960 3792
Route 247 : 464 2108 2964 4608 1921 2255 4421 4755 144 2644 1733 4233
Route 248 : 659 2257 3159 1688 4757 4188 1336 29 2529 3836
Route 249 : 558 3058 455 1445 243 3945 2955 989 2743 3489
Route 250 : 2199 42 2542 4699 1475 495 2995 3975 1042 3542 1610 4110
Route 251 : 255 857 3357 2755 2103 4603 1478 3978
Route 252 : 542 1070 3042 2145 2045 4645 3570 4545 2107 418 4607 2918
Route 253 : 1346 526 3026 3846 2419 1536 1145 4919 3645 4036 2332 4832
Route 254 : 1771 4271 1874 4374 2459 1036 1653 4959 3536 4153
Route 255 : 191 2691 1628 1535 4128 1684 1525 4184 4025 4035
Route 256 : 1732 1971 4232 462 4471 1851 2962 1139 4351 1442 3639 3942
Route 257 : 1293 1123 3623 3793 1050 1799 1858 4358 3550 4299 725 3225
Route 258 : 918 608 3108 2368 3418 1820 4320 1321 4868 3821 1832 4332
Route 259 : 1435 3935 1392 2024 3892 4524 1655 4155 1716 4216
Route 260 : 2274 4774 662 3162 396 2288 2896 1561 4788 4061
Route 261 : 685 1308 3185 3808 104 1695 2604 4195 2408 2425 4908 4925
Route 262 : 114 283 2783 117 2617 1994 2614 4494 196 1324 3824 2696
Route 263 : 2315 1364 4815 3864 1047 848 998 3498 3547 3348 2259 4759
Route 264 : 2287 4787 550 496 2996 3050 955 597 3455 3097
Route 265 : 125 2022 1667 4522 184 2684 2625 4167 941 185 3441 2685
Route 266 : 2317 239 2739 107 4817 1637 172 2672 4137 2607
Route 267 : 422 596 2922 3096 878 122 2622 3378 1501 777 4001 3277
Route 268 : 1739 13 2490 4239 4990 2513 1141 2238 3641 1577 4738 4077
Route 269 : 419 1524 1512 4024 2919 1146 1313 3646 4012 837 3337 3813
Route 270 : 935 2015 3435 1920 4515 493 4420 2265 4765 2993
Route 271 : 22 4 2504 2522 194 2694 359 648 3148 2859
Route 272 : 1587 1490 4087 3990 1830 1214 4330 2147 3714 4647 677 3177
Route 273 : 1878 4378 312 3 2812 333 2503 1376 2833 1908 4408 3876
Route 274 : 1351 3851 244 357 2857 776 2744 3276 2392 1952 4892 4452
Route 275 : 354 2221 105 2854 72 1540 4721 4040 1574 2605 2572 4074
Route 276 : 1912 4412 1765 1288 4265 2472 568 4972 602 3068 3102 3788
Route 277 : 1234 3734 2366 4866 670 1639 3170 1100 3600 4139 1461 3961
Route 278 : 1721 4221 1669 4169 182 266 2233 2682 4733 2766 1385 3885
Route 279 : 240 907 2740 3407 388 2888 51 761 3261 2551
Route 280 : 1702 4202 346 912 2846 3412 1778 439 2939 4278
Route 281 : 967 1359 2139 3467 3859 4639 889 3389 778 3278
Route 282 : 1224 3724 461 2961 920 368 3420 506 2868 3006
Route 283 : 1106 326 2826 3606 271 35 2771 1666 339 4166 2535 2839
Route 284 : 232 121 2621 2732 806 213 3306 884 2713 3384
Route 285 : 1578 12 4078 1722 2512 1381 4222 663 3163 3881 1824 4324
Route 286 : 2020 1503 4520 23 4003 2523 60 445 1493 2560 2945 3993
Route 287 : 547 202 1516 3047 4016 231 517 3017 1636 4136 2702 2731
Route 288 : 1559 595 4059 3095 1412 256 1340 3912 2756 3840 2037 4537
Route 289 : 1661 444 905 4161 131 1170 2631 2944 3405 3670
Route 290 : 786 1894 2142 4394 3286 4642 1960 79 2579 4460
Route 291 : 179 2679 398 576 2898 3076 1240 947 3740 3447 1164 3664
Route 292 : 147 679 1261 3761 1996 3179 420 2920 4496 2432 2647 4932
Route 293 : 2070 2130 4570 1608 4630 4108 1181 2006 4506 3681 2340 4840
Route 294 : 230 64 2730 2564 1221 1116 3721 40 2540 3616 794 3294
Route 295 : 1342 3842 1249 540 3749 3040 33 1586 2533 4086
Route 296 : 123 1944 218 2623 264 4444 1621 2718 2764 245 2745 4121
Route 297 : 739 3239 990 1092 3490 1 3592 1802 2501 4302
Route 298 : 999 3499 2064 1417 250 2750 3917 1548 4048 4564
Route 299 : 2018 4518 416 2916 2350 1329 3829 1673 4173 4850
Route 300 : 2353 372 4853 2872 2173 2144 4644 4673 1809 4309
Route 301 : 417 1855 2917 4355 311 2486 2811 2321 4986 4821
Route 302 : 404 1235 85 3735 2904 2585 619 2198 616 3119 3116 4698
Route 303 : 363 1414 2863 1186 3914 2055 490 4555 3686 2990
Route 304 : 797 1897 3297 4397 1923 2193 849 4423 3349 4693
Route 305 : 1583 2090 4083 4590 802 2346 2053 4553 3302 4846
Route 306 : 632 67 1942 3132 180 4442 2567 300 567 2800 2680 3067
Route 307 : 1021 3521 607 322 3107 519 3019 801 3301 2822
Route 308 : 1605 877 888 4105 1358 3388 1447 3947 3858 3377
Route 309 : 913 3413 2085 1865 4585 1617 4365 4117 378 2878
Route 310 : 475 851 3351 2975 942 937 3442 986 3437 3486
Route 311 : 1627 376 4127 2876 664 2007 3164 1101 3601 4507
Route 312 : 507 77 1903 308 4403 2577 3007 98 2808 2598
Route 313 : 1079 53 1167 2553 1675 3579 4175 166 3667 2396 2666 4896
Route 314 : 1876 4376 2224 1869 4724 4369 969 227 3469 2727
Route 315 : 2177 4677 1032 3532 1279 3779 2297 4797 1728 4228
Route 316 : 429 332 2929 2832 2411 4911 49 2213 2549 4713
Route 317 : 2416 1932 4916 4432 1157 735 2100 3657 3235 4600
Route 318 : 774 1037 3537 3274 1949 2220 4449 4720 2009 4509
Route 319 : 303 1606 4106 1368 2803 2304 3868 246 2746 4804
Route 320 : 219 2719 1124 1160 3624 145 3660 1743 2645 4243
Route 321 : 318 2167 1931 4667 2818 1263 4431 3763 1546 4046
Route 322 : 304 606 3106 2804 1788 1451 1010 3951 4288 3510
Route 323 : 442 1530 668 2942 4030 1783 3168 4283 433 2933
Route 324 : 2331 1658 4158 4831 1841 153 4341 2189 2653 4689 138 2638
Route 325 : 168 400 2668 470 2900 1494 2970 1888 3994 2344 4388 4844
Route 326 : 708 655 3208 1229 3155 922 3729 835 3422 3335
Route 327 : 2243 1857 695 4743 4357 3195 1922 1755 4422 4255
Route 328 : 2105 1485 3985 4605 1807 4307 957 2115 3457 4615
Route 329 : 1039 1035 3535 3539 2061 1020 220 4561 3520 2720
Route 330 : 247 1917 1069 16 4417 3569 2516 2747 1272 3772
Route 331 : 39 710 2539 1604 3210 1810 4104 1784 4310 4284
Route 332 : 872 3372 1379 3879 1174 1246 3674 1538 3746 1193 4038 3693
Route 333 : 1815 1623 4123 4315 453 505 2953 1484 3005 3984
Route 334 : 1378 1223 3878 1005 3723 3505 758 1674 4174 3258
Route 335 : 1248 881 1872 3381 3748 4372 375 749 3249 2875
Route 336 : 2266 1714 4766 4214 1871 1015 1148 4371 3515 3648 1316 3816
Route 337 : 195 1569 1505 4069 4005 869 1913 4413 3369 741 2695 3241
Route 338 : 2295 4795 1682 2267 4182 4767 796 1508 3296 207 4008 2707
Route 339 : 1296 3796 1747 2310 1911 4247 1887 4810 4411 4387
Route 340 : 242 2742 1724 38 1236 4224 2538 3736 265 476 2976 2765
Route 341 : 254 2065 4565 1004 2754 225 3504 829 2725 3329
Route 342 : 1073 102 3573 97 15 1526 2515 2597 4026 2407 4907 2602
Route 343 : 159 588 2659 3088 991 226 2726 3491 2176 88 4676 2588
Route 344 : 769 2271 4771 3269 1551 2402 4902 1849 4349 4051
Route 345 : 1212 2135 954 3712 4635 1545 3454 1805 4045 981 4305 3481
Route 346 : 351 2851 2 136 1059 2502 3559 1727 2636 4227 1594 4094
Route 347 : 2169 938 3438 4669 621 48 1304 3121 3804 2548
Route 348 : 1252 1757 3752 2230 933 3433 4257 134 2634 2043 4730 4543
Route 349 : 93 2249 2593 1317 4749 1312 3817 2456 3812 4956 1143 3643
Route 350 : 57 1692 2557 4192 900 3400 21 513 3013 2521 327 2827
Route 351 : 970 1283 3470 1735 3783 4235 532 1476 1742 3032 3976 4242
Route 352 : 2005 143 1694 2643 2388 4194 59 2559 4888 1280 4505 3780
Route 353 : 425 855 1065 3355 2925 589 893 3089 3393 2329 3565 4829
Route 354 : 2235 4735 965 437 2452 1744 2937 4952 4244 548 3465 3048
Route 355 : 762 808 3308 2281 3262 4781 2499 4999 561 767 3061 3267
Route 356 : 827 1428 447 3928 2947 838 1425 3338 3925 3327
Route 357 : 1048 3548 1510 4010 745 781 3245 3281 215 2715 544 3044
Route 358 : 2156 1449 1925 4425 4656 330 748 2830 3248 1226 3726 3949
Route 359 : 46 2546 1031 446 2946 2088 3531 1078 4588 717 3578 3217
Route 360 : 1175 193 3675 2693 2290 4790 1314 1550 3814 4050
Route 361 : 882 1589 4089 1938 4438 1307 3382 2168 4668 3807
Route 362 : 1415 1975 4475 3915 492 241 2104 2992 4604 2741
Route 363 : 1206 1190 3706 3690 206 2162 811 4662 2706 3311
Route 364 : 1244 2375 3744 407 4875 216 361 2907 2861 2716
Route 365 : 110 604 715 3104 3215 2610 2206 484 4706 2984
Route 366 : 1276 1113 3776 3613 2182 692 1985 4682 3192 4485
Route 367 : 2342 1017 3517 1867 4367 2042 4542 4842 1152 690 3652 3190
Route 368 : 1403 1271 3903 3771 583 2019 1770 3083 4270 4519
Route 369 : 930 1698 4198 2389 3430 214 2714 200 4889 307 2807 2700
Route 370 : 301 2801 1266 451 2951 3766 146 865 1471 3365 2646 3971
Route 371 : 369 817 3317 2869 1202 1144 2338 3702 3644 4838
Route 372 : 1406 726 3226 3906 1626 4126 1761 1126 3626 4261
Route 373 : 870 1439 3370 784 3939 2498 3284 95 4998 2595
Route 374 : 2482 1250 482 4982 2982 3750 348 2848 204 1469 2704 3969
Route 375 : 2349 508 4849 3008 2414 1663 4914 158 4163 2658
Route 376 : 1948 408 4448 847 2908 3347 2056 4556 1793 4293
Route 377 : 169 8 2508 2669 1672 2183 4683 374 4172 2874 1357 3857
Route 378 : 1680 4180 688 1543 3188 108 2406 4043 4906 2608
Route 379 : 468 756 2968 3256 2279 2196 4779 1590 4696 4090
Route 380 : 181 1395 6 3895 2506 1058 2681 1592 4092 3558 248 2748
Route 381 : 559 3059 198 1257 2698 3757 1295 415 2915 3795
Route 382 : 1027 1474 3974 3527 993 958 3493 1709 3458 4209
Route 383 : 1137 3637 2084 895 4584 3395 1520 94 2594 4020
Route 384 : 2158 4658 1616 1264 1135 3764 4116 906 3406 222 3635 2722
Route 385 : 684 1875 3184 2010 4375 1537 4510 4037 1033 3533
Route 386 : 1465 423 3965 1140 2923 1163 3640 575 3075 3663
Route 387 : 1690 2153 4190 1049 4653 3549 1169 3669 1580 4080
Route 388 : 2496 4996 535 3035 1434 1983 3934 1211 4483 3711
Route 389 : 753 1239 1320 3820 3739 3253 414 1012 2914 3512
Route 390 : 1711 1394 4211 3894 1729 1595 4229 820 4095 3320
Route 391 : 732 929 3232 1962 4462 3429 2282 1613 4782 4113
Route 392 : 680 551 3180 3051 1889 1422 4389 1890 3922 4390
Route 393 : 528 3028 1943 2283 4443 4783 1099 1625 4125 3599
Route 394 : 2047 2082 2464 4582 4547 4964 319 2819 712 3212
Route 395 : 1528 1782 4028 2312 4812 4282 2033 2385 4885 4533
Route 396 : 2291 1936 2208 4708 4436 840 3340 775 4791 3275
Route 397 : 2289 4789 2458 1489 4958 120 3989 2620 665 3165
Route 398 : 1759 536 3036 4259 1215 1399 3899 3715
Route 399 : 1472 1247 1596 3747 3972 382 4096 2882 2023 4523
Route 400 : 1997 2069 4497 4569 1289 116 2307 3789 2616 4807
Route 401 : 1427 1572 3927 1895 4072 133 1562 4395 4062 2633
Route 402 : 288 2191 2788 4691 2211 1542 4711 672 4042 491 3172 2991
Route 403 : 863 2450 3363 1034 4950 1775 1130 3534 4275 3630 2014 4514
Route 404 : 891 306 3391 1935 1006 2806 3506 262 4435 2762 2358 4858
Route 405 : 921 839 3421 3339 2261 390 792 4761 2890 3292 1125 3625
Route 406 : 2485 1311 3811 4985 1882 2236 1114 4382 3614 4736
Route 407 : 1147 1883 2174 4674 2324 4383 1654 4824 890 4154 3390 3647
Route 408 : 593 637 379 3093 3137 2879 1768 2247 4268 286 2786 4747
Route 409 : 803 1762 3303 4262 103 24 2524 2603 1573 4073
Route 410 : 1436 1687 3936 1450 4187 2399 465 3950 4899 2965 832 3332
Route 411 : 624 2121 4621 581 3124 3081 1579 742 4079 3242
Route 412 : 721 386 3221 1602 2021 2886 4102 405 4521 2905
Route 413 : 2048 2125 4548 2132 4625 54 2554 4632 2380 4880
Route 414 : 380 1407 3907 2880 115 299 2799 948 2615 2403 3448 4903
Route 415 : 1285 1131 3631 3785 709 3209 297 1256 3756 2797
Route 416 : 2116 4616 440 2141 2940 843 4641 86 2586 3343
Route 417 : 2063 2394 4894 4563 2357 678 3178 2462 4857 4962
Route 418 : 822 1054 3554 1529 109 4029 1780 3322 4280 2609 716 3216
Route 419 : 47 600 2547 1241 139 2639 3741 601 3100 3101
Route 420 : 1764 1334 4264 2165 3834 4665 367 2867 1019 2441 3519 4941
Route 421 : 1588 399 4088 788 2899 3288 1979 755 4479 3255
Route 422 : 2026 4526 810 961 3461 3310 586 2451 3086 4951
Route 423 : 1560 112 2612 4060 1993 2091 4591 4493 1844 1593 4344 4093
Route 424 : 1668 2078 4168 4578 1781 627 1806 3127 192 4281 4306 2692
Route 425 : 2430 4930 2143 615 3115 316 4643 2816 383 2134 2883 4634
Route 426 : 1416 1003 3503 1591 3916 4091 1741 1504 4241 1459 4004 3959
Route 427 : 572 3072 2205 1110 1693 3610 4705 4193 106 772 2606 3272
Route 428 : 1468 3968 2435 1967 4935 317 836 3336 41 4467 2541 2817
Route 429 : 236 2736 968 1619 3468 4119 1373 428 3873 2928
Route 430 : 1973 1496 3996 4473 628 723 2071 3223 3128 4571
Route 431 : 1518 927 2148 3427 4018 4648 2308 4808 1644 1607 4144 4107
Route 432 : 1933 4433 798 2325 3298 587 148 4825 2648 3087
Route 433 : 686 799 2278 3186 4778 1671 578 3078 4171 2280 3299 4780
Route 434 : 2029 10 4529 403 2510 980 2903 3480 1080 1886 4386 3580
Route 435 : 734 1746 4246 3234 2343 2446 768 4946 4843 3268
Route 436 : 2481 1024 3524 2348 4981 4848 126 234 395 2626 2895 2734
Route 437 : 1988 4488 1284 3784 1862 951 4362 1481 3981 3451
Route 438 : 2186 2025 4525 4686 2060 2382 4560 4882 1951 1676 4176 4451
Route 439 : 763 2200 2330 3263 4700 4830 1301 1564 3801 4064
Route 440 : 853 1287 175 3787 2675 972 3472 1845 4345 3353
Route 441 : 1022 1863 3522 4363 1650 2412 4150 4912 1817 4317
Route 442 : 2277 1751 4251 2138 2172 4672 4777 4638 1014 3514
Route 443 : 2429 223 1390 2723 3890 37 831 2537 3331 1132 4929 3632
Route 444 : 636 1431 3931 3136 711 729 2309 3229 4809 3211
Route 445 : 14 2111 4611 1411 2514 3911 80 1372 2580 208 2708 3872
Route 446 : 155 463 2655 1611 545 3045 4111 2963 1534 4034
Route 447 : 563 1785 3063 4285 764 759 3259 3264 639 3139
Route 448 : 2372 2016 4516 4872 696 9 2509 740 3196 3240 852 3352
Route 449 : 1401 472 3901 1950 2397 2972 4450 4897 479 2979
Route 450 : 1053 3553 538 1846 1270 3038 4346 1463 3770 3963
Route 451 : 1486 2117 1861 3986 434 4617 4361 1087 2934 3587
Route 452 : 44 2154 1847 4654 2544 4347 2376 4876 1773 4273 1995 4495
Route 453 : 908 700 3408 3200 1129 3629 2044 2345 4544 4845
Route 454 : 1232 580 3732 1103 3080 3603 2379 1652 4152 2319 4879 4819
Route 455 : 950 1719 3450 4219 1555 2427 4055 4927 1291 3791 2334 4834
Route 456 : 249 1457 3957 2749 52 1081 3581 1678 2552 4178
Route 457 : 1075 1835 402 3575 4335 2902 1071 1947 3571 4447
Route 458 : 2494 943 2493 3443 4994 4993 1544 189 2689 4044
Route 459 : 687 3187 939 3439 2293 4793 2260 1517 4017 4760
Route 460 : 356 682 2856 868 3182 1477 128 3368 3977 2628
