Instance name : ber-n4000-7
Authors       : Dmitriy Demin, Mikhail Diakov (msd@veeroute.com), Ivan Ilin, Nikita Ivanov, Viacheslav Sokolov (vs@veeroute.com) et al. VRt Global (https://veeroute.com/)
Date          : 2023-04-24
Reference     : veeroute.com
Solution
Route 1 : 1845 742 3845 1541 2742 1546 1516 3546 3541 635 3516 430 166 2166 2635 2430 613 64 412 2412 2064 2613
Route 2 : 180 187 2180 460 1387 2187 277 1656 3387 2460 2277 3656 1947 1375 3947 503 2503 1376 261 3375 3376 2261
Route 3 : 589 551 2551 2589 1274 1045 3045 1224 3274 622 1815 3815 1609 2622 1684 3224 3609 3684 864 1734 1956 3734 532 2864 3956 2532
Route 4 : 1737 1445 3445 3737 269 1123 1689 3123 2269 3689 1142 274 2274 1457 3142 1263 3457 1721 1871 3263 495 1790 2495 3871 3790 3721
Route 5 : 1945 3945 789 1293 3293 58 2058 834 1305 2789 2834 1007 3305 1557 3007 924 2924 230 2230 3557 655 1685 3685 123 2655 1321 3321 2123
Route 6 : 1073 1379 3073 385 81 3379 59 2081 926 2926 2385 2059 1392 23 3392 352 2023 1608 526 2352 3608 2526
Route 7 : 1917 737 3917 1186 1853 478 3186 1144 3853 1254 2478 3254 2737 1416 1810 3144 3810 408 3416 2408
Route 8 : 1573 802 1185 3185 3573 232 2802 65 1861 3861 2065 2232 448 1420 1612 3420 499 2448 3612 1859 2499 1543 3859 3543
Route 9 : 643 1472 2643 416 2416 37 837 3472 2037 434 2837 2434 1215 1405 1140 3405 3215 3140 431 1489 3489 2431
Route 10 : 1458 1205 3458 1230 1394 3205 1050 3230 3050 3394 1448 1211 3211 1032 3448 646 636 3032 2646 2636 710 733 1380 3380 2733 2710
Route 11 : 1434 1150 1184 1358 3150 807 3358 3184 921 2807 1898 3434 3898 86 2921 1320 1795 2086 68 3795 2068 3320 1021 848 824 2824 3021 2848
Route 12 : 1953 421 1296 3953 1645 2421 3296 538 3645 42 2538 965 1486 2042 521 3486 2965 2521 1869 1865 3865 1846 3869 3846
Route 13 : 1020 743 1840 258 3840 375 2743 3020 2258 810 2810 1090 1968 2375 3090 3968 1533 1578 1072 3533 3072 1632 3578 3632
Route 14 : 519 693 2693 321 2519 792 1560 2792 2321 915 377 2915 1802 3560 3802 539 2377 1894 1633 3894 2539 3633
Route 15 : 1759 462 3759 2462 584 485 2485 2584 695 969 2695 1298 2969 1348 3298 859 2859 305 3348 1345 2305 1360 3360 3345 1400 3400
Route 16 : 316 259 221 950 986 2221 2259 2950 788 2986 783 2316 2788 955 2783 990 2955 1281 138 2990 3281 2138
Route 17 : 1934 3934 190 403 2403 380 2380 2190 553 765 2765 2553 366 1474 1783 2366 3474 900 3783 2900 595 1593 2595 3593
Route 18 : 1207 173 678 1990 2173 804 2678 2804 78 3990 2078 1982 3207 469 2469 1672 1081 3982 1432 1237 1794 3794 3081 500 3237 3672 3432 1013 406 3013 2406 2500
Route 19 : 1796 1921 198 3796 1164 3164 3921 212 2212 2198 1221 1630 3630 987 293 3221 489 2987 2293 1876 1586 2489 1169 3876 3169 80 3586 2080
Route 20 : 1130 1748 433 2433 1851 985 3130 3748 945 2985 3851 285 1703 1663 2285 2945 902 214 3703 3663 1389 3389 2902 2214
Route 21 : 1047 186 246 439 3047 1431 2439 1844 2186 414 3431 2246 179 3844 1664 2179 1952 3664 2414 1312 1827 1414 3952 3827 3312 333 3414 791 2791 2333
Route 22 : 1855 49 3855 2049 1193 331 1774 3774 1315 2331 719 3315 3193 1478 1166 2719 3166 17 229 3478 1720 3720 2229 2017
Route 23 : 8 823 2823 2008 909 1552 2909 627 2627 942 3552 1787 1095 3095 2942 3787 157 1764 1327 3327 1276 3276 880 2157 3764 2880
Route 24 : 417 1148 2417 122 3148 1504 328 2122 2328 3504 1291 1970 3970 1467 3291 1006 3006 3467 917 555 2917 1833 2555 3833
Route 25 : 1751 787 3751 501 2787 1688 1404 2501 3688 1149 1995 3149 1699 3404 1670 3699 1929 3670 3995 1526 3929 3526
Route 26 : 937 1304 10 1958 2010 3958 264 3304 2937 115 2264 1444 1909 3909 386 546 2115 1469 2386 3444 534 2546 3469 1482 3482 2534
Route 27 : 1409 1343 3343 3409 1842 200 2200 69 3842 1397 2069 3397 1497 1252 368 3252 3497 349 1223 1884 192 2368 3223 2192 2349 3884
Route 28 : 484 669 2669 2484 1690 3690 1051 729 1702 3702 3051 2729 983 1896 2983 1218 1597 3896 3597 432 257 2257 3218 2432
Route 29 : 292 2292 876 1508 143 2876 3508 1113 530 2143 1874 2530 3874 3113 502 30 2030 1194 2502 762 2762 3194
Route 30 : 1514 1018 1905 3514 110 3018 2110 3905 1804 525 3804 932 1180 727 958 3180 2525 2958 2932 2727 470 194 935 2194 2935 2470
Route 31 : 858 516 1146 2516 3146 312 119 2858 1738 2312 649 2649 1093 3093 5 2119 720 2720 3738 959 2005 397 1718 2959 1686 3718 2397 3686
Route 32 : 1613 645 1056 3613 2645 1260 3260 28 3056 335 458 2458 2028 625 2625 339 2335 2339 527 1596 3596 171 2171 472 2527 2472
Route 33 : 1388 1371 3388 1650 456 3650 1011 3371 656 3011 1331 2456 3331 1659 1049 2656 3049 271 3659 1584 1029 3584 3029 413 2271 2413
Route 34 : 1082 1446 1998 3998 1797 3082 3446 3797 168 98 2168 2098 1422 1661 1437 3661 1512 3422 1262 3437 3262 1028 3028 3512
Route 35 : 388 888 2388 1780 2888 1103 3103 3780 142 1266 2142 3266 537 1942 483 2537 3942 827 715 2827 2483 2715
Route 36 : 1107 1228 3107 1275 149 3228 3275 2149 1264 1279 3279 1301 3264 1524 3301 1814 39 87 3524 3814 2087 2039
Route 37 : 1937 847 3937 1503 2847 1352 948 3503 601 2601 1825 2948 3352 1075 172 3075 3825 706 1781 2172 2706 523 253 1776 2253 3781 3776 2523
Route 38 : 1285 360 2360 676 3285 1587 2676 632 3587 1157 887 2887 3157 2632 771 1729 2771 671 3729 66 2066 2671
Route 39 : 334 1117 2334 1220 101 3220 2101 1983 3117 1547 633 2633 3983 3547 1003 1519 3003 1101 3519 449 2449 3101
Route 40 : 1799 1835 354 338 3835 3799 1468 2354 2338 436 302 3468 569 2302 2436 658 2658 2569 1966 1733 3966 3733
Route 41 : 873 265 1085 2873 3085 2265 781 350 2781 2350 684 977 34 2034 2684 1821 2977 195 3821 1591 3591 238 2195 2238
Route 42 : 242 801 2801 1838 2242 1719 3719 3838 463 1039 2463 45 2045 1384 843 3039 821 3384 2821 2843 1249 185 1171 3171 3249 2185
Route 43 : 748 2748 464 2464 1411 1561 3411 3561 1036 954 3036 509 1449 825 2509 1016 2954 228 1928 3449 2825 579 2579 2228 3016 3928
Route 44 : 1385 699 3385 1856 3856 2699 1212 1594 1691 998 3691 3212 3594 346 91 2998 1027 3027 2091 1065 884 2346 3065 663 2663 2884
Route 45 : 949 1683 849 2949 2849 1678 970 3683 2970 22 2022 885 3678 1912 514 2885 1864 3912 2514 626 1771 2626 3864 3771
Route 46 : 1270 109 2109 336 3270 716 2336 1913 2716 1544 1583 427 3544 3583 1565 3913 1443 2427 3565 1183 3443 116 1245 2116 3183 3245
Route 47 : 128 461 2461 805 2128 2805 568 815 2815 1219 1119 991 3119 2568 866 145 3219 1682 2991 32 2866 2145 3682 135 2032 2135
Route 48 : 1762 570 107 2107 1174 1031 2570 3031 270 3762 1910 3174 487 2487 1943 3910 1491 1143 3143 2270 1622 159 3943 2159 3491 3622
Route 49 : 1852 1052 1367 3052 3852 314 244 2314 481 2481 3367 2244 1487 3487 1316 1775 922 280 806 3316 2280 2806 2922 1430 3430 3775
Route 50 : 1124 1087 3087 513 307 3124 1395 3395 2513 40 182 1585 2307 2182 1192 3585 2040 1955 3192 976 2976 1 1882 3882 3955 2001
Route 51 : 1655 3655 1571 1361 3571 1102 3361 441 3102 2441 1015 1325 1122 3015 308 3325 3122 1915 1182 3182 362 2308 3915 2362
Route 52 : 199 2199 594 790 2790 250 410 2250 2594 851 1938 769 2851 3938 2410 1313 1975 2769 3313 1436 3975 1473 3436 1978 3978 682 3473 2682
Route 53 : 1499 889 1091 2889 3499 1932 3091 1628 1582 3932 3628 1817 1980 3582 3817 751 398 3980 1974 1349 3974 2751 3349 2398
Route 54 : 675 1501 2675 1607 3607 3501 973 1010 522 2973 600 3010 2522 668 2600 1897 1178 2668 820 2820 1999 3178 1227 3897 3999 1216 3216 3227
Route 55 : 1165 3165 1973 24 3973 1662 2024 1515 266 3515 2266 3662 1925 1247 3925 3247 104 1735 2104 1700 1248 3735 1044 3248 3700 3044
Route 56 : 794 726 429 2794 2429 1502 2726 392 3502 704 2704 585 2585 2392 1778 741 3778 2741 1673 1767 418 3673 1757 2418 3757 3767
Route 57 : 997 648 799 2648 2997 247 2799 753 612 1413 2612 1914 2753 2247 260 3413 2260 518 3914 1579 2518 750 3579 564 1120 3120 2750 2564
Route 58 : 1168 1598 1765 3168 1741 3741 3765 1069 1902 853 2853 3902 3069 1843 3598 1676 796 3676 3843 580 2796 708 2580 2708
Route 59 : 617 1531 3531 2617 236 934 2934 1881 984 289 3881 2289 2236 2984 279 1939 3939 163 2279 1423 576 2163 2576 3423
Route 60 : 332 1788 2332 1368 3368 3788 606 552 108 2606 1297 2552 147 3297 2147 2108 1441 734 911 3441 1588 3588 2734 2911
Route 61 : 1162 1435 443 1849 3162 1265 3435 3849 2443 947 3265 1060 1826 510 2510 3060 2947 3826 148 2148 1692 1549 3692 1800 3549 3800
Route 62 : 1112 732 3112 1940 313 3940 2732 454 2313 358 2358 2454 351 1084 647 1019 2647 3084 3019 370 2351 90 2090 2370
Route 63 : 1155 679 423 3155 2423 1816 2679 1382 497 1766 3382 3766 3816 2497 1639 1337 1024 3639 3337 1369 1459 3369 3459 3024
Route 64 : 156 736 2736 2156 1873 435 3873 2435 1429 161 939 2161 1677 2939 1134 3429 3134 1619 3619 324 3677 2324 680 1490 686 2680 740 3490 2686 2740
Route 65 : 1712 963 1300 300 2963 3712 3300 2300 310 1319 1755 2310 698 3755 3319 2698 1867 1133 3867 304 1717 3133 1770 2304 1342 3770 3342 3717
Route 66 : 14 2014 674 1374 378 685 2674 3374 2685 2378 1743 961 3743 2961 739 2739 761 402 1811 2402 1883 3811 2761 3883
Route 67 : 1753 1438 3753 3438 1518 640 120 3518 82 544 2120 2640 2082 1592 3592 92 2092 870 2544 496 2870 2496
Route 68 : 547 1158 1232 2547 46 3158 2046 832 1626 47 1098 2832 2047 374 61 3232 3098 1617 3626 2061 3617 95 2374 1328 953 3328 2953 2095
Route 69 : 1878 1705 3705 696 3878 1022 2696 776 3022 1410 918 2918 1725 2776 660 3410 344 638 2660 3725 2638 662 2344 701 2662 72 2072 2701
Route 70 : 1600 1105 176 3600 3105 1919 4 2176 3919 347 1234 2004 828 2828 272 2347 1433 3234 3433 1324 2272 3324
Route 71 : 637 803 2803 2637 943 291 1635 2291 809 2943 1901 841 3635 2809 588 3901 2588 2841 512 2000 971 4000 2512 2971
Route 72 : 1354 1340 44 1754 1907 3907 3354 3340 3754 2044 822 1460 2822 43 256 3460 931 1198 2043 2931 2256 3198
Route 73 : 657 2657 744 1550 1307 2744 817 2817 3307 83 3550 1206 3206 208 2083 1086 2208 1820 1035 3086 318 2318 3820 1521 3035 3521
Route 74 : 1868 956 3868 21 2021 962 2956 1292 1792 3792 2962 1079 3292 545 933 3079 2545 608 2933 2608 1390 1484 3484 1782 3390 1025 3025 3782
Route 75 : 1233 239 3233 330 1860 2239 1693 3860 3693 2330 1235 3235 204 1288 1074 296 3288 1283 2204 2 3283 3074 2296 2002
Route 76 : 444 1858 3858 1426 3426 341 1167 3167 18 2444 391 2341 2018 262 2391 721 2262 1779 2721 105 1238 3238 766 1949 2766 2105 3949 3779
Route 77 : 181 667 1284 1108 582 3284 1772 3108 2582 2667 1339 883 738 3339 2738 2883 1271 3772 2181 3271 852 188 2188 2852 446 234 2234 2446
Route 78 : 1226 1651 3226 930 903 3651 2903 2930 543 1062 2543 1615 3062 1636 442 2442 3636 3615 629 628 2629 644 2628 1581 2644 3581
Route 79 : 1253 506 213 2213 343 2506 2343 3253 1555 219 3555 325 474 1243 2219 3243 1505 1452 2474 2325 85 3505 1386 3452 2085 3386
Route 80 : 836 928 2928 2836 1665 920 1709 2920 896 3665 1246 3246 891 2896 1391 3391 2891 283 1996 2283 3996 711 3709 1417 2711 3417
Route 81 : 327 1181 2327 1500 3500 130 379 3181 2130 1471 26 2379 2026 25 3471 2025 405 1424 992 1805 3424 980 2405 2992 3805 2980
Route 82 : 146 1525 1568 2146 3525 728 3568 882 218 2728 2882 2218 210 1977 1363 3977 1204 2210 3363 60 2060 329 3204 709 1863 2329 480 3863 2480 2709
Route 83 : 153 2153 1407 3407 554 654 2554 1715 1055 3715 2654 73 1462 3055 1960 425 3462 1572 2073 1644 2425 3572 1132 3960 3132 3644
Route 84 : 96 1286 3286 1092 1338 3092 113 2113 2096 3338 129 1889 3889 337 2129 774 618 2774 2618 2337 957 1987 3987 2957
Route 85 : 36 322 2322 1191 1985 3191 912 2036 3985 453 1967 1099 2912 3967 3099 1991 2453 1648 121 3991 1569 3648 938 2121 3569 2938
Route 86 : 1096 1070 118 3070 3096 673 2673 1674 1336 2118 3336 602 842 2602 979 2842 3674 1057 2979 772 3057 287 479 2772 2287 2479
Route 87 : 1334 581 1272 2581 531 3272 573 2573 102 1154 2531 2102 1886 3154 800 3334 1918 3886 944 3918 2944 235 2800 2235
Route 88 : 1935 893 3935 1061 177 3061 2893 1536 3536 2177 1756 1136 3756 1611 3611 303 1836 3136 3836 2303 1147 1278 1908 3278 3147 3908
Route 89 : 760 2760 533 1170 3170 556 93 2093 2556 1740 2533 16 1567 2016 3567 400 2400 1824 3740 364 38 2364 3824 2038
Route 90 : 133 1551 2133 863 2863 281 2281 603 3551 1789 371 3789 2603 372 2371 320 2372 1118 348 2320 3118 1694 365 2348 2365 3694
Route 91 : 1059 3059 117 563 2563 1590 2117 422 993 3590 2422 1601 1439 217 2993 2217 1893 3439 1773 3893 3601 3773 1303 3303
Route 92 : 1135 455 877 2877 2455 1381 457 3135 353 2353 1822 3381 1402 3402 2457 3822 540 1152 2540 3152 106 13 2106 812 2013 2812
Route 93 : 1076 1332 1946 3332 3946 3076 278 154 1793 2278 2154 276 3793 1785 1957 3957 3785 722 77 2276 2722 785 2077 982 2785 2982
Route 94 : 1637 1419 1267 3637 768 1479 2768 3419 3267 1209 1711 3209 3479 491 33 2491 50 2050 855 2033 3711 1545 2855 1559 3545 3559 968 2968
Route 95 : 1752 767 3752 665 707 2767 2665 830 394 134 599 2134 396 2396 2394 2707 2830 1236 3236 79 2079 1476 2599 3476 845 1627 2845 3627
Route 96 : 1063 1695 137 1875 3063 3875 248 2248 2137 1378 3695 1707 724 1318 3378 3707 2724 1111 1131 504 3318 623 3131 3111 1481 1801 2623 2504 3481 3801
Route 97 : 41 1862 2041 169 132 2169 2132 1850 3850 1941 9 3862 862 3941 2862 183 1744 376 2009 2183 2376 3744 567 1364 3364 639 2567 2639
Route 98 : 542 369 2542 1631 995 471 2471 345 2995 2345 2369 904 1351 3351 1089 3631 550 3089 1950 2904 3950 1421 624 2624 2550 3421
Route 99 : 1542 3542 466 1255 3255 960 2466 1023 2960 1475 3023 572 3475 1727 2572 473 1984 2473 3727 988 3984 1589 3589 2988
Route 100 : 1513 139 3513 2139 1620 301 1126 3620 2301 282 3126 227 2282 941 1053 2941 3053 299 2227 536 2299 1418 3418 2536
Route 101 : 868 2868 697 1030 2697 1401 3030 1344 211 714 3344 3401 1383 3383 2714 2211 1679 703 2703 1251 670 3679 1604 2670 3251 1993 3993 3604
Route 102 : 1317 63 54 1116 3116 3317 2063 2054 1456 1866 3866 3456 1114 1687 3687 1641 3114 1716 1763 3641 3763 515 2515 3716
Route 103 : 1121 3121 1806 100 2100 578 2578 1951 1347 3806 3347 3951 1708 3708 395 1033 735 3033 2395 419 399 94 2419 2735 2094 2399
Route 104 : 689 428 664 1654 1911 2428 2664 240 2689 3911 2240 3654 895 390 2390 2895 782 1625 1916 3916 598 2782 557 3625 1412 2557 3412 2598
Route 105 : 528 1222 797 967 2797 2528 2967 498 1038 2498 209 3222 226 833 1495 2833 3038 2226 1110 2209 1078 1839 3495 3839 3110 233 1258 3078 438 3258 2233 2438
Route 106 : 666 35 2666 1151 2035 517 55 3151 476 1161 2517 2055 2476 1681 1415 3681 3161 241 596 3 2241 3415 2596 966 1534 2003 3534 2966
Route 107 : 907 2907 1201 1488 1496 3201 174 3488 1828 311 3496 3828 2311 1466 2174 492 3466 152 1657 2492 779 2779 3657 2152
Route 108 : 1680 440 3680 1210 691 2440 2691 1001 1658 3210 511 1356 3001 1653 2511 3658 839 3653 1962 2839 1440 3962 1470 3356 690 3470 3440 2690
Route 109 : 869 661 2869 1200 2661 1335 3335 3200 1988 923 829 607 2923 972 2607 886 3988 2829 1187 3187 2972 2886
Route 110 : 1548 1660 3548 1153 3153 861 1701 3660 2861 1306 1739 3306 178 3739 3701 1698 189 677 2178 3698 1809 3809 2677 2189 1510 3510
Route 111 : 141 529 2141 2529 549 319 2319 631 2549 205 2631 1239 854 3239 2854 2205 951 1769 1566 2951 3769 1539 103 3566 2103 927 1558 3539 2927 3558
Route 112 : 718 1813 1777 2718 3813 3777 57 597 1629 2057 3629 2597 784 363 2784 1477 757 2363 1728 865 488 2757 3477 3728 763 756 2865 2756 2763 2488
Route 113 : 231 1040 2231 1453 381 3040 357 1760 3453 730 2357 2381 1427 1904 3760 2730 3904 1393 798 450 2798 2450 3427 3393
Route 114 : 692 158 1791 2158 731 2692 2731 3791 651 75 2075 2651 1129 1758 309 3129 356 2309 1523 3758 1109 2356 3523 908 3109 1159 2908 3159
Route 115 : 267 201 1742 2201 3742 1890 1199 3199 114 2267 1494 2114 1172 1906 3890 3172 3494 1067 1311 1848 3906 1175 3067 3311 3848 3175
Route 116 : 74 237 524 1786 1669 2237 15 3669 2015 642 2074 3786 2524 653 2642 1959 2653 3959 1277 630 3277 770 2630 306 2306 2770
Route 117 : 1643 1750 3643 1329 3329 3750 850 713 2850 826 2713 1177 505 2826 112 3177 2505 355 816 2112 2816 215 2355 717 2215 111 2717 2111
Route 118 : 193 151 1366 2151 2193 3366 1141 1259 3141 786 616 2786 1798 3259 2616 19 3798 2019 1574 76 1832 2076 1819 3832 3819 3574
Route 119 : 775 486 27 1976 2486 3976 2775 2027 1556 404 1017 2404 1213 3556 1923 3017 3213 1872 3923 560 3872 2560
Route 120 : 1520 1294 3294 1173 3520 1529 3173 1920 3920 3529 411 1256 3256 2411 919 1944 3944 1602 2919 1575 3602 1857 3857 3575
Route 121 : 459 1299 3299 1614 2459 1399 3399 3614 575 1128 3128 11 2575 2011 317 1926 3926 127 2317 2127 84 1605 705 860 3605 2084 2860 2705
Route 122 : 1225 777 1880 3880 1668 3225 2777 51 3668 778 2051 2778 1595 946 3595 52 2052 2946 1026 1847 1818 3847 465 577 2577 3818 2465 3026
Route 123 : 989 62 936 700 1903 2062 2936 3903 2700 890 819 872 2872 387 1008 2819 905 3008 2387 1064 490 2890 2989 2490 2905 3064
Route 124 : 1257 1037 288 3037 3257 2288 913 1675 2913 1623 1749 3623 634 3675 2634 3749 1485 1189 3485 167 652 2167 493 3189 2652 1965 1326 2493 3965 3326
Route 125 : 383 2383 1989 1463 3463 1530 3530 184 1528 2184 1322 3989 3528 1634 202 3322 1425 3425 752 3634 1179 2202 2752 1163 3179 1603 3163 3603
Route 126 : 1066 687 3066 29 1217 2029 326 3217 2326 1784 275 2687 1034 125 3784 1323 2275 2125 3034 3323 1891 70 3891 1054 3054 1341 3341 2070
Route 127 : 1671 3671 1736 1396 1464 3464 3396 1803 994 3736 1083 2994 1203 3083 3203 1667 3803 813 879 3667 1156 2813 3156 2879
Route 128 : 1012 897 3012 2897 451 1480 818 2451 2818 3480 426 2426 593 1145 975 3145 1370 2593 2975 535 1553 2535 3370 3553
Route 129 : 155 124 2155 2124 367 1726 99 1887 2099 2367 621 3887 3726 2621 1127 1511 56 89 140 2089 3127 615 2056 3511 2140 2615
Route 130 : 1403 20 1517 2020 610 1005 3005 3517 3403 2610 1927 808 3927 2808 558 373 2373 1724 2558 867 409 2867 3724 2409
Route 131 : 1964 3964 898 1208 3208 723 2723 2898 1666 952 659 1808 3666 255 2255 2952 1195 286 3195 1014 3808 2659 2286 197 2197 3014
Route 132 : 1241 1936 220 1580 3936 587 2220 3241 3580 835 175 2587 2175 548 2835 1540 2548 1261 3540 745 3261 894 2894 2745
Route 133 : 1610 672 97 2672 562 2562 1948 592 2097 3610 1830 249 3948 1722 3722 3830 2592 1190 2249 136 3190 916 2136 1900 3900 2916
Route 134 : 1308 1353 1280 3280 12 3308 2012 3353 754 290 702 216 2702 1954 3954 2216 1202 1714 2754 2290 1971 1048 3971 3714 3202 3048 1139 3139
Route 135 : 191 1994 2191 1357 1268 3357 1269 1823 3994 3823 196 3269 3268 389 1812 2389 755 3812 2755 2196 1314 899 3314 2899 165 2165
Route 136 : 574 1647 1080 1160 3647 2574 3160 795 3080 1229 583 2795 1465 1188 3229 3188 3465 88 1713 2088 1640 315 2583 3640 3713 2315 725 2725
Route 137 : 323 2323 1289 401 3289 892 53 2401 2053 2892 901 1899 2901 844 2844 1077 3899 1961 407 1986 3986 2407 3961 1606 1104 3077 3606 3104
Route 138 : 1196 3196 1963 874 1244 3244 295 2295 1831 2874 1242 3831 3963 520 2520 746 48 67 144 2746 2067 2048 3242 2144 1365 3365
Route 139 : 811 1841 3841 2811 284 694 2694 7 974 224 2974 1649 2007 2284 3649 415 2224 2415 929 1231 1046 3231 1330 2929 3046 3330
Route 140 : 1885 1408 3885 1000 3408 1295 3000 1428 1362 3295 3428 252 447 3362 251 2447 6 2252 1704 2251 3704 875 2006 1746 2875 3746
Route 141 : 561 641 1837 3837 2561 1621 1562 2641 749 3562 3621 2749 1058 1877 3877 1451 3058 1723 3451 1992 773 3992 2773 1969 3723 3969
Route 142 : 359 1333 2359 1618 382 3618 3333 559 2382 604 2604 2559 981 222 2222 424 1922 2981 2424 1290 1004 3922 614 3004 2614 1125 3125 3290
Route 143 : 591 1214 611 2591 681 2611 1068 3068 688 3214 2681 1599 1492 2688 3599 3492 162 1273 2162 3273 1537 1071 437 3537 1527 2437 294 3527 2294 3071
Route 144 : 206 1309 1924 1509 3509 482 3924 2206 3309 1310 1933 2482 3933 759 764 2759 1100 3100 1768 3310 31 2764 1624 3768 2031 3624
Route 145 : 273 566 2273 620 452 2452 2620 881 2566 857 2881 1745 1931 2857 3931 1710 3710 1732 3745 3732 1570 1697 1563 3570 3697 1870 3563 1807 3807 3870
Route 146 : 1377 1731 3731 1442 3377 3442 475 1854 940 2475 2940 856 838 2856 3854 2838 1888 494 3888 1372 2494 3372
Route 147 : 712 342 1454 3454 2712 910 1577 2342 1696 2910 846 780 3577 2846 1638 3696 590 2780 3638 1287 1535 1554 2590 1042 3042 3287 3554 3535
Route 148 : 225 2225 1240 1009 3240 420 1041 1406 1373 3041 2420 978 3009 3406 3373 340 2340 126 2978 1564 1972 3564 1930 1346 2126 1447 3972 3930 3346 3447
Route 149 : 1250 914 999 3250 2914 477 1137 2999 2477 1997 814 3137 541 1747 1652 1355 3997 2814 3355 2541 3747 3652 1507 1302 1106 906 3106 3302 3507 2906
Route 150 : 207 2207 508 1097 3097 2508 131 1981 3981 1359 2131 254 3359 878 2878 268 2254 1642 2268 1761 3761 1197 3642 3197
Route 151 : 964 1282 1834 445 2964 243 3834 1043 3043 1979 2243 2445 3979 650 170 2650 571 1461 2170 361 840 3461 2571 2361 3282 2840
Route 152 : 298 1576 3576 1616 2298 297 605 2297 3616 2605 565 1398 2565 467 609 1176 2609 3398 3176 925 2467 2925 1455 1094 3455 3094
Route 153 : 203 2203 1138 160 619 2160 1002 3138 3002 1350 2619 871 3350 2871 683 758 2758 223 2683 164 1115 2164 1706 2223 1646 3706 3115 3646
Route 154 : 1483 3483 150 1493 3493 1538 831 2150 1892 1895 747 3538 2831 2747 3892 3895 468 1506 507 3506 2507 2468 245 2245 1450 384 3450 2384
Route 155 : 1829 1532 996 3829 586 1522 3532 2586 1088 2996 3088 393 3522 263 2393 71 2071 2263 1879 1498 793 3879 3498 1730 2793 3730