Instance name:	ber-n800-1
Authors:		Carlo Sartori and Luciana Buriol
Date:			2019-2-11
Reference:		A matheuristic approach to the PDPTW (to be submitted)
Solution
Route 1 : 212 612 213 83 158 558 613 248 483 65 648 465
Route 2 : 254 49 194 176 576 654 174 594 208 449 574 59 459 608 251 651
Route 3 : 88 217 617 179 488 130 255 530 579 18 79 418 655 479
Route 4 : 144 55 544 173 573 241 455 264 641 134 40 440 115 515 534 664
Route 5 : 92 492 266 666 172 45 445 85 53 572 81 481 485 453
Route 6 : 250 25 650 122 522 258 425 143 543 268 20 420 668 658
Route 7 : 282 682 262 275 675 136 240 536 36 662 640 27 436 427
Route 8 : 243 283 643 683 167 41 16 416 131 441 531 5 567 405
Route 9 : 175 104 504 43 443 285 575 2 685 221 621 1 401 402
Route 10 : 149 549 289 67 689 89 166 566 155 467 489 555
Route 11 : 229 186 586 38 290 629 690 32 438 242 432 269 642 669
Route 12 : 94 206 606 295 494 695 86 265 486 108 178 665 508 578
Route 13 : 205 233 605 633 133 533 203 124 524 165 565 603 325 725
Route 14 : 327 727 263 272 672 163 663 563 101 129 501 529
Route 15 : 82 26 185 332 585 482 31 426 732 8 39 431 439 408
Route 16 : 60 256 656 304 704 312 460 137 333 712 168 733 568 537
Route 17 : 181 11 335 581 735 14 211 611 414 411 280 680
Route 18 : 96 246 646 157 496 557 307 17 707 338 324 417 724 738
Route 19 : 204 184 182 604 135 582 244 535 584 177 644 339 577 739
Route 20 : 118 29 518 305 429 343 198 743 187 598 705 153 587 553
Route 21 : 64 464 138 128 267 528 347 538 291 667 691 747
Route 22 : 294 180 694 348 580 51 199 599 451 748 70 326 726 470
Route 23 : 23 224 319 624 423 123 719 523 95 495 189 349 589 749
Route 24 : 111 352 210 610 190 590 160 752 560 69 511 469
Route 25 : 261 107 661 507 353 146 77 546 302 63 753 477 702 463
Route 26 : 142 232 542 632 30 354 430 314 48 754 448 714
Route 27 : 303 322 191 722 66 466 152 355 591 703 552 755
Route 28 : 227 356 7 756 328 627 78 478 728 239 209 407 609 639
Route 29 : 21 357 421 344 296 744 288 757 688 226 696 626
Route 30 : 293 125 358 693 87 487 331 758 731 525 219 619 19 245 645 419
Route 31 : 68 468 154 127 554 140 540 201 527 218 601 360 760 618
Route 32 : 147 361 547 336 736 761 323 162 562 299 723 699
Route 33 : 132 277 169 569 61 677 362 461 220 620 99 499 762 532
Route 34 : 276 150 80 480 320 550 363 763 720 676
Route 35 : 47 197 597 274 370 447 334 770 734 193 247 674 647 593
Route 36 : 228 316 628 313 364 716 764 713 33 292 433 371 771 692
Route 37 : 270 374 774 58 670 458 93 91 493 321 298 491 721 698
Route 38 : 171 260 376 571 12 660 412 74 474 62 776 373 773 462
Route 39 : 317 301 717 195 76 476 701 595 377 196 777 279 596 679
Route 40 : 330 350 730 378 778 148 750 44 548 444 337 15 415 202 602 737
Route 41 : 311 329 106 380 506 711 50 780 450 729 22 236 422 636
Route 42 : 161 112 381 561 781 113 513 512 237 238 638 306 637 706
Route 43 : 315 3 200 103 318 715 718 382 403 600 503 372 772 782
Route 44 : 249 379 259 659 384 649 784 779 13 188 222 588 622 413
Route 45 : 110 510 385 28 428 72 472 75 785 475 369 769 37 437
Route 46 : 46 235 446 56 635 386 786 90 490 24 456 257 424 657
Route 47 : 231 6 183 207 406 631 388 583 607 788 253 653
Route 48 : 4 120 404 520 340 389 740 34 789 434 105 71 471 505
Route 49 : 117 230 517 121 141 630 521 390 368 768 541 790
Route 50 : 391 346 109 791 746 509 35 252 365 652 435 765
Route 51 : 351 751 308 309 708 709 214 392 614 73 792 473 164 564
Route 52 : 300 393 793 98 700 216 284 684 151 498 616 234 551 634
Route 53 : 394 794 159 286 559 310 54 686 342 454 710 102 502 742
Route 54 : 383 375 783 297 775 395 697 273 673 287 795 687
Route 55 : 396 97 796 126 497 114 526 341 514 192 741 139 592 539
Route 56 : 9 215 145 615 170 545 570 271 397 671 797 409
Route 57 : 366 10 410 398 57 457 156 766 278 556 798 678 116 516
Route 58 : 225 100 625 345 500 399 799 745 223 281 623 367 767 681
Route 59 : 119 84 519 484 400 800 359 387 759 42 787 442 52 452
