Instance name:	ber-n1000-6
Authors:		Carlo Sartori and Luciana Buriol
Date:			2019-2-11
Reference:		A matheuristic approach to the PDPTW (to be submitted)
Solution
Route 1 : 118 123 618 623 51 551
Route 2 : 156 138 638 656 245 745
Route 3 : 117 617 166 111 611 666
Route 4 : 13 57 513 557 170 670
Route 5 : 34 534 179 679 161 414 914 661
Route 6 : 192 692 157 158 658 657
Route 7 : 197 124 624 198 697 112 698 612
Route 8 : 17 517 87 204 587 704
Route 9 : 80 128 580 205 628 41 705 541
Route 10 : 207 164 206 707 664 706
Route 11 : 3 503 214 55 714 555 211 711
Route 12 : 222 67 567 16 722 516
Route 13 : 114 45 94 545 614 227 594 727
Route 14 : 236 107 736 607 74 574
Route 15 : 90 24 524 590 240 740
Route 16 : 238 28 738 246 528 19 746 519
Route 17 : 220 720 254 244 754 744
Route 18 : 99 258 758 195 695 599
Route 19 : 253 289 789 753 259 1 759 501
Route 20 : 71 571 140 260 760 640
Route 21 : 44 264 151 544 764 651
Route 22 : 266 185 766 685 91 591
Route 23 : 163 268 663 344 768 844
Route 24 : 27 83 527 276 583 239 776 739
Route 25 : 277 167 777 667 82 582
Route 26 : 232 139 732 279 639 779
Route 27 : 286 786 176 676 18 221 518 721
Route 28 : 119 171 671 37 619 225 537 725
Route 29 : 324 63 824 456 563 956
Route 30 : 293 257 281 793 757 781
Route 31 : 53 302 553 101 802 601
Route 32 : 180 309 36 536 809 680
Route 33 : 173 673 127 311 627 811
Route 34 : 310 95 810 316 595 816
Route 35 : 319 154 654 251 819 751
Route 36 : 187 323 687 823
Route 37 : 149 325 649 825 212 712
Route 38 : 327 147 647 84 584 313 827 813
Route 39 : 115 292 615 465 792 965
Route 40 : 287 787 332 832 241 33 533 741
Route 41 : 472 100 972 312 600 812
Route 42 : 337 837 146 133 633 646
Route 43 : 172 672 2 338 838 502
Route 44 : 60 560 143 339 643 839
Route 45 : 343 317 817 843 305 805 65 565
Route 46 : 346 340 846 46 840 546
Route 47 : 341 348 39 848 841 539
Route 48 : 275 351 775 851 73 573
Route 49 : 320 820 297 352 797 852
Route 50 : 193 693 353 182 682 853
Route 51 : 356 278 307 778 856 807
Route 52 : 183 360 683 273 860 773 116 616
Route 53 : 326 361 826 861 104 427 604 927
Route 54 : 125 365 625 865 230 730
Route 55 : 208 59 708 559 194 366 866 694
Route 56 : 274 370 248 774 122 870 748 622
Route 57 : 375 308 808 105 875 605 250 750
Route 58 : 377 877 237 314 737 814
Route 59 : 379 879 25 162 525 662
Route 60 : 382 31 531 882 35 109 535 609
Route 61 : 384 295 884 355 98 855 795 598
Route 62 : 387 887 284 169 784 669
Route 63 : 345 845 177 389 889 677
Route 64 : 367 390 318 890 867 818
Route 65 : 388 395 888 895 52 552
Route 66 : 396 189 896 49 689 296 549 796
Route 67 : 113 613 68 401 568 901
Route 68 : 402 159 271 902 294 771 659 794
Route 69 : 329 406 829 76 15 576 515 906
Route 70 : 247 22 747 522 333 408 833 908
Route 71 : 391 378 878 891 409 909
Route 72 : 61 410 561 910
Route 73 : 412 912 393 403 903 893
Route 74 : 413 178 357 126 626 857 678 913
Route 75 : 448 184 948 280 684 780
Route 76 : 174 145 645 674 79 579 416 916
Route 77 : 263 763 217 417 717 917
Route 78 : 418 120 26 918 620 526
Route 79 : 419 32 919 532 283 69 569 783
Route 80 : 420 270 422 770 922 920
Route 81 : 165 148 665 648 423 373 873 923
Route 82 : 424 924 242 103 742 603
Route 83 : 354 42 542 425 186 925 686 854
Route 84 : 38 191 538 691 426 926
Route 85 : 202 702 224 43 724 543
Route 86 : 331 831 386 381 881 886 431 931
Route 87 : 432 932 75 160 660 575
Route 88 : 383 9 509 434 883 934
Route 89 : 435 8 175 508 675 935
Route 90 : 299 288 436 799 788 936
Route 91 : 437 209 937 709 102 108 602 608
Route 92 : 363 863 291 438 791 938
Route 93 : 262 215 715 762 439 939
Route 94 : 440 216 940 716 20 520
Route 95 : 269 404 904 335 835 441 941 769
Route 96 : 372 442 872 405 152 905 652 942
Route 97 : 199 443 130 699 943 630
Route 98 : 411 447 911 947 5 505
Route 99 : 265 765 415 915 328 301 801 828
Route 100 : 449 29 949 529 77 577
Route 101 : 54 450 554 88 950 588
Route 102 : 110 610 451 951 285 85 585 785
Route 103 : 213 713 255 380 755 452 880 952
Route 104 : 453 953 135 228 728 635
Route 105 : 136 219 454 719 636 954
Route 106 : 455 433 955 933 252 399 752 899
Route 107 : 21 359 521 290 859 790
Route 108 : 243 226 743 457 726 957
Route 109 : 330 458 958 830 407 907
Route 110 : 446 946 131 631 14 459 514 959
Route 111 : 460 267 960 23 767 523
Route 112 : 72 572 461 50 321 961 821 550
Route 113 : 462 962 86 586 231 731
Route 114 : 342 376 842 463 876 963
Route 115 : 129 249 749 629 464 362 862 964
Route 116 : 11 137 511 637 155 655
Route 117 : 400 56 466 556 900 966 322 822
Route 118 : 347 847 467 93 967 593
Route 119 : 7 468 507 142 968 97 642 597
Route 120 : 470 196 970 282 696 782
Route 121 : 261 761 471 234 971 734
Route 122 : 334 834 358 429 929 858
Route 123 : 394 10 473 894 510 973 134 634
Route 124 : 210 298 710 368 474 868 798 974
Route 125 : 349 233 849 733 153 475 975 653
Route 126 : 476 304 804 306 806 976
Route 127 : 303 477 977 371 803 871
Route 128 : 478 48 364 978 864 548 6 506
Route 129 : 479 979 81 66 581 566
Route 130 : 336 836 480 96 980 596
Route 131 : 144 644 481 256 756 981 315 815
Route 132 : 482 235 982 190 735 690
Route 133 : 385 885 64 564 483 430 983 930
Route 134 : 484 58 428 984 558 928
Route 135 : 485 421 985 921 78 106 578 606
Route 136 : 374 486 874 986
Route 137 : 229 132 487 987 632 729
Route 138 : 488 988 223 141 723 641
Route 139 : 489 70 570 200 700 989
Route 140 : 490 181 681 47 990 92 547 592
Route 141 : 491 188 62 991 562 688
Route 142 : 492 12 992 512 392 892
Route 143 : 493 4 993 218 504 718
Route 144 : 168 89 668 494 589 369 994 869
Route 145 : 398 898 495 445 995 945
Route 146 : 444 944 201 121 701 496 621 996
Route 147 : 397 897 497 997 203 703
Route 148 : 350 850 272 498 998 772
Route 149 : 300 469 800 969 499 999
Route 150 : 150 30 500 650 530 40 1000 540
