Instance Name : ber-n1000-6
Authors       : Shobb<shobb@narod.ru>
Date          : 2023-01-02
Reference     : My solver test
Solution
Route 1 : 490 181 681 47 990 92 547 592
Route 2 : 485 149 360 985 649 221 860 721
Route 3 : 478 48 364 978 864 548 6 506
Route 4 : 455 433 955 933 255 755 452 952
Route 5 : 437 209 937 709 102 602 108 608
Route 6 : 421 233 921 733 78 106 578 606
Route 7 : 419 32 919 532 283 69 569 783
Route 8 : 413 178 357 126 626 857 678 913
Route 9 : 412 912 68 401 568 901 134 634
Route 10 : 402 159 271 902 294 771 659 794
Route 11 : 400 56 556 900 127 311 627 811
Route 12 : 396 189 896 49 689 296 549 796
Route 13 : 394 10 473 894 510 973 431 931
Route 14 : 385 885 64 564 483 430 983 930
Route 15 : 384 295 884 355 98 855 795 598
Route 16 : 382 71 571 882 35 109 535 609
Route 17 : 375 308 808 105 875 605 250 750
Route 18 : 372 442 872 273 773 152 652 942
Route 19 : 354 42 542 425 186 925 686 854
Route 20 : 349 31 531 849 464 362 862 964
Route 21 : 343 317 817 843 305 805 65 565
Route 22 : 331 831 386 381 886 496 881 996
Route 23 : 329 406 829 76 15 576 906 515
Route 24 : 326 361 826 861 104 427 604 927
Route 25 : 320 820 111 611 246 19 746 519
Route 26 : 287 787 332 832 241 33 533 741
Route 27 : 286 786 176 335 835 676 18 518
Route 28 : 274 774 179 679 161 153 653 661
Route 29 : 269 404 904 441 414 914 769 941
Route 30 : 265 765 415 915 328 301 801 828
Route 31 : 253 289 789 753 259 1 759 501
Route 32 : 247 747 22 522 333 408 833 908
Route 33 : 238 147 738 84 647 584 313 813
Route 34 : 210 298 710 368 474 868 798 974
Route 35 : 208 59 708 559 169 142 642 669
Route 36 : 197 124 624 198 697 112 698 612
Route 37 : 183 472 683 194 972 366 866 694
Route 38 : 174 145 645 674 79 579 416 916
Route 39 : 171 119 671 619 380 225 880 725
Route 40 : 168 89 668 589 494 97 597 994
Route 41 : 165 148 665 648 423 373 873 923
Route 42 : 150 30 500 650 530 40 1000 540
Route 43 : 144 644 481 256 756 981 315 815
Route 44 : 114 45 94 545 614 227 594 727
Route 45 : 110 610 451 951 37 155 537 655
Route 46 : 80 128 580 628 285 91 785 591
Route 47 : 72 572 461 50 961 85 585 550
Route 48 : 70 202 702 14 570 459 514 959
Route 49 : 34 534 370 248 122 870 748 622
Route 50 : 27 83 527 276 583 321 776 821
Route 51 : 11 137 511 637 252 399 752 899
Route 52 : 7 468 507 405 968 905 369 869
Route 53 : 3 503 214 55 714 555 211 711
Route 54 : 493 993 4 218 504 718
Route 55 : 492 12 992 512 392 892
Route 56 : 491 188 62 991 562 688
Route 57 : 489 200 224 724 700 989
Route 58 : 488 988 223 141 641 723
Route 59 : 484 58 428 984 558 928
Route 60 : 482 982 235 190 735 690
Route 61 : 479 979 81 66 581 566
Route 62 : 476 304 804 306 806 976
Route 63 : 470 196 970 282 696 782
Route 64 : 462 962 86 586 239 739
Route 65 : 460 267 960 23 767 523
Route 66 : 453 953 135 228 728 635
Route 67 : 449 29 949 529 77 577
Route 68 : 448 184 948 684 146 646
Route 69 : 446 131 946 498 631 998
Route 70 : 444 944 201 121 621 701
Route 71 : 440 216 940 716 20 520
Route 72 : 435 175 100 675 935 600
Route 73 : 432 932 75 160 660 575
Route 74 : 424 924 242 103 742 603
Route 75 : 420 270 770 234 920 734
Route 76 : 418 120 26 918 620 526
Route 77 : 411 447 911 947 5 505
Route 78 : 398 898 495 445 945 995
Route 79 : 397 897 497 997 203 703
Route 80 : 391 378 878 891 409 909
Route 81 : 390 465 245 890 965 745
Route 82 : 388 395 888 895 52 552
Route 83 : 387 887 8 46 508 546
Route 84 : 383 9 509 434 883 934
Route 85 : 379 879 280 133 633 780
Route 86 : 377 877 237 314 737 814
Route 87 : 367 213 713 205 867 705
Route 88 : 363 466 966 863 322 822
Route 89 : 356 278 307 778 856 807
Route 90 : 350 850 467 93 967 593
Route 91 : 348 341 39 848 841 539
Route 92 : 347 272 847 41 541 772
Route 93 : 346 846 312 95 595 812
Route 94 : 345 845 177 389 889 677
Route 95 : 342 376 842 417 876 917
Route 96 : 337 837 422 162 922 662
Route 97 : 336 836 480 96 980 596
Route 98 : 334 834 358 429 929 858
Route 99 : 330 458 958 830 407 907
Route 100 : 327 827 297 352 797 852
Route 101 : 325 825 212 116 616 712
Route 102 : 324 63 824 456 563 956
Route 103 : 319 154 654 251 819 751
Route 104 : 310 340 810 316 840 816
Route 105 : 303 477 977 371 803 871
Route 106 : 300 469 800 969 499 999
Route 107 : 299 288 436 799 788 936
Route 108 : 293 257 281 793 757 781
Route 109 : 277 167 777 667 82 582
Route 110 : 275 351 775 851 73 573
Route 111 : 266 185 766 279 685 779
Route 112 : 263 763 217 284 784 717
Route 113 : 262 215 762 715 439 939
Route 114 : 261 25 761 471 525 971
Route 115 : 249 749 140 260 760 640
Route 116 : 243 226 743 457 726 957
Route 117 : 236 107 736 607 74 574
Route 118 : 229 132 487 987 632 729
Route 119 : 222 67 567 16 722 516
Route 120 : 220 720 254 244 754 744
Route 121 : 207 164 206 707 664 706
Route 122 : 199 443 130 699 943 630
Route 123 : 193 693 353 182 682 853
Route 124 : 192 692 157 158 658 657
Route 125 : 180 309 36 536 809 680
Route 126 : 173 673 291 438 791 938
Route 127 : 172 672 2 338 838 502
Route 128 : 163 139 463 663 639 963
Route 129 : 156 138 638 656 231 731
Route 130 : 136 219 454 719 636 954
Route 131 : 129 629 475 43 975 543
Route 132 : 125 365 625 865 230 730
Route 133 : 118 123 618 623 51 551
Route 134 : 117 617 232 166 732 666
Route 135 : 115 292 615 318 792 818
Route 136 : 113 403 393 613 903 893
Route 137 : 99 258 758 195 695 599
Route 138 : 90 24 524 590 240 740
Route 139 : 60 560 143 339 643 839
Route 140 : 54 450 554 88 950 588
Route 141 : 53 302 553 101 802 601
Route 142 : 44 264 151 544 764 651
Route 143 : 38 191 538 691 426 926
Route 144 : 28 268 528 344 768 844
Route 145 : 21 359 521 290 859 790
Route 146 : 17 517 87 204 587 704
Route 147 : 13 57 513 557 170 670
Route 148 : 374 486 874 986
Route 149 : 187 323 687 823
Route 150 : 61 410 561 910
