Instance name : ber-n2000-7
Authors       : BIG3 - Dmitriy Yampolskiy, Egor Nikolaev and Daria Savina. Smart Logistics Point by the BigThree team (big3.ru).
Date          : 2025-04-22
Reference     : BigThree team (big3.ru)
Solution
Route 1 : 952 1952 400 1400 152 926 1926 1152 380 576 310 1380 1576 1310 341 1341
Route 2 : 669 13 1669 1013 360 731 348 1348 691 1691 1731 707 1360 536 1707 1536
Route 3 : 515 911 535 1911 1535 905 1515 790 70 1905 1790 1070 889 1889
Route 4 : 882 930 762 1882 333 269 1269 1762 155 1333 1930 1155 902 909 1909 652 1902 1652
Route 5 : 154 1154 470 903 1470 188 1903 277 1277 1188 512 588 1588 1512
Route 6 : 475 26 1475 1026 393 665 1393 1665 984 1984 148 76 1148 1076 637 1637
Route 7 : 534 701 1534 1701 81 488 1081 56 1488 1056 904 227 1904 940 1227 1940
Route 8 : 841 128 1128 1841 156 946 1946 1156 138 548 1138 195 1548 1195
Route 9 : 830 218 363 1363 1830 409 336 966 1966 1409 1336 823 89 1823 1089 1218
Route 10 : 616 849 1616 555 1849 1555 41 1041 969 325 1969 679 1325 1679
Route 11 : 858 560 1560 1858 469 279 1279 1469 295 508 1295 636 1508 1636
Route 12 : 495 522 1495 129 1522 205 1129 752 544 1205 733 1544 1733 1752
Route 13 : 768 1768 110 786 1110 1786 885 369 150 1369 1885 1150 481 398 1481 1398
Route 14 : 101 384 9 373 32 1373 1032 1009 973 1384 650 1973 1650 1101
Route 15 : 414 524 1524 1414 457 543 1457 629 1543 1629 311 1311
Route 16 : 771 1771 626 628 1626 103 1628 866 1103 1866 859 802 1802 1859
Route 17 : 147 850 161 1147 1850 584 407 1407 1584 511 804 1511 722 1722 1804 1161
Route 18 : 719 64 1719 272 612 1612 1272 915 140 1915 801 1140 1801 985 1985 1064
Route 19 : 250 943 403 1250 1403 96 1943 1096 412 1412 312 500 685 1312 1685 1500
Route 20 : 419 1419 210 231 450 1231 1450 1210 692 213 313 1213 1692 372 1313 1372
Route 21 : 61 1061 436 10 485 1010 1436 978 1485 6 1978 1006 517 245 1517 1245
Route 22 : 695 602 888 187 1888 924 420 1187 1924 1420 1695 479 499 1479 1499 1602
Route 23 : 758 1758 917 869 1917 1869 291 803 1803 21 1291 1021 610 215 1610 1215
Route 24 : 923 715 1923 552 49 1552 1715 181 1049 1181 538 98 720 1098 1538 1720 957 1957
Route 25 : 896 660 105 1896 1660 15 1015 1105 846 891 537 1846 1891 1537
Route 26 : 601 417 1601 1417 43 285 253 1253 1285 1043 183 302 1183 1302
Route 27 : 14 809 1014 566 1809 365 506 1365 1506 440 716 1440 1716 933 1933 1566
Route 28 : 838 1838 991 344 1344 17 1991 633 1017 1633 796 92 108 1108 1092 1796
Route 29 : 330 111 1111 1330 321 895 1895 1321 547 378 1547 1378 852 1852 887 793 1887 1793
Route 30 : 5 964 1005 1964 585 441 1585 1441 251 587 1587 1251 177 1177
Route 31 : 672 921 1672 322 1921 914 1322 1914 704 388 1704 1388 805 1805
Route 32 : 135 1135 821 783 725 1821 1783 1725 387 287 351 1287 1387 1351 494 1494
Route 33 : 86 319 1319 1086 767 680 663 1680 1767 1663 563 871 179 1563 1179 1871
Route 34 : 239 631 539 1239 1539 316 1316 1631 474 948 564 1948 1474 357 1564 1357
Route 35 : 280 242 198 1242 1280 772 993 1198 1772 1993 206 497 1206 1497
Route 36 : 106 116 1106 556 249 1556 1249 51 354 1051 1116 1354 84 483 958 1483 1084 1958
Route 37 : 860 424 1860 730 1424 578 1730 1578 835 452 1452 255 1255 115 1835 1115
Route 38 : 884 174 1174 1884 819 259 1819 309 617 1259 1617 1309 542 1542 271 1271
Route 39 : 339 262 480 1339 1262 1480 404 751 1404 785 1751 595 1595 1785
Route 40 : 840 367 1367 1840 834 1834 275 724 1724 1275 718 609 1609 1718 748 1748
Route 41 : 934 867 1934 1867 158 289 50 1289 775 1050 1775 502 1158 274 1502 1274
Route 42 : 810 256 1810 559 1559 113 109 1113 1109 582 1256 270 1582 1270
Route 43 : 323 776 1323 1776 429 545 1545 1429 562 366 1562 1366
Route 44 : 700 97 1097 435 1700 728 1435 1728 11 551 667 1011 1551 1667
Route 45 : 938 225 1938 1225 735 795 1735 1795 620 1620 527 693 204 1527 1693 1204
Route 46 : 780 445 1780 916 1916 757 1445 65 1757 1065 175 799 1175 1799
Route 47 : 100 1100 85 977 1977 164 1085 755 1164 176 1176 52 1755 1052
Route 48 : 505 60 1060 714 514 1714 364 1514 228 806 1228 1806 1364 674 1505 1674
Route 49 : 743 1743 230 893 160 1230 1893 1160 266 350 1266 166 178 1350 1178 1166
Route 50 : 418 1418 992 38 1038 1992 503 447 1503 1447 338 219 1338 1219
Route 51 : 845 258 1258 1845 69 763 1069 244 1763 1244 868 599 1868 1599
Route 52 : 878 589 1878 83 1083 1589 216 540 1540 646 1216 1646 600 1600 281 1281
Route 53 : 998 498 750 1498 1750 200 1998 765 1200 833 1765 492 1833 1492
Route 54 : 430 745 305 1745 583 1305 7 1583 131 1131 1007 45 1430 1045
Route 55 : 18 664 1664 1018 58 433 352 1058 1352 1433 392 586 1586 1392
Route 56 : 397 927 1397 870 1870 671 797 1797 1671 649 296 1649 1296 428 1428 1927
Route 57 : 696 133 1696 1133 123 580 1123 1580 144 659 1144 792 1659 1792
Route 58 : 243 657 1657 975 962 1962 812 1975 1812 408 1243 875 1408 1875 263 1263
Route 59 : 577 661 1577 1661 415 1415 742 484 1742 1484 791 118 1791 1118
Route 60 : 246 159 1246 185 1159 1185 782 779 1782 196 1779 1196 523 282 1282 1523
Route 61 : 334 55 1334 1055 237 634 1634 1237 677 112 267 1677 1112 1267 90 1090
Route 62 : 528 19 1528 1019 221 990 1990 1221 642 561 1642 1561 252 873 1252 1873
Route 63 : 411 217 1411 1217 362 1362 670 886 1886 4 1004 890 1670 1890
Route 64 : 146 157 1146 1157 654 687 273 1687 644 1273 1654 1644 794 982 1794 1982
Route 65 : 496 641 211 476 1641 1211 1476 831 477 1831 974 1477 1974 102 1102 1496
Route 66 : 900 1900 874 619 1619 1874 456 621 1621 410 822 1456 1822 1410
Route 67 : 570 971 1971 525 653 1525 1653 197 371 813 1813 1371 1197 1570
Route 68 : 48 170 1048 1170 120 1120 638 713 939 1939 1638 789 1789 23 1023 1713
Route 69 : 872 784 1872 1784 712 151 1151 967 1712 125 1967 892 1125 1892
Route 70 : 466 1466 391 324 1391 462 1324 143 1143 1462 596 464 1596 1464 960 1960
Route 71 : 416 1416 761 832 1832 1761 382 741 1741 1382 865 1865 459 658 1658 1459
Route 72 : 963 778 1778 199 1199 117 781 439 1117 1781 1439 1963 770 1770
Route 73 : 851 1851 510 1510 532 603 684 1603 361 1684 737 1361 1532 1737
Route 74 : 698 519 1698 437 2 1437 1002 675 1675 288 42 1288 1042 1519
Route 75 : 46 1046 976 95 1976 883 678 1095 1883 172 827 1827 1678 1172 261 1261
Route 76 : 507 374 1507 1374 377 422 624 1377 1422 1624 593 581 1593 774 1581 1774
Route 77 : 93 1093 35 80 376 1035 1376 1080 207 442 1207 349 1442 247 1349 1247
Route 78 : 777 40 1040 575 307 137 1307 1575 1137 837 1837 1777 753 1753
Route 79 : 88 301 1301 1088 186 1186 67 182 1182 521 1067 590 1521 1590 1 1001
Route 80 : 573 747 1747 238 1238 611 1573 1611 686 124 1124 1686 935 300 1935 1300
Route 81 : 565 1565 925 627 1925 606 1606 1627 961 359 1961 163 193 1163 1359 1193
Route 82 : 591 569 824 1569 1824 1591 968 1968 956 788 1956 1788 881 721 1721 1881
Route 83 : 25 854 1854 1025 759 1759 913 68 1068 1913 293 356 746 1293 1356 1746
Route 84 : 756 482 27 1027 1482 340 766 1340 605 1756 1766 1605 623 346 1623 1346
Route 85 : 708 1708 965 689 847 1689 1847 1965 458 836 1458 877 1877 1836
Route 86 : 379 91 1379 625 1625 1091 897 169 1169 1897 842 173 1842 1173
Route 87 : 241 1241 640 571 1640 1571 723 668 981 1668 1723 906 1981 139 1906 1139
Route 88 : 949 1949 703 3 1703 1003 997 1997 662 265 1662 1265 898 1898 817 1817
Route 89 : 394 473 1394 546 1473 1546 240 257 1240 1257 31 936 1936 1031
Route 90 : 811 736 1811 22 681 1022 705 1681 954 1705 292 1954 1292 529 1736 1529
Route 91 : 676 1676 127 557 1557 1127 389 1389 63 1063 908 814 1814 209 1908 1209
Route 92 : 328 465 645 1465 72 1645 928 1072 236 1928 1236 855 1855 972 1328 1972
Route 93 : 202 234 303 468 1202 1234 1303 432 229 987 1432 1229 1987 223 1468 1223
Route 94 : 353 999 1999 1353 980 572 1980 44 34 1572 1034 1044
Route 95 : 192 942 283 1942 1192 1283 331 648 1331 383 1648 1383 33 1033
Route 96 : 979 880 75 1979 1075 1880 449 598 1449 1598 615 1615 180 1180
Route 97 : 260 531 711 1711 567 28 162 1567 769 1028 1162 738 1738 1769 1260 1531
Route 98 : 99 149 1099 386 1149 1386 717 1717 594 787 73 1594 1787 1073 951 1951
Route 99 : 516 1516 688 608 1688 190 1608 290 1190 486 1290 1486 191 1191
Route 100 : 401 673 1401 1673 639 107 1639 1107 136 690 1136 920 1920 1690 399 1399
Route 101 : 134 630 1134 1630 82 434 1082 666 1666 1434 443 549 864 1443 1549 1864
Route 102 : 839 413 1839 726 1413 709 1726 1709 402 912 1402 1912 286 1286
Route 103 : 299 126 1299 396 1126 1396 395 320 1320 1395 472 489 1472 1489 635 1635
Route 104 : 167 431 579 1579 1431 808 29 1808 1029 37 818 1818 1037 1167
Route 105 : 760 530 189 1530 1189 1760 901 77 1077 1901 739 1739 318 732 1732 1318 554 1554
Route 106 : 558 988 1558 1988 825 375 1825 1375 233 683 1233 856 1683 1856
Route 107 : 184 342 1342 54 168 1054 862 1168 423 1862 1423 744 1184 1744
Route 108 : 114 1114 754 1754 734 332 1332 932 1932 337 1734 843 1337 1843 632 1632
Route 109 : 894 130 1894 78 1078 453 463 919 1453 1919 1463 1130 461 153 1153 1461
Route 110 : 863 699 1863 1699 220 518 899 501 1518 953 1501 1899 1220 944 1944 1953
Route 111 : 826 1826 844 643 764 1643 1844 1764 702 647 618 1647 1702 1618 425 1425
Route 112 : 550 451 1550 74 1074 1451 254 955 1955 454 1254 1454 986 1986
Route 113 : 347 622 918 1622 1918 1347 59 390 1059 1390 651 317 1651 1317
Route 114 : 929 39 1929 1039 471 816 1471 1816 16 444 1444 1016 947 1947
Route 115 : 945 682 1682 421 467 1467 1421 655 1655 607 1607 426 24 1426 1024 1945 284 1284
Route 116 : 121 1121 970 132 1970 1132 1000 910 950 1910 2000 406 1950 798 1798 1406
Route 117 : 520 1520 879 907 553 1879 1907 1553 208 574 1574 1208 427 937 1427 1937
Route 118 : 87 604 1087 1604 597 1597 276 232 1276 1232 931 370 1931 1370 66 1066
Route 119 : 853 1853 355 697 1355 1697 490 8 1008 1490 165 1165 568 815 1568 1815
Route 120 : 829 1829 226 740 1740 995 122 1226 104 1122 1104 1995 298 235 1235 1298
Route 121 : 329 278 385 345 1278 1345 614 1614 171 1385 36 710 1710 1171 1329 1036 493 1493
Route 122 : 959 656 438 1656 1959 1438 306 857 1857 1306 994 729 1729 1994
Route 123 : 405 592 1592 1405 694 533 807 1533 1694 541 1807 194 1194 268 1541 1268
Route 124 : 509 343 1343 526 1509 1526 326 203 222 1203 1326 212 1222 57 1212 1057
Route 125 : 989 248 487 1989 1248 1487 922 381 1381 1922 504 62 79 1504 1062 1079
Route 126 : 142 335 1142 1335 141 491 1141 1491 145 749 1749 1145 30 297 1030 1297
Route 127 : 294 368 1294 1368 448 460 214 1448 1460 1214 455 513 71 1455 1513 1071
Route 128 : 20 264 1020 47 1264 1047 828 1828 876 201 1876 1201 773 12 1012 1773
Route 129 : 358 1358 315 308 1315 1308 983 996 1996 1983 861 446 1861 1446
Route 130 : 327 613 727 1327 1613 304 94 820 1304 1094 1820 800 224 1800 1224 1727
Route 131 : 848 119 1119 53 1848 1053 314 478 1314 1478 941 706 1706 1941
