Instance name : ber-n400-7
Authors       : Dmitriy Demin, Mikhail Diakov (msd@veeroute.com), Ivan Ilin, Nikita Ivanov, Viacheslav Sokolov (vs@veeroute.com) et al. VRt Global (https://veeroute.com/)
Date          : yyyy-mm-dd
Reference     : veeroute.com
Solution
Route 1 : 139 9 339 209 165 94 365 294 62 110 106 306 310 10 262 171 371 84 210 284
Route 2 : 104 89 304 151 187 289 351 80 387 178 280 199 23 223 399 135 378 141 335 341
Route 3 : 156 50 356 250 116 98 298 67 316 19 267 1 219 201 49 101 301 249 138 338
Route 4 : 127 180 327 380 5 71 205 79 82 271 193 279 42 393 282 242 167 367
Route 5 : 155 183 355 128 383 328 150 350 91 8 291 143 343 97 208 297
Route 6 : 30 118 318 230 65 184 168 265 122 322 54 368 254 142 125 384 68 325 342 268
Route 7 : 196 198 396 115 398 315 76 140 340 276 32 175 375 232 149 130 349 330
Route 8 : 16 105 216 113 305 133 313 333 93 37 293 96 237 100 296 47 247 300
Route 9 : 176 376 123 90 323 103 4 290 303 204 21 66 58 258 266 221 179 379
Route 10 : 52 147 119 347 319 252 92 3 292 203 159 134 359 124 55 334 255 324 185 385
Route 11 : 39 95 107 307 295 144 344 170 12 192 212 370 145 392 111 239 311 345 197 397
Route 12 : 13 166 121 35 213 321 366 158 235 358 44 61 244 33 261 233 112 312 40 169 188 59 259 240 388 369
Route 13 : 129 28 228 99 329 299 63 263 189 126 389 81 74 274 326 281 70 114 87 270 314 287
Route 14 : 148 348 64 200 153 400 57 353 264 257 146 136 157 336 346 27 227 36 120 357 320 236
Route 15 : 137 337 177 102 377 38 238 302 11 132 109 211 332 51 251 194 309 26 226 394
Route 16 : 41 154 195 354 241 395 14 190 83 390 214 43 243 283 6 152 206 53 352 2 202 253
Route 17 : 22 7 222 207 160 181 69 360 381 269 18 72 218 173 75 275 272 31 373 231
Route 18 : 20 117 220 88 163 288 317 186 174 363 17 217 386 374 46 86 246 164 29 286 162 229 364 362
Route 19 : 85 45 15 215 245 48 248 25 161 285 225 361 182 24 34 382 224 234
Route 20 : 56 256 60 131 260 78 278 331 191 391 108 73 308 77 273 172 277 372