Instance name : ber-n4000-4
Authors       : BIG3 - Dmitriy Yampolskiy, Egor Nikolaev and Daria Savina. Smart Logistics Point by the BigThree team (big3.ru).
Date          : 2025-04-23
Reference     : BigThree team (big3.ru)
Solution
Route 1 : 44 1987 681 3987 429 2044 2681 1548 128 3548 2429 638 1780 2638 1032 2128 3032 3780 1351 1327 3327 3351
Route 2 : 1214 1474 654 3214 1360 2654 3474 349 1427 3427 3360 2349 1392 1897 3897 1770 1374 3392 3374 3770 272 1526 3526 2272
Route 3 : 1050 110 1311 2110 3050 1371 1406 3311 3406 408 1170 3371 3170 1456 2408 1408 3456 1146 1566 3146 1869 3408 3869 3566
Route 4 : 848 808 2848 1650 3650 609 2808 495 2609 933 2495 2933 757 980 306 2980 2757 1629 3629 1821 2306 3821 11 2011
Route 5 : 1781 3781 820 1131 2820 1295 1274 790 2790 3295 3131 3274 746 363 2746 1112 3112 525 940 2363 2940 2525
Route 6 : 792 902 1127 2792 49 98 3127 2098 2902 1692 1417 2049 3417 78 3692 2078 457 71 2457 2071 1039 929 1071 3039 2929 3071
Route 7 : 1737 1852 3852 280 1977 3737 2280 3977 1700 1308 1129 53 3700 2053 3129 1153 3308 3153 1268 652 1767 3268 3767 2652
Route 8 : 906 1260 3260 695 1231 2906 2695 666 3231 2666 41 572 2572 1986 965 3986 2041 2965 84 377 2377 1 2001 2084
Route 9 : 1363 323 1898 3363 895 3898 2895 1759 2323 3759 1312 1278 3278 1800 3312 418 3800 909 2418 1359 3359 834 2909 2834
Route 10 : 1934 379 1813 2379 3813 1376 3376 473 3934 2473 548 915 813 2915 2548 879 2813 374 715 2374 496 2879 2715 2496
Route 11 : 461 351 1258 2461 1336 3258 2351 3336 1699 467 807 2467 3699 238 2807 2238 922 438 2438 789 2789 2922 1606 3606
Route 12 : 1172 25 1984 3172 1895 3984 3895 1837 2025 240 1390 3837 2240 464 3390 2464 1932 3932 142 738 2142 365 2738 2365
Route 13 : 1150 70 386 2070 2386 1237 3150 3237 1155 1590 3590 1663 3663 696 701 2696 1749 3749 1844 3844 855 2701 3155 2855
Route 14 : 1838 900 2900 3838 222 2222 248 1158 3158 1522 1057 2248 1825 3057 3522 1570 3825 1132 3570 1712 3132 3712
Route 15 : 687 394 2687 1926 3926 1441 798 3441 2798 1320 783 2783 3320 130 58 2130 2394 881 824 2058 1023 144 2824 2881 3023 2144
Route 16 : 1154 1732 955 3732 2955 1949 3949 726 42 2726 1873 3154 2042 748 3873 2748 1029 277 2277 192 1093 2192 3029 3093
Route 17 : 339 1033 837 3033 2339 2837 1001 919 2919 3001 276 404 2404 624 2624 2276 768 1444 2768 1186 3444 3186 307 2307
Route 18 : 1304 739 1472 2739 3472 3304 1011 700 470 2700 1341 2470 3011 795 3341 1954 2795 1969 3954 173 3969 135 2173 2135
Route 19 : 1971 898 417 2898 1322 1207 3971 3207 567 2417 164 2567 434 176 2434 3322 2164 2176 1074 1965 3074 1615 3965 3615
Route 20 : 1992 342 2342 589 75 2075 2589 1121 3992 120 1741 3741 3121 1906 243 3906 228 2120 1527 2228 1255 2243 3255 3527
Route 21 : 300 24 1942 2300 188 2024 2188 1874 3942 1715 368 3874 2368 3715 573 1879 2573 3879 338 2338 392 292 2392 2292
Route 22 : 1175 3175 1702 190 907 2907 3702 2190 194 2194 68 592 1053 263 2592 2068 3053 2263 1628 211 3628 2211
Route 23 : 207 1540 2207 1918 3918 750 3540 1219 1185 2750 3185 1890 3219 1203 3203 325 2325 1113 3113 3890 1758 3758 905 2905
Route 24 : 871 1035 1991 3035 530 2871 2530 3991 1687 637 3687 2637 1799 348 2348 1045 1425 3045 1167 3799 765 3425 2765 3167
Route 25 : 1740 1647 3647 3740 1373 3373 1496 1605 446 2446 3605 1583 3496 686 3583 2686 634 1007 2634 45 2045 3007
Route 26 : 1107 1545 3107 951 3545 2951 32 762 2032 1725 2762 20 2020 1028 3725 970 1096 2970 3028 1642 3096 3642
Route 27 : 403 549 1574 2403 2549 3574 1562 1640 1928 1072 3640 3928 3562 3072 290 1141 3141 187 2187 2290 1777 679 3777 2679
Route 28 : 1352 1124 742 3352 1193 3124 2742 494 1168 3193 1097 1163 3097 2494 1449 3168 3449 171 137 2137 1933 2171 3163 3933
Route 29 : 278 136 2136 1248 1495 3248 1594 3495 1739 3594 440 381 2278 2381 421 1331 2421 334 3739 3331 179 2334 2179 2440
Route 30 : 1497 1235 1489 3497 3489 1345 1386 166 3235 3345 93 2093 3386 2166 1524 3524 1223 1536 3223 3536 1070 133 2133 3070
Route 31 : 1948 844 1593 3593 2844 3948 568 1698 1054 815 2568 3054 3698 2815 818 1746 3746 2818 1058 178 1997 3058 3997 2178
Route 32 : 1595 531 2531 1551 1181 89 3181 3551 2089 793 2793 887 2887 3595 1103 1030 966 2966 3103 575 724 2724 3030 2575
Route 33 : 1159 1440 167 3159 2167 3440 395 1502 646 3502 2646 2395 1323 3323 616 420 184 2184 917 1731 2616 3731 2917 2420
Route 34 : 694 916 838 2694 684 2838 1149 2684 1832 2916 3149 95 3832 2095 1880 1902 3880 767 3902 1542 2767 218 2218 3542
Route 35 : 1398 1364 3364 197 3398 2197 1027 158 606 2158 3027 1544 2606 1521 1461 1210 3544 161 3461 3210 1666 2161 3521 3666
Route 36 : 1507 550 806 2550 2806 3507 1117 1861 3861 1227 3117 3227 1912 3912 1774 1784 1922 3784 731 3922 1305 3774 3305 2731
Route 37 : 878 1383 1596 3596 2878 308 2308 1177 1557 3383 3177 1866 175 3557 2175 3866 96 2096 191 673 2673 707 2707 2191
Route 38 : 667 193 1528 2193 2667 988 5 258 2988 3528 8 2005 375 2008 1543 2258 1972 2375 431 3543 3972 2431
Route 39 : 596 1924 3924 1523 3523 2596 322 141 1553 2322 1519 3519 1509 3553 697 2141 3509 2697 47 337 2337 2047 260 1368 3368 2260
Route 40 : 1317 908 1695 3317 3695 1290 172 2908 1414 3414 1677 117 3290 2172 2117 3677 1120 3120 491 1462 2491 29 2029 311 3462 2311
Route 41 : 1999 1329 1282 3999 1710 3329 329 3710 148 578 3282 2329 1049 3049 2578 2148 759 938 2759 2938 1761 3761 631 2631
Route 42 : 1617 752 2752 35 2035 1966 947 19 3966 2947 3 2019 223 2003 275 2223 3617 2275
Route 43 : 1916 3916 1603 3603 865 1705 1875 3705 3875 772 2865 2772 1088 522 2522 884 3088 1140 2884 1704 3140 1604 3604 3704
Route 44 : 1547 10 270 3547 1913 2270 341 1412 2341 1626 3626 3412 3913 1063 1451 3063 3451 56 727 2727 2056 147 2010 2147
Route 45 : 253 2253 1927 1387 605 3387 1829 2605 1872 3927 3872 3829 159 1820 3820 2159 755 523 31 2755 2523 2031
Route 46 : 484 321 1024 1152 2321 882 3152 860 2882 2860 1993 3993 3024 109 1069 2109 608 2608 2484 1833 1520 3069 3833 3520
Route 47 : 1671 1428 3671 1401 186 2186 801 3428 3401 2801 1613 3613 1591 1249 1020 3020 3591 599 1192 3249 2599 3192
Route 48 : 199 1315 931 2931 2199 1283 3315 1114 3283 1337 3114 1658 269 3337 204 3658 2269 2204 1641 453 1673 2453 3673 3641
Route 49 : 76 1847 2076 1826 3826 3847 851 760 2851 796 2760 1744 149 2796 3744 1404 1031 604 3404 2604 2149 3031 1515 3515
Route 50 : 786 1220 1764 1894 3764 3894 2786 3220 1751 1297 3297 88 1835 2088 3835 3751 1281 3281 1508 1985 456 3508 2456 3985
Route 51 : 1313 576 1919 2576 3313 840 3919 1801 2840 814 3801 857 2857 2814 888 2888 399 1766 3766 2399 1618 1365 3365 3618
Route 52 : 1213 3213 1467 1619 886 1263 3619 3467 3263 2886 735 1115 90 3115 2735 1165 3165 1410 541 2090 3410 2541 83 2083
Route 53 : 373 268 346 2373 2346 2268 251 1622 2251 3622 354 1914 63 1476 2354 1752 316 2063 3914 259 2259 2316 3476 3752
Route 54 : 1733 1457 3733 215 3457 2215 1430 410 3430 1967 1403 3967 2410 3403 1416 533 3416 2533 1535 3535 1480 17 2017 3480
Route 55 : 198 1631 2198 3631 1301 1668 1471 3668 1646 3471 3646 1366 3301 1250 3250 3366 556 1000 3000 122 2122 1003 2556 3003
Route 56 : 111 1488 1878 847 3878 2847 3488 1494 874 2874 3494 2111 978 1395 926 2978 656 2926 160 2656 3395 298 2298 2160
Route 57 : 641 1903 1630 2641 945 3903 2945 1356 3356 1446 1491 3446 3630 1385 1816 3491 3816 3385 1578 773 989 2773 3578 2989
Route 58 : 1582 1445 3582 1716 3445 1900 357 2357 3716 121 3900 603 2121 1037 2603 350 1892 2350 450 3892 1560 2450 3037 3560
Route 59 : 129 1798 3798 1881 3881 1470 2129 665 3470 1982 2665 753 3982 2753 264 2264 1332 1009 669 3332 3009 131 2669 2131
Route 60 : 1253 1686 1298 3253 3298 3686 465 1084 3084 2465 534 124 1066 2534 2124 982 2982 1230 3066 3230 1264 3264
Route 61 : 1194 546 628 3194 897 2897 2628 274 2546 396 2274 2396 720 586 821 2720 1334 2586 2821 3334 359 2359 262 2262
Route 62 : 658 1108 2658 3108 26 914 2026 1609 2914 1060 3609 519 3060 444 2519 1697 721 2721 2444 3697 250 2250
Route 63 : 1550 766 1324 2766 3324 3550 1292 1858 1197 3292 946 3858 3197 2946 416 1893 2416 3893 1854 754 1638 3854 2754 3638
Route 64 : 445 632 2632 245 2445 960 477 2960 2477 543 2245 1202 561 2543 3202 688 72 2688 2561 221 2072 430 2430 2221
Route 65 : 1291 257 2257 2 246 1160 2002 2246 99 3160 3291 2099 481 315 2481 180 2315 1597 2180 1479 3479 409 2409 3597
Route 66 : 1525 722 1571 3525 518 2722 3571 1568 3568 872 2518 1300 3300 1310 2872 1612 3310 1975 3612 758 3975 2758
Route 67 : 794 1541 3541 2794 1505 447 3505 1579 1555 2447 412 948 3555 2948 1815 1994 3994 3815 286 108 3579 690 2286 2108 2690 2412
Route 68 : 1145 1955 3145 3955 1561 928 1911 3561 1807 3807 3911 2928 1257 441 2441 3257 558 675 2558 2675 1654 1506 3654 3506
Route 69 : 28 151 2028 570 2570 1743 289 2151 3743 2289 1637 805 1812 3637 3812 2805 1989 662 3989 1116 2662 1209 3116 3209
Route 70 : 1785 1126 588 3785 979 2588 2979 503 3126 6 2503 507 2006 661 2661 2507 1469 3469 1983 3983 285 1795 2285 3795
Route 71 : 677 2677 803 1271 2803 3271 65 1241 1691 3241 1607 3691 1589 1448 2065 3448 3589 1853 3607 1067 508 2508 3853 3067
Route 72 : 788 741 2788 782 2741 501 2501 2782 1098 314 398 2314 3098 210 610 2398 2610 1655 2210 353 3655 853 2353 2853
Route 73 : 600 1624 580 2600 1632 3632 1431 203 2203 3431 1426 3624 1717 868 3426 904 2868 1438 3717 2904 515 3438 2515 2580
Route 74 : 1319 1974 3319 1318 3974 1778 3318 3778 816 181 1706 923 2816 2923 1078 3078 1452 2181 3452 1565 3565 140 3706 2140
Route 75 : 185 1082 2185 347 3082 2347 1727 1684 1669 674 3684 2674 3727 3669 27 826 2826 2027 733 369 2733 1600 3600 2369
Route 76 : 942 1335 43 2942 977 2977 2043 969 620 2620 313 2969 287 2287 1901 2313 528 1135 1518 3518 3901 3135 2528 3335
Route 77 : 1830 3830 1382 3382 244 1756 2244 3756 619 1190 964 623 2964 2619 3190 1538 134 2134 3538 2623 698 1464 2698 1556 3464 3556
Route 78 : 442 476 2442 835 2476 468 2835 2468 1789 1871 689 3871 2689 3789 212 1935 475 3935 809 2475 2212 2809 648 2648
Route 79 : 40 1818 1238 3818 1346 3238 1055 2040 3346 1882 3055 3882 86 1786 2086 127 1339 3339 2127 3786 1643 825 2825 3643
Route 80 : 1681 1118 3681 1925 3118 3925 371 2371 1915 1015 3915 1651 3015 3651 362 957 1034 1036 3034 2362 1411 2957 3036 3411
Route 81 : 943 119 2943 804 2119 2804 1188 1147 3188 3147 594 959 2959 2594 617 1569 2617 1808 1938 3569 3938 3808
Route 82 : 650 1252 2650 153 3252 2153 1533 734 455 2734 1883 3533 3883 1025 893 2455 454 152 3025 2893 2454 551 2551 2152
Route 83 : 1845 265 2265 437 3845 2437 540 230 2230 2540 1176 3176 1077 706 3077 1409 2706 680 3409 165 2165 2680 1776 3776
Route 84 : 367 743 2743 372 2367 2372 719 1142 2719 1713 3142 3713 1896 1482 1747 3896 3482 972 2972 832 3747 574 2574 2832
Route 85 : 364 208 2364 132 1788 2208 875 2132 3788 1530 2875 16 996 3530 2016 2996 471 1598 1996 3598 3996 2471 579 2579
Route 86 : 60 360 2360 282 927 2060 2282 2927 1887 1016 3887 3016 1661 3661 1375 841 3375 1198 910 2841 3198 2910
Route 87 : 889 104 18 2889 459 2104 2459 823 50 2018 1148 2823 3148 2050 564 2564 231 2231 1726 1256 611 3726 2611 3256
Route 88 : 1904 1089 3904 1460 3089 1173 625 3173 1211 3211 385 2625 279 691 2691 2385 2279 1952 67 3460 2067 3952 1432 3432
Route 89 : 332 1634 630 2332 3634 397 2630 819 2397 2819 512 2512 901 383 2383 2901 1584 547 3584 991 2991 2547 1909 3909
Route 90 : 647 1828 2647 585 3828 1362 1856 3856 3362 2585 761 1068 971 2761 2971 1937 3068 3937 949 935 2935 1803 2949 3803
Route 91 : 560 2560 635 1294 2635 3294 1156 118 1104 209 2118 2209 1246 3156 3104 3246 1836 1004 1391 3004 3836 3391
Route 92 : 217 2217 799 1855 241 2799 2241 3855 1062 976 2976 668 3062 1109 3109 1161 2668 3161 845 2845 214 1463 2214 3463
Route 93 : 23 1280 3280 1827 2023 1742 3827 177 2177 1372 3372 1100 3742 3100 317 432 2432 1328 1251 2317 30 3328 3251 2030
Route 94 : 1326 1939 3326 1085 3939 1044 3085 598 3044 2598 1051 3051 1293 3293 370 998 2998 294 2294 1405 2370 1201 3405 3201
Route 95 : 81 2081 1905 1908 1762 3905 1285 3908 3762 3285 994 1420 2994 1885 3420 1711 3711 2000 3885 1714 4000 1195 3714 3195
Route 96 : 1038 3038 704 2704 1486 866 3486 2866 361 2361 862 912 2912 2862 1216 1247 645 3247 3216 2645 1648 3648
Route 97 : 1309 3309 516 2516 1951 692 3951 849 2849 2692 918 2918 1503 713 2713 3503 295 1586 1921 3586 1419 3921 3419 2295
Route 98 : 1183 1139 1350 3183 3139 1493 3350 3493 1133 3133 967 1817 1171 2967 3817 3171 843 614 1244 2614 2843 3244
Route 99 : 9 1288 1659 2009 3288 3659 254 1917 1065 2254 3917 3065 1693 1979 3693 1910 3979 3910 123 1707 3707 2123
Route 100 : 1753 234 3753 451 1694 2234 716 3694 2451 1616 1546 2716 3546 781 3616 1573 2781 219 2219 890 3573 2890
Route 101 : 995 717 1722 2995 3722 1199 2717 953 542 3199 2953 2542 1567 3567 1393 1772 3393 449 3772 1245 2449 3245
Route 102 : 1399 1956 1269 3399 393 1675 3956 3675 2393 3269 526 678 2526 986 2678 2986 764 1998 1005 3005 2764 497 2497 3998
Route 103 : 1667 3667 1576 1355 3576 3355 114 774 1468 2774 2114 1958 1013 3958 529 858 3468 3013 2529 2858 554 435 2554 2435
Route 104 : 802 2802 1259 1042 3259 490 3042 563 2563 2490 389 2389 595 1608 2595 3608 82 2082 206 474 2206 1208 3208 2474
Route 105 : 880 950 2950 1369 2880 1041 1123 3369 1957 3041 3123 1863 3863 3957 649 952 2649 1947 36 3947 2952 2036
Route 106 : 1344 1243 3344 776 3243 2776 1273 627 57 2627 2057 3273 583 1236 2583 863 3236 1581 506 2863 3581 2506 1718 3718
Route 107 : 427 2427 1347 539 233 2233 155 2539 3347 1689 1819 3689 1723 2155 3819 532 3723 91 1865 2532 3865 2091
Route 108 : 1138 101 2101 1620 3620 3138 1953 974 2974 973 3953 1435 2973 723 3435 380 2723 424 2380 489 861 2489 2861 2424
Route 109 : 472 1422 331 1307 2472 3422 1137 2331 3307 1783 3137 1773 3783 1455 236 3773 885 3455 2885 2236
Route 110 : 150 983 2150 956 2956 2983 712 2712 112 1040 3040 629 1254 2112 3254 213 2629 937 335 2937 2335 2213
Route 111 : 1397 1454 1867 3867 3397 1413 3454 663 3413 189 1277 3277 2663 2189 1492 174 3492 2174 502 1787 2502 3787 1516 3516
Route 112 : 1809 846 2846 13 3809 2013 1857 1888 3857 920 2920 1923 3888 284 2284 413 3923 252 1217 1487 2413 2252 3487 3217
Route 113 : 1017 877 2877 1400 3017 1358 3400 3358 1920 1006 3006 1086 407 3086 3920 38 763 2763 2038 1842 3842 2407
Route 114 : 867 1960 703 1226 328 2703 3960 3226 2328 1087 728 3087 2728 2867 1458 1122 3122 1164 3458 1343 3343 3164
Route 115 : 1831 1233 3831 856 2856 3233 1683 3683 702 873 1775 2702 2873 3775 936 2936 1475 1860 64 3475 2064 3860
Route 116 : 1080 356 3080 2356 770 52 1239 2770 2052 514 3239 2514 1046 921 3046 2921 1791 384 1796 2384 1234 3234 3791 3796
Route 117 : 1636 1688 615 3688 1802 894 3636 2894 62 2615 3802 340 2062 941 2941 500 1436 2340 2500 640 2640 736 3436 2736
Route 118 : 156 2156 4 92 1134 2004 2092 3134 1433 1384 3384 3433 478 2478 479 2479 999 2999 601 1151 2601 55 3151 2055
Route 119 : 1510 1564 3564 3510 1453 1079 3079 932 3453 1342 1850 2932 1978 3850 326 3342 3978 2326 618 1943 1378 2618 3378 3943
Route 120 : 545 571 202 2202 2545 2571 1407 1128 3407 1136 3128 1473 1450 3136 3450 271 520 2271 2520 330 934 3473 2330 2934
Route 121 : 237 34 226 2034 2237 1529 984 2226 281 2984 2281 1306 3529 1402 3306 3402 708 422 1810 2422 3810 1936 2708 3936
Route 122 : 705 46 1592 3592 2046 283 2705 833 1513 3513 1981 2833 2283 536 366 2536 1043 3043 2366 3981 305 2305 106 2106
Route 123 : 1101 499 2499 505 3101 896 2505 2896 557 612 2612 2557 660 115 2115 2660 1627 1680 3627 1822 493 3680 2493 3822
Route 124 : 1182 718 3182 651 143 2718 2651 830 852 1026 2143 2830 1330 3026 2852 3330 1338 990 3338 2990 1130 1379 3130 3379
Route 125 : 54 1931 1907 1840 3840 2054 3931 822 3907 469 2822 1585 2469 1940 3940 3585 780 1442 318 2318 1064 3442 2780 3064
Route 126 : 309 1002 1990 3990 492 2492 3002 2309 1321 462 787 636 2462 1588 3321 1106 3588 261 2787 2636 3106 2261 345 2345
Route 127 : 1793 3793 163 581 2163 2581 1205 1652 3205 566 2566 607 3652 2607 138 1191 3191 2138 1839 3839 1792 1599 3792 3599
Route 128 : 1267 1095 725 378 3267 3095 2378 810 1353 2725 3353 2810 1429 1478 3478 1559 3429 1111 3559 521 3111 1490 2521 3490
Route 129 : 812 685 2812 2685 1811 1653 3811 1734 3734 3653 1415 1465 3415 1222 3465 3222 1008 3008 730 466 2730 2466
Route 130 : 1639 1381 3639 621 2621 1889 3381 626 2626 1361 1206 3889 1930 3361 1980 3206 709 3930 1763 2709 1514 3763 3514 3980
Route 131 : 1745 3745 1679 3679 1242 891 400 2891 2400 273 3242 1225 1083 3083 3225 2273 1790 1670 3790 1325 3325 925 2925 3670
Route 132 : 388 1539 1884 3884 2388 249 2249 232 2232 105 622 1563 2105 930 3539 740 2622 2740 639 1189 2930 3563 3189 2639
Route 133 : 1768 1685 48 3685 2048 1662 1859 3768 1552 3662 3552 1891 3859 992 3891 1105 2992 3105 1073 1200 7 2007 3073 3200
Route 134 : 355 1976 1929 3929 3976 1187 3187 2355 428 21 1672 3672 2428 1823 3823 2021 653 642 2642 1262 2653 3262
Route 135 : 1377 664 3377 1119 1610 2664 1204 3204 3119 3610 255 1302 2255 80 2080 100 1649 3302 2100 3649 480 2480
Route 136 : 1558 1270 3558 182 3270 2182 854 2854 1804 406 3804 1125 2406 297 3125 229 2297 1232 2229 749 3232 2749
Route 137 : 797 2797 1370 1657 1014 3014 3657 3370 12 1532 3532 125 590 655 2590 2655 537 2537 302 2302 1212 2125 3212 2012
Route 138 : 1587 312 2312 220 3587 2220 800 1676 993 3676 352 2800 2993 2352 869 387 2869 2387
Route 139 : 1485 247 2247 747 1961 3485 1771 3771 22 3961 1174 2022 2747 3174 1224 291 1719 3224 3719 310 2310 319 2291 2319
Route 140 : 1221 1664 1423 3664 817 3221 299 3423 2817 836 2299 602 2836 2602 66 1162 2066 168 1184 1048 3162 3184 3048 2168
Route 141 : 452 415 509 2452 2509 1081 2415 139 1517 2139 3517 1678 3081 301 267 2267 87 3678 419 2087 672 2301 2419 2672
Route 142 : 744 870 146 1963 2146 2744 3963 196 1765 401 2870 327 2196 2327 779 1466 2401 3765 2779 1498 3466 527 3498 2527
Route 143 : 1218 710 376 3218 1418 3418 2710 116 2376 987 903 1720 2116 3720 1144 3144 1389 683 2987 3389 2683 1735 3735 2903
Route 144 : 785 1973 288 2288 1012 3973 2785 1010 3012 899 2899 3010 1644 1625 3644 1750 3625 975 963 2963 2975 3750
Route 145 : 1447 1660 3660 769 235 3447 864 225 2235 1279 2225 2769 876 3279 2876 227 2864 2227 1421 405 659 3421 2659 2405
Route 146 : 73 1968 1349 2073 483 3349 2483 1483 79 3483 157 2079 2157 343 3968 2343 382 859 2859 216 2382 2216
Route 147 : 593 791 411 2791 2593 1266 2411 1645 751 3266 1511 2751 3645 3511 714 1178 2714 425 711 2711 3178 2425
Route 148 : 69 1166 3166 154 2069 1316 2154 3316 644 1434 2644 657 2657 1577 3434 97 1439 2097 3439 1501 3577 33 3501 2033
Route 149 : 911 1959 732 2911 1575 3959 1537 2732 3575 3537 555 1950 2555 3950 293 939 1797 3797 162 2293 2939 2162
Route 150 : 1755 303 1424 414 2414 3424 3755 1380 51 2051 170 3380 513 2303 2513 2170 1348 777 1512 344 3348 2777 3512 2344
Route 151 : 1196 1806 3196 1633 3806 538 85 3633 756 2538 1554 1941 1728 2085 3728 3554 94 3941 2094 693 2756 102 2693 2102
Route 152 : 1047 1877 1314 597 3047 3314 2597 3877 1621 1876 304 3621 1988 482 2482 224 2304 1805 3988 2224 3876 3805
Route 153 : 1531 1868 201 3868 1656 3656 3531 1296 2201 1021 3296 1611 3021 3611 1022 676 3022 544 2676 2544 113 1076 2113 3076
Route 154 : 443 892 2443 1708 333 2892 2333 3708 320 1018 2320 239 3018 1052 1354 2239 643 3052 670 2670 2643 3354 390 2390
Route 155 : 433 169 2169 458 2433 2458 1572 510 2510 1665 3572 463 1549 2463 3665 460 1179 2460 1534 3534 3549 3179 1779 3779
Route 156 : 487 1846 3846 2487 582 981 1180 2582 2981 1477 3477 3180 1275 1367 3275 3367 1962 1769 1484 3962 1157 3484 3769 3157
Route 157 : 729 1299 107 2729 126 3299 1696 2126 3696 2107 145 39 2039 1843 2145 961 3843 1102 511 1459 3459 2961 3102 2511
Route 158 : 1730 1721 1059 587 3721 1841 3059 1357 3841 2587 1394 3357 1228 1834 3228 3394 3834 811 850 1701 2850 2811 3701 3730
Route 159 : 1504 591 3504 2591 1729 3729 924 954 2924 2954 1970 103 2103 1340 3970 1848 1824 3340 3824 1864 3848 784 3864 2784
Route 160 : 1794 1899 1499 3499 3794 1736 485 2485 3899 3736 944 195 2195 2944 778 426 2778 1690 1870 3690 3870 2426
Route 161 : 1229 1782 3782 59 2059 3229 1276 584 3276 1396 15 2584 2015 3396 535 498 2535 2498 436 1303 3303 2436 1703 3703
Route 162 : 633 2633 1944 14 1602 2014 3602 486 2486 1289 3944 1143 3289 613 1500 3143 1110 2613 3110 3500 1601 1682 3682 3601
Route 163 : 577 682 2682 1738 2577 3738 448 1272 2448 997 3272 2997 1580 1284 1061 3580 358 3061 1019 2358 1814 3019 3814 3284
Route 164 : 671 1862 3862 1709 2671 1614 3709 883 559 3614 2559 1075 1056 1286 3075 1674 1945 3286 3674 3056 3945 2883
Route 165 : 402 2402 391 1240 2391 296 3240 1443 2296 1851 3851 3443 553 699 842 2553 913 2699 2913 517 2842 1094 2517 3094
Route 166 : 183 1849 3849 256 2183 2256 562 962 2962 828 2562 2828 958 745 737 2958 2737 1092 3092 2745 1261 3261
Route 167 : 324 1964 439 3964 1748 3748 2439 1481 565 3481 1169 2324 1099 266 2565 3099 831 1623 2831 3169 2266 423 2423 3623
Route 168 : 827 2827 1388 336 2336 3388 1333 552 2552 37 775 3333 2775 829 2829 1946 1635 2037 1091 61 3091 2061 3946 3635
Route 169 : 77 2077 569 1886 2569 3886 1995 242 2242 3995 1215 1287 3215 200 3287 488 2488 2200 1760 1437 3437 771 3760 2771
Route 170 : 968 524 2968 2524 1724 3724 1265 1754 839 3265 2839 1090 1757 3090 3754 74 504 2504 2074 985 205 2985 3757 2205
