Instance name : ber-n1000-2
Authors : Simen T. Vadseth, Henrik Andersson, Jean-Francois Cordeau and Magnus Stålhane
Date : 10.07.2023
Reference : TBA
Solution
Route	1 :  260 102 178 602 760 678
Route	2 :  268 68 568 768 317 255 817 755
Route	3 :  445 427 446 945 927 207 946 707
Route	4 :  263 227 727 763 331 345 831 845
Route	5 :  165 112 612 349 665 482 150 982 849 650
Route	6 :  105 48 605 548 139 487 639 987
Route	7 :  350 850 375 358 875 330 252 858 830 752
Route	8 :  193 42 542 138 693 381 638 881
Route	9 :  397 153 17 897 517 653 258 758
Route	10 :  103 385 603 225 885 133 633 725
Route	11 :  465 21 521 965 224 280 467 724 780 967
Route	12 :  453 478 978 459 55 953 555 959
Route	13 :  148 648 283 323 430 823 128 930 628 783
Route	14 :  475 975 376 442 374 876 942 874
Route	15 :  145 58 437 266 937 558 645 766 494 994
Route	16 :  166 666 270 275 775 35 770 56 556 535
Route	17 :  310 810 435 484 935 984 495 995
Route	18 :  400 402 900 378 405 439 939 902 878 905
Route	19 :  249 257 749 422 922 757
Route	20 :  135 269 363 863 635 94 769 155 594 655
Route	21 :  251 362 751 447 862 489 947 989
Route	22 :  343 843 14 49 549 7 514 507
Route	23 :  322 132 473 973 822 632 169 669
Route	24 :  499 172 672 480 191 999 691 980 308 808
Route	25 :  454 461 431 931 961 108 608 954
Route	26 :  334 313 813 20 834 91 591 520
Route	27 :  213 713 472 231 264 731 972 764
Route	28 :  321 159 285 821 406 659 785 906
Route	29 :  469 394 969 894 423 923
Route	30 :  265 123 623 369 765 355 869 143 855 643
Route	31 :  245 745 195 60 194 695 560 694
Route	32 :  106 606 500 399 899 1000
Route	33 :  163 125 61 663 625 561
Route	34 :  419 919 273 304 173 673 773 804 65 565
Route	35 :  126 77 577 463 626 388 888 963
Route	36 :  99 338 261 599 838 761 339 301 839 801
Route	37 :  329 829 332 219 379 832 879 719 309 809
Route	38 :  393 893 185 208 115 708 13 685 615 513
Route	39 :  98 184 27 598 527 684 420 920
Route	40 :  286 786 122 290 62 790 622 562
Route	41 :  12 182 512 210 682 496 710 292 996 792
Route	42 :  134 634 416 395 471 895 916 971
Route	43 :  396 109 896 609 162 662
Route	44 :  87 298 798 354 587 854 455 955
Route	45 :  368 868 174 160 364 660 864 674
Route	46 :  458 380 880 958 289 789 80 580 284 784
Route	47 :  79 96 246 579 596 746 259 759
Route	48 :  299 336 212 192 799 712 836 692
Route	49 :  253 203 703 490 753 990 424 233 924 733
Route	50 :  26 64 303 526 803 564 40 340 840 540
Route	51 :  198 53 553 698 200 493 993 700
Route	52 :  202 18 518 702 16 440 516 940
Route	53 :  211 117 39 711 539 617 451 357 857 951
Route	54 :  327 295 175 827 44 675 795 544
Route	55 :  404 392 904 248 892 748 158 658
Route	56 :  241 232 741 302 802 732 197 179 679 697
Route	57 :  389 889 188 22 688 318 33 533 522 818 69 569
Route	58 :  23 9 509 523 360 137 267 860 637 767
Route	59 :  119 619 85 57 585 111 557 183 611 683
Route	60 :  167 222 320 820 722 667 491 154 991 654
Route	61 :  142 371 412 912 642 871 78 578
Route	62 :  6 216 716 335 506 237 835 737
Route	63 :  238 738 76 88 576 361 588 861
Route	64 :  144 410 910 644 281 92 592 279 781 779
Route	65 :  398 288 300 898 800 788
Route	66 :  353 853 97 325 296 825 89 796 589 597
Route	67 :  127 86 129 274 627 586 629 351 774 851
Route	68 :  250 93 750 223 337 837 593 723
Route	69 :  476 95 209 595 709 438 938 976 457 957
Route	70 :  243 326 314 826 814 743 118 113 613 618
Route	71 :  151 4 651 297 504 136 130 636 797 630
Route	72 :  247 242 747 742 2 152 652 502
Route	73 :  256 497 756 997 444 944 156 656
Route	74 :  229 729 38 425 124 538 624 925
Route	75 :  149 386 649 886 234 470 970 734 282 782
Route	76 :  28 116 528 46 616 418 546 918
Route	77 :  63 407 907 25 563 272 525 772
Route	78 :  170 3 503 670 141 36 536 641
Route	79 :  262 121 621 762 218 81 391 891 718 581
Route	80 :  333 328 101 601 828 833 346 235 846 735
Route	81 :  287 73 787 19 573 312 812 519
Route	82 :  107 157 352 657 607 852 373 873
Route	83 :  254 754 359 31 859 531 72 220 572 720
Route	84 :  104 604 377 443 943 877 100 600
Route	85 :  176 83 676 356 583 477 856 977 204 704
Route	86 :  171 671 199 15 515 699
Route	87 :  10 114 47 244 744 614 547 483 510 983
Route	88 :  311 54 811 370 554 421 168 870 921 668
Route	89 :  417 492 917 324 992 382 824 882
Route	90 :  294 186 794 686 146 140 640 646 236 736
Route	91 :  32 71 532 571 110 610
Route	92 :  271 221 771 721 450 11 950 511
Route	93 :  403 903 341 5 344 841 505 844
Route	94 :  367 485 867 205 460 985 960 705
Route	95 :  452 164 217 952 717 664
Route	96 :  436 456 366 936 59 866 956 559
Route	97 :  181 486 681 190 986 319 690 819
Route	98 :  414 914 383 883 74 433 574 933
Route	99 :  1 501 75 448 575 948 240 740
Route	100 :  45 545 462 24 387 962 524 887 428 928
Route	101 :  82 582 228 84 728 584 41 90 541 590
Route	102 :  201 214 29 701 529 8 714 508 479 979
Route	103 :  189 464 278 778 293 498 964 998 793 689
Route	104 :  390 408 908 890 488 466 988 966
Route	105 :  411 372 911 67 872 206 426 926 567 706
Route	106 :  50 306 550 131 806 30 530 631
Route	107 :  348 196 848 432 932 291 696 70 570 791
Route	108 :  474 429 226 929 726 316 974 816
Route	109 :  43 52 543 342 842 413 913 552 468 968
Route	110 :  384 884 161 147 647 34 661 534 481 981
Route	111 :  365 230 441 865 730 941 449 401 949 901
Route	112 :  51 305 276 551 776 409 805 909
Route	113 :  120 187 37 66 537 415 620 915 566 215 687 715
Route	114 :  180 307 680 315 815 434 807 347 934 847
Route	115 :  277 177 777 677 239 739
