Instance name:    ber-n4000-1
Authors:          Dmitriy Churilov (churilov@advantum.pro), Alexander Galko. Advantum Routing System (advantum.ru/route)
Date:             2025-04-02
Reference:        Advantum Routing System, advantum.ru/route
Solution
Route 1 : 1040 1709 1209 3709 3040 1088 3209 246 3088 2246
Route 2 : 628 934 112 2934 125 1552 2112 3552 2125 2628
Route 3 : 264 783 2264 1511 3511 1296 85 3296 2783 2085
Route 4 : 106 925 2925 2106 1113 265 3113 2265
Route 5 : 1214 1636 3214 1432 3636 3432 1561 3561
Route 6 : 1289 1267 3289 127 2127 3267 1626 3626
Route 7 : 463 2463 1144 711 533 2533 2711 3144
Route 8 : 1732 1536 3732 3536 1008 323 3008 2323
Route 9 : 1265 1818 3265 1631 3818 3631 100 2100
Route 10 : 1866 1391 121 3391 1852 2121 3852 3866
Route 11 : 262 1328 1806 872 3328 3806 2872 2262
Route 12 : 294 1326 3326 14 2294 1231 2014 3231
Route 13 : 506 518 2506 1778 1897 3778 2518 3897
Route 14 : 953 1354 3354 1878 3878 1745 3745 2953
Route 15 : 341 642 986 1205 2642 2986 3205 2341
Route 16 : 1103 3103 1625 1574 1534 3625 3574 3534
Route 17 : 683 1963 2683 3963 238 138 2238 2138
Route 18 : 668 1488 1060 3060 3488 520 2520 2668
Route 19 : 1409 318 3409 2318 863 221 2863 2221
Route 20 : 1226 1012 3226 3012 17 1508 2017 3508
Route 21 : 58 965 2965 2058 1348 312 2312 3348
Route 22 : 1553 830 3553 1392 2830 915 2915 3392
Route 23 : 672 2672 226 862 1582 3582 2862 2226
Route 24 : 1477 1382 3477 1356 766 3382 2766 3356
Route 25 : 1162 1677 1437 3677 3162 1644 3437 3644
Route 26 : 698 2698 1529 1465 3529 60 3465 2060
Route 27 : 1097 866 1202 2866 779 2779 3202 3097
Route 28 : 1556 734 787 1168 3556 3168 2787 2734
Route 29 : 592 2592 1371 1546 3371 1551 3551 3546
Route 30 : 434 2434 1149 288 1051 2288 3149 3051
Route 31 : 377 1284 3284 2377 1955 1944 3955 3944
Route 32 : 1282 980 1200 1235 2980 3200 3235 3282
Route 33 : 1021 3021 1603 1297 3603 1907 3907 3297
Route 34 : 985 2985 354 714 1106 2354 2714 3106
Route 35 : 616 2616 1019 96 3019 2096 1373 3373
Route 36 : 202 2202 279 1295 1030 2279 3295 3030
Route 37 : 1256 1230 3230 3256 1611 1961 3961 3611
Route 38 : 369 761 1074 2761 3074 2369 1817 3817
Route 39 : 1696 453 2453 3696 1368 1940 3368 3940
Route 40 : 1197 54 2054 1095 3197 1775 3775 3095
Route 41 : 1365 1825 3365 1816 3825 1921 3816 3921
Route 42 : 993 754 2754 2993 846 926 2926 2846
Route 43 : 1988 531 2531 3988 1650 3650 1372 3372
Route 44 : 1227 1169 1092 422 3169 3092 2422 3227
Route 45 : 1027 638 3027 1587 2638 1185 3587 3185
Route 46 : 1447 3447 34 413 2034 583 2413 2583
Route 47 : 117 2117 855 763 316 2855 2763 2316
Route 48 : 374 2374 712 5 1708 2005 2712 3708
Route 49 : 961 2961 1064 1901 24 3901 3064 2024
Route 50 : 228 1024 3024 2228 122 931 2122 2931
Route 51 : 196 968 270 2270 2196 2968 546 2546
Route 52 : 802 884 1773 2884 806 3773 2802 2806
Route 53 : 1118 349 3118 464 2349 1821 2464 3821
Route 54 : 1985 1117 3985 195 3117 2195 1604 3604
Route 55 : 656 71 678 2071 2678 1404 3404 2656
Route 56 : 62 2062 1450 1808 3808 3450 333 2333
Route 57 : 259 236 2259 987 2236 2987 243 2243
Route 58 : 1480 437 1490 2437 3490 3480 1703 3703
Route 59 : 362 942 2942 658 2362 722 2658 2722
Route 60 : 269 867 214 2214 2867 1714 2269 3714
Route 61 : 995 111 554 2995 2111 357 2554 2357
Route 62 : 1512 1881 3881 466 2466 179 2179 3512
Route 63 : 655 2655 50 292 2050 2292
Route 64 : 1225 468 3225 2468 1951 97 3951 2097
Route 65 : 673 25 962 2025 2962 2673 1848 3848
Route 66 : 30 2030 1638 3638 227 6 2227 2006
Route 67 : 916 2916 469 979 1347 2979 2469 3347
Route 68 : 1596 1120 3120 3596 1492 3492 441 2441
Route 69 : 576 2576 550 1156 1835 2550 3156 3835
Route 70 : 1108 958 3108 2958 1228 1986 3228 3986
Route 71 : 1110 695 3110 948 231 2695 2948 2231
Route 72 : 918 1478 1730 2918 3478 3730 1820 3820
Route 73 : 1121 922 3121 1101 1090 2922 3101 3090
Route 74 : 532 579 2579 978 2532 1249 3249 2978
Route 75 : 1581 1268 1122 3581 1183 3122 3183 3268
Route 76 : 1033 1045 3033 3045 1317 1417 3317 3417
Route 77 : 159 756 2756 2159 1355 1454 3355 3454
Route 78 : 1361 245 1707 3707 2245 3361 1992 3992
Route 79 : 9 1858 395 624 2395 2624 2009 3858
Route 80 : 1420 1999 630 2630 3999 1937 3937 3420
Route 81 : 1702 3702 1085 1868 938 3868 3085 2938
Route 82 : 208 157 2208 2157 215 390 2390 2215
Route 83 : 1913 1264 3264 3913 1463 1590 3463 3590
Route 84 : 896 1746 626 3746 2626 2896 1645 3645
Route 85 : 1496 1545 1753 3496 3545 3753 1850 3850
Route 86 : 1332 1615 617 3332 2617 1559 3559 3615
Route 87 : 1288 1252 401 971 2971 2401 3288 3252
Route 88 : 1879 3879 1203 3203 178 1135 3135 2178
Route 89 : 450 2450 476 615 992 2476 2615 2992
Route 90 : 1904 1683 3904 3683 720 865 2720 2865
Route 91 : 1192 3192 519 868 747 2519 2868 2747
Route 92 : 88 669 368 2669 2088 2368 1824 3824
Route 93 : 407 2407 632 676 1086 2676 3086 2632
Route 94 : 385 300 732 2385 2300 1652 2732 3652
Route 95 : 1663 1918 521 2521 280 3918 3663 2280
Route 96 : 809 241 1475 1220 2241 3475 3220 2809
Route 97 : 600 2600 1813 1126 605 3126 3813 2605
Route 98 : 552 2552 621 2621 740 981 2740 2981
Route 99 : 1379 3379 708 1293 191 3293 2708 2191
Route 100 : 1743 821 2821 3743 51 796 2796 2051
Route 101 : 139 2139 175 1898 425 2425 2175 3898
Route 102 : 272 1600 1716 2272 3600 3716 1616 3616
Route 103 : 602 2602 220 76 671 2220 2671 2076
Route 104 : 1269 3269 168 65 2168 2065
Route 105 : 911 1863 2911 3863 1640 1550 3640 3550
Route 106 : 419 2419 1698 3698 107 814 2814 2107
Route 107 : 607 1270 2607 3270 46 902 2902 2046
Route 108 : 889 2889 1860 1829 1199 3829 3860 3199
Route 109 : 1378 3378 601 662 203 2601 2662 2203
Route 110 : 1520 1926 3520 3926 660 2660 637 2637
Route 111 : 174 2174 1303 405 3303 90 2405 2090
Route 112 : 171 2171 1701 1991 1849 3701 3849 3991
Route 113 : 1769 1422 3769 1715 3422 3715
Route 114 : 234 1747 2234 1938 3747 3938
Route 115 : 838 193 2193 2838 1839 3839
Route 116 : 1891 1659 1573 3573 3891 3659
Route 117 : 1449 1851 3449 1150 3851 3150
Route 118 : 1160 733 1441 3160 2733 3441
Route 119 : 1579 3579 1685 1586 3586 3685
Route 120 : 1170 1899 1882 3899 3882 3170
Route 121 : 1102 1518 3518 3102 1874 3874
Route 122 : 1261 648 3261 2648 1842 3842
Route 123 : 982 267 2982 1793 2267 3793
Route 124 : 1953 1689 3953 1754 3689 3754
Route 125 : 340 2340 1697 1481 3697 3481
Route 126 : 1476 1935 895 3935 2895 3476
Route 127 : 1500 1667 3500 1845 3667 3845
Route 128 : 1131 719 396 3131 2719 2396
Route 129 : 1736 3736 1337 1262 3262 3337
Route 130 : 1401 3401 513 211 2211 2513
Route 131 : 1980 1510 1374 3980 3510 3374
Route 132 : 1446 1930 1467 3930 3467 3446
Route 133 : 1653 1516 1522 3653 3522 3516
Route 134 : 1457 1219 3457 3219 1718 3718
Route 135 : 990 1608 939 2990 2939 3608
Route 136 : 1939 1464 3939 1493 3464 3493
Route 137 : 843 2843 1221 1057 3057 3221
Route 138 : 1107 1022 183 3107 2183 3022
Route 139 : 1717 3717 1968 1367 3968 3367
Route 140 : 1759 1605 3759 3605 1413 3413
Route 141 : 1128 1724 3128 3724 1445 3445
Route 142 : 1232 573 663 3232 2573 2663
Route 143 : 462 2000 1619 2462 3619 4000
Route 144 : 1726 13 996 3726 2996 2013
Route 145 : 1970 1620 3970 1592 3620 3592
Route 146 : 1340 1440 3340 1936 3440 3936
Route 147 : 1395 1389 3395 1629 3389 3629
Route 148 : 1025 604 68 2604 3025 2068
Route 149 : 1804 64 1335 3804 3335 2064
Route 150 : 888 718 1017 2888 2718 3017
Route 151 : 580 596 2580 1506 2596 3506
Route 152 : 1331 1104 3331 392 2392 3104
Route 153 : 104 2104 332 1186 52 3186 2332 2052
Route 154 : 1567 1175 1676 3567 3676 3175
Route 155 : 930 1396 1790 2930 3396 3790
Route 156 : 1671 3671 1243 408 581 2581 3243 2408
Route 157 : 1989 1370 308 3989 3370 2308
Route 158 : 286 505 257 2505 2257 2286
Route 159 : 397 564 881 2397 2564 2881
Route 160 : 851 2851 1438 3438 1287 3287
Route 161 : 482 559 2559 2482 647 2647
Route 162 : 1895 736 2 2002 2736 3895
Route 163 : 1035 1187 365 3187 3035 2365
Route 164 : 1675 3675 1054 255 3054 2255
Route 165 : 1588 3588 801 959 2959 2801
Route 166 : 1483 3483 130 348 1046 3046 2130 2348
Route 167 : 859 1720 2859 3720 536 608 2536 2608
Route 168 : 1246 897 2897 1688 3246 3688 1412 3412
Route 169 : 1627 1584 3627 3584 778 2778
Route 170 : 1554 610 1036 3554 2610 3036
Route 171 : 1078 1325 3078 1742 3742 3325 1278 3278
Route 172 : 543 613 1834 696 2543 2696 3834 2613
Route 173 : 1503 1833 1666 3503 3666 3833
Route 174 : 1983 1782 1648 3983 3782 3648 185 2185
Route 175 : 812 2812 1009 771 2771 3009
Route 176 : 956 2956 1158 794 158 2794 2158 3158
Route 177 : 1641 634 1341 1876 2634 3876 3341 3641
Route 178 : 765 2765 283 190 1925 2283 2190 3925 1212 3212
Route 179 : 1811 1664 3811 3664 501 2501
Route 180 : 817 494 1359 2494 3359 1912 2817 3912
Route 181 : 690 1191 808 2808 3191 2690 755 2755
Route 182 : 738 657 566 2738 2657 2566 1672 3672
Route 183 : 1691 1124 3691 1123 1403 3124 3123 3403
Route 184 : 1222 575 2575 3222 1956 3956
Route 185 : 571 2571 304 324 2304 665 2665 2324
Route 186 : 1528 1474 1377 3528 3474 3377 1525 3525
Route 187 : 768 706 1593 2706 2768 3593 1681 3681
Route 188 : 713 2713 455 791 2455 1048 2791 3048
Route 189 : 1632 1360 1828 3360 3828 3632
Route 190 : 1699 3699 570 143 93 2143 2570 2093
Route 191 : 803 870 2870 2803 1002 1486 3486 3002
Route 192 : 805 562 2805 1336 2562 1080 3336 3080
Route 193 : 1896 1346 1245 3346 3896 3245
Route 194 : 679 173 2173 2679 1065 792 2792 3065
Route 195 : 1364 1434 1843 3364 3434 3843
Route 196 : 1594 285 2285 3594 124 684 2684 2124
Route 197 : 497 2497 1654 1915 1548 3654 3548 3915
Route 198 : 361 229 885 2229 2885 1741 2361 3741
Route 199 : 1965 1883 1157 3965 3883 3157 95 2095
Route 200 : 1279 900 1755 2900 3279 3755 232 2232
Route 201 : 1531 1334 1397 3531 3334 3397
Route 202 : 874 2874 1684 1658 1597 3684 3597 3658
Route 203 : 994 320 2994 1657 2320 3657
Route 204 : 1796 254 2254 3796 1390 290 2290 3390
Route 205 : 1466 1744 3466 291 3744 2291
Route 206 : 1351 1433 1791 3433 3351 3791 832 2832
Route 207 : 1540 1423 3540 1893 3423 3893
Route 208 : 1330 1760 3760 436 3330 2436
Route 209 : 853 1038 379 2853 2379 3038 242 2242
Route 210 : 1272 3272 92 256 1308 2256 2092 3308
Route 211 : 403 2403 835 2835 955 1931 3931 2955
Route 212 : 1237 209 1311 654 2209 3311 2654 3237
Route 213 : 1498 3498 1406 903 1137 3406 3137 2903
Route 214 : 1795 860 2860 3795 251 485 2251 2485
Route 215 : 1728 1155 890 3155 3728 2890 53 2053
Route 216 : 47 1206 563 3206 1229 2563 3229 2047
Route 217 : 1948 1555 3948 3555 1642 3642
Route 218 : 823 850 2850 1864 2823 3864
Route 219 : 1788 3788 1993 1523 782 3993 3523 2782
Route 220 : 1399 1487 1357 3399 3357 3487
Route 221 : 1633 1805 3805 1443 3443 3633
Route 222 : 334 1630 3630 1595 381 3595 2381 2334
Route 223 : 1285 410 3285 1609 2410 3609
Route 224 : 1954 416 239 3954 2416 2239 1971 3971
Route 225 : 1767 1855 3767 893 3855 2893
Route 226 : 44 2044 1507 72 503 3507 2072 2503
Route 227 : 496 177 2496 2177 1837 3837 826 2826
Route 228 : 1748 3748 1651 3651 315 364 2364 2315
Route 229 : 1305 1138 360 3138 3305 2360
Route 230 : 1682 289 3682 188 2289 1224 2188 3224
Route 231 : 818 910 1656 2818 3656 1660 2910 3660
Route 232 : 1924 261 3924 1571 2261 3571
Route 233 : 1674 1884 1485 3884 3485 3674
Route 234 : 142 282 1435 2282 3435 1063 3063 2142
Route 235 : 1861 3861 627 1079 2627 3079
Route 236 : 517 1783 1885 3885 3783 1020 3020 2517
Route 237 : 40 989 2989 1680 3680 1419 3419 2040
Route 238 : 731 800 516 2800 2516 1624 2731 3624
Route 239 : 548 1932 18 2018 1872 3932 3872 2548
Route 240 : 1082 1789 3082 1098 3789 3098
Route 241 : 527 2527 1294 217 3294 301 2217 2301
Route 242 : 1731 144 2144 1976 3731 3976
Route 243 : 919 41 1015 2041 1154 3015 2919 3154
Route 244 : 1643 975 547 773 2975 3643 2547 2773
Route 245 : 101 11 1257 2011 625 3257 240 2240 2625 2101
Route 246 : 219 2219 1026 3026 133 928 2928 2133
Route 247 : 1384 1958 3384 1639 1489 3639 3958 3489
Route 248 : 577 350 2577 2350 1189 709 3189 2709
Route 249 : 899 2899 167 20 2167 311 2020 2311
Route 250 : 1777 1635 1873 716 3635 2716 3777 3873
Route 251 : 1764 3764 639 1236 475 2639 3236 2475
Route 252 : 75 1142 3142 1721 2075 1544 3721 3544
Route 253 : 758 1105 3105 2758 1190 490 3190 2490
Route 254 : 815 1959 3959 2815 730 2730 498 2498
Route 255 : 644 345 2644 1408 2345 1448 3408 3448
Route 256 : 1700 3700 1612 526 164 2526 3612 2164
Route 257 : 1058 3058 811 1251 2811 1647 3251 3647
Route 258 : 1814 1003 3814 3003 1613 3613
Route 259 : 378 1499 3499 2378 539 249 2249 2539
Route 260 : 1139 3139 1923 356 1198 3923 2356 3198
Route 261 : 973 1159 2973 1871 578 3871 3159 2578
Route 262 : 472 664 2472 181 2664 2181 1032 3032
Route 263 : 1560 1388 3560 1415 3415 3388 1807 3807
Route 264 : 780 2780 905 741 1215 2905 2741 3215
Route 265 : 1542 904 56 2056 3542 2904 1343 3343
Route 266 : 1241 1283 705 452 3283 2705 2452 3241
Route 267 : 775 2775 1161 967 702 3161 2967 2702
Route 268 : 295 2295 1248 643 3248 233 2643 750 2233 2750
Route 269 : 488 1301 2488 1179 3301 970 3179 2970
Route 270 : 1167 1141 3167 3141 1535 3535
Route 271 : 1333 1576 3333 3576 1902 3902
Route 272 : 1957 1565 1704 3704 3957 3565
Route 273 : 568 1857 2568 774 3857 710 2774 2710
Route 274 : 1253 1239 3253 3239 785 307 2785 2307
Route 275 : 525 2525 969 1083 742 2969 3083 2742
Route 276 : 1784 1810 1521 3521 3810 358 3784 2358
Route 277 : 1946 3946 1758 1785 3758 1398 3785 3398
Route 278 : 1840 3840 1247 335 1841 2335 3247 3841
Route 279 : 1363 406 2406 3363 873 2873 831 2831
Route 280 : 667 2667 1847 1601 3847 248 3601 2248
Route 281 : 37 134 135 2037 2135 2134 1949 3949
Route 282 : 1255 1180 879 1044 2879 3180 3044 3255
Route 283 : 589 2589 941 2941 480 271 2271 2480
Route 284 : 1920 302 3920 1173 2302 3173
Route 285 : 1867 3867 1013 1213 3213 3013
Route 286 : 574 87 284 2087 685 2574 2685 2284
Route 287 : 1164 1549 3164 1380 1513 3380 3513 3549
Route 288 : 1945 858 198 1352 3352 2858 2198 3945
Route 289 : 268 344 1091 3091 2268 2344 567 2567
Route 290 : 1530 443 3530 470 2443 132 2470 338 2132 2338
Route 291 : 723 128 2723 1315 2128 3315
Route 292 : 156 529 875 192 2529 2875 2192 2156
Route 293 : 1831 1177 3831 3177 400 153 2400 909 2153 2909
Route 294 : 983 1418 857 3418 2983 2857
Route 295 : 1802 640 1580 3802 2640 3580 418 2418
Route 296 : 145 645 829 2645 2145 2829
Route 297 : 1756 1470 1710 3756 3470 3710 412 2412
Route 298 : 1917 1194 1193 1112 3194 3112 3193 3917
Route 299 : 296 1515 2296 1277 917 3515 2917 3277
Route 300 : 1055 3055 1452 1621 3452 3621 1768 3768
Route 301 : 1099 411 3099 1502 2411 760 2760 3502
Route 302 : 63 597 2597 2063 943 163 2163 2943
Route 303 : 1737 458 3737 542 2542 2458 999 2999
Route 304 : 820 1473 21 319 2319 3473 2021 2820
Route 305 : 366 2366 1290 921 3290 343 2921 2343
Route 306 : 456 38 1043 2456 2038 3043
Route 307 : 636 212 2636 2212 1129 184 1140 3129 2184 3140
Route 308 : 113 944 2113 1134 1056 2944 3056 3134
Route 309 : 433 1497 2433 1649 3497 3649 409 2409
Route 310 : 561 99 123 2561 2099 2123 1854 3854
Route 311 : 1093 799 940 2799 2940 1566 3566 3093
Route 312 : 1455 1886 1324 1966 3324 3886 3966 3455
Route 313 : 558 1358 882 23 3358 2023 2882 2558
Route 314 : 694 1276 1606 3276 659 3606 2659 2694
Route 315 : 1723 1407 3723 3407 1178 165 3178 2165
Route 316 : 421 2421 194 2194 1258 807 3258 2807
Route 317 : 16 1570 1271 3570 3271 2016
Route 318 : 1799 1762 3762 1727 1905 3799 3727 3905
Route 319 : 1100 449 3100 2449 351 677 2351 2677
Route 320 : 1538 423 114 3538 2423 2114
Route 321 : 1618 1679 3618 3679 1240 474 2474 3240
Route 322 : 1385 767 3385 1471 2767 3471 1673 3673
Route 323 : 326 383 2326 1472 2383 3472 372 2372
Route 324 : 287 1244 82 2287 2082 3244 305 2305
Route 325 : 1822 1459 3459 3822 923 1115 3115 2923
Route 326 : 1304 1563 3304 3563 1393 471 2471 3393
Route 327 : 67 2067 201 1787 2201 182 2182 3787
Route 328 : 949 317 115 2949 2115 2317 176 2176
Route 329 : 329 1143 3143 2329 1109 504 3109 2504
Route 330 : 1766 1077 3766 769 3077 2769 1889 3889
Route 331 : 1381 1900 3381 3900 355 972 2972 2355
Route 332 : 170 1263 2170 3263 511 945 2945 2511
Route 333 : 1233 861 590 2861 3233 2590 1524 3524
Route 334 : 759 960 935 2935 841 2960 2759 2841
Route 335 : 1910 3910 237 147 2147 786 2237 2786
Route 336 : 15 2015 776 584 1053 2584 2776 3053
Route 337 : 98 1468 2098 833 3468 129 2129 2833
Route 338 : 260 582 454 603 2260 2582 2454 2603
Route 339 : 537 2537 1291 1234 789 3291 3234 2789
Route 340 : 274 1442 119 2119 3442 235 2274 2235
Route 341 : 1114 3114 977 314 2977 2314
Route 342 : 141 587 2141 2587 1242 444 3242 2444 1678 3678
Route 343 : 1116 1096 250 3116 3096 2250
Route 344 : 1316 429 225 346 2225 2346 2429 3316
Route 345 : 1369 1299 1794 588 3299 3794 2588 3369
Route 346 : 1998 721 3998 876 1444 2721 2876 3444
Route 347 : 951 28 2028 2951 1307 3307
Route 348 : 1801 1327 353 3327 3801 2353 1318 3318
Route 349 : 1130 1687 1752 3130 3687 3752
Route 350 : 1519 384 646 1428 2384 2646 3428 3519
Route 351 : 1300 1514 1350 3300 3514 3350 1505 3505
Route 352 : 1172 549 1981 3172 3981 2549
Route 353 : 1719 1941 1692 1740 3692 3740 3719 3941
Route 354 : 1572 898 1165 2898 3165 1706 3572 3706
Route 355 : 84 1792 1890 3890 3792 2084 55 2055
Route 356 : 729 1201 1073 3201 3073 2729
Route 357 : 1712 1543 3543 3712 1888 3888 653 2653
Route 358 : 1436 1087 3436 1869 692 3869 2692 3087
Route 359 : 1204 1599 1458 3204 1589 3599 3458 3589
Route 360 : 1670 3670 1323 1469 169 3323 3469 2169
Route 361 : 743 1068 1387 2743 3068 417 2417 3387
Route 362 : 594 1906 73 2594 3906 2073
Route 363 : 43 2043 1223 1517 534 3223 2534 3517
Route 364 : 1749 1342 3342 446 3749 2446
Route 365 : 1217 728 2728 3217 1894 3894
Route 366 : 1188 641 2641 3188 1460 682 3460 2682
Route 367 : 500 213 2500 120 2213 493 2493 2120
Route 368 : 836 1509 303 1070 2836 2303 3070 3509
Route 369 : 1410 1844 3410 3844 48 45 2048 2045
Route 370 : 207 36 2036 386 244 2244 2207 2386
Route 371 : 1962 1501 3962 1781 3501 3781
Route 372 : 1634 1274 465 3634 1176 2465 3176 3274
Route 373 : 1052 387 3052 61 442 2061 2442 2387
Route 374 : 69 715 1911 1774 2069 3911 2715 3774
Route 375 : 352 764 2764 2352 1376 3376 813 2813
Route 376 : 86 724 1416 2086 623 3416 2623 2724
Route 377 : 460 1763 535 205 3763 2535 2205 2460
Route 378 : 614 824 2824 2614 451 1978 3978 2451
Route 379 : 266 66 2066 1424 1018 3424 3018 2266
Route 380 : 1338 10 3338 1439 2010 3439
Route 381 : 635 2635 788 650 2788 2650 1722 3722
Route 382 : 27 426 2426 2027 515 2515
Route 383 : 725 2725 622 1211 964 2964 3211 2622
Route 384 : 1977 330 155 2155 2330 3977
Route 385 : 1950 3950 1163 845 3163 848 2845 2848
Route 386 : 772 1071 707 2772 3071 2707 1823 3823
Route 387 : 375 619 2375 2619 1145 3145
Route 388 : 1779 1637 1049 3779 3637 3049
Route 389 : 491 1259 31 2491 2031 3259 1569 3569
Route 390 : 325 822 1184 131 2325 3184 2131 2822
Route 391 : 1133 844 102 2844 3133 388 2102 2388
Route 392 : 585 2585 367 2367 839 218 2839 2218
Route 393 : 524 1273 2524 810 908 2810 2908 3273
Route 394 : 1690 3690 612 1617 12 2612 3617 2012
Route 395 : 878 258 609 2258 2878 2609
Route 396 : 1694 661 3694 2661 1210 544 2544 3210
Route 397 : 1838 275 49 2275 681 2049 3838 2681
Route 398 : 105 907 281 2105 2281 545 2907 2545
Route 399 : 522 2522 727 1250 1537 2727 3250 3537
Route 400 : 757 2757 1146 1067 247 3146 3067 2247
Route 401 : 1533 1260 946 3533 2946 3260 1005 3005
Route 402 : 151 2151 834 871 752 2834 2752 2871
Route 403 : 1310 538 3310 483 347 2347 2483 2538
Route 404 : 1738 974 161 3738 2161 1729 2974 3729
Route 405 : 883 2883 512 136 2512 2136 1076 3076
Route 406 : 1933 1751 3933 3751 276 81 2276 2081
Route 407 : 1320 394 2394 1646 3320 3646 1827 3827
Route 408 : 1665 3665 487 1207 3207 2487
Route 409 : 1494 1973 3973 1089 3089 912 2912 273 3494 2273
Route 410 : 1039 3039 402 19 2402 2019 22 2022
Route 411 : 1414 1429 3429 3414 1286 3286
Route 412 : 148 1007 3007 553 91 2148 2553 2091
Route 413 : 599 1947 3947 2599 1564 197 3564 2197
Route 414 : 840 32 2032 2840 523 313 2523 2313
Route 415 : 1952 3952 1 798 371 2001 2798 2371
Route 416 : 1974 382 804 2382 3974 2804 1922 3922
Route 417 : 1375 3375 1147 701 2701 3147
Route 418 : 892 70 1275 2070 2892 3275 137 2137
Route 419 : 593 827 2827 2593 162 2162 670 2670
Route 420 : 1943 906 726 2726 2906 3943
Route 421 : 278 1075 1862 3862 1994 3994 3075 2278
Route 422 : 1302 3302 551 414 39 2551 2414 2039
Route 423 : 448 1306 2448 3306 359 2359
Route 424 : 1669 1750 828 3750 3669 2828 363 2363
Route 425 : 689 1914 1345 2689 3914 3345 966 2966
Route 426 : 700 1383 2700 3383 160 438 2438 2160
Route 427 : 936 1598 3598 2936 1776 1661 3661 3776
Route 428 : 744 1662 1132 3662 3132 149 2149 2744
Route 429 : 1880 1865 3880 1208 440 3865 2440 3208
Route 430 : 1826 957 540 1280 3826 2540 3280 2957
Route 431 : 737 2737 1713 1602 869 2869 3713 3602
Route 432 : 1964 952 3964 1532 2952 3532
Route 433 : 1136 1856 1174 3136 3856 1578 3174 3578
Route 434 : 1028 1929 3028 1339 3929 3339
Route 435 : 1668 222 2222 1491 3668 1984 3491 3984
Route 436 : 186 2186 1411 1803 3411 3803
Route 437 : 486 1526 2486 1892 3526 3892
Route 438 : 793 631 1061 1218 2631 3061 3218 2793
Route 439 : 595 1125 2595 3125 339 2339
Route 440 : 877 674 2674 322 2877 1029 2322 3029
Route 441 : 389 2389 1329 1934 3329 3934
Route 442 : 1982 886 2886 1733 3982 1655 3733 3655
Route 443 : 1568 1969 1770 1614 3770 3568 3614 3969
Route 444 : 1859 1394 3859 3394 1735 3735
Route 445 : 199 35 2035 2199 1495 3495
Route 446 : 606 2606 1153 1686 1001 3153 3686 3001
Route 447 : 370 2370 1023 988 572 3023 2988 2572
Route 448 : 1366 816 2816 3366 7 530 2530 2007
Route 449 : 1292 3292 79 2079 1541 94 2094 3541
Route 450 : 1050 427 380 3050 2427 2380 200 2200
Route 451 : 717 478 1819 2717 2478 1081 3819 3081
Route 452 : 1066 825 3066 1875 2825 3875 1846 3846
Route 453 : 59 204 2204 2059 477 591 2477 2591
Route 454 : 1887 3887 937 484 2937 762 2484 2762
Route 455 : 431 1069 3069 2431 1479 797 2797 3479
Route 456 : 1610 3610 1942 1916 432 3942 3916 2432
Route 457 : 1111 461 224 1281 2461 2224 3111 3281
Route 458 : 1431 1739 3431 3739 1761 1000 3761 3000
Route 459 : 1461 1693 1725 3461 3693 3725
Route 460 : 1041 3041 1995 998 3995 2998
Route 461 : 109 560 2560 2109 373 1557 2373 3557
Route 462 : 103 852 704 2103 2852 1997 2704 3997
Route 463 : 1771 3771 1427 1484 3427 1042 3484 3042
Route 464 : 1623 842 3623 1797 2842 3797 1786 3786
Route 465 : 598 1695 2598 746 3695 2746
Route 466 : 126 1314 3314 2126 1462 1987 3987 3462
Route 467 : 649 337 2649 1426 2337 1607 3426 3607
Route 468 : 586 2586 33 447 2447 2033 1967 3967
Route 469 : 297 1362 1979 2297 1319 3979 3362 3319
Route 470 : 1908 8 1386 3908 2008 3386 1585 3585
Route 471 : 306 2306 1322 751 1765 3322 3765 2751
Route 472 : 790 1798 1812 3798 1151 3812 3151 2790
Route 473 : 1254 420 2420 1421 298 3254 3421 2298
Route 474 : 735 459 299 2459 2299 864 2735 2864
Route 475 : 1119 686 3119 223 2686 1196 2223 3196
Route 476 : 166 1094 891 2166 2891 3094
Route 477 : 856 569 2856 77 2569 950 2077 2950
Route 478 : 618 2618 1975 541 3975 2541 1014 3014
Route 479 : 80 687 914 2687 2914 2080
Route 480 : 880 1909 3909 1711 1996 3996 3711 2880
Route 481 : 430 2430 495 457 2495 428 2457 2428
Route 482 : 1800 932 795 3800 2932 2795 1010 3010
Route 483 : 3 2003 691 2691 1622 3622 753 1047 2753 3047
Route 484 : 557 2557 680 78 2078 2680 927 2927
Route 485 : 1757 699 3757 2699 1990 3990
Route 486 : 784 2784 693 154 2154 2693 509 2509
Route 487 : 739 514 2514 2739 1830 1453 3830 3453
Route 488 : 1166 611 2611 3166 1836 1349 3836 3349
Route 489 : 997 57 1171 2997 2057 3171 110 2110
Route 490 : 565 2565 1238 629 189 3238 2629 2189
Route 491 : 633 42 1527 1928 2042 3527 3928 2633
Route 492 : 1903 1705 3705 309 376 2309 2376 3903
Route 493 : 393 2393 901 2901 1870 391 2391 3870
Route 494 : 230 1539 2230 1425 3425 3539 1772 3772
Route 495 : 954 1181 331 3181 2331 1456 2954 3456
Route 496 : 1575 1927 3575 528 3927 1562 2528 3562
Route 497 : 4 336 2336 2004 1815 3815 1266 3266
Route 498 : 1591 770 1037 507 2770 3037 2507 3591
Route 499 : 499 913 424 2499 253 2913 2424 2253
Route 500 : 1877 3877 1006 703 3006 2703 984 2984
Route 501 : 1344 1402 1853 3344 3853 1583 3402 3583
Route 502 : 1062 327 3062 2327 1558 1504 3558 3504
Route 503 : 1919 1195 3919 3195 849 1216 2849 3216
Route 504 : 651 116 2116 1628 2651 1482 3628 3482
Route 505 : 293 2293 1405 1353 3405 3353 675 2675
Route 506 : 688 252 467 2467 1298 2252 3298 2688
Route 507 : 210 1312 2210 3312 1972 749 2749 3972
Route 508 : 1400 108 3400 2108 321 2321 473 2473
Route 509 : 963 847 2847 172 150 2150 2172 1309 2963 3309
Route 510 : 502 1059 489 2502 3059 929 2929 2489
Route 511 : 1148 819 140 342 2342 2819 2140 3148
Route 512 : 399 118 2399 2118 556 933 2556 2933
Route 513 : 1960 3960 206 976 1127 2206 2976 3127
Route 514 : 328 263 2328 1577 492 3577 2492 2263
Route 515 : 216 2216 277 781 1832 2277 2781 3832
Route 516 : 1547 1182 1072 1809 3072 3547 3182 3809
Route 517 : 745 1016 83 2083 510 3016 2745 2510
Route 518 : 1011 3011 1430 924 398 3430 2398 2924
Route 519 : 481 555 920 2481 2920 1451 3451 2555
Route 520 : 1084 3084 415 439 2439 2415 26 2026
Route 521 : 666 697 2697 2666 1152 854 3152 2854
Route 522 : 1031 435 3031 2435 152 991 2991 2152
Route 523 : 837 445 310 2837 2310 2445 1780 3780
Route 524 : 479 620 2620 2479 1313 887 2887 3313
Route 525 : 89 1321 187 2187 3321 2089 508 2508
Route 526 : 1734 74 2074 1034 146 3034 2146 3734 947 2947
Route 527 : 777 180 2777 748 652 2748 2652 2180
Route 528 : 1004 3004 894 29 404 2894 2029 2404
