Instance name:	ber-n5000-6
Authors:		Carlo Sartori and Luciana Buriol
Date:			2019-2-11
Reference:		A matheuristic approach to the PDPTW (to be submitted)
Solution
Route 1 : 1593 4093 1977 106 2086 4586 4477 1243 3743 2606 2012 782 1671 4512 1026 546 3282 3526 3046 1198 3698 1464 4171 2432 3964 515 11 1735 2511 632 3132 4932 3015 4235
Route 2 : 2047 4547 1296 568 3796 1818 2171 3068 4318 2427 4671 587 3087 432 1286 2932 1139 3786 4927 1290 655 3639 1524 3790 2257 3155 149 4024 4757 2649
Route 3 : 2162 532 4662 3032 2219 763 4719 1860 4360 714 3263 3214 1240 1913 1968 3740 4468 4413 2414 989 4914 3489 1454 1796 1466 4296 1536 3954 3966 470 4036 1635 2970 567 4135 3067
Route 4 : 365 209 2252 2468 2709 4968 2031 4752 2865 968 4531 3468 1605 748 4105 3248 253 2753 1322 2497 3822 260 2760 1859 649 1167 4997 3149 1973 3667 4473 4359
Route 5 : 1149 1423 3649 1928 3923 2208 4428 2038 238 244 4708 2738 1111 2744 12 4538 553 3611 1615 4115 1683 3053 961 4183 348 3461 1952 4452 2848 1916 542 4416 2512 3042
Route 6 : 2096 1640 1025 4596 717 172 4140 3217 2419 4919 459 2134 2672 2959 1996 4634 4496 1330 3525 2025 4525 1228 3728 3830 746 161 3246 653 2661 3153 108 1501 2608 4001
Route 7 : 2493 68 4993 2474 2090 4590 1492 1726 3992 4974 1062 4226 3562 1113 2426 3613 2568 816 1136 3316 3636 2397 435 1004 3504 4926 1170 3670 2935 4897
Route 8 : 1264 1484 451 2951 2253 3984 3764 2200 578 4700 428 4753 2928 436 1547 1646 2936 4146 4047 3078 2308 1926 2009 4509 4426 1213 3713 4808
Route 9 : 1081 2239 1282 3782 4739 1698 4198 3581 755 770 2088 4588 3270 3255 2035 2282 4782 4535 1117 401 3617 1418 3918 2185 2901 4685 2268 2070 4768 2173 4570 1708 4673 4208
Route 10 : 1959 4459 331 1618 1318 2831 378 4118 473 242 2742 1317 2973 2878 3818 2313 3817 2362 4813 154 4862 239 1830 2654 1137 2739 4330 2460 3637 4960 1641 4141
Route 11 : 1018 683 3518 1451 3951 499 3183 2999 2241 1630 2277 4130 4741 1266 3766 1366 3866 988 3488 1250 4777 894 3750 1688 3394 2250 4188 1253 3753 4750
Route 12 : 148 2336 906 2648 1383 3883 4836 2033 1811 42 4533 794 2542 3294 114 1989 4311 1029 4489 3406 2614 831 3331 1475 3529 935 1583 3975 4083 3435
Route 13 : 1172 863 2443 1538 4943 313 3363 2813 295 2795 604 1541 4038 3104 4041 1462 1384 3962 3672 1353 1554 3884 3853 4054 982 166 3482 2092 1813 4592 4313 2666
Route 14 : 381 809 3309 1747 4247 298 2881 2398 2798 1598 1504 4898 4004 4098 710 544 1597 3210 4097 1930 4430 1473 3044 2463 3973 926 1575 332 4075 2483 4983 4963 2832 3426
Route 15 : 20 1866 1101 2520 3601 135 4366 2080 2635 911 4580 84 857 3411 3357 2584 2168 92 1083 3583 4668 1096 2592 3596 301 1392 1337 2801 640 3892 3140 3837
Route 16 : 8 1440 3940 1121 2508 869 1119 3619 1550 3369 3621 512 1046 3546 3012 4050 537 2312 3037 4812 2384 1699 2335 4835 4884 466 983 2966 399 4199 3483 1345 261 2899 2761 3845
Route 17 : 1468 71 3968 2271 1739 4239 4771 1592 4092 2571 552 2064 3052 4564 2016 4516 1972 487 2244 2987 2091 4744 4591 1729 1114 4472 2475 3614 281 4975 4229 2781
Route 18 : 2211 481 4711 2981 274 1227 1649 2774 1896 4149 2021 4396 4521 101 52 3727 796 2552 379 3296 2879 1439 1073 2601 3939 1107 2190 3607 3573 1406 4690 3906
Route 19 : 140 1561 923 4061 1631 3423 4131 1195 2433 2640 2141 3695 162 2662 4933 933 787 3287 4641 2410 109 265 2609 2765 346 3433 4910 90 2590 2846
Route 20 : 2278 53 2553 1023 1016 4778 2124 3516 1525 4025 4624 3523 771 1933 4433 173 953 3271 2673 2055 3453 4555
Route 21 : 1660 4160 1260 1154 1532 4032 225 3760 2725 354 1291 3654 3791 1147 2854 1281 661 3647 2364 4864 386 3161 1681 3781 2886 4181 1352 778 3852 1032 3278 3532
Route 22 : 1921 2375 247 4875 4421 2371 4871 33 2533 2140 2747 1236 4640 1659 4159 3736 729 572 645 145 3072 3145 2645 3229 2233 2157 4733 1187 4657 323 2823 3687
Route 23 : 2214 2024 4524 4714 1578 1620 4078 4120 672 48 538 3038 267 3172 2767 1608 2548 750 4108 2105 836 2365 3250 2499 4605 4865 1472 3972 3336 4999
Route 24 : 1159 1488 3988 2046 3659 110 2610 639 3139 4546 1682 1923 1033 736 3533 4182 195 4423 2695 3236 1080 1919 2456 3580 4419 2207 4956 4707
Route 25 : 1040 1271 3540 807 3771 1684 3307 99 4184 1573 4073 408 1900 502 2599 56 896 3002 2556 2908 4400 1533 294 4033 1469 2794 3969 3396
Route 26 : 233 458 2733 2958 146 811 2646 956 3456 2401 3311 1914 4414 1642 4901 1774 1014 4142 775 4274 696 3275 2442 1292 3514 4942 2272 3196 2165 3792 4665 4772
Route 27 : 511 862 363 2863 3362 3011 2368 1414 1125 4868 703 3203 3914 3625 1477 3977 1940 500 449 3000 1775 4440 1633 928 3428 1780 4280 2949 563 4133 4275 3063 1415 1716 3915 4216
Route 28 : 2240 1956 1581 1542 4740 2229 4081 4729 2076 4576 325 4042 4456 2825 1376 13 1329 3829 2513 258 3876 2758 1279 185 2685 3779 852 1852 3352 1745 4245 4352
Route 29 : 1109 1280 2437 4937 3780 64 2564 1074 3609 1628 3574 2390 2060 4890 4128 1572 769 4072 638 1697 3269 4560 1020 3520 3138 4197 73 779 2573 990 3279 3490 2107 4607
Route 30 : 460 2960 2262 4762 414 941 2914 1980 2400 3441 1112 4900 4480 1455 2321 3612 4821 2347 18 2518 3955 2112 4847 2334 4834 4612
Route 31 : 2387 2005 4887 1479 286 2786 4505 61 3979 1090 637 237 2561 213 3137 2737 137 2352 3590 2637 1319 4852 2713 1862 4362 2058 3819 1694 4194 1205 4558 3705
Route 32 : 1808 1802 477 724 2977 1490 3990 4302 1400 4308 3224 864 3900 2137 4637 2469 4969 2126 3364 1449 1063 2372 4626 985 3485 3949 2447 627 3563 1358 4872 4947 3127 3858
Route 33 : 1232 339 1225 3732 2839 753 585 3253 3725 2415 3085 866 791 4915 3366 541 3291 3041 1496 1837 4337 1092 3996 1614 4114 3592 735 3235
Route 34 : 2245 2176 4745 4676 2223 2465 4965 4723 6 2506 2269 905 167 3405 4769 2667 1503 700 4003 688 3200 3188 1722 1987 198 4222 4487 2698
Route 35 : 1861 2152 1066 1840 1013 3566 4340 4652 312 3513 2812 1931 1399 2333 4361 1917 3899 4417 4833 4431 116 2616 1460 3960 981 1552 3481 55 4052 870 3370 2555
Route 36 : 1168 633 1297 3668 1270 3797 3770 3133 202 1549 2702 1713 4049 2399 4213 1514 4899 1995 1624 37 4014 2537 4124 2438 1787 4495 1124 4938 3624 4287 1071 130 3571 2630
Route 37 : 22 2303 1812 4312 337 2522 1582 4803 2837 2441 4941 4082 1918 1652 2260 4418 4152 2255 4760 1043 751 3251 3543 409 4755 160 2909 2340 2288 2660 697 4788 4840 3197
Route 38 : 1915 2220 4720 1143 539 3039 3643 1301 4415 3801 2108 1200 1679 3700 1712 4179 4608 1241 1437 3937 179 4212 3741 2679 207 832 3332 85 2707 2585
Route 39 : 1505 1769 4005 963 4269 1485 2300 815 3315 3985 4800 3463 859 3359 429 1519 2929 4019 2170 1994 4670 123 4494 2623 1606 704 3204 4106
Route 40 : 1085 3585 1274 79 2579 440 917 2258 3417 2940 3774 1740 2103 1513 4758 17 4603 2517 4013 1252 4240 2466 3752 1527 4966 2001 1233 4027 3733 441 4501 2941 531 3031
Route 41 : 622 1543 2275 3122 1229 2161 4043 3729 992 597 3492 4775 3097 1839 4339 4661 973 1999 3473 4499 2326 2225 722 4725 1838 4826 3222 264 4338 2764
Route 42 : 2477 659 577 2067 4567 3159 4977 529 1814 4314 3029 1880 1204 4380 2298 4798 464 3704 892 2964 3392 1259 582 3082 812 3077 3759 397 3312 1942 404 2897 4442 2276 2904 4776
Route 43 : 914 383 2367 4867 2883 2228 612 4728 2072 3414 3112 4572 1180 403 3680 2903 278 1936 282 4436 2782 442 1604 2778 165 838 3338 1380 4104 1299 3880 2942 3799 2665
Route 44 : 2385 2264 1644 4764 762 4885 543 58 698 4144 799 3262 3299 1710 4210 3043 224 3198 1379 2724 2291 2558 3879 4791 1888 2317 808 29 4388 3308 2083 4817 2529 4583
Route 45 : 384 909 423 707 2923 2884 3207 830 2120 3409 1182 1269 3330 3769 3682 124 4620 2624 996 673 3496 3173 2095 654 1938 4595 4438 276 2776 3154 1876 190 4376 2690
Route 46 : 556 1647 227 3056 1903 4147 2149 2727 4649 937 2234 1937 4734 3437 677 4403 119 3177 523 646 3146 3023 1171 3671 1725 4437 2619 1648 4148 4225 1070 3570
Route 47 : 576 3076 806 127 3306 2259 1328 2627 2428 1657 4928 2471 315 1045 4759 4157 3828 2815 405 3545 4971 2905 1428 1809 3928 4309 667 824 1626 4126 1834 3167 3324 4334
Route 48 : 311 685 3185 1885 2811 670 2263 3170 1576 4763 4385 1924 4076 4424 1545 1166 2473 3666 4973 4045 1566 741 1863 4066 1293 628 4363 3241 3128 1453 595 3095 3793 3953
Route 49 : 83 406 2583 2464 2906 2085 4964 557 4585 2020 3057 117 1061 4520 2617 668 1277 3561 1397 3897 3777 24 3168 1239 630 498 2524 1805 3739 4305 2026 3130 4526 2998
Route 50 : 15 2515 2297 1755 4797 234 4255 1799 1411 4299 1470 2734 3970 2123 1557 4623 1302 4057 2379 3911 4879 3802 1898 482 1405 3905 4398 686 842 3342 2982 3186
Route 51 : 847 2150 1467 4650 3347 1516 1176 3967 3676 4016 307 1436 565 3936 486 216 2716 1022 2986 2807 3065 3522 680 984 887 3484 3180 293 3387 2793
Route 52 : 1941 1957 193 2693 4441 4457 621 1391 3121 995 3891 3495 1622 287 1803 4122 1693 4193 4303 1731 2194 4231 86 1580 4694 2787 2586 4080 823 1670 4170 3323
Route 53 : 594 3094 788 2360 643 4860 3143 394 2 2502 3288 2894 2338 1821 34 2534 396 4838 2896 650 4321 494 3150 2994 606 3106
Route 54 : 2316 88 2106 4816 2588 2374 1658 4874 1419 4606 679 877 3377 4158 3919 2373 3179 641 4873 1407 3141 709 3907 371 705 3205 2871 800 1309 3209 3300 3809
Route 55 : 913 2218 3413 726 1160 4718 3660 1498 3226 263 3998 1778 1065 3565 4278 2763 426 2926 1638 676 651 3176 4138 2425 3151 871 3371 4925
Route 56 : 752 1354 3252 1327 3854 526 226 3827 1212 2726 3026 993 3493 1594 3712 2309 1760 4094 4260 4809 912 1908 3412 4408 2179 76 2576 4679 1736 4236 2202 4702
Route 57 : 493 1401 1757 3901 1371 3871 4257 2993 400 235 2900 204 2735 1360 231 2731 2148 3860 2704 4648 2325 372 4825 665 1445 2261 3165 3945 2872 1478 967 3978 4761 3467
Route 58 : 91 200 629 2591 3129 2227 4727 1781 2700 1196 1019 3696 4281 1732 4232 1990 3519 879 2339 4490 4839 613 439 2939 479 2979 1815 3379 3113 370 2870 4315
Route 59 : 1905 932 4405 1438 3432 1008 3938 3508 60 1979 2560 1878 1965 4378 969 1342 4465 4479 1841 1312 3842 4341 1762 3812 4262 1617 4117 1967 4467 3469
Route 60 : 1218 1823 625 3125 4323 2050 4550 1507 3718 4007 1056 810 3310 2248 3556 1912 4748 1822 4412 1537 764 4037 4322 3264 1207 1482 3982 3707 465 2188 2965 4688
Route 61 : 930 560 1765 3060 1372 3872 3430 259 1087 4265 2079 3587 2131 4631 4579 635 2759 447 2947 3135 89 240 2314 4814 2589 80 2740 2580
Route 62 : 716 2388 853 3216 1441 1326 3353 4888 3826 3941 958 1749 4249 1054 3554 1064 3564 2081 3458 2109 1948 2337 4609 4837 1100 4448 4581 1835 2061 4335 4561 3600
Route 63 : 1152 592 519 3652 1289 2380 3789 4880 3019 3092 157 1801 2657 1409 4301 1922 273 3909 506 3006 2039 2254 4539 4422 2773 4754
Route 64 : 706 1144 920 1323 3644 1095 3420 2406 3206 3823 3595 4906 536 121 3036 180 2393 2621 2680 4893 880 1027 1416 2013 3916 3527 1569 4069 3380 4513 2186 4686
Route 65 : 1042 3542 361 2057 4557 1153 2861 570 3070 1135 3653 1711 1827 3635 2346 374 4846 4211 4327 947 2874 3447 362 2862
Route 66 : 1751 4251 601 1079 212 3101 1215 3715 952 3452 3579 2712 218 2003 4503 2718 873 936 3436 3373 2494 954 3454 4994 1771 4271
Route 67 : 1753 2416 4916 918 3418 4253 360 1359 316 3859 2386 2860 2816 4886 1370 3870 1907 907 356 2856 4407 3407
Route 68 : 317 1869 2817 1792 872 826 4292 882 4369 721 3372 3382 3326 3221 1909 776 3276 4409 243 1586 2448 4086 2743 4948 431 2101 2931 4601
Route 69 : 1471 2212 1947 571 3071 4712 3971 4447 1746 1512 1761 4246 4261 1772 4012 1263 3763 1976 4476 1910 4410 4272 527 1068 3027 2289 4789 3568
Route 70 : 561 591 3061 103 395 893 2895 3091 2603 3393 2062 503 728 3003 2051 4551 4562 3228 1737 761 1363 3863 4237 3261 804 2082 4582 3304
Route 71 : 2147 620 4647 1053 3120 343 2843 1304 2210 3553 619 223 182 3804 1894 4710 2682 3119 4394 2723 1272 773 3273 2052 3772 971 4552 1985 3471 4485
Route 72 : 609 1828 3109 4328 528 895 3395 3028 2391 551 2247 759 4891 1134 4747 3051 1767 648 3259 3148 3634 2423 4267 1386 4923 2482 1148 4982 1191 3691 3886 324 3648 2824
Route 73 : 44 2068 1003 4568 2354 2544 3503 4854 701 415 450 3201 885 2915 2950 3385 1129 3629 1590 2236 4736 4090 517 3017 387 2887
Route 74 : 2378 4878 931 3431 1116 358 2002 4502 2858 1138 3616 1854 1249 3749 4354 624 3638 488 2988 1833 844 3124 3344 739 3239 4333 1653 1634 4153 1245 4134 3745
Route 75 : 1450 2022 3950 1826 1609 4326 4522 740 471 4109 940 3440 2971 413 3240 1285 341 3785 593 3093 2913 674 2841 854 3354 616 3116 3174
Route 76 : 1128 573 3073 957 3628 747 3247 3457 1429 690 723 3929 2232 4732 3223 596 3190 999 376 3096 1782 349 3499 2849 424 970 2876 2924 359 2859 1432 3932 3470 4282
Route 77 : 1992 485 4492 2407 2985 821 4907 1568 3321 4068 133 789 1535 2633 437 3289 2357 4857 2937 1110 1220 3720 82 3610 1089 2582 422 3589 4035 2922
Route 78 : 1273 719 3773 3219 1072 1793 4293 322 3572 1993 2822 32 4493 1403 1603 4103 3903 2532 1662 1691 2480 4162 1193 4980 4191 1500 3693 4000
Route 79 : 1375 2496 1645 4996 1162 599 3875 4145 3662 1238 3738 3099 289 120 1556 2620 929 2789 4056 829 3429 1444 2472 3944 3329 256 2756 4972
Route 80 : 2491 115 385 2028 4528 2615 1489 4991 1012 3512 3989 1059 2885 2178 4678 478 2978 3559 2118 772 4618 1868 3272 489 2989 4368
Route 81 : 1355 3855 922 732 3232 3422 1094 1867 4367 3594 943 1704 4204 3443 1463 430 657 1666 3963 1889 3157 2930 4166 1103 4389 1982 321 3603 559 3059 2821 4482
Route 82 : 2146 280 976 2780 533 3033 4646 3476 642 900 3142 1424 21 3924 2151 3400 398 801 3301 693 1011 2521 3511 3193 1336 2898 4651 3836 939 3439 682 3182
Route 83 : 2048 1981 1831 4481 1067 4331 3567 2204 4548 1209 1316 4704 3709 3816 2132 614 3114 4632
Route 84 : 1494 163 3994 2663 1518 4018 2294 1714 2446 2363 4214 4794 1248 2307 4863 1849 3748 4946 196 1365 4349 1001 2696 4807 837 3501 3337 3865
Route 85 : 2265 660 1559 850 4765 3350 1703 4059 1084 3160 4203 1665 3584 712 720 4165 3212 521 97 2295 3220 2597 4795 3021 327 2230 2827 2301 4730 2115 4615 4801
Route 86 : 2128 1314 1058 3814 727 3558 4628 194 3227 2694 1123 1142 3623 3642 1836 1456 3956 141 2641 1434 2160 4336 2274 3934 310 23 2523 4774 681 3181 2810 1509 4009 4660
Route 87 : 2054 1680 2094 4180 1262 3762 4594 4554 1091 2476 1412 215 3591 4976 2715 2421 3912 1076 292 1969 2792 4921 2348 4469 3576 4848 652 1715 3152 1446 3946 4215
Route 88 : 1417 2053 2450 4950 4553 691 3917 128 2628 3191 1824 497 4324 306 2997 1810 2806 9 2509 4310 1820 4320 2383 4883 183 491 1060 3560 2683 2991 96 2596
Route 89 : 421 1927 2251 4427 4751 1727 1883 4227 2921 38 855 1338 4383 2538 1702 4202 1361 3838 2059 3355 3861 1156 4559 2049 3656 550 617 4549 134 3050 3117 2634
Route 90 : 1515 1321 2411 4015 2193 3821 4911 4693 1208 3708 344 2844 2322 1339 3839 586 3086 1975 1251 4822 874 4475 3751 3374
Route 91 : 1643 865 3365 2158 4143 1882 4658 574 2222 4722 3074 118 2618 1690 1686 4382 4186 4190 74 2440 4940 974 3474 2574 916 1733 4233 2280 3416 4780
Route 92 : 1832 1678 1189 4178 1548 3689 352 4048 4332 795 3295 2852 1672 4172 1077 1382 3577 730 3882 1553 3230 860 786 4053 3360 1283 1258 3286 575 881 3075 3381 3758 3783
Route 93 : 978 342 602 2842 1891 4391 1777 3102 3478 255 510 4277 2755 715 3010 814 3215 2114 3314 452 2952 781 1650 4614 4150 2402 4902 3281
Route 94 : 1126 1036 1728 4228 1623 3536 2117 4617 1954 300 3626 4123 588 3088 1819 1567 191 4067 4454 181 4319 1104 2681 2691 2299 2800 2498 4799 3604 4998
Route 95 : 1050 820 3550 28 1925 3320 2528 2063 4425 476 4563 2154 4654 164 484 2976 2984 2664 2153 1963 4653 1307 694 3194 94 4463 2100 3807 2594 4600
Route 96 : 520 671 3020 1387 112 3887 3171 2034 305 2612 2805 1845 4534 275 4345 268 2768 251 2751 2775 1872 4372 1487 618 3987 1151 3118 1724 4224 125 3651 2625
Route 97 : 1911 272 4411 562 126 2626 2772 2267 525 3025 100 3062 554 4767 669 708 2600 3208 3054 3169 825 2279 1687 3325 4187 2310 4779 2341 4810 4841
Route 98 : 1140 1347 3640 663 875 3375 2182 3847 1800 4682 199 4300 65 3163 2565 2699 2098 1211 25 2525 2403 4598 3711 4903 1546 4046 2454 1962 4954 4462
Route 99 : 2199 4699 1844 583 468 3083 4344 2968 1183 1974 457 4474 1700 3683 2957 2332 4200 1944 1294 4832 1754 4444 4254 3794 1017 897 818 3397 3318 2135 3517 4635
Route 100 : 883 2133 490 2990 743 3383 1177 4633 3243 579 3079 366 3677 2866 175 456 2956 382 2675 1335 2453 2882 3835 1508 1131 1047 3547 4953 4008 3631
Route 101 : 1226 336 2027 4527 1625 915 3415 684 2836 3726 4125 1759 3184 867 4259 3367 2000 4500 2043 340 314 4543 2306 4806 1 2501 2814 513 2840 3013
Route 102 : 898 960 1588 4088 3460 3398 1275 475 1674 3775 4174 2467 308 2975 549 834 1199 4967 3334 2455 2808 2089 3049 4955 2344 4589 3699 2209 4844 2071 4709 4571
Route 103 : 368 2077 4577 1997 2868 39 1190 4497 3690 590 3090 1794 2539 158 4294 1511 4011 2169 4669 2658 1632 514 3014 2030 4132 1855 4530 4355
Route 104 : 443 1486 1002 2195 3502 2943 1362 822 4695 3986 1194 3862 250 2221 3322 3694 4721 2159 1009 1953 2750 4659 57 3509 2557 4453
Route 105 : 2243 1899 4743 4399 221 2304 2721 93 132 2593 1970 2484 4804 2632 856 4470 2356 4984 4856 2189 1766 4266 4689 3356 2122 4622
Route 106 : 757 389 2889 3257 1676 4176 232 2732 483 1639 2983 304 4139 2283 2804 581 375 2875 63 3081 2198 4783 1785 4698 4285 2563
Route 107 : 1978 1986 1378 4486 3878 66 4478 1786 4286 433 2566 2452 2933 1493 4952 876 1984 4484 3993 357 3376 271 2771 2857 2490 87 19 4990 229 2519 2729 2587
Route 108 : 1499 2462 3999 1685 4962 1752 4252 4185 1120 3620 994 144 2644 402 2224 3494 598 2495 2902 4724 3098 964 4995 998 3464 3498 662 411 3162 2911
Route 109 : 2044 589 2073 1049 4573 1431 3549 3089 2284 4544 858 991 3931 4784 3358 420 813 2920 3313 1430 3930 3491 2343 1201 3701 416 2916 1577 4077 78 4843 2457 2578 4957
Route 110 : 1829 4329 555 626 942 3055 210 1102 3126 2710 3442 197 228 2728 1879 2697 373 3602 2873 1570 833 211 4379 4070 1560 1390 2711 4060 3333 3890
Route 111 : 1663 647 689 3147 3189 1616 4163 47 1600 4116 1235 4100 2434 3735 1357 760 3260 4934 419 2177 2919 4677 1846 3857 1086 2547 328 3586 131 4346 2631 2828 1398 3898
Route 112 : 1350 1621 1932 4432 945 4121 3445 3850 1459 338 2838 1904 3959 30 504 2530 819 3004 3319 203 564 3064 2381 4404 2703 2110 4610 330 4881 1461 2830 3961
Route 113 : 1701 2143 4201 1637 1458 3958 1816 4643 1388 4137 1254 3888 3754 1413 4316 3913 1015 3515 2078 369 2869 1584 4084 2139 1234 4578 4639 3734
Route 114 : 1334 176 3834 535 2676 1179 75 3035 1723 3679 1517 2217 4223 4017 2575 4717 1873 334 2834 1421 4373 1210 3710 3921 1939 1847 1730 4347 4439 4230 192 2692
Route 115 : 505 2366 3005 4866 1157 1857 2226 3657 4357 2215 4726 2203 4715 4703 1719 1964 4219 425 2183 4464 2925 1790 4290 2292 1364 2370 4683 4870 2249 3864 4749 4792
Route 116 : 2237 283 169 1331 4737 3831 666 2783 2669 3166 2320 1929 472 4820 4429 692 1951 2972 4451 2479 3192 1574 1825 1010 4074 2099 4599 3510 4979 4325
Route 117 : 393 2893 7 631 3131 1851 4351 168 2507 904 2668 615 3115 2121 3404 2413 4621 4913 35 1874 1356 2535 147 2045 1763 975 4374 4263 2647 3856 4545 3475
Route 118 : 270 1223 2770 1890 122 4390 3723 2622 2010 2331 1741 4510 908 4831 1381 4241 3408 1491 3991 2392 4892 3881
Route 119 : 959 2359 1934 4434 3459 4859 1871 1030 4371 1613 3530 1367 3867 138 2638 230 4113 1442 1284 2730 835 3335 3942 3784 269 143 1447 2769 3947 1267 3767 2643
Route 120 : 2246 4746 72 611 2572 3111 102 2290 997 4790 1465 1770 3965 4270 2184 1966 4684 3497 2602 2172 1325 4466 4672 1402 522 345 1222 3022 3825 2845 3902 3722
Route 121 : 2323 1404 3904 1522 1734 4234 4823 1779 4022 4279 2319 4819 805 1887 793 4387 1082 3305 3293 2242 1497 3582 4742 501 3001 2075 3997 4575
Route 122 : 1044 1037 1943 1041 4443 3544 2273 754 3537 2023 3541 540 4523 1303 4773 3040 1768 3254 3803 377 2877 2011 4511 1585 1875 4268 4085 4375 453 2953
Route 123 : 1743 2130 2435 4935 4243 4630 768 545 3045 2404 3268 840 299 3340 2799 678 4904 1595 3178 785 4095 219 2719 507 1242 3742 1983 3007 4483 3285
Route 124 : 2136 1006 1853 3506 4353 448 2006 4506 2948 1858 40 2540 2041 1433 3933 105 4636 4358 4541 1057 2196 4696 3557 2605 2144 1718 4218 1589 4644 4089
Route 125 : 54 1265 2554 51 3765 1651 1611 2551 4111 792 10 3292 2510 2163 4151 1750 4663 4250 1188 1105 1088 731 3231 3688 3605 3588
Route 126 : 2418 2422 1591 1893 4918 1521 4922 2266 4021 1099 3599 4393 4091 1906 4766 43 2543 4406 1579 326 2826 427 2927 1667 4079 2315 4167 77 2577 392 4815 2892
Route 127 : 246 2066 2129 658 492 4629 3158 4566 2746 174 445 2992 1791 2945 113 2674 1602 4102 45 2613 1870 4291 4370 2036 2545 1544 4536 4044 438 2938
Route 128 : 948 734 3448 1255 3234 1558 1217 4058 3755 1806 3717 27 4306 1369 2527 3869 2492 2097 4992 4597 1655 2481 4155 1776 1529 4276 4029 139 2639 95 4981 2595
Route 129 : 1351 2127 3851 610 1305 3110 3805 843 3343 50 2550 4627 156 608 2451 4951 2656 1756 3108 2350 4256 288 569 3069 2345 4850 2788 4845
Route 130 : 1048 516 584 3548 1935 3016 623 4435 248 1531 3084 3123 4031 2748 1021 1115 319 3615 2819 2093 600 3521 3100 4593
Route 131 : 2231 4731 1520 841 3341 2355 4855 1480 3980 1426 4020 3926 252 1410 1950 2752 41 2032 4450 2541 802 3910 4532 351 1206 1692 3302 2851 3706 4192 738 3238
Route 132 : 966 1173 1476 774 3673 1673 3976 454 2954 3274 1219 4173 188 3466 2688 1024 2281 3719 2369 4869 3524 946 4781 3446 1161 1627 4127 3661
Route 133 : 547 1373 335 749 3873 3249 1158 1315 3815 2835 889 3047 3658 3389 153 254 2754 1946 2653 355 4446 26 2526 329 2829 1141 1971 206 277 2706 3641 2855 2777 4471
Route 134 : 2014 4514 214 1308 3808 899 2714 59 3399 1028 2559 2351 3528 891 4851 2439 3 480 2396 2503 3391 2007 4896 2980 4939 4507
Route 135 : 1298 3798 111 31 2395 2531 2293 1178 4895 4793 2611 3678 1457 938 3438 790 3957 2166 3290 4666 1709 605 3105 4209
Route 136 : 949 1221 784 3721 3449 934 2181 3434 1850 4350 3284 1224 4681 1721 390 318 2818 3724 1795 4295 2084 888 2890 1848 3388 644 4348 4584 3144 4221
Route 137 : 699 1748 1565 1551 4051 4065 1744 3199 4244 320 803 2074 4248 1654 2820 3303 1165 4154 3665 4574 177 208 2708 2116 1311 2677 2119 4616 3811 4619 797 3297
Route 138 : 2286 303 2803 290 977 2790 4786 2256 1902 4756 3477 4402 257 2757 1610 2489 4989 69 4110 2569 2377 1707 4207 1884 4877 4384
Route 139 : 1389 388 3889 2888 1448 3948 1901 241 4401 2741 777 1237 1184 580 2174 3277 3737 839 3339 1587 3080 4674 3684 36 878 1127 3378 1495 4087 2536 3995 3627
Route 140 : 1035 2187 4687 3535 469 2436 391 2969 4936 418 2918 2891 1349 2205 4705 3849 4 2504 1607 1677 4177 4107 170 2113 2670 4613
Route 141 : 1717 417 4217 2029 46 2917 902 1474 2546 3974 2420 1706 1452 3952 1661 4529 4161 1000 3500 4206 187 2008 2687 467 4920 718 4508 2142 3218 4642 2180 4680 2967 3402
Route 142 : 558 3058 1636 518 1374 4136 950 3450 3874 2015 3018 965 4515 955 1705 3465 3455 285 1758 4258 4205 2785 302 67 1949 463 2802 4449 2567 2963
Route 143 : 2424 851 291 3351 1175 2238 3675 2791 4738 2287 4787 2394 462 4894 1612 4112 1346 4924 1420 3920 1276 1368 3776 3868 3846 1333 2962 3833 1510 4010
Route 144 : 1920 1696 1038 4420 1783 4196 3538 4283 410 1601 2910 1961 4461 4101 1313 2487 3813 1988 2069 4987 884 3384 1146 4488 4569 2235 4735 2164 4664 249 3646 711 3211 1502 2749 4002
Route 145 : 1435 333 3935 817 2270 2500 3317 5000 4770 2833 695 548 296 3048 3195 713 2796 2486 2145 107 2607 4645 3213 4986
Route 146 : 1163 849 3663 1897 861 3349 98 4397 495 3361 2598 2995 434 2429 1571 2934 4929 184 2684 1181 1216 4071 2125 2405 3681 4625 3716 1031 3531 2382 4905 4882
Route 147 : 607 297 987 910 2797 3410 3107 3487 446 1797 171 2671 2946 4297 1133 3633 2285 1287 3787 152 4785 1344 1385 3844 1192 3692 3885 2652
Route 148 : 2324 1877 1244 4824 3744 4377 455 2955 1443 2444 3943 566 3066 4944 1599 848 3348 1394 3894 656 4099 3156 222 262 367 2722 524 380 2867 2880 2762 3024
Route 149 : 664 3164 1247 1288 986 3747 3486 205 104 2705 2604 3788 1169 350 2850 1789 3669 2206 1842 4706 4289 1564 4342 2412 4064 1856 765 4356 3265 4912
Route 150 : 1562 201 1098 4062 925 3598 279 2779 2701 979 3425 737 3479 1540 3237 2155 4655 534 2445 3034 4945 4040 1895 496 2996 2318 4818 767 4395 2329 4829 827 3327 3267
Route 151 : 1427 186 1720 3927 1278 1689 4189 2686 4220 2417 725 4917 3225 783 919 3778 3419 2361 3283 4861 1784 980 4284 1341 2197 3480 3841 4697
Route 152 : 962 1246 1958 1343 4458 927 3427 3746 2470 3462 3843 1629 81 4970 4129 2581 364 2389 2864 2213 4889 2330 4713 4830 828 3328
Route 153 : 5 2505 2328 1619 951 4828 1656 3451 4156 1118 3618 4119 1695 2191 4195 474 890 159 4691 1393 2659 3390 1034 2974 3893 3534 1865 1295 4365 1005 3795 3505
Route 154 : 444 2167 4667 1377 1155 2944 3655 3877 178 2678 780 2409 4909 846 2358 3346 1214 3280 1539 151 4039 3714 4858 2102 4602 1052 1892 2651 4392 3552
Route 155 : 1945 1203 1395 3703 530 2478 3895 4445 3030 1773 901 2040 4978 3401 4273 4540 1886 1596 1093 4386 2353 4096 4853 3593
Route 156 : 1669 4169 1408 1324 3908 1039 3824 1481 3539 733 3981 1106 3233 407 3606 2201 1506 1340 2907 4006 3840 2302 4802 4701 1348 3848 2327 1075 921 3575 4827 3421
Route 157 : 62 266 2138 2562 461 2766 2961 972 3472 744 2065 3244 4638 4565 2461 136 4961 1257 3757 2311 2056 4811 1122 3622 1555 4055 4556 1523 4023 2636
Route 158 : 1675 1150 3650 2037 636 4175 1991 4537 245 4491 2745 3136 1097 756 14 2514 3597 3256 142 353 2642 1320 3820 2853 2192 1231 3731 4692 1202 3702
Route 159 : 745 2004 1955 2111 4504 2488 3245 1881 1164 4455 4381 1807 903 4988 742 3664 3403 4307 1817 4317 4611 2449 2019 1069 4949 1998 3242 3569 4498 4519
Route 160 : 1130 3630 155 1174 1230 2655 3730 3674 309 766 2459 4959 2809 3266 508 758 3008 3258 1422 1256 3922 1197 3756 886 798 3386 2087 3298 3697 4587
Route 161 : 284 2784 189 1185 1306 3806 2689 3685 1300 2342 4842 129 2629 3800 1528 236 4028 1145 2736 509 3645 3009 150 2485 2156 2650 4985 4656
Route 162 : 1804 1864 2296 4304 4364 4796 1788 217 2458 2717 4958 845 2018 3345 4288 924 347 2042 4542 4518 3424 2017 1738 4238 2847 4517 1563 1051 4063 2408 3551 4908
Route 163 : 687 1526 4026 1960 3187 49 1664 2549 4460 2430 4930 4164 1078 3578 1530 702 3202 944 4030 3444 2349 868 4849 2216 4716 1310 3810 3368
Route 164 : 1332 1764 3832 1742 1108 4264 4242 1132 3608 3632 1798 2305 1425 4805 2431 4298 3925 4931 1483 2104 3983 1268 3768 2376 1007 4876 3507 4604
Route 165 : 603 3103 634 16 3134 220 1843 4343 1055 3555 412 2516 1261 2912 2175 2720 675 4675 1186 3686 3175 1534 1668 1396 3761 4034 4168 3896 70 2570
