Instance name : ber-n2500-7
Authors : Simen T. Vadseth, Henrik Andersson, Jean-Francois Cordeau and Magnus Stålhane
Date : 10.07.2023
Reference : TBA
Solution
Route	1 :  934 2184 104 516 1766 280 1354 1530 909 615 2159 1865 647 1897
Route	2 :  719 412 1662 53 1969 177 1303 924 1069 1427 2174 287 2319 1537
Route	3 :  867 2117 355 1605 1188 106 2438 1356 1239 832 2489 2082
Route	4 :  415 1665 318 1568 855 18 1268 2105 718 308 1968 1558
Route	5 :  212 141 1462 1391 1233 495 2483 297 1745 1547 846 861 785 2035 2111 2096
Route	6 :  256 1506 1028 154 1231 2278 1404 2481 6 789 1256 2039 636 404 1886 1654
Route	7 :  889 2139 253 853 1503 108 150 2103 1358 1400 334 758 1584 2008
Route	8 :  830 82 1332 1072 872 2080 2122 2322 268 968 2218 1518 597 1847 193 1443
Route	9 :  235 1485 602 638 1852 1888 640 950 1890 2200 756 985 2235 2006
Route	10 :  945 157 493 2195 1743 1407 1170 319 2420 1200 1569 925 2450 990 2240 2175
Route	11 :  273 67 477 1317 1727 94 1523 863 1344 2113 292 243 1542 1493
Route	12 :  1117 2367 724 1974 866 954 2116 2204 946 655 464 1714 2196 1905
Route	13 :  1059 2309 26 1175 1276 2425 588 312 1040 1562 1838 2290 152 1402
Route	14 :  995 130 2245 1120 1380 213 360 2370 249 1610 1499 103 1353 1463
Route	15 :  1214 1032 115 1365 1096 2282 204 2346 1454 890 2140 239 1489 2464
Route	16 :  603 748 1853 478 1998 422 1728 1212 1672 2462 425 755 1675 2005
Route	17 :  333 667 1917 1213 734 1984 92 2463 1342 929 865 2115 1583 2179
Route	18 :  512 1762 584 99 1834 706 1349 254 429 1956 1504 1165 1679 2415
Route	19 :  314 705 323 1955 1564 1573 24 257 71 1274 279 1321 1507 1529 456 1706
Route	20 :  251 569 112 1819 1180 1362 816 2430 961 2066 2211 445 1695 959 1501 2209
Route	21 :  871 313 1563 2121 293 1095 2345 1249 1543 2499 906 1024 2156 2274
Route	22 :  534 1784 531 1190 2440 1781 248 994 1498 1158 259 2244 1509 2408
Route	23 :  876 359 912 1609 2162 919 2126 39 1289 2169 777 2027 1042 325 2292 1575
Route	24 :  234 630 964 1484 2214 274 54 1524 1304 454 733 1704 1983 1880 1229 2479
Route	25 :  895 864 316 1566 2114 2145 635 1058 1205 2455 1885 2308
Route	26 :  960 2210 165 1065 766 2315 2016 1415 858 1140 2108 880 2390 2130
Route	27 :  928 364 2178 1228 514 1614 2478 1764 61 731 470 1981 1311 746 1720 1996
Route	28 :  209 434 637 1684 462 1887 551 1712 762 1801 641 1891 2012 1459
Route	29 :  963 375 155 1405 185 1435 506 1756 266 1516 560 1810 1625 2213
Route	30 :  1053 2303 712 1056 2306 1962 347 379 1597 937 1629 2187
Route	31 :  487 745 699 1949 1995 1737 407 1657 148 277 1010 692 1942 2260 1527 1398
Route	32 :  904 2154 997 892 2247 2142 447 423 1673 1697 480 1730
Route	33 :  722 601 1972 207 677 1927 1129 1457 2379 1851 309 52 1302 1559
Route	34 :  767 831 2081 791 2017 625 2041 1098 1875 2348 372 444 1622 1694
Route	35 :  606 73 448 1323 752 2002 1698 927 1856 1012 2177 2262 164 1230 2480 1414
Route	36 :  1035 1222 2472 939 2285 674 554 2189 1924 1804 609 703 1859 552 1953 1802
Route	37 :  596 684 1846 1934 1192 1002 2442 2252 737 225 1987 1121 1475 735 2371 1985
Route	38 :  1025 1108 536 75 2358 1786 1325 51 996 2246 1301 376 1626 2275
Route	39 :  1195 1106 2445 2356 578 22 965 1272 1828 2215 458 1243 1708 2493
Route	40 :  349 1020 1599 2270 662 107 1912 442 1357 3 982 1253 1692 2232
Route	41 :  1066 645 245 2316 1495 1895 450 1700 875 2125 698 74 1948 1324 1118 2368
Route	42 :  1102 567 2352 1817 761 449 1699 117 2011 211 1367 844 2094 1461 191 1441
Route	43 :  36 776 1286 2026 133 451 1383 432 1701 111 1682 1155 2405 1361
Route	44 :  60 586 1310 891 2141 794 1836 553 2044 1076 1803 1055 2305 2326
Route	45 :  70 1320 1225 966 96 2475 1346 219 2216 834 2084 1469 320 496 1570 1746
Route	46 :  842 902 2092 2152 490 160 1740 631 1410 739 1881 627 1989 181 1877 1431
Route	47 :  702 276 1952 460 1526 1240 2490 1710 109 192 1359 1442
Route	48 :  642 361 769 1892 1611 1085 2019 2335 351 1135 1601 2385 736 1986
Route	49 :  768 949 2018 1099 2199 914 2349 1110 2164 2360 27 507 1757 1277
Route	50 :  617 1867 806 679 1929 1041 2056 142 2291 1392 341 1086 2336 1185 1591 2435
Route	51 :  955 898 2205 2148 305 800 1555 365 2050 1029 1615 419 2279 1669 935 2185
Route	52 :  223 179 1132 1473 2382 1429 547 835 2085 1797 329 1579 437 1687
Route	53 :  1070 920 2320 151 383 2170 1633 283 1401 1533 523 564 366 1773 1814 1616
Route	54 :  577 1827 393 1181 1643 2431 1139 344 1594 2389 396 1153 2403 1646
Route	55 :  594 571 1844 255 435 1821 1505 1685 1171 905 2155 2421 9 519 1769 1259
Route	56 :  1089 159 2339 1409 1208 568 2458 1818 1131 1141 2391 957 2381 2207
Route	57 :  530 1177 2427 1780 1022 474 673 1724 1923 2272 338 802 1588 2052
Route	58 :  1097 570 1820 740 2347 918 1990 916 2168 1093 2166 591 2343 1841
Route	59 :  1090 93 2340 576 1343 49 1826 1202 1299 2452 123 738 1988 324 1373 1574
Route	60 :  1017 952 2202 2267 1194 977 2444 814 2227 727 2064 915 2165 1977
Route	61 :  923 1038 2288 808 2058 43 2173 222 1293 533 1472 1783 1101 135 1385 2351
Route	62 :  339 304 1589 1554 394 1644 992 697 2242 332 1947 38 1582 1007 1288 2257 908 2158
Route	63 :  331 63 1186 1313 250 2436 342 1500 665 1915 1592 500 1750 747 1997 1581
Route	64 :  805 1168 2055 2418 688 1938 542 723 499 1792 1973 1749 1047 2297
Route	65 :  1021 2271 1018 599 2268 1849 972 541 1791 2222 1073 2323 680 1930
Route	66 :  410 848 2098 1660 1162 91 2412 1341 385 298 1548 750 1635 2000
Route	67 :  343 1593 1109 545 1795 167 2359 1207 1417 2457 629 72 1879 1322 976 2226
Route	68 :  543 246 1793 1221 1496 611 1142 1861 2471 382 2392 1080 1632 2330
Route	69 :  501 1751 1160 352 2410 1602 849 147 2099 1397 1067 170 2317 1420 580 922 2172 1830
Route	70 :  286 1133 760 1536 2383 2010 649 775 2025 1899 481 162 1412 1731 1245 2495
Route	71 :  788 228 1478 508 2038 485 1758 687 137 1937 1735 1387 1039 648 2289 1898
Route	72 :  153 657 1403 1907 1036 2286 1241 713 2491 518 1963 886 2136 1768
Route	73 :  405 1156 1655 754 2406 2004 126 98 1376 1348 780 138 2030 1388
Route	74 :  626 335 1585 1876 258 426 1508 175 1676 166 1425 1060 1416 2310
Route	75 :  90 1340 561 1811 784 168 2034 1250 1418 140 2500 1390
Route	76 :  1191 2441 856 659 1909 457 2106 83 1707 1333 689 438 1688 1939
Route	77 :  244 357 1607 678 1237 1494 1928 384 2487 1634 1105 710 2355 661 1960 1911
Route	78 :  1081 2331 161 670 1920 1411 823 550 1800 604 2073 1854 471 1246 2496 1721
Route	79 :  1224 555 2474 1805 1154 715 653 2404 1903 783 1049 2033 2299 1965
Route	80 :  1062 1128 565 2312 58 1815 2378 1308 1003 884 2253 2134
Route	81 :  711 131 1381 1961 726 1000 421 1671 373 2250 1976 381 1631 1623 1232 2482
Route	82 :  275 8 1525 1068 1258 900 247 1497 2150 686 265 1936 1515 2318
Route	83 :  116 1366 1071 2321 1183 801 2051 2433 854 1182 1051 2104 2301 2432
Route	84 :  300 486 401 1550 1736 1651 33 1011 1283 2261 41 1291 913 2163
Route	85 :  1138 729 2388 1979 1172 156 2422 1112 1406 2362 632 732 358 1608 1882 1982
Route	86 :  145 363 1613 502 829 1752 2079 118 45 1295 623 1368 1873 1395
Route	87 :  354 1604 874 633 2124 562 1883 651 1812 911 1901 121 2161 1371
Route	88 :  391 984 1641 2234 663 28 348 1913 1598 1278 513 1198 2448 1763 134 1384
Route	89 :  221 1471 1151 810 2401 2060 403 232 233 1653 1482 1050 1483 2300
Route	90 :  804 742 515 2054 195 1765 708 1958 1445 579 850 1829 1992 2100 683 764 1933 2014
Route	91 :  76 1326 1203 231 2453 1481 520 1770 658 30 217 1908 1280 1467 182 1432
Route	92 :  883 1033 2133 2283 1119 2369 1176 1184 2426 2434 1079 2329
Route	93 :  350 932 402 1600 2182 1652 227 1189 163 1477 2439 1413 622 666 1916 1872
Route	94 :  128 294 1544 1378 807 1013 2057 2263 443 1693 526 62 1776 1312
Route	95 :  210 281 1531 1460 1123 492 1742 46 2373 1296 827 1187 2437 2077 716 1966
Route	96 :  1236 759 2486 158 936 1408 132 2186 489 1739 1382 595 773 2023 1845 2009
Route	97 :  704 15 1954 910 1265 587 2160 171 1837 409 1421 290 1540 1659
Route	98 :  218 317 1468 479 1567 1019 431 1729 1681 2269 10 205 1260 1455
Route	99 :  1057 270 1520 2307 1009 839 2259 144 2089 575 1394 1825 1088 114 2338 1364
Route	100 :  269 888 917 1519 1143 2167 472 2393 1722 392 566 1642 956 1816 2206 2138
Route	101 :  559 583 1809 694 1833 1944 572 608 549 1822 35 1858 1799 1285 374 1624
Route	102 :  799 1014 943 2049 2264 786 2193 1008 2036 2258 206 84 1334 1456 721 1971
Route	103 :  1136 837 295 517 1767 2386 1545 97 406 1656 2087 1347 311 573 1561 1823
Route	104 :  980 2230 589 31 1839 1281 1016 285 2266 436 1535 1686
Route	105 :  17 353 1603 1267 1045 574 1824 2295 811 1164 1092 2061 2342 2414
Route	106 :  1206 367 1244 2456 1617 2494 184 1434 1211 2461 377 413 1223 1627 2473 1663
Route	107 :  95 845 1345 321 2095 1571 862 1005 2255 2112 940 2190 926 13 1263 2176
Route	108 :  558 537 240 717 1490 1787 1967 1226 2476 299 267 1808 1549 1517 510 1760
Route	109 :  1196 765 2015 749 2446 836 2086 1999 176 652 1426 695 1902 1945
Route	110 :  473 237 1723 124 1487 1219 453 1374 139 1703 2469 1389 782 2032
Route	111 :  539 787 188 2037 282 1438 1532 691 709 1789 1941 1959 1218 2468
Route	112 :  828 2078 529 284 29 1534 1779 660 346 1596 1910 172 1279 1422
Route	113 :  967 953 2203 208 1458 1209 690 2459 763 1940 2013 241 772 1491 2217 2022
Route	114 :  149 1399 720 532 1782 1970 644 146 1396 751 1894 2001 590 1840
Route	115 :  12 841 1262 236 511 2091 1761 1486 322 1572 907 102 546 2157 1352 1796
Route	116 :  978 2228 1100 16 2350 484 1266 681 1734 1931 1242 2492 1077 2327
Route	117 :  1146 326 2396 1576 778 524 2028 522 1774 44 34 1294 1772 369 1284 1619
Route	118 :  812 224 389 1639 89 1474 2062 1339 5 79 1329 1255
Route	119 :  418 264 380 1630 1514 1668 817 306 933 1556 2067 2183 1094 2344
Route	120 :  271 614 1864 1521 998 664 1914 2248 66 1316 1197 1157 2407 2447
Route	121 :  1204 467 1717 2454 974 428 2224 1678 672 328 1922 1578
Route	122 :  650 1900 336 877 1027 1586 2277 2127 1145 1026 1001 2395 2276 2251
Route	123 :  87 1193 1337 2443 613 899 1863 1004 2149 88 1338 2254 1161 190 2411 1440
Route	124 :  986 2236 646 21 1271 110 1360 183 1896 78 600 1850 482 1328 1732 1433
Route	125 :  178 947 42 2197 1292 1220 1428 654 2470 840 1904 2090 744 1994
Route	126 :  958 1248 2208 2498 1107 1087 465 2357 1238 2337 1715 2488
Route	127 :  40 1290 1091 327 2341 1577 581 1174 1831 2424 1134 885 2384 2135 226 1476
Route	128 :  47 272 1297 1147 197 1447 388 2397 1638 127 582 1377 1832 200 1522 1450
Route	129 :  362 792 242 1612 612 1862 398 1492 1648 395 1037 1645 2287 2042
Route	130 :  368 951 1618 173 2201 459 1423 1709 639 1054 822 2304 1889 2072
Route	131 :  656 815 2065 1906 592 671 1842 1921 399 340 1083 2333 1590 1649
Route	132 :  509 1115 37 2365 1759 1287 2 503 1252 1753 556 1806
Route	133 :  821 2071 634 1046 1884 2296 119 64 1369 371 1621 1314 989 475 2239 1725
Route	134 :  20 196 1446 417 1667 896 675 1925 2146 757 728 2007 1978 1270
Route	135 :  497 1173 1747 301 2423 1023 1551 2273 901 2151 1127 921 2377 2171 962 2212
Route	136 :  798 628 1878 1150 2048 2400 69 202 1452 1084 1319 1144 390 2334 824 2394 2074 1640
Route	137 :  199 1449 616 136 1169 1866 2419 1386 931 2181 198 813 1448 2063
Route	138 :  790 19 607 2040 1269 1857 882 129 2132 1113 1379 2363 887 2137
Route	139 :  527 1777 795 345 1 2045 1595 1251 1063 993 2243 2313
Route	140 :  793 2043 1064 85 1335 2314 1166 229 2416 1479 1235 476 288 2485 1726 1538
Route	141 :  220 7 1470 941 2191 1257 330 521 1580 1771 1015 1217 2265 1006 2467 2256
Route	142 :  81 400 310 1650 1560 468 278 942 1718 1528 2192 847 2097 700 1950 1331
Route	143 :  714 1964 988 593 430 1843 2238 1061 1680 938 2311 2188 707 1957
Route	144 :  1163 2413 452 779 1702 2029 1048 620 2298 701 1870 1103 1951 2353
Route	145 :  1104 187 2354 1437 525 125 838 1775 1375 2088 991 2241
Route	146 :  1149 1137 2399 296 1546 2387 624 903 122 1874 2153 1372 420 1670
Route	147 :  291 819 14 1264 2069 1541 1082 189 2332 1439
Route	148 :  619 483 535 1733 944 1785 2194 491 803 1869 1741 214 2053 1464
Route	149 :  440 870 1690 1124 466 2120 1116 1716 439 2366 1167 1689 2417 2374
Route	150 :  498 843 796 2093 215 2046 455 1465 1705 1748 180 1234 2484 1430
Route	151 :  427 1677 387 263 1513 1637 826 23 2076 105 1273 1355 56 1306
Route	152 :  11 356 1261 86 1227 2477 1336 113 1363 378 685 1628 618 1868 1935 1606
Route	153 :  32 948 1282 2198 585 1178 2428 676 1835 770 1926 2020
Route	154 :  411 1031 1661 397 2281 1034 1647 2284 80 408 1330 1658 696 1946 969 2219
Route	155 :  971 2221 416 1666 879 605 1855 2129 77 337 1327 1587 682 4 1932 1254
Route	156 :  1122 186 2372 302 860 1552 262 2110 1512 252 873 1502 2123 1436
Route	157 :  25 1275 433 1210 2460 1683 869 2119 538 101 1351 1788 494 878 1744 2128
Route	158 :  1247 2497 1130 544 2380 1075 1794 2325 1216 461 2466 1711 979 2229
Route	159 :  1074 48 315 1565 1298 424 1674 730 68 1318 1980 370 65 1620 1315 2324
Route	160 :  668 50 1918 1300 1215 563 2465 1813 771 743 2021 1993
Route	161 :  753 610 852 2003 1860 2102 120 930 169 1370 2180 1419 987 2237
Route	162 :  528 446 825 1778 1696 548 2075 894 1798 2144 261 1511 818 2068
Route	163 :  557 307 1807 1043 1126 2376 1557 2293 1159 833 260 1510 2083 2409 469 1719
Route	164 :  897 2147 1152 1179 2402 621 2429 230 1871 1148 2398 1480 540 1790
Route	165 :  203 1453 216 1466 693 414 1943 797 1664 1125 2047 441 2375 1691
Route	166 :  463 970 504 1713 2220 1754 999 2249 1199 1044 2449 1111 2294 2361
Route	167 :  781 1030 2280 2031 643 174 1893 973 1424 2223 59 143 55 1309 1305 1393
Route	168 :  598 1114 1848 851 289 868 2101 1539 2118 893 2143 774 2024 488 1738 2364
Route	169 :  809 2059 859 975 505 2109 2225 1755 1052 201 1451 2302 1201 2451
Route	170 :  194 1444 669 238 1919 741 1488 386 1636 100 1350 1991 820 2070
Route	171 :  981 983 881 2131 2233 57 1307 857 725 2107 1975 1078 303 1553 2328 2231
