Instance name : ber-n2000-1
Authors       : Dmitriy Demin, Mikhail Diakov (msd@veeroute.com), Ivan Ilin, Nikita Ivanov, Viacheslav Sokolov (vs@veeroute.com) et al. VRt Global (https://veeroute.com/)
Date          : yyyy-mm-dd
Reference     : veeroute.com
Solution
Route 1 : 918 653 1918 80 642 1653 858 1080 1642 1858 457 1457 781 276 1276 1781 673 1673 864 1864 839 861 1839 288 1861 1288 901 774 1774 1901
Route 2 : 523 336 37 232 1523 1037 1336 880 1232 896 1880 202 1202 450 258 1896 1258 556 1556 1450 558 219 1558 1219 140 240 1140 433 1240 234 1234 1433
Route 3 : 843 272 269 1843 419 1269 1272 1419 45 427 1045 1427 77 163 626 1077 1163 170 1626 767 1170 1767 326 159 1326 1159 483 788 1483 1788
Route 4 : 813 979 1813 1979 721 520 1721 216 1216 761 1520 1761 61 860 1860 81 1061 1081 674 705 1674 285 1705 83 1285 1083 658 1658
Route 5 : 409 608 1409 824 506 1608 1506 1824 44 579 1579 1044 601 871 1871 1601 549 841 1549 678 1841 323 1678 1323 538 564 1538 1564
Route 6 : 422 992 246 1422 1246 1992 693 531 1531 1693 192 11 1192 929 1011 1929 641 879 1879 732 1641 731 1731 503 359 1503 1732 1359
Route 7 : 768 375 1768 580 1580 1375 515 1515 766 1766 617 698 1617 643 205 645 1698 1205 1643 1645 560 112 1560 396 869 1112 1869 967 1396 708 1967 1708
Route 8 : 349 926 1349 118 1118 284 1284 902 910 812 1926 1910 1812 1902 487 894 1894 273 1487 278 1273 175 1278 1175 798 390 340 1798 1390 583 1340 1583
Route 9 : 357 251 1357 303 1251 1303 380 402 595 751 1380 1402 990 445 1595 1990 1751 1445 495 749 1495 306 1306 932 1749 1932 332 977 1332 1977
Route 10 : 728 1728 38 1038 328 193 1193 398 1398 1328 263 622 87 1263 1087 1622 98 688 1688 618 1618 470 1098 507 1507 1470 471 1471
Route 11 : 348 135 906 1348 1906 1135 467 947 1467 1947 973 334 1973 1334 815 142 1142 1815
Route 12 : 10 650 942 1010 1650 383 1383 1942 222 672 1672 265 270 1222 1270 1265 866 292 1292 1866
Route 13 : 356 920 1920 262 1356 775 1775 1262 753 1753 313 842 29 1842 206 1313 1029 428 1206 661 1661 86 1428 594 253 795 1086 1253 1594 1795
Route 14 : 706 877 1706 1877 295 532 1295 281 1532 874 1874 1281 958 1958 840 60 1840 1060 566 570 261 1261 1566 1570 917 1917
Route 15 : 331 1331 605 481 1481 373 1605 602 1602 1373 377 1377 791 7 1791 1007 919 720 599 1919 1720 482 968 1599 1482 885 1885 1968
Route 16 : 898 625 1625 1898 342 1342 15 846 14 1846 1015 1014 733 406 1406 1733
Route 17 : 100 1100 986 1986 938 1938 266 316 1266 514 1316 1514 683 762 1762 486 309 1683 1486 966 1309 463 1463 508 1966 1508
Route 18 : 69 1069 489 561 652 1561 1489 1652 352 73 1073 1352 403 430 1430 1403 878 900 819 1878 1900 1819
Route 19 : 368 71 1071 437 915 1437 1915 1368 367 1367 533 600 1533 1600 908 341 773 1908 1341 448 1773 867 1448 183 1183 1867
Route 20 : 634 32 446 1634 1446 1032 55 381 1055 884 1884 1381 905 13 527 1527 220 1905 1013 1220 565 517 1565 897 1517 473 1897 1473
Route 21 : 291 271 1291 82 1082 1271 131 1131 889 199 612 1889 1612 1199 526 1526
Route 22 : 172 1172 177 778 1177 1778 687 903 1687 123 1903 440 1440 298 1123 1298 821 447 35 1447 137 1821 1035 597 1137 1597
Route 23 : 524 203 1524 697 551 1203 1551 1697 139 669 516 211 1669 1516 1139 162 1162 1211 744 543 431 1744 1543 365 1431 1365
Route 24 : 670 99 1099 344 1670 280 1344 502 449 1280 1502 395 1449 225 299 1299 1395 1225 544 750 363 1750 1544 1363 953 1953
Route 25 : 267 1267 883 664 1883 191 1191 119 1664 1119 415 491 1415 893 1893 1491 89 171 248 1248 1089 497 1497 1171 90 434 1090 1434
Route 26 : 718 955 1718 1955 741 8 1008 1741 509 576 1509 1576 588 651 1588 319 405 1319 1651 1405 360 238 1360 568 1568 1238 876 1876
Route 27 : 692 141 711 1141 916 1711 215 1916 185 1215 400 1185 1400 615 494 1615 1692 436 1494 165 646 1165 1436 1646 740 407 1740 1407
Route 28 : 441 371 1441 989 830 1371 546 1989 1830 838 1838 311 935 324 1311 1935 1324 4 1004 941 389 574 1941 1389 149 1574 1546 1149
Route 29 : 904 287 304 1904 1287 1304 529 961 294 1294 1961 1529 981 854 1854 1981 355 338 290 1355 1290 1338 221 537 1537 628 1628 1221 686 1686
Route 30 : 346 647 1346 1647 696 241 856 1856 737 1696 1737 1241 394 174 1174 1394 198 76 1198 569 1076 826 1826 1569 343 1343
Route 31 : 91 111 548 659 1111 1659 21 1548 923 1091 1021 412 1923 1412 758 703 1758 364 1703 286 1364 1286 983 944 1983 293 1944 464 1293 783 1783 1464
Route 32 : 279 1279 575 1 1575 1001 432 469 307 1469 802 1307 1432 1802 438 800 1800 1438 130 1130 746 589 1746 48 227 1227 1589 999 1048 1999
Route 33 : 79 493 1493 1079 385 6 1006 1385 814 1814 386 1386 789 844 1844 985 1789 1985 354 5 1354 154 1005 1154 466 161 107 1161 1466 1107
Route 34 : 53 555 435 1555 1435 411 1411 996 88 1088 1996 1053 47 582 1047 224 1582 1224 167 541 157 1157 492 1541 818 1818 1492 742 1742 1167
Route 35 : 859 712 1712 735 1859 322 1735 1322 387 912 1387 654 108 1912 442 1108 770 1770 573 1573 777 1442 1777 1654
Route 36 : 115 857 391 1391 1857 421 67 1115 1421 1067 308 46 1046 684 1308 1684 296 186 528 1186 890 1890 1528 624 1296 28 1624 1028
Route 37 : 960 924 563 1960 1563 1924 690 1690 836 1836 799 873 681 109 1799 1681 1873 1109 243 132 488 1488 1132 1243 444 124 102 1444 1102 1124
Route 38 : 397 939 1397 302 1939 1302 105 666 521 936 1521 1105 1666 479 1479 1936 22 994 31 1022 454 1994 1454 1031 451 213 1213 1451
Route 39 : 233 145 1233 1145 78 619 930 1619 1930 933 816 254 1933 1254 1816 754 1078 1754 855 312 93 1312 1093 1855 585 178 1585 1178
Route 40 : 655 671 1671 1655 637 694 1637 1694 715 1715 886 1886 786 1786 831 975 1975 1831 301 1301 249 959 321 1249 1321 1959
Route 41 : 663 166 259 1166 1259 1663 756 913 1756 675 1913 1675 101 780 833 1780 150 982 1150 1833 1101 410 895 1410 1895 1982 315 212 1315 1212
Route 42 : 863 591 217 1217 922 420 1420 1922 1863 1591 796 214 636 1214 1796 477 1477 1636 793 587 738 1793 472 1472 1587 1738 23 1023
Route 43 : 590 950 1950 452 1590 1452 84 252 1084 679 1252 277 668 1679 1668 1277 129 456 1129 785 1456 1785 630 1630 616 790 1616 1790
Route 44 : 868 478 59 1059 1478 51 1051 794 931 1794 274 837 1931 1868 971 1274 899 1971 1837 689 940 542 1689 1940 1542 404 710 1899 1710 1404
Route 45 : 138 1138 393 499 1393 848 1499 85 1848 1085 964 1964 592 1592 147 957 1957 1147 236 810 369 1236 620 1810 1369 146 1146 1620
Route 46 : 914 235 1914 179 1235 797 1797 1179 325 1325 760 110 1110 719 1760 148 1719 571 1148 1571 707 255 1707 726 1255 1726
Route 47 : 196 94 1196 459 194 1094 1194 151 1151 1459 699 104 1699 1104 242 34 1034 1242 572 716 1716 462 1462 1572 1000 317 2000 1317 189 305 1305 1189
Route 48 : 584 484 1484 1584 113 49 743 1049 314 169 1743 1169 1314 310 226 862 1310 1113 607 1226 3 1862 1607 229 1229 657 117 1657 1003 1117
Route 49 : 638 729 963 1963 1729 1638 552 57 1057 505 1552 70 1505 892 1892 1070 723 455 1723 210 1455 827 1210 1827
Route 50 : 33 752 96 1752 1033 1096 388 62 1388 540 1062 1540 713 849 1713 127 1849 1127 20 909 1909 596 1020 1596
Route 51 : 204 408 1408 1204 345 946 1345 498 1946 1498 822 627 545 1822 804 1545 702 1702 1627 701 1804 1701 120 1120
Route 52 : 519 709 1519 155 956 1709 1956 1155 662 534 1534 829 1662 1829 9 747 72 1009 1747 1072 423 522 1522 187 1423 1187
Route 53 : 559 1559 835 160 1160 1835 358 870 1358 362 847 1847 1870 26 1362 247 1026 168 1247 1168 54 1054 782 197 640 1782 1197 1640
Route 54 : 865 485 660 152 1152 1865 1485 12 231 1012 1231 173 1173 553 525 1525 888 539 1888 1553 1539 1660
Route 55 : 461 1461 418 103 1418 945 1103 852 1945 1852 95 771 1095 921 1771 250 1921 1250 610 144 1610 97 1144 1097
Route 56 : 554 948 1948 925 460 1925 40 1460 490 1040 609 429 1609 736 1736 1490 121 1429 550 1554 1121 1550 562 333 1562 474 1474 1333
Route 57 : 530 223 1223 366 557 1530 1366 136 1557 1136 943 1943 181 300 1300 1181 351 962 853 1351 606 1853 1962 1606 126 779 1779 1126
Route 58 : 881 164 1164 803 1881 114 1803 745 567 1567 1745 993 1993 578 256 649 1256 1114 1578 1649 207 820 1207 1820 949 257 1949 1257 504 1504
Route 59 : 27 201 1201 817 1027 1817 372 536 1372 1536 353 512 237 1353 1512 1237 547 724 68 1724 16 1016 1068 1547 823 56 1056 511 1823 1511 453 1453
Route 60 : 648 1648 577 1577 501 42 1501 927 1927 17 1042 850 978 1017 635 1850 1635 382 851 1851 1382 1978 722 350 401 1401 1350 1722
Route 61 : 748 1748 997 987 1987 1997 275 934 1275 629 1629 1934 639 64 1064 439 1639 1439 952 399 1952 106 954 1399 1106 1954
Route 62 : 425 158 414 1425 1414 1158 535 613 680 1535 1613 1680 384 1384 704 632 755 1704 1755 1632 465 988 1988 1465
Route 63 : 695 116 1695 1116 392 378 1378 426 1392 496 1496 911 1426 951 1911 43 1951 176 1043 335 1176 379 1379 1335 282 1282
Route 64 : 887 134 24 1134 792 1887 1024 1792 727 156 1156 374 1727 611 1374 998 245 1611 805 1998 969 1245 1805 598 1598 1969 180 1180
Route 65 : 182 995 1995 970 656 1970 1182 1656 667 1667 828 730 208 1828 980 1730 1208 809 1809 1980 52 190 1052 734 1190 633 1633 1734
Route 66 : 631 30 1631 787 1030 41 685 1685 991 1991 1787 776 1041 18 984 1984 1776 443 1018 1443 807 370 320 1370 1320 1807 757 361 1757 1361
Route 67 : 58 765 1058 122 1122 1765 621 337 581 1581 1621 665 1337 468 1665 74 1468 476 1074 1476 200 614 1614 1200
Route 68 : 717 784 184 1717 1184 1784 39 593 1039 872 1593 1872 297 1297 972 714 1972 19 230 1714 1230 50 1019 1050 339 891 1891 1339
Route 69 : 239 1239 676 480 1676 1480 66 318 1066 965 1965 1318 347 2 1347 1002
Route 70 : 376 25 1025 125 1376 1125 518 907 882 1907 1518 1882 413 510 1413 974 1510 1974 153 195 1153 845 1195 92 1845 1092 327 63 1327 1063
Route 71 : 260 75 1260 1075 143 644 500 1143 1644 769 1500 1769 424 475 937 1475 1424 691 1937 1691 825 928 1928 586 1586 1825
Route 72 : 133 772 811 1772 1133 1811 808 834 603 1834 228 1228 1808 1603 188 764 1764 677 1677 623 1188 1623
Route 73 : 65 209 700 1065 1700 268 1209 218 1218 604 1268 725 1604 458 1725 416 739 1458 1416 1739 244 806 1244 128 1128 1806
Route 74 : 36 264 289 1036 1264 763 1289 832 513 1763 1832 1513 682 417 1682 976 1976 759 1417 1759 283 875 1283 1875 330 801 329 1329 1330 1801