Instance name:	ber-n3000-5
Authors:		Carlo Sartori and Luciana Buriol
Date:			2019-2-11
Reference:		A matheuristic approach to the PDPTW (to be submitted)
Solution
Route 1 : 301 1142 1801 369 1869 193 1693 1010 2510 591 2642 555 2091 1463 2963 893 2055 747 2393 968 839 2468 2247 2339
Route 2 : 1186 197 2686 1294 1697 2794 1473 335 276 1835 576 1776 2973 2076 1153 553 2053 2653 561 2061
Route 3 : 994 607 642 2494 2142 946 2446 380 2107 476 134 1634 969 1976 2469 1128 647 2147 131 1880 2628 96 1631 1596
Route 4 : 1270 628 1235 2128 2770 880 1029 262 2380 2529 1762 292 962 2735 2462 1792 633 80 1433 1580 2933 2133
Route 5 : 293 307 1793 660 1807 2160 247 667 331 1747 2167 1831 5 1373 2873 1505 588 2088 799 204 2299 855 2355 1704
Route 6 : 279 1131 1135 2635 1151 2631 2651 1779 494 684 2184 1994 1405 465 2905 1965 1032 810 2532 2310
Route 7 : 1121 7 2621 1507 294 1794 47 174 1547 1674 514 2014 132 289 1222 1789 1632 2722
Route 8 : 524 2024 1107 783 218 2283 2607 225 1725 16 1516 203 1718 1210 1703 1227 2727 2710 51 1551 658 2158
Route 9 : 122 367 1622 847 2347 232 1867 1732 838 401 2338 952 1901 691 378 2191 2452 515 967 1878 2015 2467
Route 10 : 76 606 2106 1317 1576 2817 759 48 1548 2259 1244 493 2744 1024 2524 1066 2566 373 1993 1873 1445 2945
Route 11 : 1295 798 2795 1174 739 2674 2239 709 2298 2209 1379 1395 2879 1398 2895 2898 861 2361 1413 269 2913 1769 1094 2594
Route 12 : 370 1870 1096 325 255 1755 2596 901 1825 562 779 2401 945 2279 604 2445 2104 558 2062 2058
Route 13 : 24 1524 137 1178 2678 1637 1230 845 1251 2751 2345 2730 1206 529 2706 572 2029 1359 2859 2072 332 1832
Route 14 : 649 2149 450 1237 351 2737 687 1950 1851 419 1919 1377 2187 584 2084 2877 1106 2606 715 61 1561 2215
Route 15 : 475 685 2185 1975 1440 1031 2940 2531 1238 19 1519 2738 505 1306 2005 1272 876 2806 2376 991 2772 2491 187 1687
Route 16 : 566 1478 2066 1374 56 1556 2874 2978 1133 429 39 2633 1929 302 170 1802 1080 1539 1670 2580 1100 2600
Route 17 : 386 184 1684 300 1886 806 2306 728 2228 1137 1800 785 990 2285 455 2490 837 2637 618 978 1955 2337 2478 2118
Route 18 : 1134 842 113 2634 2342 1613 1196 109 2696 777 1609 42 638 2277 2138 1542 227 175 1727 1675 379 1879
Route 19 : 128 1628 568 1363 2068 789 2289 1078 570 2070 82 2863 1582 1114 2578 1366 273 2614 1773 2866
Route 20 : 188 663 821 228 1688 2163 1728 776 2276 2321 1048 31 2548 1531 612 442 2112 1120 1234 1942 2734 2620
Route 21 : 285 441 1785 1941 829 241 1741 239 2329 1739 371 1871 539 148 1470 2039 596 1648 2096 2970 87 421 1587 1921
Route 22 : 1176 730 2676 937 700 2230 2437 905 2200 2405 160 356 1660 389 1856 1191 2691 1889 1232 1328 2732 350 2828 1850
Route 23 : 485 587 2087 897 1985 2397 157 1657 1412 1384 2884 543 910 2912 392 2043 2410 594 2094 1892
Route 24 : 792 1281 2292 36 808 2781 272 2308 867 987 1536 2367 1772 2487 234 473 1973 624 1734 18 1518 2124
Route 25 : 960 102 2460 1602 376 1495 1876 556 720 81 2056 2995 620 1581 2120 2220 264 1358 2858 1160 1764 2660
Route 26 : 78 531 1578 641 651 2141 2031 1130 2151 909 1402 2409 2902 2630 229 797 2297 62 1562 1729 1388 2888
Route 27 : 458 800 143 2300 1643 1958 1319 2819 1231 1316 2731 488 1988 2816 1016 459 2516 1959
Route 28 : 1255 770 2755 397 2270 827 2327 1030 1897 1342 46 2530 504 2842 1546 2004 1229 420 2729 1361 2861 1020 2520 1920
Route 29 : 577 2077 1090 804 1339 2304 2590 126 1136 2839 53 1553 1626 270 2636 468 1265 571 1968 2071 1282 2782 2765 1770
Route 30 : 1467 409 1909 437 2967 427 972 1287 1927 1937 2472 936 959 2787 1165 2665 2436 533 2459 2033
Route 31 : 1320 2820 652 1297 2797 2152 1228 679 2728 706 2206 2179 1274 906 2774 2406 261 1761 1407 2907 142 1642
Route 32 : 283 93 1593 209 1709 1783 1058 1180 1313 2558 2813 765 2265 896 2680 1292 357 2396 297 2792 1857 1797
Route 33 : 764 2264 319 223 1819 828 2328 1117 1392 2892 2617 614 833 2333 2114 1019 2519 1723 25 257 569 1757 1525 2069
Route 34 : 116 1053 1616 1448 2553 661 2161 260 249 1760 1367 2867 1749 460 1960 725 2225 1193 2948 1116 2616 2693
Route 35 : 546 2046 1278 248 1748 971 2471 2778 38 1538 90 1217 703 1590 2717 395 2203 1895 672 1166 2172 1183 2683 2666
Route 36 : 140 1397 2897 1640 1205 611 2705 433 1248 868 2748 2368 1933 2111 1189 1257 365 507 2007 2757 2689 1865
Route 37 : 310 138 1810 955 1638 974 215 2455 1715 2474 399 1899 318 917 2417 1818 560 662 2060 742 2162 2242 853 2353
Route 38 : 1084 1161 2584 849 1182 2682 2349 1333 654 2661 95 1595 2833 2154 254 1754 1436 1167 2936 67 1567 383 2667 1883
Route 39 : 755 1298 2255 924 2424 2798 210 423 1923 1710 648 2148 35 814 1535 872 2314 2372 537 10 1510 2037
Route 40 : 99 440 1940 1599 1288 479 2788 1052 2552 296 1979 512 2012 252 1796 1290 1752 462 2790 554 2054 1962 1124 2624
Route 41 : 1026 2526 344 1844 226 864 1726 231 940 1731 2364 2440 1184 502 2002 2684 454 115 1954 1615 722 2222
Route 42 : 1074 13 1513 2574 716 567 2216 523 2023 1138 2067 2638 736 339 1491 2236 2991 448 1948 1839 610 2110
Route 43 : 1318 150 1650 525 284 2818 2025 1784 581 98 1249 461 1598 2081 1961 1036 2536 932 595 2749 245 2432 2095 1745
Route 44 : 1241 1401 2741 483 464 1983 1964 2901 403 976 1903 712 2212 456 1956 2476 1472 522 2022 1126 2626 385 1885 2972
Route 45 : 499 1999 308 199 1699 578 1289 2078 1485 2985 1168 2668 1808 2789 743 754 575 2075 680 2243 2254 345 2180 1845
Route 46 : 275 1023 2523 466 1966 1775 1355 2855 402 304 1902 1404 1195 1804 2904 1157 2657 165 1665 733 2695 2233
Route 47 : 902 1376 1351 2851 2402 41 33 2876 757 1533 316 1541 2257 1816 375 516 2016 627 75 1575 2127 1875
Route 48 : 1492 935 2435 1181 153 1653 2681 851 2992 354 2351 171 1854 1671 1283 517 2017 1147 2783 2647
Route 49 : 780 609 599 2280 1118 2109 2618 1496 2099 2996 1123 1105 2605 1410 2910 631 2623 1286 2131 1420 2786 2920
Route 50 : 20 643 2143 1520 966 921 2421 393 2466 374 1893 1365 2865 1119 2619 1874 745 2245
Route 51 : 1018 1144 2518 1139 2644 2639 1081 1304 2804 2581 430 86 1586 394 1894 536 1930 541 2036 2041
Route 52 : 1499 903 2999 619 2403 2119 425 1925 50 422 1550 1092 1922 1067 91 1591 2567 2592 820 1059 2559 2320
Route 53 : 669 1372 2169 1487 2872 1340 2987 141 2840 1641 817 1009 2317 802 238 1738 2509 2302 1421 1344 2921 314 2844 1814
Route 54 : 1220 183 65 2720 1565 1683 907 692 912 2192 74 2407 1072 2572 2412 1574
Route 55 : 152 1375 2875 145 1645 1652 1280 207 2780 1243 2743 295 1707 1037 326 1826 88 2537 1588 1223 2723 1795
Route 56 : 550 2050 1455 509 2955 2009 1256 1498 2998 180 1680 290 2756 428 1790 1928 1497 1466 2997 489 1989 977 2477 2966
Route 57 : 496 701 2201 1324 1996 2824 526 1461 2026 2961 852 2352 696 953 2196 362 2453 1862
Route 58 : 240 1381 1740 1309 2809 2881 136 938 291 1636 1791 732 2232 1336 2438 2836 191 1691 498 1998 708 2208
Route 59 : 506 2006 848 1061 2348 434 1226 2561 1934 2726 1480 1129 2980 892 2629 286 1786 1382 2882 2392 900 2400
Route 60 : 1296 589 477 2796 2089 690 2190 1977 1046 636 2546 719 957 2219 2457 179 2136 424 816 2316 1679 721 1924 2221
Route 61 : 1003 557 1028 2528 2057 195 2503 1013 1695 1035 202 2513 623 2123 1702 49 2535 1170 1103 2603 2670 1549
Route 62 : 1015 670 2170 303 348 2515 1803 705 1848 2205 106 1606 766 2266 1071 1047 2571 894 738 2238 2394 2547
Route 63 : 120 97 836 1620 1597 11 2336 281 1076 1511 490 1990 52 1781 2576 1285 2785 1552 235 1735 110 818 1610 2318
Route 64 : 340 1354 1840 1112 2612 84 1258 2758 1584 382 2854 492 1882 1992 866 1132 964 713 2464 2632 2366 2213
Route 65 : 1308 1108 930 933 2433 944 2608 2444 2430 85 1585 2808 166 918 1666 214 688 1714 2418 503 2003 2188 635 2135
Route 66 : 1471 1002 435 2971 2502 164 1935 443 1386 1664 163 1943 2886 1663 40 942 2442 414 1540 1049 1914 2549
Route 67 : 495 309 1995 751 1809 2251 219 563 2063 1719 1006 94 1594 2506 710 445 1945 831 2210 233 2331 931 1733 2431
Route 68 : 995 697 2197 908 2408 320 2495 1068 2568 22 1820 740 1522 71 2240 1571 104 1214 1604 2714 983 2483
Route 69 : 396 630 1896 2130 1403 28 1528 2903 103 748 1603 998 2248 2498 904 1380 2880 2404
Route 70 : 1357 2857 481 1981 190 77 1690 586 2086 760 2260 1577 835 1422 2335 975 2922 1171 2475 2671 681 2181
Route 71 : 1194 491 1063 2563 1252 2694 1190 2752 682 2182 811 2311 854 2354 125 1991 668 2690 2168 1266 1625 1188 2766 2688
Route 72 : 426 1054 1926 2554 996 2496 258 875 1050 1758 2550 1070 2375 1022 2522 119 923 2570 1027 2527 2423 1619
Route 73 : 30 1042 1530 948 2542 841 2341 1425 2448 564 2925 1179 2064 2679 1218 186 2718 1686
Route 74 : 418 600 2100 1918 626 1099 2126 678 621 2121 2599 2178 1140 826 457 2326 4 1504 1162 1957 2640 2662 986 2486
Route 75 : 363 1034 1224 2724 2534 1863 1444 2944 545 2045 278 168 1225 521 1668 1778 2021 1468 2725 2968
Route 76 : 58 1558 156 1449 208 1656 2949 1708 1284 1428 707 2784 2207 2928 147 1481 1647 2981 1323 2823
Route 77 : 1393 1141 2893 1301 2801 2641 1330 1458 2830 925 2958 538 64 1564 1417 2425 1356 2917 2856 824 2038 535 2035 2324
Route 78 : 1221 2721 471 823 472 1971 540 1414 2323 2914 2040 993 1972 2493 311 1494 2994 1811 941 2441
Route 79 : 1307 406 1906 2807 1242 2742 1321 2821 400 127 1900 653 1627 2153 337 796 1837 139 2296 1639
Route 80 : 939 317 1817 510 750 2439 2010 298 2250 1798 407 1907 83 1583 784 2284 1291 1158 1169 2791 2669 2658
Route 81 : 212 1712 1044 1310 1111 2810 2611 508 2544 674 1424 2008 181 1681 2174 2924 1109 1213 2713 1245 2745 2609 1378 2878
Route 82 : 1300 2800 616 1201 2116 280 922 2422 2701 822 1780 2322 547 268 92 1592 2047 1768
Route 83 : 1462 735 650 2150 2962 2235 950 632 2450 2132 1146 2646 890 158 2390 315 1658 1815 702 44 1544 2202
Route 84 : 846 1187 2687 597 914 2346 989 2097 646 2489 2414 2146 1315 530 2815 548 2048 27 1527 1057 2030 2557
Route 85 : 361 124 871 1624 1347 2847 1861 2371 1438 869 2369 177 2938 1677 6 1506 1204 221 2704 1014 1721 161 1661 2514
Route 86 : 608 1008 2108 2508 659 891 1250 2750 2391 2159 819 129 2319 1629 349 487 1849 984 2484 1987
Route 87 : 1156 486 2656 693 1986 205 2193 856 778 2278 1705 2356 666 1456 2956 2166 342 364 1842 795 1864 118 2295 1618
Route 88 : 185 449 1949 1685 809 549 2309 542 2042 2049 698 2198 242 1742 107 834 617 1607 2334 2117 1200 2700
Route 89 : 1369 2869 250 101 1750 645 1601 858 1362 69 2358 2862 2145 243 1569 1268 1743 2768 1346 2846
Route 90 : 786 997 2497 1391 2286 111 1312 2891 1150 1611 2812 66 1566 2650 192 470 1970 694 1692 629 2194 2129
Route 91 : 217 1239 1215 2715 2739 603 1717 2103 683 840 2183 2340 782 2282 675 436 2175 1936 565 1208 2065 2708
Route 92 : 999 410 1910 744 2244 1177 2499 877 2677 718 2218 169 1203 2377 1091 2591 1669 1164 2703 673 2664 1262 2173 2762
Route 93 : 1261 1411 2911 2761 741 1173 2673 2241 313 1389 1813 2889 105 366 992 1605 377 1866 1877 2492 862 2362
Route 94 : 676 1260 2176 17 2760 1517 265 1765 287 1055 1113 919 2555 2419 1110 1787 2613 2610 574 1209 2709 2074 333 1833
Route 95 : 54 1236 1554 417 899 2736 2399 1917 970 949 2470 2449 988 312 338 2488 1838 1812
Route 96 : 724 353 1853 2224 1311 2811 321 1383 2883 1821 1211 794 2711 412 1912 2294 151 1060 2560 1493 1651 2993 1429 2929
Route 97 : 1083 45 1545 686 2583 2 2186 194 1452 1502 1694 29 1529 805 1127 878 2952 2378 2305 2627 467 1967
Route 98 : 580 727 2080 714 625 2227 1454 2214 2125 772 2954 1085 2272 144 2585 1644 1039 601 328 1828 2101 330 1830 2539
Route 99 : 518 865 1327 2018 2365 887 463 657 1963 2827 224 2387 2157 246 1746 982 1724 704 2482 1240 2204 1269 2769 2740
Route 100 : 622 70 2122 985 12 2485 1570 1512 359 474 1859 1089 2589 432 1932 162 1974 729 1409 2229 2909 1662
Route 101 : 1435 431 2935 1931 552 347 1847 734 2234 497 2052 1334 2834 775 1997 123 1623 343 1843 1064 2275 2564
Route 102 : 1175 874 2374 1198 2675 182 2698 438 1938 769 1682 411 1415 1911 2915 2269 167 26 1667 1423 1431 1526 2923 2931
Route 103 : 453 763 1953 2263 500 1341 2000 1172 2672 2841 699 749 2199 2249 236 299 1736 282 1782 1264 1799 2764
Route 104 : 1233 2733 1267 1335 787 2767 1155 2287 1021 2835 2521 1069 2655 2569 1408 1005 2908 1299 2505 637 2799 2137
Route 105 : 544 1437 2937 965 2044 717 2465 1353 2217 2853 358 1148 2648 1858 1247 478 2747 1276 114 1978 1614 2776
Route 106 : 1246 2746 859 1360 384 2359 15 1884 1515 1207 2860 1075 2707 2575 266 534 112 2034 1612 1766 416 1302 1916 2802
Route 107 : 768 671 2171 511 2011 1056 2556 2268 482 579 2079 788 117 1982 37 1617 2288 1332 1537 79 1579 2832
Route 108 : 130 1630 484 372 1984 444 1872 1453 1944 961 2953 3 2461 1503 726 559 1163 2059 2663 2226
Route 109 : 390 1890 1477 934 2434 665 2977 920 753 634 2253 2165 2420 9 2134 1509 762 801 2262 737 2237 2301
Route 110 : 882 746 2382 178 1678 2246 1439 761 2939 352 2261 1273 2773 956 1852 57 2456 532 1557 585 2032 2085
Route 111 : 306 381 1806 1881 346 1430 1846 1017 2517 2930 1406 888 404 2388 1904 2906 1474 121 2974 1621 1152 2652
Route 112 : 1419 1122 2919 889 2622 1322 2389 807 2307 913 2413 43 2822 863 1543 2363 322 1475 1822 832 2975 2332
Route 113 : 149 1082 951 1649 2582 1427 2451 2927 1125 1352 336 1836 592 2852 1476 2625 2092 656 2156 159 2976 664 1659 2164
Route 114 : 59 1385 2885 1343 334 1559 1834 324 2843 825 1824 1253 2325 2753 267 929 1275 1767 926 2775 2426 2429
Route 115 : 593 360 583 1860 886 2083 1104 2386 2093 2604 1212 513 2712 1387 2013 850 2887 2350 1159 1202 2659 2702
Route 116 : 843 860 2343 1185 2360 1001 2501 2685 388 928 2428 943 2443 1325 1888 1479 2825 1216 2716 2979
Route 117 : 1331 1263 2763 2831 341 391 1841 1891 1062 1348 898 2562 2848 2398 1197 2697 980 873 2373 1469 2480 2969
Route 118 : 1338 256 2838 1756 915 1426 2926 2415 598 1011 2098 1040 2540 2511 812 206 1706 259 1759 2312 263 1763
Route 119 : 1488 327 2988 415 1827 1441 1915 981 771 2941 2271 1219 644 2481 2144 1087 323 2587 2719 1823 173 1483 1673 2983
Route 120 : 1345 2845 1004 1337 2504 2837 211 133 602 1192 1633 2692 2102 1711 1045 2545 1143 89 1484 2643 2984 1589
Route 121 : 23 355 408 1523 305 1805 1855 1908 793 501 2293 251 1751 655 752 2001 1489 2155 2989 1399 2899 790 2252 2290
Route 122 : 480 1305 2805 8 1980 803 1508 2303 34 1434 2934 1101 1534 2601 1486 100 2986 1371 2871 756 1600 2256
Route 123 : 640 451 2140 469 1969 1199 1951 973 213 1713 447 1947 2473 2699 1000 1012 2512 1095 2595 677 2500 2177
Route 124 : 1368 2868 405 1033 55 2533 1905 1145 1555 329 2645 1829 881 387 1887 1326 2381 1093 2593 2826 1277 2777
Route 125 : 773 446 73 1573 2273 1097 582 1946 1271 2597 2082 1041 1329 2829 1007 791 2541 2507 2771 2291
Route 126 : 1293 172 1672 1447 2793 2947 916 781 2416 413 830 1913 198 2330 1698 1098 2281 368 2598 176 958 1676 1868 2458
Route 127 : 1450 870 2950 590 277 2090 14 2370 1777 689 1460 1514 2960 271 1771 237 639 2189 21 1737 2139 1521
Route 128 : 452 857 1952 1370 2357 1394 1432 2894 1416 2870 2932 2916 884 253 1753 200 1073 2384 1700 220 1720 2573
Route 129 : 615 2115 767 1115 2267 2615 605 573 439 2105 1939 2073 1038 1396 1451 2896 2951 2538 1025 1490 2990 2525
Route 130 : 1154 2654 979 244 1744 2479 1390 813 2313 954 2890 1077 2454 60 222 1560 2577 146 1722 1646 1459 895 2395 2959
Route 131 : 527 108 1350 2850 2027 1303 2803 1608 1364 1457 2957 2864 520 68 2020 551 2051 63 1568 1563
Route 132 : 1314 2814 1102 1051 1086 2586 2551 1442 2942 947 2602 1 1501 2447 1259 758 1065 2258 2759 2565
Route 133 : 1254 2754 1464 189 2964 1689 1418 2918 274 1774 1400 927 2427 2900 711 519 2211 1465 2965 613 2019 2113
Route 134 : 731 201 2231 844 196 1443 1696 1701 2943 154 2344 1654 1079 1043 2579 1482 2543 1349 774 2982 2849 2274
Route 135 : 963 528 2028 2463 695 2195 883 1279 398 2779 2383 1088 1898 135 911 2588 288 2411 230 1635 1788 1730 885 2385
Route 136 : 72 32 1532 723 1149 2223 1572 1500 2649 879 3000 216 155 1716 2379 1446 2946 815 2315 1655
