Instance name:    ber-n1000-4
Authors:          Dmitriy Churilov (churilov@advantum.pro), Alexander Galko. Advantum Routing System (advantum.ru/route)
Date:             2025-04-02
Reference:        Advantum Routing System, advantum.ru/route
Solution
Route 1 : 142 264 47 764 547 341 498 998 841 496 642 152 996 652 453 487 373 953 987 369 873 869
Route 2 : 416 212 154 712 654 916 349 849 253 753 344 138 106 844 638 606
Route 3 : 499 325 999 825 23 314 523 239 739 814 379 121 488 621 879 988 491 991
Route 4 : 171 470 671 88 588 970 490 990 460 8 960 471 405 508 971 905 285 785
Route 5 : 79 363 579 298 863 798 386 458 444 886 394 958 400 944 900 894
Route 6 : 294 794 270 75 44 544 575 770 147 647 102 602 100 213 713 600 389 889
Route 7 : 101 181 681 332 46 59 832 546 601 559 87 360 449 587 860 949
Route 8 : 378 355 855 878 260 254 760 497 754 68 568 997 229 729 207 308 707 808
Route 9 : 473 973 89 12 589 512 182 385 682 348 848 885 116 128 628 616 251 36 536 751
Route 10 : 388 139 199 699 888 397 897 639 493 318 448 818 993 948 441 242 941 742
Route 11 : 390 282 146 782 890 646 218 149 15 718 649 168 515 668 241 246 741 472 746 474 972 974
Route 12 : 158 658 193 693 455 167 667 440 955 343 940 406 843 350 906 850 114 614
Route 13 : 398 898 335 317 295 817 315 835 452 795 815 952 312 812 111 180 680 611
Route 14 : 92 234 734 592 148 484 648 984 464 169 174 964 669 674 175 675
Route 15 : 58 383 163 883 663 558 495 478 995 192 978 692 331 184 831 684
Route 16 : 170 485 670 985 442 80 942 70 570 580 412 219 912 719 418 183 918 683
Route 17 : 437 217 717 465 965 22 415 937 522 915 354 85 214 854 714 421 585 921
Route 18 : 41 541 384 35 362 862 884 535 172 321 821 672 272 772 281 14 781 514
Route 19 : 98 598 197 273 773 53 697 299 799 553 399 288 899 788 359 409 909 475 859 975 500 1000
Route 20 : 130 630 211 438 132 632 938 185 261 711 333 761 685 833 463 83 583 963 27 527
Route 21 : 66 56 556 566 262 279 762 278 779 778 429 403 929 903 404 107 904 607
Route 22 : 305 309 447 805 947 809 173 673 137 446 492 637 992 164 946 664
Route 23 : 271 468 252 752 771 968 457 235 323 823 957 735 414 481 981 914 245 745
Route 24 : 125 135 126 134 626 625 635 42 634 274 247 774 542 747 263 52 20 763 552 105 520 605
Route 25 : 480 980 450 233 733 950 293 289 256 793 789 756 208 708 221 721
Route 26 : 64 276 189 689 564 776 269 769 45 200 700 545 319 225 69 160 725 660 569 819 21 521
Route 27 : 113 191 613 691 258 758 104 604 176 310 60 810 676 428 560 928 201 156 656 701 57 557
Route 28 : 48 374 874 548 90 277 590 210 710 777 71 334 571 476 976 834 417 917
Route 29 : 222 284 62 784 562 375 875 722 291 202 237 702 791 737 39 82 539 582 433 933
Route 30 : 188 112 54 688 612 377 554 430 877 205 930 705 330 297 84 797 584 830 257 757
Route 31 : 209 18 73 78 366 573 518 578 445 866 709 28 945 528 461 267 767 961
Route 32 : 395 895 482 486 982 427 356 203 391 986 891 703 402 856 927 902 462 962
Route 33 : 459 371 959 871 244 346 744 846 65 287 195 695 565 787 155 190 690 655
Route 34 : 425 925 3 345 845 503 227 338 727 838 26 37 306 806 408 526 537 908 467 967
Route 35 : 268 166 666 768 13 91 591 357 513 857 301 24 524 2 801 303 502 204 803 704
Route 36 : 422 313 922 813 157 392 892 657 74 115 574 615 177 61 292 561 677 792
Route 37 : 162 230 250 730 662 216 750 77 716 577 347 159 206 706 847 122 659 353 853 127 622 627 43 543
Route 38 : 144 236 644 469 969 736 401 275 775 300 187 800 687 901 72 11 494 994 572 511
Route 39 : 29 336 529 836 133 223 97 633 723 597 150 143 643 650 361 861 479 283 979 783
Route 40 : 413 913 329 255 179 829 755 679 322 10 822 443 510 231 731 943 161 7 507 661
Route 41 : 382 145 882 434 645 94 934 594 249 320 124 820 749 624 33 103 290 603 533 790
Route 42 : 32 532 387 364 864 265 887 765 368 868 31 232 286 732 531 786
Route 43 : 117 617 186 396 93 686 896 593 17 67 483 517 567 432 983 352 25 932 852 525
Route 44 : 316 99 816 599 109 38 609 81 538 226 581 55 431 726 555 931 118 34 40 540 534 618
Route 45 : 358 215 456 715 858 956 339 224 839 228 95 724 595 19 728 259 759 519
Route 46 : 194 220 123 694 720 623 4 119 619 504 280 16 516 780 238 196 738 454 696 954
Route 47 : 351 327 136 827 851 165 665 636 342 302 842 489 802 372 989 423 923 129 872 629
Route 48 : 451 370 870 307 807 324 951 108 380 824 608 880 30 151 131 530 631 651
Route 49 : 6 506 140 376 1 876 501 640 337 51 5 551 837 505 393 243 326 826 893 743 9 509
Route 50 : 367 477 977 867 120 419 620 435 919 935 311 436 340 936 811 840
Route 51 : 248 266 748 296 50 766 550 796 439 304 804 76 939 576 49 96 549 420 596 920
Route 52 : 110 426 926 153 365 653 865 411 911 424 63 86 924 586 563 141 610 641
Route 53 : 240 740 198 178 698 678 466 328 966 828 407 410 381 907 910 881
