Instance name : ber-n5000-4
Authors       : Dmitriy Demin, Mikhail Diakov (msd@veeroute.com), Ivan Ilin, Nikita Ivanov, Viacheslav Sokolov (vs@veeroute.com) et al. VRt Global (https://veeroute.com/)
Date          : 2023-04-18
Reference     : veeroute.com
Solution
Route 1 : 1866 1905 130 2630 2121 4366 4405 2186 2449 4621 4949 4686 2064 2175 4675 4564
Route 2 : 2028 2478 4978 4528 2298 4798 2366 768 535 4866 1323 3268 1779 3035 1635 3823 4279 4135
Route 3 : 811 8 621 2508 1880 3121 1672 140 4380 2640 4172 2129 1951 4451 3311 4629
Route 4 : 323 269 1446 2823 506 3006 1950 2769 3946 2362 4450 4862
Route 5 : 239 822 1425 1803 4303 3925 2739 3322 2470 2408 2244 4970 4908 4744
Route 6 : 1253 1612 639 458 4112 3753 2958 3139 66 1650 1335 4150 3835 2566 1825 4325
Route 7 : 2386 4886 126 2626 1508 156 2656 4008 407 882 2907 628 3382 3128 1727 128 1352 2628 4227 3852
Route 8 : 412 2092 1493 3993 4592 545 12 3045 2912 2512 1225 3725 1427 1450 3927 3950 1440 3940
Route 9 : 2368 4868 1104 1485 3604 3985 389 1241 563 2889 3063 2305 3741 4805
Route 10 : 1876 249 1467 2749 1490 3990 4376 3967 2382 4882 1473 940 3973 2482 3440 1043 4982 3543
Route 11 : 1103 1702 2260 4202 3603 4760 724 77 610 2577 3224 3110
Route 12 : 957 2117 1699 4199 3457 4617 2331 4831 1610 43 651 4110 2543 3151
Route 13 : 1219 114 905 2614 1326 3826 228 1682 3405 3719 2728 4182 1998 1437 4498 2090 4590 3937
Route 14 : 1383 1923 47 1648 4148 3883 2547 2052 4423 2083 4583 4552 2128 812 4628 3312
Route 15 : 225 821 2725 497 3321 2997 183 1469 2683 3969 2380 4880
Route 16 : 981 1237 3737 493 3481 2993 98 1047 1828 4328 3547 2598 757 3257 803 3303
Route 17 : 1305 93 2017 3805 2593 362 4517 603 359 3103 1925 4425 867 2859 2862 386 3367 13 2886 2513
Route 18 : 1177 855 3677 1099 1215 3599 3355 277 3715 1276 2777 1252 3776 3752
Route 19 : 726 826 404 3226 3326 1534 393 1210 3710 2893 4034 2904 1954 1978 4454 4478
Route 20 : 1743 4243 262 351 1014 438 2762 3514 1906 2851 4406 2938
Route 21 : 1826 167 150 528 2667 3028 2650 548 722 245 3048 2745 3222 4326 2437 348 2848 4937
Route 22 : 657 1592 1271 3157 4092 3771 968 3468 1172 1279 1653 4153 3672 3779
Route 23 : 1553 1791 1683 4053 4291 2033 4183 4533 663 549 613 3163 3113 1349 3049 3849
Route 24 : 1337 3837 1688 1056 899 3556 3399 4188 2314 1282 3782 111 4814 2611
Route 25 : 1616 1739 4116 4239 789 1504 3289 4004 715 898 95 2595 3398 20 3215 1823 2520 4323
Route 26 : 88 2099 856 2588 4599 3356 2100 1259 1361 4600 3759 3861
Route 27 : 987 1569 1012 492 4069 3487 1474 75 2992 1943 4443 2575 1965 4465 2279 3974 4779 3512
Route 28 : 454 654 619 3119 2954 3154 1091 2458 1441 3591 666 3941 4958 1899 4399 3166
Route 29 : 34 1399 2361 4861 2534 3899 2108 4608 469 986 906 2969 782 3486 3282 3406
Route 30 : 1848 2199 4348 4699 1798 199 1805 517 1878 4298 3017 4305 2699 4378
Route 31 : 2187 124 2624 2426 1510 1324 4926 4687 4010 2273 3824 731 3231 4773
Route 32 : 1817 185 4317 2685 941 874 1511 3374 4011 3441 1403 233 3903 2733 695 3195
Route 33 : 1666 64 4166 1629 4129 2564
Route 34 : 1917 1631 502 4131 3002 753 4417 2348 2018 4848 4518 3253 2123 1384 3884 4623
Route 35 : 762 485 2985 3262 1322 171 3822 889 2671 1513 3389 4013 248 1455 2748 3955
Route 36 : 2286 1997 2455 4786 4497 4955 642 995 3495 590 3142 664 890 3164 3390 3090
Route 37 : 2169 1766 1734 4669 4234 4266 1483 3983 1757 1421 3921 930 3430 4257
Route 38 : 1029 312 2812 3529 84 2584 1690 275 1046 3546 1049 2775 4190 3549 1831 1884 4331 4384
Route 39 : 2179 2421 4679 1454 1541 4921 4041 3954 289 70 2570 1669 1593 4093 340 2840 4169 2789
Route 40 : 1263 1808 1453 1311 4308 3811 3763 3953 2253 4753 476 896 165 3396 2665 2976
Route 41 : 1605 1809 2434 4934 4105 4309 2424 4924 2338 2184 4838 4684 55 2555
Route 42 : 2495 2170 4670 4995 354 1855 2854 1360 3860 4355 2104 2489 4604 4989
Route 43 : 2308 2192 30 2530 4808 1719 26 2526 4219 4692 164 1649 2664 4149
Route 44 : 1981 4481 1788 467 498 1946 4446 2967 4288 1035 802 3535 2998 2165 3302 4665
Route 45 : 911 35 3411 392 468 2892 2535 1334 617 2212 2968 4712 3834 3117 2369 4869
Route 46 : 1095 1198 3698 2010 291 2791 4510 640 1380 3595 912 3880 3412 3140 1595 353 4095 2853
Route 47 : 764 267 3264 2767 1155 1372 1054 3554 2008 3655 3872 2378 4878 4508
Route 48 : 588 917 3088 2490 3417 4990 322 952 2822 489 3452 1390 3890 2989 817 134 3317 2634
Route 49 : 1700 44 718 4200 2544 3218 1093 2142 4642 1691 3593 1814 806 2497 3306 4191 4314 4997
Route 50 : 836 1795 305 4295 587 2805 411 3087 3336 1959 2911 871 4459 3371
Route 51 : 990 2488 2334 2218 4718 4834 4988 3490 2281 319 4781 674 3174 2819
Route 52 : 991 1929 4429 2467 4967 3491 559 317 562 46 669 3062 2546 3059 2817 3169
Route 53 : 2402 2499 2404 4904 4902 4999 2405 2474 4905 4974 550 1736 655 3155 4236 3050
Route 54 : 499 25 2999 397 1140 3640 2897 2525 1660 1236 1703 4203 4160 3736 2097 2355 4597 4855
Route 55 : 219 2337 2719 2466 4837 2265 4966 1913 4413 366 744 1756 2866 4256 4765 3244
Route 56 : 1413 420 1069 3569 2920 3913 2219 4719 1141 1375 1924 3641 4424 3875
Route 57 : 2020 1002 1979 2006 4479 3502 2042 4520 4506 4542 465 1735 4235 2965
Route 58 : 172 1068 2299 2672 3568 2103 4603 4799 2088 2068 1980 4588 4568 4480
Route 59 : 691 315 3191 1947 1802 1414 2815 4447 1794 4302 3914 4294 2403 1544 4903 4044
Route 60 : 706 3206 1654 2110 4154 719 4610 2285 3219 2115 4615 4785 285 847 2785 3347
Route 61 : 602 1686 3102 4186 1199 1463 1208 3963 1773 3699 515 4273 2157 3015 3708 4657
Route 62 : 2375 4875 1515 2109 4015 4609 271 1009 679 2771 1704 3179 3509 4204
Route 63 : 1949 2282 4449 4782 978 216 442 2942 3478 2716 2004 4504 800 501 3300 3001
Route 64 : 1598 4098 486 787 580 3080 2986 3287 2384 2457 4957 4884 1302 1132 3632 3802
Route 65 : 1368 3868 843 571 15 3343 2515 3071 1203 1846 568 3068 3703 4346
Route 66 : 1742 907 1079 180 3407 4242 3579 2680 1860 1717 933 4360 365 996 3433 3496 4217 1000 3500 2865
Route 67 : 2245 878 1204 652 2252 2257 3378 4757 3152 4752 3704 2435 2270 4745 4935 4770
Route 68 : 1063 1517 551 4017 3051 607 605 294 2794 120 3105 3107 1865 1034 2620 4365 707 3563 3534 3207
Route 69 : 1019 3519 1952 1011 703 3511 3203 4452 508 767 1839 3008 3267 4339
Route 70 : 261 1830 2376 2761 971 1651 4151 1509 4330 4009 1448 3948 3471 1843 4343 4876
Route 71 : 1314 200 302 3814 2802 2012 2700 4512 818 1643 2280 4143 3318 48 2313 4780 4813 2548
Route 72 : 286 2390 2786 4890 1875 1098 1697 3598 2494 4197 4375 1969 4469 2241 4741 4994
Route 73 : 1051 992 3551 725 3225 3492 1492 1163 3992 3663 1174 133 1377 3674 2243 4743 3877 2633
Route 74 : 1977 2209 4477 2423 4709 2023 4923 622 3122 4523 523 1159 3023 624 3124 3659
Route 75 : 2387 424 4887 2924 2007 2250 4507 4750 2445 2324 4945 4824 188 2688
Route 76 : 2373 2112 4873 2485 4612 2487 4985 1045 3545 395 4987 1542 2895 1573 4073 4042
Route 77 : 83 2583 959 3459 597 1647 487 4147 2987 2333 4833 3097 2465 2079 4965 4579
Route 78 : 1285 213 1491 1552 3991 2713 4052 2471 2301 3785 4801 4971 2296 4796
Route 79 : 1684 4184 1456 1242 3742 3956 1146 946 1308 1022 3808 3646 3522 1507 705 4007 3446 3205
Route 80 : 627 243 122 1297 3797 3127 2622 2743 206 779 1411 3279 2706 3911 1996 4496
Route 81 : 2240 2272 4740 4772 1269 2454 3769 1632 1295 4954 3795 1112 4132 147 3612 835 2647 3335
Route 82 : 2267 2229 2318 4767 4818 4729 1449 3949 616 861 3361 3116 1819 2120 4620 4319
Route 83 : 513 1532 3013 4032 682 436 1430 10 3182 2936 3930 2510 42 76 747 3247 2576 2542
Route 84 : 1018 62 3518 1055 2562 408 641 3141 3555 1137 2908 173 1496 2673 689 3637 3189 3996
Route 85 : 1378 1681 3878 235 4181 2735 741 1888 593 3093 4388 3241 2029 632 2177 3132 4677 4529
Route 86 : 2111 4611 2210 2438 4710 4938 254 805 585 3305 1391 3891 2754 1549 3085 4049
Route 87 : 1887 4387 2304 1961 4804 4461 694 415 772 2915 3194 3272
Route 88 : 2326 4826 2015 2054 543 4554 4515 3043 944 3444 222 384 820 2884 2722 3320 530 3030
Route 89 : 1268 1594 1109 3609 437 3768 4094 2937 1369 240 3869 2740 748 790 1201 3290 837 3337 3248 3701
Route 90 : 788 1521 3288 4021 1316 316 3816 1423 2816 1136 3923 3636
Route 91 : 1165 137 1604 631 3665 1990 2637 4490 3131 4104 634 919 3134 3419
Route 92 : 1895 4395 1615 1080 1115 4115 3580 1883 3615 1689 727 1546 4383 1373 3227 4189 4046 3873
Route 93 : 369 858 2869 3358 2027 329 4527 2367 474 1953 2974 2829 4453 4867 2040 4540
Route 94 : 1973 4473 1319 2414 4914 993 3819 2222 3493 2098 4722 4598
Route 95 : 330 1374 1462 3962 310 1723 3874 2315 4223 2810 2200 4815 2830 2138 4700 4638
Route 96 : 54 2554 900 1312 3812 2396 3400 2293 4896 2234 1999 4499 4793 4734
Route 97 : 2197 2116 4616 4697 1062 1472 3562 700 2001 4501 3972 2259 3200 4759
Route 98 : 2119 775 1327 4619 3275 3827 1074 3574 1447 1426 1776 226 3947 2726 3926 4276
Route 99 : 1039 455 2955 3539 804 3304 1254 942 1844 3754 4344 3442
Route 100 : 1336 512 3012 1761 846 1256 3836 3346 3756 4261 2114 4614 538 265 1037 3038 2765 3537
Route 101 : 536 1406 3906 589 3036 3089 866 713 3366 461 1185 3213 50 3685 2961 527 3027 2550
Route 102 : 2309 2135 2446 4809 4635 4946 28 525 1382 3882 1701 614 3025 2528 2342 4842 3114 4201
Route 103 : 2051 374 795 4551 2874 2430 3295 4930 1419 1582 3919 699 777 3277 4082 3199
Route 104 : 276 1918 4418 2776 1258 3758 814 1832 307 3314 85 4332 2807 1332 7 2585 3832 2507
Route 105 : 756 815 3315 229 1728 3256 168 4228 1344 2729 2668 1987 3844 2353 4853 4487
Route 106 : 671 1301 1661 4161 3801 3171 1835 2400 1601 1027 4101 4335 684 4900 2356 3527 3184 4856
Route 107 : 932 1636 3432 1588 4088 827 3327 1870 4370 1721 4136 106 2606 1298 480 2980 4221 3798
Route 108 : 565 1967 3065 4467 2418 2323 2155 4655 4823 4918
Route 109 : 287 67 2787 2153 2567 4653 1275 1806 4306 3775 875 3375
Route 110 : 2398 2168 4898 1915 1799 1277 1932 3777 4299 4432 4415 4668 2330 4830
Route 111 : 2242 2262 1457 4762 4742 3957 22 1442 1318 2522 3942 143 1807 1852 3818 2643 4307 4352
Route 112 : 1709 4209 1028 1862 828 3528 3328 4362 2391 2491 4991 4891 2247 4747
Route 113 : 1125 82 1501 3625 2582 883 1167 3383 903 2003 1041 4503 3667 3541 3403 4001
Route 114 : 2415 2271 2041 2202 4915 4541 4702 4771 785 891 3391 3285 860 3360 1153 3653
Route 115 : 2406 1720 4906 771 4220 1202 3271 1216 406 3702 1902 3716 2906 4402 2473 4973
Route 116 : 460 1287 2960 3787 2249 2011 4511 2076 4749 1489 1249 1434 4576 510 3010 3989 3934 3749
Route 117 : 1156 3656 1341 1533 2377 3841 4033 146 462 4877 2962 2646 1102 1579 3602 182 4079 2682
Route 118 : 519 529 3029 3019 958 1675 3458 1084 1663 3584 4163 1410 4175 3910 176 2676
Route 119 : 2002 2401 4502 416 1078 4901 1354 3854 729 3578 1070 3570 612 2916 3229 3112 1617 4117
Route 120 : 1497 1196 1545 125 4045 3997 2625 3696 1157 3657 364 1538 4038 1751 2864 4251
Route 121 : 1389 1498 1307 3889 3807 908 3998 951 1192 3451 1623 734 3408 1175 3234 3692 1221 4123 3675 3721
Route 122 : 1564 4064 1939 400 4439 692 3192 643 3143 1218 1 2900 2151 2501 3718 4651
Route 123 : 1085 1890 4390 3585 735 2410 17 4910 2517 3235 2312 2351 4812 4851
Route 124 : 1868 902 601 3402 3101 1228 1191 4368 3691 452 2952 2226 2274 4774 4726 2031 3728 4531
Route 125 : 1613 894 4113 3394 1328 195 3828 2695 154 945 2654 1908 298 4408 3445 2798
Route 126 : 1299 1645 1550 937 3799 1869 4145 2160 3437 1767 4050 196 4660 38 2696 4267 4369 2538
Route 127 : 1244 2048 4548 3744 6 1270 1013 2506 1077 3770 2433 4933 2329 3577 3513 4829
Route 128 : 1738 1181 3681 4238 2195 2016 4516 796 3296 4695 1625 988 960 4125 3488 3460
Route 129 : 913 3413 1116 524 3024 1816 3616 2498 2409 4316 4909 4998
Route 130 : 136 816 1439 3939 1066 3316 2636 1637 1864 3566 4137 4364 1759 1554 4054 4259
Route 131 : 1822 738 3238 4322 1124 2354 3624 268 4854 2768 1315 901 892 3401 3815 3392
Route 132 : 2043 2132 4632 2392 4543 4892 1722 1488 1747 3988 4222 1097 1571 4247 4071 3597
Route 133 : 1769 282 4269 2782 428 2928 1820 1119 378 4320 2419 3619 2493 2878 4993 4919
Route 134 : 203 209 2703 296 11 2796 2709 2472 336 2836 2511 4972 1792 4292
Route 135 : 1641 258 1785 2758 1164 4141 965 909 3664 4285 3465 3409 2251 690 3190 4751
Route 136 : 2277 250 422 2750 318 4777 2818 2922 1351 1577 4077 3851 1458 308 280 2808 2780 388 3958 2888
Route 137 : 2091 4591 1955 2180 4680 704 4455 1240 3204 1583 1520 4020 4083 342 3740 2842
Route 138 : 586 1599 1886 4099 3086 4386 2025 2452 4952 4525
Route 139 : 253 2753 9 2509 1790 1058 3558 4290 720 566 3220 1606 3066 583 4106 1182 3682 3083
Route 140 : 1342 1128 3628 1353 1768 1065 3842 3853 4268 3565 1452 396 3952 292 2792 1245 2896 3745
Route 141 : 2256 662 3162 1094 678 3594 3178 57 2557 2201 852 4701 838 3352 3338 2014 4756 4514
Route 142 : 673 1470 1840 4340 3970 3173 1195 742 3242 3695 1487 1451 3987 3951
Route 143 : 1059 776 1073 3573 3276 242 3559 367 2867 2742 591 402 2902 181 3091 2681
Route 144 : 218 52 1001 2552 3501 2718 2422 456 786 3286 2956 4922 516 433 2933 2316 3016 4816
Route 145 : 314 430 440 2126 2814 4626 2162 2940 2930 4662 647 414 326 2914 2826 3147
Route 146 : 794 1787 1811 3294 4311 4287 1424 3924 266 2327 2310 2766 4810 4827
Route 147 : 1345 368 220 3845 197 2868 2720 557 3057 2034 2697 1652 1536 144 4152 4534 4036 2644
Route 148 : 1481 1300 2461 3981 4961 3800 2161 4661 687 539 2214 3039 2178 4714 3187 4678
Route 149 : 152 879 2652 1834 964 1774 3379 1597 4334 3464 4274 4097 2352 4852 2070 4570
Route 150 : 166 862 3362 2666 1516 924 1142 4016 3642 3424 1881 830 4381 2319 3330 4819
Route 151 : 2141 490 635 3135 1398 309 4641 450 2950 2809 2990 3898 1966 246 4466 2746 376 375 2876 2875
Route 152 : 479 1350 3850 2979 885 1898 1600 3385 569 3069 4100 4398 1789 74 1693 4193 471 4289 2574 2971
Route 153 : 78 547 1710 2578 4210 3047 2440 1283 2230 923 1072 4940 3572 3423 4730 3783
Route 154 : 1889 4389 1096 160 1010 2660 127 3596 2627 3510 1716 1024 3524 1267 4216 1523 3767 4023
Route 155 : 153 96 781 2596 2653 3281 869 488 2988 3369 511 194 3011 1304 2694 3804 688 3188
Route 156 : 507 1696 60 2560 4196 808 3007 1272 1138 3308 3772 3638 301 2288 2801 4788
Route 157 : 1957 2037 135 2635 4537 1476 4457 3976 831 347 1849 3331 2847 1535 4349 4035
Route 158 : 2294 1665 1231 936 4794 4165 3731 3436 429 377 2107 2877 478 2929 4607 2978
Route 159 : 2328 4828 2082 2124 4582 4624 1662 175 4162 2479 2675 4979 1968 4468
Route 160 : 2191 4691 278 1503 1745 4003 4245 2778 1893 1313 1173 3813 3673 4393
Route 161 : 702 578 3202 1713 4213 3078 1581 2291 4081 4791 629 417 3129 2917 1602 2255 4102 4755
Route 162 : 606 2448 3106 4948 1081 272 3581 2772 2044 2176 4676 4544
Route 163 : 2500 2266 2300 4766 5000 2171 4800 86 4671 2060 391 2586 4560 2891
Route 164 : 1133 99 2599 3633 379 2879 2058 49 4558 2549 1050 3550 1186 1514 4014 3686
Route 165 : 1393 1042 3893 680 1121 3180 759 1528 3621 739 3259 939 3239 3542 4028 3439
Route 166 : 1892 1904 1064 4392 3564 4404 1810 4310 2164 284 554 4664 3054 765 2784 3265
Route 167 : 845 1101 943 3601 3443 3345 710 1657 117 3210 1708 2617 4157 1386 4208 3886
Route 168 : 119 1234 1229 2619 3734 3729 169 754 2669 1358 1412 3254 3858 3912 2232 4732
Route 169 : 1903 4403 363 174 71 2863 1207 2571 2674 636 3136 211 793 3707 3293 2480 2711 4980
Route 170 : 1680 72 1083 4180 2572 279 2216 3583 4716 2779 833 650 1230 3150 3333 3730
Route 171 : 2061 1274 656 3774 3156 4561 178 887 1122 3387 2678 3622 2248 4748
Route 172 : 1247 1226 1664 4164 3726 3747 2385 331 1280 2831 4885 3780 1325 1863 68 4363 3825 2568
Route 173 : 2307 807 260 288 3307 4807 2788 2760 1310 3810 1417 2207 3917 4707
Route 174 : 1780 2379 1676 4280 2420 4879 4176 4920 1861 929 230 4361 3429 2730
Route 175 : 752 949 3252 3449 1847 844 3344 4347 553 829 3329 921 3053 1108 1067 3421 3567 3608
Route 176 : 2032 2158 2442 2137 4637 4942 4532 4658 1960 954 4460 457 1737 3454 2957 4237
Route 177 : 2371 2189 4871 4689 1212 791 1638 3291 4138 2220 3712 142 4720 2642
Route 178 : 441 1151 3651 658 2941 758 3158 1626 1547 4047 4126 3258 2290 1502 4790 4002
Route 179 : 2287 4787 1139 1088 380 3588 2880 3639 1433 1005 3933 3505
Route 180 : 448 1484 2948 999 1407 3984 3499 3907 2084 4584 1942 574 4442 3074
Route 181 : 1551 1422 1755 1405 3905 3922 4051 4255 1964 4464 970 32 1460 3960 3470 2532
Route 182 : 158 145 2658 1821 572 1309 4321 3072 2645 2063 3809 2056 4563 1016 4556 3516
Route 183 : 1838 1150 4338 2297 2417 4797 4917 3650 237 1401 2737 1938 514 4438 3014 3901
Route 184 : 1223 1281 3781 3723 2211 1833 464 4711 2964 2140 4640 2450 4333 4950
Route 185 : 1149 880 328 3649 3380 2828 37 1190 623 3690 3123 1200 3700 2537 749 1031 3249 3531
Route 186 : 888 672 3172 51 1891 2551 3388 4391 1261 1910 132 16 2632 3761 2516 4410
Route 187 : 851 1584 1634 3351 4134 191 4084 1044 443 2101 2691 2943 3544 2228 4601 4728
Route 188 : 2183 2475 4683 4975 948 1317 3817 1758 3448 904 313 3404 2813 4258 1639 80 2580 4139
Route 189 : 723 810 3310 1320 3223 1475 444 2944 3820 1934 1512 3975 4434 2085 4012 201 2701 4585
Route 190 : 1017 1367 2484 3867 4984 531 3517 3031 1576 4076 1499 207 2707 31 1178 2531 570 3999 3678 3070
Route 191 : 81 473 159 2581 2973 2659 540 403 3040 138 2638 751 2903 1415 3915 3251 1257 3757
Route 192 : 1896 1591 4091 4396 1644 1040 926 3426 825 4144 3540 3325 1239 1941 1211 3739 3711 4441
Route 193 : 834 3334 1420 922 3920 1731 3422 4231 121 801 2621 985 3485 94 2594 3301
Route 194 : 1530 701 4030 3201 850 609 1522 4022 3350 3109 1217 1087 244 2744 3587 542 3042 3717 439 2939
Route 195 : 1187 1670 4170 3687 2055 4555 2261 1408 3908 2394 4761 2224 4894 4724
Route 196 : 809 3309 1432 1793 390 1443 3932 2890 1912 3943 4412 2174 2049 4293 4674 4549
Route 197 : 255 332 1640 2832 1518 2755 4140 784 3284 4018 2413 4913 1479 1590 3979 4090
Route 198 : 59 533 2559 1763 1782 3033 1687 4 4282 2504 4263 4187
Route 199 : 1416 303 3916 2803 1971 630 1461 3130 848 3961 4471 29 2529 1143 1248 3348 3748 3643
Route 200 : 2343 2066 2217 2152 2094 4566 4843 4652 4594 4717 1989 4489 920 3420
Route 201 : 1753 394 1561 4253 2344 4061 4844 2894 761 87 1428 693 3261 3928 3193 2587
Route 202 : 989 3489 475 1867 1397 2975 4367 3897 470 934 2970 3434
Route 203 : 2231 355 4731 1154 2855 104 2604 1695 3654 2194 4195 4694 102 2080 4580 2602
Route 204 : 2363 2284 4784 2148 4863 2236 4648 112 4736 177 2677 496 717 2612 3217 2996
Route 205 : 1628 214 1525 1586 4086 2714 4025 4128 1209 1004 3709 3504 1189 646 3689 3146
Route 206 : 2468 766 4968 886 3266 3386 189 205 2689 89 2705 1090 2589 1076 3576 3590 2483 4983
Route 207 : 1286 3786 854 1060 432 1459 264 2932 3354 1724 3959 3560 2764 1180 4224 1871 3680 4371
Route 208 : 596 3096 1548 435 2935 4048 1243 1729 840 4229 2208 3340 223 3743 4708 2723
Route 209 : 2429 4929 2146 4646 2383 1387 1540 582 109 3887 4040 3082 2609 4883
Route 210 : 2492 4992 615 1338 3115 2311 1646 2407 4907 3838 4146 4811 2074 4574
Route 211 : 2144 1614 4644 343 2843 1395 4114 3895 477 1882 1075 192 3575 4382 2977 2692
Route 212 : 1355 1919 1856 3855 427 2927 4419 770 1278 3270 3778 1264 3764 1061 339 2839 4356 3561
Route 213 : 755 1563 4063 3255 274 2774 413 876 2013 2913 3376 4513
Route 214 : 2205 2381 4705 4881 463 1539 4039 873 1436 3936 2963 972 3373 170 2670 1879 3472 4379
Route 215 : 1402 1110 3610 1975 2364 3902 4864 4475 1273 1931 3773 799 4431 3299
Route 216 : 1071 3571 451 969 2951 3469 2113 2106 184 4613 4606 2139 2443 4639 2684 4943
Route 217 : 1015 1169 65 3669 2565 3515 2206 1857 484 4357 4706 1621 2984 4121
Route 218 : 1633 1705 637 4133 3137 4205 1993 2057 293 2793 208 4493 1694 2708 491 4194 2991 4557
Route 219 : 1392 210 3892 2710 1147 3647 2062 2238 1859 4738 4562 4359 2462 4962 2246 2306 4746 4806
Route 220 : 1565 1677 798 1506 4065 4177 3298 4006 2203 1926 4426 560 1356 4703 3060 3856
Route 221 : 224 1385 2724 3885 385 1560 2885 534 3034 4060 1559 1837 321 4337 4059 2821 2432 4932
Route 222 : 1023 1928 2089 4428 3523 2087 4589 2456 4587 4956 1179 2317 1733 3679 4817 4233
Route 223 : 1371 667 1480 649 3980 3871 3149 3167 1364 1851 1921 3864 4351 4421
Route 224 : 2136 431 2931 346 982 1145 2846 1003 4636 1388 3482 3888 3503 3645
Route 225 : 131 1620 4120 2631 2095 2235 4735 4595 915 53 1567 3415 792 2553 3292 4067
Route 226 : 2332 1658 1618 4158 4118 4832 2093 155 4593 509 3009 2655
Route 227 : 910 1347 410 3847 2416 832 2910 349 4916 3332 938 1730 1170 3670 3438 4230 2849 3410
Route 228 : 1685 1123 148 4185 2648 3623 2340 4840 1748 1741 4248 500 4241 1764 3000 4264
Route 229 : 1529 4029 773 895 3395 3273 257 824 105 2605 1135 2757 3635 3324 2181 1854 4681 4354
Route 230 : 1021 151 1558 2651 3521 4058 653 459 696 2959 3196 3153 955 333 2833 449 3455 2949
Route 231 : 2451 1284 2486 4986 3784 4951 193 961 3461 2693
Route 232 : 1587 4087 1836 1827 350 4336 2850 4327 1290 1250 3750 3790 423 2923
Route 233 : 344 1974 2143 4474 2844 4643 2427 2077 2024 4927 4577 2389 4524 4889
Route 234 : 1897 4397 327 1105 2827 977 1927 3477 3605 4427 472 518 3018 2972
Route 235 : 2463 2278 4963 2412 1036 813 4778 3536 4912 3313 1907 2102 4407 4602
Route 236 : 2185 4685 2321 4821 2441 2190 4690 4941 1346 3846 1038 1162 3662 3538
Route 237 : 447 1740 4240 2349 2947 4849 2071 1557 69 4571 24 4057 611 2569 2524 1057 3557 3111
Route 238 : 1161 849 3661 3349 857 3357 1673 1020 387 2887 3520 4173
Route 239 : 2469 1984 2481 4484 1991 4981 2127 4491 2118 2233 4618 4733 4627 425 4969 2925
Route 240 : 1266 3766 1850 881 4350 3381 1671 231 2731 4171 504 1572 1933 3004 4072 4433
Route 241 : 555 3055 931 963 935 3431 2215 3463 3435 2357 4715 4857 711 1114 3614 3211
Route 242 : 746 1804 3246 4304 1812 2444 4944 4312 1224 1362 1783 4283 3862 3724
Route 243 : 2303 4803 129 100 2600 398 1624 2629 2898 4124 2182 217 1914 2717 1152 3652 4682 4414
Route 244 : 1562 1158 4062 1726 953 3658 4226 3453 320 2336 1205 1940 2820 997 4440 4836 3705 3497
Route 245 : 728 187 290 3228 1339 2399 4899 2687 556 1193 3839 2790 3056 1438 3693 1092 521 3021 3592 3938
Route 246 : 299 979 1714 4214 778 3479 3278 2019 2453 2799 4519 864 577 4953 3364 3077
Route 247 : 604 598 1321 3104 3098 2425 3821 4925 1495 281 1668 2781 1630 1394 4168 3894 3995 4130
Route 248 : 1772 186 2686 916 4272 645 382 3145 3416 2882 1359 256 2756 3859 2188 2196 4696 4688
Route 249 : 1291 1970 335 3791 2835 2133 4470 2035 4633 675 4535 33 2533 3175 179 2679
Route 250 : 1603 39 2346 2539 4846 4103 2130 409 4630 1289 1853 2909 4353 3789 1698 884 3384 4198
Route 251 : 2370 1222 4870 853 3722 1596 3353 599 2275 4096 381 1293 3099 2881 4775 3793
Route 252 : 620 1609 495 4109 3120 2995 1585 1642 1127 4085 4142 3627 1233 1213 3733 3713
Route 253 : 1246 870 3370 445 3746 212 2945 259 2712 103 1445 2759 2009 2603 1752 4509 3945 4252
Route 254 : 1379 2045 3879 2254 2193 4693 4545 4754 783 1262 3283 139 3762 2639
Route 255 : 370 797 2870 3297 383 161 2661 2883 371 1667 2871 1715 4215 4167
Route 256 : 823 3323 419 1184 2919 1478 897 3978 3684 2213 3397 2105 2322 4605 4822 4713
Route 257 : 1381 1340 1048 3840 3881 3548 252 2752 190 2690 1033 877 3533 1692 3377 4192
Route 258 : 1901 541 4401 3041 2204 2086 4704 1962 2393 4586 4893 4462
Route 259 : 1465 1214 2167 1986 3714 4667 3965 2359 2026 4486 4526 2388 4859 2411 4888 4911
Route 260 : 434 1566 1089 4066 2934 1656 708 4156 1306 3208 927 3589 3806 998 625 3427 3498 3125
Route 261 : 950 1265 3450 984 1176 116 1732 3676 4232 3484 1936 2616 1194 3694 4436 3765 925 976 3476 3425
Route 262 : 928 1829 3428 2360 4329 1972 2268 4860 618 4768 4472 740 3240 3118
Route 263 : 594 2325 236 2736 4825 2295 263 1944 1797 3094 2763 4795 4297 4444
Route 264 : 1935 1543 241 4043 61 4435 2561 2741 18 1418 2518 3918 1985 4485
Route 265 : 2072 4572 1100 1400 819 3319 3600 2145 3900 4645
Route 266 : 1750 358 1627 4127 2858 4250 1711 581 1471 1052 3971 3081 4211 3552
Route 267 : 324 769 2159 3 2824 644 4659 3269 3144 2503 2335 2122 4835 4622
Route 268 : 2341 1885 1556 4056 2320 4385 4841 4820 2339 4839 2150 4650 522 1303 3022 3803
Route 269 : 56 2556 1331 2047 204 4547 2704 3831 1801 859 1333 3833 3359 4301 1771 2264 4271 4764
Route 270 : 2163 1749 4249 4663 1622 113 4122 2613 1118 227 2727 3618
Route 271 : 1296 1168 2358 3668 3796 4858 2258 2365 4865 4758 21 2521 1030 36 2536 3530
Route 272 : 2292 2075 4575 2477 4792 4977 1770 714 3214 215 1930 4270 2715 532 4430 3032
Route 273 : 1148 1238 3648 2131 839 4631 3738 686 3186 3339 1431 202 2702 966 3931 1707 3466 4207
Route 274 : 418 526 1578 3026 283 2918 4078 2476 2783 2460 4976 4960 2496 2059 4996 4559
Route 275 : 2149 2436 2038 4936 4649 4538 63 661 2563 743 683 3161 3183 3243
Route 276 : 2039 4539 737 1874 4374 3237 1655 101 357 2857 4155 2601 1477 118 3977 2618
Route 277 : 2069 4569 1025 1294 3525 3794 1370 1086 3870 1007 1206 3706 3507 3586 1435 300 3935 2800
Route 278 : 576 1841 546 3076 709 4341 238 1983 3209 3046 4483 2738 2067 481 4567 2981
Route 279 : 453 2096 2953 973 4596 1992 3473 2134 4492 4634 592 1126 3626 1916 3092 4416
Route 280 : 1746 2156 2223 4656 4723 4246 2030 2345 4530 1678 4845 1818 2347 4178 4847 4318
Route 281 : 1619 1329 4119 1396 1718 4218 234 3829 3896 2734 677 1725 4225 3177 337 41 1292 2837 2541 3792
Route 282 : 91 1008 1575 4075 3508 2166 2591 4666 1117 1872 1568 4372 338 3617 2838 4068
Route 283 : 668 1674 3168 685 4174 1188 3688 3185 1781 1366 2237 4281 4737 3866
Route 284 : 575 633 1800 584 3133 4300 3084 1537 3075 763 4037 1134 3634 660 3263 3160
Route 285 : 1920 1197 918 3418 3697 4420 1494 123 3994 774 2623 730 3230 863 552 3274 3052 3363
Route 286 : 1760 2000 2395 399 4500 4895 4260 2899 2081 4581 1519 1357 23 3857 2523 4019
Route 287 : 360 1505 1113 2860 1026 4005 3613 3526 868 994 1842 3494 4342 697 3197 3368
Route 288 : 341 872 3372 1611 2841 648 712 3212 3148 4111 670 1232 2078 3732 3170 4578
Route 289 : 2173 1958 2036 4673 4536 4458 163 372 2663 2872 1482 1679 79 3982 4179 2579 1053 3553
Route 290 : 2050 1976 1235 97 1877 2597 4550 4377 3735 1260 4476 1845 537 2125 3760 4345 4625 3037
Route 291 : 1227 162 1500 2662 3727 1765 4000 1343 334 1527 2834 4265 4027 1107 3607 520 3843 3020
Route 292 : 1464 107 3964 198 2607 2698 2227 14 1144 2514 3644 4727 1171 401 3671 2901
Route 293 : 841 1220 1607 1032 4107 3341 3720 3532 2154 2046 4654 4546
Route 294 : 2 564 638 3138 2502 1131 3064 3631 1555 1995 1376 1778 3876 4055 4495 4278
Route 295 : 149 1444 1937 4437 2649 3944 2005 2239 4505 4739 2428 2289 4789 4928
Route 296 : 2372 2439 2172 2221 4721 4872 4939 4672 373 760 270 2770 251 2873 3260 2751
Route 297 : 446 1130 2283 1706 3630 4783 2946 4206 1963 2073 4463 4573 659 232 1531 4031 3159 2732
Route 298 : 600 1348 3100 980 1815 3480 4315 3848 1570 19 483 2983 40 4070 2519 626 733 2540 3233 3126
Route 299 : 92 1900 4400 1082 1120 2592 865 558 3365 3058 3620 3582 1956 2263 4763 4456
Route 300 : 1589 2397 4089 2464 4897 4964 698 736 3198 3236 5 2505 1429 676 3929 3176
Route 301 : 2198 2225 4725 1409 3909 1468 3968 4698 745 573 3245 1404 3904 352 2852 3073 967 115 2615 3467
Route 302 : 842 297 1524 27 4024 2276 2797 4776 2527 1982 3342 4482 2269 4769
Route 303 : 2147 4647 914 361 2861 1111 3414 1183 2431 4931 3683 1608 247 3611 4108 2747 1784 4284
Route 304 : 345 579 1894 4394 3079 2845 426 2926 1129 1858 983 3483 3629 4358
Route 305 : 1330 962 975 356 3462 2856 3475 3830 1994 2022 4494 4522 1659 974 3474 4159
Route 306 : 1824 4324 1288 1106 141 3606 2641 3788 58 273 2558 304 2804 405 2905 947 2773 1813 4313 3447
Route 307 : 1796 750 1365 780 3865 3250 4296 2302 3280 716 4802 1526 1909 3216 4026 4409 45 2545
Route 308 : 956 561 3061 3456 665 3165 90 482 2590 295 2982 2447 2795 108 4947 2608
Route 309 : 2053 1786 1945 4286 421 503 4445 2921 4553 3003 306 1777 2806 4277
Route 310 : 1580 567 721 3067 3221 4080 1466 110 3966 2350 1166 2610 1911 3666 4411 4850
Route 311 : 2021 4521 221 466 505 1486 3986 2966 2721 893 3393 494 1948 3005 1744 4244 4448 2994
Route 312 : 1754 732 4254 3232 2374 311 1922 73 4874 4422 2573 2811 1988 2065 4565 4488
Route 313 : 325 1775 1251 2825 3751 4275 681 1006 1363 3863 595 3181 1873 3506 4373 3095
Route 314 : 2459 157 4959 2657 608 1712 3108 4212 1255 1762 4262 3755 1160 544 1574 3044 3660 4074