Instance name : ber-n2000-7
Authors       : Dmitriy Demin, Mikhail Diakov (msd@veeroute.com), Ivan Ilin, Nikita Ivanov, Viacheslav Sokolov (vs@veeroute.com) et al. VRt Global (https://veeroute.com/)
Date          : 2023-04-24
Reference     : veeroute.com
Solution
Route 1 : 48 830 1048 1830 307 772 1307 378 1772 837 1378 1837 707 536 1707 1536
Route 2 : 367 1367 703 3 1003 1703 488 56 1488 1056 904 227 1904 1227
Route 3 : 243 319 1319 1243 917 58 352 1917 1058 1352 171 392 586 1171 1586 1392
Route 4 : 858 560 1560 1858 409 966 885 982 1966 1409 1885 873 1982 341 1341 1873
Route 5 : 494 1494 424 210 1424 82 1082 997 1210 1997 265 590 1265 1590 366 1366
Route 6 : 394 1394 546 809 1546 1809 566 742 484 1484 1742 222 1566 1222 282 1282 57 1057
Route 7 : 754 1754 797 766 104 1797 1104 267 1766 1267 90 1090
Route 8 : 577 530 1577 386 1530 1386 415 691 1415 70 1691 79 1070 271 1079 1271
Route 9 : 475 699 1475 1699 614 762 420 1614 617 1420 1617 548 404 1404 1762 1548
Route 10 : 256 641 211 1641 1211 959 1256 254 607 1607 454 1254 1454 1959
Route 11 : 923 217 1923 1217 883 17 1883 662 1662 1017 124 1124 427 23 1023 1427 887 1887
Route 12 : 745 1745 249 583 1249 919 354 1583 1919 1354 623 502 1502 1623
Route 13 : 715 1715 49 152 1049 1152 380 131 1380 1131 45 817 1817 1045
Route 14 : 867 1867 608 1608 77 901 1077 1901 822 537 1537 1822
Route 15 : 343 451 1343 476 1476 1451 739 738 1739 588 1738 512 1588 1512
Route 16 : 845 258 626 1258 1845 628 1626 259 1628 136 1259 909 1136 920 1909 1920
Route 17 : 241 1241 640 393 1393 1640 169 807 576 1169 1576 416 1807 951 1416 1951
Route 18 : 328 26 1026 95 107 1095 547 1107 98 1547 720 1098 1720 177 1328 1177
Route 19 : 622 701 918 1701 1622 1918 405 519 59 1059 233 1519 1233 288 1288 1405
Route 20 : 60 1060 740 1740 995 237 915 1237 1995 1915 412 1412 235 729 1729 1235
Route 21 : 339 695 170 75 1170 53 1075 1053 182 1182 931 749 818 1931 1749 1818 1695 1339
Route 22 : 99 1099 874 619 1874 913 1619 1913 293 356 746 1293 1356 1746
Route 23 : 524 884 1884 1524 580 123 1123 1580 196 1196 799 685 1685 1799
Route 24 : 698 355 1698 1355 584 407 1584 408 1407 1408 178 889 1178 1889
Route 25 : 528 544 1528 78 578 1078 1578 968 6 1968 1006 600 652 1544 1600 1652
Route 26 : 573 417 234 1417 1234 763 1573 961 1763 1961 527 163 193 1163 1193 1527
Route 27 : 882 220 1882 280 726 1726 348 862 1348 950 1862 562 1950 1220 1562 1280
Route 28 : 963 911 535 1963 1911 1535 905 790 1905 34 1790 609 1609 1034 425 1425
Route 29 : 467 869 1467 1869 143 1143 675 593 1675 637 1593 1637
Route 30 : 86 976 1976 1086 756 518 677 320 1320 1518 426 1677 461 1426 1756 1461
Route 31 : 541 242 198 1242 870 485 1870 1198 1485 478 710 1478 1710 933 1933 1541 957 1957
Route 32 : 226 164 1226 946 1164 176 1946 1176 877 892 1877 1892
Route 33 : 826 688 1826 113 1688 1113 67 63 1067 1063 31 936 1936 1031
Route 34 : 116 811 1811 977 639 1977 1639 605 646 1646 1605 1116 483 209 1483 1209
Route 35 : 579 431 1579 1431 808 240 1808 1240 4 1004 944 173 1944 1173
Route 36 : 157 664 1157 907 1664 232 291 1907 1291 1232 383 481 1383 219 1481 1219
Route 37 : 406 19 1019 120 289 731 1120 1289 967 1731 674 1967 1406 1674
Route 38 : 780 111 1111 1780 653 525 1525 1653 969 1969 325 679 1325 1679
Route 39 : 374 1374 315 1315 922 460 1460 1922 504 24 71 1024 1504 1071
Route 40 : 516 510 1510 532 1516 603 611 1603 1611 791 855 1532 568 1855 1568 1791
Route 41 : 335 327 1327 264 1335 1264 990 1990 899 910 1000 1910 2000 1899 721 372 1721 1372
Route 42 : 507 591 824 1507 1824 308 1591 678 1308 324 629 1324 1678 1629 986 1986
Route 43 : 126 1126 975 681 705 1975 1681 511 1705 1511 204 693 1693 1204
Route 44 : 872 418 1418 1872 364 390 1390 1364 744 651 1744 1651
Route 45 : 558 187 1558 269 297 155 1269 751 1187 1155 1751 118 1297 1118
Route 46 : 398 88 1398 186 1088 825 1186 779 1825 150 1779 1150 66 191 1066 1191
Route 47 : 565 1565 667 730 643 1643 1730 8 1008 814 1814 517 1667 245 1245 1517
Route 48 : 758 218 1758 110 832 1110 1832 533 165 1533 1165 823 89 1823 1089 1218
Route 49 : 761 47 1761 1047 29 782 1782 144 1029 313 1144 1313 722 1722
Route 50 : 696 661 1696 1661 723 668 1668 1723 906 76 1076 793 1906 1793
Route 51 : 683 1683 970 185 1185 1970 188 755 444 1188 1444 52 1755 1052
Route 52 : 146 149 305 1149 1146 1305 168 543 1168 172 1543 1172 311 1311
Route 53 : 97 700 1097 161 1700 924 433 1924 702 1433 1702 940 1161 1940
Route 54 : 505 252 1505 400 373 1400 382 1373 1382 657 898 615 1898 1615 1252 1657
Route 55 : 998 592 1998 158 1592 336 993 1993 452 1336 1452 902 1902 1158 554 1554
Route 56 : 630 1630 376 795 1376 1795 207 442 1207 349 1442 247 1349 1247
Route 57 : 414 1414 375 244 644 1375 1244 1644 794 953 1794 1953
Route 58 : 888 849 1888 555 1849 1555 41 277 1277 1041 941 706 1706 1941
Route 59 : 385 971 1971 396 1396 453 463 1453 84 1463 789 1385 1789 1084
Route 60 : 299 1299 895 1895 377 422 624 1377 1422 1624 148 183 1148 1183 284 1284
Route 61 : 838 769 567 1838 965 689 1567 1689 1769 1965 458 479 1458 748 1479 1748
Route 62 : 342 988 1342 1988 181 214 1214 1181 513 455 73 1455 1073 1513
Route 63 : 248 616 1616 1248 435 1435 540 1540 561 312 1561 1312 934 1934
Route 64 : 534 133 1534 836 1133 81 1081 276 1276 337 1337 251 338 1251 1338 1836
Route 65 : 239 1239 391 85 1391 462 1085 1462 331 1331 972 670 1972 1670
Route 66 : 411 1411 91 526 1526 329 1091 897 361 1897 1361 33 1033 1329
Route 67 : 14 358 1358 465 1465 1014 253 449 1449 1253 477 1477 509 658 1658 1509
Route 68 : 202 303 1202 54 1303 1054 835 432 987 1432 1987 1 1835 1001
Route 69 : 719 569 1719 1569 132 680 1132 996 1680 1996 318 732 1732 1318 529 1529
Route 70 : 147 167 1147 776 38 1038 1776 545 369 1369 1545 800 1800 508 1508 1167
Route 71 : 260 840 5 1840 727 1005 1260 570 441 1441 843 1843 1570 785 1727 1785
Route 72 : 39 927 231 1039 450 1231 1450 978 423 1978 153 1927 1423 1153 401 1401
Route 73 : 154 1154 470 903 1470 1903 932 827 1932 777 1827 215 774 1215 1774 1777
Route 74 : 61 1061 436 10 491 1010 1436 1491 686 228 806 1228 1806 1686 300 1300
Route 75 : 189 1189 687 585 203 1687 1585 1203 549 92 864 1092 1549 1864
Route 76 : 989 1989 943 27 1027 1943 666 728 983 1666 1728 1983 861 446 1861 1446
Route 77 : 135 1135 821 783 725 1821 1783 1725 290 594 1594 1290 842 1842
Route 78 : 752 984 1984 844 575 764 1844 1575 1764 1752 371 813 1813 1371 357 1357
Route 79 : 878 1878 83 389 1083 309 1389 781 439 1781 1439 1309 770 1770
Route 80 : 46 613 1046 1613 129 665 1665 205 1129 1205 804 551 179 1804 1551 1179
Route 81 : 101 673 9 2 1673 886 1002 1009 973 1886 650 1973 1650 1101
Route 82 : 768 413 487 1413 1487 103 1768 1103 456 621 1621 564 935 1456 1564 1935
Route 83 : 796 784 1784 571 1796 1571 717 958 1717 7 1007 486 1486 493 1958 1493
Route 84 : 323 539 1323 1539 694 200 648 1200 1694 194 1648 268 1194 1268
Route 85 : 397 399 184 1397 559 1559 638 1184 956 1638 44 274 1956 1399 1044 1274
Route 86 : 711 482 1482 1711 980 503 1980 852 1503 298 1852 108 1108 1298
Route 87 : 410 362 1362 199 962 847 1199 1962 1847 1410 468 618 281 1618 1468 1281
Route 88 : 979 1979 660 741 32 1660 1741 1032 846 974 1974 180 1846 1180
Route 89 : 841 938 1938 1841 654 273 955 1654 1273 1955 868 599 1868 1599
Route 90 : 384 35 80 1035 1384 1080 28 1028 206 912 1206 286 1912 1286
Route 91 : 87 604 1604 1087 631 469 1631 671 1671 1469 994 875 1875 195 1994 1195
Route 92 : 676 589 1676 522 1589 1522 948 306 1948 587 1306 1587 523 1523
Route 93 : 778 1778 419 1419 684 266 350 1684 1266 166 1350 960 1166 1960
Route 94 : 498 750 1498 1750 916 1916 757 1757 610 496 581 1610 1581 1496
Route 95 : 880 130 480 1130 1880 1480 51 201 1201 1051 985 12 1012 1985
Route 96 : 119 848 1119 557 1557 926 1848 1926 788 472 1472 1788 115 1115
Route 97 : 25 713 1025 714 514 1714 642 1514 647 1647 1642 64 317 1713 1064 1317
Route 98 : 839 334 1334 1839 340 597 1340 1597 246 140 801 1140 1801 773 1246 1773
Route 99 : 359 854 1854 262 1359 1262 457 257 1457 1257 497 856 1856 1497
Route 100 : 734 850 1734 437 1850 767 663 1437 1767 1663 733 302 1733 1302
Route 101 : 952 473 1952 1473 69 43 1069 314 1314 1043 464 261 1464 1261
Route 102 : 360 894 1894 627 606 1606 1627 15 1015 620 1620 602 871 1602 1360 1871
Route 103 : 321 495 834 1495 1834 395 1321 145 1395 224 1145 1224 947 1947
Route 104 : 552 1552 403 992 1403 1992 279 65 1279 1065 521 175 1521 1175 860 1860
Route 105 : 515 949 1949 1515 105 285 866 1105 1285 1866 859 802 1802 1859
Route 106 : 500 853 1853 697 712 1697 151 1151 1712 125 1500 139 1125 1139
Route 107 : 810 929 1810 1929 221 137 1221 598 229 1137 1598 1229 798 223 1798 1223
Route 108 : 363 925 1363 816 471 1925 1471 1816 387 287 351 1287 1387 881 1351 1881
Route 109 : 40 760 353 1040 1353 109 572 1109 582 1760 1572 270 1582 1270
Route 110 : 127 238 1127 1238 68 1068 474 596 945 1474 1596 632 1945 1632
Route 111 : 550 142 1142 1550 141 1141 275 724 1724 1275 718 499 1718 1499
Route 112 : 829 991 344 1344 490 1991 1490 574 1574 459 93 1093 1829 1459
Route 113 : 743 1743 230 893 160 1230 1893 1160 402 831 1831 1402 890 1890
Route 114 : 278 345 272 1278 1345 381 1272 633 1633 1381 538 62 1538 1062 250 1250
Route 115 : 330 942 1330 283 1942 1283 434 876 1434 1876 690 255 1690 1255
Route 116 : 520 900 1900 1520 365 506 1365 1506 138 197 542 1138 1542 1197
Route 117 : 601 379 1601 1379 333 156 1333 1156 440 716 36 1440 1716 263 1036 1263
Route 118 : 682 1682 421 74 1421 94 1074 1094 775 16 1775 1016 30 1030
Route 119 : 100 18 1100 1018 22 96 1022 1096 295 595 1295 1595 636 1636
Route 120 : 134 128 1134 1128 332 634 1332 1634 296 649 112 1296 1649 1112 346 1346
Route 121 : 531 736 301 1301 612 1612 655 430 1655 981 1531 1736 753 1981 1430 1753
Route 122 : 121 1121 879 819 1819 1879 553 501 1553 1501 563 489 1563 1489 635 1635
Route 123 : 672 921 1672 322 1921 914 1322 1914 388 704 1704 1388 805 1805
Route 124 : 445 656 735 1656 1735 1445 954 11 1954 114 1011 1114
Route 125 : 347 192 896 1896 1192 812 1812 928 1928 37 208 1208 1037 1347
Route 126 : 466 1466 747 1747 964 304 1964 1304 190 865 1190 737 1865 815 1815 1737
Route 127 : 669 13 1669 759 1013 1759 50 326 1050 1326 212 937 1212 1937
Route 128 : 106 908 1106 556 1556 803 1803 21 1021 443 292 1292 1443 1908
Route 129 : 771 645 1771 72 117 1645 1072 236 1236 370 1117 1370 42 851 1851 1042
Route 130 : 294 368 1294 1368 448 709 820 1709 1448 1820 787 310 1310 1787 102 1102
Route 131 : 708 55 1055 1708 162 216 939 1162 1216 1939 492 863 1492 1863
Route 132 : 174 625 1174 438 1625 765 1438 447 1447 833 1765 1833 428 1428
Route 133 : 225 159 1225 1159 122 828 1828 1122 692 213 659 1213 1692 792 1659 1792
Route 134 : 20 999 1020 786 1999 429 316 1786 1316 857 1429 891 1857 930 1891 1930