Instance name: ber-n800-2
Authors      : CUHKSZ_HWGTS
Date         : 2024-12-04
Reference    : Unpublished
Solution
Route 1 : 23 212 423 612 168 80 115 480 568 390 515 790
Route 2 : 74 200 383 342 742 24 424 474 305 705 600 285 783 685
Route 3 : 178 169 569 42 121 578 521 66 466 442
Route 4 : 389 208 119 608 130 519 316 716 530 176 576 789
Route 5 : 9 409 117 329 351 729 334 142 542 751 150 292 550 734 692 517
Route 6 : 221 621 79 381 479 781 286 188 132 588 532 686
Route 7 : 110 510 160 151 560 225 551 264 83 483 20 625 420 664
Route 8 : 144 133 206 533 25 606 332 544 125 732 425 319 525 719
Route 9 : 213 293 613 693 291 296 314 714 691 369 769 696 156 556
Route 10 : 250 321 721 364 764 392 116 792 516 353 753 650
Route 11 : 94 237 494 163 97 497 637 563 247 60 460 647
Route 12 : 92 492 162 562 56 2 456 324 402 724 137 537
Route 13 : 28 428 41 230 398 441 253 630 310 798 710 653
Route 14 : 182 107 507 193 582 233 593 633 273 226 626 673
Route 15 : 78 81 478 272 481 672 396 67 211 796 318 611 718 467
Route 16 : 16 416 301 320 720 62 701 17 462 417 323 723
Route 17 : 267 205 232 632 605 667 172 287 214 687 614 572
Route 18 : 152 14 49 449 220 620 199 414 552 599 393 265 793 665
Route 19 : 170 175 570 99 347 575 747 308 245 499 254 708 654 645
Route 20 : 359 280 395 680 759 69 795 139 469 260 539 52 660 452
Route 21 : 297 218 697 108 618 343 508 743 147 32 185 585 432 547
Route 22 : 394 386 7 186 586 786 794 407 348 361 761 748 89 489
Route 23 : 19 274 419 129 44 529 126 674 388 526 444 788
Route 24 : 374 774 338 135 303 535 357 738 382 782 757 703
Route 25 : 128 528 288 181 216 688 191 591 616 581 399 799
Route 26 : 158 355 4 558 283 755 683 404 313 289 713 154 689 554
Route 27 : 50 189 450 589 252 652 123 523 263 295 695 663 322 180 722 580
Route 28 : 372 772 34 75 434 475 223 131 120 531 623 520
Route 29 : 228 270 294 628 298 670 331 694 698 731
Route 30 : 64 464 173 261 354 754 65 661 573 465 159 140 559 540
Route 31 : 190 195 590 58 458 157 595 10 410 557 262 662
Route 32 : 106 506 155 210 21 610 240 640 48 448 421 555
Route 33 : 219 258 204 143 658 543 165 619 604 565 304 704
Route 34 : 363 72 238 472 638 763 70 76 476 470 177 55 577 455
Route 35 : 300 700 327 241 282 641 11 727 149 171 549 411 682 571
Route 36 : 378 201 778 376 601 93 493 43 776 38 443 438
Route 37 : 217 141 617 311 541 711 259 244 659 366 766 644
Route 38 : 278 678 90 91 491 328 8 345 490 745 408 728
Route 39 : 377 246 777 54 362 762 646 454 112 15 415 512
Route 40 : 145 545 124 51 524 451 279 161 679 148 561 548 104 504
Route 41 : 196 596 82 325 202 192 725 602 482 592 352 752
Route 42 : 257 657 37 36 437 284 436 18 684 418 222 306 622 706
Route 43 : 183 47 98 498 215 447 84 229 484 629 615 583
Route 44 : 266 391 309 709 666 255 791 231 655 371 631 771
Route 45 : 360 87 203 349 760 603 339 749 268 739 487 668 243 643
Route 46 : 379 290 40 136 440 779 690 536
Route 47 : 46 370 770 446 281 341 95 681 741 30 495 326 726 430
Route 48 : 346 57 134 746 100 384 457 534 500 784 375 775
Route 49 : 71 276 344 471 676 179 744 61 579 461 275 675
Route 50 : 358 227 627 758 118 248 13 413 29 429 101 648 501 518
Route 51 : 174 68 63 468 463 35 387 385 785 574 787 114 435 514
Route 52 : 73 473 184 113 31 513 194 584 594 53 431 453
Route 53 : 96 122 522 307 707 59 459 496 333 733 1 401
Route 54 : 86 236 315 486 350 715 750 636 22 422 12 412
Route 55 : 127 26 527 299 426 207 239 699 639 269 669 607
Route 56 : 335 242 735 102 302 702 642 317 103 502 503 198 717 598
Route 57 : 138 367 538 164 564 767 256 656 39 336 736 439 153 553
Route 58 : 166 146 330 546 730 337 737 566 197 597 224 624
Route 59 : 6 251 271 277 671 677 3 403 651 105 340 406 505 235 635 740
Route 60 : 356 111 167 756 45 511 249 567 445 5 85 485 649 397 405 797
Route 61 : 109 77 509 234 477 373 33 773 88 634 488 368 768 312 433 365 712 765
Route 62 : 380 400 209 780 609 800 187 27 587 427
