Instance name:	ber-n2500-3
Authors:		Carlo Sartori and Luciana Buriol
Date:			2019-2-11
Reference:		A matheuristic approach to the PDPTW (to be submitted)
Solution
Route 1 : 977 1045 2227 356 940 2295 1606 914 2190 2164
Route 2 : 11 898 108 1261 1358 357 2148 1607 345 1595
Route 3 : 587 1837 351 1601 836 1204 2454 564 2086 1814
Route 4 : 217 978 459 1467 1709 271 158 2228 1408 1521
Route 5 : 49 672 155 1405 1123 2373 1299 1922 607 1857
Route 6 : 1207 366 1016 1616 2266 434 1050 2300 2457 1684
Route 7 : 606 664 1856 578 1914 1828 1088 1076 2326 2338 628 1878
Route 8 : 838 1174 2088 2424 962 428 1678 2212
Route 9 : 935 666 1916 472 1722 2185 956 840 2206 2090
Route 10 : 2 1025 61 1311 2275 253 1252 710 1503 1960
Route 11 : 178 658 1428 354 353 687 1908 1937 999 1604 1603 2249
Route 12 : 305 994 2244 1555 205 966 1455 405 2216 1655
Route 13 : 1069 1210 235 1170 2460 2420 2319 1485 1227 2477
Route 14 : 725 1092 611 1975 1140 1113 2342 2363 1861 2390 1083 2333
Route 15 : 494 334 3 1584 1008 2258 1744 30 1280 1253
Route 16 : 949 816 290 1540 2066 2199 1225 99 2475 1349
Route 17 : 204 1074 1029 2324 192 2279 166 1416 1454 1442
Route 18 : 304 510 1554 1760 260 1510 168 1418 1018 2268
Route 19 : 1162 923 2173 920 731 2412 24 1981 2170 1274
Route 20 : 429 610 1679 894 686 4 1860 1254 1936 2144
Route 21 : 900 1032 988 2238 2150 2282 593 1843
Route 22 : 251 1501 1141 2391 254 1504 141 958 2208 1391
Route 23 : 893 1206 2456 955 228 2143 2205 908 2158 1478
Route 24 : 582 409 761 1832 1659 136 2011 1386 1242 2492 1192 2442
Route 25 : 329 231 558 1579 1481 1212 2462 1808
Route 26 : 745 708 1995 707 1958 1957 814 301 636 2064 1551 1886
Route 27 : 714 88 1338 932 2182 579 617 1829 1867 1964
Route 28 : 185 274 453 1435 84 343 1524 1703 1593 1334
Route 29 : 1 577 1251 1827 86 1048 915 559 2298 1336 1809 2165
Route 30 : 218 788 2038 1468 1158 1219 2469 2408 899 2149
Route 31 : 1145 674 2395 1924 21 200 514 1764 1450 1271
Route 32 : 515 654 1904 1030 2280 1765 420 1164 1670 2414
Route 33 : 1148 806 2056 1175 1019 2398 696 2425 2269 1946
Route 34 : 832 224 105 1474 2082 647 644 1355 1897 1894
Route 35 : 571 16 1821 369 1266 1157 2407 415 1619 1151 2401 1665
Route 36 : 1087 2337 524 1774 704 335 1954 110 1360 1585
Route 37 : 543 1793 449 1146 970 2396 1699 1216 2220 2466
Route 38 : 29 347 775 2025 1279 892 389 1597 1639 2142
Route 39 : 137 1185 2435 1387 649 499 698 1948 1899 1749
Route 40 : 841 1198 2448 2091 364 232 182 1482 1614 1432
Route 41 : 39 1289 225 819 1475 1245 2495 567 2069 1817 474 1724
Route 42 : 975 2225 89 488 659 1339 1909 1211 2461 1738
Route 43 : 766 2016 1023 1130 2273 2380 1163 18 2413 1268
Route 44 : 1112 797 1226 2362 2047 2476 801 1057 2307 2051
Route 45 : 1237 203 1068 2318 2487 373 1453 1623 868 2118
Route 46 : 740 1990 830 326 2080 562 1576 888 2138 1812
Route 47 : 561 257 10 1260 1811 410 1507 1660 246 1496
Route 48 : 803 1165 2053 2415 1006 790 2256 1138 2040 220 2388 1470
Route 49 : 917 718 755 107 2005 1968 398 2167 1648 1357
Route 50 : 341 1591 490 156 113 1406 1363 1740
Route 51 : 1013 751 2263 734 2001 1172 1984 791 2422 2041
Route 52 : 859 69 2109 378 1628 1202 1319 243 1493 2452
Route 53 : 1208 657 815 250 2065 2458 1907 990 2240 1500
Route 54 : 829 855 2105 2079 320 1197 1570 2447 416 1666
Route 55 : 150 174 1229 568 1818 1424 2479 876 2126 691 1941 1400
Route 56 : 1118 2368 346 576 1596 1826 661 1911
Route 57 : 909 895 222 2159 1472 2145 426 777 1676 2027
Route 58 : 854 760 404 2104 210 1223 1460 1654 2010 2473 342 1592
Route 59 : 981 823 547 2073 2231 864 2114 1797
Route 60 : 781 2031 31 1281 199 1449 1040 638 594 2290 1844 1888
Route 61 : 245 1495 722 1055 2305 618 212 1972 1462 1868
Route 62 : 1117 352 2367 1602 1002 40 1290 2252 1005 2255
Route 63 : 813 681 131 1381 939 2063 1931 207 2189 1457
Route 64 : 106 946 2196 193 1356 1089 1443 2339 72 1322
Route 65 : 213 489 1463 236 517 1486 1739 1767 247 1497
Route 66 : 608 753 1858 317 266 1516 2003 1567 394 1644
Route 67 : 1135 424 820 2385 1015 1674 421 2070 1671 2265 288 1538
Route 68 : 930 336 2180 1195 20 1586 2445 229 1270 1479
Route 69 : 550 671 1921 754 2004 1800 615 670 1920 1865
Route 70 : 604 765 1854 315 142 2015 1565 1392 130 1380
Route 71 : 551 1241 699 1801 1949 1035 2285 261 2491 1511
Route 72 : 1116 835 2366 1098 629 1879 2348 941 2191 2085
Route 73 : 529 1100 842 2350 244 2092 640 1890 1494 1779 1218 2468
Route 74 : 188 256 384 856 1506 1634 2106 1438 675 1925
Route 75 : 1054 2304 467 319 1569 614 1717 1231 1060 1864 2310 2481
Route 76 : 631 904 907 71 1881 1321 2157 2154 715 1965
Route 77 : 1184 62 1312 2434 530 1780 42 848 1292 2098
Route 78 : 1161 959 2411 448 1698 167 2209 500 1750 1417
Route 79 : 152 475 1246 1402 1725 700 135 1385 1950 2496
Route 80 : 903 2153 563 599 1813 318 1568 456 1849 1706
Route 81 : 26 703 1276 1043 387 1953 2293 458 1637 1708
Route 82 : 438 1124 90 2374 1688 264 1340 96 1346 1514
Route 83 : 783 1190 1051 2440 2301 2033 662 498 971 1912 2221 1748
Route 84 : 873 380 1630 112 2123 878 1062 2312 1362 2128
Route 85 : 56 651 1306 1150 2400 233 1483 1901 834 2084
Route 86 : 931 2181 44 186 1294 280 1436 306 1556 1530
Route 87 : 600 1850 322 655 1070 2320 1572 1905 601 916 1851 2166
Route 88 : 134 431 1384 552 1802 358 1608 827 1681 2077
Route 89 : 884 457 1707 2134 554 269 1519 533 1783 1804 584 1834
Route 90 : 974 2224 624 1874 934 965 2184 2215
Route 91 : 947 171 478 782 2197 2032 1421 1728 483 1733
Route 92 : 570 877 883 2127 87 1820 2133 1081 1337 591 2331 1841
Route 93 : 680 626 1876 1930 34 637 1284 422 1887 1672
Route 94 : 665 716 1915 926 1966 2176 802 230 2052 1480
Route 95 : 372 350 464 1622 1714 1600 176 523 1773 1426
Route 96 : 1010 215 1465 219 2260 451 1701 1469
Route 97 : 111 540 446 1361 845 1790 2095 118 1368 1696
Route 98 : 477 588 1838 54 1727 613 1304 138 1863 1388
Route 99 : 525 1079 1775 1243 1093 2493 252 2329 2343 1502
Route 100 : 302 726 139 1976 355 1389 1021 2271 1605 1552
Route 101 : 534 1784 359 874 2124 998 863 1609 839 2248 2113 2089
Route 102 : 1125 52 2375 313 1563 694 1302 1944 297 1547
Route 103 : 945 303 1553 799 2195 1042 1038 2292 2049 2288
Route 104 : 145 697 1395 861 1947 2111 170 723 1420 1973
Route 105 : 711 46 1296 549 1961 719 1799 455 1705 1969
Route 106 : 544 41 953 1291 1794 1205 2203 2455
Route 107 : 1160 2410 1106 677 566 1816 2356 1927 565 1815
Route 108 : 310 850 1560 605 805 1855 2100 792 2055 2042
Route 109 : 275 1525 1065 639 2315 1889 574 630 1880 1824
Route 110 : 667 116 503 1753 967 2217 1917 1094 1366 2344
Route 111 : 103 1067 298 1353 881 2317 1548 2131 1104 2354
Route 112 : 479 653 1903 1729 669 423 1128 1673 1919 2378
Route 113 : 208 371 1458 1080 758 2330 1176 1621 2008 2426
Route 114 : 1248 507 368 1618 2498 1086 1757 2336
Route 115 : 36 1180 1147 1286 870 2430 2120 2397 74 763 2013 1324
Route 116 : 1034 1063 2313 1247 5 386 2497 1255 2284 748 1636 1998
Route 117 : 445 1222 2472 1236 1695 1173 2423 2486
Route 118 : 1095 663 1913 2345 1003 793 1167 2417 2253 2043
Route 119 : 1235 114 2485 308 1007 1558 957 1364 2257 2207
Route 120 : 237 1487 97 1091 2341 1347 439 183 1689 214 1433 1464
Route 121 : 440 179 1690 1033 2283 1429 538 471 311 1721 1788 1561
Route 122 : 122 794 91 2044 1372 546 144 1796 1341 1394
Route 123 : 518 65 1315 1114 1109 1768 2359 2364
Route 124 : 1059 2309 539 1182 1789 1220 2432 2470 206 1456
Route 125 : 506 339 1756 1238 1589 1224 2488 2474 1103 2353
Route 126 : 901 8 635 1258 1234 1885 201 2151 2484 1451
Route 127 : 223 997 1473 1105 482 2355 1732 2247 1031 2281
Route 128 : 180 60 933 1430 1310 2183 128 1039 1378 2289
Route 129 : 1139 527 323 1777 101 1573 2389 1073 1351 2323
Route 130 : 209 395 1645 1077 1459 2327 1196 418 1668 2446
Route 131 : 1221 963 48 2213 1228 1298 2478 2471 1142 2392
Route 132 : 828 104 1354 316 2078 129 1566 581 1831 1379
Route 133 : 92 1342 678 950 1928 853 2200 645 1895 2103
Route 134 : 454 1082 1115 1704 882 2332 133 2365 1383 2132
Route 135 : 586 70 344 1594 1836 191 1320 1129 1441 2379
Route 136 : 279 692 1529 1942 660 973 602 1910 1852 2223
Route 137 : 727 312 1977 1179 1562 612 2429 1862 526 1776
Route 138 : 749 259 1509 1999 936 1149 401 2399 2186 1651
Route 139 : 408 284 444 769 2019 1131 1658 1534 1694 2381
Route 140 : 980 242 632 2230 1492 165 1882 824 1415 2074
Route 141 : 762 184 747 1434 1997 2012 969 1214 2464 2219
Route 142 : 163 1154 504 1413 2404 773 2023 1754
Route 143 : 1166 370 2416 1620 360 1037 1610 2287 983 2233
Route 144 : 1240 627 2490 1877 772 23 2022 1047 1273 2297
Route 145 : 1072 296 1546 875 2322 452 35 1702 1285 821 2125 2071
Route 146 : 149 808 2058 1399 241 1491 573 265 1823 1515
Route 147 : 340 190 1126 1440 399 1649 1590 2376 739 1989
Route 148 : 491 1741 17 733 1267 1983 468 1120 2370 1718
Route 149 : 634 1884 858 682 774 1932 2024 2108 785 2035
Route 150 : 14 982 309 2232 1264 1559 407 1657 984 2234
Route 151 : 771 2021 592 843 1099 1842 2093 2349
Route 152 : 869 1024 767 2274 2017 511 2119 648 1898 1761
Route 153 : 1249 392 1233 481 2483 2499 1642 833 1731 2083
Route 154 : 642 126 1892 862 1169 569 1819 1376 2419 2112
Route 155 : 263 1085 1513 768 382 2335 2018 177 1427 1632
Route 156 : 1026 831 2276 2081 47 50 1171 1300 2421 1297
Route 157 : 991 109 68 927 1318 2241 2177 1359
Route 158 : 433 1683 162 796 1412 164 1052 1414 2302 2046
Route 159 : 553 964 1017 1803 461 1711 441 2214 1691 2267 169 1419
Route 160 : 1177 348 928 1598 2178 2427 85 918 2168 1335
Route 161 : 125 282 623 1375 1873 63 1532 1313 542 1792
Route 162 : 906 690 1940 248 1498 1133 2156 2383 598 1848
Route 163 : 403 1653 987 2237 349 1232 1044 1599 2482 2294 1012 2262
Route 164 : 706 1956 262 157 1512 1144 1096 2346 2394 1407
Route 165 : 616 673 603 1866 897 1923 2147 1014 1853 2264
Route 166 : 880 432 1682 406 1041 2130 879 1656 2291 2129
Route 167 : 1011 886 2261 1156 938 2406 2136 912 2188 2162
Route 168 : 961 851 2101 2211 93 992 476 1726 2242 1343
Route 169 : 684 986 1934 597 2236 189 1847 1439
Route 170 : 1036 741 695 589 2286 1991 784 2034 1839 1945
Route 171 : 385 1635 202 365 1452 789 2039 812 1615 2062
Route 172 : 1075 985 285 2325 37 1535 1287 2235
Route 173 : 484 779 2029 712 1962 1734 287 6 1537 1256
Route 174 : 55 430 555 1680 643 1305 844 1805 2094 1893
Route 175 : 1028 2278 374 837 1624 596 1846 1132 2382 2087
Route 176 : 102 609 1352 800 1859 889 865 2050 2115 2139
Route 177 : 871 2121 480 1730 463 1178 1713 485 1735 2428
Route 178 : 621 746 1209 1996 414 1871 273 2459 1523 1664
Route 179 : 43 1293 817 307 885 361 2067 1611 1557 2135
Route 180 : 22 1272 1084 363 1613 676 2334 1926
Route 181 : 375 738 1988 19 78 1328 1625 1269
Route 182 : 293 1543 1137 2387 1136 331 2386 325 1581 1575
Route 183 : 45 1295 846 216 295 1545 2096 811 2061 1466
Route 184 : 822 968 2218 1071 2321 702 1952 2072
Route 185 : 450 689 383 1633 1939 1700 337 896 2146 1587
Route 186 : 469 33 1719 922 1283 492 1742 2172 1056 2306
Route 187 : 146 486 272 1736 1522 795 1396 436 2045 1686
Route 188 : 905 7 2155 496 28 1257 513 1746 1763 1278
Route 189 : 77 502 181 1752 1431 1027 1327 292 2277 1542
Route 190 : 1127 1152 2377 2402 376 807 1626 66 2057 1316
Route 191 : 278 413 400 1650 1663 59 1528 1309
Route 192 : 913 148 2163 857 1398 656 2107 80 1906 1330 519 1769
Route 193 : 1193 53 735 38 2443 1288 1303 924 1985 412 2174 1662
Route 194 : 750 1004 1001 693 2251 2254 2000 58 1308 1943
Route 195 : 622 509 1872 221 1759 25 1471 462 508 1275 1758 1712
Route 196 : 520 94 1344 1770 1053 852 2303 2102
Route 197 : 124 226 75 1374 1476 268 1097 1325 1518 2347
Route 198 : 1215 1107 2357 972 650 2222 2465 1900 818 2068
Route 199 : 652 1902 194 76 187 1326 473 1723 1444 1437
Route 200 : 258 1000 929 1186 2250 2179 522 2436 1772 1508
Route 201 : 425 1675 996 390 2246 809 1640 2059 238 993 1488 2243
Route 202 : 1064 860 2314 240 1183 2433 300 2110 1550 1490 379 1629
Route 203 : 79 1329 73 743 1993 27 1277 324 1574 1323
Route 204 : 447 1697 289 419 1539 1669 239 1489
Route 205 : 466 1716 173 619 1869 1122 709 1423 1959 2372
Route 206 : 377 435 951 1685 1627 2201 132 798 1382 989 2239 2048
Route 207 : 175 437 759 2009 1425 327 1687 713 1963 1577
Route 208 : 333 294 1078 1544 531 1781 1583 1020 2328 427 1677 2270
Route 209 : 198 1111 1049 537 2299 872 1448 2361 1787 2122
Route 210 : 51 1230 778 2028 1022 1301 2480 501 2272 100 1350 1751
Route 211 : 140 641 1390 776 1891 620 2026 1870
Route 212 : 545 952 1795 2202 495 1745 1191 744 1994 2441
Route 213 : 153 590 1403 786 595 1840 2036 362 487 1612 1845 1737
Route 214 : 1090 730 1189 2340 2439 572 1046 1980 1822 2296
Route 215 : 13 825 2075 1263 1187 1102 2352 683 2437 1933
Route 216 : 866 12 1262 338 557 2116 1119 1807 1588 2369
Route 217 : 197 67 1447 1317 9 532 1259 995 2245 1782
Route 218 : 465 98 154 1404 1715 249 1499 1348 270 1520
Route 219 : 890 330 1200 277 1580 1527 2140 2450
Route 220 : 195 911 2161 580 1445 625 1830 1203 1875 2453
Route 221 : 585 1835 120 1370 536 668 1058 1786 1918 2308 721 1971
Route 222 : 119 1369 826 2076 332 556 1582 172 1806 1422
Route 223 : 1217 2467 646 397 1647 633 1896 1244 1883 2494
Route 224 : 81 143 1393 1331 679 891 2141 117 1929 1367
Route 225 : 267 328 1517 1578 321 925 583 1833 1571 2175
Route 226 : 849 2099 161 505 729 411 1755 1979 1411 1661
Route 227 : 528 701 705 1955 1778 286 160 1951 1410 1536
Route 228 : 115 314 1365 1564 151 1159 1401 32 2409 1282
Route 229 : 548 234 417 1484 948 1798 2198 1667 196 1446
Route 230 : 442 1121 2371 757 396 1646 2007 1692 942 2192
Route 231 : 497 391 1747 742 1992 560 1810 960 1641 2210
Route 232 : 756 2006 299 1110 281 2360 1531 1549 121 1371
Route 233 : 283 15 1533 1213 381 147 1631 1265 2463 1397
Route 234 : 64 443 887 1693 804 1314 388 2054 2137 1638
Route 235 : 943 2193 1153 1108 1201 2358 82 2403 1332 2451
Route 236 : 770 1199 2020 512 780 2449 460 1762 2030 1710
Route 237 : 944 737 2194 1061 393 1987 787 2311 1643 2037
Route 238 : 470 493 57 1720 1743 867 1307 717 2117 1967
Route 239 : 954 902 2204 211 2152 83 575 1461 1333 1825
Route 240 : 976 720 1101 2226 255 1970 1505 1009 2351 2259
Route 241 : 764 732 2014 1982 752 1181 2002 736 1986 2431
Route 242 : 1188 2438 1239 979 2489 1143 2229 2393 227 1477
Route 243 : 159 1409 847 2097 1168 291 2418 1541
Route 244 : 1066 2316 919 516 541 2169 1194 2444 1791 1766
Route 245 : 728 921 685 1978 2171 1935 123 937 1373 2187
Route 246 : 688 1938 1250 95 402 1345 2500 910 127 2160 1377 1652
Route 247 : 1134 367 810 1617 276 2060 1155 2384 2405 535 1785 1526
Route 248 : 521 724 1974 1771
