Instance name:    ber-n1000-5
Authors:          Dmitriy Churilov (churilov@advantum.pro), Alexander Galko. Advantum Routing System (advantum.ru/route)
Date:             2025-04-02
Reference:        Advantum Routing System, advantum.ru/route
Solution
Route 1 : 339 284 374 784 215 839 715 874
Route 2 : 308 301 331 801 499 999 831 137 808 637
Route 3 : 389 102 602 473 481 973 70 981 889 317 570 817
Route 4 : 122 468 42 418 968 622 542 918
Route 5 : 245 71 745 85 571 585
Route 6 : 73 390 573 242 890 376 742 876
Route 7 : 466 107 81 966 607 484 581 984
Route 8 : 219 335 835 263 309 152 652 809 763 719
Route 9 : 409 412 177 912 909 41 99 541 599 677
Route 10 : 246 375 270 770 746 353 875 360 853 860
Route 11 : 286 202 310 786 296 702 810 796
Route 12 : 266 105 272 766 772 397 396 897 605 896
Route 13 : 447 404 904 315 98 598 947 471 815 971
Route 14 : 154 101 17 601 654 517
Route 15 : 428 459 928 277 112 777 959 612
Route 16 : 138 130 630 638 229 252 729 430 752 930
Route 17 : 63 563 49 454 157 657 954 549
Route 18 : 420 16 920 516 441 941
Route 19 : 67 66 567 273 450 566 116 773 616 950
Route 20 : 235 108 735 207 608 40 540 707
Route 21 : 436 936 151 356 856 378 651 878
Route 22 : 455 955 165 463 963 665
Route 23 : 83 329 261 583 328 761 829 379 828 879
Route 24 : 20 27 520 527
Route 25 : 197 697 183 434 38 934 683 54 554 538
Route 26 : 391 408 908 891 62 248 748 562
Route 27 : 220 324 80 720 824 580 232 732
Route 28 : 91 212 591 258 492 712 758 992
Route 29 : 103 330 395 830 214 603 895 714
Route 30 : 474 974 44 253 753 255 326 826 544 755
Route 31 : 300 250 800 223 723 750 306 79 806 579
Route 32 : 173 32 673 532 416 494 916 127 627 994
Route 33 : 403 293 118 793 903 174 351 618 674 851
Route 34 : 77 288 440 788 940 192 577 692
Route 35 : 239 739 166 109 666 609
Route 36 : 182 682 460 28 11 528 511 209 960 709
Route 37 : 226 445 498 128 945 628 998 247 726 747
Route 38 : 175 675 318 168 668 380 818 256 880 756
Route 39 : 114 410 910 394 614 311 811 894
Route 40 : 274 774 443 325 825 323 280 943 823 780
Route 41 : 372 291 872 791 249 10 510 749
Route 42 : 490 283 990 385 783 435 885 935
Route 43 : 497 144 364 217 644 864 997 429 717 929
Route 44 : 119 241 159 741 619 282 659 782
Route 45 : 431 53 425 269 931 925 553 769
Route 46 : 26 526 267 289 767 438 423 923 789 938
Route 47 : 8 46 487 546 508 987 74 574
Route 48 : 320 124 110 820 345 624 18 610 845 518
Route 49 : 415 915 337 483 983 164 837 664 287 787
Route 50 : 153 370 870 653 392 251 892 271 751 771
Route 51 : 25 352 525 210 852 710
Route 52 : 304 426 804 363 340 926 840 863
Route 53 : 238 738 357 336 206 836 115 857 706 615
Route 54 : 200 35 69 569 700 156 233 535 656 733
Route 55 : 439 204 228 939 704 728 365 865
Route 56 : 178 678 260 196 760 292 792 39 696 539
Route 57 : 402 902 312 462 321 962 264 176 821 676 812 764
Route 58 : 382 424 882 155 432 655 932 924
Route 59 : 368 95 595 184 4 31 504 868 531 684
Route 60 : 295 297 795 117 489 797 617 76 576 989
Route 61 : 51 146 646 551 421 72 921 135 635 572
Route 62 : 224 172 322 724 265 672 822 765
Route 63 : 132 632 90 187 373 687 873 590 145 645
Route 64 : 125 388 307 888 333 625 807 833
Route 65 : 199 276 55 776 699 467 491 967 991 555
Route 66 : 257 341 65 82 565 757 469 582 113 841 613 969
Route 67 : 361 861 442 143 387 643 942 887
Route 68 : 448 21 948 104 477 521 604 977
Route 69 : 148 94 594 446 648 417 946 917
Route 70 : 163 663 367 167 366 290 667 867 866 790
Route 71 : 275 189 689 775 134 634 453 131 953 631
Route 72 : 23 111 523 231 731 244 744 611 190 690
Route 73 : 278 472 778 972 493 140 381 881 640 993
Route 74 : 208 457 957 198 476 708 3 698 503 976
Route 75 : 254 754 456 68 956 29 529 393 568 893
Route 76 : 87 36 587 444 536 213 458 47 958 944 547 713
Route 77 : 285 371 100 785 871 600 56 225 725 556
Route 78 : 316 142 816 464 964 222 642 722
Route 79 : 7 89 422 507 195 695 240 922 589 740
Route 80 : 495 482 158 982 658 480 995 141 980 641
Route 81 : 452 160 13 6 952 660 171 513 671 506
Route 82 : 185 191 685 221 136 400 636 900 691 721
Route 83 : 96 61 465 161 561 965 596 349 661 849
Route 84 : 97 149 597 211 649 386 711 886
Route 85 : 194 9 694 259 759 509 78 578
Route 86 : 180 92 680 170 281 592 781 359 859 670
Route 87 : 343 106 843 59 606 488 559 58 988 558
Route 88 : 350 294 794 179 500 478 850 679 978 1000
Route 89 : 60 93 560 12 327 593 827 512
Route 90 : 298 48 798 169 302 548 802 669
Route 91 : 227 427 332 927 299 832 727 799
Route 92 : 496 369 1 869 996 19 501 519
Route 93 : 201 162 347 470 701 383 662 847 883 970
Route 94 : 186 451 686 338 951 838 181 358 681 858
Route 95 : 398 437 22 937 348 898 414 848 522 914
Route 96 : 45 33 15 545 533 344 515 30 844 530
Route 97 : 485 279 985 779 268 411 139 768 911 639
Route 98 : 188 234 688 84 346 734 846 584 86 586
Route 99 : 243 129 475 313 629 975 743 813
Route 100 : 205 126 705 449 949 399 626 64 899 564
Route 101 : 334 486 834 407 262 2 502 986 762 907
Route 102 : 314 57 401 901 557 814 147 133 647 633
Route 103 : 88 237 342 588 842 43 14 737 543 514
Route 104 : 5 384 405 406 75 884 505 906 905 575
Route 105 : 123 354 854 623 121 218 718 621
Route 106 : 413 203 24 703 913 319 524 120 819 620
Route 107 : 479 52 305 805 230 730 979 552 355 855
Route 108 : 419 34 919 50 534 377 550 877
Route 109 : 216 303 433 803 236 716 933 736
Route 110 : 461 362 150 193 862 693 650 961 37 537
