Instance name:	ber-n2500-1
Authors:		Carlo Sartori and Luciana Buriol
Date:			2019-2-11
Reference:		A matheuristic approach to the PDPTW (to be submitted)
Solution
Route 1 : 420 477 1727 1060 1670 2310 405 793 1655 409 2043 1659
Route 2 : 1211 2461 1144 486 2394 34 1736 552 1284 1802
Route 3 : 611 1098 615 2348 1865 1861 603 119 171 1853 261 1421 1369 1511
Route 4 : 221 848 1471 2098 1209 306 155 1556 2459 511 1761 1405
Route 5 : 680 817 484 173 1423 1930 1734 28 334 92 1584 1342 1278 29 1279 2067
Route 6 : 700 852 1950 2102 1196 883 528 844 2446 2094 2133 1778
Route 7 : 98 813 1348 637 177 827 2063 1887 384 2077 1634 1427 571 1821
Route 8 : 960 17 132 1382 1267 2210 1145 229 540 1790 2395 1479
Route 9 : 857 953 2107 402 372 1652 2203 617 1867 153 1622 257 1507 840 2090 1403
Route 10 : 453 110 682 1932 709 233 1959 1360 1212 2462 1703 462 1064 1483 1712 685 1935 2314
Route 11 : 211 201 1100 2350 777 1461 259 23 1509 2027 1451 939 1273 2189 707 1957
Route 12 : 588 958 823 2073 281 1531 1838 2208 679 62 1929 1312
Route 13 : 151 16 1401 1266 1118 388 1638 268 553 2368 1224 1518 2474 1803
Route 14 : 724 594 1844 1974 624 842 307 1874 436 1557 1686 2092
Route 15 : 899 314 2149 1564 289 491 358 1539 517 1767 1741 1608
Route 16 : 660 877 2127 1910 1002 838 2088 1225 156 2475 1406 2252
Route 17 : 833 2083 684 704 851 909 1954 2101 1198 1159 2159 668 1934 2448 2409 1918
Route 18 : 190 1440 498 832 422 1076 1748 1672 2082 2326 726 1976 128 1378
Route 19 : 1165 979 2229 1048 2415 590 861 185 2298 1435 2111 1840
Route 20 : 1222 688 2472 1938 1089 497 712 1747 1962 2339
Route 21 : 785 2035 108 231 1358 1481 186 546 831 530 451 1701 1436 2081 1780 1796
Route 22 : 355 329 1579 1605 256 196 416 4 1446 1666 1254 1506 226 1476
Route 23 : 912 235 2162 754 1485 673 2004 797 1216 2466 1923 2047
Route 24 : 863 2113 469 121 1371 1719 859 2109 356 1606
Route 25 : 1106 1021 2356 2271 73 550 1323 303 361 1553 1800 1611
Route 26 : 1180 285 776 864 2430 2114 2026 1535 607 1857
Route 27 : 9 689 1259 755 693 2005 1939 494 1943 13 1744 111 1263 1361
Route 28 : 1242 2492 1231 672 917 1922 1063 2167 2481 2313
Route 29 : 1125 2375 400 146 1396 1030 1650 862 2280 2112 321 1571 885 2135
Route 30 : 804 109 43 596 1293 1846 50 1359 1300 380 195 940 2054 2190 1630 1445
Route 31 : 22 504 1229 399 1754 1272 872 2479 1649 457 2122 1707
Route 32 : 598 1848 176 339 1426 158 1408 1589 239 390 65 1315 1489 1640
Route 33 : 732 1128 1037 2287 1982 445 2378 348 385 1635 1598 1695
Route 34 : 170 513 122 1372 903 1763 2153 1420 965 706 1956 2215
Route 35 : 1075 605 1855 825 2325 2075 181 107 470 1431 1357 1720
Route 36 : 353 1603 191 245 1441 341 1495 266 1516 784 1197 1591 2447 2034
Route 37 : 910 2160 600 213 566 1463 1816 298 1850 1548 935 249 2185 1499
Route 38 : 423 1673 25 567 1275 1817 242 855 1492 829 2105 705 2079 1955
Route 39 : 608 1858 1235 328 633 383 2485 1883 1578 1633 438 1688 37 1287
Route 40 : 374 118 217 1624 1368 1019 716 1467 1966 969 1166 2219 2269 2416 1164 2414
Route 41 : 772 104 2022 64 47 80 1297 1314 1354 1330 954 858 2108 2204
Route 42 : 440 463 1713 916 533 1690 1783 741 113 1991 2166 294 1363 1544 127 1377
Route 43 : 175 1425 105 770 854 893 2020 936 1355 2143 2104 2186 487 1737
Route 44 : 293 33 126 1543 1376 1283 701 1951 878 210 2128 1460
Route 45 : 945 157 1206 2456 1407 1208 1090 1003 2458 2340 2195 2253
Route 46 : 124 1223 2473 36 106 1286 387 1374 1356 1637 408 271 1521 632 1658 1882
Route 47 : 474 1724 1142 898 447 2392 324 1697 2148 1574
Route 48 : 691 1941 686 172 1936 472 49 1722 1422 639 1299 91 1889 1341
Route 49 : 3 737 1987 1253 1093 1112 881 2343 2362 2131 1169 2419
Route 50 : 761 658 828 2011 1908 1129 2078 1036 2379 192 1442 2286
Route 51 : 765 584 964 2214 319 2015 1834 884 918 1569 980 2168 2230 2134
Route 52 : 1026 1078 2276 219 888 1249 2138 2328 2499 1469 501 1751
Route 53 : 525 995 1775 670 2245 1077 1920 889 2139 2327 6 1256
Route 54 : 699 739 1949 205 1455 1989 345 565 1595 254 1815 1504
Route 55 : 454 850 45 1704 1220 2100 713 1295 357 2470 326 1607 1963 1576 240 1217 2467 1490
Route 56 : 771 573 2021 346 1596 847 2097 1823 896 223 48 1473 1298 2146
Route 57 : 382 31 1236 1632 1281 2486 415 340 1665 1047 1590 2297 1023 483 1733 2273
Route 58 : 52 731 1981 1302 812 302 2062 665 12 1915 1552 1137 1262 2387
Route 59 : 841 892 595 2142 1845 59 2091 1012 1309 1029 1126 2279 2376 2262
Route 60 : 393 1643 1215 834 439 381 1689 2084 2465 419 1631 1669
Route 61 : 79 167 902 1417 1329 2152 77 645 1327 1895 364 1614
Route 62 : 1127 966 1207 2216 2377 539 8 38 1258 1789 2457 1288
Route 63 : 263 1122 1513 2372 1084 990 2240 2334
Route 64 : 232 1482 661 165 411 1911 1661 1415 85 1116 880 2130 1335 2366
Route 65 : 1183 76 2433 1326 180 1228 845 974 1430 2478 2224 2095
Route 66 : 669 1919 41 117 907 2157 1291 230 1480 1367
Route 67 : 1176 397 574 942 1824 2426 2192 1647 1237 767 2487 2017
Route 68 : 798 495 1070 1745 2320 1069 2319 212 2048 733 1462 1983
Route 69 : 647 537 922 1787 1897 560 1 2172 816 1251 1810 2066
Route 70 : 1017 2267 452 729 1979 674 150 1702 370 1400 1620 433 676 1924 1683 1926
Route 71 : 304 933 1554 2183 1071 2321 373 480 1730 1623
Route 72 : 526 1776 286 975 114 1536 379 60 2225 1629 835 1310 2085 1364
Route 73 : 1177 609 371 258 1859 1621 2427 659 1136 2386 1909 1508
Route 74 : 325 949 1575 725 926 2176 2199 1975 273 292 1523 1542
Route 75 : 5 677 1199 1255 1927 2449 280 687 1937 717 1530 597 1967 1847
Route 76 : 652 915 1079 2165 1200 2329 1902 145 807 1395 2057 2450 802 2052
Route 77 : 987 395 1161 2237 619 2411 740 1869 1645 72 1322 1990 277 1527
Route 78 : 914 646 66 193 1443 1080 1896 1062 1316 2312 2330 2164
Route 79 : 781 143 2031 1393 522 169 640 1772 1890 649 1419 490 1899 799 2049 1740
Route 80 : 1008 1041 216 2258 2291 1466 963 2213 583 618 1868 1833
Route 81 : 174 534 1784 1424 322 283 999 1533 1572 2249
Route 82 : 1082 2332 253 1503 40 1290 202 795 1050 2045 2300 1452
Route 83 : 869 2119 207 1056 1457 1114 2306 1083 2333 2364 1163 2413
Route 84 : 836 1190 2440 2086 1092 905 941 2155 2342 2191
Route 85 : 160 818 2068 1134 919 2169 2384 1410 1201 1140 2390 2451
Route 86 : 1057 203 1453 2307 759 581 115 95 1345 2009 1831 1365
Route 87 : 435 952 1685 2202 1138 1044 2294 556 629 1806 2388 1879
Route 88 : 138 1388 243 183 1493 1433 51 901 932 2151 2182 1301
Route 89 : 508 53 21 1758 1271 336 485 1303 1586 1174 1735 2424
Route 90 : 753 653 1903 406 1656 2003 1020 163 1413 101 2270 130 1380 1351
Route 91 : 446 337 1696 1043 134 1587 545 2293 1384 1051 42 2301 1795 1292
Route 92 : 516 97 1347 434 1766 734 349 1599 1984 1684 873 638 1888 2123
Route 93 : 876 808 735 2126 1985 389 1639 69 311 2058 1561 1319 466 1716
Route 94 : 131 956 244 2206 805 1381 1494 708 1958 2055 90 800 630 1340 1880 2050
Route 95 : 985 1099 404 564 1814 2235 1654 2349 1148 2398 962 2212
Route 96 : 120 20 1370 563 1813 1270 1004 352 1602 2254
Route 97 : 524 626 1774 586 1876 1836 973 224 58 1474 1308 2223
Route 98 : 1039 1132 2289 2382 166 955 1416 663 222 1472 2205 1913 1185 2435
Route 99 : 547 1091 2341 1797 577 879 2129 1827 562 1812
Route 100 : 557 1807 692 1942 1172 142 991 255 1392 2241 2422 1109 2359 1505 290 1540
Route 101 : 911 2161 327 288 1577 988 1538 67 1155 2238 2405 1317
Route 102 : 444 1694 1149 589 591 1841 2399 1839 269 976 1519 2226
Route 103 : 849 351 2099 839 1601 2089 449 531 1699 1781 215 1465
Route 104 : 579 657 1829 575 1907 359 1825 456 786 1609 2036 1706
Route 105 : 648 1898 983 204 275 2233 238 923 2173 1488 1454 1525 89 300 1550 1339
Route 106 : 627 532 1877 875 1782 536 1786 1085 2125 2335
Route 107 : 1096 930 2180 2346 225 428 1678 1475 467 1024 2274 1717
Route 108 : 479 148 237 730 1398 1980 1729 1487 1006 2256
Route 109 : 997 301 1551 2247 787 523 760 1773 2037 2010
Route 110 : 578 309 606 333 1583 1828 1856 1559 84 621 783 1334 1871 2033
Route 111 : 299 1549 720 475 1725 1152 1243 2493 1058 1970 2402 2308
Route 112 : 655 1905 421 473 168 1671 1723 332 396 1646 1418 1582 502 1752
Route 113 : 1054 694 2304 718 1944 1968 448 948 931 1698 2181 2198
Route 114 : 762 690 1940 2012 1045 2295 906 775 2025 2156
Route 115 : 141 944 200 801 702 2194 1952 488 2051 1450 1738 1391
Route 116 : 1173 928 2423 2178 82 744 1332 44 317 1294 137 1567 1994 1387 407 1657
Route 117 : 810 710 1960 791 2060 458 650 2041 1900 1708 568 549 1818 1799
Route 118 : 162 426 1412 1011 1676 1158 2261 2408 305 1555
Route 119 : 865 811 430 2115 1680 1038 2061 465 986 1715 2288 2236
Route 120 : 748 507 1998 1757 194 929 809 2179 1444 843 2059 161 2093 1411
Route 121 : 471 1721 63 401 125 1375 1651 1313 860 188 610 1438 1860 2110
Route 122 : 662 769 698 1948 123 1373 1912 2019 330 921 1580 2171
Route 123 : 228 1120 2370 1219 1478 1124 2469 628 2374 1878
Route 124 : 1010 2260 1033 234 1484 1240 2283 1035 2490 2285
Route 125 : 312 541 1791 1086 1087 1562 2336 394 366 2337 1616 1644
Route 126 : 620 654 1904 1870 1213 450 2463 1015 2265 1700
Route 127 : 1150 968 2400 1221 2471 1074 2218 2324
Route 128 : 542 315 505 1792 1565 19 1034 1269 723 1973 2284 1226 2476 1755
Route 129 : 197 75 100 1447 642 1325 1350 482 1892 820 1732 489 1739 2070
Route 130 : 417 1667 94 164 1414 276 1344 74 1526 558 1324 727 1808 1977
Route 131 : 1244 2494 592 585 209 1842 978 1459 982 1835 697 2232 2228 1947
Route 132 : 719 1969 569 496 1746 83 752 159 1409 278 1333 1819 2002 866 1528 2116
Route 133 : 1072 262 1512 582 1232 2322 2482 1832 392 182 251 1432 1642 1501
Route 134 : 206 1456 499 1749 139 35 96 1285 1346 1095 1389 2345 743 1993
Route 135 : 2 622 476 1726 1872 1252 792 722 580 199 1830 1449 1972 2042
Route 136 : 250 612 1500 1862 796 116 2046 24 1366 1274 891 2141
Route 137 : 1194 1175 671 2444 2425 1921 1135 2385 721 367 1971 103 1353 1617 695 1945
Route 138 : 830 368 1618 2080 981 538 2231 102 1788 11 1352 135 1261 1385
Route 139 : 1179 894 287 548 2429 2144 1798 1537 1068 2318
Route 140 : 1233 1073 2483 347 1156 1597 2406 728 2323 1978 714 1964
Route 141 : 989 1205 344 2239 2455 1594 1195 403 2445 1653
Route 142 : 972 1042 2222 1007 284 2292 2257 1534 227 1477
Route 143 : 152 267 241 32 1402 1491 1204 1517 2454 1282 623 897 1873 2147
Route 144 : 1032 994 2244 2282 703 264 1514 1953 509 957 1759 2207
Route 145 : 554 1804 1210 561 943 678 2460 2193 1811 1928
Route 146 : 1141 913 1059 2391 2163 992 2309 338 2242 1588
Route 147 : 10 1121 1040 2290 1052 2371 424 2302 1260 1674
Route 148 : 971 57 214 2221 1307 492 354 1464 1742 260 248 1604 1498 1510
Route 149 : 464 1049 1714 506 2299 947 1756 2197
Route 150 : 1107 2357 410 14 68 1318 1202 1264 2452 1660 414 1143 1664 2393
Route 151 : 636 1886 297 455 1705 946 429 1679 2196 1547 1031 2281
Route 152 : 144 821 1394 360 1181 2431 2071 1610 1241 2491 1103 2353
Route 153 : 587 887 133 2137 1837 1383 39 634 189 1289 1439 1884 950 2200
Route 154 : 643 951 1893 2201 790 601 756 774 2006 1147 2040 1053 1851 2397 2303 2024
Route 155 : 996 1186 937 2187 1101 2246 2436 751 2351 2001
Route 156 : 666 1916 1097 514 88 2347 1764 1338 308 1558 651 908 129 1379 1901 2158
Route 157 : 773 512 331 1762 1581 2023 1066 369 1619 2316
Route 158 : 291 1541 667 970 1917 2220 927 61 2177 1311
Route 159 : 1117 2367 738 789 1988 2039 460 461 1710 178 1428 1711
Route 160 : 295 1545 904 815 625 515 1765 2065 1875 2154 1168 282 2418 1532 378 1628
Route 161 : 1018 641 2268 1891 977 1016 2266 2227 1088 2338
Route 162 : 335 198 967 1585 265 1448 520 1515 1022 1770 2272 427 2217 1677
Route 163 : 803 71 320 1570 412 2053 1321 664 1662 362 1184 1914 2434 1612
Route 164 : 1104 613 2354 806 510 1863 81 2056 1760 644 1331 1894
Route 165 : 93 602 1343 1852 1245 1001 2495 2251
Route 166 : 1105 179 2355 824 147 2074 398 1429 1397 1648 683 1933
Route 167 : 443 1154 2404 1693 1055 1153 2403 2305
Route 168 : 1187 2437 1130 837 1065 2315 2087 1115 2380 2365
Route 169 : 870 635 1885 343 481 1593 2120 1013 1248 1005 2498 2255 2263 1731
Route 170 : 432 272 1682 1522 136 46 1296 757 711 1961 2007 1386
Route 171 : 500 518 1768 599 1849 1750 1189 1227 1238 2439 2477 2488
Route 172 : 1000 1218 1067 2250 1160 2468 2410 1192 2442 2317
Route 173 : 895 1170 2145 2420 1151 846 715 86 2401 1965 2096 1336
Route 174 : 696 961 1193 1946 2211 1025 2443 2275
Route 175 : 468 570 938 1820 1718 780 871 2121 2188 1246 2496 2030
Route 176 : 604 1854 874 154 55 218 2124 1146 1404 1305 1468 2396 527 778 2028 1777
Route 177 : 856 2106 993 2243 365 15 1615 826 1265 2076 313 1563
Route 178 : 246 1496 886 99 350 1349 2136 1600 593 1123 768 2373 1843 2018
Route 179 : 782 746 27 2032 1108 1277 1996 1171 2358 2421 318 1568
Route 180 : 236 26 1276 7 572 1257 220 1470 1486 576 1822 1826
Route 181 : 1119 868 867 900 2117 2369 2118 2150 890 2140 631 1881
Route 182 : 1250 30 2500 1102 1280 1061 2311 2352 1214 2464
Route 183 : 681 794 1931 749 316 2044 882 1999 2132 1566
Route 184 : 149 1399 377 1627 822 1133 924 279 2072 1529 2174 2383
Route 185 : 745 675 1995 1014 984 1925 2264 2234
Route 186 : 555 342 1805 1592 478 184 1728 363 1613 1434 425 1675 742 1992
Route 187 : 1203 1028 1027 2453 1234 2278 2277 2484
Route 188 : 70 274 764 1320 1524 2014 459 1709 437 208 1687 1458
Route 189 : 521 747 1157 1771 1094 2407 1997 442 853 1692 2103 2344
Route 190 : 1188 413 1663 1046 2438 376 2296 763 2013 1626
Route 191 : 736 375 559 1809 1986 1625 925 2175 1239 1113 616 2363 1866 2489
Route 192 : 1009 544 1794 2259 441 779 1691 2029 535 551 1785 1801
Route 193 : 758 2008 934 2184 1167 54 788 2038 1304 2417
Route 194 : 503 56 1230 1111 1306 1753 2361 1131 2480 418 2381 1668
Route 195 : 1162 543 529 431 1793 1681 1779 920 2170 2412
Route 196 : 391 493 1641 1743 998 247 140 2248 1390 1497
Route 197 : 1110 814 252 1502 1178 1139 2360 2064 2428 187 2389 1437
Route 198 : 750 819 1182 2000 2432 1191 2069 386 2441 1636 310 1560
Route 199 : 519 1769 18 323 87 1337 1573 1268 656 614 1864 1906 766 296 2016 1546
Route 200 : 1247 1081 2497 2331 270 1520 112 959 78 2209 1362 1328
