Instance name:    ber-n1000-2
Authors:          Dmitriy Churilov (churilov@advantum.pro), Alexander Galko. Advantum Routing System (advantum.ru/route)
Date:             2025-04-02
Reference:        Advantum Routing System, advantum.ru/route
Solution
Route 1 : 260 102 178 602 760 678
Route 2 : 165 112 612 349 665 482 150 982 849 650
Route 3 : 105 48 605 548 139 487 639 987
Route 4 : 193 42 542 138 693 381 638 881
Route 5 : 103 385 603 225 885 133 633 725
Route 6 : 465 21 521 965 224 280 467 724 780 967
Route 7 : 148 648 283 323 430 823 128 930 628 783
Route 8 : 166 666 270 275 775 35 770 56 556 535
Route 9 : 310 810 435 484 935 984 495 995
Route 10 : 135 269 363 863 635 94 769 155 594 655
Route 11 : 251 362 751 447 862 489 947 989
Route 12 : 322 132 473 973 822 632 169 669
Route 13 : 499 172 672 480 191 999 691 980 308 808
Route 14 : 454 461 431 931 961 108 608 954
Route 15 : 213 713 472 231 264 731 972 764
Route 16 : 469 394 969 894 423 923
Route 17 : 163 125 61 663 625 561
Route 18 : 126 77 577 463 626 388 888 963
Route 19 : 99 338 261 599 838 761 339 301 839 801
Route 20 : 286 786 122 290 62 790 622 562
Route 21 : 368 868 174 160 364 660 864 674
Route 22 : 79 96 246 579 596 746 259 759
Route 23 : 299 336 212 192 799 712 836 692
Route 24 : 198 53 553 698 200 493 993 700
Route 25 : 202 18 518 702 16 440 516 940
Route 26 : 241 232 741 302 802 732 197 179 679 697
Route 27 : 389 889 188 22 688 318 33 533 522 818 69 569
Route 28 : 23 9 509 523 360 137 267 860 637 767
Route 29 : 167 222 320 820 722 667 491 154 991 654
Route 30 : 142 371 412 912 642 871 78 578
Route 31 : 6 216 716 335 506 237 835 737
Route 32 : 238 738 76 88 576 361 588 861
Route 33 : 144 410 910 644 281 92 592 279 781 779
Route 34 : 398 288 300 898 800 788
Route 35 : 127 86 129 274 627 586 629 351 774 851
Route 36 : 250 93 750 223 337 837 593 723
Route 37 : 243 326 314 826 814 743 118 113 613 618
Route 38 : 151 4 651 297 504 136 130 636 797 630
Route 39 : 229 729 38 425 124 538 624 925
Route 40 : 333 328 101 601 828 833 346 235 846 735
Route 41 : 107 157 352 657 607 852 373 873
Route 42 : 104 604 377 443 943 877 100 600
Route 43 : 176 83 676 356 583 477 856 977 204 704
Route 44 : 10 114 47 244 744 614 547 483 510 983
Route 45 : 417 492 917 324 992 382 824 882
Route 46 : 452 164 217 952 717 664
Route 47 : 414 914 383 883 74 433 574 933
Route 48 : 1 501 75 448 575 948 240 740
Route 49 : 45 545 462 24 387 962 524 887 428 928
Route 50 : 201 214 29 701 529 8 714 508 479 979
Route 51 : 189 464 278 778 293 498 964 998 793 689
Route 52 : 50 306 550 131 806 30 530 631
Route 53 : 51 305 276 551 776 409 805 909
Route 54 : 180 307 680 315 815 434 807 347 934 847
Route 55 : 277 177 777 677 239 739
Route 56 : 32 71 532 571 110 610
Route 57 : 474 429 226 929 726 316 974 816
Route 58 : 249 257 749 422 922 757
Route 59 : 82 582 228 84 728 584 90 41 541 590
Route 60 : 334 313 813 20 834 91 591 520
Route 61 : 181 486 986 190 681 319 690 819
Route 62 : 329 829 332 219 379 832 879 719 309 809
Route 63 : 253 203 703 490 753 990 424 233 924 733
Route 64 : 365 230 441 865 730 941 449 401 949 901
Route 65 : 134 634 416 395 471 895 916 971
Route 66 : 321 159 285 821 406 659 785 906
Route 67 : 411 372 911 67 872 206 426 926 567 706
Route 68 : 400 402 900 378 439 405 939 902 878 905
Route 69 : 287 73 787 312 573 272 812 772
Route 70 : 476 95 209 595 709 438 938 976 457 957
Route 71 : 63 407 907 25 563 19 525 519
Route 72 : 396 109 896 609 162 662
Route 73 : 211 117 39 711 539 617 355 143 855 643
Route 74 : 445 427 446 945 927 207 946 707
Route 75 : 145 58 437 266 937 558 645 766 494 994
Route 76 : 404 392 904 248 892 748 158 658
Route 77 : 43 52 543 342 842 413 913 552 468 968
Route 78 : 120 187 37 66 537 415 620 915 566 215 687 715
Route 79 : 12 182 512 210 682 496 710 292 996 792
Route 80 : 171 671 199 15 515 699
Route 81 : 294 186 686 794 146 140 640 646 236 736
Route 82 : 247 242 747 742 2 152 652 502
Route 83 : 350 850 375 358 875 330 252 858 830 752
Route 84 : 367 485 867 205 460 985 960 705
Route 85 : 256 497 756 997 444 944 156 656
Route 86 : 26 64 303 526 803 564 40 340 840 540
Route 87 : 327 295 175 827 44 675 795 544
Route 88 : 170 3 670 503 369 451 869 357 857 951
Route 89 : 265 123 623 765 141 36 536 641
Route 90 : 403 903 341 5 344 841 505 844
Route 91 : 419 919 273 304 173 673 773 804 65 565
Route 92 : 262 121 621 762 218 81 391 891 718 581
Route 93 : 436 456 366 936 59 866 956 559
Route 94 : 149 649 359 31 859 531 220 72 572 720
Route 95 : 475 975 399 374 500 874 899 1000
Route 96 : 98 184 27 598 527 684 420 920
Route 97 : 268 68 568 768 317 255 817 755
Route 98 : 348 196 848 432 932 291 696 70 570 791
Route 99 : 390 380 880 890 488 466 988 966
Route 100 : 54 386 886 370 554 421 168 870 921 668
Route 101 : 87 298 798 354 587 854 455 955
Route 102 : 263 227 727 763 331 345 845 831
Route 103 : 397 153 17 897 517 653 258 758
Route 104 : 458 408 908 958 289 789 80 580 284 784
Route 105 : 384 884 161 147 647 34 661 534 481 981
Route 106 : 106 376 442 606 876 942
Route 107 : 85 57 585 111 557 183 611 683
Route 108 : 353 853 97 325 296 825 89 796 589 597
Route 109 : 254 311 811 754 234 470 970 734 282 782
Route 110 : 453 478 978 459 55 953 555 959
Route 111 : 245 745 14 49 549 7 514 507
Route 112 : 393 893 185 208 115 708 13 685 615 513
Route 113 : 119 343 619 843 195 194 60 560 695 694
Route 114 : 271 221 771 721 450 11 950 511
Route 115 : 28 116 528 46 616 418 546 918
