Instance name:	ber-n1000-4
Authors:		Carlo Sartori and Luciana Buriol
Date:			2019-2-11
Reference:		A matheuristic approach to the PDPTW (to be submitted)
Solution
Route 1 : 123 266 766 469 623 969 200 700 147 647 102 69 602 242 569 742
Route 2 : 437 186 396 686 896 937 442 245 942 745 406 137 906 232 637 732 40 118 540 618
Route 3 : 383 154 163 654 883 663 495 80 478 580 995 39 978 82 539 582 433 933
Route 4 : 79 166 666 579 317 298 798 817 301 10 510 412 912 201 801 353 853 156 701 656
Route 5 : 41 541 3 36 132 632 503 16 536 440 940 58 516 306 449 806 949 558
Route 6 : 355 426 926 101 855 260 601 760 497 272 772 263 997 52 20 763 552 520 57 557
Route 7 : 282 43 215 782 324 715 22 824 522 334 543 192 692 476 834 976 418 918
Route 8 : 125 135 477 635 377 977 625 339 877 839 228 287 728 787 420 131 631 920
Route 9 : 480 197 697 44 980 182 544 149 159 649 682 229 659 219 729 207 719 707 285 785
Route 10 : 364 387 864 148 357 887 857 648 424 30 924 530 141 114 614 641
Route 11 : 136 425 925 636 278 250 466 750 966 778 429 403 929 903 472 474 972 974
Route 12 : 62 13 295 562 315 513 452 795 815 443 952 231 731 943 161 7 507 661
Route 13 : 139 485 639 329 985 829 321 172 672 821 348 312 812 848 128 111 628 611
Route 14 : 110 268 140 398 898 768 610 640 223 265 723 765 483 205 116 983 705 463 616 500 963 1000
Route 15 : 170 367 670 134 867 120 634 5 65 620 505 565 330 84 584 830 257 757
Route 16 : 358 66 456 566 858 956 176 247 747 168 676 668 241 208 741 708 221 721
Route 17 : 416 212 712 916 254 445 754 68 568 28 945 528 461 267 767 961
Route 18 : 325 450 825 486 309 94 950 986 594 253 753 344 138 106 844 638 606 809
Route 19 : 422 370 870 922 375 875 342 302 842 489 989 802 423 923 479 251 979 751
Route 20 : 451 372 366 332 59 832 559 866 55 872 492 555 992 164 951 664
Route 21 : 92 234 592 734 430 51 337 837 551 464 930 964 417 408 908 917
Route 22 : 388 276 262 776 762 362 862 397 888 897 15 213 515 100 713 600 491 991
Route 23 : 248 236 748 736 415 150 226 726 915 650 393 243 340 893 743 840
Route 24 : 244 73 77 573 744 577 300 448 63 86 800 948 586 563 14 514
Route 25 : 115 313 813 615 269 769 307 807 202 108 347 702 608 432 847 281 932 781 454 954
Route 26 : 217 271 468 427 717 968 498 771 998 496 927 280 996 780 37 453 537 953 467 967
Route 27 : 122 194 622 193 153 693 365 694 653 865 380 880 444 60 560 400 944 404 904 107 900 607
Route 28 : 294 794 53 220 239 739 553 399 288 899 788 359 720 409 909 475 859 975 190 690
Route 29 : 32 532 296 4 341 504 841 796 411 401 911 24 524 901 2 177 502 677
Route 30 : 113 75 191 691 613 45 575 165 665 304 545 74 804 574 151 180 680 105 651 605
Route 31 : 455 93 38 593 955 538 338 838 350 410 381 850 881 910
Route 32 : 48 374 874 548 438 938 81 143 581 275 643 775 169 352 96 669 852 596
Route 33 : 47 264 764 335 547 216 64 716 835 328 564 431 828 931 331 184 831 684
Route 34 : 162 230 730 662 119 50 619 550 439 939 85 319 174 297 674 183 585 797 683 819
Route 35 : 382 882 482 434 982 356 310 934 67 810 567 428 856 928 21 175 521 675
Route 36 : 158 658 18 35 179 518 679 535 261 333 70 570 761 833 259 311 25 759 811 525
Route 37 : 336 376 1 876 836 501 104 42 274 604 195 774 542 695 189 689 72 11 61 572 511 27 561 527
Route 38 : 284 117 617 784 89 12 589 277 512 777 152 343 843 446 652 286 31 531 946 786
Route 39 : 499 181 999 681 314 157 814 419 657 919 76 576 361 861 283 211 783 711
Route 40 : 91 34 473 973 591 534 23 227 523 490 990 727 26 124 526 624 33 103 290 603 533 790
Route 41 : 240 145 645 465 740 965 457 235 493 735 957 993 441 941 303 803
Route 42 : 363 199 78 863 699 578 386 458 322 822 886 958 394 292 894 792
Route 43 : 252 98 6 598 506 752 299 346 323 799 846 823 87 95 360 587 595 384 129 860 884 629
Route 44 : 413 913 345 279 845 349 779 849 224 724 414 481 83 981 914 583
Route 45 : 171 470 671 88 588 970 484 185 984 354 685 155 214 854 714 405 905 655
Route 46 : 316 99 816 599 133 97 210 633 597 173 710 673 407 373 487 907 987 369 873 869
Route 47 : 209 327 222 351 827 851 709 722 218 291 237 718 791 368 737 868 238 196 738 696
Route 48 : 395 273 773 378 895 392 878 892 19 318 187 687 818 326 436 826 308 936 808 519
Route 49 : 459 959 144 644 46 178 198 546 698 678 225 206 160 706 725 660 127 29 627 204 704 529
Route 50 : 126 626 167 109 667 609 17 460 517 71 571 960 471 971 371 871
Route 51 : 130 630 56 258 556 233 758 733 320 293 289 820 256 793 789 756 494 994 9 509
Route 52 : 390 146 270 646 890 770 90 590 121 435 935 621 255 49 549 755
Route 53 : 188 112 54 688 142 612 554 203 249 391 891 703 402 749 246 642 746 902 462 962
Route 54 : 305 447 805 947 389 889 385 8 379 885 488 879 988 508 421 921
