Instance name : ber-n800-6
Authors       : Dmitriy Demin, Mikhail Diakov (msd@veeroute.com), Ivan Ilin, Nikita Ivanov, Viacheslav Sokolov (vs@veeroute.com) et al. VRt Global (https://veeroute.com/)
Date          : 2023-07-09
Reference     : veeroute.com
Solution
Route 1 : 189 589 263 323 294 723 694 663 273 340 673 91 491 341 740 322 722 741 268 668
Route 2 : 160 303 560 257 657 703 29 429 330 332 730 732 367 292 692 767
Route 3 : 254 217 654 617 115 515 39 253 318 653 439 377 777 718 20 36 420 436
Route 4 : 76 476 33 271 671 433 168 568 83 483 137 379 537 779 151 551
Route 5 : 388 382 788 782 327 229 302 727 629 259 702 398 659 798
Route 6 : 64 464 79 82 479 482 203 28 428 603 163 126 526 563
Route 7 : 146 397 546 269 351 797 751 277 669 73 677 473 50 13 124 413 450 524
Route 8 : 275 170 675 570 75 475 98 10 498 410 256 656 245 645
Route 9 : 174 372 574 37 334 437 734 178 27 578 266 366 666 427 247 766 647 244 772 644
Route 10 : 215 122 57 457 522 615 374 231 631 774 2 395 402 795 227 209 609 627
Route 11 : 176 138 576 198 538 598 105 65 505 465 315 32 432 715 313 713
Route 12 : 188 588 265 665 172 222 572 622 375 343 743 775 289 689 381 314 781 714
Route 13 : 389 305 789 705 220 349 370 770 749 173 620 573 365 765 276 44 444 676
Route 14 : 279 290 679 690 393 109 793 205 509 130 605 68 342 530 742 468 185 585
Route 15 : 301 325 725 69 469 701 100 500 383 783 368 768 12 94 494 412 236 636
Route 16 : 299 240 699 640 139 90 539 490 85 350 750 219 485 97 497 400 619 22 800 422
Route 17 : 148 141 548 541 309 709 92 353 492 1 38 753 267 401 438 667 216 616
Route 18 : 348 71 748 380 471 780 62 40 144 462 440 544 63 238 463 638
Route 19 : 175 333 387 575 787 131 531 733 191 282 385 682 591 785 336 736
Route 20 : 108 61 508 262 662 391 114 791 514 60 461 43 460 443 281 681
Route 21 : 46 241 446 143 641 156 543 129 99 556 529 499 306 16 416 706
Route 22 : 232 632 304 162 562 704 298 698 25 396 796 425 288 180 580 688
Route 23 : 31 164 431 564 378 206 606 167 567 66 466 778 272 212 672 4 612 404
Route 24 : 125 202 525 602 17 111 511 417 169 211 362 762 569 611
Route 25 : 55 455 135 117 517 535 286 223 248 686 623 226 648 626 201 601 316 716
Route 26 : 161 561 171 571 155 300 555 700 30 14 414 193 430 6 593 363 406 763
Route 27 : 369 145 545 769 317 87 487 717 110 510 274 394 674 794
Route 28 : 285 685 261 661 184 584 179 72 579 472 19 119 519 331 419 24 731 424
Route 29 : 360 9 409 293 760 166 566 74 154 554 474 81 481 693
Route 30 : 18 418 321 67 376 467 335 721 295 735 695 776 186 586 56 456
Route 31 : 194 77 594 252 477 652 45 106 445 506 371 392 792 771 5 405
Route 32 : 47 447 58 458 123 358 523 182 70 758 470 80 582 480
Route 33 : 103 199 207 503 599 607 153 553 181 581 133 533 35 311 711 435 196 596 242 642
Route 34 : 52 361 452 120 761 326 726 520 255 250 7 407 655 650 102 149 549 502
Route 35 : 338 195 96 738 595 136 536 208 608 496 296 696 158 183 583 558
Route 36 : 23 345 423 228 745 140 307 707 628 540 86 213 390 790 486 613
Route 37 : 243 354 754 643 21 421 264 319 664 719 357 93 757 270 493 258 670 658
Route 38 : 328 239 132 728 532 278 639 147 157 547 557 678 355 127 235 635 755 527
Route 39 : 134 534 15 8 415 356 408 756 283 291 683 287 687 691 249 649
Route 40 : 41 441 221 359 621 759 337 214 339 614 737 739 49 204 604 107 449 384 784 507
Route 41 : 364 764 310 150 710 550 112 3 403 512 308 233 284 633 708 684 34 434
Route 42 : 152 128 552 528 399 26 799 426 142 197 95 597 495 542 210 352 610 752
Route 43 : 78 478 225 116 625 51 516 347 451 747 324 53 453 724
Route 44 : 297 177 697 329 577 729 280 237 680 101 165 637 89 489 501 565 59 459
Route 45 : 84 484 200 187 587 600 386 373 773 786 48 54 224 624 454 448 234 634
Route 46 : 230 630 218 344 744 88 488 246 118 518 11 646 104 411 312 504 712 346 121 746 521 618
Route 47 : 320 113 513 720 190 260 660 590 192 42 592 442 251 159 651 559