Instance name : ber-n1500-2
Authors       : Dmitriy Demin, Mikhail Diakov (msd@veeroute.com), Ivan Ilin, Nikita Ivanov, Viacheslav Sokolov (vs@veeroute.com) et al. VRt Global (https://veeroute.com/)
Date          : yyyy-mm-dd
Reference     : veeroute.com
Solution
Route 1 : 353 514 475 471 1103 1264 1221 152 245 902 431 1225 995 1181 713 258 1463 630 1380 1008
Route 2 : 9 343 1093 741 759 1491 590 428 1340 1178 498 554 1248 1304 454 1204 722 1472 182 932
Route 3 : 436 1186 723 587 456 1337 678 1473 1428 1206 423 721 1471 11 761 1173 78 230 828 980
Route 4 : 309 544 1294 1059 719 1469 497 310 693 1247 1060 1443 402 1152 301 212 1051 962 676 214 1426 964
Route 5 : 292 663 267 1017 238 1413 1042 135 248 885 988 998 390 609 1140 700 1359 739 1450 1489 179 929
Route 6 : 361 1111 517 15 1267 250 1000 765 598 170 718 1468 920 1348 622 458 675 1425 1208 557 1372 1307 362 1112
Route 7 : 580 153 80 903 830 1 1330 751 601 72 577 5 755 1327 822 1351 526 606 1276 1356 438 1188
Route 8 : 94 415 1165 844 75 825 236 340 1090 986 505 151 317 1255 901 589 1339 229 1067 979 323 1073
Route 9 : 501 706 1251 412 1456 43 1162 793 716 533 1283 231 981 262 1466 307 1057 195 945 1012 97 847
Route 10 : 47 797 105 586 855 150 178 900 1336 928 509 418 1259 56 1168 806 293 104 854 562 1312 1043
Route 11 : 742 1492 232 45 982 201 329 795 92 125 1079 951 875 842 551 540 367 1301 1290 1117
Route 12 : 652 1402 529 1279 669 651 1419 518 1268 86 1401 155 905 836 124 87 837 874 186 936
Route 13 : 148 469 1219 173 605 1355 898 923 7 70 757 820 673 247 395 1423 519 997 318 1145 620 1269 1068 1370
Route 14 : 711 401 1461 338 1151 1088 226 16 766 976 397 523 1273 1147 69 536 1286 441 819 164 1191 914
Route 15 : 312 199 657 1407 949 172 1062 922 672 51 801 1422 688 1438 396 1146 253 452 1003 388 1202 1138 489 1239
Route 16 : 249 999 681 404 691 1441 1431 422 1154 717 1172 682 1432 308 1058 503 204 1467 484 84 1253 1234 954 834
Route 17 : 480 1230 289 743 1493 698 366 1039 137 1448 736 887 1486 731 1481 1116 297 239 597 1047 1347 989 326 1076
Route 18 : 49 508 799 1258 278 1028 185 935 561 583 1311 440 1190 1333 44 8 758 130 794 880
Route 19 : 694 1444 670 552 1420 1302 387 1137 599 414 1349 524 704 1274 1454 77 1164 827 299 548 1298 560 1310 1049
Route 20 : 662 579 1412 604 1329 102 852 485 1354 594 1344 1235 647 646 1397 113 384 1396 863 1134
Route 21 : 444 331 1194 1081 287 18 1037 410 768 446 1196 1160 623 515 1265 679 1429 303 426 1176 1373 1053
Route 22 : 222 972 567 252 1002 1317 516 364 1114 1266 432 1182 109 302 859 1052 380 1130 237 521 1271 227 987 977
Route 23 : 374 1124 746 667 1417 1496 27 777 260 1010 269 655 1019 1405 627 472 1377 126 1222 288 876 1038
Route 24 : 543 243 1293 39 993 789 224 357 1107 223 974 973 291 488 1041 496 1238 641 1391 1246
Route 25 : 20 99 187 770 849 937 138 573 888 33 434 1184 783 196 1323 946 581 1331 745 740 1490 1495
Route 26 : 530 473 1280 32 782 1223 549 1299 550 217 1300 967 246 571 996 455 1321 1205 607 470 1357 1220
Route 27 : 570 348 1320 1098 734 207 1484 284 235 985 957 1034 268 714 1018 1464 725 559 634 1309 1475 1384
Route 28 : 333 131 1083 631 642 1381 881 298 1048 121 184 1392 161 934 871 411 1161 85 911 660 1410 835
Route 29 : 295 91 1045 450 841 1200 192 144 894 13 942 79 763 40 146 896 790 829 491 664 1241 1414
Route 30 : 127 877 14 668 764 346 1096 504 617 1418 1254 708 1367 276 661 1026 1458 159 368 1118 909 1411
Route 31 : 136 330 886 81 1080 683 831 328 1433 728 1078 476 1226 1478 89 198 839 180 948 486 568 1236 930 1318
Route 32 : 386 1136 370 35 1120 748 1498 785 160 103 853 26 565 1315 624 910 776 644 324 1374 290 1394 1074 1040
Route 33 : 699 175 1449 546 629 1296 925 22 409 772 71 1159 447 1197 737 1379 821 257 1487 400 1007 1150
Route 34 : 218 968 522 477 205 1272 507 1227 88 1257 838 168 653 918 955 539 1403 385 1135 1289 73 319 1069 823
Route 35 : 363 38 1113 788 712 140 1462 208 890 958 62 732 812 685 30 1435 1482 163 780 913 574 376 1324 1126
Route 36 : 36 786 451 1201 750 210 1500 618 960 167 917 147 897 616 1368 1366 457 1207 729 1479 95 845
Route 37 : 305 420 1055 129 1170 879 658 279 1029 216 1408 154 966 483 541 1291 335 1233 1085 904
Route 38 : 165 453 915 1203 726 527 1476 169 919 1277 100 850 320 645 1070 424 1174 666 1395 300 1416 1050
Route 39 : 145 738 101 895 851 1488 194 506 944 1256 394 510 1144 311 1260 689 1439 463 1213 1061
Route 40 : 588 578 1328 405 1338 1155 466 115 1216 360 747 865 1497 373 1123 1110 487 1237 158 419 1169 908
Route 41 : 532 1282 715 1465 209 959 582 636 1386 1332 406 596 1156 656 1406 595 1345 1346 435 1185 602 1352
Route 42 : 63 813 462 157 1212 907 29 632 779 1382 389 684 1139 1434 520 1270 193 464 188 1214 938 943
Route 43 : 213 697 1447 963 613 1363 512 114 1262 864 358 1108 162 674 912 261 1424 259 1009 1011 724 68 818 342 1092 1474
Route 44 : 635 478 1385 1228 421 306 1171 654 82 1404 1056 832 23 773 442 393 1143 10 760 1192 280 1030
Route 45 : 221 971 372 1122 461 349 1211 525 1099 703 1275 677 1453 1427 283 547 1033 425 1297 1175 314 1064
Route 46 : 42 569 792 416 134 1166 1319 884 190 383 591 940 6 1341 756 502 106 378 1252 1133 856 1128
Route 47 : 315 133 1065 610 50 883 110 800 1360 264 860 379 1014 671 1421 1129 351 1101 156 906 304 1054
Route 48 : 686 1436 439 1189 612 417 1362 1167 12 166 119 916 869 762 371 720 381 1470 1121 1131
Route 49 : 460 408 1210 1158 3 735 753 1485 628 1378 553 564 1314 1303 139 889 281 1031 181 931 347 225 975 1097
Route 50 : 563 1313 614 494 1364 1244 611 60 810 690 1361 707 1457 1440 112 637 1387 242 992 862
Route 51 : 215 118 965 474 1224 868 639 171 83 921 833 111 1389 513 861 277 1263 640 377 1127 1027 1390
Route 52 : 74 824 325 255 143 1075 1005 893 593 482 1343 1232 271 285 626 1035 1376 1021 542 391 1292 1141
Route 53 : 344 107 1094 427 141 1177 857 891 430 1180 142 892 233 621 983 1371 648 437 1187 392 1398 1142
Route 54 : 399 1149 58 468 356 1106 808 481 59 809 1218 495 93 843 1231 120 1245 108 615 858 870 1365 123 873
Route 55 : 665 407 1157 234 1415 493 19 1243 984 537 1287 769 592 189 1342 939 270 1020 25 619 702 775 1452 1369
Route 56 : 538 90 294 1288 1044 840 535 206 566 1316 359 1109 956 1285 321 382 1132 1071 37 787
Route 57 : 600 76 826 1350 149 500 55 899 805 443 1250 369 449 1199 1193 352 1119 240 990 1102 254 1004
Route 58 : 34 576 4 1326 445 1195 459 705 784 48 1209 1455 345 1095 433 754 798 265 1183 744 1015 701 1451 1494
Route 59 : 183 933 727 413 1477 53 803 1163 296 730 1046 1480 322 1072 31 781 490 128 1240 878 176 926
Route 60 : 191 251 941 1001 52 274 802 66 1024 545 608 816 200 266 1295 1016 1358 528 1278 950
Route 61 : 709 1459 531 256 1006 1281 467 132 1217 882 21 96 316 46 846 771 1066 67 817 41 332 791 796 1082
Route 62 : 282 1032 492 273 1023 1242 625 1375 203 953 687 649 1437 710 1399 1460 54 804 228 643 1393 978
Route 63 : 337 692 275 1442 1087 1025 749 659 1499 341 1409 1091 575 327 1325 1077 286 28 778 1036
Route 64 : 733 1483 202 174 924 511 952 1261 555 365 1305 534 1115 122 1284 479 872 696 1446 1229
Route 65 : 556 24 1306 774 695 219 969 1445 17 116 767 220 970 354 398 1104 241 1148 991 866
Route 66 : 603 197 947 1353 633 1383 355 263 1105 1013 499 98 1249 848 211 57 807 961 558 1308 334 1084
Route 67 : 375 313 1125 336 1063 177 927 585 1086 1335 350 1100 65 448 584 1334 1198 815 61 403 811 1153
Route 68 : 2 680 429 1179 752 1430 272 1022 244 994 650 1400 572 64 1322 638 814 117 1388 867 465 339 1215 1089