Instance name : ber-n2000-5
Authors : Simen T. Vadseth, Henrik Andersson, Jean-Francois Cordeau and Magnus Stålhane
Date : 10.07.2023
Reference : TBA
Solution
Route	1 :  9 100 1009 680 1100 1680 247 1247 649 641 844 1649 441 1641 1844 1441
Route	2 :  166 606 733 1166 1606 1733 34 533 1533 493 1034 463 1493 1463
Route	3 :  1 999 1999 1001 465 831 1465 428 308 1428 1831 381 1308 653 1653 1381
Route	4 :  932 53 1932 287 1053 565 346 1287 1565 164 1346 1164 915 217 1915 1217
Route	5 :  156 1156 623 1623 316 277 1316 1277
Route	6 :  415 1415 490 130 1490 167 612 1612 1130 1167 390 1390
Route	7 :  987 1987 859 36 1036 1859 353 629 1629 704 261 1353 1704 1261
Route	8 :  755 671 123 1671 361 1123 850 1755 162 1361 586 1850 510 1510 1162 553 1586 1553
Route	9 :  840 643 1643 1840 839 320 1839 284 102 1320 1102 404 1284 432 256 1432 1404 1256
Route	10 :  885 1885 383 992 1992 1383 157 95 225 1225 1157 1095 52 1052
Route	11 :  499 1499 746 907 801 1746 1907 777 1801 56 590 1056 1777 692 1692 1590
Route	12 :  233 121 1121 1233 726 799 1726 480 221 1221 30 1799 1480 1030
Route	13 :  576 807 1807 1576 855 305 1305 787 1787 1855 871 588 1871 1588
Route	14 :  245 652 1652 1245 75 61 863 1075 945 1061 1945 1863
Route	15 :  952 669 28 1952 1669 456 881 1456 1028 452 1881 1452 186 474 1474 1186
Route	16 :  184 1184 498 773 387 1773 825 1498 315 1387 766 1825 1315 1766 772 1772
Route	17 :  231 874 1231 72 271 1874 1271 270 1072 438 1270 587 1438 1587
Route	18 :  846 893 1846 57 997 1997 168 1893 446 1057 688 1446 1688 1168
Route	19 :  625 551 573 1573 1625 927 1551 1927 937 568 1568 506 1937 627 1627 1506
Route	20 :  286 345 7 1286 706 1345 1706 1007 32 681 1681 1032 429 526 1429 1526
Route	21 :  58 392 360 1392 1058 391 1360 1391 158 262 1158 2 1262 1002
Route	22 :  687 6 1687 1006 751 227 1227 601 1751 1601 675 1675 165 517 864 1517 1165 1864
Route	23 :  461 525 1461 281 1525 1281 87 416 1416 372 1087 434 1434 1372
Route	24 :  454 1454 895 781 27 943 1781 1027 134 1943 1895 1134 560 1560
Route	25 :  837 242 1242 302 1837 1302 187 591 1187 538 644 1591 1538 1644
Route	26 :  68 149 1149 1068 335 295 1335 1295 934 457 1934 561 1561 1457 311 1311
Route	27 :  104 1104 160 207 1160 117 1207 847 1117 1847 202 713 338 1338 1713 1202
Route	28 :  183 714 1183 322 1714 23 1023 13 1322 1013 192 214 1192 1214
Route	29 :  938 988 1938 509 1988 423 1509 113 1113 76 1423 1076
Route	30 :  377 321 1377 453 1321 1453 905 1905 816 405 1816 559 1405 1559
Route	31 :  738 147 1738 462 1462 1147 917 798 1917 114 1798 1114 124 219 1219 1124
Route	32 :  153 1153 719 754 1754 1719 698 531 440 838 1531 1838 1698 1440
Route	33 :  729 770 665 1770 254 1254 1729 1665 294 406 1294 534 1406 1534
Route	34 :  877 291 427 638 1638 1877 1427 1291 630 972 949 1630 1949 771 1972 1771
Route	35 :  880 521 717 1717 1880 939 1521 642 328 1939 495 1328 550 1642 1495 1550
Route	36 :  411 200 10 1411 532 1010 1532 1200 646 339 566 1646 1339 220 1220 1566
Route	37 :  908 228 768 1228 1908 357 1768 747 1357 358 304 1358 1747 1304
Route	38 :  18 991 1018 397 1397 80 1080 964 1991 37 1037 1964
Route	39 :  267 974 1974 592 1267 150 1592 1150 394 948 1394 20 1948 1020
Route	40 :  736 1736 691 363 125 1125 730 105 1691 1730 1363 1105 88 919 1919 1088
Route	41 :  389 1389 896 65 1896 1065 422 42 1422 951 1951 1042
Route	42 :  447 1447 367 718 1367 237 947 1718 1237 1947 467 552 578 1578 1467 1552
Route	43 :  817 1817 475 584 1475 684 1584 1684 633 969 172 1633 1172 1969
Route	44 :  507 813 1507 497 1497 1813 190 473 210 1190 1473 902 492 1210 1902 1492
Route	45 :  785 648 1785 445 1648 821 1445 60 1060 448 1448 1821 577 1577
Route	46 :  378 374 1378 1374 3 910 946 1003 666 1910 1000 1666 1946 635 2000 1635
Route	47 :  542 365 1542 1365 603 803 732 209 1209 1732 1603 1803 678 705 1678 1705
Route	48 :  395 133 70 1070 854 1133 1395 12 511 1012 181 1181 564 1511 1564 1854 314 1314
Route	49 :  841 297 1841 382 1297 1382 598 574 562 923 1574 1598 1923 1562
Route	50 :  686 869 14 1686 1014 1869 4 953 792 1953 1004 1792 523 300 1523 1300
Route	51 :  878 145 1145 437 1878 944 1437 481 1944 1481 901 1901
Route	52 :  918 1918 984 425 1425 126 617 1617 1984 834 1126 935 1834 409 1409 1935 455 1455
Route	53 :  230 356 1230 857 1356 135 1135 1857 115 175 1175 229 1229 1115
Route	54 :  408 1408 789 282 824 1824 1789 1282 737 215 420 1215 1737 1420
Route	55 :  894 313 802 1894 483 1802 1313 359 1483 413 1359 29 1413 1029
Route	56 :  959 609 1959 861 1861 83 1609 701 21 1701 1083 640 1021 312 1640 1312
Route	57 :  873 92 651 1873 66 142 1142 1651 1092 860 575 1066 1575 1860
Route	58 :  274 1274 241 155 1155 471 1241 1471 49 350 1049 430 683 1350 1683 1430
Route	59 :  981 1981 173 501 1173 546 1546 1501 89 618 22 1618 690 1690 1022 1089 993 1993
Route	60 :  774 159 1159 1774 589 740 1740 1589 268 892 1268 745 122 1892 1745 1122
Route	61 :  555 541 696 1541 887 1555 385 1385 1696 67 836 1887 386 1067 1386 1836
Route	62 :  968 98 1968 655 1655 398 1098 459 1398 595 1459 109 1595 1109
Route	63 :  280 763 1280 928 1928 279 140 1763 547 1279 1140 223 1547 621 487 1223 1621 1487
Route	64 :  616 293 1293 744 1744 1616 715 580 727 1727 1580 419 1715 1419
Route	65 :  709 169 1709 272 1169 990 205 240 1990 1205 1272 1240 418 1418
Route	66 :  199 536 1199 1536 170 611 950 912 1950 1611 151 1170 1912 973 1151 1973
Route	67 :  677 672 47 1677 808 1047 1672 189 1808 600 760 1600 1189 1760
Route	68 :  243 522 1243 694 1522 761 1694 1761 19 1019 916 660 1660 1916 327 1327
Route	69 :  344 178 1344 340 1178 103 1340 81 862 1103 769 1081 1769 1862
Route	70 :  269 921 1269 872 1872 1921 735 661 494 1661 1494 1735
Route	71 :  784 26 1026 443 1784 529 1443 926 931 1529 1931 1926 700 1700
Route	72 :  444 982 1444 1982 759 46 1759 852 1852 1046 78 711 1711 1078
Route	73 :  712 956 1712 211 1956 889 543 1889 1211 301 1543 1301 670 1670
Route	74 :  693 920 1920 778 1693 5 1778 583 898 540 1540 1005 85 1583 1898 1085
Route	75 :  317 858 285 464 1858 554 1464 1317 664 1285 84 1554 218 1084 1664 426 1426 1218
Route	76 :  572 264 514 1514 1264 1572 682 379 1379 853 1853 71 1682 1071 486 1486
Route	77 :  399 45 1399 909 1045 259 458 1909 750 1458 1259 1750 815 477 1815 1477
Route	78 :  725 628 775 1725 1775 1628 431 1431 890 62 886 1886 1890 1062
Route	79 :  401 144 1144 489 1401 1489 283 636 163 1636 1283 1163
Route	80 :  667 376 581 1581 1667 1376 307 1307 752 579 1752 1579 702 868 1702 1868 762 1762
Route	81 :  138 722 1138 1722 911 743 451 1911 1743 1451 679 476 1679 1476
Route	82 :  299 502 1502 985 1299 1985 146 674 127 197 1146 1127 1674 1197 782 1782
Route	83 :  384 263 1263 955 1955 1384 174 505 1174 513 239 1505 1239 1513
Route	84 :  657 783 111 663 1111 1657 1783 412 1663 843 1412 332 527 1332 1527 1843
Route	85 :  520 1520 528 310 1310 832 460 810 1528 1832 469 1460 388 1388 1810 1469
Route	86 :  290 479 1479 77 185 1077 1290 1185 797 16 833 1797 1833 1016 780 1780
Route	87 :  556 101 1556 484 1101 1484 865 826 289 1826 1865 325 1289 1325
Route	88 :  804 1804 695 1695 848 1848 599 400 1599 1400 622 1622 342 154 1154 1342
Route	89 :  851 570 822 1570 1822 879 1879 334 1851 793 1334 265 1265 1793
Route	90 :  216 728 48 1216 1728 319 1048 64 1319 255 1064 1255
Route	91 :  535 1535 161 883 1883 1161 582 331 143 152 1331 1582 1143 989 1152 1989
Route	92 :  676 253 1676 1253 234 488 1234 662 1488 276 1662 795 1276 1795
Route	93 :  250 971 1250 421 203 1971 1421 330 1203 897 1330 491 1897 1491
Route	94 :  613 298 1298 1613 504 906 436 1436 352 1504 1352 1906 924 1924
Route	95 :  500 756 137 1756 1500 201 1137 524 818 1201 1524 645 171 1818 1645 1171
Route	96 :  739 870 63 1739 176 1870 1063 994 596 1994 1176 1596 544 1544
Route	97 :  349 177 31 1349 1031 875 634 1875 1634 608 800 1177 1800 1608
Route	98 :  236 79 1079 619 1236 1619 180 610 1180 424 120 1610 1424 1120
Route	99 :  450 148 1450 819 1148 396 876 1819 668 1668 1396 1876
Route	100 :  226 1226 976 930 673 1976 1930 734 941 1673 1941 318 1734 537 1318 1537
Route	101 :  765 336 965 1765 204 1336 809 1965 1204 343 1809 1343 914 1914
Route	102 :  96 980 1980 1096 721 866 1866 1721 402 940 647 1940 1647 1402
Route	103 :  417 954 1417 54 1954 929 1929 132 1054 933 805 1933 1132 830 1805 1830
Route	104 :  549 828 1828 1549 867 1867 779 654 1779 796 1796 1654
Route	105 :  615 1615 380 899 1380 1899 370 960 1370 620 1960 979 563 1620 1563 1979
Route	106 :  248 884 1248 93 1093 1884 516 597 273 1273 1516 136 1597 1136
Route	107 :  637 194 1637 820 1820 685 975 44 1194 1685 1975 1044 8 206 1008 1206
Route	108 :  212 1212 116 139 958 1116 470 1470 1139 86 1958 594 1594 530 1086 1530
Route	109 :  11 1011 69 59 1069 275 1059 758 1275 15 1015 1758 341 882 1882 1341
Route	110 :  246 449 1246 482 1449 1482 43 403 1403 545 1043 814 351 1545 1351 1814
Route	111 :  407 659 131 1407 1659 539 1131 512 296 1296 1512 1539 794 1794
Route	112 :  966 978 232 1966 244 1232 604 658 1244 292 1604 1292 1658 107 1978 1107
Route	113 :  515 786 707 1515 468 1786 749 1707 337 1749 25 1337 222 1468 1025 1222
Route	114 :  631 373 1631 51 632 1373 90 1051 1632 1090 17 996 1996 362 1017 1362
Route	115 :  252 73 1073 195 1195 1252 24 257 110 1024 435 1110 1257 478 1435 1478
Route	116 :  639 364 1364 188 1639 626 967 1626 1188 251 1967 1251
Route	117 :  710 689 998 1710 1998 1689 961 414 1961 91 557 1557 1414 1091
Route	118 :  827 925 1827 119 1925 508 1119 995 806 1995 1508 1806 823 1823
Route	119 :  118 393 1393 1118 970 258 842 485 1258 1970 1842 1485 903 1903 260 1260
Route	120 :  375 329 1375 1329 38 348 1348 922 433 1433 1038 791 1791 1922
Route	121 :  41 1041 108 904 1108 1904 753 1753 182 849 1182 1849
Route	122 :  942 776 439 1942 1776 35 191 1191 1439 983 1035 790 1790 1983
Route	123 :  33 503 1033 288 1503 1288 811 748 1748 1811 324 333 1324 1333
Route	124 :  548 519 605 1519 1548 466 1466 39 1605 757 1757 309 1039 1309
Route	125 :  129 198 703 1198 1703 607 224 1129 1224 569 1569 1607 614 650 1614 1650
Route	126 :  571 1571 957 112 1957 1112 128 829 723 1723 1829 82 1128 1082 962 1962
Route	127 :  585 369 1585 368 1369 963 1368 238 1238 371 1963 55 1055 1371
Route	128 :  900 306 764 1306 1900 697 1764 891 50 179 1891 1697 1179 1050
Route	129 :  106 1106 193 410 1193 1410 742 888 812 1812 1742 323 1888 1323
Route	130 :  249 442 1249 1442 235 835 913 1913 1235 326 1835 1326 354 716 1354 1716
Route	131 :  856 266 1856 472 74 1074 1472 720 1266 1720 741 208 1741 1208
Route	132 :  624 1624 496 366 977 1977 1366 1496 558 593 1558 1593 767 355 1767 1355
Route	133 :  141 731 1141 278 656 1731 303 1278 1656 1303 724 213 986 1213 1724 1986
Route	134 :  788 1788 708 347 602 1347 1708 1602 40 97 699 1040 1699 1097
Route	135 :  936 845 1936 1845 567 99 1099 1567 518 196 1518 94 1196 1094
