Instance name : ber-n2000-3
Authors : Simen T. Vadseth, Henrik Andersson, Jean-Francois Cordeau and Magnus Stålhane
Date : 24.06.2023
Reference : TBA
Solution
Route	1 :  982 773 1773 636 1982 448 712 1636 296 1296 1712 1448
Route	2 :  670 975 1670 301 1975 155 76 1301 304 1076 1304 1155
Route	3 :  59 724 1059 1724 413 906 1413 947 1906 441 1441 1947
Route	4 :  134 738 881 1881 1134 806 1738 1806 555 234 1234 1555
Route	5 :  273 548 1273 237 11 16 1237 266 1016 1011 627 1548 1266 1627 640 1640
Route	6 :  571 1571 363 723 1363 966 83 1966 1723 1083 132 1132
Route	7 :  923 601 735 856 1923 836 1856 1836 461 1735 1601 432 1461 1432
Route	8 :  174 330 1330 769 333 1174 291 1333 58 1769 1291 1058
Route	9 :  980 935 357 1357 512 1935 1980 779 1512 828 1779 1828
Route	10 :  809 239 1239 439 911 1809 188 780 1188 1439 1780 71 226 1911 1226 1071
Route	11 :  545 1545 920 849 1920 1849 520 137 1137 1520
Route	12 :  929 699 1699 578 1929 948 398 1948 1578 1398
Route	13 :  310 945 1945 1310 967 307 517 1307 1517 518 1967 1518
Route	14 :  628 549 38 1628 20 710 1038 1710 1549 649 1020 1649
Route	15 :  507 658 1507 1658 383 478 1383 1478 680 647 1680 1647
Route	16 :  456 992 1456 1992 492 233 1492 1233
Route	17 :  801 781 1801 1781 431 416 1431 686 1416 1686
Route	18 :  480 455 1480 169 1455 219 1169 136 604 1219 917 1604 1917 1136
Route	19 :  745 1745 740 44 1740 805 1044 655 1655 625 1805 1625
Route	20 :  328 1328 821 709 913 630 1821 563 1913 1563 1630 1709
Route	21 :  616 322 1616 789 657 21 1789 1657 759 1322 1021 1759
Route	22 :  642 352 288 1642 874 1352 703 1288 267 1874 1703 1267
Route	23 :  103 584 1584 35 764 621 1103 409 1764 1035 1621 687 1409 1687
Route	24 :  489 316 771 1316 1489 823 1771 623 1823 1623 736 1736
Route	25 :  389 1389 329 968 1329 1968 910 184 936 1910 1184 1936
Route	26 :  750 221 1221 993 1750 934 962 1934 1993 638 1962 36 1638 1036
Route	27 :  727 763 1727 514 1763 808 1514 1808
Route	28 :  152 1152 666 345 1666 403 139 1345 1139 198 1198 1403
Route	29 :  434 476 1434 81 290 1290 1476 671 1081 231 1671 1231
Route	30 :  744 339 675 1744 1675 882 820 1339 1820 1882
Route	31 :  846 565 1565 1846 505 31 1505 803 1031 1803
Route	32 :  970 1970 460 251 1251 951 1460 344 1951 1344 472 426 1472 1426
Route	33 :  697 626 308 1626 694 1694 554 1697 1308 1554 410 1410 959 1959
Route	34 :  269 872 107 1107 1269 1872 752 734 1734 1752
Route	35 :  156 241 1156 274 1241 320 511 1511 197 1320 1274 1197
Route	36 :  767 101 1767 690 40 1690 1101 388 228 1388 1040 1228
Route	37 :  717 978 1717 796 1796 506 1978 624 1506 634 1634 1624
Route	38 :  63 930 914 1063 1914 643 504 250 1930 1504 1643 498 1250 531 1531 1498
Route	39 :  229 1229 528 902 125 1902 688 1125 889 1688 1528 1889
Route	40 :  193 818 1818 802 1193 393 494 1494 7 1802 1393 1007
Route	41 :  238 988 1238 112 499 1112 1988 1499 386 833 1833 1386
Route	42 :  42 720 1042 61 1720 271 707 1271 1061 1707
Route	43 :  53 302 756 1053 1302 654 1654 1756 741 270 1741 1270
Route	44 :  172 244 189 1189 1172 287 1287 853 1244 689 1853 587 1587 1689
Route	45 :  558 612 467 1467 1558 987 1612 1 1001 1987
Route	46 :  62 618 1062 791 212 1618 631 1212 1791 782 713 1631 605 1782 1713 1605
Route	47 :  588 660 73 1660 840 1840 733 1073 318 1733 93 1588 1318 1093
Route	48 :  276 746 502 1502 1746 1276
Route	49 :  459 256 1459 217 396 729 1256 1729 214 1396 1217 1214
Route	50 :  249 522 1249 400 1400 70 1522 552 1070 121 1552 1121
Route	51 :  681 663 1681 774 1663 488 1488 974 187 1187 983 1983 1774 1974
Route	52 :  848 412 691 1412 1848 263 1691 711 1263 895 1711 1895
Route	53 :  327 907 1907 162 1327 284 1284 607 1607 1162 834 178 1178 1834
Route	54 :  976 784 1784 1976 815 619 15 1815 1015 1619
Route	55 :  56 109 1109 341 1056 542 1341 758 509 1509 1758 540 1542 1540
Route	56 :  418 1418 641 696 1696 1641 82 908 1908 1082
Route	57 :  462 922 148 1462 338 1148 777 1338 1777 67 1922 1067
Route	58 :  901 408 216 1901 1216 674 609 106 1674 145 1408 1609 1145 351 1106 1351
Route	59 :  662 49 245 1049 87 1662 1245 5 1087 860 119 1005 1119 1860
Route	60 :  113 429 1113 1429 43 382 1043 1382 324 544 1544 1324 857 1857
Route	61 :  190 230 594 1190 1230 25 362 1594 1025 1362 75 859 1075 1859
Route	62 :  423 365 1365 581 1581 1423 385 926 1926 1385
Route	63 :  835 285 603 1603 1285 1835 116 685 1116 1685
Route	64 :  659 944 4 1659 1944 1004 827 819 135 1135 1827 863 1863 1819
Route	65 :  242 1242 599 629 785 650 683 1650 1599 1785 793 1683 1629 1793
Route	66 :  85 10 252 1085 941 1010 965 885 1252 1941 1965 1885
Route	67 :  13 110 1013 373 1110 595 368 1595 275 1368 1275 1373
Route	68 :  88 117 1088 1117 176 891 1176 147 1891 122 1147 1122
Route	69 :  503 24 449 1024 566 519 1503 1519 1449 94 1566 1094
Route	70 :  884 530 1530 1884 55 535 272 1272 1535 1055 593 1593
Route	71 :  104 200 1200 755 1755 800 1104 161 1800 615 1615 1161 536 1536
Route	72 :  954 167 1167 639 201 1639 6 1006 1954 468 854 1468 1201 1854
Route	73 :  165 130 678 1165 1678 1130 336 768 1768 1336 69 1069
Route	74 :  379 1379 84 394 1084 841 1394 1841 904 243 1904 1243
Route	75 :  207 770 1207 77 577 1770 1077 668 425 1668 1425 1577
Route	76 :  579 210 1210 115 1115 334 1579 1334 331 311 804 1331 1804 1311 203 1203
Route	77 :  919 878 1919 932 1878 1000 2000 725 1932 592 1725 1592
Route	78 :  534 491 1534 395 529 1395 1491 206 946 667 1946 1529 1667 1206
Route	79 :  994 47 1994 471 1471 1047 171 262 153 1171 1262 1153
Route	80 :  19 722 1019 102 1102 144 1722 64 1144 479 1064 1479
Route	81 :  493 585 1493 875 404 1875 843 871 1404 1585 887 1871 1843 1887
Route	82 :  335 195 1335 260 8 1195 399 1399 943 1260 797 1008 223 1797 1223 1943
Route	83 :  159 973 1159 131 1973 9 1131 1009 443 1443 799 1799
Route	84 :  562 877 1877 1562 297 714 1297 1714 337 282 1337 1282
Route	85 :  179 526 157 1179 950 1526 1157 360 1950 958 1958 1360
Route	86 :  921 719 1921 989 1719 963 1963 1989 181 99 1099 1181
Route	87 :  606 1606 693 575 682 1575 1693 1682
Route	88 :  294 120 374 986 541 1294 1374 598 1120 1986 1541 1598
Route	89 :  97 560 997 1560 527 1097 1997 384 1384 1527 317 1317
Route	90 :  473 644 1644 589 787 1473 673 1787 600 1589 1673 1600
Route	91 :  358 377 27 1377 1358 909 1027 495 1909 313 1495 1313
Route	92 :  572 873 1572 1873 762 298 1298 1762
Route	93 :  586 32 1032 213 1586 896 420 1420 1213 1896 126 1126
Route	94 :  716 34 1034 1716 866 392 1392 22 1866 96 1022 1096
Route	95 :  86 54 1086 433 1054 816 632 1433 326 1632 1326 1816 597 1597
Route	96 :  661 939 1661 933 1939 611 477 1933 702 1477 1702 927 1611 1927
Route	97 :  79 314 501 900 1079 1314 415 1501 1415 353 1900 405 1405 1353
Route	98 :  880 573 521 1573 1521 851 1880 332 1851 1332
Route	99 :  590 407 1407 1590 996 454 704 1454 1704 295 1996 1295
Route	100 :  596 222 1596 258 676 852 286 1222 1676 792 1258 1852 1286 1792
Route	101 :  39 45 205 1039 265 1205 372 1265 343 1045 1372 30 1343 1030
Route	102 :  57 486 1057 798 1486 235 1235 1798
Route	103 :  236 737 497 1236 551 1737 1497 984 46 1551 1046 1984
Route	104 :  123 739 1739 1123 204 381 1204 964 1381 1964
Route	105 :  315 553 211 1553 795 1315 349 990 1349 1795 790 466 1790 1466 1990 1211
Route	106 :  90 850 525 1090 570 1850 367 1570 1367 1525
Route	107 :  957 140 78 1078 1957 149 1140 1149 961 1961
Route	108 :  708 41 1708 1041 620 569 695 1695 1620 1569 546 1546
Route	109 :  861 300 652 568 1861 1300 721 1652 751 1721 342 1342 1568 1751
Route	110 :  972 192 1972 422 1192 1422 199 1199 154 52 1052 380 1380 1154
Route	111 :  29 1029 698 838 1698 664 1838 635 830 1664 1830 18 1018 1635
Route	112 :  299 998 1299 864 1998 1864 867 622 1867 1622
Route	113 :  938 465 1938 168 1465 309 1168 893 747 1893 1309 1747
Route	114 :  280 665 1280 869 428 1869 500 438 1500 617 1665 158 1617 1428 1438 1158
Route	115 :  669 440 164 1440 679 1679 847 1669 1847 1164 323 1323
Route	116 :  163 279 813 1813 701 1279 1163 141 1141 1701
Route	117 :  715 68 656 1715 610 953 1068 138 1953 1656 417 1610 1138 1417
Route	118 :  937 421 1421 1937 728 452 1452 1728 870 355 1355 1870
Route	119 :  925 225 196 1925 865 1225 1196 524 1865 903 1903 783 1524 1783
Route	120 :  2 832 1002 375 1375 306 397 1832 485 1306 824 1485 1397 1824
Route	121 :  602 108 1108 995 1602 1995 248 778 1248 371 1778 1371
Route	122 :  557 897 1557 786 1897 753 470 1753 1786 979 1470 1979
Route	123 :  894 182 583 1894 651 1182 1583 257 1257 1651 761 742 1742 1761
Route	124 :  591 100 1100 1591 510 515 1510 788 1515 427 1788 1427
Route	125 :  757 114 1114 146 1757 807 376 1146 435 1435 1376 776 1807 1776
Route	126 :  580 305 437 1305 971 1580 1437 1971 898 749 1749 1898
Route	127 :  561 931 1931 543 1561 278 1278 450 1543 1450 883 1883
Route	128 :  822 845 1822 458 1845 80 1080 453 905 1458 672 1672 1453 1905
Route	129 :  899 208 539 1208 1899 457 340 1539 1457 1340
Route	130 :  862 1862 166 956 1166 442 1956 981 1981 1442
Route	131 :  879 98 1879 91 1098 72 886 1091 1072 731 1886 1731 202 1202
Route	132 :  281 436 1281 259 831 361 888 1436 1831 1888 1361 1259
Route	133 :  810 533 1810 1533 538 985 1538 1985
Route	134 :  684 1684 969 743 475 1969 918 1475 1918 1743
Route	135 :  133 556 567 1567 991 1556 111 1133 1991 949 1111 811 1811 1949
Route	136 :  255 508 447 1447 1255 1508 490 150 1490 1150
Route	137 :  451 748 151 1748 292 1151 1451 89 1292 564 1564 253 483 1253 1089 1483
Route	138 :  532 356 194 1356 1532 1194 718 183 118 1118 191 1191 1718 1183
Route	139 :  482 160 1482 648 999 692 1648 633 1692 1160 1999 1633
Route	140 :  677 613 321 1677 446 1613 268 1446 227 1268 1227 1321
Route	141 :  829 74 1074 1829 915 240 14 1915 1014 414 1240 289 1414 1289
Route	142 :  350 1350 825 60 1825 401 33 1401 283 1283 1033 1060
Route	143 :  23 513 1513 387 254 1023 411 1254 378 1387 1411 1378
Route	144 :  842 1842 775 765 246 1246 424 1765 1775 960 1424 37 1960 1037
Route	145 :  369 942 1369 445 346 177 1942 1177 1346 66 1445 127 1066 1127
Route	146 :  912 463 1463 977 608 1977 1912 637 1608 1637
Route	147 :  730 215 464 1464 142 1730 1215 547 1142 1547
Route	148 :  391 17 1391 92 247 1017 1092 1247 772 261 1772 1261
Route	149 :  868 1868 726 732 209 1209 1726 1732 95 364 1364 1095
Route	150 :  837 359 1837 574 559 1359 855 1574 1559 1855
Route	151 :  839 1839 390 646 1646 1390 924 105 1105 1924
Route	152 :  129 582 1582 754 760 1129 1754 325 814 523 1325 1760 1814 1523
Route	153 :  469 766 180 1766 402 1180 406 1406 1469 952 1402 264 1264 1952
Route	154 :  706 224 1706 1224 218 484 1218 185 1185 312 1484 1312
Route	155 :  474 347 1347 794 858 1474 844 1858 1794 319 812 1319 1844 1812
Route	156 :  128 303 955 1128 1303 51 348 1348 1955 1051
Route	157 :  653 890 1890 220 537 1653 928 1928 1220 826 1537 1826
Route	158 :  12 817 124 1817 26 1026 1124 1012 277 370 419 1419 1370 1277
Route	159 :  892 1892 444 65 1444 1065 3 48 481 1003 1481 1048
Route	160 :  28 143 1028 366 293 516 1143 700 1293 50 1516 645 1700 1645 1366 1050
Route	161 :  614 354 1614 1354 430 496 1496 550 1430 1550
Route	162 :  876 940 173 1173 1940 1876 186 916 1186 1916
Route	163 :  175 705 170 576 1705 1576 1175 1170 232 487 1487 1232
