Instance name : ber-n1500-5
Authors       : Dmitriy Demin, Mikhail Diakov (msd@veeroute.com), Ivan Ilin, Nikita Ivanov, Viacheslav Sokolov (vs@veeroute.com) et al. VRt Global (https://veeroute.com/)
Date          : 2023-04-24
Reference     : veeroute.com
Solution
Route 1 : 466 271 207 1021 957 1216 46 796
Route 2 : 159 909 221 431 335 971 1085 1181
Route 3 : 79 27 777 244 829 277 994 548 1027 1298
Route 4 : 427 30 343 780 1177 1093 715 1465
Route 5 : 337 86 526 1276 1087 836 224 974
Route 6 : 109 483 658 1233 859 1408 353 1103
Route 7 : 602 216 1352 213 966 440 1190 963
Route 8 : 398 694 498 1148 173 1444 923 535 1285 1248
Route 9 : 574 414 348 1324 1098 671 1164 1421
Route 10 : 504 1254 399 487 26 1237 1149 776
Route 11 : 629 381 264 1379 1014 1131 258 1008
Route 12 : 195 945 211 438 491 961 18 1188 1241 768
Route 13 : 186 462 1212 112 936 862 719 143 1469 893
Route 14 : 349 384 1134 1099 99 496 1246 849
Route 15 : 495 113 1245 863 693 1 1443 751
Route 16 : 467 688 374 1124 1438 1217 603 1353
Route 17 : 97 695 847 358 450 1200 1108 281 1445 1031
Route 18 : 133 883 316 1066 669 706 1419 1456
Route 19 : 385 1135 683 662 699 1449 1433 1412
Route 20 : 713 748 1498 1463 391 297 176 1141 1047 926
Route 21 : 47 797 532 1282 145 545 1295 334 895 1084
Route 22 : 386 430 1180 52 1136 238 988 261 802 1011
Route 23 : 266 537 1287 444 1016 401 1194 1151 594 1344
Route 24 : 646 250 76 23 1396 773 1000 826
Route 25 : 313 1063 445 84 1195 655 473 834 36 786 1405 1223
Route 26 : 66 204 954 104 816 249 854 330 999 1080 126 876
Route 27 : 69 375 1125 639 549 1299 819 1389 198 948
Route 28 : 340 1090 223 740 973 1490 546 1296
Route 29 : 586 636 1336 1386 476 121 871 1226
Route 30 : 45 435 179 929 795 41 1185 791
Route 31 : 265 351 1101 1015 344 512 1262 523 1094 1273
Route 32 : 178 405 928 331 1081 601 1351 1155
Route 33 : 619 56 1369 806 125 875
Route 34 : 285 90 1035 311 722 1061 840 1472 451 1201
Route 35 : 514 372 1122 659 187 1409 604 937 1264 1354
Route 36 : 134 568 642 1392 1318 172 884 327 922 1077
Route 37 : 620 587 711 1337 1461 1370 468 1218
Route 38 : 65 543 583 1293 259 1009 1333 120 870 815
Route 39 : 227 270 977 158 1020 908 481 1231
Route 40 : 356 621 234 1371 616 984 1106 1366
Route 41 : 395 1145 559 1309 453 746 1203 129 1496 879
Route 42 : 539 513 1289 141 1263 530 891 471 1280 1221
Route 43 : 182 78 828 531 1281 932 2 624 1374 752
Route 44 : 370 1120 117 569 867 1319
Route 45 : 664 1414 592 13 460 763 1210 1342 368 1118
Route 46 : 689 696 103 1439 552 1446 87 853 837 1302
Route 47 : 85 637 835 341 1387 1091 60 810
Route 48 : 319 464 1214 743 682 489 1493 1239 1432 1069
Route 49 : 631 95 845 229 600 979 1350 1381
Route 50 : 704 650 1454 255 536 29 1286 1005 779 1400
Route 51 : 668 124 1418 874 257 1007
Route 52 : 236 233 685 572 1435 983 1322 986
Route 53 : 237 294 105 987 1044 855 267 1017
Route 54 : 226 222 976 734 458 1484 1208 972
Route 55 : 591 40 1341 107 5 790 755 857
Route 56 : 151 901 253 554 272 1003 1022 1304
Route 57 : 673 575 140 679 1423 1325 890 1429 346 167 917 1096
Route 58 : 369 135 885 284 220 970 716 1034 1119 1466
Route 59 : 596 240 1346 990 242 61 42 811 792 992
Route 60 : 180 332 300 306 1082 1050 1056 930
Route 61 : 225 975 382 1132 677 589 148 898 1427 1339
Route 62 : 609 88 838 724 1359 485 1235 1474
Route 63 : 305 1055 434 309 737 1487 1059 1184
Route 64 : 193 943 188 521 938 371 538 1271 1288 1121
Route 65 : 48 612 623 1362 798 665 416 1415 1373 1166
Route 66 : 183 501 933 25 336 1251 1086 775
Route 67 : 470 206 553 199 956 1220 1303 949
Route 68 : 28 778 389 58 170 1139 920 808
Route 69 : 497 1247 614 19 1364 254 769 9 1004 759
Route 70 : 325 516 1266 541 1075 326 1076 1291
Route 71 : 57 486 1236 147 807 174 897 924
Route 72 : 657 465 114 1407 864 1215 252 312 1002 1062
Route 73 : 376 1126 63 732 510 813 1482 1260
Route 74 : 12 762 184 714 934 208 1464 958
Route 75 : 68 203 733 818 218 1483 968 953
Route 76 : 292 519 397 1042 1269 446 1147 482 1196 1232
Route 77 : 557 119 378 1307 1128 869 82 347 1097 832
Route 78 : 291 436 1041 1186 710 428 345 1095 1178 1460
Route 79 : 518 701 1451 1268 274 38 1024 788
Route 80 : 579 454 1204 177 1329 81 927 831
Route 81 : 251 1001 131 533 290 1040 1283 881 94 844
Route 82 : 542 515 320 54 1265 1070 1292 804 402 1152
Route 83 : 350 1100 588 508 185 1338 1258 935
Route 84 : 749 77 282 827 443 1032 1499 1193
Route 85 : 582 652 1332 441 698 1402 1191 1448
Route 86 : 628 406 1156 1378 597 417 1347 1167
Route 87 : 707 726 59 1476 1457 269 809 1019
Route 88 : 729 1479 101 851 283 540 1290 1033
Route 89 : 577 500 522 1250 1272 1327
Route 90 : 228 298 1048 248 978 998 690 1440
Route 91 : 672 738 1488 1422 452 196 946 1202
Route 92 : 288 469 146 1038 1219 896 555 1305
Route 93 : 635 339 22 1385 302 772 1052 1089
Route 94 : 717 169 1467 484 919 1234
Route 95 : 607 1357 219 423 969 122 1173 872
Route 96 : 463 1213 747 246 996 383 1497 1133
Route 97 : 449 200 551 1199 950 1301
Route 98 : 308 439 160 1189 1058 479 910 663 1229 1413
Route 99 : 556 278 745 1306 1028 1495 480 1230
Route 100 : 106 16 856 31 766 781 123 873
Route 101 : 632 75 562 1382 825 1312
Route 102 : 475 490 1225 268 394 1018 1240 1144
Route 103 : 273 162 377 912 1127 8 205 955 1023 758
Route 104 : 359 230 626 980 136 1109 886 1376
Route 105 : 98 692 1442 848 654 380 387 1137 1404 1130
Route 106 : 357 10 457 1107 760 1207
Route 107 : 691 425 1441 138 610 1175 888 1360
Route 108 : 727 1477 279 455 1029 3 1205 155 753 905
Route 109 : 328 493 1243 524 618 1078 1274 1368
Route 110 : 615 638 511 1365 64 1261 814 1388
Route 111 : 517 1267 161 34 911 262 784 1012
Route 112 : 581 564 1314 1331 299 137 293 1049 887 1043
Route 113 : 422 742 641 502 1492 1172 1391 1252 17 767
Route 114 : 33 625 783 1375 686 456 1436 1206
Route 115 : 529 617 1279 243 317 993 1367 1067
Route 116 : 365 411 1161 217 1115 235 985 967
Route 117 : 687 1437 418 633 477 1383 1168 287 1227 1037
Route 118 : 565 613 1315 1363 396 91 841 534 1284 1146
Route 119 : 83 833 728 503 130 492 1478 880 1253 1242
Route 120 : 741 50 550 1491 800 1300
Route 121 : 390 1140 108 576 32 1326 286 858 1036 782
Route 122 : 62 611 812 653 667 1403 1417 1361
Route 123 : 153 144 315 676 903 894 1426 1065
Route 124 : 606 73 823 1356 24 429 774 1179
Route 125 : 67 499 39 739 666 789 1416 817 1489 1249
Route 126 : 622 212 156 906 1372 142 962 892 561 1311
Route 127 : 92 560 102 1310 852 842
Route 128 : 702 116 1452 866 163 329 1079 913
Route 129 : 338 111 494 1088 861 1244 364 1114
Route 130 : 166 157 916 907 164 314 1064 914
Route 131 : 171 661 921 1411 232 295 1045 982
Route 132 : 420 731 1481 80 1170 725 830 1475
Route 133 : 289 478 1228 437 1039 43 680 1187 793 1430
Route 134 : 584 168 1334 918 651 433 304 1401 1183 1054
Route 135 : 407 392 1157 1142 408 361 1158 1111
Route 136 : 605 723 432 1355 640 1473 1182 165 1390 915
Route 137 : 506 507 1256 51 1257 310 801 231 1060 981
Route 138 : 472 509 527 1277 1259 44 1222 794
Route 139 : 15 321 765 1071 197 415 947 1165 96 846
Route 140 : 260 128 1010 6 379 878 756 1129
Route 141 : 301 245 1051 660 736 995 115 1486 1410 865
Route 142 : 447 598 132 342 1197 882 1348 1092
Route 143 : 139 11 354 1104 889 761 703 1453
Route 144 : 448 71 821 1198 20 578 1328 770
Route 145 : 505 181 49 1255 931 799
Route 146 : 525 333 366 1083 1275 1116 276 1026
Route 147 : 744 675 149 1425 194 899 1494 944
Route 148 : 410 573 307 1160 1323 1057
Route 149 : 404 367 1117 1154 296 1046
Route 150 : 127 488 877 643 93 1238 1393 843
Route 151 : 634 275 580 201 1025 595 1330 1384 951 1345
Route 152 : 74 324 1074 215 824 409 965 1159
Route 153 : 110 585 860 566 1335 593 1316 1343
Route 154 : 239 989 599 461 1349 528 1211 1278
Route 155 : 426 544 152 21 1294 771 902 1176 256 1006
Route 156 : 247 209 705 997 645 959 1455 1395
Route 157 : 360 35 520 210 1110 785 1270 960 700 1450
Route 158 : 419 192 323 942 363 1073 7 1113 757 1169
Route 159 : 735 648 1398 1485 202 730 1480 547 952 1297
Route 160 : 150 684 388 900 241 1434 991 1138
Route 161 : 709 175 649 1399 1459 656 925 1406
Route 162 : 413 154 678 1163 1428 904 400 1150
Route 163 : 393 721 1143 1471 190 940
Route 164 : 718 1468 191 263 1013 941 590 474 1224 1340
Route 165 : 4 352 754 459 1209 1102 567 1317 570 1320
Route 166 : 697 355 412 1447 1105 1162 72 822
Route 167 : 674 681 55 1424 558 1431 1308 805
Route 168 : 630 644 1380 712 1462 53 1394 303 803 1053
Route 169 : 100 850 322 37 1072 424 787 1174
Route 170 : 627 670 1377 708 280 1420 1030 1458
Route 171 : 362 608 571 1358 403 1321 1153 1112
Route 172 : 14 70 764 373 820 1123 442 1192
Route 173 : 750 421 214 647 1171 964 1397 118 868 1500
Route 174 : 720 1470 189 563 89 939 318 839 1313 1068