Instance name : ber-n3000-6
Authors       : Dmitriy Demin, Mikhail Diakov (msd@veeroute.com), Ivan Ilin, Nikita Ivanov, Viacheslav Sokolov (vs@veeroute.com) et al. VRt Global (https://veeroute.com/)
Date          : 2023-07-09
Reference     : veeroute.com
Solution
Route 1 : 453 1291 1953 1141 473 2791 693 1973 2641 175 2193 147 1675 1219 1647 2719 833 647 1195 2333 2695 1273 2773 812 2147 1177 2312 1442 2942 2677 1245 727 2745 2227
Route 2 : 1046 738 2546 2238 741 1028 2241 2528 850 2350 95 1595 327 1827 118 906 1296 2406 1618 459 2796 1959 1352 1089 2852 81 2589 781 1581 2281
Route 3 : 885 983 2483 1294 210 1710 218 2794 1460 1197 1192 1718 2692 226 2697 249 469 2385 2960 1045 1726 1749 1969 2545 1189 2689 829 2329 518 2018 808 2308
Route 4 : 1117 2617 1085 2585 420 915 2415 1920 882 2382 860 2360 1470 1415 2915 2970 380 1218 2718 818 2318 1880
Route 5 : 853 2353 1039 616 2539 2116 694 1136 2194 538 1095 2636 2595 475 313 1975 1279 1813 2779 267 1767 285 844 2038 2344 1785 1463 2963 920 1007 2507 2420
Route 6 : 140 419 1355 1919 495 1640 1995 2855 234 1734 938 2438 837 1381 1368 2881 2337 1176 1005 2868 2676 2505 1451 562 2062 1109 2609 2951 511 2011
Route 7 : 1158 669 2169 2658 1043 1206 2543 2706 739 434 2239 1934 922 105 2422 1605 664 1350 2164 2850 791 338 1838 1338 2291 429 2838 1929
Route 8 : 1159 2659 963 832 2463 1323 2332 656 2156 2823 318 4 1818 1504 753 2253 819 986 2319 2486 1375 25 1525 106 2875 870 1606 2370
Route 9 : 1211 589 2711 31 1531 2089 681 617 2181 2117 333 1468 2968 1079 1833 1409 412 2579 1912 121 2909 287 1621 1146 1787 2646 820 2320 1151 2651 892 2392
Route 10 : 1314 395 1303 1895 2803 306 2814 1806 948 823 2323 1027 2448 435 575 2527 1935 2075 1405 569 2905 2069 504 936 2436 2004 1120 2620 641 2141
Route 11 : 1186 1307 2686 1063 2807 2563 1202 1389 611 2702 2111 3 797 2889 1503 166 2297 1666 992 1250 2492 596 542 2042 2750 949 1123 2096 2449 1040 2623 2540
Route 12 : 378 537 2037 521 2021 945 1310 1878 2445 941 2810 2441 465 1285 2785 1965 934 271 2434 696 1771 2196 452 1357 1249 2749 2857 1952 418 1918
Route 13 : 153 28 1528 1653 321 978 1821 2478 544 1456 637 2956 297 2137 1025 2525 2044 1435 1797 2935 1084 2584 556 1439 2056 2939 208 846 2346 1708
Route 14 : 131 1010 1631 1437 2937 244 291 2510 1392 1791 2892 1495 2995 488 1744 1988 344 1267 1844 1271 2767 2771 101 416 1916 1601 1446 618 2946 1462 2118 216 2962 1716
Route 15 : 1378 1441 2878 676 2941 2176 984 1042 2484 359 2542 436 1859 1936 1128 1318 2628 2818 183 1683 793 1116 2616 100 1600 2293 1167 2667 1383 343 2883 1843
Route 16 : 847 18 171 1518 1671 1207 342 2707 215 1715 1842 1068 2568 572 1472 2347 1014 2072 2972 851 2514 2351 145 806 1645 23 2306 1523 1187 2687 262 1762
Route 17 : 189 257 1689 840 2340 1367 165 2867 1665 1757 609 1215 2109 2715 1356 1149 827 2856 2649 425 2327 1450 314 1925 1299 2950 904 2799 1814 2404 1196 2696
Route 18 : 769 41 1541 1086 2269 252 826 2326 1752 2586 574 1088 329 2074 2588 352 1829 442 1942 1852 590 2090 1322 319 2822 415 1819 1376 1915 107 1607 2876
Route 19 : 209 1709 749 451 2249 148 1951 461 1648 1242 40 1961 1540 658 2742 1009 2509 1354 2158 1330 2854 2830 283 233 698 1733 1783 130 2198 89 1630 1341 2841 1589
Route 20 : 5 1300 1505 2800 856 634 2356 1419 2134 2919 109 875 1609 971 2375 2471 985 505 2485 2005 485 47 245 1547 1985 1133 1745 1229 1003 2729 1101 2633 2503 2601
Route 21 : 365 1135 389 2635 1865 1889 295 1795 1366 1001 765 2501 2265 2866 94 1265 691 1594 2191 1163 2663 960 1298 2460 2765 335 197 2798 1835 1697 1213 2713
Route 22 : 584 855 2084 2355 19 1519 481 539 1981 2039 1404 146 2904 873 1646 633 2373 2133 256 1056 299 2556 1756 831 1799 2331 1425 1428 2925 2928 456 1956
Route 23 : 1480 762 1454 2980 2262 357 268 1857 1768 2954 531 17 1517 2031 751 2251 1044 8 2544 1400 2900 1508 1259 1106 2759 2606 266 1766 745 880 2380 2245
Route 24 : 402 695 946 2195 1902 51 956 2456 2446 1551 1374 1129 281 1781 2629 2874 490 1990 312 1812 217 800 2300 92 1717 1592 1398 773 2273 2898 1317 1455 2955 2817
Route 25 : 13 1513 1382 2882 181 272 1772 98 1681 889 2389 1598 1138 1393 2638 2893 567 619 2119 2067 317 737 463 1963 1817 173 1673 783 2237 2283 1288 2788
Route 26 : 1333 1280 2780 2833 1180 1203 390 2680 1890 927 2703 1336 2836 2427 881 1201 2701 1145 2381 2645 645 138 1638 2145 1491 2991 1359 1140 2859 1244 2640 2744
Route 27 : 320 30 1530 1820 772 600 2100 1276 2776 298 441 1798 117 1941 1301 1617 546 2272 2046 2801 1188 901 2688 2401
Route 28 : 1286 1253 428 2786 2753 513 1111 2611 2013 1345 814 2845 12 2314 1497 1512 1928 841 1098 2341 2598 2997 1302 774 2274 2802 576 557 2076 942 1443 2442 2057 2943
Route 29 : 1432 2932 304 1407 744 1804 57 2907 2244 1557 1475 407 654 1907 2975 2154 1073 802 2573 2302 1248 2748 1481 2981 615 861 2361 2115 1035 2535 1351 2851
Route 30 : 346 1846 668 657 2157 2168 1125 332 174 1674 1832 2625 176 205 1676 290 1705 710 2210 1790 39 1466 2966 1424 1539 804 907 2924 2304 893 2393 2407
Route 31 : 207 1707 1236 2736 348 959 1848 448 2459 196 1696 1482 1948 848 2982 955 2348 499 1999 770 2455 1411 2911 2270 141 522 1641 187 895 1687 2022 2395
Route 32 : 1471 103 2971 1037 2537 1603 917 1332 2417 2832 685 510 1008 2010 2508 568 1251 2185 2068 1144 2644 2751
Route 33 : 1334 372 1190 1872 242 1235 2690 2735 1360 56 1742 2834 398 897 2860 2397 566 1898 1556 122 1622 2066 988 1243 583 2083 2743 2488 1329 1316 2829 2816
Route 34 : 160 1416 953 2916 1660 644 2144 2453 1474 2974 162 261 1662 1761 311 555 2055 1811 838 2338 486 1390 191 1986 2890 1691 854 460 1168 2354 1960 2668
Route 35 : 764 2264 1401 629 2901 443 2129 746 1943 99 2246 383 756 1599 362 1883 2256 180 1862 905 2405 1680 591 1113 2091 1257 2757 67 2613 1567
Route 36 : 143 1444 2944 1643 1104 1024 1021 2524 2604 595 2521 1264 2764 1033 2095 2533 375 552 571 1875 2071 807 2052 2307 16 347 324 1847 1431 1824 1516 2931
Route 37 : 1295 2795 715 1165 2665 2215 44 943 2443 1160 1544 491 975 2660 1991 842 2475 144 2342 61 1644 400 1900 177 1561 916 728 1306 2228 2806 2416 1677
Route 38 : 1453 2953 1154 790 2654 2290 1191 2691 1461 1227 123 2961 1623 2727 686 2186 1119 673 2619 924 2424 578 2173 592 2078 1230 2092 1023 2730 2523 1328 2828
Route 39 : 962 76 1020 1576 2520 2462 250 535 1750 132 2035 1632 478 239 1739 1246 1978 699 2746 2199 1270 2770 768 2268 1220 296 2720 1346 604 1796 2104 2846
Route 40 : 580 487 2080 1069 1057 2569 1987 2557 530 204 387 2030 1704 1887 871 155 29 1655 2371 586 1529 498 2086 1998 282 221 1782 1721 1139 2639
Route 41 : 671 1326 483 2171 1983 512 1108 2608 2012 2826 709 1386 2209 2886 1452 438 2952 1938 305 203 182 1703 1805 1682 1315 1162 2815 2662 896 630 2396 2130
Route 42 : 33 1385 1217 1533 2717 1029 2529 1485 2985 991 2885 397 1897 2491 1011 366 2511 1866 110 705 1610 251 2205 1052 1751 651 2552 780 2280 2151
Route 43 : 886 525 1096 2025 631 2386 1353 2131 410 2853 2596 1910 102 603 1051 1602 2551 2103 1344 730 2230 2844 648 79 2148 1579 757 2257 1254 2754 69 1569
Route 44 : 787 1090 2590 2287 128 1628 392 1208 2708 1209 1892 2709 1114 2614 718 2218 35 724 1535 2224 541 1247 2747 736 2236 1067 2567 1348 2041 2848 151 1199 1651 2699
Route 45 : 859 265 2359 761 1765 2261 1092 53 506 817 1182 1553 2006 2592 2682 2317 1223 231 330 1731 1107 384 2607 1830 2723 349 1884 588 1849 2088
Route 46 : 1478 135 1440 2978 1635 393 1893 433 598 1933 2940 2098 533 2033 933 1132 679 2179 2632 2433 1256 336 2756 1836 684 2184 1410 2910 479 789 1979 2289
Route 47 : 911 93 2411 401 1901 594 1593 2094 701 1396 2201 857 2357 1152 2896 639 2652 288 1788 2139 667 2167 612 2112 1178 279 1779 810 613 2678 2310 2113
Route 48 : 232 526 2026 771 2271 125 1732 996 1625 77 411 1577 2496 496 1911 159 1996 1659 913 675 2175 977 2413 570 42 2477 1237 2070 2737 1542 1284 1339 2784 2839
Route 49 : 202 1702 1494 1131 2994 195 1695 1327 2631 2827 200 1066 1700 289 2566 1789 865 778 529 2278 2365 2029 923 2423 1304 1238 2804 484 2738 1984 111 1611
Route 50 : 150 894 1650 1305 2394 2805 1261 167 2761 1667 890 2390 678 925 2 1502 2425 777 2178 2277 712 2212 458 582 1958 990 1362 2082 798 2862 2490 2298
Route 51 : 1373 961 1137 2873 2637 1397 2461 2897 301 713 1801 2213 1492 767 2267 1387 2992 858 2887 2358 466 825 1966 2325 127 758 1627 1194 2258 2694
Route 52 : 368 1868 649 508 2149 2008 801 494 2301 63 1563 1379 238 1994 2879 1738 1216 38 2716 1050 1538 1340 2550 755 2255 1064 2840 133 2564 1633 86 1586
Route 53 : 26 866 1526 377 2366 97 1597 1877 662 399 2162 1395 1899 954 2895 951 2451 2454 849 149 1649 339 294 1794 1839 1434 2349 2934 224 1724
Route 54 : 635 2135 561 2061 1164 748 1231 2664 2248 322 2731 1822 536 292 2036 1792 168 652 1668 524 2152 178 968 2468 2024 937 1678 275 243 2437 1743 1775
Route 55 : 782 507 424 2282 293 2007 1793 1417 1924 228 1372 1728 2872 409 2917 1204 1909 14 2704 194 1514 1694 353 1418 1147 1853 2647 2918 994 2494 9 1509 36 1536
Route 56 : 626 1183 2126 2683 405 563 454 1062 1954 2063 935 1905 2435 1487 2987 1110 2562 779 2610 830 2279 1457 2330 274 394 2957 1774 59 1894 126 1075 1559 2575 1626
Route 57 : 1262 2762 72 45 1545 1169 1572 2669 1239 785 2285 2739 340 179 1840 939 1679 192 752 2439 1692 876 2252 2376 1081 2581 1058 874 2558 1094 2374 2594
Route 58 : 1408 703 71 2908 2203 1184 1571 2684 1258 1490 2758 1436 2936 888 2990 2388 1319 601 2101 1083 2819 2583 1292 2792 237 702 2202 198 1737 1698 940 877 2377 2440
Route 59 : 1127 2627 1038 1364 449 2538 1312 2864 1949 206 1313 2812 1112 1706 2612 2813 824 52 2324 1552 766 112 2266 1130 1612 1371 2630 692 2871 2192 776 2276
Route 60 : 334 1834 1438 309 1099 1809 2599 2938 331 1422 2922 1233 1831 277 621 1777 2733 21 1521 1105 836 2336 2605 1384 2884 989 355 1855 900 2121 2489 2400 899 2399
Route 61 : 509 1102 2009 1200 164 2602 2700 1077 1664 222 1036 2577 1722 2536 1420 15 2920 1515 725 872 2225 2372 439 1939 1377 1193 646 796 2877 2693 2296 2146
Route 62 : 1269 2769 750 2250 1004 726 2504 308 2226 260 1760 1808 1 548 2048 1501 134 247 1277 1747 2777 1309 1634 2809 157 732 1657 414 1914 2232
Route 63 : 1427 90 545 1590 1498 2927 2045 2998 587 982 2482 910 50 2410 2087 24 1550 220 1524 607 264 1720 2107 1764 467 1391 1967 2891 663 2163 543 2043
Route 64 : 1002 2502 987 129 323 1629 310 1823 2487 284 1810 687 1784 2187 1347 843 2847 199 1699 278 2343 1778 605 2105 835 711 719 2335 2211 413 2219 1913
Route 65 : 672 970 1402 2172 2902 2470 85 1210 2710 1585 404 1118 1904 2618 1255 729 2755 2229 947 1221 1467 2967 608 2447 547 2721 2108 717 2047 2217 470 1970
Route 66 : 430 315 640 1815 577 2140 2077 1311 969 2811 813 2469 11 2313 822 1511 740 2240 2322 581 391 2081 1263 1891 2763 1445 1930 742 2945 666 2166 2242 1013 2513
Route 67 : 62 116 868 723 1562 1616 2223 2368 642 2142 1272 2772 1321 2821 188 345 1688 1845 623 665 2123 597 2097 792 445 2292 1349 2849 1945 2165 636 2136
Route 68 : 1170 2670 1361 444 2861 1944 602 286 2102 43 1543 273 1786 1773 361 1861 75 1055 1575 48 2555 1548 1175 2675 1325 2825 280 1026 1019 2526 2519 1780
Route 69 : 828 1447 2328 163 1663 2947 214 1714 1103 998 2498 1157 2603 2657 721 1290 2221 450 2790 1212 1950 2712 307 270 1807 1770 558 223 1723 2058
Route 70 : 620 1234 2120 1240 84 1584 2734 1097 2740 2597 760 184 1684 241 1741 2260 379 374 1879 1874 235 1735 965 2465 1429 2929 579 2079
Route 71 : 1493 1171 2993 2671 610 2110 614 2114 70 350 1423 1570 2923 212 1712 1850 919 2419 219 670 386 2170 532 2032 1886 650 2150 1232 2732 1719
Route 72 : 551 1115 1320 2051 2615 136 2820 1078 1636 720 2220 2578 540 254 10 2040 1308 1510 1754 2808 1070 477 354 2570 1476 1854 1977 659 2159 2976 972 2472 303 1803
Route 73 : 788 763 2288 74 559 2263 2059 474 1574 1469 1974 2969 1172 1091 2672 190 2591 1690 1335 2835 834 2334 427 500 1124 1927 2000 2624 437 1937
Route 74 : 1412 655 2912 422 2155 1483 1922 1228 2983 1122 2728 863 2622 2363 1458 225 2958 376 1725 1876 564 593 734 2093 2234 2064 638 142 2138 1642
Route 75 : 914 928 2414 1337 2428 388 2837 1888 680 879 2379 1205 2705 337 2180 55 1555 1388 113 2888 747 2247 1837 1613 997 22 1522 2497 1072 78 1578 2572 1048 2548
Route 76 : 472 1972 276 1331 2831 1093 1776 501 2001 381 2593 1881 1143 2643 139 1639 1060 1080 2580 2560 980 2480 1100 714 2214 2600
Route 77 : 528 302 370 2028 1000 2500 1870 815 754 2315 1016 2254 2516 492 1459 1992 248 1748 2959 421 523 1921 2023 480 1802 1980 1275 2775 27 1527 627 32 2127 1532
Route 78 : 1464 300 1800 408 2964 966 1908 2466 1449 2949 1479 2979 169 124 1669 80 1580 643 1624 1018 356 2143 1856 993 2518 2493 367 704 1867 952 2452 2204
Route 79 : 269 201 682 1701 2182 1022 1769 185 2522 108 1608 1685 1293 520 2020 1065 2565 104 2793 37 1604 902 432 1537 2402 554 1932 1496 976 2054 2996 2476
Route 80 : 328 1828 240 371 1740 1871 887 624 2124 1414 2914 2387 1260 2760 816 1394 2894 2316 482 519 1982 161 2019 1661 660 65 514 2160 2014 1565 1283 912 2783 2412
Route 81 : 1034 431 2534 869 1931 2369 515 944 2015 2444 1041 2541 172 1672 396 957 1896 446 2457 908 1946 2408 903 1370 845 2403 1082 2345 2870 2582
Route 82 : 1087 137 2587 363 1637 1863 1053 1266 821 2553 707 2321 2766 884 2207 1226 2384 255 2726 1755 227 1727 891 1241 2391 1166 2666 534 2034 2741 1399 2899 1126 2626
Route 83 : 417 1917 708 2208 1489 795 403 2989 1903 1297 2797 2295 1324 2824 82 1582 1448 2948 852 1278 2352 170 455 1955 2778 440 1670 1940 364 1864
Route 84 : 716 1406 2906 2216 1059 2559 1433 2933 622 2122 88 1588 236 1473 1030 2530 1736 2973 1413 2913 464 230 1964 625 1730 799 2125 2299
Route 85 : 585 2085 1032 2532 1142 325 2642 58 497 1825 1558 1997 573 259 2073 743 211 1759 2243 759 2259 1181 1222 2681 2722 706 2206 527 809 2027 2309 1711
Route 86 : 1500 700 862 2200 462 3000 96 1596 1380 1962 263 1763 921 2880 2362 2421 158 1488 1658 1173 2988 1174 2673 502 2674 2002 1012 447 1947 2512
Route 87 : 1153 2653 115 253 1615 1753 688 66 2188 493 1566 49 1993 1224 2724 382 1549 1156 2656 628 1882 2128 34 54 1554 803 1534 1049 385 2549 2303 1885
Route 88 : 46 1546 1185 193 2685 87 1587 929 1693 468 2429 1054 2554 1968 1161 516 2016 733 2661 2233 549 811 1287 2049 326 2311 1826 599 2787 2099 360 1860
Route 89 : 1426 186 1686 1403 1274 2903 1358 2774 2926 878 246 2858 932 2378 517 1746 2432 2017 1031 967 2531 154 2467 1654 351 1252 2752 152 1851 1225 2725 1652
Route 90 : 20 1520 1430 2930 926 1363 2426 2863 1076 839 1365 2339 341 2576 1179 2679 1841 1281 2781 606 2106 358 683 2183 930 1858 2430 426 2865 1926
Route 91 : 457 1957 653 2153 981 60 2481 1560 68 1289 1568 83 805 1583 2789 1074 2305 974 2474 1155 2574 2655
Route 92 : 689 2189 6 120 1620 1506 1268 64 1564 1282 2768 2782 406 1906 1214 2714 867 316 1816 423 1923 632 2132 2367 213 1713
Route 93 : 503 91 1421 2921 1591 565 2003 674 2174 2065 119 229 1619 1729 731 1477 2977 2231 958 1499 973 2473 2999 1006 2458 677 690 2506 2190 2177 1017 2517
Route 94 : 7 1507 1342 909 2842 697 1198 2197 2409 2698 156 1656 369 979 1869 918 2479 2418 1047 1148 883 2648 931 2383 2547 2431 553 489 2053 1989 560 2060 471 1971
Route 95 : 114 1486 2986 1614 964 1134 73 2634 1573 2464 722 775 2222 786 2275 995 794 2495 2286 2294 735 784 2284 258 1758 550 2235 2050
Route 96 : 1369 2869 1465 1484 2965 898 2984 950 2450 2398 373 476 1061 1873 2561 1976 1343 1121 2843 2621 1015 2515 1150 1071 2650 661 2571 2161 999 2499 864 2364