Instance name:	ber-n600-2
Authors:		Carlo Sartori and Luciana Buriol
Date:			2019-2-11
Reference:		A matheuristic approach to the PDPTW (to be submitted)
Solution
Route 1 : 36 136 126 436 336 426 91 179 174 479 218 391 474 518 90 156 390 456
Route 2 : 92 226 147 392 197 447 526 497 46 183 201 501 483 346
Route 3 : 63 19 319 21 363 321 151 2 451 235 4 302 26 304 202 535 502 326 213 513
Route 4 : 82 97 382 189 148 489 6 397 8 308 306 448 138 241 438 221 541 225 103 521 525 403
Route 5 : 23 51 323 242 106 542 351 406 129 240 429 78 540 378 125 163 463 58 358 425
Route 6 : 160 24 460 122 88 388 324 422 54 239 67 539 245 354 367 111 545 411
Route 7 : 195 212 495 200 512 500 15 164 315 115 415 464 57 98 252 357 552 398 61 361
Route 8 : 253 223 553 247 547 139 523 84 237 384 439 95 537 395 181 80 481 124 66 380 424 366
Route 9 : 31 231 531 331 233 42 533 101 260 401 342 99 560 119 74 399 158 374 419 458
Route 10 : 116 20 320 416 182 482 142 442 62 130 430 362 216 34 334 516 263 563
Route 11 : 104 270 37 337 404 570 169 185 469 71 485 371 65 269 102 569 402 365
Route 12 : 273 230 573 530 11 194 311 73 494 373 55 355 27 199 499 217 327 64 56 364 356 517
Route 13 : 128 428 107 274 407 131 18 574 89 431 219 519 141 318 441 108 408 389
Route 14 : 232 120 532 172 472 420 187 210 510 79 277 487 168 110 379 577 93 468 393 410
Route 15 : 268 255 60 555 360 568 13 94 313 394 144 32 444 279 332 579 69 369
Route 16 : 170 470 280 167 580 262 467 246 114 17 317 562 272 546 171 572 39 414 188 471 488 339
Route 17 : 165 81 381 191 465 152 491 45 452 205 345 146 505 243 214 446 514 281 543 83 72 383 372 581
Route 18 : 266 33 282 582 566 333 154 180 454 236 480 244 536 207 544 100 7 400 507 307
Route 19 : 209 47 509 347 285 76 585 49 376 227 349 113 527 175 475 284 413 584
Route 20 : 173 473 43 229 59 529 343 254 359 554 118 224 418 286 586 215 515 85 385 524 38 338
Route 21 : 5 198 305 9 498 287 309 211 587 511 112 412 275 575 178 134 478 434 52 352
Route 22 : 289 228 86 528 386 161 589 461 155 10 288 588 310 208 455 508
Route 23 : 121 421 157 264 234 534 137 564 437 457 290 35 335 590 251 30 551 330
Route 24 : 292 283 159 459 592 186 12 486 109 583 41 312 190 409 341 184 140 149 440 484 449 490
Route 25 : 150 1 450 301 177 192 477 492 16 145 293 316 445 105 593 238 538 3 405 303 96 396
Route 26 : 176 166 476 466 77 377 294 117 267 594 567 417 193 22 322 493
Route 27 : 28 328 68 248 257 557 368 276 291 256 576 548 591 295 595 556
Route 28 : 261 278 561 53 153 578 353 296 453 596 250 75 375 265 550 565 127 297 427 597 143 443
Route 29 : 133 87 433 25 387 259 325 298 559 222 44 598 344 220 206 522 520 506
Route 30 : 249 271 549 123 135 423 299 599 571 203 162 462 50 48 435 348 350 503
Route 31 : 14 300 314 132 600 432 258 29 558 70 40 370 204 329 196 340 496 504
