Instance name : ber-n3000-3
Authors : Hiermann, G. and Schiffer, M.
Date : 2024-04-30
Reference : arXiv:2405.00230
Solution
Route 1 :  1035 2535 1428 2928 1329 899 884 930 2430 2829 2384 2399 1246 267 631 2746 2131 1767
Route 2 :  552 181 2052 232 236 892 1732 728 86 2392 1586 1736 2228 375 604 1875 2104 1681 704 2204
Route 3 :  383 168 1103 2603 470 239 1739 988 1668 1970 561 1152 2652 2488 2061 546 2046 747 1883 2247
Route 4 :  75 1072 2572 1575 666 2166 792 865 759 2292 2365 635 858 2358 2259 644 2135 2144 516 2016
Route 5 :  494 1994 139 233 786 1733 2286 478 1639 221 1721 886 1978 2386 230 1730 450 378 1950 1878
Route 6 :  1266 184 280 1684 314 483 337 1780 1983 1409 1814 2766 904 647 2909 2404 1837 2147
Route 7 :  900 2400 284 706 2206 97 309 1784 572 306 1597 2072 1806 1160 1809 1240 2660 2740
Route 8 :  848 424 1470 1924 1045 2545 1188 2348 2970 1342 1239 2688 2739 1451 349 1849 2842 2951
Route 9 :  147 77 617 2117 1647 1577 944 1426 2926 1164 2444 2664 319 709 1819 2209
Route 10 :  16 1285 1516 505 2785 243 251 2005 845 2345 893 1751 1743 252 2393 1752 942 2442
Route 11 :  594 2094 1242 379 1879 2742 341 381 325 1841 1881 258 939 1825 1758 214 2439 1714
Route 12 :  1370 2870 1214 1341 1158 2714 301 2841 668 2658 1801 2168 621 2121 405 952 2452 1905
Route 13 :  1049 21 620 1253 2753 2549 2120 736 1521 933 82 2236 1295 2433 1582 1395 2795 2895
Route 14 :  138 1088 400 1900 2588 1638 92 1022 2522 1592 829 144 2329 714 1644 1052 2214 2552
Route 15 :  18 193 1518 370 414 1870 1044 701 2544 1914 1693 2201 41 927 234 1734 1541 2427
Route 16 :  382 1882 849 763 959 986 2263 2459 1454 2349 2486 104 993 2954 2493 1233 2733 1604
Route 17 :  1015 2515 1075 64 84 1564 2575 242 1334 1584 1742 2834 1298 982 2482 2798
Route 18 :  598 2098 1281 1171 793 2671 2781 771 573 2271 2293 2073 677 13 402 1513 2177 1902
Route 19 :  1229 1463 2729 2963 752 1012 98 2252 2512 40 1598 612 690 2190 35 2112 1540 1535
Route 20 :  1248 2748 634 535 883 2383 2134 2035 708 592 765 855 2355 2092 2265 1127 2627 2208
Route 21 :  705 980 2480 625 2205 106 636 1606 2125 600 2136 977 662 2162 2477 2100 90 1590
Route 22 :  1153 466 1060 1966 2653 2560 1259 550 998 348 2050 2759 2498 58 999 1848 1558 2499
Route 23 :  150 269 1230 1769 2730 270 1650 1117 311 1770 917 1811 2417 386 1886 2617 534 2034
Route 24 :  374 1874 1033 938 8 2533 1508 1365 2438 1203 2703 1139 1358 2865 597 2097 2639 2858
Route 25 :  11 1511 776 1039 419 2539 1484 1277 1919 2984 2777 679 2179 1041 1066 2541 2276 2566
Route 26 :  1276 1296 2796 2776 1026 328 273 2526 1828 119 1047 292 1792 1773 878 1619 2547 2378
Route 27 :  81 881 162 2381 1581 910 1662 856 517 2356 2017 2410 285 846 7 1785 1507 2346
Route 28 :  503 1032 539 428 2039 2003 2532 712 757 1928 368 335 2212 1835 2257 562 1868 2062
Route 29 :  49 609 1549 578 33 310 1533 2078 1810 1474 2109 2974 205 1013 1080 2513 1705 2580
Route 30 :  1385 1268 135 724 432 2768 2885 1932 1635 2224 148 835 209 217 1709 2335 1648 1717
Route 31 :  774 182 1682 453 932 2432 1953 531 2274 623 2031 93 1593 652 1036 2536 2152 2123
Route 32 :  1141 973 2473 1442 189 2942 2641 1689 1445 941 1217 2441 1306 2945 2717 1372 2806 2872
Route 33 :  1402 755 2902 1236 1145 1469 2255 2645 2969 1465 1282 2782 2965 2736 1237 63 1563 2737
Route 34 :  391 710 2210 1891 136 334 120 1834 1636 760 2260 889 1620 745 803 2389 2303 2245
Route 35 :  266 195 1766 282 1695 1057 1782 761 1255 2557 2261 2755 1262 1102 2602 495 2762 154 1995 1654
Route 36 :  336 1836 149 629 1649 482 1982 2129 364 1157 871 2371 1864 1283 2657 2783 187 1687
Route 37 :  1481 1284 2981 95 2784 124 155 1624 587 1595 2087 1655 575 1029 691 2075 2191 2529
Route 38 :  1459 2959 844 480 2344 1288 1980 2788 1413 331 1831 583 2913 1359 2083 2859
Route 39 :  905 1096 2405 173 454 1431 2596 1673 1497 1954 2997 2931 1232 1393 2732 595 2095 2893
Route 40 :  366 1004 1866 2504 1308 1321 443 2808 2821 1354 2854 1436 2936 1943 1456 1452 2952 2956
Route 41 :  626 493 1042 2542 2126 1193 1993 1146 2646 1202 2693 2702 508 313 1161 2661 1813 2008
Route 42 :  101 1601 922 921 514 2422 2421 810 2014 2310 1219 2719 1101 315 2601 1173 1815 2673
Route 43 :  584 392 60 1560 1892 2084 3 603 2103 843 1503 703 957 2343 2457 2203 442 1942
Route 44 :  66 523 2023 457 347 1957 1847 1566 1053 223 1723 2553 1356 2856 1187 2687
Route 45 :  473 588 1378 2878 2088 1973 984 727 2484 2227 418 215 23 61 1918 1561 1523 1715
Route 46 :  777 496 45 2277 1545 1996 389 923 83 1583 24 2423 1524 1889 177 995 2495 1677
Route 47 :  371 1871 277 956 929 2456 1777 913 2429 350 1850 2413 1170 814 2670 2314
Route 48 :  962 393 326 1826 1893 758 538 2462 657 2258 2157 1023 1051 907 2551 2523 2038 2407
Route 49 :  640 2140 725 1382 2225 1182 2682 670 2170 2882 730 339 566 2066 1839 2230
Route 50 :  296 722 224 518 1724 2222 1796 2018 260 118 819 396 1760 2319 1618 1896 806 2306
Route 51 :  65 445 1021 1945 2521 1565 555 198 1698 821 188 2055 733 2321 305 1688 2233 1805
Route 52 :  589 112 302 1612 1802 2089 397 358 353 1897 1858 1853 446 1290 1946 909 2409 2790
Route 53 :  649 279 2149 673 490 1779 1990 2173 903 472 1972 2403 1008 895 768 2508 2395 2268
Route 54 :  143 1643 796 474 1018 2296 1098 2518 2598 1974 178 475 54 1678 1178 1554 2678 1975
Route 55 :  842 245 1314 2342 2814 1745 1272 943 327 2772 1297 2443 1827 1264 2764 2797
Route 56 :  828 665 52 288 1552 1788 2328 2165 398 754 1898 2254 554 785 2054 2285
Route 57 :  711 515 2211 2015 912 42 332 1832 2412 409 537 1542 1909 2037 1151 2651
Route 58 :  715 399 281 2215 1455 1899 2955 1781 169 15 570 1669 854 1168 2070 2354 1515 2668
Route 59 :  1020 1067 1002 2502 2567 2520 231 263 1763 1077 1731 2577 1110 1220 2610 2720
Route 60 :  530 742 340 876 2242 2376 616 2030 1840 322 2116 678 1822 304 2178 869 1804 2369
Route 61 :  203 140 920 1081 235 1735 1703 1640 76 2420 2581 1087 1576 394 2587 798 1894 2298
Route 62 :  762 961 2262 2461 1185 1191 2691 2685 343 822 2322 1843 658 2158 902 1144 2402 2644
Route 63 :  1362 2862 467 702 1967 1016 2516 1410 2910 2202 228 579 499 901 2079 1999 1728 2401
Route 64 :  225 1725 485 799 2299 1985 1124 2624 1017 433 59 1933 1559 1007 2517 2507
Route 65 :  14 964 1148 2464 2648 1407 1514 967 2467 1099 2907 12 1094 2594 1512 2599
Route 66 :  787 259 2287 1054 1759 756 548 180 2256 1211 2048 1183 1680 2711 2683 2554
Route 67 :  468 1030 2530 1968 571 908 2408 1091 969 2071 1312 2812 2591 2469 1464 2964
Route 68 :  950 1441 1120 2450 2620 1352 2941 1302 2852 1125 2802 1257 2757 1388 2625 2888
Route 69 :  248 67 1009 1567 1118 2618 2509 1408 1126 2908 820 240 1740 2626 2320 1748
Route 70 :  1073 1231 2731 1349 2573 79 1212 1579 1396 2712 2849 1128 2896 422 2628 1922
Route 71 :  743 2243 753 818 2318 2253 526 965 2465 2026 458 50 1550 1958
Route 72 :  1028 479 461 2528 111 1979 1300 1611 2800 1475 1961 522 222 2975 2022 1722
Route 73 :  639 441 1941 53 2139 924 218 1718 2424 254 116 1172 1553 1754 1616 2672
Route 74 :  1330 1114 2614 2830 729 1480 2229 407 2980 1371 1479 1907 78 2871 1578 2979
Route 75 :  1320 1111 1289 2820 2789 1361 2611 1311 2861 380 2811 1491 800 1880 2991 2300
Route 76 :  1065 1050 2565 2550 1384 6 2884 1226 1392 2726 1506 501 653 2892 2001 2153
Route 77 :  686 720 412 1912 2186 779 968 2220 511 2468 1147 2279 2647 2011 919 2419
Route 78 :  1005 824 2505 1243 2324 1391 1223 2723 2743 1417 2917 1462 2891 2962 1159 2659
Route 79 :  1345 229 2845 718 1729 2218 323 738 833 1823 1134 2333 2238 769 2269 2634
Route 80 :  156 464 17 1415 2915 1656 1964 1517 36 549 1536 352 2049 384 1852 1884
Route 81 :  1405 627 465 1965 1174 2905 1489 2127 2674 1133 2989 1241 2633 2741 1189 2689
Route 82 :  896 2396 72 122 684 1622 2184 1572 1024 276 1776 1177 2524 1261 2677 2761
Route 83 :  928 547 972 2428 2047 890 73 2472 2390 1573 1286 997 2786 1129 2497 2629
Route 84 :  488 630 2130 827 696 1988 1317 2327 2817 2196 1234 403 1376 2734 2876 1903
Route 85 :  513 971 2471 1364 1279 2013 805 559 2305 2059 2779 1245 1367 2745 2864 2867
Route 86 :  451 955 970 2470 2455 1440 1951 866 2366 1206 1303 2940 2803 1115 2706 2615
Route 87 :  1411 1478 861 667 2978 2911 2167 2361 9 365 1058 1865 1175 2558 1509 2675
Route 88 :  171 345 1671 719 1845 2219 68 94 1568 1594 596 781 837 2096 2337 2281
Route 89 :  262 1104 1762 978 1154 2654 1121 2604 2478 682 2621 2182 1315 2815 1348 2848
Route 90 :  500 1204 2000 2704 411 429 894 395 1929 527 2027 2394 1911 1895 25 1525 102 1602
Route 91 :  216 369 145 373 1873 1167 1869 1645 1457 2667 989 698 2489 2957 2198 1716
Route 92 :  1293 1401 2793 297 2901 1797 1273 622 186 1686 2773 2122 1150 734 2234 2650
Route 93 :  1274 507 2774 737 2007 129 2237 293 524 1793 2024 1629 693 931 2193 2431
Route 94 :  250 897 456 1956 2397 406 1750 489 707 981 1906 2207 2481 1989 308 1808
Route 95 :  641 1235 226 2141 1726 37 2735 1537 194 521 525 130 1694 2021 2025 1630
Route 96 :  471 289 1789 1971 608 448 569 2108 1948 2069 1076 1097 1496 2576 2597 2996
Route 97 :  1379 237 2879 1461 2961 1737 948 439 2448 1430 1939 1123 2930 1062 2623 2562
Route 98 :  69 1569 898 492 29 1529 1992 2398 425 128 510 1628 1925 2010 460 62 1562 1960
Route 99 :  775 2275 606 283 2106 1783 770 167 2270 431 1336 1667 1931 2836 172 790 1672 2290
Route 100 :  158 994 1658 1473 2494 1433 2973 152 1332 2933 2832 1652 506 985 2485 2006
Route 101 :  983 164 2483 1664 1450 1194 2950 1165 2694 1034 2534 1135 2665 1208 2708 2635
Route 102 :  303 51 1551 1803 174 1143 2643 1674 565 497 206 1706 1997 2065 210 1710
Route 103 :  387 529 2029 1887 1105 316 607 2107 1156 1816 2605 2656 1244 1482 2982 2744
Route 104 :  802 2302 949 307 142 1267 1642 2449 2767 1807 1169 2669 401 1901 867 117 1617 2367
Route 105 :  2 512 416 312 2012 1502 1812 1916 681 638 2181 2138 372 689 2189 1872
Route 106 :  1109 1339 1448 2609 2948 2839 610 632 2132 2110 853 4 1269 2769 1504 2353
Route 107 :  1250 2750 166 70 1666 1570 541 2041 295 687 1795 838 2338 1 2187 1501
Route 108 :  1227 1353 2727 2853 1163 253 851 2351 1238 1753 2663 937 721 2437 2738 2221
Route 109 :  318 1468 1205 1818 2968 1270 2705 2770 31 795 717 2295 2217 1531 1357 2857
Route 110 :  1078 2578 1275 434 1439 1934 1326 2775 1324 2826 2939 2824 1434 1304 2934 2804
Route 111 :  192 1083 2583 1338 2838 1692 563 28 1528 385 421 2063 860 1921 1885 987 2360 2487
Route 112 :  870 2370 1377 1337 2877 2837 202 477 1070 1702 1418 2570 1460 1977 2918 2960
Route 113 :  110 137 1610 1637 1492 1398 2992 1086 1443 2586 2898 2943 1199 2699
Route 114 :  408 654 1280 2780 1908 1003 2154 2503 650 685 2150 367 1867 683 2185 2183
Route 115 :  850 1149 2649 2350 804 1063 404 2304 1179 2563 2679 1458 1904 2958 87 1587
Route 116 :  700 257 1757 2200 1069 238 121 2569 1621 1738 46 723 190 1546 1690 2223
Route 117 :  1444 591 1453 2091 2944 2953 1301 220 2801 1720 299 545 831 2331 1799 2045
Route 118 :  57 1557 153 586 1653 951 2086 601 2451 1142 1425 2642 2925 1137 2101 877 2377 2637
Route 119 :  692 751 2251 1394 1335 2894 2835 2192 1294 437 1937 782 2794 1447 2282 2947
Route 120 :  1346 1200 1368 2846 540 2868 2040 2700 1424 1155 2924 241 2655 344 1844 1741
Route 121 :  832 947 741 2447 1416 2332 2241 1218 1074 2916 664 2718 2164 2574 1331 2831
Route 122 :  417 661 2161 1917 1446 934 196 2946 2434 1162 1432 2662 2932 1119 1696 2619
Route 123 :  1190 1287 2690 1328 2787 2828 207 749 38 2249 1707 1498 1487 1538 2987 2998
Route 124 :  99 423 1599 1923 996 131 773 2496 830 1631 2330 2273 1198 914 2414 2698
Route 125 :  1471 256 1756 2971 863 735 2235 979 1107 2363 1210 2479 2607 227 2710 1727
Route 126 :  265 992 614 2492 1765 2114 582 659 2082 648 1213 2148 2159 847 2713 2347
Route 127 :  141 528 794 1641 2028 1307 2294 1132 915 2632 2807 543 2415 26 1526 2043
Route 128 :  748 1427 887 2248 2927 1423 2387 2923 1082 726 163 1663 1325 2825 2226 2582
Route 129 :  134 872 2372 1090 1634 879 1437 2379 2590 2937 1131 1249 2749 2631 1116 2616
Route 130 :  808 888 599 875 2308 2388 2375 1222 377 2099 1877 1068 766 2722 2266 2568
Route 131 :  1251 2751 672 940 1483 2983 2440 2172 20 359 1520 553 447 1947 114 1859 2053 1614
Route 132 :  1019 637 767 2519 2137 2267 213 1031 936 1713 1323 2531 1215 2436 2823 2715
Route 133 :  200 498 1700 199 1998 558 1360 2058 1699 2860 750 455 2250 1419 1955 2919
Route 134 :  1256 2756 85 5 1505 945 699 960 2199 1585 436 2445 2460 1936 1383 2883
Route 135 :  444 1001 2501 675 71 1944 1571 2175 74 484 32 1406 1574 1532 2906 1984
Route 136 :  811 211 1711 2311 1071 410 255 2571 1910 133 1755 697 551 1633 2051 2197
Route 137 :  88 1588 1400 1399 2899 2900 567 108 274 1608 100 1774 1138 2067 2638 1600
Route 138 :  300 1027 357 1857 1800 2527 1040 107 1347 2540 1607 2847 264 916 2416 1764
Route 139 :  105 544 874 2044 355 1855 1605 2374 713 165 338 275 1665 2213 1775 1838
Route 140 :  1180 694 2680 298 2194 1186 642 1798 356 2142 2686 1043 797 1856 2297 2543
Route 141 :  1322 817 1079 2822 2579 2317 859 47 1547 123 1623 772 1093 2359 2593 2272
Route 142 :  731 413 132 1632 1913 201 852 1701 935 2352 784 151 2284 2435 2231 1651
Route 143 :  556 740 2056 1025 1258 2240 420 1920 1010 2525 1166 2758 1355 2510 2666 2855
Route 144 :  30 504 880 2004 1530 2380 574 10 520 1510 1038 2074 2538 815 1059 2020 2315 2559
Route 145 :  48 1225 1435 1548 2935 1313 2813 2725 825 801 577 415 2325 1915 2077 2301
Route 146 :  660 170 873 208 2160 1708 1670 363 1221 1466 2373 2721 1863 2966 585 2085
Route 147 :  1291 185 430 1485 1930 1685 2985 2791 176 975 906 2475 435 1676 2406 1935
Route 148 :  826 115 618 1615 161 2118 2326 459 532 1661 1959 2032 1386 1488 2988 2886
Route 149 :  611 542 1037 2042 2537 2111 487 1987 615 1014 330 1006 2506 1830 2115 2514
Route 150 :  1494 1092 536 2994 2036 2592 294 991 1794 2491 1369 2869 1344 1130 2630 2844
Route 151 :  958 1414 2914 2458 580 646 2146 1363 2863 2080 645 834 1112 2612 2145 2334
Route 152 :  1387 2887 788 204 39 882 2288 1704 2382 1539 271 1771 564 290 1790 2064
Route 153 :  1201 2701 197 1697 1404 651 519 746 2246 2019 2151 2904 1374 1061 2561 2874
Route 154 :  19 1519 491 1991 1438 91 1591 376 2938 1876 212 1373 1712 2873
Route 155 :  1420 1209 1380 2709 2920 2880 1000 2500 1472 954 2454 2972 175 1675 320 1820
Route 156 :  953 2453 268 963 333 1768 56 1833 602 2463 1556 656 1095 2102 2156 2595
Route 157 :  317 1100 2600 1817 1421 2921 1108 1310 1064 2564 2810 780 2608 2280
Route 158 :  1084 2584 716 278 1778 22 2216 840 926 1254 1522 2426 2340 2754 966 476 1976 2466
Route 159 :  624 160 739 2124 2239 680 1660 286 440 1940 2180 1192 1786 2692
Route 160 :  481 557 1981 1011 2057 1467 688 2188 1271 2511 2967 1196 2771 2696
Route 161 :  1449 1265 2949 1333 2765 1140 219 2833 2640 1719 891 576 2391 2076
Route 162 :  1089 1228 2589 2728 351 125 669 1625 619 1851 2169 390 469 1969 1890 2119
Route 163 :  462 1962 44 509 1544 1499 2999 2009 1056 2556 452 1197 2697 1952
Route 164 :  1493 1207 1278 2707 2993 764 2778 1055 1247 2555 2747 2264 568 2068
Route 165 :  127 361 1627 249 43 1543 1749 1861 362 426 113 1926 1862 1613
Route 166 :  990 1181 2681 2490 1412 80 2912 633 663 2133 1580 109 2163 839 2339 1609
Route 167 :  885 807 857 34 2385 1534 2357 1176 2307 1375 560 2676 2060 2875
Route 168 :  1113 1486 1252 2613 2986 2752 1351 287 2851 911 1787 89 2411 1589
Route 169 :  946 778 179 2278 1495 2446 1679 2995 247 463 1747 1422 2922 1963
Route 170 :  744 605 2244 244 1390 1744 2890 2105 96 836 427 2336 1927 1596
Route 171 :  1309 1292 2792 1340 2809 2840 590 1299 1263 2763 2090 2799 732 2232
Route 172 :  671 1048 2548 2171 1318 1381 2881 1319 974 2818 1106 2819 1136 2474 2606 2636
Route 173 :  789 813 655 2289 2313 2155 1476 1350 2850 1316 1122 2816 2976 2622
Route 174 :  1184 1343 809 346 1846 2843 2684 2309 438 791 486 1986 1938 2291
Route 175 :  1327 2827 1397 1403 2903 2897 862 354 533 1854 449 2362 1949 2033
Route 176 :  674 1085 159 2585 329 324 1500 1659 1824 1429 1829 2929 3000 2174
Route 177 :  502 841 2341 2002 613 918 157 1657 2113 2418 55 261 1555 1761
Route 178 :  183 976 2476 1683 1224 1305 2805 2724 360 321 1860 27 1527 1821
Route 179 :  676 2176 593 103 581 2093 812 1603 2081 291 146 1260 2312 1646 2760 1791
Route 180 :  783 864 1216 2364 2716 2283 628 643 1389 2143 2889 191 868 2128 2368 1691
Route 181 :  272 246 388 1888 1746 1772 1195 1490 2695 925 2990 823 2425 2323
Route 182 :  342 816 1842 2316 1366 1477 1046 2977 2866 2546 695 126 2195 1626
