Instance name : ber-n800-4
Authors       : Dmitriy Demin, Mikhail Diakov (msd@veeroute.com), Ivan Ilin, Nikita Ivanov, Viacheslav Sokolov (vs@veeroute.com) et al. VRt Global (https://veeroute.com/)
Date          : 2023-07-09
Reference     : veeroute.com
Solution
Route 1 : 261 1 143 661 401 543
Route 2 : 156 209 556 340 230 609 740 630
Route 3 : 21 221 621 421 260 248 660 648
Route 4 : 297 54 363 697 763 454 153 553
Route 5 : 16 83 416 18 483 418
Route 6 : 347 747 76 308 476 77 477 708
Route 7 : 359 201 601 759 343 743
Route 8 : 115 101 515 29 429 60 501 460
Route 9 : 52 336 390 452 736 194 790 594 96 496
Route 10 : 318 190 718 590 13 249 413 649
Route 11 : 78 329 478 207 55 729 607 455
Route 12 : 322 95 722 389 495 789
Route 13 : 317 379 717 345 779 30 745 25 430 425
Route 14 : 355 94 755 133 163 494 533 563
Route 15 : 338 138 738 108 538 23 508 423
Route 16 : 301 271 255 671 701 655 313 713
Route 17 : 99 245 162 562 499 645 222 622
Route 18 : 247 284 238 647 684 638
Route 19 : 233 252 633 652 337 737
Route 20 : 49 46 68 449 446 468 7 234 407 634
Route 21 : 88 488 159 90 559 372 490 772
Route 22 : 150 64 550 85 341 464 485 395 741 795
Route 23 : 362 290 762 690 214 614 172 572
Route 24 : 32 43 432 385 443 164 785 564
Route 25 : 335 57 735 33 457 433
Route 26 : 161 323 723 561 400 800
Route 27 : 213 231 332 631 613 732 275 675
Route 28 : 157 53 242 453 118 642 518 557
Route 29 : 324 274 243 674 643 724 112 512
Route 30 : 204 142 11 411 604 542 350 750
Route 31 : 310 388 208 710 788 608 79 479
Route 32 : 319 376 719 166 776 251 651 566
Route 33 : 316 396 716 134 796 534 189 589
Route 34 : 26 386 786 426 272 373 672 773
Route 35 : 279 215 679 615 177 205 577 605
Route 36 : 366 302 766 198 702 598
Route 37 : 123 129 224 523 529 624
Route 38 : 240 6 185 640 406 585
Route 39 : 89 489 304 120 266 704 666 520
Route 40 : 165 333 733 565 394 354 794 754
Route 41 : 69 140 540 227 469 391 627 791
Route 42 : 268 668 20 334 352 734 420 752
Route 43 : 110 325 24 510 168 424 725 568
Route 44 : 217 139 62 617 539 462
Route 45 : 277 262 662 677 154 554 200 600
Route 46 : 39 225 167 567 439 625
Route 47 : 66 466 285 5 405 685
Route 48 : 36 393 436 793 223 212 623 612
Route 49 : 121 232 521 296 632 174 696 574
Route 50 : 353 382 782 753 41 441
Route 51 : 175 256 656 575 211 611 114 514
Route 52 : 2 315 402 127 715 527
Route 53 : 44 444 298 246 698 646
Route 54 : 280 226 626 680 151 551
Route 55 : 321 116 721 516 181 241 641 581
Route 56 : 371 91 491 383 771 283 783 683
Route 57 : 294 48 15 694 448 415
Route 58 : 399 84 484 239 344 799 229 744 639 629
Route 59 : 170 392 14 570 792 414 173 573
Route 60 : 342 144 544 742 264 664 147 547
Route 61 : 309 709 320 374 720 774
Route 62 : 192 220 620 592 191 591
Route 63 : 184 158 287 584 687 558
Route 64 : 105 505 265 179 102 665 579 502
Route 65 : 19 56 419 367 456 278 767 678
Route 66 : 292 63 692 202 183 602 463 583
Route 67 : 12 314 306 412 706 714 160 560
Route 68 : 75 187 82 482 475 587
Route 69 : 303 124 703 253 524 653
Route 70 : 128 257 291 657 380 691 528 780
Route 71 : 312 328 712 58 369 728 769 458
Route 72 : 258 152 658 552 34 434
Route 73 : 171 357 571 50 450 757
Route 74 : 132 276 254 676 532 122 522 654
Route 75 : 267 667 305 378 705 45 778 445
Route 76 : 137 196 111 537 511 596
Route 77 : 197 97 218 597 186 497 618 586
Route 78 : 136 169 536 299 569 699
Route 79 : 130 73 530 269 473 669 141 541
Route 80 : 381 368 781 351 38 768 751 438
Route 81 : 397 797 98 377 176 498 777 576
Route 82 : 203 72 603 472 135 86 535 486
Route 83 : 281 384 784 681 235 31 431 635
Route 84 : 178 295 80 480 695 578 8 408
Route 85 : 113 273 513 673 370 104 770 504
Route 86 : 361 17 51 761 451 417
Route 87 : 146 546 356 180 244 580 756 644
Route 88 : 148 100 47 447 500 548 358 758
Route 89 : 250 237 61 461 637 59 650 459
Route 90 : 210 610 107 199 599 507
Route 91 : 259 67 289 467 659 689 10 410
Route 92 : 193 593 71 263 117 471 663 517
Route 93 : 40 37 365 440 206 606 437 765 339 739
Route 94 : 126 307 707 526 106 506 387 787
Route 95 : 195 93 595 493 282 300 700 682
Route 96 : 311 348 270 711 349 748 670 749
Route 97 : 35 65 9 435 465 131 409 531
Route 98 : 182 81 74 582 28 481 474 428
Route 99 : 216 42 616 286 442 686 92 492
Route 100 : 236 149 293 693 636 549 27 398 798 427
Route 101 : 145 288 688 545 219 619
Route 102 : 346 188 364 764 588 746 375 775
Route 103 : 109 70 330 327 470 509 727 730
Route 104 : 119 87 487 103 519 228 503 628
Route 105 : 155 555 326 3 331 403 726 731
Route 106 : 360 125 760 22 4 525 422 404