Instance name : ber-n4000-5
Authors       : BIG3 - Dmitriy Yampolskiy, Egor Nikolaev and Daria Savina. Smart Logistics Point by the BigThree team (big3.ru).
Date          : 2025-04-23
Reference     : BigThree team (big3.ru)
Solution
Route 1 : 1101 3101 1260 3260 932 1907 3907 1406 2932 638 1801 2638 3406 3801 1258 1162 3258 1705 3705 3162 1320 3320 1297 1250 1886 3250 3297 3886
Route 2 : 1771 3771 60 1935 945 2060 3935 2945 1700 3700 1134 3134 10 1919 2010 761 289 2289 1808 3808 2761 3919 1266 3266 1587 1837 178 3587 3837 2178
Route 3 : 1036 609 2609 1544 3544 3036 262 907 2907 58 2262 1680 3680 2058 1105 543 3105 409 91 2543 2091 2409 1289 418 3289 2418
Route 4 : 1154 384 3154 854 2384 1640 2854 1176 3640 1288 3176 1978 1346 3978 3288 3346 596 1103 2596 3103 1606 212 195 2212 1365 3365 3606 2195
Route 5 : 1052 146 3052 377 2377 2146 860 1195 3195 2860 450 1181 3181 1632 2450 906 3632 503 581 2581 2906 361 1993 3993 2361 1623 173 2173 2503 3623
Route 6 : 1819 917 1026 2917 357 2357 3026 3819 789 1364 2789 965 3364 1058 2965 3058 1694 1740 1825 3740 3825 3694 470 898 1798 2470 3798 2898
Route 7 : 1191 465 472 2465 2472 3191 1539 1977 373 3539 54 2373 2054 1513 3513 869 198 2198 2869 1628 1996 1651 3651 3996 3977 3628
Route 8 : 224 1822 1184 3822 1056 3184 2224 3056 1468 1787 3468 3787 643 1964 2643 607 3964 2607 1590 665 3590 2665 695 2695 1501 461 3501 2461 1785 3785
Route 9 : 1827 1545 3545 1081 3827 1599 3599 3081 559 918 2559 1343 2918 3343 993 2993 1524 3524 1013 716 331 3013 2331 1459 1794 2716 3794 3459 205 449 2205 2449
Route 10 : 1762 3762 1027 1255 3027 988 3255 1491 2988 3491 1332 813 3332 2813 1128 595 410 2595 3128 2410 1391 3391 1631 1225 3225 3631 1644 3644
Route 11 : 525 697 2525 1797 3797 2697 187 436 2436 857 2187 2857 1882 1876 3882 113 3876 2113 972 369 2972 493 2369 2493 191 453 2191 111 2453 2111
Route 12 : 564 1848 3848 276 2564 351 2351 1097 2276 44 2044 3097 1088 775 3088 2775 295 2295 746 968 2968 2746 864 457 2864 1655 3655 2457
Route 13 : 1219 699 3219 2699 1475 3475 1168 1390 3168 3390 1821 776 3821 1574 2776 3574 74 567 2567 2074 1439 747 3439 460 1914 2747 3914 2460
Route 14 : 318 696 2318 2696 284 856 2856 2284 1948 193 342 3948 2342 128 2193 844 2128 2844 137 1089 2137 3089 1709 1742 3709 1403 3742 3403 1271 1522 3522 3271
Route 15 : 163 1362 1065 3362 2163 3065 706 1645 3645 2706 285 2285 853 1595 961 2961 2853 3595 1311 210 3311 313 1690 2210 2313 563 2563 3690 56 2056
Route 16 : 867 2867 311 667 2311 533 2533 2667 1242 1136 3136 3242 971 488 2971 2488 755 1359 2755 3359 432 72 1937 2432 108 2108 3937 2072
Route 17 : 403 1252 3252 324 2324 2403 1585 456 2456 3585 1730 407 3730 985 2407 155 2155 2985 1120 400 3120 2400 300 294 2300 2294 1601 1213 3213 3601
Route 18 : 286 512 2512 2286 1292 884 2884 3292 897 1284 717 3284 220 2897 2220 2717 273 804 352 2352 1653 2273 2804 3653 105 1529 2105 3529 619 975 2619 1713 2975 3713
Route 19 : 448 267 2448 1358 1497 3497 338 3358 1130 1404 2338 3130 3404 729 1209 3209 2267 1791 2729 3791 809 808 2809 1878 1370 2808 3878 3370
Route 20 : 1170 622 2622 3170 871 1718 872 2871 2872 3718 234 1295 2234 280 3295 1783 2280 788 1071 3783 2788 709 3071 1324 2709 967 3324 2967
Route 21 : 1673 566 3673 2566 686 720 1636 2720 3636 2686 1017 422 3017 2422 1597 328 3597 2328 873 704 260 2873 2260 575 2704 1852 2575 3852
Route 22 : 161 818 2161 545 2818 1020 2545 336 1789 2336 3020 3789 181 1021 3021 106 1729 2181 2106 3729 445 157 2445 138 2157 2138
Route 23 : 792 659 1888 2659 2792 1282 3888 466 3282 435 2466 1034 756 3034 942 2756 2435 2942 1572 598 42 2042 2598 3572 725 1098 2725 3098
Route 24 : 1735 93 3735 2093 1698 341 3698 169 2341 1796 3796 2169 1415 1002 3415 196 3002 256 2196 2256 1874 523 2523 3874 1453 3453
Route 25 : 990 1777 3777 1469 3469 1868 1047 3868 718 2718 1990 3047 662 3990 397 2397 2662 829 39 2039 1293 3293 1476 2829 2990 3476 730 2730 1398 3398
Route 26 : 510 1639 904 3639 2904 2510 19 574 1305 2019 3305 2574 1268 62 3268 1650 3650 2062 681 1811 468 3811 2681 2468 1315 3315 879 2879 1891 3891
Route 27 : 1495 302 2302 3495 1635 1427 3635 376 1326 141 3427 2376 1939 3326 2141 3939 997 2997 1146 842 3146 1663 3663 2842 1033 1099 1216 3033 3099 3216
Route 28 : 819 1333 644 3333 2819 587 2644 2587 1196 237 2237 3196 1508 1051 3051 1816 3508 549 2549 1261 144 2144 3261 1450 3450 3816 1959 446 3959 2446
Route 29 : 11 487 2011 88 2088 1121 2487 3121 810 1091 3091 2810 95 1871 2095 1237 8 3871 3237 2008 147 1781 3781 1383 3383 2147 1617 3617 1701 3701 913 2913
Route 30 : 52 2052 356 799 2356 1131 2799 3131 1107 3107 1752 1388 3388 1133 3752 735 3133 1928 3928 2735 878 889 78 2889 2078 2878 1889 3889
Route 31 : 1206 632 2632 1724 1807 1048 3724 1402 3048 3807 3402 966 2966 782 1414 2782 3414 1140 3140 154 430 2430 2154 1533 1578 3533 1395 3578 3395 3206
Route 32 : 953 1318 2953 3318 87 1985 2087 1714 3714 517 3985 304 2517 2304 1070 3070 1 2001 67 1248 3248 2067 1203 1869 1955 3869 3955 3203
Route 33 : 1279 679 81 2679 110 2081 1677 1417 3279 3417 3677 1557 2110 3557 1028 1493 1463 3028 3463 1008 3493 1422 3008 204 2204 3422 625 387 2387 2625
Route 34 : 1424 121 495 3424 2495 1327 2121 3327 1433 3433 826 1229 1014 2826 3229 3014 824 2824 1113 3113 902 296 976 2296 7 2902 2976 2007
Route 35 : 923 2923 511 790 2511 233 2790 1155 126 2233 1321 3155 2126 762 1877 3321 2762 740 2740 3877 1945 485 3945 2485 1675 1839 3675 3839
Route 36 : 1432 705 2705 3432 1884 3884 1947 3947 1770 1968 3968 1746 3746 3770 1913 1173 3913 772 3173 1057 2772 1068 570 3057 3068 2570 348 1550 2348 3550
Route 37 : 1007 1377 3007 1122 3377 3122 1102 817 2817 3102 1393 188 3393 2188 1646 3646 1441 3441 664 689 2664 2689 784 702 691 2702 2784 2691
Route 38 : 519 670 2519 2670 1000 3000 551 754 759 2754 2551 1231 2759 3231 698 381 861 946 2861 1866 2698 2946 3866 1672 3672 1972 2381 3972
Route 39 : 572 881 2881 379 2379 29 2572 1962 1442 3442 2029 1142 3962 3142 37 1135 2037 1652 3135 3652 1482 1510 3482 916 2916 372 2372 1711 3510 3711 821 2821
Route 40 : 1569 3 3569 1076 2003 122 3076 1187 1920 3920 3187 1561 428 2428 2122 3561 297 2297 1409 1437 532 2532 454 3409 3437 1610 2454 3610 778 2778
Route 41 : 633 979 837 2633 57 2979 129 2837 2057 392 2129 802 2392 1111 2802 1431 839 2839 227 3431 2227 1029 3029 1896 23 3111 3896 2023
Route 42 : 858 1836 3836 584 2858 1573 3573 1583 2584 1256 1472 3256 3583 316 3472 845 2316 386 2386 2845 1679 556 3679 2556 883 1776 3776 38 2038 2883
Route 43 : 553 2553 219 2219 852 1609 2852 1774 3609 786 3774 2786 1204 676 2676 3204 1872 207 2207 1303 3303 1847 3847 1986 3986 1743 3743 3872 394 2394
Route 44 : 1951 3951 727 390 2390 202 2727 2202 544 2544 69 527 2069 1710 780 3710 2527 1073 2780 1980 3073 3980 901 998 2901 194 2998 383 2194 2383
Route 45 : 1461 1668 3461 3668 538 1865 2538 920 1853 3853 3865 2920 530 2530 166 1420 2166 748 46 1492 3420 3492 2748 2046 1641 3641 1734 404 3734 2404 218 1586 2218 3586
Route 46 : 1157 991 3157 2991 1276 3276 399 483 2399 2483 360 2360 1298 806 3298 2806 613 652 2652 109 2109 2613 132 1862 2132 937 3862 2937
Route 47 : 1411 927 3411 2927 1546 865 3546 2865 222 2222 1826 944 3826 2944 96 875 2875 2096 433 1124 1180 3180 3124 2433 1961 1749 3749 1685 3961 3685
Route 48 : 1171 1664 3664 3171 192 694 2694 1941 2192 653 3941 2653 1823 209 3823 1084 2209 1577 3084 3577 1957 1112 3112 1511 3957 3511 1010 1616 3010 3616
Route 49 : 1093 1473 3473 1925 3093 1706 3925 728 1211 2728 1832 3706 3211 3832 766 1438 2766 1483 3438 1144 957 3483 1967 3144 391 3967 2391 1090 3090 2957
Route 50 : 893 1086 327 3086 2327 835 2835 1748 3748 1678 3678 2893 921 45 827 2921 2045 2827 936 1938 494 2936 2494 500 2500 3938 612 63 2612 2063
Route 51 : 1205 3205 1830 3830 139 764 221 2139 2764 77 2221 962 2962 2077 1223 505 2505 507 1059 3223 2507 1412 3412 66 3059 1960 2066 3960 140 2140
Route 52 : 1549 498 3549 2498 970 1930 2970 822 2822 982 3930 2982 1618 3618 1842 123 236 2236 3842 1693 2123 1540 3540 3693 658 1988 2658 3988
Route 53 : 1050 160 3050 996 2160 504 2996 542 2504 629 2542 1591 3591 43 2629 30 1079 2030 3079 2043 550 2550 838 1681 2838 1281 3281 3681 6 393 2006 2393
Route 54 : 779 98 287 2098 2779 2287 724 156 2724 2156 375 1622 3622 2375 133 2133 623 832 2832 2623 255 1202 3202 2255 226 1751 3751 2226
Route 55 : 885 447 2885 2447 1747 3747 1257 951 3257 2951 119 1095 3095 518 2119 989 2989 1624 986 3624 2986 1764 2518 3764 1233 1696 3233 3696
Route 56 : 1313 1530 3530 661 2661 3313 1496 2000 3496 4000 333 2333 1875 836 3875 253 2253 27 2027 270 2836 1563 3563 1611 3611 1665 3665 1758 2270 924 3758 288 2288 2924
Route 57 : 1137 608 2608 3137 314 2314 180 1958 1423 2180 1227 3423 3958 3227 1141 742 3141 2742 168 2168 895 1392 2895 3392 243 624 593 2593 2243 2624
Route 58 : 1554 1621 438 2438 3554 586 3621 2586 120 693 2693 491 2120 1894 2491 3894 1782 911 1061 1265 3061 3265 2911 1044 3782 1355 3355 3044 292 2292
Route 59 : 1267 3267 733 552 1931 2552 2733 1312 3931 3312 1502 3502 345 741 2741 2345 1182 673 2673 3182 1772 3772 531 1571 2531 1883 3571 3883 1375 3375
Route 60 : 1348 1721 208 3721 3348 290 2208 177 2290 2177 49 2049 1840 3840 1189 1905 3905 189 3189 2189 636 1500 2636 3500 1328 301 3328 1755 2301 3755
Route 61 : 1151 1368 797 3151 3368 956 2797 1366 939 2956 1485 2939 3366 3485 769 663 2769 442 1430 2442 2663 3430 199 48 2199 1198 1372 3372 2048 3198
Route 62 : 1824 915 3824 2915 1212 1912 3212 3912 1952 229 3952 2229 272 2272 877 1600 3600 1584 3584 1214 2877 3214
Route 63 : 1447 3447 1147 3147 1384 431 3384 846 2431 367 2846 2367 1507 3507 1253 232 3253 2232 1976 1682 3682 3976 671 1114 2671 1525 1567 3567 1881 3114 3525 3881
Route 64 : 265 1379 2265 321 3379 2321 1892 1054 3054 3892 149 182 315 2149 2315 2182 1419 654 3419 579 14 2654 2014 1684 3684 2579 1942 3942 1642 3642
Route 65 : 905 2905 1531 3531 250 1858 3858 2250 118 2118 708 618 2708 529 2618 2529 830 912 1518 2912 977 3518 164 2977 2164 1425 606 2606 3425 2830
Route 66 : 55 1965 1726 2055 3965 555 3726 2555 71 1024 2071 3024 451 2451 1532 1197 3532 1559 3559 973 2973 1285 3197 3285 203 1820 2203 3820 414 627 2414 2627
Route 67 : 703 554 2554 2703 1042 380 3042 1274 3274 2380 1075 1707 3707 3075 1579 1804 3579 3804 124 640 2124 2640 639 2639 859 1516 174 3516 2174 2859
Route 68 : 562 1895 2562 1215 3895 3215 1803 1686 3803 3686 828 1387 2828 84 3387 2084 1499 1436 3499 1598 3436 405 3598 2405 611 131 254 2131 2254 2611
Route 69 : 116 1067 3067 2116 928 2928 1541 1619 3541 3619 1160 1385 3160 312 3385 1074 2312 3074 115 2115 1022 1813 3022 3813 179 1649 3649 2179 646 2646
Route 70 : 1100 931 2931 1660 239 3100 3660 215 2239 2215 1779 1082 615 3779 2615 1943 3082 833 605 2833 2605 323 2323 1490 3490 496 2496 1903 3903 3943
Route 71 : 1671 1374 3671 710 3374 1841 2710 1778 3841 1879 1218 3879 3778 283 3218 1246 2283 1885 3885 3246 90 2090 1723 3723 1924 1401 3924 420 3401 2420
Route 72 : 1716 419 3716 2419 773 1030 2773 307 3030 2307 1319 395 3319 2395 1062 3062 1809 546 3809 738 2738 25 2025 514 2546 582 2582 2514 165 142 2165 2142
Route 73 : 1445 3445 621 363 820 2363 2820 2621 47 308 2047 2308 825 849 2825 1950 2849 3950 1063 1666 3063 3666 637 938 2938 303 2303 2637 749 2749
Route 74 : 1732 1548 3548 1110 3732 64 3110 899 2064 2899 947 1145 246 2947 2246 3145 520 94 2094 935 343 2520 2343 2935 1283 3283 389 337 2389 2337
Route 75 : 425 1243 1104 2425 3243 3104 1060 5 3060 2005 617 1725 2617 3725 657 277 306 2657 2277 815 1857 2815 3857 2306 1038 3038
Route 76 : 547 1851 2547 274 2274 3851 516 1818 2516 3818 930 751 2930 2751 1854 1174 3854 1790 3174 481 3790 2481 1116 3116 1575 3575
Route 77 : 4 1005 2004 1643 92 1765 3005 2092 855 634 2855 3765 3643 2634 1908 1139 3908 767 2767 3139 1167 949 1381 3167 3381 700 2700 2949
Route 78 : 240 2240 1815 1270 3270 3815 1488 1467 3488 1418 3467 3418 1806 1946 3806 3946 1350 3350 1916 1551 811 3551 2811 3916 223 2223
Route 79 : 150 247 1149 2247 2150 3149 426 1316 2426 3316 1695 9 3695 2009 268 870 2268 2870 701 2701 1304 1238 3304 1634 3634 526 3238 2526 257 2257
Route 80 : 1911 248 3911 506 2248 385 2385 2506 1230 1158 3158 340 3230 2340 603 325 2603 2325 1347 666 2666 3347 1863 3863 1991 1175 3991 3175 1933 3933
Route 81 : 1429 1108 3108 214 2214 3429 1179 3179 190 2190 309 2309 1325 1456 298 3325 2298 3456 1478 3478 1249 964 3249 2964
Route 82 : 1603 1918 3603 591 2591 3918 1115 3115 50 143 2050 1973 2143 1689 3973 926 3689 1045 660 1520 3520 2660 3045 1512 3512 2926 1127 647 2647 3127
Route 83 : 1814 406 2406 3814 894 1620 2894 99 3620 2099 1528 1784 978 3784 402 3528 2978 1306 2402 3306 800 1477 3477 2800 35 1741 2035 486 2486 3741
Route 84 : 841 2841 251 2251 458 1309 682 3309 2458 2682 170 1484 1761 3484 3761 2170 851 22 317 2851 100 2022 2317 2100 107 2107 1750 3750
Route 85 : 1352 1979 3352 1560 3560 3979 1780 793 3780 2793 1301 439 3301 1802 2439 3802 1009 364 2364 3009 171 1349 1581 2171 3581 3349
Route 86 : 1126 1039 3039 482 3126 1354 3354 1083 2482 1143 3083 3143 429 2429 577 561 2577 850 2561 2850 1240 320 2320 3240 1413 1799 3413 3799 814 2814
Route 87 : 1900 1072 3072 1239 444 2444 3900 3239 1744 1861 3861 1898 3744 668 3898 599 2599 1565 2668 3565 1669 630 3669 388 2388 2630 1904 539 3904 2539
Route 88 : 475 440 2475 2440 1190 594 3190 1016 2594 1217 3016 3217 1856 437 3856 868 2868 2437 1386 1719 3386 1480 3719 3480 97 1737 3737 823 2097 2823
Route 89 : 589 480 712 2712 2589 2480 678 1998 2678 571 3998 866 2571 335 365 2866 2335 524 2365 1471 349 3471 355 2524 2355 2349 1244 3244
Route 90 : 650 2650 1982 3982 1015 757 3015 2757 641 412 2412 2641 1555 1132 3132 1661 3555 3661 1768 3768
Route 91 : 244 1657 3657 2244 952 2952 628 1629 2628 1535 3629 1984 760 2760 3535 843 1753 3753 1460 2843 588 3460 2588 3984 371 2371 305 1927 2305 3927
Route 92 : 610 1731 258 2610 3731 2258 568 2568 1859 1094 3859 3094 1317 995 3317 2995 787 1537 1336 85 3336 3537 2085 2787 1736 135 3736 1708 3708 2135
Route 93 : 1440 1457 3440 3457 774 334 2334 2774 1523 1339 3523 3339 522 2522 1006 1444 3006 3444 167 816 1829 2816 2167 3829
Route 94 : 1703 1300 3300 477 415 2477 3703 2415 713 684 2713 1515 2684 1426 3515 1509 3509 1940 3426 40 2040 3940 417 1582 2417 1915 3582 3915
Route 95 : 1580 1983 3983 737 3580 1604 2737 540 3604 753 2540 2753 1564 3564 1505 847 1728 2847 3505 3728 1224 1969 1769 3969 3224 264 3769 1241 3241 2264
Route 96 : 1656 3656 1109 626 2626 3109 332 1594 2332 3594 421 795 2421 1369 2795 565 3369 366 2366 1166 3166 2565 1893 1193 3893 3193
Route 97 : 770 2770 1064 235 2235 3064 721 1667 2721 3667 130 266 2130 1462 3462 1630 2266 1760 3630 492 3760 1739 3739 2492 1503 1793 3503 765 3793 2765
Route 98 : 558 378 2378 1487 1129 2558 3129 880 1992 2880 3992 3487 1637 1845 3637 3845 24 1906 3906 2024 1435 648 2648 1389 3435 3389 423 1474 3474 2423 597 2597
Route 99 : 752 1788 2752 1890 3788 3890 1454 3454 1251 1040 3251 1975 3975 434 3040 31 1294 2031 2434 3294 980 914 2980 2914 1527 3527 1506 3506
Route 100 : 1849 83 2083 3849 1994 726 2726 734 3994 1264 2734 714 3264 1687 2714 1633 1720 3720 3687 3633 1552 592 3552 929 2592 2929 1330 3330
Route 101 : 1465 322 2322 319 2319 3465 1715 3715 1817 3817 18 1926 2018 359 2359 3926 28 1092 1745 3092 197 2028 3745 1001 2197 354 687 2687 2354 3001
Route 102 : 455 2455 675 1278 2675 443 2443 3278 1177 1479 3177 1178 3479 677 3178 2677 1302 1625 999 2999 3302 3625 1873 1688 3688 3873 1757 3757 1615 3615
Route 103 : 578 2578 548 715 1792 2548 2715 1648 3648 1323 1172 3792 3172 3323 963 642 2642 2963 1612 1407 3407 1887 3887 509 2509 1043 3043 1307 3307 3612
Route 104 : 1536 649 3536 1556 2649 3556 261 2261 1314 521 3314 1164 2521 158 3164 1519 3519 645 2645 2158 1767 1371 3767 690 3371 2690 347 2347 1627 3627
Route 105 : 616 656 2616 1759 958 2656 2958 3759 1466 909 3466 2909 1517 3517 1025 3025 1273 3273 230 2230 1356 1221 1031 3356 882 3031 3221 34 2882 2034
Route 106 : 955 580 2955 900 2580 2900 1012 1846 127 3012 2127 3846 238 68 2068 2238 228 1299 3299 2228 1864 1566 3864 3566 896 346 2896 910 2910 2346
Route 107 : 79 1844 3844 1613 2079 3613 159 604 252 2159 1936 2252 201 2201 3936 1434 2604 1717 3434 3717 424 1380 2424 1810 3380 768 3810 1400 2768 3400
Route 108 : 33 685 2033 535 2535 1542 2685 1080 934 3542 474 3080 1106 2474 2934 1046 1486 3106 3486 3046 489 1989 2489 3989 1138 1712 3712 1812 3138 3812
Route 109 : 152 1470 513 2152 3470 2513 1897 987 3897 411 2411 1805 2987 3805 1592 1208 3592 1605 3208 1055 3055 279 175 3605 2175 1538 2279 1704 3704 3538
Route 110 : 1843 1286 396 2396 3843 1037 3286 3037 981 1183 3183 1568 2981 3568 1199 1526 3199 1647 3526 655 3647 2655 886 1222 2886 1756 3222 3756
Route 111 : 1593 3593 117 1200 3200 1236 744 2117 2744 1670 3236 3670 1702 1923 3923 3702 41 1697 2041 707 499 2707 3697 2499 1773 1443 3773 3443
Route 112 : 1066 3066 1245 1553 3245 590 3553 2590 576 863 2576 2863 732 1733 2732 3733 1161 26 1376 3161 3376 2026 1534 3534
Route 113 : 1448 249 2249 112 2112 3448 1835 1638 3835 1186 3186 3638 1588 680 3588 2680 75 2075 585 1602 2585 51 3602 2051 1363 711 3363 1335 231 2711 2231 3335
Route 114 : 1997 1228 3228 3997 1449 1970 1078 3970 241 3078 1834 3449 3834 1085 3085 101 401 2101 2401 745 2745 2241 557 1867 2557 1654 3867 1280 1159 3654 3280 3159
Route 115 : 245 1341 263 2245 2263 1754 3341 1481 743 3754 3481 2743 413 1607 3607 463 2463 225 2413 153 2225 2153 750 1290 2750 53 3290 125 2053 2125
Route 116 : 948 1269 339 3269 2948 398 723 2398 2339 73 2723 1860 2073 3860 969 2969 145 259 2145 674 2674 812 2259 464 2812 2464 1828 887 3828 136 2887 2136
Route 117 : 1192 1909 925 3192 3909 2925 497 370 2370 1119 2497 3119 70 785 2785 1399 2070 148 3399 1428 2148 3428 1692 269 3692 2269
Route 118 : 2 943 183 2002 2943 2183 848 1953 2848 3953 1291 1786 3786 20 3291 2020 771 2771 908 1254 2908 3254 1262 528 3262 2528 1800 1077 3077 12 3800 2012
Route 119 : 459 2459 1766 350 3766 76 344 2076 2350 801 2344 2801 983 2983 1929 3929 1351 3351 86 278 2086 2278 484 2484 688 102 2688 2102 1691 3691
Route 120 : 1096 1338 3096 3338 692 984 2692 1382 2984 3382 184 803 2184 1234 3234 2803 1397 211 2211 374 3397 2374 1838 1421 3421 722 2722 569 3838 1451 3451 2569
Route 121 : 103 1850 2103 330 2330 1932 502 3932 2502 3850 798 310 2798 1069 2310 1614 3069 3614 508 573 2573 1410 2508 3410
Route 122 : 1163 541 3163 1123 2541 3123 783 2783 1489 172 2172 3489 1504 3504 65 2065 874 242 2874 2242 32 2032 353 600 2600 2353 1971 3971
Route 123 : 1662 3662 368 1855 2368 271 2271 1150 3150 1954 3855 1944 1833 3833 3944 1004 3954 601 758 3004 2601 382 2758 1185 2382 3185 1999 3999
Route 124 : 992 1589 805 3589 2992 2805 1683 1987 3683 3987 61 216 2216 2061 17 16 2017 669 2669 2016 862 2862 1608 1775 3608 3775 1455 3455
Route 125 : 469 2469 452 2452 1626 3626 1446 326 2326 1322 3446 3322 1342 3342 890 620 2620 2890 217 2217 1263 1018 3018 3263 1165 791 3165 2791
Route 126 : 1405 1156 3405 3156 329 441 2329 281 2281 1378 2441 3378 1722 3722 941 1934 3934 954 2941 1210 1674 3210 2954 1207 3674 3207 275 2275
Route 127 : 1396 3396 922 560 2560 478 2922 2478 89 2089 1152 959 2959 3152 134 479 1247 2479 2134 476 2476 3247 1870 781 1416 2781 3870 3416
Route 128 : 1310 1367 1494 3310 3494 3367 736 1331 3331 2736 974 2974 1452 683 3452 1974 3974 2683 1011 1277 3277 1901 3011 3901 1831 3831 739 888 2739 2888 1576 3576
Route 129 : 940 82 2940 933 2082 104 1795 2933 3795 534 2534 2104 1562 3562 1329 186 3329 2186 1408 1360 3408 807 3360 1995 3995 2807
Route 130 : 151 2151 36 1226 2036 1053 3053 3226 1334 3334 1340 876 3340 1357 3357 2876 892 1596 2892 635 3596 2635 1153 536 3153 2536 1201 1899 3899 3201
Route 131 : 1235 1287 3235 3287 293 162 2293 1676 2162 3676 1188 1922 3188 3922 719 515 2719 1019 2515 15 3019 1464 2015 3464
Route 132 : 185 59 2185 1337 3337 471 2059 1949 3949 2471 1049 1272 3272 1981 3981 3049 1032 80 2080 1910 3032 3910 1547 1194 3547 114 3194 2114
Route 133 : 291 1570 3570 1361 731 3361 631 2731 2291 2631 950 1763 3763 467 2950 2467 1041 501 3041 416 2416 2501 1966 777 2777 3966
Route 134 : 1658 794 2794 3658 834 358 2834 2358 1458 362 2362 3458 1118 672 3118 1308 2672 763 3308 2763 1880 3880 462 1259 3259 2462
Route 135 : 1125 1514 3125 176 3514 2176 1023 3023 1275 3275 1220 1003 3220 1659 3659 3003 427 614 2614 2427 1345 3345 960 408 2960 2408 1521 213 3521 2213
Route 136 : 537 831 2537 2831 1148 1296 3148 3296 891 1232 2891 796 2796 1117 1543 3117 3232 1344 3543 1394 3344 3394 206 2206 1498 3498 21 2021
Route 137 : 1902 3902 840 651 994 2840 2651 602 2994 1087 3087 13 2602 1738 2013 3738 200 2200 1917 919 3917 2919 473 1956 3956 583 2473 2583
Route 138 : 1169 282 3169 2282 1353 3353 490 1699 3699 2490 299 903 2299 1727 3727 2903 1373 1035 3373 1558 3035 3558 1921 1963 3963 3921
