Instance name : ber-n1500-4
Authors       : BIG3 - Dmitriy Yampolskiy, Egor Nikolaev and Daria Savina. Smart Logistics Point by the BigThree team (big3.ru).
Date          : 2025-04-22
Reference     : BigThree team (big3.ru)
Solution
Route 1 : 55 566 805 1316 341 80 830 1091 743 535 1285 418 1168 1493 599 231 981 1349 610 1360 550 437 1300 611 1361 1187 184 934 578 1328 89 726 702 1452 1476 839 349 109 1099 859 175 14 925 42 764 715 237 792 197 1465 987 947
Route 2 : 500 728 1478 1250 594 1344 707 631 361 1457 1381 314 1064 517 1111 204 954 1267 311 304 183 933 6 756 1061 139 8 758 889 1054 659 401 1151 488 1238 439 263 1189 1013 12 325 1409 426 762 1176 1075 452 1202 741 1491
Route 3 : 536 255 1286 1005 219 146 245 896 241 991 198 969 948 995 25 259 1009 775 135 222 972 885 648 691 1398 306 1441 1056 737 723 1487 454 338 1088 1204 250 1473 1000 73 628 168 918 823 339 1089 1378
Route 4 : 115 574 865 1324 258 548 1298 456 1008 1206 205 344 1094 212 955 532 1282 962 725 226 1475 976 406 201 194 1156 172 944 951 922 682 1432 519 1269 269 1019 625 692 1375 26 776 673 1442 1423 382 1132 185 935
Route 5 : 516 200 353 1266 950 1103 148 48 606 798 553 556 1356 1303 108 858 1306 898 747 310 1060 531 1281 36 786 661 1497 1411 445 1195 709 397 1147 106 856 405 1155 69 1459 614 163 1364 913 819
Route 6 : 23 193 943 773 421 128 1171 878 580 131 313 881 1330 246 996 1063 59 809 87 663 1413 159 528 909 1278 292 837 1042 174 924 15 315 1065 150 900 373 765 705 1455 1123
Route 7 : 244 994 233 113 863 569 558 1319 983 236 619 1308 690 1369 1440 342 986 103 1092 698 643 853 1448 1393 290 98 1040 612 96 846 1362 39 848 789 107 554 83 857 1304 669 323 1419 1073 833 629 1379
Route 8 : 308 228 355 1105 1058 391 268 978 1141 750 330 1080 1500 317 1018 493 1067 544 58 1243 142 892 94 808 844 1294 711 484 27 1461 777 408 1234 1158 92 348 438 842 1098 1188 708 296 1458 1046
Route 9 : 662 1412 510 585 1335 208 958 1260 680 511 1261 1430 232 252 1002 114 864 459 1209 538 982 1288 586 398 1148 28 778 1336 284 1034 365 636 1115 1386 51 70 820 240 990 801
Route 10 : 494 1244 384 79 431 1134 138 1181 888 829 298 565 1048 1315 482 1232 29 388 47 1138 797 443 623 779 261 1193 295 547 1373 613 1297 1011 1363 334 621 102 1045 399 1371 1084 645 852 1395 1149
Route 11 : 485 499 512 1235 1262 1249 395 243 1145 75 688 993 123 825 1438 873 211 52 961 84 634 1384 802 675 834 641 1391 1425 386 513 171 1263 665 921 1415 1136 299 601 1049 1351
Route 12 : 722 282 1032 1472 149 4 899 754 170 920 412 155 905 1162 5 57 807 62 755 93 812 843 143 124 893 374 874 1124 731 1481 145 895 551 622 1301 1372 40 480 790 1230 54 19 804 769
Route 13 : 140 572 497 1247 590 890 419 1169 626 1376 684 1340 192 1434 110 942 78 436 828 860 462 1212 262 1186 1322 736 1012 525 1486 455 1275 33 541 1291 1205 748 783 266 367 463 1117 1016 555 1498 1305 1213 444 214 964 1194
Route 14 : 429 501 265 1179 1015 654 600 1404 1350 1251 82 832 3 235 11 761 409 642 753 595 985 1159 1392 77 466 1345 1216 827 186 253 1003 248 936 998 403 545 1295 724 1153 1474 260 1010
Route 15 : 495 336 1086 1245 234 416 320 1166 984 275 1025 88 701 1451 1070 838 729 522 1479 10 1272 760 377 449 1127 224 974 1199 496 1246 422 1172 366 1116 288 1038 368 1118 147 257 897 1007
Route 16 : 49 216 616 559 966 799 1309 1366 238 988 60 129 810 879 563 1313 188 605 1355 938 498 413 117 1163 720 867 21 771 1248 1470 221 46 971 363 1113 796 689 392 1142 1439
Route 17 : 740 376 1126 596 1490 1346 378 279 1128 483 176 1029 926 1233 712 343 1093 351 1462 410 272 1101 1160 735 1485 1022 352 598 1348 543 1102 1293 475 100 1225 247 850 471 1221 997
Route 18 : 276 1026 677 719 1427 1469 307 1057 50 217 967 294 534 800 287 1044 1284 1037 394 120 651 1401 870 1144 76 508 826 371 1258 620 303 1121 727 1477 640 1370 119 1053 1390 869 666 1416
Route 19 : 206 667 674 956 696 1417 256 1446 1006 1424 305 440 1190 1055 173 209 959 118 923 868 225 609 975 53 433 1359 1183 803 385 1135 137 887 333 423 650 1400 357 1083 1173 1107
Route 20 : 425 7 434 757 1184 196 946 507 1257 1175 277 189 939 190 658 1408 940 1027 254 64 814 1004 162 470 1220 912 130 151 901 229 557 880 156 979 906 286 1307 1036
Route 21 : 588 1338 121 644 657 871 582 1407 1394 1332 191 65 941 815 562 749 153 1312 1499 685 91 903 704 441 841 1454 1435 1191 213 417 963 476 584 44 1167 794 1334 526 1226 1276
Route 22 : 166 916 591 61 1341 576 811 316 1326 1066 389 362 1139 1112 157 271 1021 202 907 952 360 95 527 1110 845 1277 350 479 32 1100 1229 646 668 1418 1396 782 63 813
Route 23 : 561 133 1311 883 630 487 1237 1380 745 1495 393 481 1231 1143 604 1354 66 312 816 465 515 1062 105 1265 1215 521 855 577 1327 1271 324 38 734 788 1074 1484
Route 24 : 278 223 356 1028 973 568 267 1318 285 1106 697 1035 283 1017 1447 1033 18 653 467 414 1403 768 1217 1164 567 738 1317 549 1488 1299 671 126 442 876 592 1421 346 1342 560 602 1310 1352 1096 1192 111 861 717 1467 116 866
Route 25 : 404 523 1154 652 1402 1273 570 746 502 1252 1496 1320 1 273 1023 300 730 751 1480 390 1050 1140 383 161 911 17 1133 518 420 1170 1268 767 195 945 435 309 1185 1059 649 1399
Route 26 : 321 1071 375 474 733 264 1224 1014 581 1125 1331 1483 706 430 1456 457 1207 1180 249 203 999 504 953 1254 486 575 1325 679 293 1429 1236 447 1043 1197 239 989
Route 27 : 542 165 915 446 713 218 1292 968 1196 461 1463 182 716 1211 932 13 763 678 1466 396 1146 1428 340 322 1072 1090 43 793 503 1253 125 624 71 1374 821 875
Route 28 : 492 660 1242 710 744 1460 97 1410 1494 847 700 506 1450 583 1333 1256 358 1108 639 1389 530 1280 68 2 752 453 1203 818 274 56 806 104 90 854 41 1024 840 791
Route 29 : 332 1082 694 1444 74 824 632 1382 297 291 1047 1041 721 477 1471 451 1227 326 1201 458 1208 1076 448 627 1377 1198 478 210 1228 354 638 1104 960 1388 732 1482
Route 30 : 230 280 980 686 1436 618 687 302 1437 1052 1030 1368 372 328 1078 695 514 1122 1264 529 432 1445 127 1182 1279 540 877 1290 676 1426 242 635 992 86 1385 207 836 400 957 1150 424 1174 85 552 835 1302
Route 31 : 164 134 914 178 884 337 1087 683 1433 468 154 928 1218 904 524 158 672 1274 407 1422 319 908 1157 379 1069 699 460 1129 1210 1449 220 30 970 427 1177 780 714 1464 24 160 774 910 187 81 937 167 831 917 34 784
Route 32 : 402 1152 647 345 1397 1095 428 318 1068 509 1259 381 141 464 891 1214 1178 1131 179 929 473 251 505 1001 537 633 1223 1255 1383 1287 169 919 227 977 491 415 301 1165 331 1051 603 1241 1353 1081 364 1114 37 787
Route 33 : 579 329 1329 469 411 1219 546 472 1296 1222 112 1079 1161 862 718 1468 152 9 759 902 520 670 22 1420 1270 772 739 656 1406 1489 742 327 1492 1077 72 822 380 664 20 1414 1130 16 770 766
Route 34 : 335 637 597 564 573 1314 1347 1387 1085 369 144 894 136 1119 886 539 693 122 359 1443 872 289 1109 1289 593 1039 1343 703 607 35 1453 1323 785 1357 587 1337 589 199 571 949 1321 1339 31 781
Route 35 : 180 489 1239 281 181 930 1031 617 931 215 965 67 1367 615 817 681 177 927 45 1431 1365 490 387 795 1240 1137 655 370 99 1405 1120 849 101 851 132 270 882 608 1020 347 1358 533 1097 1283 450 1200
