Instance name : ber-n1000-5
Authors       : Dmitriy Demin, Mikhail Diakov (msd@veeroute.com), Ivan Ilin, Nikita Ivanov, Viacheslav Sokolov (vs@veeroute.com) et al. VRt Global (https://veeroute.com/)
Date          : 2023-04-24
Reference     : veeroute.com
Solution
Route 1 : 216 303 305 805 803 236 716 736
Route 2 : 431 53 425 269 931 925 553 769
Route 3 : 497 144 364 644 139 864 997 232 639 732
Route 4 : 419 103 395 919 214 603 895 714
Route 5 : 194 9 694 259 759 509 78 578
Route 6 : 60 495 343 560 843 480 995 141 980 641
Route 7 : 245 85 745 71 585 571
Route 8 : 204 439 228 939 704 728 365 865
Route 9 : 286 202 310 786 296 702 810 796
Route 10 : 409 412 177 912 909 41 99 541 599 677
Route 11 : 472 485 972 279 985 779 268 411 768 911
Route 12 : 402 902 312 47 321 547 176 264 821 676 812 764
Route 13 : 34 114 377 534 50 614 550 877
Route 14 : 20 27 527 520
Route 15 : 238 738 357 206 115 857 706 18 615 518
Route 16 : 77 288 440 577 192 940 788 692
Route 17 : 123 354 854 623 218 121 718 621
Route 18 : 452 160 13 6 952 660 171 513 671 506
Route 19 : 45 33 15 545 533 344 515 30 844 530
Route 20 : 496 369 996 869 302 169 802 669
Route 21 : 185 191 685 221 136 400 636 900 691 721
Route 22 : 52 278 778 493 552 140 213 713 640 993
Route 23 : 320 124 110 820 152 652 345 624 845 610
Route 24 : 461 250 961 223 723 750 306 79 579 806
Route 25 : 275 189 689 775 134 634 453 131 953 631
Route 26 : 186 451 686 338 951 838 181 358 681 858
Route 27 : 334 162 486 834 262 2 502 986 662 762
Route 28 : 235 108 735 207 608 40 540 707
Route 29 : 403 293 118 793 903 174 351 618 674 851
Route 30 : 339 284 374 784 215 839 715 874
Route 31 : 498 445 226 128 945 628 998 247 726 747
Route 32 : 347 294 201 470 794 701 383 970 847 883
Route 33 : 158 93 658 327 12 593 827 512
Route 34 : 260 196 760 292 792 39 696 539
Route 35 : 122 42 468 418 968 622 542 918
Route 36 : 91 212 591 258 492 712 758 992
Route 37 : 16 101 17 517 601 516
Route 38 : 163 663 149 211 649 386 711 886
Route 39 : 447 404 904 315 98 598 947 471 815 971
Route 40 : 304 426 804 926 463 963 95 595
Route 41 : 482 106 982 59 606 488 559 430 988 930
Route 42 : 200 35 700 156 464 964 233 535 656 733
Route 43 : 178 337 678 483 983 164 837 664 287 787
Route 44 : 227 427 332 927 299 832 727 799
Route 45 : 51 146 646 551 421 72 921 135 635 572
Route 46 : 125 407 307 907 417 917 625 807
Route 47 : 295 297 795 117 489 797 617 76 576 989
Route 48 : 257 341 65 565 757 469 113 841 145 645 613 969
Route 49 : 138 130 630 638 340 229 252 729 752 840
Route 50 : 26 350 179 526 500 478 850 679 978 1000
Route 51 : 490 283 990 385 783 435 885 935
Route 52 : 368 148 648 184 31 868 531 684 317 817
Route 53 : 83 329 261 583 328 761 829 379 879 828
Route 54 : 243 129 475 313 629 975 743 813
Route 55 : 8 46 487 546 508 987 74 574
Route 56 : 82 234 582 84 346 734 363 846 584 863
Route 57 : 87 36 587 444 536 336 944 58 836 558
Route 58 : 285 371 100 785 600 871 56 225 725 556
Route 59 : 5 384 405 406 75 884 505 906 905 575
Route 60 : 398 437 22 937 348 898 414 848 522 914
Route 61 : 63 563 49 454 157 657 954 549
Route 62 : 415 267 289 915 767 438 423 923 789 938
Route 63 : 466 107 81 966 607 581 484 984
Route 64 : 199 276 55 776 699 467 491 991 555 967
Route 65 : 413 203 24 703 913 319 524 120 819 620
Route 66 : 391 408 908 891 62 248 748 562
Route 67 : 436 936 151 356 856 378 651 878
Route 68 : 316 330 142 816 830 222 722 642
Route 69 : 205 126 705 449 949 399 626 64 899 564
Route 70 : 239 739 166 109 666 609
Route 71 : 474 974 44 255 326 544 826 10 755 510
Route 72 : 173 32 673 532 416 494 916 127 994 627
Route 73 : 373 132 632 187 90 687 873 590 311 811
Route 74 : 420 154 654 920 37 537
Route 75 : 246 375 270 770 746 353 875 360 853 860
Route 76 : 197 697 183 434 38 934 683 54 554 538
Route 77 : 153 370 870 653 392 251 892 271 751 771
Route 78 : 7 89 422 507 195 695 240 922 589 740
Route 79 : 175 675 25 352 525 210 852 710
Route 80 : 254 754 456 68 956 29 529 393 568 893 458 958
Route 81 : 220 324 80 720 824 580 429 929
Route 82 : 119 241 159 741 619 282 659 782
Route 83 : 73 390 573 242 890 376 742 876
Route 84 : 97 410 597 280 780 910 394 894
Route 85 : 111 23 523 231 731 244 744 611 190 690
Route 86 : 362 462 962 150 300 193 800 650 862 693
Route 87 : 182 682 460 28 11 528 511 209 960 709
Route 88 : 479 433 217 230 730 933 979 355 717 855
Route 89 : 318 253 753 168 668 380 818 256 880 756
Route 90 : 298 48 548 1 798 19 501 519
Route 91 : 428 459 277 928 112 777 959 612
Route 92 : 88 237 342 842 588 441 941 737 86 586
Route 93 : 180 92 680 170 281 592 781 359 859 670
Route 94 : 455 955 165 43 543 665
Route 95 : 382 424 882 155 432 932 655 924
Route 96 : 208 457 957 198 708 476 3 698 503 976
Route 97 : 96 61 465 161 561 965 596 349 661 849
Route 98 : 219 335 4 835 263 309 809 504 763 719
Route 99 : 448 21 104 948 477 521 604 977
Route 100 : 274 774 443 325 825 323 823 943 69 569
Route 101 : 388 94 594 446 888 333 946 833
Route 102 : 308 301 331 801 499 999 831 137 808 637
Route 103 : 224 172 322 724 265 672 822 765
Route 104 : 361 861 442 143 387 643 942 887
Route 105 : 188 688 367 167 366 290 667 867 866 790
Route 106 : 102 389 602 473 481 973 70 981 889 381 881 570
Route 107 : 314 57 401 901 557 814 147 133 647 633
Route 108 : 67 567 66 273 450 566 773 116 616 950
Route 109 : 372 291 791 249 872 14 749 514
Route 110 : 266 105 272 766 772 397 396 897 605 896