Instance name : ber-n2000-3
Authors : Simen T. Vadseth, Henrik Andersson, Jean-Francois Cordeau and Magnus Stålhane
Date : 10.07.2023
Reference : TBA
Solution
Route	1 :  57 140 38 1057 1140 525 1038 768 1768 198 1198 1525
Route	2 :  79 314 1314 1079 39 388 40 1388 1040 234 1039 1234
Route	3 :  684 459 1684 1459 842 1842 306 896 420 1306 362 1420 1896 1362
Route	4 :  579 716 107 1579 1716 1107 502 701 1502 441 178 1441 1701 1178
Route	5 :  548 335 665 1335 16 1665 702 1702 334 1334 1016 402 37 1402 1548 1037
Route	6 :  994 583 769 1994 456 1583 705 1705 457 1456 1769 1457
Route	7 :  901 642 309 1901 534 1642 628 1534 201 1628 1309 287 1201 1287
Route	8 :  179 1179 508 763 1763 1508 150 490 1490 1150
Route	9 :  507 658 1507 19 1658 491 1019 800 1800 206 1491 161 1161 1206
Route	10 :  539 992 1539 1992 232 889 1232 1889
Route	11 :  919 269 1919 230 1230 719 1719 1269 514 99 1514 371 1099 1371
Route	12 :  29 1029 985 538 1538 1985 611 270 68 1068 1611 1270
Route	13 :  596 100 940 1596 721 1100 1940 519 1519 1721 342 443 1443 1342
Route	14 :  556 939 412 1556 991 1939 70 1412 695 1070 1991 895 812 1695 1812 1895
Route	15 :  249 522 1249 119 835 1119 1522 552 1835 233 1552 1233
Route	16 :  32 196 108 1108 446 1032 1196 155 1446 227 1227 1155 959 1959
Route	17 :  281 972 821 1972 1281 259 831 1821 685 1259 1685 1831
Route	18 :  382 770 1382 608 324 1770 692 1692 1608 1324 857 1857
Route	19 :  418 1418 276 668 746 1668 1746 1276
Route	20 :  757 175 170 576 1170 1175 1576 807 1757 1807
Route	21 :  357 394 1394 260 8 1357 943 1260 797 1008 1797 1943
Route	22 :  45 879 993 1879 1045 960 1993 772 1772 426 1960 1426
Route	23 :  935 933 1933 1935 449 9 1449 1009
Route	24 :  339 486 641 1641 1486 961 1339 1961
Route	25 :  711 164 1711 577 425 1164 1425 1577
Route	26 :  148 480 818 1818 856 1148 572 1572 622 1480 1856 295 1622 1295
Route	27 :  389 656 329 1389 251 1329 222 1222 1251 1656 550 183 1183 1550
Route	28 :  368 563 679 376 1376 1368 1563 516 1679 828 1516 50 1828 1050
Route	29 :  750 601 1750 630 1601 160 1630 1160 483 1483
Route	30 :  922 404 982 1982 777 1404 1922 1777 792 1792
Route	31 :  503 482 114 27 1482 1114 1503 751 13 1027 1013 598 783 1751 1598 1783
Route	32 :  892 1892 444 610 1444 1610 105 199 1199 1105 597 1597
Route	33 :  930 273 1273 237 195 1237 849 1195 1930 429 1429 1849
Route	34 :  465 53 408 1465 614 1614 841 1053 815 1408 1815 1841 904 243 1904 1243
Route	35 :  285 603 1603 1285 492 487 1492 1487 524 132 1524 1132
Route	36 :  532 660 73 1660 253 194 1532 1194 806 1073 1806 927 1253 1927
Route	37 :  868 616 1868 1616 646 652 417 1646 7 1652 1417 1007
Route	38 :  697 626 308 1626 322 1697 1308 298 1298 870 1322 903 1903 1870
Route	39 :  238 76 1238 275 416 1076 158 1275 1416 67 1067 1158
Route	40 :  569 595 765 1595 1569 968 1765 1968 262 75 1262 1075
Route	41 :  24 1024 430 472 1472 131 1430 655 1655 1131
Route	42 :  218 704 1218 1704 581 619 1581 1619
Route	43 :  28 143 707 1028 1143 511 320 1707 372 1372 1511 197 1320 1197
Route	44 :  56 513 267 1513 1056 166 885 609 1267 1166 145 1885 1609 1145
Route	45 :  717 739 1717 1739 121 773 1121 485 427 1773 1485 952 1952 1427
Route	46 :  63 242 876 1242 291 1063 1876 186 916 1186 1291 1916
Route	47 :  207 657 694 1207 1694 796 1657 1796 506 1506
Route	48 :  113 365 1113 34 1034 435 1365 755 442 1435 1755 136 1442 917 1917 1136
Route	49 :  474 393 469 220 1474 1469 515 1393 1220 1515 635 826 1635 1826
Route	50 :  189 565 1189 245 802 1565 83 1245 905 1802 1083 1905
Route	51 :  23 115 1115 424 1023 1424 387 936 15 1387 1936 1015
Route	52 :  744 288 864 1288 1744 1864 401 853 1401 438 617 1853 1617 1438
Route	53 :  434 666 1666 1434 476 637 290 1290 1476 671 1637 1671
Route	54 :  86 1086 728 180 966 294 1180 566 1728 1294 1566 1966
Route	55 :  562 877 1562 1877 488 80 1488 1080 450 11 1011 1450 518 1518
Route	56 :  557 897 1557 65 1897 390 1390 924 1065 1924
Route	57 :  163 735 890 1890 674 1163 1674 600 1735 461 432 1461 1600 1432
Route	58 :  133 152 928 1152 1928 381 111 1133 559 1111 918 1918 1381 1559
Route	59 :  732 101 1732 976 1101 543 1976 1543 958 1958
Route	60 :  950 599 1599 967 1950 496 1967 592 1592 1496
Route	61 :  463 585 980 756 1756 874 1463 527 1585 1874 854 1527 1980 1854
Route	62 :  433 1433 165 820 1165 82 1820 908 1908 1082
Route	63 :  379 439 584 1584 216 1379 1439 893 78 1216 278 1078 1278 1893
Route	64 :  209 21 726 1726 1209 759 1759 909 1021 22 1909 1022
Route	65 :  315 813 1813 547 1315 349 504 1349 1504 776 1547 223 1223 1776 536 1536
Route	66 :  822 356 1822 1356 664 838 1838 1664 625 248 1625 1248
Route	67 :  255 670 653 279 1670 102 1653 1255 1102 1279 185 883 261 1185 1883 1261
Route	68 :  229 882 1229 130 678 1882 1130 649 1678 407 1407 947 1947 1649
Route	69 :  929 42 1042 766 1929 454 1766 1454
Route	70 :  224 54 1224 533 1054 578 1533 718 1578 318 93 1718 1318 1093
Route	71 :  466 451 85 252 1466 1085 941 1451 89 965 1089 1941 1965 1252
Route	72 :  192 1192 675 14 1014 676 804 1804 791 1791 1676 1675 378 1378
Route	73 :  839 363 1363 1839 786 816 730 1786 1816 171 1730 1171
Route	74 :  923 367 1923 833 448 1833 529 1367 97 1448 1529 1097
Route	75 :  829 551 594 1829 915 240 1594 1915 331 1331 1240 289 1551 1289
Route	76 :  845 205 91 1205 774 1845 1091 974 20 153 1020 1974 1774 1153
Route	77 :  84 156 1084 241 246 1246 1156 184 1241 593 733 1184 1733 351 1593 1351
Route	78 :  590 693 1590 575 682 1575 1693 1682
Route	79 :  458 104 1458 4 1004 1104 827 819 135 1135 1827 1819
Route	80 :  558 47 612 1047 1558 987 1612 1987
Route	81 :  103 473 999 1103 1473 787 359 1787 1 1001 1359 1999
Route	82 :  580 305 1580 740 1305 971 1740 898 1971 353 1898 1353
Route	83 :  809 239 1239 358 1809 911 386 541 1911 1358 268 18 1268 1386 1018 1541
Route	84 :  221 1221 764 35 621 687 1621 1035 1764 409 1409 1687
Route	85 :  310 445 1310 44 724 1724 871 1044 147 1445 667 1147 1871 1667
Route	86 :  767 219 1767 117 1219 906 997 1117 887 1887 1906 1997
Route	87 :  460 112 499 1112 1460 631 880 731 1631 1499 1731 1880 202 1202
Route	88 :  931 395 1931 560 1395 588 712 784 1560 453 1712 1588 1784 1453
Route	89 :  715 1715 191 659 177 118 1118 1191 1177 690 1690 66 1659 127 1066 1127
Route	90 :  109 1109 528 902 125 1902 688 1125 340 1528 1688 1340
Route	91 :  421 187 1421 753 1187 31 470 1031 1753 979 1470 1979
Route	92 :  17 545 1545 1017 265 920 1265 886 1920 564 1886 1564
Route	93 :  74 352 1074 747 1747 484 1352 703 1703 1484
Route	94 :  618 951 1951 212 1618 1212 300 344 366 1344 1300 30 627 1366 1030 1627
Route	95 :  582 639 1582 754 1639 873 1754 914 1873 1914 250 414 1414 231 1250 1231
Route	96 :  98 957 258 1098 852 254 1254 286 1957 1258 686 1852 1286 1686
Route	97 :  128 303 1128 1303 51 348 3 1003 1348 1051
Route	98 :  654 998 1654 663 1998 509 1663 1509 266 762 1266 1762
Route	99 :  606 437 1606 235 570 1235 1437 176 405 1570 1176 1405
Route	100 :  723 677 1723 988 1677 284 1284 214 1988 122 1122 1214
Route	101 :  591 77 1591 345 1077 808 1808 634 1345 228 1228 1634
Route	102 :  891 1891 338 986 1338 377 760 587 1377 1760 1986 1587
Route	103 :  921 837 1921 644 1837 1644 589 673 277 1589 1277 1673
Route	104 :  938 944 1944 741 1938 264 1741 863 1863 1264 859 1859
Route	105 :  781 225 1225 139 1781 510 403 1510 1403 1139
Route	106 :  244 549 706 945 1706 954 1549 1945 384 1954 468 1384 1244 1468
Route	107 :  848 844 146 1848 263 1263 544 1844 633 1146 142 1142 1633 1544
Route	108 :  90 280 1280 149 1090 385 1149 926 1926 1385
Route	109 :  129 843 937 662 1129 517 1843 1937 1662 452 307 1307 1517 1452
Route	110 :  369 59 1369 167 1059 661 1167 840 1661 934 1934 1840 126 1126
Route	111 :  894 1894 497 651 169 1169 71 1651 995 830 1497 1995 1830 1071
Route	112 :  836 137 977 1836 1977 949 1137 1949
Route	113 :  134 190 932 1190 144 1932 725 1144 962 1725 1962 36 1134 1036
Route	114 :  493 354 1493 963 1354 989 1963 1989 181 370 1370 1181
Route	115 :  571 567 1571 907 1567 226 1907 824 1226 396 397 1396 1824 1397
Route	116 :  878 168 1168 383 1878 478 1383 1478 680 1680
Route	117 :  553 862 1862 211 1553 990 823 1823 736 1211 1990 1736
Route	118 :  471 869 1471 795 293 1869 1293 1795 60 814 1060 1814
Route	119 :  62 10 700 1062 151 748 1748 1151 860 1010 805 1700 780 1805 1860 1780
Route	120 :  745 942 1745 683 120 374 1683 1942 537 1120 1374 778 1537 1778
Route	121 :  391 790 850 1391 87 1850 5 1087 1790 749 1005 1749
Route	122 :  350 174 1350 825 1825 867 1174 333 789 1789 523 1333 1867 1523
Route	123 :  782 573 521 1573 1782 364 1521 95 1364 106 1095 1106
Route	124 :  615 415 501 1615 1501 1415 975 332 1975 788 1332 1788
Route	125 :  729 162 217 256 1256 1729 710 1217 1710 1162 793 1793
Route	126 :  720 208 629 1720 494 1629 1208 1494 313 495 1495 1313
Route	127 :  884 1884 535 272 996 632 1272 1632 1535 58 1996 1058
Route	128 :  803 236 978 1236 1803 973 1978 604 413 296 1973 1296 531 1413 1531 1604
Route	129 :  727 61 1727 311 1061 72 1072 1311 203 779 1779 1203
Route	130 :  899 138 1899 1138 574 419 1419 734 1734 1574
Route	131 :  699 810 1810 1699 336 346 325 1325 1346 640 1336 1640 69 1069
Route	132 :  586 737 1586 1737 984 373 1984 1373
Route	133 :  477 25 1025 1477 399 956 1399 875 1956 761 1875 1761
Route	134 :  193 1193 157 526 447 271 1447 1526 1157 360 1271 546 1360 1546
Route	135 :  159 738 1159 247 326 1738 1247 274 343 1326 406 1343 1274 1406
Route	136 :  708 41 1708 1041 620 709 913 304 321 1620 1913 1304 1709 1321
Route	137 :  691 440 361 1440 116 1691 623 1361 1116 1623
Route	138 :  12 817 1817 124 26 1026 1124 1012 475 204 1204 1475 964 1964
Route	139 :  182 851 1851 624 1624 689 1182 568 645 1645 1568 1689
Route	140 :  400 302 1400 669 48 1302 141 1669 1141 672 1672 1048
Route	141 :  330 505 1505 467 1330 341 1341 758 1758 410 1467 1410
Route	142 :  602 832 1832 1602 775 213 1775 638 1213 1638
Route	143 :  953 428 500 1953 1500 542 200 1200 301 1428 1542 355 1301 94 1355 1094
Route	144 :  215 55 398 1398 910 1055 411 1215 1910 555 1411 1555
Route	145 :  479 752 1752 1479 785 650 847 1785 1650 1847
Route	146 :  2 173 1002 81 1173 696 1696 1081 317 1317
Route	147 :  912 969 422 1422 1912 154 1969 52 1052 380 1380 1154
Route	148 :  722 1722 64 431 1431 713 1064 292 1292 605 1713 1605
Route	149 :  530 464 1530 92 1092 297 1464 981 1297 742 1981 1742
Route	150 :  88 462 1088 188 1462 520 43 1043 1520 540 481 1188 1481 1540
Route	151 :  489 316 872 1316 1489 1000 1872 554 1554 2000 312 1312
Route	152 :  801 347 1347 794 858 1858 1794 648 319 1319 1801 811 1648 1811
Route	153 :  561 455 1561 210 1210 698 1455 6 1006 257 1698 283 33 1257 1033 1283
Route	154 :  946 172 881 1946 1881 1172 607 855 1607 647 834 1647 1855 1834
Route	155 :  970 1970 866 392 1392 1866 96 46 643 1096 512 1643 1046 1512
Route	156 :  771 681 1681 714 1771 865 1865 1714 282 337 1337 1282
Route	157 :  328 327 110 1327 1110 636 1328 743 955 1636 900 1955 1743 1900
Route	158 :  925 861 123 1861 1925 613 1123 375 1375 1613 799 1799
Route	159 :  299 1299 436 846 888 1888 1846 1436 323 983 1983 1323
Route	160 :  49 423 1049 1423 798 948 1948 498 1498 1798
