Instance name : ber-n5000-7
Authors       : BIG3 - Dmitriy Yampolskiy, Egor Nikolaev and Daria Savina. Smart Logistics Point by the BigThree team (big3.ru).
Date          : 2025-04-23
Reference     : BigThree team (big3.ru)
Solution
Route 1 : 1321 2180 4680 1564 3821 2038 943 4538 35 4064 1607 4107 1367 2535 3443 3867
Route 2 : 2173 1669 648 2196 3148 4169 4696 1424 4673 2397 769 4897 2210 3269 3924 4710
Route 3 : 565 399 3065 2899 866 191 2691 2306 1336 3366 3836 4806
Route 4 : 208 1689 886 2708 419 4189 2919 1993 3386 1044 1078 3578 4493 3544
Route 5 : 1822 1323 1685 3823 2136 4185 4322 1023 4636 3523
Route 6 : 123 482 2982 2623 1554 4054 941 1173 3673 1863 4363 3441
Route 7 : 1113 1851 3613 4351 2286 599 4786 3099 508 481 714 3214 3008 2981
Route 8 : 1334 504 3834 948 1145 3448 3004 3645 1168 358 2858 3668
Route 9 : 1557 2275 1686 4775 4057 4186 902 75 228 2575 2441 4941 2728 3402 186 2686
Route 10 : 1120 3620 1205 1284 617 3705 1266 3784 3766 272 3117 1239 3739 2772
Route 11 : 1370 3870 1466 2312 4812 775 3966 1777 609 3109 4277 3275
Route 12 : 2134 1932 476 4432 452 4634 2976 1001 3501 1750 4250 2952 1281 3781
Route 13 : 1308 3808 1318 49 1758 3818 2549 4258 786 3286
Route 14 : 890 3390 778 1644 4144 2318 3278 1795 2291 4818 1270 4295 4791 3770
Route 15 : 1369 181 3869 1859 2257 105 4757 1874 2605 4359 2681 4374
Route 16 : 2054 2018 43 2343 4554 1132 1769 2420 2543 3632 4843 4920 4269 1250 4518 3750
Route 17 : 1010 1 3510 898 80 2501 1928 2580 3398 4428
Route 18 : 989 1317 1235 160 3489 2660 3817 1167 3667 3735 2182 953 3453 4682
Route 19 : 1352 2003 4503 963 3852 2483 3463 4983 93 427 2927 2593
Route 20 : 2048 4548 2352 1562 398 2898 4852 4062 2021 1388 3888 4521
Route 21 : 1106 492 2992 3606 454 937 2954 456 146 3437 281 2646 2956 2781
Route 22 : 2330 903 3403 4830 2131 210 4631 2158 4658 2354 2710 4854
Route 23 : 1306 306 1513 3806 2806 2473 4973 4013
Route 24 : 2133 285 4633 95 2785 2595 278 1234 2778 3734
Route 25 : 1135 2145 2362 3635 4645 512 1031 4862 3012 2148 4648 3531 927 3427
Route 26 : 1337 1417 3837 3917 1629 2050 807 3307 1763 1533 4129 4033 4550 4263
Route 27 : 1707 8 2508 1648 779 4207 682 3182 3279 4148
Route 28 : 909 68 2568 3409 547 350 620 3047 3120 2850 829 3329
Route 29 : 2351 2303 4851 1280 4803 1592 2117 4092 3780 4617
Route 30 : 143 1587 2342 2643 1857 4087 4842 1556 633 4056 2386 4357 4886 425 3133 2925
Route 31 : 860 1784 3360 76 4284 2576 790 459 2959 3290
Route 32 : 2194 2329 1937 4437 4694 4829 10 1314 1826 3814 2510 717 2190 4326 4690 3217
Route 33 : 1290 2218 4718 2297 158 4797 3790 1304 2658 3804 2044 209 822 2709 4544 3322
Route 34 : 918 2140 1900 3418 4640 1479 4400 2091 1955 4455 3979 4591
Route 35 : 773 1273 2414 3773 2251 4914 1721 3273 4751 2338 4221 4838
Route 36 : 1657 1694 966 4157 801 4194 3301 892 1671 1945 4171 3466 3392 4445
Route 37 : 1628 449 2949 723 785 3285 3223 705 840 791 3205 3291 3340 4128
Route 38 : 2189 641 2270 4770 3141 4689 1839 1110 3610 4339
Route 39 : 2154 4654 2268 12 2512 1192 973 4768 3692 3473 1055 3555
Route 40 : 1039 539 3539 384 2884 3039 1379 777 3879 3277
Route 41 : 2391 1565 98 4891 2598 1740 1733 4233 4240 4065
Route 42 : 905 1324 423 2923 3405 3824 585 1258 3758 3085
Route 43 : 24 2010 4510 1112 361 1368 411 3612 3868 2861 2911 2524
Route 44 : 1735 4235 28 1469 2528 1390 3890 3969 433 603 2933 3103
Route 45 : 1530 2456 4030 4956 1330 1905 3830 560 3060 1440 4405 3940
Route 46 : 1216 2323 3716 213 4823 1642 768 3268 2713 4142
Route 47 : 2300 207 1138 3638 590 2223 2707 1850 3090 4723 911 4800 4350 3411
Route 48 : 2438 645 4938 3145 1116 2022 1450 3616 4522 3950
Route 49 : 2398 62 2562 163 345 4898 1575 1544 4044 2663 4075 2845
Route 50 : 1415 457 2317 2957 3915 594 4817 1521 3094 1624 4021 4124
Route 51 : 672 706 3172 3206 1566 142 318 4066 2818 2642
Route 52 : 2383 4883 1349 1419 873 3919 3849 2032 4532 1003 3373 1676 3503 4176
Route 53 : 1079 771 1982 1825 783 1690 4325 4482 3579 4190 3283 3271 1047 3547
Route 54 : 541 3041 1756 144 4256 2208 1455 2644 3955 4708 13 2513
Route 55 : 1060 1052 1056 487 3552 3556 3560 2987 1496 1527 1532 4032 3996 4027
Route 56 : 1522 2058 1294 1936 4022 1986 4436 4486 4558 3794 241 2741
Route 57 : 2422 2082 4922 1789 4582 1449 4289 177 2475 4975 3949 2677
Route 58 : 413 2404 2913 2388 4904 1896 1213 4888 3713 4396 2477 4977 1877 4377
Route 59 : 960 1987 56 3460 4487 2556 1049 383 2358 2883 3549 4858
Route 60 : 1772 1876 2365 1724 4376 4865 4224 4272 2240 4740
Route 61 : 2090 2252 400 2900 1489 4590 4752 1307 3989 2278 3807 4778 2078 4578
Route 62 : 831 3331 839 3339 1895 2382 4395 1875 681 4882 992 3181 4375 3492
Route 63 : 134 2292 2634 1130 308 3630 1605 2808 2463 4105 4792 1998 1303 4498 4963 3803
Route 64 : 2469 1674 4174 225 2150 2725 823 4969 4650 1226 611 3111 1193 3323 3726 3693
Route 65 : 1391 58 3891 2558 1480 1534 4034 3980
Route 66 : 819 501 1202 3001 1595 447 3702 2947 3319 4095
Route 67 : 1719 837 1918 2197 4219 4418 3337 4697 1755 494 1432 4255 3932 2994
Route 68 : 169 1972 1861 2669 4472 1315 1885 2176 4676 4361 4385 3815
Route 69 : 1803 2152 4303 1609 1891 4109 4652 986 1704 828 4204 3328 4391 3486
Route 70 : 1518 42 4018 2301 2542 256 1183 1873 3683 4801 4373 2756
Route 71 : 355 2424 4924 2087 1084 1926 2855 4426 3584 2328 639 4828 3139 4587
Route 72 : 1267 1017 3517 3767 112 302 1456 2802 3956 54 2612 2554
Route 73 : 1820 4320 931 1271 2236 102 3771 4736 3431 1794 516 2602 4294 3016
Route 74 : 928 3428 33 64 1510 2564 1612 1301 2533 2285 875 4010 4785 4112 3375 3801
Route 75 : 1020 1802 3520 2030 4530 1329 957 4302 685 3185 3829 3457
Route 76 : 2379 1414 4879 1425 737 3237 3914 3925
Route 77 : 527 3027 1506 270 4006 1117 722 2770 128 3222 3617 2628
Route 78 : 72 2433 4933 889 2572 380 3389 2880 341 2841
Route 79 : 1995 2321 1312 4821 1186 3812 4495 514 2179 1356 4679 3686 3014 3856
Route 80 : 577 1916 636 4416 1728 3136 4228 852 3077 455 3352 1363 3863 2955
Route 81 : 1738 923 528 3423 3028 2335 4835 4238 1517 2069 407 4017 2907 4569
Route 82 : 1677 1810 1264 711 3764 3211 124 4177 2211 2624 4310 4711
Route 83 : 2432 4932 2121 1359 138 3859 4621 299 1866 2638 2799 4366
Route 84 : 1819 1620 571 2192 4120 4319 776 4692 2181 3071 1808 4681 683 3276 3183 4308
Route 85 : 757 2225 4725 3257 2446 2100 4946 1727 4227 1327 4600 3827
Route 86 : 684 1342 381 3842 3184 880 2881 242 1034 3534 3380 794 2742 1678 3294 4178
Route 87 : 947 1953 167 2053 4453 3447 4553 2667 2231 402 4731 2902
Route 88 : 950 351 2851 440 3450 694 1785 4285 3194 469 1282 2940 2969 3782
Route 89 : 926 2073 2149 4573 3426 664 1457 2366 4866 3957 3164 4649
Route 90 : 84 1836 443 4336 2336 2584 2084 2943 4836 2390 607 4584 2347 4890 3107 4847
Route 91 : 196 376 2876 2171 1582 2696 4671 763 1434 3934 4082 485 3263 2985
Route 92 : 1409 3909 1438 1274 1464 2305 3774 1088 951 3938 3964 3451 4805 3588
Route 93 : 1921 2079 1687 4421 4579 4187 1354 3854 1012 2346 4846 3512
Route 94 : 1220 1665 4165 980 3720 2256 4756 1159 1744 1512 3480 4244 3659 4012
Route 95 : 3 1753 4253 1485 1542 2503 1102 895 3985 4042 3602 942 3395 3442
Route 96 : 1129 1619 69 3629 2339 4119 1908 2569 4839 4408
Route 97 : 416 1647 1520 2916 2039 4020 4539 4147 2200 1405 1242 3905 3742 4700
Route 98 : 363 255 291 2863 2791 513 2755 1765 4265 1806 3013 1263 3763 4306
Route 99 : 1969 2226 4469 1494 843 4726 2077 3343 3994 4577
Route 100 : 2465 2052 153 4552 1616 4965 4116 214 2653 540 2714 3040
Route 101 : 914 1623 3414 1097 106 4123 2606 1799 1387 726 4299 3597 3887 3226
Route 102 : 319 712 273 2773 2014 2819 985 4514 3212 1659 661 4159 3161 3485
Route 103 : 1098 642 3142 1507 3598 4007 120 1939 2620 269 4439 2769
Route 104 : 2333 4833 994 1910 2122 2472 3494 4410 4972 38 4622 2538 136 1093 3593 2636
Route 105 : 1279 2116 787 1064 4616 3564 3287 3779 2259 537 1073 3037 3573 4759
Route 106 : 586 171 1475 3086 1029 3975 2671 21 195 3529 1793 4293 2521 2695
Route 107 : 1384 2098 3884 4598 2118 1478 3978 1300 2172 4618 1268 3768 3800 4672 701 3201
Route 108 : 2309 676 2474 4809 4974 3176 1845 246 2478 2746 4345 4978
Route 109 : 150 264 2650 2764 2493 799 3299 151 365 2865 4993 2651
Route 110 : 2060 2381 4881 698 4560 1922 4422 1109 3198 3609
Route 111 : 978 575 3478 320 2820 3075 1467 415 2024 2915 3967 969 3469 4524
Route 112 : 1245 643 2076 3143 3745 4576 2487 1278 11 4987 139 2639 2511 3778
Route 113 : 1549 1943 4049 497 1666 2997 1780 2448 4166 1259 4443 4948 1701 4280 4201 3759
Route 114 : 1444 1602 3944 4102 1767 1974 4474 4267 1902 122 2622 1892 912 3412 4402 4392
Route 115 : 189 2689 981 1142 955 3481 430 1589 3642 4089 3455 2930 2458 4958 2124 4624
Route 116 : 2007 233 4507 2733 2387 558 546 3058 1601 4887 3046 4101
Route 117 : 253 2753 2162 1829 4329 4662 2344 833 4844 814 3314 322 3333 2822
Route 118 : 1888 1697 716 3216 4197 4388 525 127 3025 551 2627 3051
Route 119 : 917 396 1237 2896 1751 997 1339 3417 3737 3497 4251 3839
Route 120 : 1196 3696 2308 1500 2183 686 401 1991 4808 4000 3186 4683 4491 1717 2901 4217
Route 121 : 1691 1188 1983 4483 366 1811 3688 1571 2866 4311 4071 4191
Route 122 : 894 2103 3394 2220 4603 1967 1296 4720 4467 3796
Route 123 : 1075 593 3575 3093 826 2447 1909 3326 1903 4409 4947 2298 4403 4798
Route 124 : 668 3168 2230 4730 2500 2434 2094 4934 2276 4776 4594 113 5000 2613
Route 125 : 1668 4168 1747 2075 4247 1156 4575 1043 3543 3656 530 3030 975 3475
Route 126 : 2177 1594 4677 4094 1790 919 1730 379 4290 4230 3419 2879
Route 127 : 193 2159 2693 4659 1812 1754 2484 4984 4312 4254
Route 128 : 1714 1395 844 4214 245 3344 3895 2745 1161 3661
Route 129 : 2080 2485 4580 628 300 4985 337 2800 1963 3128 2837 4463
Route 130 : 466 1890 741 601 2966 3241 2102 4390 531 3101 4602 3031
Route 131 : 1535 1731 1136 4231 4035 669 3636 2004 1297 3797 4504 3169
Route 132 : 2325 743 4825 3243 1700 932 4200 3432 939 60 3439 576 2560 3076
Route 133 : 26 1692 2526 2490 4192 550 3050 1265 503 3765 3003 1782 4990 4282
Route 134 : 1771 4271 750 1149 507 65 1059 3250 3559 2565 3649 3007
Route 135 : 767 655 2055 3267 3155 4555 1345 274 1709 1796 3845 4209 2774 4296
Route 136 : 498 86 2998 188 1547 2688 2586 1847 4047 2369 4347 4869
Route 137 : 232 1854 1597 4097 2732 1925 444 4354 1025 2944 4425 3525
Route 138 : 1581 848 2460 1393 1999 4960 3348 4499 1166 3893 3666 4081
Route 139 : 2207 589 4707 2147 1420 2287 3089 2235 4647 3920 4735 4787
Route 140 : 938 1123 3438 1878 4378 3623 1915 721 3221 4415
Route 141 : 935 203 1553 4053 3435 1563 2191 2703 4063 4691
Route 142 : 1372 471 2971 2494 3872 748 4994 3248 1191 2375 3691 4875
Route 143 : 1570 4070 929 623 1004 3504 3123 1346 976 3429 753 3253 3846 3476
Route 144 : 1293 1481 3793 990 418 2918 289 2789 3490 3981 1525 4025
Route 145 : 841 263 673 2763 3341 3173 303 1632 640 435 3140 4132 2935 2803 1223 3723
Route 146 : 1038 1486 1353 3538 3853 2295 3986 731 1147 3647 3231 4795
Route 147 : 2334 2272 4834 687 689 4772 1495 486 3995 3187 2986 3189
Route 148 : 2198 1441 2139 4639 4698 3941 1813 815 696 3315 3196 4313
Route 149 : 646 3146 173 88 1083 3583 2673 2588 445 1228 2945 3728
Route 150 : 1169 130 3669 1381 2630 3881 830 2088 3330 4588 1269 478 3769 2978
Route 151 : 1797 4297 1101 1886 3601 327 4386 821 827 2827 2363 4863 3327 3321
Route 152 : 2496 1412 2051 4996 1887 4387 4551 3912
Route 153 : 1443 2246 1821 179 4746 3943 2451 4321 2679 1461 1122 4951 3961 3622
Route 154 : 1305 3805 370 420 125 1538 1141 2870 2625 3641 1791 4038 2920 1201 4291 448 3701 2948
Route 155 : 2097 223 20 2723 1956 2520 1645 2260 4597 4456 4760 4145
Route 156 : 1199 1385 312 2812 3699 3885 36 725 3225 2536
Route 157 : 1848 1941 4348 265 4441 2765 1397 3897
Route 158 : 162 129 2629 2395 1310 2662 266 4895 2497 3810 2766 4997
Route 159 : 217 1005 2717 421 3505 175 2675 2921 1872 626 4372 3126
Route 160 : 2046 2166 2120 4546 4666 53 4620 2553 1832 4332
Route 161 : 2345 556 4845 3056 1448 529 1711 3948 3029 4211
Route 162 : 1610 1519 680 754 4110 3254 3180 4019 749 2372 1723 4223 4872 3249
Route 163 : 2488 2165 1508 4988 4008 364 1604 83 4665 2583 4104 2864
Route 164 : 1095 2009 295 3595 2795 4509 1413 520 1470 410 3913 3970 3020 2910 851 3351
Route 165 : 996 1243 414 3496 3743 354 2914 301 2854 2801 2290 2214 4790 1378 4714 3878
Route 166 : 1285 441 1992 2941 3785 4492 1558 103 1364 4058 1463 2603 3864 3963
Route 167 : 422 691 2922 1805 3191 548 3048 868 4305 135 1745 2635 3368 4245
Route 168 : 788 2028 1484 4528 3288 879 660 3984 3379 244 3160 618 2744 3118
Route 169 : 1128 1394 3628 236 3894 2396 2284 2736 762 4784 4896 3262
Route 170 : 468 2153 2174 4653 2119 1162 4619 4674 2968 663 3662 3163
Route 171 : 2480 1732 4232 4980 1882 4382 982 2035 3482 4535
Route 172 : 1630 2406 2141 4906 1200 4641 297 4130 3700 330 2797 2350 2830 4850 249 2749
Route 173 : 1631 1583 4083 1061 4131 3561 2409 4909
Route 174 : 1567 1536 4067 294 2794 1099 215 4036 733 3599 2015 3233 4515 2715
Route 175 : 85 2585 1081 849 1077 3349 3581 3577 2042 872 1182 3372 3682 4542
Route 176 : 2248 1309 4748 2356 315 4856 3809 386 2886 2815
Route 177 : 1048 3548 863 2454 1639 3363 1695 4139 4954 4195 1246 1016 3746 3516
Route 178 : 835 2408 1002 1577 4908 2093 3335 4077 4593 806 1184 3502 3306 3684
Route 179 : 2429 343 4929 2843 2008 850 760 356 2856 4508 3350 3260
Route 180 : 1403 1371 352 820 3903 2852 3320 944 3871 446 3444 2946
Route 181 : 2439 1640 1561 4140 4939 1261 2201 4061 1996 4701 3761 4496
Route 182 : 1105 499 3605 1713 2999 4213 1959 2049 2314 488 4549 4814 4459 2988 1181 3681
Route 183 : 1515 885 1787 945 3385 4015 4287 1702 183 1824 3445 4202 2683 4324
Route 184 : 1503 82 2126 4003 934 4626 3434 1154 2499 2582 3654 4999 1849 4349
Route 185 : 2064 4564 1483 853 1224 2184 4684 2215 3983 3724 4715 3353
Route 186 : 18 2518 913 598 883 3413 616 3098 3383 3116
Route 187 : 344 261 118 2844 1814 2618 1091 2761 333 4314 3591 1124 2833 3624
Route 188 : 1140 2258 4758 145 3640 2645 1660 1976 1917 4476 4160 4417
Route 189 : 493 1715 907 2993 1935 168 667 4215 3167 4435 2411 2668 4911 3407 2155 4655
Route 190 : 1952 897 764 3397 3264 2355 4452 141 4855 2641
Route 191 : 893 3393 1981 48 610 3110 2548 4481 1975 936 3436 4475
Route 192 : 385 688 2065 3188 4565 2885 1958 1087 2296 3587 73 4458 2573 4796
Route 193 : 1649 730 3230 920 4149 314 2814 3420 94 2277 2361 4861 2594 4777
Route 194 : 916 965 746 3246 1572 3416 2453 3465 2229 4072 4729 4953 1617 4117
Route 195 : 2324 1675 4175 2040 4824 1215 4540 3715 157 1473 3973 234 2657 961 2734 3461
Route 196 : 230 2730 502 362 2862 3002 2394 27 1022 4894 2527 3522 1792 4292
Route 197 : 1474 1152 3974 1742 3652 393 55 781 2555 4242 2893 3281
Route 198 : 305 2805 1427 719 865 3927 1209 3365 3219 1230 3709 240 3730 2740
Route 199 : 1107 2104 170 2670 3607 1460 4604 1085 1241 3960 3585 3741
Route 200 : 187 346 2687 2063 1071 2846 4563 1222 566 3571 3722 578 3066 3078
Route 201 : 521 2481 1319 3021 4981 3819 1653 1919 4419 176 2676 1217 4153 3717
Route 202 : 1032 2377 4877 3532 1311 271 518 382 3018 3811 2771 2882
Route 203 : 180 372 2872 2680 2384 1487 3987 745 4884 3245
Route 204 : 1026 3526 247 2170 2222 1505 243 4670 2747 4005 4722 2743
Route 205 : 2204 2070 2403 77 4704 4903 2577 1206 4570 3706 1638 1978 4138 4478
Route 206 : 2142 1984 22 4484 1160 2522 4642 2243 2443 3660 2105 4605 4743 4943
Route 207 : 2359 357 644 4859 2857 910 1883 3410 3144 4383
Route 208 : 2188 4688 2156 832 874 1838 3332 4338 4656 666 876 2254 4754 3166 3376 3374
Route 209 : 277 802 3302 2269 2777 437 2937 1531 4769 1402 4031 3902
Route 210 : 956 983 3456 1392 3483 857 3892 2340 1221 3357 2407 3721 4840 4907
Route 211 : 1190 856 1947 3356 403 3690 2903 4447 1343 1894 3843 4394 29 2529
Route 212 : 404 316 2816 2904 1422 2245 3922 293 2793 2491 4745 4991 1636 4136
Route 213 : 475 283 1786 2783 557 4286 543 3057 2975 2086 3043 4586
Route 214 : 2221 1488 568 3988 4721 156 915 1545 3068 3415 2656 4045
Route 215 : 1176 1283 3676 1904 3783 235 4404 1291 1699 3791 2735 4199
Route 216 : 1539 1325 2440 1759 3825 368 4039 4940 340 2868 4259 974 3474 2840
Route 217 : 152 861 1247 602 2652 2425 3361 1453 3102 3747 3953 1933 4925 4433
Route 218 : 78 2578 1430 1000 3500 2115 3930 1357 491 4615 3857 1067 3567 2991 1964 4464
Route 219 : 309 2809 279 2217 1641 2779 4141 4717 461 2357 2961 4857
Route 220 : 1682 2193 4693 4182 484 622 3122 2984 1050 1752 3550 4252
Route 221 : 1893 2415 47 2547 4915 4393 1389 846 3889 442 2942 3346
Route 222 : 796 1492 3992 3296 1082 1526 2310 4810 126 4026 3582 2626
Route 223 : 2067 1041 579 4567 979 3541 3079 803 1006 3479 3303 3506 374 2874
Route 224 : 2452 1696 4952 52 2552 1778 4196 331 1459 2831 924 4278 824 3424 3959 3324
Route 225 : 766 474 2974 651 3266 1361 1737 3151 2157 4237 4657 3861
Route 226 : 216 2716 1477 1646 3977 1333 4146 653 3833 3153
Route 227 : 220 869 5 1761 4261 226 2720 2505 3369 2412 4912 2726
Route 228 : 2282 1114 4782 1011 3614 3511 1331 1867 326 3831 2826 4367
Route 229 : 1491 1585 4085 477 3991 1171 774 3671 3274 1716 2977 275 2775 4216
Route 230 : 1868 1683 4368 1089 1613 194 3589 544 4113 4183 3044 2694 2129 709 4629 3209
Route 231 : 538 458 3038 751 772 2958 149 3272 3251 1725 2649 4225
Route 232 : 703 1225 1643 3725 1203 625 4143 3703 3125 3203 388 321 90 2821 2590 2888
Route 233 : 534 1775 4275 3034 2476 1326 1911 4976 4411 3826
Route 234 : 559 3059 1897 298 4397 2798 864 1471 3971 3364
Route 235 : 2143 1383 4643 1989 165 2264 4489 2665 3883 755 4764 1710 3255 4210
Route 236 : 563 3063 1194 1633 1090 3590 1681 184 4133 2684 4181 3694
Route 237 : 1033 2001 2047 3533 4501 1950 4547 630 1410 3910 4450 3130
Route 238 : 2450 1428 3928 1069 1746 4950 1541 3569 4041 4246
Route 239 : 1842 2029 1990 4490 4529 211 2711 4342 793 1070 3293 3570
Route 240 : 348 1743 2848 417 4243 1511 2917 847 472 4011 3347 237 2972 2737
Route 241 : 657 1015 3515 3157 1827 816 2400 4900 3316 4327 1634 4134
Route 242 : 1272 342 3772 1435 2842 3935 554 1275 3775 3054 480 2980 251 2370 2751 4870
Route 243 : 2280 1411 4780 2068 3911 2498 1818 1559 4059 4568 4318 4998
Route 244 : 1260 2316 511 4816 3760 1240 3011 2293 4793 3740
Route 245 : 2000 1335 4500 3835 1816 1187 3687 1104 3604 1490 1407 4316 3990 987 3487 3907
Route 246 : 1773 1007 3507 1341 1406 4273 2111 3841 3906 635 2247 4611 3135 4747
Route 247 : 596 1889 91 4389 968 2591 3096 2437 3468 329 2829 4937
Route 248 : 1072 1516 3572 1476 1679 4016 3976 4179 2419 378 1603 4103 4919 2878
Route 249 : 1997 2466 4497 4966 2378 1501 4878 115 2615 1416 800 4001 3300 3916
Route 250 : 2202 4702 1360 3860 1962 200 2700 582 4462 1042 1924 4424 3082 3542
Route 251 : 1377 1418 3877 3918 1125 66 2566 3625 428 1320 2928 3820
Route 252 : 859 1948 1869 3359 738 4369 4448 3238 107 190 2607 2690 896 1399 3396 3899
Route 253 : 1662 1722 4162 2374 707 4874 4222 3207
Route 254 : 1762 2020 4262 4520 1954 224 4454 2263 4763 624 1580 2724 3124 4080
Route 255 : 591 79 1957 2059 3091 2579 4457 2033 4559 4533 2385 4885 1985 884 4485 3384
Route 256 : 2036 2250 4536 429 904 2929 650 4750 1626 3404 509 4126 3150 3009
Route 257 : 734 697 3197 1586 3234 284 4086 140 2784 2640
Route 258 : 451 2951 1426 1131 74 2574 3926 2187 3631 1706 4206 742 4687 3242
Route 259 : 1611 328 2109 4111 2828 4609 467 1650 519 4150 1880 2967 4380 3019
Route 260 : 204 1852 4352 2332 670 2704 1197 4832 3170 3697
Route 261 : 1155 229 1404 2729 3655 1080 1498 3904 2348 3998 464 3580 2964 4848
Route 262 : 2237 2368 4737 2302 1913 4868 4413 375 4802 1635 2875 2331 4831 1834 4135 4334
Route 263 : 1705 621 3121 4205 2288 1374 1150 4788 580 3874 3650 3080
Route 264 : 1292 2089 1178 3792 4589 1934 2249 3678 307 4434 4749 2807
Route 265 : 1828 465 4328 2965 1423 3923 268 1468 2768 3968
Route 266 : 470 347 2970 1195 2847 3695 1036 1111 1066 3536 2066 4566 3611 3566
Route 267 : 2413 4913 1447 798 3298 3947 119 1898 2619 4398 31 2531
Route 268 : 1092 1437 292 199 3937 3592 515 3015 1940 2699 2792 1014 4440 3514
Route 269 : 581 1749 287 3081 2787 1625 4249 2380 1174 4880 4125 3674
Route 270 : 1920 473 4420 37 2537 2973 192 2037 2692 4537 949 14 2514 3449
Route 271 : 1960 4460 1949 1966 4449 1856 4466 4356 1598 2468 4098 4968
Route 272 : 2423 50 600 3100 4923 612 3112 2550 2265 2026 17 4526 4765 2517
Route 273 : 818 2224 1134 3318 2061 2092 4592 4724 3634 522 4561 3022 2043 4543
Route 274 : 1931 2273 4431 409 4773 490 2909 967 2990 2326 998 3467 3498 4826
Route 275 : 2227 1622 882 4727 2492 4122 1708 2056 3382 4556 4208 4992
Route 276 : 1244 1313 1472 592 573 3092 3744 3813 1574 3972 3073 4074
Route 277 : 1855 1338 96 3838 2596 172 2672 2185 4355 2233 4685 4733
Route 278 : 1045 1355 4 3545 2504 3855 921 595 1252 3421 3095 3752
Route 279 : 2428 891 4928 1514 4014 3391 1013 1298 3513 3798
Route 280 : 1158 2376 1929 3658 4429 1229 1287 4876 1046 3546 3787 3729
Route 281 : 1119 2209 1502 4002 952 4709 3619 311 2811 3452
Route 282 : 899 634 132 3399 3134 2632 2186 2023 1028 4686 3528 4523
Route 283 : 2313 276 1170 2776 1663 3670 4163 434 4813 1871 2934 4371
Route 284 : 2283 4783 57 2557 2299 252 4799 2401 4901 2752
Route 285 : 212 1040 2482 4982 2712 1053 3540 166 1748 3553 2666 1712 4212 877 3377 4248
Route 286 : 238 483 2392 1800 881 2738 4892 1348 3381 3848 4300 2983
Route 287 : 1051 1027 1139 3527 159 3551 3639 1979 2294 109 2659 4794 4479 2609
Route 288 : 408 2908 1175 1779 1249 3675 1568 3749 131 4279 2431 4068 4931 2631
Route 289 : 250 371 2871 100 2750 2600 1288 121 1766 2621 3788 4266
Route 290 : 2242 2017 1524 4742 1938 4024 2144 4517 4644 4438
Route 291 : 392 32 2892 2532 1688 569 4188 3069 2281 2436 4936 4781
Route 292 : 334 2262 1350 2834 3850 4762 761 1599 4099 3261
Route 293 : 555 391 2891 2212 154 811 3311 4712 2471 2654 3055 4971
Route 294 : 715 3215 2 1907 1684 1057 2502 4184 227 3557 4407 690 2727 3190
Route 295 : 2130 4630 964 2025 1236 3736 1841 3464 4341 4525 1600 1540 1833 4100 4040 4333
Route 296 : 2178 1614 736 4678 999 3499 4114 1881 335 2045 3236 4381 2835 4545
Route 297 : 2405 720 4905 1965 3220 4465 834 1382 19 3334 2519 1720 3882 4220
Route 298 : 1830 2241 4741 971 1576 137 2410 4330 4076 2637 3471 34 2219 4910 2534 4719
Route 299 : 805 3305 2360 1879 536 4860 526 3036 1254 4379 3026 3754
Route 300 : 1734 708 792 4234 3292 3208 1068 1596 1783 4283 3568 4096
Route 301 : 2399 1680 1256 3756 1009 3509 4180 4899 1255 3755
Route 302 : 1127 3627 2096 604 4596 3104 958 59 1062 3458 2559 3562
Route 303 : 532 3032 782 431 656 3282 1251 1008 3751 797 3508 3156 3297 2931 496 2996
Route 304 : 101 2337 2027 900 4837 1276 3400 3776 4527 2601
Route 305 : 739 1208 1930 3239 4430 1408 1253 3708 3908 789 3289 3753
Route 306 : 197 1362 3862 1165 606 2697 2304 1736 3665 1627 3106 4804 4127 4236
Route 307 : 533 267 3033 1961 2767 338 1302 2838 23 2418 4918 4461 1380 3802 2523 3880
Route 308 : 1652 164 4152 2664 1289 752 25 2525 3789 3252
Route 309 : 108 959 2608 549 3049 1844 3459 2002 1332 4344 887 3832 4502 3387
Route 310 : 2041 4541 2470 4970 2239 1146 198 4739 523 2081 3646 290 2698 4581 3023 649 3149 2790
Route 311 : 608 747 3108 2128 647 3247 1262 2459 3762 3147 4628 4959
Route 312 : 867 324 1207 1322 3822 2824 3367 2322 1865 3707 629 4822 4365 3129
Route 313 : 6 2012 1396 2506 4512 700 3896 1499 3200 3999 1351 3851
Route 314 : 2146 4646 2341 1807 4841 813 1163 4307 155 3313 2655 1615 1951 4451 4115 3663
Route 315 : 1862 4362 1452 296 3952 2266 2796 1316 1445 3816 4766 3945
Route 316 : 1433 2164 317 3933 412 4664 2817 888 248 3388 2912 116 1994 2748 2616 4494
Route 317 : 2393 693 4893 460 3193 808 1211 2960 3308 3711
Route 318 : 652 495 439 2216 3152 2939 2083 2995 1835 4716 4583 4335 2371 993 3493 4871
Route 319 : 2449 4949 2160 1529 1573 4029 4660 4073 463 92 2592 2963
Route 320 : 991 1927 3491 1133 4427 3633 260 2760 2234 1295 4734 3795
Route 321 : 1588 542 390 3042 4088 1431 3931 1021 70 2890 2570 3521
Route 322 : 584 1019 570 3070 3084 3519 1698 332 1637 4198 2832 4137
Route 323 : 972 2364 1870 3472 304 4370 1655 4864 2804 679 4155 258 2758 3179
Route 324 : 858 97 3358 1853 1398 3898 2597 1608 1656 4353 4156 4108
Route 325 : 2349 2402 4849 4902 489 2132 1548 1108 2989 4632 4048 3608
Route 326 : 908 39 1035 1076 2539 3408 1804 4304 9 3535 3576 1219 2509 3719
Route 327 : 2195 2071 665 1590 4571 3165 4695 4090 1884 1912 4412 4384
Route 328 : 1739 4239 2057 1942 1846 4557 4346 2435 535 4442 4935 3035
Route 329 : 564 1914 4414 1809 174 3064 4309 2674 870 3370 16 2034 4534 2516
Route 330 : 1528 397 2897 4028 1980 1421 1667 4480 4167 3921 2307 4807
Route 331 : 2099 254 205 4599 674 2705 2754 3174 804 3304
Route 332 : 1233 1901 1718 44 4218 1579 3733 1185 4079 3685 2544 2127 2011 4401 4627 4511
Route 333 : 2206 182 2682 1375 4706 51 1664 117 4164 2551 2617 3875
Route 334 : 784 286 1439 2786 3284 3939 854 133 2633 1899 4399 3354
Route 335 : 479 280 765 2289 2780 2320 2427 3265 2979 4820 4927 4789
Route 336 : 2113 627 1831 662 3127 3162 4613 185 4331 2253 4753 2685
Route 337 : 517 1569 3017 4069 702 2461 1248 4961 637 3202 3748 3137
Route 338 : 1212 809 3712 3309 780 2072 1621 506 3280 4572 4121 3006
Route 339 : 659 2168 206 3159 4668 2706 282 1523 561 3061 2782 4023
Route 340 : 1037 553 3053 2137 3537 713 4637 2353 901 3213 4853 3401
Route 341 : 567 638 3067 1121 3138 1493 2442 3993 658 3621 4942 3158
Route 342 : 1189 1451 3951 3689 257 878 3378 1172 1340 2757 3840 3672
Route 343 : 2426 597 4926 1504 3097 4004 1551 161 4051 1546 1148 2661 4046 613 3648 3113
Route 344 : 1227 770 1232 3732 3727 3270 2445 436 453 4945 2936 2953
Route 345 : 871 3371 552 671 1968 63 3052 1497 4468 3171 2563 3997
Route 346 : 2101 572 3072 4601 288 995 1651 1837 2788 3495 4151 4337
Route 347 : 1560 1180 1946 2005 4446 2114 727 3680 4614 4505 4060 3227
Route 348 : 1672 1757 1774 1973 4274 4473 4257 1286 4172 1204 3704 3786
Route 349 : 2315 147 389 2889 4815 2647 218 1115 2718 259 1906 2759 3615 4406
Route 350 : 1257 3757 1094 1591 1157 3657 4091 3594 962 1860 4360 3462
Route 351 : 615 2421 3115 4921 1550 1618 1815 4050 758 4315 3258 4118
Route 352 : 1670 4170 2279 1018 3518 4779 2319 4819 1781 1606 4106 4281
Route 353 : 359 1231 3731 1065 2859 1058 1654 3558 3565 4154 1776 4276
Route 354 : 710 3210 1693 1661 1328 4193 2123 310 2810 3828 4623 4161 426 2926
Route 355 : 1054 1801 3554 4301 1741 2486 4986 2112 4241 699 4612 3199
Route 356 : 1376 984 1366 3876 562 3484 3062 3866 89 1429 3929 2589
Route 357 : 2106 2013 2085 4513 4606 1198 675 500 3175 3000 3698 4585 1103 3603
Route 358 : 1218 759 1164 940 3718 3664 1458 1988 3440 3958 3259 4488
Route 359 : 1074 3574 462 2110 1578 4610 2962 4078 812 2389 4889 3312
Route 360 : 2199 4699 1923 2367 695 4867 836 4423 239 3195 30 2530 2739 3336
Route 361 : 505 424 2489 2924 3005 2016 405 954 4989 2905 4516 3454
Route 362 : 1726 2161 1373 4226 2151 4661 2311 4651 3873 4811
Route 363 : 450 632 2950 2203 3132 1482 4703 2457 3982 4957
Route 364 : 1465 2125 1358 3965 4625 2167 524 3858 4667 3024
Route 365 : 2108 862 3362 605 4608 1729 201 3105 2019 4229 2701 2213 4519 4713
Route 366 : 367 2867 1030 2495 4995 3530 1277 810 3777 3310
Route 367 : 1552 178 2255 4052 1442 2163 2678 4755 3942 4663
Route 368 : 369 795 3295 2869 110 336 323 2610 2823 2836
Route 369 : 41 1840 4340 40 2540 2541 148 1144 2648 3644
Route 370 : 842 614 3342 3114 1401 678 2373 3901 4873 3178
Route 371 : 104 67 2567 1673 2604 2107 1823 4173 4323 4607
Route 372 : 1858 114 87 2614 4358 2587 2074 735 2244 4574 3235 4744
Route 373 : 219 724 373 2719 3224 977 221 2721 2873 3477
Route 374 : 1365 970 3470 545 3045 1944 2462 4444 3865 4962
Route 375 : 729 1864 3229 4364 2271 1400 1555 4771 3900 4055
Route 376 : 377 262 2877 2762 1817 231 1788 4288 2731 71 4317 583 2571 3083
Route 377 : 855 2062 1584 4562 4084 3355 111 1593 4093 2611
Route 378 : 740 2205 1177 3677 1703 4705 3240 4203 677 3177
Route 379 : 2416 4916 349 1151 2849 339 1024 2261 3524 4761 2839 3651 1970 4470
Route 380 : 81 2228 4728 2581 1798 2031 1764 4298 4531 4264
Route 381 : 1509 4009 718 45 1843 3218 2545 4343
Route 382 : 1537 222 4037 2722 574 946 3446 3074
Route 383 : 510 817 1977 1658 4477 3317 4158 3010
Route 384 : 387 2887 2095 1543 4043 933 4595 3433
Route 385 : 631 1436 3131 2006 1100 3936 325 4506 2825 3600
Route 386 : 756 1462 61 2561 3256 313 1126 3962 2813 3626
Route 387 : 2238 838 4738 1086 3338 1214 2232 3714 2267 732 3586 4767 3232 4732
Route 388 : 1454 588 2444 3088 4944 3954 654 1971 4471 3154
Route 389 : 1768 1238 3738 988 4268 3488 744 2135 1096 4635 3244 3596
Route 390 : 2169 1344 704 4669 2175 3844 4675 3204 1770 353 4270 2853
Route 391 : 1118 2274 4774 2430 3618 2417 4930 99 1347 4917 2599 2138 3847 4638
Route 392 : 692 1446 360 3946 2860 906 845 438 3192 3345 2938 3406
Route 393 : 1299 394 2467 2894 587 3799 4967 2464 406 3087 4964 7 2906 2507
Route 394 : 925 202 3425 2327 2702 1137 3637 4827 1179 15 2515 3679
Route 395 : 395 2895 728 930 3228 432 1210 619 3710 2932 3430 3119
Route 396 : 1760 1153 2479 4260 4979 3653 1143 825 3325 3643
Route 397 : 1063 1386 46 3563 2546 3886 922 2455 4955 3422
