Instance name : ber-n3000-3
Authors       : Dmitriy Demin, Mikhail Diakov (msd@veeroute.com), Ivan Ilin, Nikita Ivanov, Viacheslav Sokolov (vs@veeroute.com) et al. VRt Global (https://veeroute.com/)
Date          : 2023-04-24
Reference     : veeroute.com
Solution
Route 1 : 950 594 2094 1120 2450 1492 2992 2620 854 15 893 2393 1168 2354 1515 2668
Route 2 : 42 964 1060 2464 1377 2560 2877 784 380 104 188 1542 2284 1880 1688 1604
Route 3 : 408 239 1739 238 908 2408 1908 1738 202 198 1698 791 438 1702 1938 2291
Route 4 : 303 1004 1803 1329 899 2504 236 131 2829 1631 1246 2399 1736 1023 2523 2746
Route 5 : 817 624 2124 539 2039 2317 738 525 50 2238 1320 1550 2025 2820
Route 6 : 1330 2830 794 44 968 924 2468 1544 1299 2424 2294 1232 1215 2732 2799 2715
Route 7 : 250 471 265 1765 1971 106 1750 960 638 1606 2138 1106 403 2460 2606 1903
Route 8 : 661 751 277 2251 2161 582 929 1777 2429 685 2082 258 769 1758 2185 649 2269 2149
Route 9 : 580 1480 2080 2980 820 1051 497 907 2320 2551 2407 1997
Route 10 : 1420 1209 1414 2914 2920 2709 1474 2974 834 451 205 1951 1705 2334
Route 11 : 589 481 1455 2955 1981 2089 688 636 2136 852 2352 2188 386 372 1886 1872
Route 12 : 147 578 1647 454 490 2078 1954 1990 219 663 59 1719 2163 1559 27 1527
Route 13 : 1274 2774 1281 283 483 2781 1983 1783 926 565 82 1582 2426 1388 2065 117 1617 2888
Route 14 : 748 1228 2248 2728 1224 1305 2805 2724 1257 1061 228 2561 2757 1728
Route 15 : 813 874 2374 307 1152 1807 2313 1162 2652 1237 154 2662 2737 1654
Route 16 : 816 342 1842 1421 2316 2921 1239 679 2739 1036 652 2179 446 2536 1946 2152
Route 17 : 1015 195 441 1695 379 701 1941 1879 2201 169 599 358 1669 242 1742 1858 987 2515 2099 2487
Route 18 : 1411 145 1645 2911 1433 363 821 128 2933 1628 1863 2321 768 886 2386 2268
Route 19 : 743 2243 725 1469 2225 243 984 2484 2969 368 836 545 1743 533 2336 1868 2045 2033
Route 20 : 302 1201 2701 1171 2671 1802 180 863 194 2363 1297 1128 1694 1680 2628 2797
Route 21 : 828 958 1104 2604 2458 2328 1259 550 174 2050 2759 895 1674 1452 460 2952 2395 1960
Route 22 : 544 611 2044 625 166 1666 2111 2125 486 38 2 1538 1502 1986 1173 2673
Route 23 : 1268 1385 135 457 1957 2768 2885 20 1635 602 1520 656 927 2102 2156 2427
Route 24 : 811 203 388 1888 1703 2311 201 348 1701 969 781 847 1848 2469 2347 2281
Route 25 : 1470 1048 54 1554 2548 1193 1195 2970 2695 1488 1295 2795 2988 2693
Route 26 : 775 2275 153 519 64 746 1653 1390 1564 2246 2019 2890 676 209 12 2176 1709 1512
Route 27 : 1370 2870 1214 210 2714 1710 728 587 86 2087 230 1730 814 2228 1208 1586 2708 2314
Route 28 : 382 1033 774 173 892 1673 2533 2392 659 2274 713 2213 2159 1882 25 747 1525 2247
Route 29 : 262 1442 1762 395 2942 894 1022 2522 621 1895 596 2394 2121 371 560 2096 2060 1871
Route 30 : 416 312 1812 1916 404 548 1011 2511 2048 1904 1458 1136 2958 2636
Route 31 : 1400 921 2900 2421 334 120 136 1834 1636 760 1620 564 2260 290 1790 2064
Route 32 : 640 77 2140 370 414 1577 193 1870 1301 220 2801 1914 1693 785 1720 390 1890 2285
Route 33 : 598 2098 718 37 2218 681 1054 1537 979 612 40 2181 2479 1282 2782 2112 1540 2554
Route 34 : 1049 8 932 2432 1508 2549 482 1982 1164 2664 7 521 1507 2021
Route 35 : 1494 1135 2994 851 2351 2635 1034 1422 2534 2922 1170 308 1808 2670
Route 36 : 1486 1068 1005 559 2505 1324 2986 2824 2059 2568 1283 1386 2783 1052 2552 2886
Route 37 : 66 289 1789 735 2235 1053 1566 945 680 2445 2180 2553 1356 2856
Route 38 : 1153 1084 956 2584 2456 792 2653 2292 889 248 1332 1748 2389 1395 2832 1251 2895 2751
Route 39 : 1463 2963 162 1090 1662 948 1437 1174 2448 2590 1133 2674 2937 1123 2633 732 2623 2232
Route 40 : 1229 2729 5 542 2042 1505 804 1107 2304 350 2607 1850 450 378 1950 1878
Route 41 : 711 515 2211 2015 328 389 432 1932 726 1828 1889 1082 1325 2825 2226 2582
Route 42 : 776 529 963 347 672 1847 2029 2172 397 2463 222 234 1897 1722 1734 2276
Route 43 : 901 655 946 159 2446 1659 2155 1055 2555 2401 1498 1487 2987 2998
Route 44 : 675 160 387 739 2239 2175 1887 1660 489 707 862 2207 1989 2362 495 1995
Route 45 : 1405 627 994 2127 2494 2905 833 991 1413 2491 1134 2333 2913 320 1820 2634
Route 46 : 504 141 1485 1641 2004 871 2985 364 338 1500 1864 2371 3000 1838
Route 47 : 393 654 52 1552 1893 1194 2154 317 2694 1363 2863 1177 1817 2677 1383 2883
Route 48 : 65 1382 670 1565 2170 2882 1126 693 957 2626 2457 2193
Route 49 : 609 400 1143 1900 2643 196 941 1212 2441 2712 1127 2109 1119 2627 1696 2619
Route 50 : 885 788 170 2288 199 2385 1699 1347 1670 107 1607 1008 2847 442 2508 1942
Route 51 : 51 1551 1158 2658 761 6 1255 2261 2755 1029 1506 516 315 2016 2529 1815
Route 52 : 1002 137 2502 1637 149 1649 541 770 2041 923 2270 549 2423 352 2049 384 1884 1852
Route 53 : 1113 391 21 938 620 2120 1891 1521 329 2438 1074 1218 1829 2613 2574 2718
Route 54 : 767 1446 1275 2267 1121 2775 2946 2621 1476 1304 966 2804 2976 2466
Route 55 : 700 69 1569 346 844 2200 1846 2344 278 1778 487 1987 904 838 2338 305 58 2404 1558 1805
Route 56 : 1028 479 2528 18 232 1518 1979 1732 367 771 1867 1381 2271 2881 993 790 2493 2290
Route 57 : 466 898 1966 310 592 765 2398 1810 2265 1306 2092 1372 2806 2872
Route 58 : 456 992 2492 665 1956 2165 913 936 1165 733 2413 2665 2436 1172 2672 2233
Route 59 : 257 1757 799 492 2299 1992 439 668 2168 1205 2705 1183 1939 1211 2711 2683
Route 60 : 1285 2785 424 558 1924 754 750 2058 2250 2254 447 995 1947 709 2209 2495
Route 61 : 127 557 2057 608 1627 448 316 2108 1816 1948 436 714 698 1936 2214 2198
Route 62 : 1345 2845 900 298 2400 186 301 1686 1798 1801 1440 866 2366 2940 1160 1376 2876 2660
Route 63 : 605 2105 876 1291 569 2376 255 703 1755 2069 449 2203 63 1563 1949 2791
Route 64 : 1493 1207 1484 2707 2993 1070 253 2984 1753 2570 1271 1196 2696 2771
Route 65 : 185 556 2056 139 789 2289 1685 1064 1639 100 2564 1419 1389 2889 1600 2919
Route 66 : 1309 2809 699 39 2199 678 974 1539 2178 583 766 2266 2474 2083
Route 67 : 626 485 1985 2126 125 845 124 1624 669 2345 1625 319 2169 469 1819 1969
Route 68 : 1065 423 2565 1923 281 910 251 98 1781 2410 1598 1751 1047 119 878 1619 2547 2378
Route 69 : 1089 2589 1180 2680 632 1012 573 2512 2132 2073 299 853 4 1799 1504 2353
Route 70 : 57 1557 1242 786 2742 684 70 2286 1570 2184 644 375 604 1875 2104 2144 585 2085
Route 71 : 832 753 374 884 2332 2384 2253 1365 22 1522 2865 1874 643 349 2143 1849
Route 72 : 1284 1473 1339 2973 2839 2784 759 1221 930 2721 2259 2430 1101 433 1933 2601
Route 73 : 518 978 881 2381 2018 2478 398 764 1898 2264 554 109 2054 1609
Route 74 : 399 586 491 1899 2086 270 1991 666 2166 1770 1010 795 717 2295 721 2217 2510 2221
Route 75 : 1250 2750 530 696 1081 880 427 2380 1927 623 2196 172 2030 2581 2123 1672 102 1602
Route 76 : 1069 417 1917 1118 2569 1156 1425 2618 2925 2656 1348 1241 2741 2848
Route 77 : 618 826 920 140 1640 2118 2326 944 2420 695 2444 1409 2195 562 2909 2062
Route 78 : 235 808 742 2308 1403 2242 1735 213 2903 1713 1424 1175 2924 1187 2687 2675
Route 79 : 953 1478 2453 2978 383 1086 94 293 1793 2586 1401 1594 1883 191 868 2901 2368 1691
Route 80 : 500 2000 1399 2899 207 1426 2926 1222 1707 1344 683 2722 2183 2844
Route 81 : 1368 1327 2827 1397 1333 2868 2897 2833 478 645 1978 916 2145 1122 2622 2416
Route 82 : 708 181 986 818 2486 2318 274 206 575 1681 1112 1774 2208 1706 2075 2612
Route 83 : 1072 762 2572 2262 233 406 1317 1733 2817 647 1906 1192 546 2046 2692 2147
Route 84 : 229 639 1729 56 2139 341 1556 981 1841 870 2481 2370 1233 2733
Route 85 : 1200 444 1323 2700 1944 10 2823 385 1510 982 1885 824 2324 2482
Route 86 : 1088 887 2588 1427 1423 2927 2387 2923 458 323 1093 1823 2593 1958
Route 87 : 593 105 1037 1499 2537 1605 2093 2999 797 772 2297 35 1535 2272
Route 88 : 1321 1308 1117 749 2249 2821 1247 2808 2617 522 148 2747 1648 2022
Route 89 : 787 1483 2983 218 2287 607 1718 2107 1139 1358 954 2639 2454 2858
Route 90 : 1387 2887 1258 509 53 2009 1202 2702 1553 296 215 23 2758 1715 1523 1796
Route 91 : 705 980 256 1756 2480 2205 581 103 1603 2081 697 133 551 1633 2051 2197
Route 92 : 300 357 1857 1800 1040 260 998 657 2540 1760 2498 221 2157 1721 999 1189 2689 2499
Route 93 : 34 272 857 1772 1534 2357 1176 967 1144 2467 2644 2676
Route 94 : 1362 796 2862 467 2296 1967 29 167 1667 1529 343 1843 822 2322 476 971 2471 1976
Route 95 : 411 392 1892 1911 33 111 1611 1533 977 144 76 1644 1576 617 331 1831 2477 344 2117 1844
Route 96 : 81 1581 410 118 773 1910 1618 2273 1198 1280 2698 2780
Route 97 : 961 2461 660 1063 779 2160 337 2279 1213 2563 1837 55 339 1555 2713 1839
Route 98 : 1096 468 2596 1361 1968 1477 2861 1163 2977 1178 151 537 2663 2678 2037 1651
Route 99 : 473 588 922 1973 2088 2422 171 793 2293 437 1671 365 1937 782 1865 11 1511 2282
Route 100 : 1276 1184 1018 2776 934 2434 1169 2684 2518 93 1593 534 2669 2034 1116 2616
Route 101 : 777 67 280 1567 1780 2277 531 890 2031 1319 1451 2390 1058 925 2819 2558 2425 2951
Route 102 : 802 1231 1253 2731 2753 1016 2302 2516 83 108 914 691 1608 1583 2191 2414
Route 103 : 1001 706 2206 2501 1039 2539 231 247 165 426 1747 1336 1731 1665 1926 2836
Route 104 : 827 757 355 1855 526 2257 2327 2026 321 286 130 1786 1821 1630
Route 105 : 336 1836 523 2023 200 474 571 1700 1046 2071 1974 931 2546 78 1479 1578 2431 2979
Route 106 : 1083 1204 2583 2704 121 988 73 2488 1621 178 1573 1678 1491 1115 2991 2615
Route 107 : 783 864 1335 2283 2364 2835 1254 1311 2754 1087 2811 815 2587 2315 87 1587
Route 108 : 101 973 1601 2473 1314 2814 1398 1077 1443 2577 2943 1199 2898 241 2699 1741
Route 109 : 1353 1293 2853 2793 856 461 1300 2356 2800 1961 1374 1444 2874 2944
Route 110 : 1078 1130 2578 591 2091 1360 1278 2630 2860 1457 2778 837 989 2957 2489 2337
Route 111 : 225 88 1725 1032 702 1588 2202 2532 579 47 1547 499 690 2190 114 2079 1999 1614
Route 112 : 420 294 1920 805 763 2263 1326 1794 2826 2305 1434 1245 2745 2934
Route 113 : 1338 2838 71 470 540 1970 2040 1571 24 1524 13 590 2090 1513
Route 114 : 1035 547 45 2535 1431 2047 1352 1545 2931 1272 2852 1155 2772 2655 26 1526
Route 115 : 513 2013 1044 517 2017 2544 74 553 859 217 2359 1574 2053 1717
Route 116 : 75 17 1575 996 2496 830 2330 1517 1017 801 825 415 2325 1915 2517 2301
Route 117 : 19 1009 1519 434 514 2509 1934 2014 1092 520 452 61 1952 2020 2592 1561
Route 118 : 1471 112 1612 1185 2971 1191 2691 1465 2685 1392 2965 1496 1097 2892 2597 2996
Route 119 : 115 744 740 204 2240 1615 2244 377 527 1704 1877 2027 1373 1129 2873 2629
Route 120 : 462 244 1962 807 381 325 1744 1147 1881 2307 2647 1825 175 1675 90 1590
Route 121 : 1227 2727 715 2215 1071 673 2571 2173 472 903 1972 2403 637 264 1764 2137
Route 122 : 266 634 1766 2134 972 155 1124 2472 2624 418 1655 267 561 2061 1918 1059 2559 1767
Route 123 : 464 1050 1459 2550 1964 36 273 2959 633 1773 1536 1007 2133 568 2068 2507
Route 124 : 848 345 2348 1845 1179 1430 2679 2930 113 506 877 2377 1613 2006
Route 125 : 1322 850 1149 2649 2822 2350 671 311 917 935 1811 1418 2417 2435 2918 2171
Route 126 : 1266 614 168 1668 2114 1394 2766 563 2894 798 2063 800 858 2358 2300 2298
Route 127 : 366 584 60 1560 1866 2084 843 819 2319 176 906 1676 2343 2406 1456 2956
Route 128 : 1020 396 2520 1896 68 809 918 2418 2309 1568 1294 9 566 2794 1509 2066
Route 129 : 245 606 2106 1497 2997 1745 1307 1132 2632 1369 2807 1371 2869 2871 1357 2857
Route 130 : 48 939 1548 1167 2439 1277 2777 1223 2667 1226 2723 1141 405 2726 2641 1905
Route 131 : 1481 2981 861 716 419 2216 129 1310 1108 1919 2608 2361 1629 2810 1290 187 1687 2790
Route 132 : 284 629 429 2129 309 1784 943 327 1260 1929 2443 1827 2760 1809 1264 2764
Route 133 : 184 1230 1684 182 1682 727 2730 1354 2854 425 2227 226 435 631 1925 1935 2131 1726
Route 134 : 49 150 1549 1236 646 1650 1436 2146 2936 276 295 1795 2736 806 2306 1776
Route 135 : 686 246 756 2186 1105 1467 1746 2256 1220 2605 2967 1248 2720 2748
Route 136 : 502 143 480 1643 216 2002 1288 1716 1980 2788 1238 1166 1355 2738 2666 2855
Route 137 : 704 369 970 2204 2470 1408 1869 2908 810 1138 2310 1197 2697 2638 1206 1240 2706 2740
Route 138 : 928 1441 2941 1461 2428 332 2961 1832 730 261 1761 62 2230 1464 1562 2964
Route 139 : 962 498 641 2141 1998 2462 1286 512 1031 2786 1417 2531 2917 1462 2012 2962
Route 140 : 268 428 724 940 1768 2440 1928 2224 285 846 576 2346 1785 2076
Route 141 : 897 1379 1349 2879 2849 2397 1303 1396 2803 2896 422 271 1771 110 1922 1610
Route 142 : 1042 158 1235 1658 1292 2542 2792 2735 252 484 511 1406 2011 1752 2906 1984
Route 143 : 720 412 1453 2953 1340 2840 1912 360 2220 1860 677 619 359 292 1792 1859 2177 2119
Route 144 : 269 755 535 1364 1769 2255 1186 2035 459 376 2686 1959 1876 780 1041 2541 2864 2280
Route 145 : 496 192 1692 1996 324 431 1006 2506 1824 1429 1931 1460 2929 1289 2960 2789
Route 146 : 872 503 2003 1154 2654 2372 610 752 2252 1094 2110 831 1269 2594 2331 2769
Route 147 : 326 912 97 2412 1826 1182 1597 287 2682 723 689 2189 1787 2223
Route 148 : 1449 1341 2949 189 263 1763 1689 524 421 2024 1921 823 2841 919 2323 2419
Route 149 : 528 72 1085 2585 2028 1572 572 306 1334 1806 2072 600 2834 860 2100 2360
Route 150 : 134 1019 84 1634 297 1797 1273 2519 1584 622 2773 2122 1150 937 2437 2650
Route 151 : 224 536 1378 2878 2036 1724 555 758 2258 692 254 1102 2055 2602 1754 2192
Route 152 : 493 1148 949 2648 1993 2449 1366 31 1375 2866 1466 1531 2966 2875
Route 153 : 288 79 613 1579 1788 648 157 1657 2113 2148 1359 1367 2867 2859
Route 154 : 197 1697 443 1000 2500 314 635 510 1943 1814 2010 1161 1103 2135 2603 2661
Route 155 : 552 2052 849 1181 2681 2349 1445 812 965 595 1217 2465 2945 2717 2312 2095
Route 156 : 719 1067 741 2219 2567 2241 1219 2719 615 1014 275 1024 2524 1775 2115 2514
Route 157 : 1402 2902 983 505 282 1782 351 2005 1263 570 1851 89 2763 2070 2483 1589
Route 158 : 373 333 1873 1140 2640 1833 674 41 1095 1541 2595 2174
Route 159 : 1109 1342 1435 2609 2935 2842 28 1528 240 577 1076 1740 2576 839 2077 2339
Route 160 : 318 1468 1818 2968 736 840 407 2236 2340 152 1907 227 1652 1447 1727 2947
Route 161 : 183 976 1683 2476 1495 453 1953 2995 291 985 146 2485 1646 1791
Route 162 : 99 1599 1287 1328 2787 1337 2828 882 2837 46 2382 190 1043 1690 1546 2543
Route 163 : 16 1045 1516 879 2379 2545 1188 1490 1454 2688 2954 1038 662 2538 2990 304 2162 1804
Route 164 : 896 1256 2396 2756 440 223 1940 1723 1249 1302 2749 2802 1159 2659
Route 165 : 1075 651 2151 2575 335 122 354 96 1854 1622 463 1835 1596 1963
Route 166 : 1100 1111 2600 1439 2611 1279 664 2779 2939 2164 1261 1315 2815 2761
Route 167 : 567 1079 259 2579 1759 353 1025 2525 1853 855 455 2355 1210 2067 1955 2710
Route 168 : 778 132 1632 95 2278 1416 2916 1595 1157 1013 508 313 2657 2008 1813 2513
Route 169 : 179 430 43 1930 1142 1543 2642 1679 1234 1203 2703 1393 2734 2893
Route 170 : 32 888 2388 883 2383 445 91 1591 642 1532 532 1945 2142 2032 507 214 2007 1714
Route 171 : 722 237 14 1057 1737 538 2222 1438 1514 2557 2938 1131 1432 2932 2631 2038
Route 172 : 488 361 1988 731 712 1861 116 330 2212 1616 1830 2231
Route 173 : 601 1030 2530 2101 1318 2818 1091 322 1822 682 2182 2591 1244 1482 2982 2744
Route 174 : 842 2342 1343 667 142 1642 2843 2167 658 212 2158 1712 597 543 2043 2097
Route 175 : 208 413 340 211 1913 1708 3 1711 1840 603 2103 869 1503 394 1066 1894 2566 2369
Route 176 : 905 947 2405 959 990 2447 2490 2459 1267 1146 2767 2646 1137 1350 2850 2637
Route 177 : 30 249 1749 1410 1530 2910 1475 891 835 2335 2975 2391
Route 178 : 138 156 1656 1412 2912 1638 92 933 2433 1592 745 734 803 2303 2245 2234
Route 179 : 1265 1270 2765 1243 2770 1391 1404 2743 2904 1125 2891 1316 2816 2625
Route 180 : 1073 710 1296 2210 2796 2573 1026 80 2526 1580 911 123 1623 163 402 1663 2411 1902
Route 181 : 164 1450 1664 1114 2614 2950 409 477 1909 1489 2989 1151 1110 1977 2610 2651
Route 182 : 1027 1098 2527 2598 1407 1351 356 1099 2907 1856 177 2851 1677 2599
Route 183 : 1415 1448 2915 1380 694 2948 161 2194 2880 1472 1298 475 1661 2972 2798 1975
Route 184 : 1216 1225 2716 1346 2846 1313 2725 2813 687 955 362 1 2187 2455 1501 1862
Route 185 : 1021 279 2521 1779 951 737 2451 729 2237 2229 574 915 1080 2074 2415 2580
Route 186 : 909 1145 1003 2503 2409 2645 616 628 2116 865 2365 2128 942 902 829 2329 2442 2402
Route 187 : 1190 1252 1428 2928 2690 2752 650 2150 1056 126 2556 975 1626 1062 2475 2562
Route 188 : 841 465 2341 1384 1965 2884 1312 1331 2812 2831 1262 2762 653 501 2153 2001
Route 189 : 630 2130 494 875 1994 873 85 2375 2373 1585 997 952 867 401 1901 2452 2497 2367