Instance name : ber-n2500-6
Authors : Simen T. Vadseth, Henrik Andersson, Jean-Francois Cordeau and Magnus Stålhane
Date : 24.06.2023
Reference : TBA
Solution
Route	1 :  498 1748 700 724 814 1974 2064 1950
Route	2 :  545 242 375 1625 920 2170 1492 1795
Route	3 :  1144 2394 657 160 1119 1410 1907 2369
Route	4 :  281 239 1489 8 1531 1258
Route	5 :  524 1222 812 2062 1774 2472 327 1577
Route	6 :  1191 97 73 2441 1038 1347 1323 2288
Route	7 :  687 679 929 1929 1937 872 2122 2179 1171 2421
Route	8 :  587 43 397 1647 1837 693 1293 123 1373 1943
Route	9 :  1110 425 519 1136 1675 2360 982 1769 2386 2232
Route	10 :  850 640 86 179 1890 1336 1429 2100
Route	11 :  421 892 877 206 2127 2142 1456 1671 974 2224
Route	12 :  69 1198 128 2448 1319 1378
Route	13 :  414 90 649 1664 200 354 1340 1604 1450 1899
Route	14 :  486 1196 288 1736 854 2446 1538 2104
Route	15 :  1015 153 402 1403 1652 672 1922 2265
Route	16 :  945 592 45 615 2195 1295 895 1842 1865 2145
Route	17 :  511 630 410 1660 1880 528 1761 1778
Route	18 :  600 453 1850 190 1048 2298 1440 1703 888 2138
Route	19 :  483 739 394 900 1644 1733 1989 267 2150 1517
Route	20 :  427 77 129 626 1327 1677 1876 1379
Route	21 :  82 1029 694 1944 2279 1332
Route	22 :  352 993 969 2219 227 1602 1477 2243
Route	23 :  752 435 1083 1685 159 2002 2333 1409
Route	24 :  1040 571 740 889 1821 2290 2139 1990 934 2184
Route	25 :  182 108 1358 475 383 1432 1725 1633
Route	26 :  452 283 1093 2343 1702 1533
Route	27 :  665 403 512 1762 565 1915 1815 1653
Route	28 :  772 842 723 2022 1973 307 2092 1557
Route	29 :  412 734 596 1984 1662 1846
Route	30 :  115 268 1518 1118 1365 870 2120 2368
Route	31 :  331 411 125 280 1581 1661 1530 1375
Route	32 :  1043 1228 2293 732 2478 426 755 2005 1676 1982
Route	33 :  1199 439 828 1689 223 2078 2449 1473
Route	34 :  215 382 730 1465 1632 1980
Route	35 :  420 917 1670 1007 2257 2167 964 628 2214 1878
Route	36 :  746 419 1996 1163 655 2413 1669 1905
Route	37 :  362 1004 510 1612 1760 1011 2254 2261
Route	38 :  790 2040 813 643 753 2063 2003 1893
Route	39 :  913 162 2163 181 910 1431 2160 1412
Route	40 :  927 155 960 17 1405 2177 120 1267 2210 1370
Route	41 :  1227 216 1244 1466 2494 2477
Route	42 :  463 682 822 1713 1932 2072 147 1397
Route	43 :  574 1067 622 2317 1872 1824 849 575 1825 2099
Route	44 :  804 494 47 104 2054 1054 1297 1744 2304 1354
Route	45 :  604 353 841 1603 1854 867 2117 2091
Route	46 :  691 1187 1941 119 2437 1369
Route	47 :  988 440 2238 991 2241 1690
Route	48 :  146 253 1396 838 1503 684 2088 1934
Route	49 :  610 705 598 1955 1860 428 1678 1848 959 2209
Route	50 :  277 285 5 1527 951 1255 1535 2201
Route	51 :  802 2052 18 1268 570 66 1820 1316
Route	52 :  613 1158 2408 1863 464 114 591 1714 1364 1841
Route	53 :  621 23 1871 195 692 1273 1942 1445
Route	54 :  356 355 450 1605 1606 1167 1700 2417
Route	55 :  1139 517 369 1619 433 1683 1767 2389
Route	56 :  271 1100 432 1521 2350 1682 492 1742
Route	57 :  400 346 269 1519 61 1650 1596 1311
Route	58 :  567 639 1817 474 341 102 1889 1724 1352 1591
Route	59 :  1019 2269 1134 226 2384 1151 1476 361 1611 2401
Route	60 :  774 1081 731 2024 422 2331 1672 1981
Route	61 :  680 455 161 905 1411 1930 2155 1705
Route	62 :  34 648 1898 557 1284 1234 1807 611 2484 1861
Route	63 :  99 1349 1045 1024 2295 89 2274 1339
Route	64 :  955 490 2205 820 989 2070 1740 2239
Route	65 :  766 847 2016 1041 214 2291 2097 1464
Route	66 :  103 819 48 1353 1298 447 976 2069 2226 1697
Route	67 :  1115 801 2365 180 158 1408 2051 708 1430 1958
Route	68 :  337 1065 1240 1587 2490 1233 2315 2483
Route	69 :  1203 968 2453 408 725 1975 1658 2218 1058 2308
Route	70 :  80 1052 1330 1114 2302 1037 2364 2287
Route	71 :  736 668 971 2221 1918 1059 1223 2473 2309 1986
Route	72 :  793 1141 2043 326 152 495 2391 1402 1745 1576
Route	73 :  1137 199 1030 2280 417 2387 1667 1449 800 2050
Route	74 :  343 997 135 33 1385 1593 1283 2247
Route	75 :  893 233 1021 817 1483 2143 601 1851 2271 2067
Route	76 :  149 965 716 641 1399 2215 1891 1966
Route	77 :  1098 2348 29 1238 1072 1279 2488 2322
Route	78 :  871 807 2121 1190 1001 2251 2057 1033 2440 853 2103 2283
Route	79 :  885 816 938 2066 744 2188 1994 2135
Route	80 :  998 21 174 1117 1424 2367 1271 2248 294 1544
Route	81 :  943 644 314 1894 1564 642 407 2193 1892 1657
Route	82 :  140 979 2229 1390 345 1217 2467 1595
Route	83 :  116 1366 532 507 1782 393 1757 1643 19 1269
Route	84 :  16 1126 1266 132 865 2376 2115 1382
Route	85 :  830 992 2080 711 112 2242 81 1961 1362 1331
Route	86 :  456 245 837 1495 1706 1006 2256 2087
Route	87 :  728 659 323 1978 568 1909 1573 1818 207 1457
Route	88 :  257 646 1896 138 1388 536 1507 1786
Route	89 :  769 204 25 1454 2019 1275
Route	90 :  298 553 1803 999 1548 2249
Route	91 :  1204 303 2454 292 289 1539 551 1553 1542 1801
Route	92 :  270 811 875 290 1520 880 2061 1540 2125 2130
Route	93 :  1069 733 2319 1983 928 2178
Route	94 :  342 1055 1592 735 1985 629 1879 2305
Route	95 :  1178 675 1925 2428 939 2189
Route	96 :  255 506 1061 1027 1756 1505 2311 2277
Route	97 :  224 1474 168 434 1418 376 1684 1626 275 1525
Route	98 :  31 946 763 1143 2196 2013 1281 2393
Route	99 :  911 588 2161 1242 1207 1838 325 2457 1575 2492
Route	100 :  584 57 1834 1307 603 765 2015 1853
Route	101 :  243 1050 651 1493 2300 656 1901 228 1906 1478
Route	102 :  357 833 1607 423 398 2083 1138 1673 1648 2388
Route	103 :  489 1201 1739 1002 64 2252 2451 1314
Route	104 :  881 315 1180 1155 2430 685 2131 1565 1935 2405
Route	105 :  42 186 248 890 2140 1292 840 2090 1498 1436
Route	106 :  698 921 219 903 2171 1948 2153 1469
Route	107 :  418 254 1668 1009 2259 1504
Route	108 :  286 727 1536 79 535 1977 1785 848 1329 2098
Route	109 :  554 308 436 1558 794 1686 2044 1804
Route	110 :  525 526 1775 203 260 897 1510 1776 1453 2147
Route	111 :  37 1125 978 2228 247 1497 2375 1287
Route	112 :  212 109 1229 220 1462 2479 137 1470 1387 1359
Route	113 :  386 10 1082 399 1649 1260 2332 1636
Route	114 :  803 306 2053 462 1556 1022 1202 1712 2452 2272
Route	115 :  53 1147 618 839 1303 1183 2397 1868 2433 2089
Route	116 :  458 1708 863 338 405 2113 1588 1655
Route	117 :  59 1246 2496 1309 851 738 2101 1988
Route	118 :  1213 677 883 1162 2133 1927 2463 2412
Route	119 :  52 209 1089 1459 1239 2489 1302 560 1810 2339
Route	120 :  85 500 1215 1335 372 2465 1622 1750
Route	121 :  916 36 2166 768 1286 581 2018 1173 1831 2423
Route	122 :  564 96 967 1179 2429 1814 1346 2217
Route	123 :  1123 1057 540 448 2307 1698 1790 2373
Route	124 :  201 957 1451 2207 396 50 1300 1646
Route	125 :  1127 785 597 431 2377 2035 1681 1847
Route	126 :  388 1193 1170 1638 922 1235 2172 2443 2420 2485
Route	127 :  1005 1214 2464 1211 2255 1080 2461 2330
Route	128 :  1250 2500 825 305 351 2075 111 1555 1361 1601
Route	129 :  32 189 783 332 1582 2033 1282 1439 1218 2468
Route	130 :  878 1053 678 2128 624 2303 1928 1085 1874 2335
Route	131 :  779 2029 54 1226 2476 1304 499 1749
Route	132 :  67 683 1013 1933 2263 1317
Route	133 :  707 151 594 1957 719 1401 1969 13 1844 1263
Route	134 :  896 150 590 942 2192 1400 2146 1840
Route	135 :  520 395 384 1634 1770 984 2234 1645 347 1597
Route	136 :  139 827 2077 788 1248 1389 2498 2038
Route	137 :  319 1132 300 1569 1225 2382 2475 1550
Route	138 :  702 1154 1952 786 2036 808 2404 2058
Route	139 :  198 856 899 373 1623 2106 205 2149 1455 1448
Route	140 :  127 387 1105 1076 2326 1377 2355 1637
Route	141 :  74 142 1324 71 994 1392 775 2244 1321 2025
Route	142 :  1010 1102 2260 593 1843 674 2352 1924
Route	143 :  935 606 1856 670 272 1920 846 2185 1522 2096
Route	144 :  1095 2345 818 696 444 1946 1694 2068
Route	145 :  232 202 1482 110 843 531 2093 1452 1781 1360
Route	146 :  333 118 1121 2371 1368 580 1583 1830
Route	147 :  167 1206 1044 3 931 1253 1417 2456 2181 2294
Route	148 :  787 509 2037 1122 72 2372 1322 1759
Route	149 :  317 1084 1567 789 2039 2334 966 2216
Route	150 :  667 627 996 1917 437 1687 2246 1877
Route	151 :  126 1376 56 218 514 1468 1306 796 1764 2046
Route	152 :  1209 747 797 662 2459 2047 156 1997 1912 1406
Route	153 :  944 320 2194 1570 810 197 1447 2060
Route	154 :  778 505 401 497 2028 1747 1755 1651
Route	155 :  671 1073 821 548 2323 729 1921 1979 2071 1798
Route	156 :  196 713 297 1446 855 1963 1547 2105
Route	157 :  379 38 1629 770 1288 2020
Route	158 :  579 312 972 1829 926 1562 2176 163 1413 2222
Route	159 :  24 1274 623 638 546 1873 1796 1888 1230 2480
Route	160 :  7 882 1257 2132 237 461 1487 1711
Route	161 :  1016 2266 1219 1077 550 2327 2469 1800
Route	162 :  1197 368 385 1618 1159 2409 2447 1635
Route	163 :  482 170 1056 1420 166 1732 2306 1416
Route	164 :  250 84 1334 834 1500 1208 2084 2458
Route	165 :  415 211 1665 985 949 2235 1185 1461 2435 2199
Route	166 :  1003 637 2253 378 1887 1628
Route	167 :  751 886 2136 645 1156 2001 2406 1895
Route	168 :  1049 1135 2385 706 923 2299 2173 1956
Route	169 :  192 652 1169 460 1902 1232 2419 2482 1710 1442 876 2126
Route	170 :  259 46 1509 894 721 1296 1023 2144 1971 2273
Route	171 :  313 1047 287 1537 2297 70 1563 1320
Route	172 :  309 1559 496 547 1797 1746
Route	173 :  234 924 348 1131 2381 1598 1484 2174
Route	174 :  1166 144 1394 1012 2416 780 1184 2262 2030 2434
Route	175 :  251 1177 264 2427 472 1501 1514 1722 826 2076
Route	176 :  529 330 1580 1779 635 776 1885 2026
Route	177 :  1181 55 569 1148 1305 1819 2398 2431
Route	178 :  1174 2424 1192 805 2442 844 2055 2094
Route	179 :  614 404 1200 311 1107 1561 1864 1654 2450 2357
Route	180 :  873 1034 710 868 1161 1960 2118 2123 2411 2284
Route	181 :  1051 538 2301 488 887 1738 2137 1788
Route	182 :  100 87 98 1350 390 1640 1348 1337
Route	183 :  681 263 726 1513 523 1931 1976 1773
Route	184 :  246 975 970 493 1496 2220 2225 1743
Route	185 :  1109 276 1526 2359 299 194 28 689 1549 1278 1444 1939
Route	186 :  12 157 172 210 1262 1422 62 1407 1312 1460
Route	187 :  1094 1039 107 2344 1357 2289
Route	188 :  952 141 2202 1092 1220 1391 2342 2470
Route	189 :  664 1031 950 2200 2281 467 1914 1717
Route	190 :  262 858 866 2108 2116 1512
Route	191 :  777 249 559 1241 1499 2491 1809 2027
Route	192 :  94 339 832 798 2082 2048 1589 1344
Route	193 :  1145 2395 360 63 1313 869 2119 1610
Route	194 :  491 558 1741 295 274 1524 1808 1249 1545 2499
Route	195 :  1090 2340 183 1071 1433 1189 367 2439 1617 2321
Route	196 :  861 1025 1116 2111 1128 745 1995 2275 2366 2378
Route	197 :  377 563 1627 304 1554 718 1968 1813 1014 2264
Route	198 :  742 2 1231 442 1252 1692 1992 2481
Route	199 :  20 784 1270 176 2034 504 291 1426 1754 1541
Route	200 :  321 852 712 244 1571 2102 1962 1494
Route	201 :  310 1097 1560 1074 381 2324 171 1421 1631 2347
Route	202 :  92 370 1342 358 1620 539 1789 1608
Route	203 :  30 441 1280 392 1642 478 1691 1728
Route	204 :  15 22 1265 459 1272 619 1709 1869
Route	205 :  516 533 901 6 1766 2151 1783 1256
Route	206 :  760 534 2010 1784 556 555 1805 1806
Route	207 :  1120 809 2059 704 2370 1954
Route	208 :  891 301 1551 990 14 2141 471 1721 1264 2240
Route	209 :  1066 322 743 235 1993 2316 1572 625 1875 1485
Route	210 :  335 806 879 1585 1221 2471 2056 2129
Route	211 :  1032 737 282 2282 544 1532 1987 1794
Route	212 :  983 1224 2474 366 2233 1087 2337 1616
Route	213 :  748 238 1096 1488 2346 468 1998 1718
Route	214 :  815 915 1205 173 2165 1423 2065 2455 145 1395
Route	215 :  906 2156 1088 2338 122 631 1372 350 1600 1881
Route	216 :  457 241 1707 60 572 1822 1310 1491
Route	217 :  11 340 1133 1261 229 1590 1479 2383
Route	218 :  722 954 2204 754 1972 607 2004 1857
Route	219 :  133 449 1383 995 715 2245 1699 1965
Route	220 :  521 541 1791 762 1771 424 2012 1674
Route	221 :  279 1247 792 2497 1529 2042 222 1472
Route	222 :  4 835 363 1254 963 2085 518 1613 2213 1768
Route	223 :  409 502 1752 364 1614 1659 1099 2349
Route	224 :  981 1175 661 2231 1911 1017 857 2425 2107 2267
Route	225 :  904 225 1475 175 2154 654 1904 1425
Route	226 :  909 76 1064 2159 1111 1326 2361 2314
Route	227 :  862 543 68 2112 676 1318 697 1793 1926 1947
Route	228 :  987 188 2237 1149 1438 1157 2399 2407
Route	229 :  83 513 1036 1763 1333 2286
Route	230 :  953 344 1594 1101 980 595 2203 1845 2230 2351
Route	231 :  582 1160 479 717 1729 2410 1832 51 1967 1301
Route	232 :  1078 1150 105 919 2328 2169 1355 2400
Route	233 :  666 1916 231 261 1511 907 1481 2157
Route	234 :  334 522 1152 487 1772 1737 2402 1584
Route	235 :  620 329 1870 265 1112 2362 1579 1008 2258 936 2186 1515
Route	236 :  177 121 1427 91 585 1371 1341 1835
Route	237 :  782 647 1212 1897 2032 2462 9 1259
Route	238 :  284 124 925 1534 586 1836 1374 2175
Route	239 :  413 58 1308 608 1663 185 1858 1435
Route	240 :  1026 515 454 2276 1704 1765 653 240 1490 1903
Route	241 :  131 365 1381 703 1953 1615
Route	242 :  130 1380 1140 1130 527 2380 2390 634 1884 1777
Route	243 :  27 616 1866 1277 829 429 476 2079 1679 1726
Route	244 :  430 947 1035 2197 1680 602 1852 2285
Route	245 :  941 473 380 1630 2191 1723 799 2049
Route	246 :  1018 1106 2268 749 1999 2356
Route	247 :  41 764 741 1991 2014 1291 1176 2426
Route	248 :  1124 1068 1146 1195 2396 2374 2318 93 2445 1343
Route	249 :  446 573 908 1696 1 1251 1823 2158
Route	250 :  1182 481 143 1731 2432 1393 542 26 480 1730 1792 1276
Route	251 :  221 508 1471 756 561 2006 1811 40 1758 1290
Route	252 :  549 930 1062 2180 1799 470 2312 1720 609 1859
Route	253 :  389 956 884 2134 1639 2206 948 213 1463 2198
Route	254 :  845 2095 864 660 589 1839 1910 2114
Route	255 :  371 1046 44 1621 1294 2296
Route	256 :  164 49 1020 530 1414 273 2270 1780 1523 1299
Route	257 :  932 771 208 2182 902 2152 2021 1458
Route	258 :  485 451 632 791 1701 1882 2041 1735
Route	259 :  599 184 699 1849 1434 1949
Route	260 :  1108 293 2358 252 1543 1060 2310 1502
Route	261 :  256 962 1506 469 1719 650 2212 477 1727 1900
Route	262 :  391 187 831 690 2081 1437 1641 1940
Route	263 :  633 605 1091 898 1883 278 1855 2341 2148 1528
Route	264 :  669 1028 1919 484 1734 2278
Route	265 :  134 933 1384 2183 937 2187
Route	266 :  552 148 1398 1075 1086 1802 2325 2336
Route	267 :  1168 612 191 1441 2418 1862 169 1419
Route	268 :  39 1289 758 178 658 1428 1908 2008
Route	269 :  701 236 336 1216 2466 1951 1486 1586
Route	270 :  349 1599 1042 316 1566 2292 617 1867
Route	271 :  977 1164 757 1063 2414 2227 636 2313 2007 1886
Route	272 :  193 576 1443 1826 1142 961 2392 503 1753 2211
Route	273 :  1245 781 117 2031 1367 2495
Route	274 :  688 577 720 795 940 1827 1938 2190 2045 1970
Route	275 :  445 686 958 1194 1695 1936 2208 2444
Route	276 :  1113 562 1812 767 2363 324 1079 35 1285 2329 2017 1574
Route	277 :  1000 1070 165 2250 328 1415 1578 438 1688 2320
Route	278 :  836 750 2086 663 258 230 1913 1508 1480 2000
Route	279 :  266 65 1516 1315 1237 537 859 2109 2487 1787
Route	280 :  986 759 2236 406 860 2110 2009 1656
Route	281 :  918 1129 78 2379 106 2168 1328 1356
Route	282 :  973 912 2223 374 2162 1624
Route	283 :  75 1325 1103 773 824 2023 2074 2353
Route	284 :  1104 359 154 1609 2354 1404 1243 2493
Route	285 :  566 1210 2460 914 1816 2164
Route	286 :  1186 673 583 1188 2436 1923 2438 1833
Route	287 :  443 874 1153 2403 1236 1693 2124 88 1338 2486
Route	288 :  1165 136 302 1386 695 1552 2415 1945
Route	289 :  113 1363 714 501 465 1964 1751 1715
Route	290 :  95 761 1345 2011 217 1467 318 709 1959 1568
Route	291 :  416 823 578 296 1828 2073 1666 1546
Route	292 :  466 1172 2422 1716 101 1351
