Instance name:	ber-n800-2
Authors:		Carlo Sartori and Luciana Buriol
Date:			2019-2-11
Reference:		A matheuristic approach to the PDPTW (to be submitted)
Solution
Route 1 : 44 19 184 444 419 31 194 584 594 53 431 453
Route 2 : 90 179 490 193 579 593 165 304 565 704
Route 3 : 360 203 164 564 274 760 603 674 287 319 214 687 614 719
Route 4 : 218 618 343 15 415 743 286 188 132 588 532 686
Route 5 : 370 381 347 770 747 781 124 55 524 455 12 412
Route 6 : 50 189 450 589 252 652 140 123 523 540 248 118 648 518
Route 7 : 94 62 462 494 317 103 102 502 503 198 717 598
Route 8 : 46 241 641 36 446 436 284 264 684 269 254 654 669 664
Route 9 : 143 543 155 210 21 610 122 522 1 421 401 555
Route 10 : 266 236 666 350 108 750 636 508 396 97 497 796
Route 11 : 257 281 657 261 354 681 754 65 661 465 52 452 156 556
Route 12 : 359 280 327 680 759 69 727 11 469 149 549 411 33 433
Route 13 : 238 292 221 621 638 272 334 672 17 417 323 723 734 692
Route 14 : 6 77 3 477 403 234 105 634 505 406 147 32 185 585 432 547
Route 15 : 251 205 351 373 773 232 651 5 751 632 365 605 397 405 797 765
Route 16 : 129 529 126 379 49 449 399 779 243 526 643 799
Route 17 : 213 293 613 693 296 76 139 539 476 263 295 696 695 663
Route 18 : 127 158 527 83 558 369 483 171 571 306 769 706
Route 19 : 87 190 58 590 288 181 458 688 216 616 581 487
Route 20 : 271 277 13 671 677 413 88 385 488 340 235 785 635 740
Route 21 : 98 195 498 215 595 157 10 615 410 557 262 662
Route 22 : 300 283 700 355 4 755 404 683 313 289 713 689 150 550
Route 23 : 117 267 667 517 301 67 701 318 718 467 146 546
Route 24 : 191 135 591 303 34 535 75 434 475 38 703 438
Route 25 : 170 282 570 175 99 499 682 305 575 705 245 645
Route 26 : 172 363 72 572 348 763 472 748 89 322 722 180 489 580
Route 27 : 64 200 464 37 279 600 437 679 161 148 561 291 548 691
Route 28 : 128 528 168 80 130 568 480 276 192 676 530 592
Route 29 : 182 382 782 378 582 298 778 91 491 698
Route 30 : 358 145 758 545 70 314 714 260 660 470 177 577
Route 31 : 9 409 329 167 63 729 35 463 387 787 114 435 514 567
Route 32 : 237 637 391 791 231 166 371 566 631 771 312 712
Route 33 : 341 173 51 741 573 225 395 451 625 795 20 104 420 504
Route 34 : 250 152 268 186 586 199 552 650 668 599 393 265 793 665
Route 35 : 309 219 258 204 42 604 658 709 66 619 466 442
Route 36 : 119 202 325 519 316 376 716 602 176 725 576 776
Route 37 : 144 206 25 386 606 332 544 786 113 732 425 388 513 788
Route 38 : 92 492 331 223 131 120 531 623 520 731
Route 39 : 138 367 538 73 473 256 767 656 39 336 736 439 153 553
Route 40 : 377 246 777 362 54 646 121 454 2 762 521 402
Route 41 : 79 74 479 239 474 299 699 222 639 30 622 159 430 559
Route 42 : 28 374 428 774 187 345 84 484 392 745 587 792
Route 43 : 338 23 423 333 738 328 728 307 707 733 352 752
Route 44 : 208 608 344 240 744 253 27 427 640 48 448 653
Route 45 : 47 196 447 228 596 82 628 482 275 675
Route 46 : 141 311 541 711 259 389 244 659 366 789 766 644
Route 47 : 227 627 26 383 342 426 207 742 24 424 607 285 783 685
Route 48 : 372 772 321 107 507 721 364 390 764 790 375 775
Route 49 : 356 174 68 111 468 249 756 574 511 45 29 429 445 85 485 649
Route 50 : 106 506 134 57 346 746 8 384 408 457 534 784
Route 51 : 394 7 125 794 525 339 407 133 739 220 533 620
Route 52 : 217 290 14 136 617 349 414 749 690 536
Route 53 : 86 233 486 315 633 320 715 720 197 597 224 624
Route 54 : 16 416 163 330 563 337 737 730 247 60 460 647
Route 55 : 242 40 302 702 642 440 273 226 626 22 673 422
Route 56 : 100 96 294 270 500 61 496 694 670 461 183 583
Route 57 : 71 201 471 380 601 93 493 400 780 800 211 611
Route 58 : 297 278 678 697 230 398 229 630 310 798 629 710
Route 59 : 335 735 115 116 209 516 515 609 255 655 112 512
Route 60 : 109 509 78 81 478 481 142 542 368 768 154 361 101 554 761 501
Route 61 : 41 212 59 441 353 612 43 459 753 357 443 757
Route 62 : 169 178 569 162 562 56 456 324 137 724 578 537
Route 63 : 110 510 160 151 560 95 308 551 495 326 18 726 418 708
