Instance name:    ber-n3000-7
Authors:          Dmitriy Churilov (churilov@advantum.pro), Alexander Galko. Advantum Routing System (advantum.ru/route)
Date:             2025-04-02
Reference:        Advantum Routing System, advantum.ru/route
Solution
Route 1 : 1097 2597 567 244 714 2067 2214 1744
Route 2 : 183 1683 1307 310 1469 2807 1810 2969
Route 3 : 1107 2607 477 971 324 1977 1824 2471
Route 4 : 1157 1380 2880 583 2083 409 1909 2657
Route 5 : 120 570 622 2070 2122 908 2408 1620
Route 6 : 1224 594 2724 118 358 1618 2094 1858
Route 7 : 652 610 2152 22 2110 1522 323 1823
Route 8 : 73 1486 1573 1158 2986 598 2658 2098
Route 9 : 54 1554 953 497 2453 30 1530 1997
Route 10 : 880 724 883 2380 2224 868 2383 2368
Route 11 : 201 806 1701 2306 354 98 1854 1598
Route 12 : 237 732 2232 79 298 1798 1579 1737
Route 13 : 345 869 1345 2845 2369 218 1718 1845
Route 14 : 521 130 1630 2021 1318 1265 2765 2818
Route 15 : 1030 590 2530 2090 556 49 1549 2056
Route 16 : 898 589 2398 448 2089 1948 50 1550
Route 17 : 723 418 920 2223 181 1918 1681 2420
Route 18 : 1497 2997 335 384 1835 1884
Route 19 : 164 187 599 1664 1687 2099 899 2399
Route 20 : 839 592 604 2339 2092 988 2104 2488
Route 21 : 343 1078 427 1927 502 2578 2002 1843
Route 22 : 77 728 823 2228 1378 2323 2878 1577
Route 23 : 449 1949 513 581 1306 2013 2081 2806
Route 24 : 542 776 351 2276 2042 1851 1117 2617
Route 25 : 639 701 2139 828 119 2328 1619 2201
Route 26 : 405 1905 870 696 677 2370 2196 2177
Route 27 : 18 1518 377 585 1877 2085
Route 28 : 1463 1214 2963 1064 2714 739 2564 2239
Route 29 : 53 918 2418 1553 131 1352 1631 2852
Route 30 : 1020 1136 2520 313 2636 685 1813 2185
Route 31 : 702 2202 1199 134 2699 1634
Route 32 : 230 227 1730 297 1727 660 1797 2160
Route 33 : 958 849 629 2349 2129 1279 2458 2779
Route 34 : 470 1970 1482 824 1162 2982 2662 2324
Route 35 : 1183 382 2683 1882 488 671 1988 2171
Route 36 : 1310 1005 2810 2505 1485 539 2985 2039
Route 37 : 1175 420 1920 167 2675 995 2495 1667
Route 38 : 1424 1079 1312 2924 2579 331 2812 1831
Route 39 : 1155 937 2437 676 2655 1186 2176 2686
Route 40 : 43 1543 51 789 404 2289 1551 1904
Route 41 : 569 2069 266 1766 141 1153 1641 2653
Route 42 : 507 440 653 2007 1940 2153 810 2310
Route 43 : 57 743 1557 1287 2243 2787 1450 2950
Route 44 : 1449 1044 2544 147 2949 1242 1647 2742
Route 45 : 294 885 1221 2385 982 1794 2721 2482
Route 46 : 85 138 1585 222 1638 1294 1722 2794
Route 47 : 174 1674 1042 651 1421 2542 2921 2151
Route 48 : 163 1663 619 378 514 1878 2119 2014
Route 49 : 1467 15 1515 2967 165 1311 1665 2811
Route 50 : 587 642 2142 2087 492 1057 1992 2557
Route 51 : 1433 979 872 2479 2372 2933 909 2409
Route 52 : 242 1392 1742 876 2892 2376 961 2461
Route 53 : 796 2296 1227 485 2727 279 1985 1779
Route 54 : 340 1101 1031 1840 2601 2531 148 1648
Route 55 : 914 1178 2678 157 2414 112 1612 1657
Route 56 : 1251 393 1893 2751 501 155 2001 1655
Route 57 : 865 55 2365 1173 1555 2673 223 1723
Route 58 : 606 787 2106 758 1271 2287 2258 2771
Route 59 : 1195 2695 1146 605 2646 293 2105 1793
Route 60 : 1015 2515 498 1070 1998 1037 2570 2537
Route 61 : 271 736 1771 2236 28 1122 2622 1528
Route 62 : 1139 373 2639 1873 1012 33 2512 1533
Route 63 : 773 1256 2273 617 2756 2117 1127 2627
Route 64 : 846 667 892 2346 2167 2392 370 1870
Route 65 : 928 1088 2588 287 1125 2625 1787 2428
Route 66 : 969 2469 1442 970 2942 2470 956 2456
Route 67 : 786 931 2431 2286 764 1056 2264 2556
Route 68 : 891 24 2391 1524 224 692 2192 1724
Route 69 : 1500 1049 425 960 2549 1925 2460 3000
Route 70 : 1017 973 2473 697 977 2517 2197 2477
Route 71 : 1280 69 2780 1141 1569 725 2641 2225
Route 72 : 1237 1004 2737 211 2504 150 1711 1650
Route 73 : 1354 110 2854 683 1610 374 2183 1874
Route 74 : 403 1903 965 2465 385 719 2219 1885
Route 75 : 726 775 2226 259 2275 1759 1249 2749
Route 76 : 1048 738 894 2548 2238 2394 172 1672
Route 77 : 731 528 2028 177 1677 2231 924 2424
Route 78 : 836 537 1404 2037 2336 1415 2904 2915
Route 79 : 1386 1002 943 2502 2443 754 2254 2886
Route 80 : 655 2155 996 395 1026 2496 1895 2526
Route 81 : 16 1350 2850 1456 1181 2956 1516 2681
Route 82 : 169 1669 718 1160 987 2660 2218 2487
Route 83 : 1202 1394 1060 2702 2894 2560 915 2415
Route 84 : 299 788 97 2288 206 1597 1799 1706
Route 85 : 1156 1393 2893 1317 261 1761 2817 2656
Route 86 : 551 10 997 2497 2051 1373 1510 2873
Route 87 : 1132 225 2632 792 1725 2292 532 2032
Route 88 : 41 757 2257 1083 1541 2583 417 1917
Route 89 : 1362 265 318 1818 2862 1765 476 1976
Route 90 : 756 2256 847 1000 878 2500 2347 2378
Route 91 : 312 1422 1812 2922 1406 686 2186 2906
Route 92 : 317 1248 2748 1817 1105 777 2605 2277
Route 93 : 632 1382 2882 282 1782 665 2165 2132
Route 94 : 644 881 1267 2144 2381 348 2767 1848
Route 95 : 533 2033 1252 715 2752 1269 2215 2769
Route 96 : 473 1028 1973 1217 2528 2717 246 1746
Route 97 : 19 457 31 1519 1531 1957 1007 2507
Route 98 : 65 26 716 2216 489 1526 1565 1989
Route 99 : 2 288 1502 238 1788 558 2058 1738
Route 100 : 1076 2576 1226 750 2250 289 2726 1789
Route 101 : 412 560 2060 1912 797 338 1838 2297
Route 102 : 1254 744 2754 897 2244 2397 1330 2830
Route 103 : 1041 1479 94 453 1953 2979 1594 2541
Route 104 : 934 1135 525 2434 2025 1363 2863 2635
Route 105 : 234 1734 361 1260 1861 550 2760 2050
Route 106 : 483 1983 1448 363 1120 1863 2948 2620
Route 107 : 431 1931 648 1069 419 2148 2569 1919
Route 108 : 1110 2610 1194 1106 2606 2694
Route 109 : 712 381 536 2212 2036 1881 1461 2961
Route 110 : 1475 1291 2975 1129 2629 2791 1019 2519
Route 111 : 630 1476 505 2130 2976 563 2005 2063
Route 112 : 607 411 2107 52 1552 1911 1397 2897
Route 113 : 1471 2971 638 2138 315 1303 2803 1815
Route 114 : 1142 1400 2900 2642 1346 410 1910 2846
Route 115 : 1374 981 300 2874 2481 1800 1301 2801
Route 116 : 1293 2793 1193 1171 122 2693 1622 2671
Route 117 : 434 1419 1244 1934 1240 2744 2919 2740
Route 118 : 253 441 1941 1753 1453 369 1869 2953
Route 119 : 481 845 2345 993 1981 547 2047 2493
Route 120 : 1491 390 2991 1890 813 517 2017 2313
Route 121 : 663 2163 386 749 1886 2249 1 1501
Route 122 : 511 940 2011 1402 2902 2440 40 1540
Route 123 : 326 1826 83 179 1679 1583 319 1819
Route 124 : 188 219 1719 983 1688 2483
Route 125 : 657 365 2157 1337 1865 2837
Route 126 : 1034 840 2534 1275 2340 2775
Route 127 : 341 479 268 1841 1979 1768
Route 128 : 1236 634 2134 2736 889 2389
Route 129 : 554 1460 2054 1067 2960 2567
Route 130 : 1169 751 2669 1441 2251 2941
Route 131 : 762 484 197 2262 1697 1984
Route 132 : 1058 2558 1222 597 2097 2722
Route 133 : 884 998 2384 1108 2498 2608
Route 134 : 614 278 2114 985 1778 2485
Route 135 : 1361 2861 624 2124 454 1954
Route 136 : 1329 113 2829 87 1613 1587
Route 137 : 1325 2825 991 1358 2858 2491
Route 138 : 217 1717 621 771 2121 2271
Route 139 : 680 154 2180 1092 1654 2592
Route 140 : 573 1347 2073 270 2847 1770
Route 141 : 1313 327 1827 2813 856 2356
Route 142 : 800 535 2300 2035 966 2466
Route 143 : 469 328 1828 1969 444 1944
Route 144 : 7 58 1507 504 1558 2004
Route 145 : 832 1131 2332 1168 2631 2668
Route 146 : 509 557 2009 1285 2057 2785
Route 147 : 267 1416 1767 1190 2916 2690
Route 148 : 371 1871 191 1437 1691 2937
Route 149 : 1351 1075 2575 2851 1259 2759
Route 150 : 311 364 1811 356 1864 1856
Route 151 : 95 546 1595 439 2046 1939
Route 152 : 388 978 1888 2478 1388 2888
Route 153 : 600 2100 544 1290 2044 2790
Route 154 : 362 929 1862 143 2429 1643
Route 155 : 379 1879 620 1054 2120 2554
Route 156 : 1087 635 2135 2587 682 2182
Route 157 : 178 925 428 1678 2425 1928
Route 158 : 674 628 609 2174 2128 2109
Route 159 : 296 1796 765 695 2265 2195
Route 160 : 1021 1314 2814 2521 320 1820
Route 161 : 1140 281 2640 1781 1206 2706
Route 162 : 1357 1121 2621 146 1646 2857
Route 163 : 662 366 39 1866 1539 2162
Route 164 : 782 1043 2282 904 2543 2404
Route 165 : 1435 86 747 2935 1586 2247
Route 166 : 843 874 2374 2343 459 1959
Route 167 : 913 1289 2413 2789 359 1859
Route 168 : 571 273 2071 1773 250 1750
Route 169 : 860 678 322 2178 2360 1822
Route 170 : 1077 2577 307 88 1807 1588
Route 171 : 156 1656 963 911 2411 2463
Route 172 : 442 1942 935 1033 1167 2435 2667 2533
Route 173 : 1184 1273 2773 654 2684 2154
Route 174 : 817 25 866 2317 1525 2366
Route 175 : 799 368 1379 1868 2299 2879
Route 176 : 990 887 486 2490 2387 1986
Route 177 : 1292 1040 93 2792 1593 2540
Route 178 : 400 827 1900 627 2327 2127
Route 179 : 770 809 561 2270 2061 2309
Route 180 : 304 35 1804 1535 640 2140
Route 181 : 699 2199 1238 1123 616 2738 2116 2623
Route 182 : 175 1062 499 1675 2562 1999
Route 183 : 1250 1074 2750 659 2574 2159
Route 184 : 568 2068 367 436 1936 1867
Route 185 : 1332 641 2832 2141 472 1972
Route 186 : 582 661 512 2082 2161 2012
Route 187 : 1210 1208 2710 593 2708 2093
Route 188 : 290 1484 577 2984 1790 2077
Route 189 : 1323 1243 947 2823 2743 2447
Route 190 : 1390 1308 2808 127 2890 1627
Route 191 : 735 631 2235 976 2476 2131
Route 192 : 1369 1443 2869 216 2943 1716
Route 193 : 1209 1395 2709 821 2895 2321
Route 194 : 1432 1179 2932 863 2679 2363
Route 195 : 90 1022 709 1590 2522 2209
Route 196 : 21 1521 104 1130 1604 2630
Route 197 : 1016 1001 2516 684 2501 2184
Route 198 : 1396 105 1232 2896 1605 2732
Route 199 : 329 793 2293 1126 1829 2626
Route 200 : 1124 2624 23 496 1523 1996
Route 201 : 549 61 161 1561 2049 1661
Route 202 : 1029 2529 145 1490 1645 2990
Route 203 : 669 2169 239 407 1739 1907
Route 204 : 951 741 487 2451 2241 1987
Route 205 : 27 984 1104 1527 2604 2484
Route 206 : 753 1339 2839 2253 1296 2796
Route 207 : 1355 1218 1023 2855 2718 2523
Route 208 : 124 1333 2833 1624 562 2062
Route 209 : 71 1428 1571 2928 670 2170
Route 210 : 763 2263 612 1036 2112 2536
Route 211 : 162 1662 460 633 1960 2133
Route 212 : 1366 529 421 2866 1921 2029
Route 213 : 1024 1423 2923 1161 2661 2524
Route 214 : 992 2492 1487 647 2987 2147
Route 215 : 930 2430 591 291 1791 2091
Route 216 : 1445 2945 829 837 2337 2329
Route 217 : 1398 2898 64 664 1564 740 2240 2164
Route 218 : 500 2000 1239 1262 2739 2762
Route 219 : 950 1061 2561 2450
Route 220 : 954 938 2438 2454
Route 221 : 203 149 1703 1649
Route 222 : 292 1389 1792 2889
Route 223 : 873 44 1302 1544 2373 2802
Route 224 : 1080 478 2580 1377 1978 2877
Route 225 : 1425 553 2925 204 2053 1704
Route 226 : 944 232 256 1732 527 1756 2444 2027
Route 227 : 68 1258 2758 1568 1410 1439 2939 2910
Route 228 : 986 2486 596 1255 1008 2096 2755 2508
Route 229 : 700 2200 825 447 2325 1947
Route 230 : 948 2448 133 601 819 2101 2319 1633
Route 231 : 272 1284 1772 896 2784 968 2396 2468
Route 232 : 531 1444 2944 2031 1340 933 2840 2433
Route 233 : 857 541 721 2357 2221 2041 1039 2539
Route 234 : 921 658 1266 2158 580 2766 2080 2421
Route 235 : 1492 2992 1381 456 2881 1956
Route 236 : 626 1119 2619 1014 2126 844 2514 2344
Route 237 : 689 778 2278 2189 1241 2741
Route 238 : 116 688 1225 1616 2725 2188
Route 239 : 1112 2612 321 1309 1821 2809 450 1950
Route 240 : 1118 2618 269 805 1769 2305
Route 241 : 241 1741 1093 1426 2593 1468 2926 2968
Route 242 : 1185 2685 168 852 2352 1668
Route 243 : 1072 1401 438 2572 2901 1938
Route 244 : 1368 1278 2778 2868 467 1967
Route 245 : 56 46 1556 1546
Route 246 : 530 84 1584 2030 1272 2772
Route 247 : 888 1462 2388 2962 344 1844
Route 248 : 108 228 1608 209 1709 1728
Route 249 : 38 1276 1538 2776 394 1894
Route 250 : 375 274 1875 1774
Route 251 : 1109 588 76 2088 1576 2609
Route 252 : 430 1187 1930 2687
Route 253 : 1282 1298 1207 2782 2798 2707
Route 254 : 572 1480 698 2072 2980 2198
Route 255 : 767 2267 942 515 125 2442 1625 2015
Route 256 : 1084 2584 1331 1322 2831 2822
Route 257 : 413 1349 1913 1086 1360 2860 2586 2849
Route 258 : 452 1364 286 1952 398 1786 1898 2864
Route 259 : 1201 2701 1451 1148 2951 2648
Route 260 : 276 1405 1776 742 2242 2905
Route 261 : 687 1286 2187 249 755 2786 2255 1749
Route 262 : 91 1499 1591 1300 2999 2800
Route 263 : 802 2302 623 196 1177 2677 2123 1696
Route 264 : 263 871 2371 1763 1114 2614
Route 265 : 333 1833 649 1090 2149 399 2590 1899
Route 266 : 1116 193 538 2616 1693 2038
Route 267 : 694 540 2194 466 2040 1966
Route 268 : 101 1458 1601 2958 1336 170 2836 1670
Route 269 : 1440 314 1009 2940 1814 96 2509 1596
Route 270 : 1328 503 2828 672 2003 2172
Route 271 : 1412 17 2912 166 1666 1517
Route 272 : 1100 48 2600 748 2248 1548 952 2452
Route 273 : 1099 1430 2930 2599 1335 807 2835 2307
Route 274 : 730 822 2230 2322 29 637 1529 2137
Route 275 : 1228 11 1511 2728 128 818 2318 1628
Route 276 : 1102 974 2602 59 2474 1559
Route 277 : 389 1889 1385 1465 2965 2885
Route 278 : 1478 1353 2853 2978 433 1933
Route 279 : 1315 1188 1338 2815 2838 2688
Route 280 : 1324 826 1145 2824 2326 2645
Route 281 : 768 2268 900 1305 2400 1246 2805 2746
Route 282 : 1257 1082 2757 200 2582 192 1700 1692
Route 283 : 372 1408 2908 1872 508 2008 779 2279
Route 284 : 207 516 1707 602 2016 2102
Route 285 : 1204 1176 2704 967 2676 2467 215 1715
Route 286 : 1235 380 2735 746 1880 2246
Route 287 : 564 855 1320 2355 2064 2820 681 2181
Route 288 : 302 4 936 2436 1504 1802 1215 2715
Route 289 : 283 1783 835 1457 830 2335 2330 2957
Route 290 : 704 103 1383 2204 1603 2883
Route 291 : 783 129 2283 1629 1413 254 2913 1754
Route 292 : 437 1434 543 1937 2934 2043
Route 293 : 576 2076 260 1370 2870 1760
Route 294 : 1220 1488 2988 2720 903 257 2403 1757
Route 295 : 102 80 1602 1580 1455 2955
Route 296 : 1159 208 126 1708 423 1626 1923 2659
Route 297 : 347 1847 392 595 1892 1115 2615 2095
Route 298 : 932 275 194 2432 1775 1694 1045 2545
Route 299 : 5 1505 1152 854 2354 2652
Route 300 : 1464 2964 152 922 173 1652 2422 1673
Route 301 : 1371 235 679 2871 1735 2179 727 2227
Route 302 : 1417 2917 495 1472 2972 1995
Route 303 : 220 1720 1085 820 2320 2585
Route 304 : 482 190 1982 1429 2929 729 1690 2229
Route 305 : 231 1731 106 1151 1606 2651
Route 306 : 910 1454 2410 2954 82 1582
Route 307 : 1446 912 2946 907 2412 2407
Route 308 : 864 611 2364 2111 1253 1200 2700 2753
Route 309 : 862 1399 2362 2899 1211 575 2075 2711
Route 310 : 199 1213 2713 1699 895 2395
Route 311 : 861 1011 2361 917 2511 2417
Route 312 : 1205 737 2705 1091 2237 2591
Route 313 : 989 480 1980 916 2489 1483 2416 2983
Route 314 : 240 195 1740 1695 426 1047 2547 1926
Route 315 : 248 336 673 1748 1836 552 2173 2052
Route 316 : 1219 566 645 2066 2719 2145
Route 317 : 462 1962 859 579 2359 2079
Route 318 : 1113 853 2613 334 2353 1834
Route 319 : 401 357 1901 75 1857 812 1575 2312
Route 320 : 1068 1128 994 2568 2494 2628
Route 321 : 1375 2875 1295 1319 2795 711 2819 2211
Route 322 : 1473 213 2973 867 713 1713 2367 2213
Route 323 : 1198 1403 2698 613 2903 295 2113 1795
Route 324 : 833 2333 625 277 114 2125 1777 1614
Route 325 : 1149 766 37 1537 2649 185 2266 1685
Route 326 : 1384 63 2884 264 1563 1166 1764 2666
Route 327 : 1189 1387 734 2234 158 2887 1658 2689
Route 328 : 901 2401 424 1924 32 66 1532 1566
Route 329 : 1071 2571 397 1234 2734 1897
Route 330 : 1203 205 1261 2703 1705 2761 342 1842
Route 331 : 70 1223 1053 1570 2723 2553 180 1680
Route 332 : 446 353 1946 349 1853 1849
Route 333 : 391 1891 1367 798 2298 2867
Route 334 : 1341 2841 160 1059 774 1660 2559 2274
Route 335 : 548 468 2048 1489 1968 2989
Route 336 : 850 1372 1264 2350 2872 2764 111 1611
Route 337 : 1051 706 957 2206 2551 2457
Route 338 : 346 1846 1470 1038 2970 2538
Route 339 : 60 136 1560 831 2331 1636
Route 340 : 305 182 1805 184 1682 1684
Route 341 : 656 2156 455 396 1896 1955
Route 342 : 387 210 1887 1431 1710 2931
Route 343 : 1094 2594 1327 1409 2827 2909
Route 344 : 1212 45 1545 34 2712 1534
Route 345 : 8 1046 1411 1508 2546 2911 1334 2834
Route 346 : 1494 1032 415 2532 2994 926 1915 2426
Route 347 : 643 1270 2143 1137 2770 2637
Route 348 : 745 752 416 2245 2252 1916
Route 349 : 308 1342 1808 2842 1316 2816
Route 350 : 350 666 1850 646 2166 2146
Route 351 : 923 1150 2650 524 1277 2423 2024 2777
Route 352 : 414 1459 1914 494 2959 1994
Route 353 : 1344 429 815 2844 100 2315 1929 1600
Route 354 : 107 949 1607 675 2449 2175
Route 355 : 301 1801 332 710 1147 1832 2647 2210
Route 356 : 534 36 526 2034 1536 2026
Route 357 : 463 760 406 2260 1963 1906 1297 2797
Route 358 : 14 1514 945 877 1230 2377 2445 2730
Route 359 : 243 1743 608 62 1562 2108
Route 360 : 1180 1427 2680 893 2927 2393
Route 361 : 927 506 2006 1172 1283 2427 2672 2783
Route 362 : 153 1653 3 650 733 1503 2150 2233
Route 363 : 1096 851 1216 2596 1299 2716 2351 2799
Route 364 : 790 262 2290 1420 1762 1304 2804 2920
Route 365 : 1055 432 1932 2555 522 2022
Route 366 : 795 761 2295 255 1755 2261 717 2217
Route 367 : 186 520 791 2291 2020 475 1686 1975
Route 368 : 772 2272 1144 212 445 2644 1945 1712
Route 369 : 383 1883 464 280 720 1780 1964 2220
Route 370 : 962 1356 2462 2856 1414 2914
Route 371 : 490 875 1196 1990 693 2696 2193 2375
Route 372 : 518 352 2018 603 1852 443 2103 1943
Route 373 : 1111 1391 20 2611 2891 376 1520 1876
Route 374 : 1498 2998 316 882 2382 1010 1816 2510
Route 375 : 1288 81 2788 1496 115 2996 1581 1615
Route 376 : 618 233 2118 1003 1733 2503
Route 377 : 946 1466 1438 2966 1154 2446 2938 2654
Route 378 : 769 132 2269 1632 1103 2603 858 2358
Route 379 : 408 510 1908 78 2010 1578
Route 380 : 1233 2733 42 1436 2936 1542
Route 381 : 785 144 2285 1231 1644 2731
Route 382 : 555 2055 1407 890 1268 2907 2768 2390
Route 383 : 838 780 2338 705 2280 2205
Route 384 : 808 972 2308 189 2472 1689
Route 385 : 435 1935 584 330 1133 2084 1830 2633
Route 386 : 1481 2981 1165 247 2665 1747
Route 387 : 139 1639 491 9 1991 1509
Route 388 : 465 759 804 1965 2259 229 2304 1729
Route 389 : 1493 980 2993 2480 811 2311
Route 390 : 214 1477 1714 1495 2977 2995
Route 391 : 1089 690 2589 2190 461 1961
Route 392 : 284 236 245 1784 1745 1736
Route 393 : 886 1191 668 2386 2691 2168
Route 394 : 703 1229 493 2203 1993 2729
Route 395 : 47 151 1547 117 1651 1617
Route 396 : 1081 142 1095 1642 2595 2581
Route 397 : 252 451 902 1752 1951 2402
Route 398 : 545 1376 2045 794 2876 1163 2294 2663
Route 399 : 1447 303 2947 1803 559 2059
Route 400 : 1063 964 1247 2464 2563 2747
Route 401 : 121 1192 615 1621 2692 2115
Route 402 : 781 99 1599 2281 221 1174 2674 1721
Route 403 : 1348 1263 1164 2848 2763 1065 2664 2565
Route 404 : 565 226 519 2019 1726 2065 803 2303
Route 405 : 722 2222 67 176 1567 906 1676 2406
Route 406 : 1182 2682 1197 1274 1343 2697 2774 2843
Route 407 : 834 1474 1098 2334 251 2974 2598 1751
Route 408 : 360 1860 1321 135 1635 198 2821 1698
Route 409 : 471 842 1326 1971 2826 2342
Route 410 : 1052 309 1025 1809 2552 816 2525 2316
Route 411 : 905 784 2405 2284 137 1637
Route 412 : 975 1018 1170 2475 2518 2670
Route 413 : 402 1452 1027 2527 1902 2952 171 1671
Route 414 : 109 1418 1609 2918 123 1623
Route 415 : 74 848 89 1574 2348 1589
Route 416 : 1138 1035 306 2638 2535 1806
Route 417 : 939 285 919 1785 2439 2419
Route 418 : 578 1143 2078 999 2643 2499
Route 419 : 841 1281 636 2341 2136 2781 92 1592
Route 420 : 202 159 1659 1702 1134 2634
Route 421 : 708 72 1572 2208 801 325 1825 2301
Route 422 : 140 258 1640 12 1758 1512 1050 2550
Route 423 : 1013 879 2513 523 2379 2023
Route 424 : 1073 355 2573 1855 1245 2745
Route 425 : 13 691 814 1513 2191 2314
Route 426 : 1066 2566 707 2207 586 474 2086 1974
Route 427 : 337 941 2441 1837 422 1922
Route 428 : 959 955 2455 574 2459 2074
Route 429 : 339 458 1839 1958 1006 2506
Route 430 : 1365 2865 6 1359 1506 2859
