Instance name : ber-n1000-1
Authors       : BIG3 - Dmitriy Yampolskiy, Egor Nikolaev and Daria Savina. Smart Logistics Point by the BigThree team (big3.ru).
Date          : 2025-04-22
Reference     : BigThree team (big3.ru)
Solution
Route 1 : 435 935 487 336 987 338 838 836 310 52 323 552 810 823
Route 2 : 177 53 465 553 26 526 473 677 965 369 973 869
Route 3 : 149 112 612 175 649 309 296 92 592 191 809 691 796 675
Route 4 : 362 347 847 862 446 359 859 408 946 908
Route 5 : 61 144 561 644 258 218 758 152 407 652 907 718
Route 6 : 366 423 399 866 899 461 923 961
Route 7 : 260 81 189 263 760 581 170 689 763 670
Route 8 : 249 39 539 749 95 484 94 595 984 594
Route 9 : 284 16 141 228 641 421 728 516 784 451 951 921
Route 10 : 374 353 853 874 105 147 605 306 647 806
Route 11 : 372 357 857 456 956 339 449 839 872 949
Route 12 : 289 319 384 490 990 819 789 448 948 387 884 887
Route 13 : 143 137 637 643 25 163 525 98 231 598 731 663
Route 14 : 18 433 286 518 933 417 917 497 997 786
Route 15 : 495 109 123 995 623 343 346 609 379 846 843 879
Route 16 : 291 13 252 513 283 84 791 584 752 783
Route 17 : 396 478 442 978 942 419 919 896 422 922
Route 18 : 71 229 571 413 729 482 386 886 982 392 892 913
Route 19 : 127 457 496 957 627 996 352 466 852 966
Route 20 : 200 113 190 613 198 700 172 672 427 690 698 418 918 927
Route 21 : 184 268 235 768 735 684 452 437 244 937 952 744
Route 22 : 493 993 150 236 650 273 773 308 46 546 429 929 808 736
Route 23 : 47 58 290 790 547 558 87 219 719 587
Route 24 : 367 350 381 850 867 363 441 881 941 863
Route 25 : 393 348 848 893 90 118 590 128 618 628
Route 26 : 253 300 753 91 2 206 800 706 591 502
Route 27 : 287 185 62 282 685 782 299 562 248 787 748 799
Route 28 : 328 335 305 835 453 828 398 805 898 416 953 916
Route 29 : 212 156 656 498 474 712 998 974 275 447 947 775
Route 30 : 102 22 467 522 602 142 967 155 642 432 655 932
Route 31 : 50 167 7 550 380 667 880 507 377 360 877 860
Route 32 : 351 358 851 858 68 246 568 746
Route 33 : 21 154 654 83 78 578 521 67 567 49 549 583
Route 34 : 146 171 197 217 671 458 958 646 697 717
Route 35 : 179 139 302 639 802 679 205 259 705 759
Route 36 : 414 27 111 261 914 527 472 337 972 761 837 611
Route 37 : 411 480 483 911 349 980 849 983 165 665
Route 38 : 464 459 959 964 341 477 977 401 901 361 841 861
Route 39 : 251 23 406 751 906 489 523 450 989 950
Route 40 : 267 340 368 840 443 767 460 868 943 960
Route 41 : 425 97 297 597 183 226 726 375 875 925 476 683 797 434 976 934
Route 42 : 492 992 402 902 14 514 161 661 8 304 6 804 506 508
Route 43 : 85 257 187 239 757 24 739 687 585 391 891 524
Route 44 : 376 485 876 415 915 470 985 404 904 468 970 968
Route 45 : 321 240 740 821 82 582 331 208 250 831 708 750
Route 46 : 133 315 815 383 382 633 455 883 882 955
Route 47 : 317 44 116 817 544 616 195 209 709 695
Route 48 : 64 269 769 40 103 122 540 622 564 603
Route 49 : 9 45 288 509 93 545 593 37 238 738 193 788 271 693 230 771 537 730
Route 50 : 355 173 673 463 855 213 272 713 772 963
Route 51 : 277 145 326 826 645 777 117 66 617 54 566 554
Route 52 : 157 38 4 657 538 504 28 223 528 723
Route 53 : 371 439 871 939 293 120 793 36 214 221 536 620 721 714
Route 54 : 436 110 610 936 316 312 194 694 812 816
Route 55 : 124 114 245 345 624 614 471 845 388 888 971 745
Route 56 : 186 51 551 440 686 454 494 954 994 940
Route 57 : 237 178 106 606 182 737 119 682 678 121 619 621
Route 58 : 280 174 266 674 322 780 766 10 247 510 74 822 747 574
Route 59 : 166 34 334 666 534 79 834 262 579 762
Route 60 : 400 444 900 33 410 944 378 533 878 910
Route 61 : 125 104 100 600 225 604 311 625 233 811 733 725
Route 62 : 389 420 405 905 889 479 426 920 475 979 975 926
Route 63 : 412 912 35 159 535 270 659 17 517 770
Route 64 : 344 462 469 962 364 969 844 864
Route 65 : 294 320 794 500 820 342 1000 842 373 873
Route 66 : 132 256 298 756 632 798 325 19 519 203 825 703
Route 67 : 227 108 727 608 285 169 107 607 222 669 96 596 722 785
Route 68 : 430 930 394 894 318 164 303 818 664 803
Route 69 : 390 438 938 499 890 999 281 307 101 151 807 651 601 781
Route 70 : 126 199 626 3 295 41 795 699 486 541 503 986
Route 71 : 65 234 55 734 243 565 555 445 743 945
Route 72 : 431 356 856 931 158 12 512 220 720 658 385 188 885 688
Route 73 : 1 15 515 314 60 501 814 160 560 20 520 660
Route 74 : 242 115 301 615 801 742 32 63 135 563 635 532
Route 75 : 370 491 409 909 991 870 204 704 274 29 774 529
Route 76 : 254 754 11 134 88 210 588 264 710 764 140 634 511 138 640 638
Route 77 : 330 201 701 76 99 576 70 599 89 332 570 830 589 832
Route 78 : 327 75 575 215 827 56 715 196 696 556
Route 79 : 69 292 241 569 741 365 428 865 928 792
Route 80 : 481 354 854 395 895 30 981 192 530 148 648 692
Route 81 : 59 31 224 559 724 324 136 276 531 636 333 776 824 833
Route 82 : 162 279 180 680 313 662 813 779 488 397 988 424 897 924
Route 83 : 131 631 48 548 202 702 265 211 711 77 765 130 181 681 577 630
Route 84 : 207 216 168 707 668 80 716 5 232 580 505 278 778 73 403 903 573 732
Route 85 : 57 72 572 153 557 329 86 586 829 42 653 542
Route 86 : 255 43 755 129 176 629 543 676
