Instance Name : ber-n2000-2
Authors       : Shobb<shobb@narod.ru>
Date          : 2025-02-23
Reference     : My solver test (SA + LNS)
Solution
Route 1 : 823 1823 552 1552 343 928 1928 271 1271 1343
Route 2 : 707 1707 377 864 1377 807 792 1792 1807 1864
Route 3 : 467 1467 534 390 599 1534 1390 1599 525 1525
Route 4 : 1000 664 1664 264 2000 397 1264 1397
Route 5 : 997 756 1756 183 786 1786 1997 1183
Route 6 : 992 498 1498 878 1992 963 1878 1963
Route 7 : 979 493 1979 999 1493 769 1999 1769
Route 8 : 974 590 431 516 1590 1974 1516 1431
Route 9 : 972 408 976 1972 577 1976 1408 1577
Route 10 : 964 171 1964 889 1171 647 1889 1647
Route 11 : 961 1961 17 827 874 1827 1874 1017
Route 12 : 960 1960 75 797 258 1797 1075 1258
Route 13 : 959 188 463 653 1188 1959 1653 1463
Route 14 : 951 859 212 1951 1212 676 1859 1676
Route 15 : 943 604 497 1943 969 1604 1497 1969
Route 16 : 937 894 717 1717 1937 1894 680 1680
Route 17 : 935 430 1935 936 609 1430 1936 1609
Route 18 : 930 627 1930 1627 411 564 1411 1564
Route 19 : 926 414 1926 471 513 1414 1471 1513
Route 20 : 924 108 1924 957 1108 278 1957 1278
Route 21 : 916 219 449 92 1916 1449 1219 1092
Route 22 : 914 10 327 661 1914 1327 1661 1010
Route 23 : 906 45 989 1906 1989 708 1045 1708
Route 24 : 898 369 501 1898 799 1369 1799 1501
Route 25 : 892 49 247 1892 1049 1247 934 1934
Route 26 : 884 766 1884 69 594 1766 1594 1069
Route 27 : 881 429 1881 775 875 1429 1775 1875
Route 28 : 870 598 3 1598 1870 988 1003 1988
Route 29 : 866 947 1947 648 634 1648 1866 1634
Route 30 : 857 689 546 1689 1546 1857 22 1022
Route 31 : 850 144 155 1144 829 1829 1850 1155
Route 32 : 847 282 233 1847 192 1282 1233 1192
Route 33 : 846 440 791 1440 1846 297 1791 1297
Route 34 : 845 239 1239 127 363 1845 1363 1127
Route 35 : 844 722 1844 375 643 1722 1643 1375
Route 36 : 833 221 1833 522 335 1221 1522 1335
Route 37 : 830 702 1830 7 993 1702 1993 1007
Route 38 : 824 62 1824 52 48 1052 1062 1048
Route 39 : 819 912 179 1819 950 1912 1179 1950
Route 40 : 815 383 1383 262 1815 610 1262 1610
Route 41 : 813 259 852 1813 1259 436 1436 1852
Route 42 : 804 182 1804 1182 313 198 1198 1313
Route 43 : 803 442 1442 573 1573 838 1803 1838
Route 44 : 795 1795 51 731 910 1910 1731 1051
Route 45 : 794 1794 146 172 723 1146 1172 1723
Route 46 : 789 1789 685 535 106 1685 1535 1106
Route 47 : 785 1785 23 527 1023 307 1527 1307
Route 48 : 780 764 593 1780 223 1764 1593 1223
Route 49 : 778 1778 551 840 701 1840 1701 1551
Route 50 : 777 490 1777 1490 754 695 1695 1754
Route 51 : 773 244 138 1244 1138 931 1773 1931
Route 52 : 761 1761 163 826 131 1163 1826 1131
Route 53 : 755 165 620 1165 1620 496 1755 1496
Route 54 : 752 1752 858 412 1858 1412 909 1909
Route 55 : 739 885 1739 491 1491 1885 224 1224
Route 56 : 738 1738 883 583 726 1583 1883 1726
Route 57 : 735 783 1735 482 1783 1482 119 1119
Route 58 : 712 235 302 1235 1712 790 1302 1790
Route 59 : 709 970 1970 842 983 1709 1983 1842
Route 60 : 705 510 1510 869 1869 225 1705 1225
Route 61 : 699 113 95 1095 1699 1113 478 1478
Route 62 : 693 140 831 603 1140 1693 1831 1603
Route 63 : 692 541 811 1541 1811 524 1524 1692
Route 64 : 691 628 283 1691 978 1283 1628 1978
Route 65 : 687 872 1872 43 1043 330 1687 1330
Route 66 : 672 231 437 1672 767 1437 1231 1767
Route 67 : 660 714 700 1660 1714 1700 867 1867
Route 68 : 649 316 828 1649 98 1316 1098 1828
Route 69 : 644 372 1644 63 1063 1372 730 1730
Route 70 : 632 1632 900 73 784 1900 1073 1784
Route 71 : 630 455 1455 415 1630 1415 15 1015
Route 72 : 622 308 1622 328 1308 1328 673 1673
Route 73 : 613 585 1613 100 1585 721 1100 1721
Route 74 : 600 394 1600 966 1394 255 1966 1255
Route 75 : 589 34 82 1589 1034 849 1082 1849
Route 76 : 588 710 26 1710 1588 998 1026 1998
Route 77 : 575 770 1770 1575 153 506 1153 1506
Route 78 : 571 1571 209 562 678 1209 1562 1678
Route 79 : 568 853 1568 464 1464 576 1576 1853
Route 80 : 565 234 160 1234 492 1565 1160 1492
Route 81 : 563 333 1333 517 1563 748 1517 1748
Route 82 : 560 203 1203 25 758 1560 1025 1758
Route 83 : 555 384 202 1555 473 1202 1473 1384
Route 84 : 548 903 1903 469 1548 825 1825 1469
Route 85 : 542 645 1542 990 376 1645 1990 1376
Route 86 : 538 112 1538 684 1112 511 1684 1511
Route 87 : 533 250 1533 303 1303 567 1250 1567
Route 88 : 531 481 288 1531 1288 109 1481 1109
Route 89 : 512 16 753 1512 899 1899 1016 1753
Route 90 : 509 682 1509 584 246 1584 1246 1682
Route 91 : 488 133 1488 317 1317 312 1133 1312
Route 92 : 487 9 1009 159 1487 269 1159 1269
Route 93 : 468 757 1468 635 679 1757 1635 1679
Route 94 : 454 727 1454 164 876 1876 1164 1727
Route 95 : 453 287 741 1453 1287 70 1741 1070
Route 96 : 448 53 1448 671 1671 1053 214 1214
Route 97 : 445 1445 475 618 169 1475 1169 1618
Route 98 : 439 149 608 1149 458 1439 1458 1608
Route 99 : 438 597 228 1597 1438 474 1228 1474
Route 100 : 433 93 1433 529 457 1529 1093 1457
Route 101 : 420 958 329 873 1329 1420 1958 1873
Route 102 : 418 54 229 1418 956 1054 1229 1956
Route 103 : 417 570 880 1880 361 1417 1570 1361
Route 104 : 405 549 301 1405 1549 1301 284 1284
Route 105 : 404 641 670 1670 1404 508 1508 1641
Route 106 : 403 557 1557 266 734 1403 1266 1734
Route 107 : 396 982 1396 1982 80 402 1402 1080
Route 108 : 393 719 416 1393 1719 504 1416 1504
Route 109 : 392 13 215 1392 1013 669 1215 1669
Route 110 : 386 348 227 1227 1386 102 1348 1102
Route 111 : 379 65 1065 946 1379 740 1740 1946
Route 112 : 378 261 400 1378 1400 586 1261 1586
Route 113 : 367 802 435 1802 14 1367 1435 1014
Route 114 : 362 99 1099 238 759 1362 1759 1238
Route 115 : 358 765 381 971 1358 1765 1381 1971
Route 116 : 353 902 591 1591 544 1902 1353 1544
Route 117 : 352 79 1079 204 1352 742 1204 1742
Route 118 : 345 211 1211 103 716 1345 1716 1103
Route 119 : 337 265 1265 426 1337 940 1426 1940
Route 120 : 336 1336 323 724 636 1636 1724 1323
Route 121 : 332 424 1332 927 559 1927 1424 1559
Route 122 : 331 59 1059 66 1331 1066 744 1744
Route 123 : 314 479 690 521 1314 1690 1521 1479
Route 124 : 310 357 1310 981 1981 1357 147 1147
Route 125 : 305 553 1305 46 812 1812 1046 1553
Route 126 : 300 277 1277 1300 88 624 1088 1624
Route 127 : 298 494 941 657 1657 1494 1941 1298
Route 128 : 294 86 1086 168 115 1115 1168 1294
Route 129 : 293 536 1536 105 1293 615 1615 1105
Route 130 : 289 360 1360 27 240 1289 1240 1027
Route 131 : 274 952 460 1460 1274 187 1952 1187
Route 132 : 273 1273 252 285 1285 1252 816 1816
Route 133 : 268 547 1268 662 151 1547 1662 1151
Route 134 : 260 195 241 1260 863 1195 1241 1863
Route 135 : 257 1257 616 354 1616 470 1354 1470
Route 136 : 230 217 1217 1230 11 882 1011 1882
Route 137 : 222 1222 123 480 1480 977 1977 1123
Route 138 : 218 304 1304 1218 441 1441 280 1280
Route 139 : 210 370 1210 681 1370 911 1681 1911
Route 140 : 199 1199 143 519 1143 837 1837 1519
Route 141 : 196 39 1196 736 1039 561 1736 1561
Route 142 : 193 1193 87 325 459 1087 1325 1459
Route 143 : 174 319 1319 340 1174 254 1254 1340
Route 144 : 170 401 1170 4 574 1574 1401 1004
Route 145 : 167 918 1918 1167 311 175 1311 1175
Route 146 : 166 968 796 1166 1968 1796 104 1104
Route 147 : 162 451 1162 663 1451 1663 745 1745
Route 148 : 161 427 1161 725 61 1427 1725 1061
Route 149 : 156 356 324 1356 925 1156 1925 1324
Route 150 : 142 236 932 1142 207 1932 1207 1236
Route 151 : 141 1141 173 637 263 1173 1637 1263
Route 152 : 135 137 704 1135 94 1094 1704 1137
Route 153 : 130 299 292 47 1292 1299 1047 1130
Route 154 : 124 291 566 1124 1566 1 1001 1291
Route 155 : 122 157 1157 596 373 1122 1596 1373
Route 156 : 120 248 1120 973 896 1248 1896 1973
Route 157 : 118 121 985 1985 1121 406 1406 1118
Route 158 : 117 642 1117 190 1190 614 1642 1614
Route 159 : 116 366 1366 286 836 1116 1286 1836
Route 160 : 84 326 1084 31 1031 915 1326 1915
Route 161 : 83 1083 733 843 1733 793 1843 1793
Route 162 : 81 743 1081 1743 139 683 1139 1683
Route 163 : 67 665 450 1665 668 1067 1450 1668
Route 164 : 64 1064 334 76 580 1076 1334 1580
Route 165 : 60 760 1060 78 1760 201 1201 1078
Route 166 : 57 136 696 1057 339 1339 1696 1136
Route 167 : 56 848 890 359 1359 1890 1056 1848
Route 168 : 55 834 1055 178 1178 1834 422 1422
Route 169 : 50 737 1050 322 1322 851 1737 1851
Route 170 : 44 1044 787 452 342 1452 1342 1787
Route 171 : 40 320 1040 145 944 1145 1944 1320
Route 172 : 30 245 1030 835 1245 461 1835 1461
Route 173 : 18 486 1018 251 1486 346 1251 1346
Route 174 : 12 667 703 1012 1703 200 1200 1667
Route 175 : 6 306 774 1306 318 1006 1318 1774
Route 176 : 2 338 865 1865 398 1002 1398 1338
Route 177 : 996 728 938 1996 1938 1728
Route 178 : 986 38 466 1466 1038 1986
Route 179 : 965 841 1841 1965 514 1514
Route 180 : 949 315 253 1315 1253 1949
Route 181 : 921 621 419 1621 1419 1921
Route 182 : 920 801 1920 1801 762 1762
Route 183 : 919 923 1919 749 1923 1749
Route 184 : 905 194 1905 1194 994 1994
Route 185 : 891 507 413 1507 1891 1413
Route 186 : 879 256 888 1879 1256 1888
Route 187 : 862 395 1862 543 1395 1543
Route 188 : 860 276 933 1276 1860 1933
Route 189 : 856 275 21 1275 1856 1021
Route 190 : 855 97 1855 805 1097 1805
Route 191 : 818 895 1818 189 1895 1189
Route 192 : 808 1808 602 980 1980 1602
Route 193 : 788 868 1868 810 1788 1810
Route 194 : 779 732 425 1779 1732 1425
Route 195 : 776 208 1776 646 1208 1646
Route 196 : 772 1772 344 447 1344 1447
Route 197 : 763 781 677 1781 1763 1677
Route 198 : 751 226 893 1893 1226 1751
Route 199 : 746 540 465 1746 1540 1465
Route 200 : 729 1729 650 917 1650 1917
Route 201 : 720 184 350 1184 1720 1350
Route 202 : 713 904 1904 385 1385 1713
Route 203 : 698 839 877 1698 1839 1877
Route 204 : 686 483 954 1483 1954 1686
Route 205 : 675 154 901 1901 1675 1154
Route 206 : 674 572 1572 697 1674 1697
Route 207 : 659 578 987 1659 1578 1987
Route 208 : 640 832 523 1640 1523 1832
Route 209 : 638 718 569 1638 1718 1569
Route 210 : 633 8 715 1008 1715 1633
Route 211 : 631 500 237 1237 1500 1631
Route 212 : 626 243 747 1626 1243 1747
Route 213 : 617 434 1434 768 1768 1617
Route 214 : 612 654 1612 134 1134 1654
Route 215 : 611 220 181 1611 1220 1181
Route 216 : 606 205 1606 1205 125 1125
Route 217 : 605 967 1605 489 1967 1489
Route 218 : 592 581 907 1907 1592 1581
Route 219 : 587 582 706 1587 1582 1706
Route 220 : 550 191 1191 409 1550 1409
Route 221 : 539 658 1539 152 1658 1152
Route 222 : 537 349 1537 1349 886 1886
Route 223 : 518 750 290 1518 1750 1290
Route 224 : 515 554 29 1554 1515 1029
Route 225 : 505 91 1505 1091 694 1694
Route 226 : 502 355 595 1502 1595 1355
Route 227 : 485 499 629 1629 1485 1499
Route 228 : 484 798 1484 1798 20 1020
Route 229 : 477 984 58 1477 1984 1058
Route 230 : 476 267 945 1267 1945 1476
Route 231 : 462 186 1462 991 1186 1991
Route 232 : 456 913 814 1456 1814 1913
Route 233 : 446 1446 821 503 1821 1503
Route 234 : 444 782 1444 1782 528 1528
Route 235 : 443 656 1656 556 1443 1556
Route 236 : 432 321 389 1321 1389 1432
Route 237 : 421 281 1421 651 1651 1281
Route 238 : 407 1407 666 351 1666 1351
Route 239 : 399 1399 623 854 1854 1623
Route 240 : 391 809 929 1929 1809 1391
Route 241 : 387 19 1019 410 1410 1387
Route 242 : 382 374 495 1374 1382 1495
Route 243 : 371 89 1371 232 1232 1089
Route 244 : 364 822 279 1822 1279 1364
Route 245 : 309 472 1309 520 1520 1472
Route 246 : 296 817 1296 771 1771 1817
Route 247 : 270 32 1270 688 1032 1688
Route 248 : 249 36 197 1197 1036 1249
Route 249 : 242 1242 128 107 1107 1128
Route 250 : 216 129 1216 1129 955 1955
Route 251 : 213 428 1213 806 1428 1806
Route 252 : 206 942 176 1206 1176 1942
Route 253 : 185 579 545 1545 1579 1185
Route 254 : 180 607 1607 558 1180 1558
Route 255 : 177 652 995 1995 1177 1652
Route 256 : 150 158 601 1158 1601 1150
Route 257 : 148 1148 820 42 1042 1820
Route 258 : 132 5 526 1005 1132 1526
Route 259 : 126 1126 939 922 1922 1939
Route 260 : 114 33 365 1114 1365 1033
Route 261 : 111 368 110 1368 1110 1111
Route 262 : 101 1101 380 908 1908 1380
Route 263 : 96 41 1096 1041 68 1068
Route 264 : 90 948 953 1948 1090 1953
Route 265 : 85 871 962 1871 1962 1085
Route 266 : 77 530 861 1530 1861 1077
Route 267 : 74 341 1341 347 1074 1347
Route 268 : 72 711 639 1711 1072 1639
Route 269 : 71 388 1071 625 1388 1625
Route 270 : 37 619 532 1619 1532 1037
Route 271 : 35 423 295 1295 1035 1423
Route 272 : 28 975 272 1028 1272 1975
Route 273 : 24 887 1024 655 1887 1655
Route 274 : 800 897 1800 1897
