Instance name: ber-n200-1
Authors      : CUHKSZ_HWGTS
Date         : 2024-12-05
Reference    : Unpublished
Solution
Route 1 : 8 19 61 119 161 108 54 154 24 124
Route 2 : 45 76 31 176 145 78 131 178
Route 3 : 35 69 135 88 86 169 186 188
Route 4 : 74 53 60 153 48 174 160 148
Route 5 : 94 17 58 194 117 158
Route 6 : 83 55 43 155 143 183
Route 7 : 34 134 14 29 114 36 136 129
Route 8 : 28 38 90 2 128 138 102 190
Route 9 : 1 23 10 123 110 101 73 89 189 173
Route 10 : 87 22 99 199 122 187 68 168
Route 11 : 52 49 7 59 152 149 107 159
Route 12 : 15 56 57 115 156 157
Route 13 : 93 98 193 198 96 196
Route 14 : 95 84 92 192 184 195
Route 15 : 9 21 81 109 181 121
Route 16 : 11 40 32 140 111 132
Route 17 : 30 5 97 85 130 185 105 197
Route 18 : 62 72 77 33 162 177 133 172
Route 19 : 44 70 37 170 137 144
Route 20 : 63 71 39 139 163 171 66 166
Route 21 : 64 75 12 27 175 112 164 127
Route 22 : 41 25 100 125 141 200
Route 23 : 26 46 18 82 146 118 126 182
Route 24 : 79 6 20 120 106 4 179 104
Route 25 : 65 80 180 91 191 165
Route 26 : 51 50 47 13 150 147 151 113
Route 27 : 67 3 42 16 103 167 142 116
