Instance name : ber-n1500-2
Authors       : Dmitriy Demin, Mikhail Diakov (msd@veeroute.com), Ivan Ilin, Nikita Ivanov, Viacheslav Sokolov (vs@veeroute.com) et al. VRt Global (https://veeroute.com/)
Date          : yyyy-mm-dd
Reference     : veeroute.com
Solution
Route 1 : 670 205 477 1227 1420 88 226 838 135 976 384 885 955 163 1134 30 342 780 913 426 1176 1092
Route 2 : 407 1157 25 604 485 712 1235 1462 1354 704 1454 775 77 700 827 31 26 781 776 739 1450 1489 363 362 1113 1112
Route 3 : 399 1149 468 38 1218 358 788 93 843 1108 414 674 1424 123 1164 873 390 322 1140 1072 179 560 1310 929
Route 4 : 80 492 1242 830 580 1 203 1330 751 953 649 710 1460 1399 228 258 978 540 381 1131 1290 1008
Route 5 : 2 429 292 1179 752 173 1042 923 7 757 730 1480 247 70 820 168 918 997 221 519 318 1269 1068 971
Route 6 : 386 1136 140 890 522 422 1272 338 1088 717 1172 316 46 16 1066 766 1467 484 84 796 1234 694 834 1444
Route 7 : 532 691 1282 287 1037 734 1441 507 1484 584 1257 1334 40 536 146 896 1286 61 790 811 676 214 1426 964
Route 8 : 315 1065 587 1337 678 541 1291 72 577 1428 1327 822 357 1107 423 86 836 1173 403 1153
Route 9 : 105 855 47 549 797 75 642 825 1299 408 1392 48 1158 509 798 277 1259 377 293 1043 1127 1027
Route 10 : 344 569 1319 172 1094 439 1189 688 1438 922 184 89 839 411 934 161 300 1161 911 438 1188 1050
Route 11 : 603 99 1353 255 333 1083 550 849 236 1005 986 1300 217 151 967 660 901 589 1339 1410 323 1073
Route 12 : 480 375 356 1230 1106 1125 160 594 1344 910 62 732 812 259 1009 1482 679 1429 644 336 117 867 1394 1086
Route 13 : 543 243 1293 39 993 789 723 601 394 1473 1351 311 1144 510 241 1260 991 291 1061 1041
Route 14 : 715 538 1465 750 210 1500 960 1288 340 449 1199 1090 628 1378 581 1331 520 1270 347 740 1490 1097
Route 15 : 517 374 1267 1124 629 409 618 1368 1159 639 595 1345 1389 37 239 787 597 989 1347 334 1379 1084
Route 16 : 282 348 1032 1098 63 813 633 1383 166 12 398 916 341 762 1148 1091 609 1359 702 1452
Route 17 : 174 475 471 924 349 583 1333 1221 1099 152 327 902 1225 440 44 1077 130 1190 794 880
Route 18 : 585 1335 467 284 1217 1034 18 268 768 410 1018 1160 301 673 1051 729 1423 395 1145 620 1479 1370
Route 19 : 183 91 727 933 204 841 1477 954 387 244 994 1137 495 565 1315 120 1245 615 1365 299 870 548 1298 1049
Route 20 : 667 567 1417 252 1002 497 1317 364 1114 500 1250 553 1303 1247 502 368 321 1252 1071 745 1118 1495
Route 21 : 145 895 738 101 1488 851 273 1023 201 11 329 761 1079 951 124 87 837 874 78 828
Route 22 : 635 478 1385 1228 631 131 881 373 1381 178 1123 269 928 1019 206 276 956 1026 452 388 1202 1138
Route 23 : 14 668 412 764 1162 222 972 416 134 1166 884 33 655 783 1405 1418 104 382 1132 854 562 1312 558 1308
Route 24 : 733 529 1483 278 1279 1028 185 935 637 498 1248 1387 133 5 755 367 883 335 1117 1085
Route 25 : 652 1402 511 202 245 952 995 1261 461 1211 561 1311 286 28 778 1036 441 1191
Route 26 : 337 692 1442 275 1025 1087 555 687 506 1305 1256 1437 554 194 534 1284 944 54 804 1304
Route 27 : 681 469 1219 1431 15 598 765 170 397 1147 920 1348 572 515 1265 490 1322 176 1240 926
Route 28 : 494 116 610 1244 1360 264 651 866 1014 92 125 1401 641 1391 875 842 454 1204 722 1472
Route 29 : 743 1493 366 698 175 1448 925 209 959 1116 627 1377 708 656 1406 1458 159 672 1422 380 1130 909
Route 30 : 312 199 1062 949 735 141 1485 383 190 891 591 1133 1341 940 434 1184 281 1031 486 180 607 1236 930 1357
Route 31 : 330 81 831 451 1080 1201 55 43 171 793 805 921 573 57 111 109 807 861 859 240 990 1323 280 1030
Route 32 : 711 1461 680 552 238 1430 248 988 1302 998 96 448 846 1198 385 539 622 1135 1289 1372 73 304 1054 823
Route 33 : 661 501 706 1251 430 1180 1456 233 137 887 983 1411 320 684 1434 1070 645 237 1395 227 987 977
Route 34 : 35 272 1022 313 58 1063 748 808 1498 785 59 809 64 128 814 623 878 559 634 1309 1373 415 1165 1384
Route 35 : 662 579 1412 613 1363 177 927 1329 481 103 1231 853 270 624 1020 650 1400 108 1374 858 619 218 968 1369
Route 36 : 361 1111 404 1154 136 231 981 359 169 919 1109 142 892 302 564 1314 1052 886 542 391 1292 1141
Route 37 : 530 325 1280 1075 143 893 23 466 150 747 1216 900 442 773 393 1143 1192 571 85 1321 835 1497
Route 38 : 355 263 1105 1013 612 346 1096 504 1362 726 683 1476 1254 472 307 1057 257 1222 1433 288 1038 1007
Route 39 : 436 1186 153 60 903 659 810 690 1409 365 1440 1115 154 904 575 431 1181 8 1325 758
Route 40 : 289 1039 36 636 1386 527 786 728 476 1226 253 1277 1478 195 945 457 1207 1003 437 126 1187 876
Route 41 : 588 578 1328 427 405 1177 1155 51 1338 801 418 1168 139 513 889 433 1263 211 1183 158 908 961
Route 42 : 309 544 1294 1059 719 1469 328 167 917 736 1486 1078 499 98 1249 848 265 10 744 1015 760 1494
Route 43 : 94 102 852 234 844 984 207 605 1355 957 699 533 1449 1283 682 212 1432 962 67 41 817 791
Route 44 : 213 697 1447 512 599 1349 114 963 19 864 1262 524 646 769 1274 647 1397 290 1396 1040 465 339 1215 1089
Route 45 : 157 4 445 1195 421 907 1171 654 82 1404 754 832 369 196 946 1119 352 230 980 1102 254 1004
Route 46 : 118 731 1481 107 857 90 868 617 1367 840 535 262 447 1285 1012 1197 737 716 1487 1466 400 1150
Route 47 : 45 343 669 1093 1419 274 795 1024 220 456 200 1206 950 713 970 721 1471 1463 630 1380
Route 48 : 256 1006 132 537 882 53 803 235 1287 13 985 763 69 819 491 664 1241 1414 725 592 1475 1342
Route 49 : 372 1122 187 3 753 432 1182 937 593 657 1343 298 317 1407 1048 115 865 229 1067 979 113 863
Route 50 : 686 1436 74 824 27 777 32 482 782 1232 271 285 626 1035 1376 1021 193 188 640 938 943 1390
Route 51 : 49 508 799 353 514 525 1258 1275 703 1264 1103 677 1453 1427 283 547 1033 425 1297 1175 314 1064
Route 52 : 563 1313 695 625 1375 219 129 1445 279 879 969 266 216 1016 1029 122 966 479 872 696 1446 1229
Route 53 : 444 450 1194 192 1200 942 189 208 493 939 1243 162 958 261 912 685 303 1011 1435 724 1053 68 818 1474
Route 54 : 665 370 1415 249 1120 999 401 1151 250 1000 718 523 1273 1468 21 308 771 1058 503 95 1253 845 319 1069
Route 55 : 148 709 898 413 332 1459 531 1163 1082 1281 350 1100 65 458 675 815 1208 1425 557 1307 574 376 1324 1126
Route 56 : 742 1492 600 76 826 1350 516 310 1266 443 56 1060 1193 701 806 1451 297 464 1047 489 1239 1214
Route 57 : 614 232 982 1364 611 658 1408 1361 707 354 1457 1104 689 242 1439 463 992 1213
Route 58 : 296 1046 191 251 941 1001 52 379 802 518 1268 223 1129 973 671 351 1421 1101 156 906 186 936
Route 59 : 34 460 784 1210 474 1224 197 947 138 260 1010 505 888 1255 424 198 1174 948 470 521 462 1271 1212 1220
Route 60 : 29 576 1326 779 473 1223 632 586 360 1336 1382 389 1139 181 931 1110 487 1237 419 225 975 1169
Route 61 : 663 267 1413 331 570 1320 1081 1017 144 79 653 894 446 829 1196 714 1403 1464 638 324 1074 1388
Route 62 : 127 877 417 1167 746 42 1496 792 582 1332 406 100 850 392 596 396 1156 1146 1346 1142 326 1076
Route 63 : 295 1045 305 50 1055 110 428 800 590 860 1340 1178 155 371 905 720 551 1121 1470 1301
Route 64 : 556 24 119 1306 774 749 869 1499 66 545 608 816 483 1295 1233 1358 528 1278 182 643 1393 932
Route 65 : 546 294 215 965 1044 22 1296 566 1316 772 71 616 1366 821 621 1371 648 1398 435 1185 602 1352
Route 66 : 20 526 1276 705 459 770 345 1095 121 1209 1455 246 871 996 606 306 1356 568 1056 666 1416 1318 455 1205
Route 67 : 165 453 915 1203 149 6 756 693 83 833 1443 899 402 1152 147 97 897 106 847 378 856 1128
Route 68 : 420 9 1170 741 759 1491 224 488 974 496 1238 17 767 112 862 1246 164 914