Instance name : ber-n5000-4
Authors       : BIG3 - Dmitriy Yampolskiy, Egor Nikolaev and Daria Savina. Smart Logistics Point by the BigThree team (big3.ru).
Date          : 2025-04-23
Reference     : BigThree team (big3.ru)
Solution
Route 1 : 369 125 1064 3564 2869 2625 329 838 1689 470 2970 3338 4189 2014 2829 4514
Route 2 : 2256 2240 4740 2254 4756 4754 557 724 3057 351 610 2851 3224 3110 1171 3671 501 3001
Route 3 : 1176 1379 620 3676 61 3120 2561 3879 720 1157 3657 566 3220 118 707 3066 3207 2618
Route 4 : 1103 2297 122 3603 4797 2622 1319 1994 3819 4494 740 3240 300 837 3337 2800
Route 5 : 2309 2135 4635 4809 708 3208 1326 525 3826 1306 1727 3806 4227 3025 500 1764 3000 4264
Route 6 : 1829 1683 1008 1444 4183 3944 2215 4329 3508 2357 4715 2403 4857 4903 863 552 3363 3052
Route 7 : 671 1301 1060 3801 3171 725 3560 1058 1883 3225 1721 3558 1546 4383 1373 4221 4046 3873
Route 8 : 404 51 2551 1658 1534 393 1210 4158 3710 2893 1982 2904 4034 2259 4482 1956 4759 4456
Route 9 : 1465 65 132 506 2565 3965 3006 2632 1423 510 3010 3923
Route 10 : 2436 2461 4961 1981 4936 4481 763 754 3254 2079 3263 2248 2322 4579 4748 4822
Route 11 : 1628 2199 2169 4699 839 4669 4128 1146 3339 1308 1022 3808 3646 1232 3522 2078 3732 4578
Route 12 : 1685 935 963 2126 4185 3435 4626 3463 2059 2359 2323 4859 4823 4559
Route 13 : 975 1885 1490 1154 3654 3475 4385 1963 3990 357 1509 4009 4463 1884 2857 860 3360 4384
Route 14 : 1340 815 209 3315 3840 2011 4511 1449 2709 3949 415 2393 87 2915 2068 4893 4568 2587
Route 15 : 447 1740 1970 4240 4470 2947 2227 75 438 2938 2575 2428 4727 2289 4789 4928
Route 16 : 490 916 652 2990 3416 719 1552 3152 3219 4052 2453 1989 4489 4953 1173 3673
Route 17 : 738 3238 1480 440 3980 2940 2100 1629 4129 2154 4600 4654
Route 18 : 1949 1996 4496 4449 565 931 3431 3065 683 1186 3686 3183
Route 19 : 1562 1508 4062 1517 4017 608 3108 742 4008 1070 3570 3242 1288 1570 414 4070 717 2914 3788 3217
Route 20 : 2370 2179 2036 4536 4679 1111 4870 141 1324 2641 3611 3824 2060 391 1784 4284 4560 2891
Route 21 : 1817 701 3201 1709 4317 316 4209 436 1430 1194 2816 3694 2936 3930 674 1778 947 3174 4278 3447
Route 22 : 2075 2158 2372 4575 4872 1026 4658 2106 3526 1293 2275 4606 3793 4775
Route 23 : 1149 880 1237 3737 3649 3380 958 1637 3458 539 3039 4137 63 675 2563 3175 179 2679
Route 24 : 1900 398 4400 1121 810 3310 623 3621 2898 3123 791 806 865 3365 3291 3306 2411 4911
Route 25 : 1761 1187 1566 4066 1056 1755 4255 3687 4261 3556 477 192 1408 3908 2977 2692
Route 26 : 2136 302 2802 1011 1719 3511 2354 1216 4854 4636 4219 1038 1162 3716 3662 3538
Route 27 : 606 2328 4828 3106 2427 2077 4927 2457 4577 2418 4957 2162 4662 4918
Route 28 : 1548 766 3266 1312 3812 4048 789 562 46 3289 971 317 3062 2817 2546 3471 2483 4983
Route 29 : 654 441 2941 3154 753 1359 1703 3253 3859 4203 2437 348 4937 2848 765 3265
Route 30 : 1896 1591 1665 4091 4165 4396 1520 133 2336 4020 1940 321 4440 478 4836 2978 2821 2633
Route 31 : 1887 1973 4473 4387 1666 1049 3549 4166 1030 1304 3804 1751 3530 4251
Route 32 : 1892 1890 4390 2414 4392 4914 1045 783 3283 3545 208 697 820 2708 3197 340 3320 2840
Route 33 : 1674 427 2927 1251 4174 2349 2133 3751 4849 4633 1102 563 3602 2327 3063 4827
Route 34 : 305 1109 1830 3609 1116 2805 1656 4156 3616 4330 461 1363 889 3863 2961 3389 1523 1916 4023 4416
Route 35 : 1336 888 82 502 3836 3002 2582 259 1200 1474 3388 1781 3700 2759 1417 4281 1819 3917 3974 4319
Route 36 : 1603 737 1297 4103 3797 3237 1310 779 1663 1452 3279 4163 3810 387 3952 1303 2887 1037 3803 3537
Route 37 : 39 1287 2387 3787 2539 2266 4887 4766 2335 1211 4835 1865 595 4365 3095 3711
Route 38 : 1587 2337 4837 4087 1012 104 2604 926 1066 1644 3512 3566 4144 710 3426 1653 3210 1352 4153 3852
Route 39 : 2434 956 214 3456 2420 1991 4934 2714 4491 2118 4920 2080 4618 757 3257 4580 695 3195
Route 40 : 2398 4898 1886 17 241 1788 4288 4386 2517 2741 1987 1978 4478 4487
Route 41 : 2117 475 1524 4024 4617 2975 1642 1118 4142 2157 3618 4657
Route 42 : 2021 2016 4521 883 1596 3383 4516 1390 3890 4096 337 496 1132 2996 2837 3632
Route 43 : 2185 2148 4685 2430 4930 2035 4648 4535 11 143 727 1807 1776 2511 2643 3227 4307 4276
Route 44 : 1854 732 3232 2216 4354 4716 1499 1801 1206 3706 281 4301 3999 2781 13 1016 2513 3516
Route 45 : 486 2451 2364 2986 1975 4951 4864 2041 4475 4541 1694 890 3390 4194
Route 46 : 2395 2000 948 4500 4895 2081 622 3448 1243 4581 3122 1693 523 4193 3023 1257 3743 3757
Route 47 : 629 1766 3129 1754 4254 2146 4266 4646 1358 599 1931 1361 3099 3858 4431 3861
Route 48 : 816 850 1491 3316 435 3350 1441 2935 3991 3941 1394 731 1043 3231 3894 3543
Route 49 : 1266 361 3766 2861 1183 1466 2431 2350 3966 3683 4931 1482 3982 1733 800 3300 4850 4233
Route 50 : 2051 1920 1563 4063 4420 4551 866 402 2902 3366 2409 2498 2065 4565 4909 4998
Route 51 : 2475 2439 4939 4975 459 1414 497 2959 14 3914 2997 2514 2208 223 4708 2723
Route 52 : 1019 3519 2217 2152 2026 2094 4526 4652 4594 4717 2435 2270 4770 4935
Route 53 : 151 1558 1710 2651 4058 4210 2027 4527 171 334 630 2671 2834 3130 670 1451 803 3303 3951 3170
Route 54 : 2272 2091 4591 658 4772 968 3158 1135 3468 3635 716 3216 108 139 2639 2608
Route 55 : 823 1317 3817 3323 322 2822 403 1024 3524 2903 942 1081 1254 3581 3754 3442
Route 56 : 2303 4803 1836 778 4336 2258 3278 4758 53 940 2553 688 2347 3440 4847 3188
Route 57 : 1079 992 466 984 3492 2966 3579 1936 3484 1380 1289 3789 4436 509 3880 319 2819 3009
Route 58 : 1283 2373 1525 1481 4025 3981 4873 3783 244 628 3128 2744 128 1617 624 3124 2628 4117
Route 59 : 1543 299 528 3028 198 4043 2698 26 333 2009 2526 2833 1852 934 4509 3434 4352 2799
Route 60 : 1457 2401 4901 587 3957 580 493 3087 2993 1972 3080 4472 676 1783 4283 3176
Route 61 : 987 261 879 1631 2761 4131 3379 3487 1651 715 1722 4151 1346 4222 3215 612 3846 74 3112 2574
Route 62 : 1876 1467 2170 4376 3967 1040 4670 127 2627 270 3540 2770 2004 251 4504 2751
Route 63 : 2191 4691 2363 2284 4784 2236 4863 2233 4733 4736 202 396 1669 2702 2896 4169
Route 64 : 657 1592 1271 3157 4092 3771 163 271 2663 1231 679 2771 3179 2120 4620 3731
Route 65 : 2386 4886 1371 922 905 1585 4085 3871 3405 3422 121 1175 2621 1248 134 3748 3675 2634
Route 66 : 1636 2249 4749 1870 4370 785 4136 1212 1554 3712 3285 4054 516 2316 3016 4816
Route 67 : 2265 2278 1952 4765 2195 4778 4452 4695 1679 79 1708 2579 4179 817 925 4208 3425 3317
Route 68 : 2292 1977 2332 4792 2441 4832 4477 4941 2025 1225 4525 3725 1005 1410 3910 3505
Route 69 : 1589 2397 4089 2112 2464 4897 4964 4612 1076 556 3056 569 3069 1630 3576 932 3432 4130
Route 70 : 2429 2132 4632 2340 2038 4840 4929 698 1762 4538 3198 4262 1074 188 3574 1872 1531 4031 4372 2688
Route 71 : 747 1422 3247 3922 1488 2291 3988 4791 2230 923 1571 4071 3423 4730
Route 72 : 119 400 1947 2619 1028 4447 474 3528 2315 2974 2351 4815 2900 4851 1435 3935
Route 73 : 149 1937 4437 2649 2299 2460 2103 4799 4603 1950 4960 2362 4450 4862
Route 74 : 723 1341 3223 288 3841 1712 98 4212 2598 2184 2788 4684 2288 2480 4788 4980
Route 75 : 910 186 2686 1734 924 3410 4234 3424 1655 729 1789 3229 417 4155 4289 974 2917 3474
Route 76 : 1342 156 1032 2656 1648 458 3842 4148 2958 3532 2064 2024 2150 4650 4524 4564
Route 77 : 526 1331 1198 656 3698 431 3831 3026 3156 2931 882 386 3382 5 2505 2886 1911 1831 4331 4411
Route 78 : 1997 2209 4497 2423 4709 2023 4923 796 3296 972 1857 4523 1159 4357 3472 3659
Route 79 : 827 3327 607 2047 4547 264 3107 1966 1192 933 4466 3692 884 3433 2764 1544 3384 4044
Route 80 : 1677 1470 798 3970 3298 4177 1729 1820 4229 4320 2029 2177 80 2580 4529 4677
Route 81 : 34 1399 969 1453 3953 2534 3899 2108 3469 2239 4608 4739 1998 4498 1437 2313 4813 3937
Route 82 : 479 959 3459 2979 648 1880 1073 3573 667 4380 3167 2268 3148 4768 1384 1707 966 3884 3466 4207
Route 83 : 2262 4762 1148 3648 2204 1100 3600 4704 2293 2182 494 669 4682 3169 4793 2994
Route 84 : 2072 1974 4474 2287 4572 2455 4787 4955 1624 4124 912 29 1386 3412 2529 1143 3886 3643
Route 85 : 282 412 2912 682 2782 1456 543 3043 3182 3956 1122 1851 1376 3876 3622 2489 4351 4989
Route 86 : 862 1738 1181 3362 3681 4238 582 1161 85 3661 3082 2312 2585 2178 4812 4678
Route 87 : 1598 4098 1196 678 1485 3178 161 3696 3985 2661 1942 1797 1054 3554 4297 1988 4442 4488
Route 88 : 1641 153 1001 2653 4141 3501 84 1537 2584 814 4037 295 3314 611 2795 433 1067 2933 3567 3111
Route 89 : 1749 2399 4899 4249 1660 2062 852 4562 2145 4160 3352 4645
Route 90 : 2242 2298 2229 4798 4729 4742 1099 1832 2374 4874 4332 3599 614 1730 515 4230 3114 3015
Route 91 : 979 1607 1220 3479 2365 2138 4107 4865 3720 690 3190 2494 4638 4994
Route 92 : 809 3309 907 662 3162 1604 1272 3407 808 1204 3704 3308 3772 1954 2031 4104 4454 4531
Route 93 : 728 1147 3228 3647 1258 3758 99 2599 272 1434 1489 1962 4462 2772 3934 3989
Route 94 : 1227 1584 4084 3727 542 432 3042 1167 1910 245 2932 16 2745 3667 2516 4410
Route 95 : 1822 4322 1545 1611 97 2597 1601 290 4045 4111 4101 2790 1160 23 3660 2310 2523 4810
Route 96 : 2497 370 60 1492 2560 2870 944 3992 3444 1770 818 3318 1747 4270 1262 4247 3762 4997
Route 97 : 1796 1808 1263 495 2995 4308 2302 4296 3763 4802 1035 1193 3535 1438 3693 544 1020 3044 3938 3520
Route 98 : 788 943 3288 3443 1782 869 2338 3369 4282 1514 4838 4014
Route 99 : 2495 2308 4995 1318 4808 2274 2226 4726 4774 3818 2181 481 2981 4681
Route 100 : 1299 341 3799 894 1115 3394 1207 2841 1351 3851 3615 1856 384 3707 2884 425 1021 4356 2925 3521
Route 101 : 1594 162 2662 1222 1269 4094 3722 736 3769 3236 1166 1316 3816 170 3666 1487 3987 2670
Route 102 : 473 1096 3596 72 2973 2572 234 212 2712 195 2734 1842 2695 1126 3626 532 4342 664 3032 232 3164 2732
Route 103 : 702 276 3202 157 2657 2776 2058 4558 1539 1577 4039 359 4077 1179 101 2859 2601 1933 3679 4433
Route 104 : 1605 1955 4105 2180 4680 4455 1255 898 1473 929 3973 3755 3398 472 518 3429 3018 2972
Route 105 : 1017 434 1307 3807 2934 908 3517 1728 4228 3408 1209 89 3709 2589 1092 864 577 3592 3364 3077
Route 106 : 1889 1919 4389 492 4419 2992 1078 953 3578 123 3453 1606 677 2623 457 3177 4106 1182 3682 2957
Route 107 : 1071 203 3571 1507 2703 236 4007 1459 609 2736 117 3109 3959 1403 2617 1221 3903 1871 3721 4371
Route 108 : 1895 1348 980 4395 1815 3480 4315 3848 268 367 293 2867 2768 921 2793 1853 4353 1057 3421 3557
Route 109 : 1565 1374 1627 4127 1983 4065 3874 2063 4483 2127 4563 1948 4627 1744 4244 4448
Route 110 : 453 1891 594 2252 2953 2257 4391 1155 4752 3094 4757 3655 2255 1602 4102 4755
Route 111 : 1791 424 631 4291 2924 2250 3131 2086 4750 4586 155 418 2655 2918
Route 112 : 2111 1809 2424 4611 4309 2007 2235 4924 4507 4735 2290 1138 3638 4790
Route 113 : 1253 1383 297 27 2527 3883 3753 2052 2797 4552 194 1233 1549 2694 4049 3733
Route 114 : 2048 568 826 1799 3326 269 4548 1915 3068 1555 175 4299 2769 4415 2479 4055 2675 4979
Route 115 : 1866 787 2121 4366 3287 2449 2186 4949 4621 4686 1777 306 2806 4277
Route 116 : 1903 718 4403 445 2945 1913 3218 105 1608 4413 2605 696 247 3196 4108 2747 955 3455
Route 117 : 927 1661 4161 3427 776 1010 3276 242 3510 1527 1006 173 2742 1579 2673 4027 3506 182 4079 2682
Route 118 : 1393 327 3893 9 1439 2509 2827 3939 1581 1763 4081 892 1429 4263 3392 2151 4651 3929
Route 119 : 2096 67 4596 2567 2012 409 2909 1205 1559 4512 1837 4337 4059 3705
Route 120 : 962 1274 981 3774 2166 3481 3462 2382 4882 4666 1447 164 1649 3947 4149 2664
Route 121 : 2346 2416 1083 1575 4846 3583 2161 4075 4916 4661 1050 793 1087 3550 721 3587 3293 3221
Route 122 : 1402 1284 2484 4984 2486 3902 4986 3784 2276 2175 2049 4776 2174 4674 4549 4675
Route 123 : 2415 2271 2202 2210 4710 4915 1091 840 4702 3591 4771 891 625 3391 3340 3125
Route 124 : 56 2556 706 3206 2 160 2660 450 2502 2950 1793 1902 406 4293 2906 4402 2044 4544
Route 125 : 1599 2110 1068 4099 2285 3568 4610 4785 1794 1375 4294 3875
Route 126 : 1838 4338 1850 2379 4350 2396 2456 4879 2253 4753 4896 4956 1893 1881 112 2612 4393 4381
Route 127 : 797 1265 249 71 2749 2571 3765 1833 3297 887 524 3024 1943 3387 4443 2394 4333 4894
Route 128 : 1841 1367 3867 709 780 3280 4341 3209 2113 1419 1290 4613 3790 1455 3919 660 3160 3955
Route 129 : 1619 4119 394 936 260 1330 3436 2894 3830 2760 1240 211 2711 3740 1440 3940
Route 130 : 1023 2020 1002 3523 1979 2006 4479 3502 4520 4506 2176 2097 2232 4676 2355 4597 4855 4732
Route 131 : 858 1811 3358 4311 126 346 982 2626 1145 2846 1625 1003 3482 4125 2241 3503 3645 4741
Route 132 : 2325 2383 180 1802 4825 2295 2680 4302 4795 4883 181 465 2681 2965
Route 133 : 2069 2173 4673 35 4569 174 2535 57 2557 1084 2674 1415 711 3584 877 3377 3211 3915 142 2642
Route 134 : 2282 507 4782 853 3353 3007 1690 1934 1387 3887 4190 4434 2140 2085 4640 201 2701 4585
Route 135 : 7 2055 2218 2507 4555 4718 2213 2360 4860 42 1401 2214 4713 2542 3901 4714
Route 136 : 2469 1984 2192 4484 380 4969 4692 1315 2407 4907 2880 3815 2224 4724
Route 137 : 1696 1158 1847 4196 1354 3658 4347 3854 1047 1828 289 1610 4328 248 3547 4110 2748 2789
Route 138 : 997 1110 3497 3610 2137 2344 4844 2472 4637 774 1086 1007 3586 3507 3274 4972
Route 139 : 485 914 1532 2985 1082 3414 1120 4032 1967 3582 4467 3620 2269 2105 2070 4605 4769 4570
Route 140 : 239 822 1425 1803 4303 3925 2739 3322 1711 1119 767 3619 4211 3267
Route 141 : 2147 4647 410 551 832 3051 2910 1476 349 3976 3332 1469 1905 2849 2243 3969 4743 4405
Route 142 : 1095 691 3191 1131 392 3595 3631 262 1888 2762 2892 178 739 4388 2678 3239 2342 812 4842 3312
Route 143 : 2053 1786 430 4286 421 1184 2930 3684 2389 2206 4553 2921 4706 1873 4373 4889
Route 144 : 2101 2187 1365 3865 615 382 2882 4687 3115 2311 1646 1295 3795 4601 2074 4811 4146 4574
Route 145 : 360 2860 1505 1113 4005 3613 1560 1278 4060 169 2669 3778 1736 1621 550 4236 3050 4121
Route 146 : 1705 1633 4205 4133 2410 649 1208 1922 4910 2419 3149 4422 3708 2493 4993 4919
Route 147 : 499 762 2999 3262 1191 2454 3691 216 1697 4954 4197 2716 2056 371 1673 4556 2871 4173
Route 148 : 2375 2318 4818 4875 714 3214 1141 574 3074 3641 1813 655 3155 4313
Route 149 : 1392 561 3061 3892 1105 116 464 2616 1388 3605 2251 2964 3888 570 4751 3070
Route 150 : 93 633 2593 1556 3133 4056 1835 257 2245 2458 876 1027 4335 2757 3376 4958 1899 3527 4399 4745
Route 151 : 637 1702 3137 4202 813 1723 712 3212 4223 2465 3313 2220 4965 2263 4763 4720
Route 152 : 332 1561 2832 243 1139 191 4061 3639 2691 2743 2281 4781 147 1698 4198 2647
Route 153 : 1432 1501 1406 3906 437 692 2937 3192 2003 3932 903 1261 1041 4503 3761 3541 3403 4001
Route 154 : 564 129 362 2629 3064 1396 533 3033 2862 3896 1428 666 3928 491 2102 4602 3166 2991
Route 155 : 1742 62 1018 4242 2562 3518 1215 857 3715 1461 3357 1756 217 3961 2717 364 733 2864 4256 3233
Route 156 : 2341 4841 2189 1327 3827 4689 534 503 3034 55 1362 3003 3862 2555
Route 157 : 1824 1153 4324 2089 3653 665 1875 3165 4375 4589 69 2569 1863 868 3368 4363
Route 158 : 795 794 3294 2156 4656 3295 1765 1547 1678 4265 4047 2237 4178 388 4737 2888
Route 159 : 210 1713 4213 745 2710 1475 146 3245 462 3975 2962 2646 2333 4833 1951 4451 1659 4159
Route 160 : 2326 4826 2028 2149 4528 4649 2071 548 4571 508 3048 1908 298 3008 2798 4408
Route 161 : 834 1645 3334 229 597 1540 4145 168 4040 2729 3097 2668 2114 2067 4614 4567 530 3030
Route 162 : 519 287 3019 2787 1036 638 37 3138 1004 3536 66 2537 3504 1189 646 2566 3689 3146
Route 163 : 1151 86 3651 937 2586 1726 4226 686 3437 3186 1767 196 38 1869 2696 4267 4369 2538
Route 164 : 1133 355 726 3633 1320 3226 444 2855 2944 3820 252 2160 4660 206 2752 699 2706 632 3132 3199
Route 165 : 1063 1616 1234 1140 3734 4116 279 3640 381 2779 3563 1724 4224 1691 32 2881 4191 2532
Route 166 : 1051 328 1615 2828 3551 4115 605 22 1442 2522 3105 3942 998 154 3498 33 2654 583 2533 3083 985 3485
Route 167 : 100 150 855 2010 2650 4510 2600 3355 642 1424 1643 3924 3142 4143 342 705 2842 3205
Route 168 : 1654 752 1834 3252 964 4154 1774 1597 4334 3464 4274 2247 4097 2329 4747 4829
Route 169 : 746 1804 811 4304 3246 456 110 559 2956 3311 3059 684 2610 1941 1759 3184 4441 4259
Route 170 : 1550 2017 4517 204 310 4050 1344 2704 735 3844 2810 3235 2353 2388 4888 4853
Route 171 : 2076 1569 1328 4576 3828 4069 844 10 3344 207 1623 2510 2707 41 1292 4123 2541 3792
Route 172 : 219 224 2719 2724 1859 2238 227 4738 1968 4359 2727 2445 1999 4945 4499 4468
Route 173 : 1259 420 47 1443 2920 2547 3943 3759 2034 1224 4534 2482 3724 4982
Route 174 : 1381 756 136 621 3881 3121 3256 190 2636 505 2690 246 3005 1174 2746 1595 1921 3674 4095 4421
Route 175 : 1928 124 1229 3729 4428 2087 2624 704 4587 3204 1412 560 1458 3958 3912 3060
Route 176 : 152 913 2652 1268 1790 3768 3413 4290 19 372 2872 2280 2519 626 280 2780 1114 3614 4780 3126
Route 177 : 1169 378 1321 3821 1990 3669 2878 4490 2005 4505 1907 301 2801 230 4407 2730
Route 178 : 250 1684 4184 419 2750 668 2919 784 3168 231 2731 2104 3284 4604 2188 4688 1825 4325
Route 179 : 137 845 1165 1647 3345 3665 2637 4147 1448 1042 3948 1568 4068 744 3542 3244
Route 180 : 1958 2381 4458 895 4881 3395 734 49 3234 2549 1431 1583 906 4083 3931 1771 3406 4271
Route 181 : 1775 358 1521 878 2858 4275 3378 2164 4021 2487 233 4987 4664 31 81 2531 2733 2581
Route 182 : 1029 213 989 3489 546 3529 828 2713 2008 3328 3046 2391 2491 4991 4891 4508 2432 4932
Route 183 : 374 1413 3913 2874 703 3203 254 273 1717 2754 2773 954 4217 3454 976 3476
Route 184 : 1497 1904 1416 4404 3916 3997 1953 644 1927 1097 4427 3144 4453 2040 3597 4540
Route 185 : 448 1493 2948 218 3993 1785 1164 2718 965 909 3664 4285 3465 3409 115 967 2615 3467
Route 186 : 536 584 1101 3036 1798 3084 1142 3601 4298 3642 1993 1635 4493 1779 659 3159 4279 4135
Route 187 : 1746 1840 4246 2477 4340 2143 4643 4977 1136 1844 4344 3636
Route 188 : 2279 1244 312 2812 4779 3744 468 1471 1277 1932 1995 3971 2968 3777 4432 2496 4495 4996
Route 189 : 555 368 3055 2868 1720 4220 713 205 2705 1264 3213 1573 3764 730 3230 4073 1009 338 2838 3509
Route 190 : 681 1533 4033 3181 1055 275 95 2775 2595 3555 1668 1343 226 3843 799 2726 4168 3299
Route 191 : 1130 1612 1495 3630 2300 3995 2433 4112 4800 4933 1282 3782 1715 1667 4215 4167
Route 192 : 253 1339 220 2720 3839 2753 1731 428 2928 1657 4231 831 4157 801 50 3301 1846 3331 2550 4346
Route 193 : 1700 1918 4200 323 4418 1270 2823 2320 3770 4820 1230 184 2684 3730
Route 194 : 928 598 821 3098 3428 2093 3321 4593 76 986 2317 3486 4817 2576
Route 195 : 946 454 324 2954 3446 2824 1322 240 3822 904 308 2740 3404 2808 592 375 1450 3950 2875 3092
Route 196 : 52 1743 1529 2552 4243 874 4029 1874 4374 3374 511 3011 1938 1750 4250 4438
Route 197 : 187 755 999 2687 3255 3499 843 15 571 3343 2515 3071 1980 2450 4950 4480
Route 198 : 601 902 145 3402 3101 399 1946 978 2899 2645 4446 3478 1112 1273 3773 792 3612 3292 603 3103
Route 199 : 578 59 2559 107 3078 408 2908 2607 1025 1716 3525 4216 761 1217 1302 3261 1090 3717 3590 3802
Route 200 : 1329 318 3829 1080 2818 1898 3580 383 2400 786 4398 2883 3286 4900 2356 20 2520 4856
Route 201 : 397 265 2765 2897 1398 225 120 3898 2725 58 1404 1170 3904 2620 3670 2558 748 1061 3248 3561
Route 202 : 1168 345 849 2845 3349 3668 2339 4839 1418 1298 480 3918 3798 2980
Route 203 : 596 1385 83 2583 291 3096 3885 2791 829 759 3329 24 3259 2524 1325 2447 3825 4947
Route 204 : 1588 4088 1486 1093 1199 3986 3699 407 3593 1323 2907 1335 2203 3835 4703 3823
Route 205 : 114 576 771 2614 1454 3076 3271 1541 4041 3954 768 1313 3268 960 590 3813 749 3090 3249 3460
Route 206 : 1976 258 1718 2758 4218 4476 442 1773 593 2942 3093 183 4273 2090 2683 2165 4665 4590
Route 207 : 529 973 130 3029 3473 2630 411 1218 1 2911 2083 4583 2501 3718
Route 208 : 1848 4348 185 2039 4539 941 2685 1511 1127 3441 4011 3627 896 527 3396 449 3027 2949
Route 209 : 1128 3628 1353 2099 1768 1065 3853 4599 4268 694 3565 772 43 3194 3272 2543
Route 210 : 2141 91 1242 4641 3742 274 2774 2591 354 1195 3695 1172 2854 284 2784 3672 423 2923
Route 211 : 2205 2054 635 4705 3135 4554 2061 535 1013 4561 1046 3546 1107 3607 988 3035 802 3302 3488 3513
Route 212 : 600 672 3100 309 3172 6 2809 893 2506 70 3393 426 2570 1267 2926 693 3767 439 3193 2939
Route 213 : 911 1945 1088 1518 3411 1986 3588 4445 2384 4018 4486 2123 4884 102 292 2602 2792 4623
Route 214 : 918 807 1609 4109 3307 3418 2084 4584 1632 1280 3780 1053 4132 365 3553 1741 4241 2865
Route 215 : 1464 1197 3697 451 1862 901 3401 2951 4362 3964 805 326 3305 2826 1818 4318
Route 216 : 1826 1795 1686 4186 4295 2260 1672 140 4326 4760 2640 4172 647 1477 3977 3147
Route 217 : 541 1745 3041 1662 1867 278 4245 2778 4162 4367 2155 2200 4655 4700
Route 218 : 2032 2033 4533 4532 1338 4 700 1072 2504 3572 3838 3200 2296 4796
Route 219 : 1462 2092 3962 1059 900 3559 1622 4592 4122 2022 3400 2098 4522 2222 4722 4598
Route 220 : 1094 1714 1409 3909 4214 3594 1370 2376 1190 3870 1125 377 994 3625 3690 3494 2877 1843 4876 4343
Route 221 : 1701 1498 3998 547 1787 1405 2440 4287 3047 3905 538 1075 4940 4201 3575 401 3038 2901
Route 222 : 2463 4963 2211 1864 1688 4364 4188 4711 176 2676 1241 1228 3741 3728
Route 223 : 1123 3623 2286 2190 4690 4786 2219 4719 1650 643 40 3143 266 4150 2540 2766
Route 224 : 255 851 1640 885 2755 4140 3351 3385 1369 613 3869 1134 3113 687 3634 1512 4012 3187
Route 225 : 446 627 1150 1219 3650 3127 2946 1965 3719 4465 476 1925 4425 1203 165 3703 2665 2976
Route 226 : 513 764 3013 819 3 1478 3264 2503 2046 3319 3978 2042 4542 4546 1739 4239
Route 227 : 2368 1305 781 4868 1732 1582 3805 824 3281 899 4232 1816 3324 3399 1985 4316 4485 4082
Route 228 : 950 856 3450 1238 3356 3738 581 1334 350 2212 2850 4712 3081 3834 2369 4869
Route 229 : 872 44 8 2544 3372 2508 1463 294 2142 4642 2794 790 3963 1445 3290 1752 3945 4252
Route 230 : 1586 286 1681 2786 4086 2425 4925 4181 588 540 3088 3040 1757 1391 3891 930 3430 4257
Route 231 : 2459 54 4959 545 2554 1089 3045 106 2606 3589 1357 256 1538 4038 2207 3857 4707 2756
Route 232 : 1760 1821 78 2578 4321 4260 2030 2476 4530 1519 1882 4976 4382 4019
Route 233 : 1247 1564 1226 1664 4164 4064 3747 3726 1557 138 4057 1725 4225 1129 2638 835 1178 3629 3678 3335
Route 234 : 2277 1048 422 4777 3548 2922 311 488 73 2988 2573 2811 1000 1479 1593 3500 4093 3979
Route 235 : 2324 2002 4502 4824 758 1626 1522 4126 3258 1960 4460 4022 983 347 1849 2847 4349 3483
Route 236 : 2492 2478 4992 2321 4821 4978 2193 2115 4693 4615 1692 4192 673 1332 3173 3832
Route 237 : 460 1957 2960 2466 4457 2153 4966 4653 237 1163 3663 2737 376 867 3367 871 2876 3371
Route 238 : 25 2525 1634 1420 1600 3920 4134 389 4100 591 1878 939 2889 4378 3439 3091
Route 239 : 1156 1613 1758 2421 854 3656 4921 636 4113 3136 3354 873 4258 1814 3373 1360 3860 4314
Route 240 : 2358 1285 1177 3677 1827 1806 1407 3907 4306 2301 4327 4858 2352 3785 4852 4801 2473 4973
Route 241 : 1286 750 3786 3250 1503 1812 1638 4312 4003 4138 373 1567 111 2873 2611 4067
Route 242 : 1015 604 836 148 3104 2648 3515 1959 3336 4459 215 1930 2715 4430 1535 4035
Route 243 : 1580 567 1062 3562 1894 4080 3067 263 2001 4394 2763 4501 2452 4952 1590 1639 4090 4139
Route 244 : 1935 846 512 3012 1256 4435 3346 3756 2345 1971 4471 4845 1366 2107 3866 4607
Route 245 : 1506 685 1516 4016 3185 4006 1494 1185 3994 3685 1858 1356 3856 4358
Route 246 : 2037 135 1939 1294 4439 4537 3794 2635 2201 307 2807 4701 489 996 777 2989 3277 1349 3496 3849
Route 247 : 158 343 2843 2658 296 951 3451 177 2796 2677 1252 833 650 3150 3333 3752
Route 248 : 221 113 2721 775 3275 2613 366 938 2866 1033 743 3438 3533 3243
Route 249 : 1923 1296 2119 4619 3796 2019 4423 2331 4831 4519 549 634 919 3134 3419 3049
Route 250 : 88 1468 2377 3968 487 2588 1810 4310 2987 4877 915 1117 585 3085 3415 3617 1879 4379
Route 251 : 1291 2307 531 3031 1069 335 3791 4807 2835 3569 2057 1861 514 1460 4361 3014 3960 4557
Route 252 : 2402 2499 2404 4904 4902 4999 2474 2405 4905 4974 945 841 3445 3341
Route 253 : 1300 1753 1039 4253 30 3539 3800 2134 2530 1909 830 3330 4409 45 4634 2545 471 2971
Route 254 : 1355 1917 3855 2348 4417 2168 2018 1682 4182 4848 4668 4518 2196 4696 2305 4805
Route 255 : 1620 344 2844 4120 2095 2408 4595 2194 2470 2244 4694 4970 4908 4744
Route 256 : 2043 2481 2172 4543 2485 4981 4672 4985 993 2013 3493 4513 144 875 2644 3375
Route 257 : 2066 2371 2343 2223 4566 4723 4843 4871 1137 1574 1496 4074 689 3637 3189 3996
Route 258 : 1553 2163 1676 4176 4053 4663 429 320 1236 2820 961 1839 2929 3736 3461 4339
Route 259 : 1551 1670 4170 4051 416 741 722 3222 3241 1427 2916 1279 3927 3779
Route 260 : 2045 2438 4938 1964 4545 4464 1513 1576 4076 4013 2468 4968 304 2804 94 2594
Route 261 : 325 1484 1368 3984 2825 2392 3868 4892 1014 848 3514 3348 751 1180 3251 782 3282 3680
Route 262 : 991 1769 2467 4967 3491 4269 653 645 3153 3145 1855 1031 2125 4355 3531 4625
Route 263 : 1246 870 3370 3746 467 498 452 2952 881 3381 238 2967 2738 2314 2998 554 3054 4814
Route 264 : 1214 314 2167 4667 3714 2304 2814 4804 553 995 3495 48 3053 2319 4819 2548
Route 265 : 1223 1281 3781 3723 1515 2109 4015 4609 970 1426 3470 3926
Route 266 : 2500 639 769 957 2159 5000 3457 3269 2171 4659 3139 2122 4671 4622 1213 3713
Route 267 : 2183 2267 4767 2442 1961 4683 4461 4942 977 1502 352 3477 2852 172 4002 2672
Route 268 : 1578 303 4078 2803 2426 1510 1483 4926 3983 4010 2273 1906 4406 4773
Route 269 : 167 2225 4725 2667 1124 463 1436 3936 2963 3624 1652 1536 193 661 4152 4036 2693 3161
Route 270 : 1337 1901 3837 2130 4401 4630 1202 1860 3702 313 4360 413 2813 68 1572 2913 4072 2568
Route 271 : 2231 1249 4731 1104 1345 12 3845 1372 2512 336 2836 3604 2367 3872 4867 3749
Route 272 : 1350 1675 3850 1314 3814 2412 804 3304 4175 4912 1152 504 1526 4026 825 3652 3325 3004
Route 273 : 1378 1245 235 3878 842 2735 558 897 1687 2471 3058 3397 4187 4971 3342 2380 3745 4880
Route 274 : 315 1530 339 4030 641 3141 2815 2261 2839 1044 443 3544 2943 4761 2128 4628
Route 275 : 1347 379 3847 602 330 2879 1472 3102 1077 109 3972 2830 3577 2378 2609 4878
Route 276 : 1680 1500 159 619 3119 4180 197 2659 4000 1504 2697 1382 4004 1421 3882 3921 522 1704 3022 520 3020 4204
Route 277 : 2050 1800 949 1877 4300 4550 4377 3449 1260 483 2983 1845 537 4345 3760 3037 2228 4728
Route 278 : 2446 2124 2082 4582 4946 4624 385 640 2885 277 3140 2777 469 1542 2969 4042 1108 3608
Route 279 : 96 1868 103 2596 4368 1395 3895 2603 572 1944 18 1309 3072 2518 3809 1969 4469 4444
Route 280 : 2116 2197 4616 4697 2198 575 4698 886 3386 482 3075 1034 395 405 2982 2905 2895 353 3534 2853
Route 281 : 680 1897 1400 4397 3180 1924 1528 1144 3644 4424 4028 3900 2462 4962 2246 2306 4746 4806
Route 282 : 1929 586 4429 2221 3086 4721 1912 64 2564 4412
Route 283 : 1389 390 199 3889 2890 517 1805 2417 3017 4305 2699 4917 2088 2330 4588 4830 2139 4639
Route 284 : 2390 2144 4890 283 1311 4644 1671 3811 2783 4171 285 21 2521 521 3021 847 2785 3347
Route 285 : 2361 1780 4280 4861 2015 952 770 3452 4515 3270 1275 617 3775 3117
Route 286 : 2283 1706 2294 2131 4794 4783 2073 4206 1992 4631 4492 4573 1792 2264 4292 4764
Route 287 : 1699 579 3079 2448 4199 4948 859 1333 3833 3359 920 1735 4235 3420
Route 288 : 1772 1618 131 4272 2631 4118 2366 4866 1926 1052 4426 651 3151 3552
Route 289 : 2490 917 3417 4990 2385 331 4885 2831 616 861 3361 3116 1433 3933
Route 290 : 92 2406 589 3089 1397 2592 228 4906 77 3897 2728 2577 618 1201 3118 3701
Route 291 : 1106 773 3606 363 189 2689 3273 1748 2863 4248 1914 222 573 3073 2722 4414 1239 1823 4323 3739
Route 292 : 1614 166 4114 267 2666 1098 2767 3598 663 28 90 760 2528 3163 2590 1737 3260 1411 4237 3911
Route 293 : 200 1235 2700 3735 2444 2422 1188 4922 3688 4944 484 36 2536 1250 2984 3750
Route 294 : 990 2488 2334 4834 4988 3490 2413 4913 1276 1377 1364 2443 3864 3776 3877 4943
Route 295 : 455 356 1085 3585 2856 2955 1446 1695 4195 2234 3946 2129 4629 4734
