Instance name:	ber-n1000-5
Authors:		Carlo Sartori and Luciana Buriol
Date:			2019-2-11
Reference:		A matheuristic approach to the PDPTW (to be submitted)
Solution
Route 1 : 50 85 71 585 571 550
Route 2 : 104 20 604 520
Route 3 : 101 17 154 517 654 601
Route 4 : 235 108 735 207 608 40 540 707
Route 5 : 239 739 166 109 666 609
Route 6 : 226 100 726 600 249 10 510 749
Route 7 : 119 241 159 741 619 659 252 145 645 752
Route 8 : 35 212 89 258 535 589 712 758
Route 9 : 245 224 172 724 265 672 745 765
Route 10 : 275 189 689 148 775 95 595 79 648 579
Route 11 : 153 77 653 288 788 192 577 692
Route 12 : 178 678 260 196 760 292 792 39 696 539
Route 13 : 149 293 649 14 793 116 616 514
Route 14 : 132 632 90 187 299 799 590 687 146 646
Route 15 : 304 92 592 804 171 217 717 671
Route 16 : 216 303 305 805 803 236 716 736
Route 17 : 228 15 202 728 310 515 810 702
Route 18 : 60 91 591 280 560 12 780 311 512 811
Route 19 : 314 83 57 557 814 147 583 133 647 633
Route 20 : 200 284 128 784 323 823 700 86 628 586
Route 21 : 220 324 80 268 720 824 580 768
Route 22 : 63 253 753 326 563 255 317 826 755 817
Route 23 : 316 330 142 816 830 222 722 642
Route 24 : 308 301 331 801 65 565 296 831 796 808
Route 25 : 227 298 332 48 832 548 798 727
Route 26 : 257 117 757 338 617 76 576 838 43 543
Route 27 : 341 4 263 309 841 809 504 763
Route 28 : 343 259 843 9 759 509 78 578
Route 29 : 229 250 729 118 206 750 618 351 706 851
Route 30 : 123 354 854 623 218 121 718 621
Route 31 : 362 21 27 521 862 282 782 527
Route 32 : 188 67 567 688 290 366 367 867 866 790
Route 33 : 237 291 371 737 791 247 871 56 747 556
Route 34 : 160 375 13 660 340 513 875 131 840 631
Route 35 : 114 377 81 614 51 551 877 581
Route 36 : 230 730 318 168 668 380 818 256 880 756
Route 37 : 180 680 135 59 559 72 635 572 381 881
Route 38 : 384 334 834 28 11 75 884 528 511 575
Route 39 : 73 390 573 242 890 376 742 876
Route 40 : 25 393 893 525 210 112 710 612
Route 41 : 329 103 211 395 829 603 895 711
Route 42 : 266 272 105 766 772 397 396 897 605 896
Route 43 : 270 337 770 139 837 399 899 639
Route 44 : 185 191 685 221 136 400 636 900 691 721
Route 45 : 88 403 588 302 169 903 802 669
Route 46 : 138 130 144 644 630 102 638 383 404 904 883 602
Route 47 : 408 182 682 908 24 319 524 120 819 620
Route 48 : 163 97 663 410 597 910 225 725
Route 49 : 412 33 45 286 545 533 786 360 912 860
Route 50 : 413 203 197 697 62 703 913 248 748 562
Route 51 : 370 234 348 870 414 734 363 848 914 863
Route 52 : 409 279 374 909 417 779 874 917
Route 53 : 420 125 307 920 625 807
Route 54 : 7 422 507 195 281 781 695 922 209 709
Route 55 : 425 53 431 269 931 925 553 769
Route 56 : 382 424 882 155 432 932 655 924
Route 57 : 106 433 606 93 170 593 933 670
Route 58 : 391 891 38 183 434 683 934 538
Route 59 : 68 283 568 385 783 435 115 885 615 935
Route 60 : 436 320 936 356 151 856 820 651
Route 61 : 398 437 392 937 898 137 892 379 879 637
Route 62 : 186 297 22 686 439 797 167 939 667 522
Route 63 : 339 54 554 215 193 839 440 715 693 940
Route 64 : 16 428 322 928 516 822 441 941
Route 65 : 361 861 442 373 352 873 942 852
Route 66 : 443 372 285 161 872 427 785 943 927 661
Route 67 : 219 36 719 231 536 444 213 731 47 713 944 547
Route 68 : 254 52 754 445 552 140 945 58 640 558
Route 69 : 388 94 594 446 888 333 946 833
Route 70 : 295 795 447 184 238 947 738 365 684 865
Route 71 : 419 448 6 948 165 919 665 506
Route 72 : 246 449 746 401 174 901 411 949 674 911
Route 73 : 26 526 267 386 767 450 886 950
Route 74 : 82 451 315 582 346 84 951 846 584 815
Route 75 : 335 835 429 378 453 878 929 953 355 855
Route 76 : 402 312 902 49 357 454 857 812 954 549
Route 77 : 177 456 956 41 99 541 599 677
Route 78 : 368 124 624 251 31 751 868 531 458 958
Route 79 : 455 955 277 459 344 777 959 844
Route 80 : 460 134 634 152 64 30 652 960 530 240 564 740
Route 81 : 461 300 181 800 961 358 858 681 37 537
Route 82 : 452 150 426 952 463 650 926 963
Route 83 : 205 705 69 569 156 464 964 233 656 733
Route 84 : 96 61 465 34 561 534 965 596 349 849
Route 85 : 66 98 273 466 773 566 353 598 966 264 764 853
Route 86 : 467 194 327 694 394 967 827 894
Route 87 : 122 42 468 418 968 622 542 918
Route 88 : 5 472 972 201 157 470 701 970 505 657
Route 89 : 473 973 462 321 176 962 29 529 821 676
Route 90 : 243 129 475 313 629 975 743 813
Route 91 : 208 457 957 198 708 476 3 698 503 976
Route 92 : 474 974 44 478 143 544 387 978 643 887
Route 93 : 87 111 479 587 979 244 744 611 190 690
Route 94 : 389 204 481 889 471 704 981 70 971 570
Route 95 : 126 483 983 469 626 164 287 664 787 969
Route 96 : 107 306 806 607 484 336 984 836
Route 97 : 485 294 162 794 2 262 985 502 662 762
Route 98 : 486 406 405 986 905 906 113 325 825 613
Route 99 : 8 46 487 508 987 74 546 574
Route 100 : 223 488 988 723 359 328 859 828
Route 101 : 199 276 55 776 699 489 989 555
Route 102 : 490 407 907 491 991 990 430 930
Route 103 : 342 214 477 842 492 977 992 714
Route 104 : 175 278 675 274 778 493 774 271 993 771
Route 105 : 173 32 673 532 416 494 916 127 627 994
Route 106 : 495 482 158 982 658 480 995 141 980 641
Route 107 : 496 369 1 869 996 19 501 519
Route 108 : 497 261 364 761 18 864 997 232 518 732
Route 109 : 350 498 289 850 438 998 423 923 789 938
Route 110 : 347 499 110 345 999 847 610 845
Route 111 : 23 415 523 421 179 500 915 921 679 1000
