Instance name : ber-n400-2
Authors       : Isaiah Reimer (isaiah.reimer@rideco.com). RideCo (rideco.com)
Date          : 2023-03-21
Reference     : Rideco PDPTW Solver
Solution
Route 1 : 136 122 162 322 362 166 336 366 107 307 72 272
Route 2 : 168 145 77 368 345 277 109 309
Route 3 : 118 78 318 278 79 37 22 237 112 312 279 42 242 222
Route 4 : 44 91 291 177 244 377 195 395
Route 5 : 129 28 138 19 193 228 329 219 393 338
Route 6 : 133 333 38 130 238 88 143 330 153 288 343 353
Route 7 : 152 352 160 149 349 360 3 139 40 339 240 203
Route 8 : 126 170 48 87 326 76 276 248 111 36 57 257 287 370 311 236
Route 9 : 167 169 156 356 367 369 176 376
Route 10 : 178 50 105 250 4 104 204 103 305 378 303 304 26 226
Route 11 : 69 269 119 319 120 39 239 84 284 320 59 25 63 225 94 259 263 294
Route 12 : 142 131 342 196 181 331 381 396 171 371
Route 13 : 154 186 386 5 92 205 159 292 148 354 348 359
Route 14 : 13 213 135 68 58 258 173 268 335 373 198 398
Route 15 : 47 53 8 247 253 192 179 392 379 208 1 201
Route 16 : 101 86 67 267 185 286 385 301 7 207
Route 17 : 21 75 62 221 275 180 262 380 144 344
Route 18 : 110 52 140 85 252 54 340 150 285 350 310 254 157 357
Route 19 : 141 132 81 332 191 281 341 24 391 224 128 328
Route 20 : 45 16 216 73 90 290 65 265 20 82 273 220 282 11 95 211 295 245
Route 21 : 106 14 117 114 306 317 314 214 164 364
Route 22 : 187 83 283 147 151 351 387 172 347 372
Route 23 : 71 271 41 23 241 223 27 32 227 100 232 300
Route 24 : 113 123 323 158 313 358 188 98 388 298 15 215 175 375
Route 25 : 80 35 99 299 197 280 235 163 397 363
Route 26 : 108 97 297 308 194 174 200 400 182 394 382 374
Route 27 : 46 49 125 2 246 89 124 249 289 34 325 324 202 234
Route 28 : 116 30 230 146 316 346 189 389 184 31 231 384
Route 29 : 165 33 43 18 6 206 243 199 233 365 218 399
Route 30 : 137 337 12 56 96 296 70 64 256 212 61 261 17 270 264 217
Route 31 : 55 51 255 251 66 161 266 102 74 361 121 302 321 274
Route 32 : 10 127 210 29 134 183 229 327 383 334
Route 33 : 155 93 60 190 9 293 390 115 355 315 209 260
