Instance name : nyc-n1500-3
Authors : Simen T. Vadseth, Henrik Andersson, Jean-Francois Cordeau and Magnus Stålhane
Date : 10.07.2023
Reference : TBA
Solution
Route	1 :  158 627 908 1377 355 1105 733 671 270 1020 356 322 1483 555 557 1421 182 1307 1072 729 1305 1106 932 1479 672 653 732 66 1482 150 900 396 1146 1422 1403 262 816 1012
Route	2 :  512 528 250 341 596 1091 1278 1000 97 1346 847 217 1262 40 578 967 1328 372 790 465 292 358 110 1122 1215 1108 1042 860 180 930
Route	3 :  80 750 122 547 700 830 271 259 1500 1021 679 278 1297 9 1009 872 1028 759 1450 107 1429 705 702 516 228 1266 1455 1452 857 978 711 363 480 637 135 1461 598 885 1113 1387 1230 1348
Route	4 :  616 504 268 1366 610 241 436 991 1254 274 693 491 1443 1024 1360 1018 1241 303 566 265 1316 1186 1015 1053 257 119 354 1007 120 734 84 260 870 869 1010 1104 1484 834
Route	5 :  461 191 405 393 1155 35 1143 1211 941 347 785 1097 683 1433 643 389 377 1393 1139 603 457 1127 2 752 1353 1207 168 709 471 650 103 1459 853 918 1400 1221
Route	6 :  618 67 289 100 415 1368 483 817 1165 691 305 613 1039 176 850 523 1441 1273 1363 1233 1055 926 106 499 205 272 324 856 5 1249 47 755 249 797 955 1074 52 64 1022 802 181 708 931 814 1458 999
Route	7 :  609 544 301 588 625 1338 1051 1294 1359 1375 70 820 99 727 849 4 1477 740 193 701 302 1490 723 943 1451 754 455 1052 533 1473 215 1205 1283 965
Route	8 :  359 432 636 667 360 1109 1110 1182 1386 1417 442 666 232 1192 203 1416 982 165 745 663 581 1413 1495 448 953 383 915 1198 1331 1133 230 20 494 635 770 553 1244 980 586 419 642 1169 1385 1336 1303 1392
Route	9 :  342 508 114 558 412 30 1092 644 1258 1394 348 223 780 1308 126 703 973 864 1098 1162 469 252 406 1219 279 1002 668 183 876 1453 1156 171 1418 308 921 933 497 451 1201 1247 1029 1058
Route	10 :  657 531 267 522 1407 1281 1272 188 201 1017 938 951 467 1217 108 664 154 14 219 858 764 1414 290 969 904 1040
Route	11 :  462 674 266 329 1424 1079 1212 490 137 621 269 1016 1240 320 887 1371 1019 196 1070 368 295 458 439 946 1045 1118 1189 293 576 1208 93 843 1326 1043
Route	12 :  536 25 468 408 68 741 818 273 1286 331 1218 1158 425 775 1023 1081 1175 155 638 1491 748 905 1388 511 550 537 524 1287 130 1498 1261 1274 1300 374 440 237 554 880 104 1124 1190 854 987 1304
Route	13 :  715 50 129 686 236 1465 721 1436 1471 986 800 879 125 78 828 332 875 1082 579 515 317 160 689 1439 1265 243 1329 380 1067 993 1130 910
Route	14 :  345 1095 141 891 401 1151 60 575 810 534 1325 328 452 82 1284 1202 832 1078 631 314 1064 1381 391 1141
Route	15 :  206 333 379 402 59 1152 186 1129 1083 956 473 98 936 539 587 1289 1223 1337 809 659 848 1409 54 72 662 696 804 178 86 822 32 1446 1412 836 928 782
Route	16 :  88 157 597 482 651 742 838 687 1401 1232 1492 907 526 623 749 1347 1437 1276 1499 346 1373 81 148 630 1096 339 1380 831 898 245 428 336 1089 256 995 1086 1178 1006 568 133 11 190 549 1318 883 392 940 1299 761 1142
Route	17 :  83 184 214 38 573 934 964 833 788 1323 172 353 118 556 291 922 1103 486 1041 1306 868 53 337 1236 569 803 730 327 713 48 1319 1480 1087 19 798 375 1077 769 1463 1125
Route	18 :  559 514 567 509 1264 459 429 678 1309 590 1179 1340 1428 1209 1259 1317 156 309 906 384 1059 463 23 1134 362 1112 773 1213
Route	19 :  21 147 441 431 640 10 1191 506 1390 1181 897 771 760 307 90 546 541 840 1256 719 403 1291 1153 518 529 1057 351 1296 1279 1469 1268 1101 720 593 513 1470 717 488 1343 1263 77 1238 481 827 1231 1467
Route	20 :  684 140 105 1434 855 218 466 1216 378 890 239 968 1128 712 989 46 87 538 1462 1288 195 796 563 837 945 1313
Route	21 :  220 589 350 970 1339 255 629 476 1005 1379 277 1100 1027 173 430 55 923 200 1226 718 1180 805 950 1468 330 240 153 253 990 903 1080 1003
Route	22 :  545 115 617 370 736 58 1295 1367 865 313 276 808 1486 306 1120 1063 450 1056 1026 167 551 738 202 917 1488 1301 952 1200
Route	23 :  614 7 1364 434 757 1184 382 1132 416 620 433 91 1370 503 1183 169 841 1253 1166 919 397 338 144 63 1147 894 813 1088
Route	24 :  151 601 580 661 577 1330 1411 1327 413 901 101 381 199 1351 1163 1131 949 112 208 284 862 851 570 958 17 43 1034 235 793 1320 532 767 619 1369 1282 399 985 1149
Route	25 :  658 321 681 464 1431 724 69 496 1408 1071 1246 211 74 819 1474 961 411 85 1214 824 394 1161 835 422 1144 45 592 285 1172 795 1342 185 530 935 1035 1280
Route	26 :  665 213 963 296 13 1415 62 42 449 1046 124 763 677 874 812 1199 792 29 212 561 1427 694 779 1444 594 364 716 1114 1311 27 962 1344 1466 777
Route	27 :  390 75 352 446 825 198 456 1196 1140 1102 404 660 1206 145 447 1410 1154 1197 710 948 744 294 1494 1460 895 231 254 1044 591 981 36 1004 599 1341 247 369 739 786 1119 1349 1489 997
Route	28 :  226 498 976 1248 722 1472 44 794 132 882 437 420 275 197 166 916 1170 1187 947 1025 33 543 690 34 1293 784 535 783 1440 438 624 1285 1188 1374
Route	29 :  357 349 564 297 502 517 1314 1047 673 373 1252 1267 1107 475 1099 1423 1225 1123 443 286 706 136 1193 319 282 886 1032 1456 1069 1036 92 189 162 939 842 912
Route	30 :  261 565 1011 73 574 743 111 159 1315 861 823 312 1493 1062 179 1324 242 326 992 929 1076 909 283 6 163 414 298 756 1164 1033 216 746 1048 913 704 1454 1496 507 423 1173 1257 966
Route	31 :  501 248 444 998 56 258 470 1220 806 109 1194 1251 143 654 1008 1404 152 562 893 697 146 859 1447 409 1312 902 607 94 65 1159 1357 127 896 815 844 877
Route	32 :  454 714 398 170 234 24 1204 479 1464 920 1148 1229 725 984 421 622 774 669 128 1419 1372 878 1475 615 435 1171 138 16 344 1365 385 1094 233 61 1135 888 766 1185 811 983
Route	33 :  652 323 311 634 472 1061 1402 1384 649 1073 1222 510 1399 366 386 177 424 1136 1174 1116 927 1260 611 18 572 1361 1322 318 768 585 521 1271 407 1335 1068 1157
Route	34 :  387 287 1137 1037 41 388 525 548 478 1138 334 1298 1275 1228 791 639 675 1084 340 645 1389 646 1425 325 495 1245 1090 1395 560 1310 1396 1075
Route	35 :  492 304 244 445 1195 1054 994 1242 542 505 280 670 656 1420 134 884 1255 1 1030 49 799 1292 1406 584 1334 751 221 246 996 971
Route	36 :  648 410 316 210 1398 123 1160 960 1066 695 873 1445 187 937 209 737 51 1487 959 477 801 692 641 281 1227 1391 1442 1031 300 71 527 1050 343 1093 821 1277
Route	37 :  688 315 707 222 310 1065 1438 747 1060 728 972 1497 192 1457 113 1478 735 612 942 361 1362 863 606 225 460 1485 76 1111 1210 1356 826 975
Route	38 :  131 15 418 1168 765 881 632 95 1382 845 8 79 227 829 12 758 977 28 762 204 288 685 954 1038 778 1435 142 626 892 519 1376 1269
Route	39 :  224 174 117 600 1350 31 974 121 924 489 781 96 867 871 194 699 680 846 175 1239 1430 944 925 139 400 1449 484 1150 161 889 1234 207 299 682 911 474 116 1432 595 957 866 1049 1345 1224
Route	40 :  371 1121 608 552 604 1354 583 102 485 1358 367 1333 22 1302 852 1235 376 1117 229 772 602 164 1126 427 979 1352 914 1177
Route	41 :  633 726 698 39 487 1448 149 1383 655 1237 417 789 26 1167 1405 899 1476 776 520 605 251 453 1270 264 1001 1355 1203 3 1014 647 335 263 753 89 1013 1085 731 1397 582 365 571 1481 1115 839 1321 1332
Route	42 :  628 426 1378 1176 238 500 676 1250 493 1426 988 1243 395 540 37 1290 1145 57 807 787
