Instance name:    nyc-n400-3
Authors:          Dmitriy Churilov (churilov@advantum.pro), Alexander Galko. Advantum Routing System (advantum.ru/route)
Date:             2025-04-02
Reference:        Advantum Routing System, advantum.ru/route
Solution
Route 1 : 100 147 347 36 50 183 48 300 125 325 250 82 186 236 137 282 386 383 248 162 37 362 154 63 237 337 141 55 354 13 341 263 255 57 213 25 257 225
Route 2 : 195 189 47 109 182 98 395 247 309 389 298 382 129 34 124 20 234 329 220 67 42 111 31 191 324 242 231 391 311 267 192 106 28 128 96 228 392 80 306 280 1 296 85 52 68 201 328 188 268 175 252 9 126 209 285 375 326 388
Route 3 : 91 118 291 173 373 318 196 396 116 178 200 184 86 384 316 378 400 53 119 169 253 286 155 87 167 369 287 367 197 355 40 397 136 240 336 43 18 218 243 79 319 32 102 279 7 232 302 207 22 180 163 222 363 380 64 113 84 264 313 89 108 24 308 289 224 284
Route 4 : 107 120 121 194 151 307 41 351 75 394 185 321 385 241 320 160 275 360 158 156 356 358 2 29 133 202 333 17 4 229 73 44 204 144 273 51 251 217 244 92 292 61 12 344 49 157 261 33 249 149 212 77 26 349 233 357 72 226 35 277 272 235 101 123 16 216 301 323
Route 5 : 59 10 174 210 259 69 122 269 374 83 283 132 322 97 297 88 332 288 179 379 176 117 11 376 166 317 198 366 211 164 165 364 193 46 398 139 131 393 134 246 38 334 339 331 58 365 258 76 62 238 152 161 199 352 262 276 361 399
Route 6 : 135 335 70 78 110 115 270 112 278 312 74 310 181 315 71 153 146 381 346 353 271 274 90 145 290 159 359 345 103 177 170 370 303 377 19 66 30 266 54 168 99 230 150 45 254 39 219 350 245 239 299 368
Route 7 : 127 142 327 342 14 3 104 56 203 138 8 256 304 214 172 60 208 338 5 372 190 260 187 65 390 27 265 114 171 205 140 227 387 371 314 6 15 340 215 23 206 223 130 143 330 343 81 21 221 93 281 148 293 94 95 105 348 294 305 295
