Instance name : nyc-n4000-5
Authors       : Isaiah Reimer (isaiah.reimer@rideco.com). RideCo (rideco.com)
Date          : 2023-06-13
Reference     : Rideco PDPTW Solver
Solution
Route 1 : 1825 424 3825 1417 417 2417 3417 504 2424 429 2429 1665 2504 21 1787 3665 8 1754 2021 3754 3787 2008 290 1610 2290 1904 1893 355 13 2013 3610 3904 2355 511 3893 178 2178 1064 557 2511 1415 992 3064 713 701 2701 2992 3415 2557 1537 1471 466 808 2713 2808 3537 2466 3471 1518 3518
Route 2 : 76 1052 2076 1368 160 282 3052 1067 2282 3368 2160 3067 297 1369 1268 2297 3268 3369 1464 1494 1259 855 961 3464 2855 3494 2961 3259 1762 741 2741 921 661 906 2921 1941 445 3941 3762 38 2661 2906 2445 903 2038 2903
Route 3 : 731 1457 252 3457 2731 2252 1336 998 1501 2998 3501 3336 647 2647 1519 798 1358 3358 703 3519 1849 1134 2703 259 2798 1402 3134 3849 2259 3402 1693 80 1156 1101 3693 2080 1686 476 3156 3101 3686 2476 955 603 677 1270 2677 1326 3270 3326 1829 2603 3829 135 1339 2955 2135 3339
Route 4 : 1191 3191 204 315 766 341 885 2766 2315 2885 2204 89 201 1538 2201 2341 3538 2089 853 1509 168 1700 3509 2168 1025 2853 1980 3700 3025 3980 1545 1238 1902 396 3545 1739 2396 3238 3902 428 824 2428 3739 1071 1521 3071 3521 2824 438 930 1616 1677 2930 3677 3616 2438
Route 5 : 999 1684 777 1929 583 3929 2999 3684 2583 2777 376 2376 1423 1562 338 687 697 2338 3562 2687 2697 3423 1485 484 1363 3363 825 2484 2825 78 3485 1786 722 2722 3786 2078 291 1359 2291 3359 1757 1342 1863 1668 3668 3342 62 1431 3757 601 3863 2601 3431 2062
Route 6 : 562 1043 711 232 1470 3043 3470 2562 2232 2711 1340 142 935 2935 2142 3340 225 1948 207 3948 551 2225 2207 2551 587 1269 1710 36 3710 2587 3269 123 2036 765 2123 1365 2765 3365 528 1227 837 2837 131 2528 1611 2131 971 3227 3611 2971
Route 7 : 1009 1577 331 3577 480 497 33 3009 2480 2331 2033 2497 1104 1680 564 929 3104 2564 3680 2929 407 1303 11 585 651 2585 2407 2011 3303 2651 65 639 1719 85 1589 2065 316 3719 1797 2085 916 2639 256 3589 2916 2316 107 3797 2256 1727 2107 474 3727 780 1670 2780 104 2474 3670 1679 2104 1542 3679 3542
Route 8 : 1284 1167 1557 728 1053 3167 2728 3557 3284 733 579 3053 2579 1158 2733 617 1955 3158 1818 3955 1302 2617 1618 1144 3818 3144 106 3302 1232 982 2106 1533 3618 3232 3533 1878 2982 1627 1573 3878 1529 477 2477 3627 3573 1474 1522 986 3529 3522 3474 2986 1701 1596 1576 1831 3596 3831 3701 3576 360 2360
Route 9 : 546 342 1225 2546 2342 1599 793 3225 685 172 3599 2793 2685 1112 2172 1462 1377 3377 3462 3112 749 1846 1163 1940 1826 1861 3826 3940 3846 3163 2749 3861 943 406 1219 1692 1817 2943 288 2406 1840 3692 790 3817 2790 295 2288 2295 3840 3219 1143 3143 1923 980 3923 1964 975 283 3964 630 2980 1961 2975 2283 2630 3961
Route 10 : 274 2274 913 2913 834 2834 738 2738 1897 1724 3897 3724 1138 1814 1039 1907 15 751 3138 3814 3907 3039 1550 2015 2751 3550 924 395 42 1646 1318 3318 3646 2042 2924 73 1312 2395 3312 836 778 1373 2836 2778 1790 365 2073 3790 3373 1571 1022 2365 1609 437 3022 3609 3571 2437 334 839 1263 1723 1943 2334 1869 3263 3723 2839 1372 3943 3372 3869
Route 11 : 776 1802 377 2776 272 2377 235 2272 3802 1100 77 3100 2235 1011 1770 2077 3011 3770 1623 1862 246 165 3862 122 3623 1171 1587 2246 1420 1322 2165 3420 3587 1859 3322 1561 3171 1438 2122 3561 1649 3859 3438 823 595 1986 3649 2595 1751 3986 2823 3751 220 1459 799 531 3459 2799 2220 2531
Route 12 : 1549 1776 447 3776 3549 1780 383 1301 2447 3301 2383 265 3780 1642 1666 1753 366 2265 3666 600 2600 1002 2366 3753 989 3642 1915 1648 851 2989 3915 1125 2851 1788 3648 3002 3125 506 657 3788 1634 2506 1196 1131 3634 3196 772 2657 24 3131 770 423 1242 1042 2024 2772 1418 230 3042 2423 2770 2230 3242 3418 1257 1057 852 82 3257 2082 861 3057 598 2852 2861 26 2598 332 2026 2332
Route 13 : 563 1636 2563 1224 3636 64 3224 2064 879 869 2879 356 954 2356 2869 2954 1711 308 637 864 3711 2864 1235 495 2637 1199 2308 2495 907 3235 2907 264 1275 3199 1463 988 915 3275 2264 2988 2915 3463 1637 247 548 147 2247 1981 3637 101 333 3981 2147 2333 2548 2101 1482 492 1483 442 1095 2442 2492 3482 1729 3095 1658 3483 762 97 513 3729 567 2513 2762 2097 1942 3658 2567 3942
Route 14 : 1202 620 826 3202 2826 270 2620 931 2270 1639 3639 1452 744 431 226 3452 2431 2226 2744 2931 375 1364 1382 2375 1105 3364 592 3382 1149 413 3105 3149 2592 1625 411 1132 2413 1506 3132 364 3625 2411 3506 1428 1691 3428 1641 3691 2364 210 2210 1429 3641 1476 1839 3476 1953 3429 1395 1815 3839 1001 3953 3815 3001 3395 141 1844 1523 2141 1244 1870 3844 877 3523 3870 3244 2877
Route 15 : 276 1804 1014 2276 1094 3094 3014 1705 1584 1048 1307 3584 3048 3705 1838 1432 3307 3432 3804 1703 52 3838 1999 397 3999 2052 2397 1230 3703 1155 820 3155 374 3230 832 2820 2832 2374 1795 958 792 1478 560 901 2792 2958 3795 3478 258 2901 304 2560 441 2258 538 1823 1281 2538 3281 339 1799 2441 2304 2339 3823 535 938 3799 1203 565 2535 2938 2565 3203
Route 16 : 1755 734 1031 224 268 3031 2224 752 2734 2268 19 2752 3755 468 1664 1660 2019 525 3660 2468 643 2643 2525 1355 1796 3664 3355 1901 3796 1397 3901 3397 884 1087 109 892 2884 3087 2892 2109 1481 720 1876 919 3481 1341 3341 3876 2720 250 572 2919 482 977 2250 2482 2572 2977 1264 299 897 2299 2897 3264
Route 17 : 237 607 2237 2607 1439 1752 88 3752 964 92 1345 2088 3439 2964 890 3345 691 2092 2890 1803 410 1178 3803 2691 3178 887 2410 1407 1737 2887 534 1643 3407 3643 3737 2534 1619 1749 1267 498 3749 3619 2498 993 46 402 2402 3267 2993 1169 501 1411 2046 3169 2501 726 394 203 251 667 3411 2203 2251 2667 2726 1772 1536 2394 3772 3536
Route 18 : 1285 1591 1041 1748 3041 1047 3591 3285 3748 3047 526 642 1079 783 693 2526 3079 519 2642 2783 2693 712 1473 475 2519 821 3473 2475 2712 2821 1853 1249 1456 3853 491 3456 1541 3249 2491 950 3541 2950 767 175 1604 1250 2175 3604 3250 2767 809 959 1099 591 1564 3564 2959 1805 3099 2591 1400 2809 1316 3805 1960 3960 1274 3274 1294 3400 3316 43 2043 3294
Route 19 : 75 2075 1995 3995 1988 928 588 3988 2588 346 1850 2928 686 1883 905 3850 2686 635 3883 1311 2346 3311 1028 2635 2905 962 3028 1450 1771 2962 1262 910 273 3262 2910 881 3450 3771 460 1271 1572 2273 2881 2460 3572 3271 1916 854 1738 655 904 2854 156 3916 662 2904 2655 2156 3738 86 181 2086 2662 2181
Route 20 : 292 574 108 2292 2574 1535 458 2108 1092 470 944 2458 3092 2470 1669 2944 1767 1121 3535 3121 1702 3702 3669 3767 721 84 1560 850 2084 1920 2850 214 2721 3560 3920 2214 1021 3021 148 739 1600 1387 848 1673 2148 3600 2848 3387 3673 2739 827 1775 1620 1308 3775 2827 3308 1371 690 234 111 3620 2234 2690 3371 2111
Route 21 : 912 1399 314 1255 133 3399 2912 2133 1201 3255 3201 2314 828 1304 159 1008 3304 1084 3008 2159 2828 1059 367 1037 3059 3084 3037 2367 1480 994 3480 896 876 2896 2994 2876 740 1148 2740 1136 1605 3148 3605 3136 1785 3785
Route 22 : 629 1220 1098 966 3220 2629 2966 425 3098 1742 1489 1332 3489 2425 1661 3742 3661 886 1197 1733 3332 2886 1461 3197 3733 1350 1447 1441 3461 266 3350 1779 453 1508 3441 2453 3779 3447 3508 2266 1820 1925 3820 1722 1655 700 1956 3925 1602 3655 1687 3722 3956 2700 415 3687 507 3602 1319 2507 2415 1315 3319 1069 1454 2 3315 3069 2002 3454 1879 663 3879 2663
Route 23 : 725 1323 1551 66 2725 1975 669 3551 3323 2066 3975 602 2669 2602 190 1189 1166 3189 440 2190 3166 666 1885 3885 2440 1626 2666 984 473 3626 2984 2473 157 74 1460 698 1696 2074 895 3460 1448 2157 1834 2895 3448 2698 3834 1728 279 3696 1035 1505 3728 3505 987 2279 2987 577 3035 347 708 1469 1906 2347 516 2708 3469 1435 2577 773 542 3906 2516 3435 2773 2542
Route 24 : 678 1495 174 98 523 2098 2174 3495 2678 1994 2523 1812 349 3994 311 2311 2349 3812 454 99 1328 3328 1445 1590 1192 2454 2099 3192 3445 472 1890 756 1383 3590 1404 3890 3383 2472 2756 3404 1317 614 1419 261 3419 197 3317 2614 1688 196 556 2261 1794 2197 2196 1848 2556 3688 1488 3488 3794 3848 1858 3858
Route 25 : 1930 1601 353 3601 529 63 2353 3930 2529 1792 609 2063 742 3792 2609 45 2742 318 2045 1246 2318 608 2608 385 1556 3246 3556 2385 1592 532 241 948 2948 2241 112 2532 2112 3592 1181 909 3181 1162 3162 372 566 2909 649 1174 2372 2649 2566 654 3174 1129 757 2654 2757 3129
Route 26 : 1033 1745 3745 522 2522 1965 3965 236 2236 1875 3033 202 1073 3073 2202 3875 1579 1386 1109 3109 3579 3386 1006 213 3006 976 1586 1034 1621 3586 2213 3034 2976 1180 3621 1987 1207 1436 35 3207 2035 3436 1553 1413 3553 3987 128 933 3413 561 370 2370 144 102 2933 2561 2102 2128 2144 3180
Route 27 : 1108 1725 60 94 1525 974 2060 3725 2094 3525 378 3108 2974 628 126 2628 2378 2126 114 103 1935 1936 2103 2114 3936 1528 463 3935 1433 1233 3433 1055 3528 816 3233 7 3055 2007 238 2463 2816 1343 3343 1721 240 3721 1582 3582 2238 2240 759 294 1782 664 3782 2759 2294 2664 1142 681 3142 1211 1978 280 801 3211 2681 2801 539 2280 3978 2539
Route 28 : 1911 1744 985 403 3744 1800 1781 3800 2985 3911 2403 1768 194 3781 198 216 882 3768 2882 2194 2216 2198 942 1254 41 32 2942 3254 2032 2041 622 641 20 1403 352 2641 2622 543 2352 2020 847 3403 2543 1193 3193 2847 1877 3877 1539 1554 1758 1947 152 3554 3539 859 3758 2152 3947 2859
Route 29 : 568 1531 1020 3020 3531 2568 1926 1974 387 345 1029 3926 3974 3029 2345 2387 1331 145 222 3331 1938 1927 2222 3938 161 3927 2145 138 653 1252 2161 2138 1444 3444 2653 3252 878 1088 843 883 2878 3088 2843 2883 1103 1216 3216 1214 957 158 1580 1606 3103 2957 3580 1277 3606 3214 188 2158 1899 758 2188 3277 1888 3899 1810 2758 3810 3888 1289 835 1212 3289 2835 3212
Route 30 : 119 2119 427 1882 1659 2427 3882 219 3659 1160 200 2219 838 3160 2838 2200 488 1300 2488 3300 1734 1912 296 510 2510 409 3734 2296 3912 2409 1173 1690 1003 3690 1552 3003 3552 660 3173 124 337 2660 2124 803 2337 56 2803 2056
Route 31 : 1446 301 1217 2301 3446 1375 1842 319 3217 1036 3375 3036 2319 898 1569 2898 3842 3569 922 576 2576 439 2439 371 2922 448 860 550 656 2371 2860 2448 2550 2656 275 1040 1293 1662 2275 1292 684 3293 3040 1644 3292 401 3662 2684 1819 2401 493 1153 3819 3153 1145 3644 2493 3145 1570 3 2003 1851 1697 665 791 3570 3697 3851 2791 2665
Route 32 : 1959 1451 604 487 2487 2604 3959 3451 1093 3093 923 874 1152 1390 2923 597 1492 2874 2597 552 3492 3390 117 3152 937 748 363 2748 2937 2117 2552 2363 113 1427 414 3427 2113 1430 1321 2414 3321 457 1837 3430 2457 1603 3837 3603 1615 49 787 227 2787 3615 508 1422 399 2049 1154 2508 2399 2227 3154 3422 1910 3910
Route 33 : 436 1210 3210 517 1496 177 2436 211 3496 2517 2211 392 2392 2177 706 1337 1857 1530 2706 1083 3857 707 3337 3083 596 3530 1327 2707 2596 3327 841 1140 736 914 2841 2736 2914 3140 302 963 866 670 2963 2302 1992 2670 1860 3992 2866 1683 1299 3860 3683 1239 1296 3299 3239 1380 3380 3296
Route 34 : 330 872 1635 1718 2872 3718 3635 981 2330 1507 2981 1077 479 29 1146 688 2029 3077 2479 3507 1764 39 2688 2039 983 3764 3146 2983 1333 1038 329 3333 3038 1188 1391 589 3391 3188 2589 2329 956 1761 155 2155 3761 965 991 239 2956 2965 2239 2991 1247 1864 284 324 1179 3247 3864 271 1868 2284 2324 2271 3179 3868
Route 35 : 1291 1195 3291 627 1650 340 350 704 2350 1204 2627 1401 3650 3195 2340 1979 524 2704 3204 3401 1832 786 2524 3979 2786 3832 760 1205 1793 3205 3793 1016 2760 753 3016 421 1934 323 960 2421 321 3934 2753 555 2323 2321 322 2960 2555 496 205 1581 2322 2496 100 2205 132 3581 830 2132 303 1500 2100 1896 2303 2830 3500 1933 645 1283 1297 3896 2645 3933 3283 3297
Route 36 : 1939 1240 459 723 3240 3939 1607 2723 2459 3607 163 1 2163 1789 1005 2001 1985 3005 3789 3985 1783 223 1892 2223 3783 3892 797 357 2797 612 2612 900 1050 571 3050 2357 2900 2571 819 1614 1567 3567 3614 1957 2819 1091 891 761 3091 968 34 3957 2761 2891 610 2034 2968 243 537 2610 2243 2537
Route 37 : 434 1124 16 1631 710 2434 3124 1272 2710 2016 3631 490 306 3272 2306 945 2490 489 2945 1645 2489 1310 1766 1113 3766 648 3645 1245 2648 920 3310 3245 2920 277 3113 729 785 2785 2729 2277 1695 1613 996 1392 2996 3613 3392 3695 95 747 807 1566 917 2747 2095 3566 514 2917 2807 940 2940 2514
Route 38 : 1991 1510 668 61 3510 2061 2668 116 3991 2116 1068 768 2768 499 404 1298 3068 2404 2499 3298 813 1085 1881 231 2813 3881 1258 3085 2231 1466 1966 1583 186 3258 3466 2186 3583 3966 1090 1813 1137 3813 1647 540 3090 3137 3647 2540 969 865 47 2865 2047 218 2969 1241 1074 2218 1306 1822 3074 3241 3306 469 3822 2469
Route 39 : 1115 320 624 2320 3115 1051 1374 3051 2624 1097 1973 3374 193 3097 1354 3973 2193 3354 774 559 1221 3221 2559 2774 673 1356 1597 3597 2673 22 1516 2022 1747 1491 3356 755 2755 3516 1971 3747 1989 3989 3971 727 3491 541 536 1540 2541 2727 3540 2536
Route 40 : 467 388 1379 512 805 1406 2512 3379 3406 2388 2467 2805 17 1141 1667 2017 3141 3667 343 1190 1288 2343 3288 3190 79 1110 2079 27 1682 3110 1526 3682 310 1845 2027 3526 2310 952 3845 351 2952 615 2351 626 927 2615 464 1997 1709 1715 3997 3709 2927 2626 2464 3715
Route 41 : 1689 1830 3689 1114 3114 3830 1511 1102 1416 3102 206 3511 3416 533 1629 2206 1593 1080 260 2533 3629 1150 3593 3080 2260 856 3150 1565 1266 1806 2856 3806 3565 3266 1070 1555 1394 1884 1816 3884 3555 3070 3394 3816 344 949 2949 2344 1357 1798 750 1017 3357 2750 1672 3798 1170 1685 763 3685 3017 3672 2763 3170
Route 42 : 794 863 326 1253 69 1007 2863 2069 2326 947 2794 2947 1924 3253 3007 1867 3867 3924 692 171 2171 2692 581 580 1468 2581 2580 1208 3468 1951 1835 1347 1187 3951 3208 3835 146 3347 1320 3187 918 3320 2146 925 5 169 779 2918 1265 1024 2005 2925 1898 2779 3265 2169 941 1184 3024 3898 2941 3184
Route 43 : 37 840 1013 1280 3013 2037 815 2840 3280 12 380 2012 2815 1843 361 1434 3434 1774 2380 3843 2361 3774 51 1905 634 1030 1467 2634 3905 2051 3030 1699 3467 1841 1694 3699 55 44 3694 3841 2055 2044 354 1663 781 2781 2354 1393 590 3393 2590 3663 384 636 1919 1632 2636 1808 2384 3808 3919 293 3632 1082 2293 3082
Route 44 : 1612 674 1499 71 3612 2674 3499 1726 2071 1836 3726 1015 3836 1475 873 1367 3475 1630 3015 3630 1396 1352 3367 2873 3396 3352 682 164 1096 1215 3215 1921 2164 2682 871 1671 3096 3921 3671 1261 28 2871 611 2611 1891 3261 2028 1490 3891 3490
Route 45 : 1944 1486 509 3486 1194 2509 465 3944 2465 1314 3194 3314 1384 1678 633 1044 2633 3384 3044 1578 3678 1874 1004 1018 263 3578 70 3004 2070 3018 2263 3874 471 1376 449 59 715 3376 2471 1497 2715 2059 3497 2449 846 1873 176 179 3873 2846 335 2176 1076 1026 789 3026 2335 3076 2179 1234 547 2547 2789 3234
Route 46 : 1338 746 1765 1305 455 1833 3833 3305 3765 570 2455 3338 1045 1704 2746 3704 3045 2570 50 888 616 2050 2616 2888 1313 405 2405 671 1133 151 3313 400 2400 2671 3133 889 2151 1598 1408 2889 3408 676 1855 3855 1736 10 1778 3598 2010 2000 3778 2676 4000 1437 3736 911 784 1514 3437 995 2784 2995 3514 2911 1164 3164
Route 47 : 804 93 2804 1872 253 782 683 818 2093 2683 2782 2253 3872 1931 419 2818 2419 3931 1218 1023 521 2521 3218 3023 520 2520 1952 3952 1479 578 1735 3479 1544 3735 2578 822 3544 6 1946 327 2327 2006 2822 894 586 3946 862 2894 336 2586 2862 2336 1624 858 1223 2858 1638 868 2868 3624 3638 3223
Route 48 : 325 14 1922 2014 2325 3922 625 298 1708 182 2625 1827 2298 2182 3827 3708 192 1984 2192 997 3984 215 1351 2997 1086 2215 3351 180 1353 675 845 2180 81 2675 1273 2081 3273 3353 3086 2845 67 1256 54 1118 2067 3118 613 2613 267 829 2267 2054 3256 2829 1880 422 446 696 3880 9 1515 2446 2696 2422 2009 289 3515 2289
Route 49 : 287 1574 3574 2287 189 582 1917 689 1159 2582 2689 3917 3159 2189 769 1117 228 451 2228 3117 212 2769 2451 1712 709 255 1000 2212 3000 1027 3712 2709 2255 1640 3027 811 139 951 2139 3640 2951 2811 502 1185 1243 2502 462 3185 369 2462 3243 1237 1559 2369 3237 3559 1743 416 2416 3743 1175 285 1717 3175 2285 3717
Route 50 : 249 1414 652 208 2652 307 2307 2208 3414 2249 530 593 2530 373 389 2389 2373 1260 1046 2593 745 3260 650 1334 2745 269 2650 3046 3334 450 2269 209 1493 714 2450 3493 1058 2209 2714 795 262 2795 153 743 3058 2153 569 1443 2262 3443 2743 2569 527 1676 1681 1563 1811 3563 867 3676 3681 2867 3811 2527
Route 51 : 978 973 1900 2978 368 167 2973 1385 3900 1453 2368 3453 2167 3385 1713 390 1157 3713 3157 1287 1062 309 2390 3287 3062 1329 2309 833 505 3329 1732 2833 2505 902 899 3732 1127 1389 2902 1228 3389 3127 2899 3228 1060 990 1366 3060 3366 2990
Route 52 : 1730 1487 248 1186 1330 1484 2248 3487 3330 3730 3186 3484 430 1072 2430 1120 3072 1200 3120 1128 814 1472 317 48 3472 3200 2814 2317 3128 2048 1674 1886 1990 3674 659 3990 3886 2659 1594 970 1633 3633 2970 1126 3594 245 3126 2245
Route 53 : 1449 1617 575 1498 549 3449 2575 486 3617 3498 461 2486 166 2549 1928 2166 2461 187 3928 972 1378 444 2972 2187 3378 2444 1698 1512 1769 254 1209 3769 932 3512 2254 632 2632 3209 1279 221 134 3698 2932 3279 58 2134 2221 40 1760 1290 2058 3760 2040 381 3290 1622 2381 1135 1706 140 3706 1032 3135 638 2140 3622 844 162 3032 2638 2162 2844
Route 54 : 1777 1213 623 173 1410 1731 2173 2623 3777 382 1856 3213 3731 3410 702 2382 129 2702 3856 1165 1720 2129 3720 1945 1741 3945 3741 3165 719 278 1977 1866 2278 2719 1324 1458 3866 3977 1455 3324 3458 3455 426 286 233 2286 1398 2426 875 3398 2875 2233 796 1065 1442 90 1908 2090 2796 3908 3065 3442
Route 55 : 87 732 1913 2087 456 2732 870 412 3913 2870 2456 544 2412 716 857 1982 3982 2544 2857 679 2716 120 680 606 2679 191 2120 817 2606 1527 1652 2680 3527 2817 2191 764 127 110 2764 3652 149 2127 594 2594 2149 2110 515 1657 1871 2515 1628 1608 3871 3657 3628 3608 154 2154
Route 56 : 1282 418 695 281 705 3282 2418 2695 183 2281 2705 1854 1962 3854 2183 3962 1585 3585 1656 478 1568 1502 2478 300 3568 3656 2300 57 967 3502 1983 1425 2967 3425 2057 849 658 1968 2849 72 2658 500 3983 1801 3968 2500 1950 3801 2072 3950 408 1548 1949 68 1381 3949 3548 130 2408 3381 2068 926 1543 328 1019 3019 2130 1513 2328 3513 2926 3543
Route 57 : 1546 1534 646 1405 2646 3546 30 3534 2030 3405 1409 1061 1954 3409 3954 3061 1286 1089 737 718 3286 3089 2737 2718 953 494 1206 1937 545 3206 2953 2494 3937 257 143 2545 2257 229 2229 2143 1532 1558 313 936 1161 3161 2313 2936 3532 3558 1969 1465 3969 640 1773 3465 3773 1828 3828 1865 1824 503 2640 1106 3865 1887 3824 2503 1119 1918 735 3887 3106 3119 3918 2735
Route 58 : 1895 1049 3049 518 3895 2518 1362 3362 420 1168 1222 771 3222 3168 810 2420 694 2810 1847 2771 1081 2694 432 2432 3847 553 3081 1066 1236 880 2553 1348 3236 3066 979 3348 2880 1182 2979 1172 1248 184 3182 3248 2184 1412 4 1278 3172 3412 2004 1716 831 3716 3278 2831
Route 59 : 1970 1122 1078 1139 3970 348 3078 3139 724 2348 934 3122 2934 2724 1183 485 908 2908 554 3183 2485 137 1116 2554 2137 3116 398 1791 1998 806 2398 3998 1360 3791 1325 2806 3360 1010 3010 3325 23 83 1361 2023 1335 379 3361 242 2083 2242 1388 3335 1231 2379 1054 3054 3231 3388 1756 25 2025 3756
Route 60 : 1903 1309 1653 1993 3903 3309 631 3653 3993 2631 199 1759 775 3759 2199 1012 185 2775 644 3012 2185 244 2644 1177 2244 1056 1075 3177 1809 31 3056 170 1963 2170 1740 3075 3809 754 2031 3963 2754 3740 312 1276 1914 443 91 2312 1547 2091 3914 2443 3276 3547 1976 1524 3976 800 391 599 3524 2800 2599 2391
Route 61 : 393 1147 1426 2393 788 3147 1763 3426 1595 3763 3595 2788 1063 1967 893 1440 1349 3440 3967 3063 1575 2893 3575 3349 1295 1972 3972 3295 1198 558 3198 1654 1421 3654 2558 3421 619 802 2619 2802 362 53 1750 2053 842 2362 2842 18 1477 3750 621 2018 1176 3477 2621 1226 699 3176 1852 2699 3852 483 3226 1894 946 3894 672 2672 2483 2946
Route 62 : 1151 1746 3746 618 2618 3151 105 812 1996 1370 2105 3996 3370 2812 1958 939 2939 150 717 3958 2717 2150 1344 386 452 584 2452 2386 3344 2584 1517 305 1520 1111 2305 358 3520 3111 3517 2358 125 435 118 1889 136 2435 2118 2125 1707 2136 3889 3707
Route 63 : 1675 3675 1424 1130 3424 3130 217 1503 1504 195 2195 3503 3504 2217 1229 359 1821 3229 730 2359 2730 1909 3821 1123 115 96 3123 3909 2115 2096 1588 3588 1784 481 121 1346 3784 2121 3346 2481 573 1251 1651 1714 1932 2573 3651 3932 3714 3251 1107 433 1807 605 2605 2433 3107 3807
