Instance name : nyc-n800-2
Authors : Alexander Yuskov (a.yuskov@g.nsu.ru), Igor Kulachenko (ink@math.nsc.ru), Yury Kochetov, Igor Vasilyev, Zhangdong, Chenjuan, Huanghaohan, Wanglongfei
Date : 28.05.2025
Reference : HGIM
Solution
Route 1 : 194 594 163 106 54 235 454 506 319 234 563 238 635 719 366 638 634 325 766 103 199 306 599 156 725 55 706 503 556 227 175 455 627 575
Route 2 : 326 27 251 222 136 622 536 726 651 82 427 369 482 769 137 537 9 202 119 211 602 249 409 209 611 206 519 649 388 609 606 788
Route 3 : 127 311 21 171 527 571 421 711 88 230 630 179 488 220 579 113 92 3 620 513 403 492 343 300 743 298 57 43 8 408 698 700 457 443
Route 4 : 77 40 284 293 440 477 380 684 13 780 693 225 244 625 644 413 354 190 392 5 37 322 590 792 722 437 405 754
Route 5 : 187 331 99 307 150 587 731 81 236 707 25 499 481 550 425 636 289 347 144 689 233 747 544 141 541 633 120 124 181 520 524 34 434 581
Route 6 : 24 176 269 378 60 267 669 424 576 183 667 460 778 65 583 169 135 87 465 487 86 569 535 387 324 80 480 486 1 62 724 787 401 462
Route 7 : 256 231 166 116 516 320 656 566 255 129 20 631 655 720 420 529 105 101 327 727 505 501
Route 8 : 172 250 400 125 800 572 312 525 650 712 223 128 214 528 2 614 623 357 402 64 757 288 329 464 688 339 338 205 729 605 738 739
Route 9 : 317 155 47 216 370 555 323 375 770 447 717 775 616 228 723 115 177 363 351 515 577 751 763 628 308 301 708 334 261 701 661 291 734 352 73 121 473 691 521 752
Route 10 : 345 56 193 195 66 745 456 593 466 595 281 168 681 241 641 243 568 48 643 364 78 279 270 670 478 764 348 448 679 748
Route 11 : 200 285 10 28 600 410 292 692 283 79 428 53 685 273 479 162 673 683 453 340 278 562 678 740
Route 12 : 70 386 108 786 470 508 50 450 11 367 149 411 549 767
Route 13 : 41 14 226 356 161 561 756 414 142 626 6 167 441 109 542 218 271 567 4 406 509 618 404 671 360 264 63 664 180 110 463 313 760 580 713 510
Route 14 : 107 337 164 507 140 564 188 15 588 415 737 540 259 397 382 268 659 797 76 668 782 258 476 658
Route 15 : 191 36 257 197 51 657 23 276 436 591 676 597 423 451 217 617 302 374 321 702 122 774 286 266 721 686 522 39 112 666 215 91 512 439 615 491
Route 16 : 295 399 97 394 695 159 42 497 71 265 799 559 794 665 442 152 471 12 362 552 31 275 431 299 762 675 148 412 699 132 548 72 309 198 208 532 472 598 608 709
Route 17 : 189 146 546 396 589 796 131 242 157 381 642 203 531 213 557 781 603 186 204 613 85 207 282 604 133 160 586 682 533 485 607 560
Route 18 : 30 430 165 565 260 344 660 744 145 59 114 514 545 459 98 184 153 147 547 94 212 584 498 553 494 612
Route 19 : 33 297 170 272 93 697 398 433 493 672 570 798 254 315 305 192 104 654 592 715 504 705 385 134 785 310 534 710
Route 20 : 349 749 391 274 376 776 16 674 791 372 416 772 359 280 759 316 252 361 680 130 294 652 530 694 341 716 761 741
Route 21 : 262 143 185 139 117 543 263 539 68 517 585 662 468 663 290 365 690 765 126 17 83 526 201 483 417 277 383 601 19 342 677 742 783 371 253 771 419 653
Route 22 : 389 35 332 123 151 58 435 178 523 458 789 732 395 158 551 578 795 558 52 245 645 224 46 247 328 647 446 452 624 728
Route 23 : 182 353 100 346 196 7 753 500 407 582 746 596 358 318 26 118 758 718 426 84 518 221 90 621 314 484 490 232 714 632
Route 24 : 336 377 229 38 333 736 44 246 629 733 777 444 438 61 96 646 67 467 461 496 303 390 703 49 790 330 174 22 449 730 219 422 574 619
Route 25 : 350 75 368 138 210 768 475 538 750 610 18 69 469 335 74 418 32 89 489 735 474 432 240 154 102 248 554 173 648 640 502 573
Route 26 : 355 384 95 755 379 45 779 495 445 784 304 29 373 704 111 429 511 237 773 393 239 287 296 637 687 793 639 696
