Instance name : nyc-n4000-1
Authors       : Dmitriy Demin, Mikhail Diakov (msd@veeroute.com), Ivan Ilin, Nikita Ivanov, Viacheslav Sokolov (vs@veeroute.com) et al. VRt Global (https://veeroute.com/)
Date          : 2023-04-24
Reference     : veeroute.com
Solution
Route 1 : 1468 301 404 3468 646 1897 241 2301 607 3897 2646 2607 2404 2241 961 1639 2961 348 3639 605 425 2425 2348 1074 275 2605 1463 943 242 2275 3463 1631 3074 317 1492 2242 1400 2943 3492 3400 3631 2317
Route 2 : 767 685 2767 871 1177 1200 2685 950 817 3177 3200 2871 1757 1466 1187 2950 2817 3466 3187 406 3757 1304 1544 1864 3544 2406 3864 3304
Route 3 : 120 1413 1299 1249 1139 2120 3413 1517 828 1973 3517 3299 3139 3249 2828 3973 626 2626 1802 1552 1998 973 1281 3802 3998 3281 963 1140 3552 2963 2973 560 1308 777 617 3140 2617 3308 2777 2560
Route 4 : 1343 1486 28 1637 689 3486 3637 3343 2028 1474 2689 3474 189 1556 10 2189 3556 2010 395 1794 580 116 3794 1872 1634 2580 3872 2116 2395 1212 479 3634 785 1558 1890 2479 93 3212 2785 1841 3558 2093 3841 3890
Route 5 : 1022 904 3022 340 2904 1876 1253 51 2340 3253 3876 1385 1679 368 3385 3679 2368 2051 311 554 864 1378 2311 2554 300 2864 172 1822 3378 2300 2172 3822
Route 6 : 1066 640 848 988 949 2640 2988 3066 503 1502 2949 2848 2503 620 3502 2620 1097 780 678 149 3097 2678 1584 1947 2149 3584 2780 177 30 466 1211 2030 2177 1147 2466 3947 3211 3147
Route 7 : 1527 1919 756 1831 1105 267 3527 2267 3831 1710 162 234 3919 3105 2756 1126 3710 2234 876 2162 3126 629 1800 731 2876 3800 885 8 2629 1931 558 2558 2885 2731 3931 2008
Route 8 : 1150 1453 872 802 208 599 2802 113 2872 3150 3453 2599 2208 2113 1473 1856 9 3856 2009 3473 1318 1927 1262 3318 1015 3262 3927 288 102 820 2820 3015 253 2288 2102 2253
Route 9 : 1071 1113 709 3113 1595 3071 3595 1241 1032 2709 578 1089 332 2332 3032 3089 3241 2578 223 1613 1067 782 2223 488 2782 3067 1749 3749 2488 3613 444 257 1003 33 272 2257 2033 3003 2272 2444
Route 10 : 480 1569 1824 793 1351 3569 2480 3824 2793 3351 1530 512 3530 641 231 2231 2641 2512 840 1974 509 606 3974 2840 2606 269 1541 2509 57 2269 2057 3541
Route 11 : 25 323 475 1680 2475 2025 2323 3680 1581 3581 469 421 2469 2421 652 294 1334 1055 1526 2294 3526 281 2652 97 3334 3055 1242 2281 110 2110 597 2097 2597 3242
Route 12 : 1421 937 2937 873 1337 1056 2873 461 3337 733 798 2461 3056 3421 1742 2733 100 2798 239 3742 306 2306 2100 7 1533 2239 1375 1677 3677 3375 3533 401 810 2401 2810 2007
Route 13 : 296 1874 1807 1671 912 3807 2912 752 2752 3671 3874 2296 683 385 1049 2683 1747 1571 948 3747 3049 2948 2385 3571 1510 39 398 3510 1832 1986 1342 2039 276 3986 2398 3832 2276 3342
Route 14 : 1626 94 1470 773 747 3626 318 3470 1921 2773 2747 2094 1320 1439 2318 3320 3921 3439 1238 1306 1291 3306 3291 3238 1736 1422 1431 1479 1000 1348 3736 3422 3479 3431 3000 3348
Route 15 : 1063 719 860 60 104 2719 1384 3063 2060 2860 2104 1167 3384 1719 161 2161 3719 3167 1816 779 1307 997 3816 3307 2997 2779
Route 16 : 1296 310 1880 941 1879 3879 2941 3296 2310 1145 584 3880 3145 1893 1391 1980 1777 2584 291 3391 3893 3980 3777 2291
Route 17 : 163 1672 165 474 278 3672 2163 2165 1940 1651 1083 2474 3940 1877 3651 277 2278 3877 3083 2277 643 1023 1361 1673 2643 3023 418 1532 3361 1863 3673 1758 3532 1888 3863 1838 2418 903 3758 3838 3888 2903
Route 18 : 1107 972 1963 1605 3107 2972 3963 1275 146 3605 103 1761 2146 2103 3275 3761
Route 19 : 109 1082 169 1497 1520 2109 3497 922 1407 2169 3082 3407 1172 1559 1180 2922 3520 3180 3559 1512 3172 1920 1903 363 299 1771 3903 960 3920 3512 2299 2363 2960 3771
Route 20 : 755 1970 1701 2755 3701 44 2044 240 3970 1709 2240 737 3709 209 2737 2209 712 130 1232 2130 1389 2712 158 3389 938 1013 591 3232 3013 2591 2158 2938
Route 21 : 473 1352 2473 3352 809 2809 359 1692 561 2359 1547 3547 3692 1354 2561 1930 1999 1682 3354 3930 926 1805 2926 3682 3805 1969 3999 3969
Route 22 : 1681 1313 3313 3681 1825 170 439 516 3825 2516 2439 2170 517 279 308 140 601 1751 2279 2308 2601 2517 3751 1779 2140 1629 1250 3779 339 3629 2339 3250
Route 23 : 710 1019 1590 1964 1075 3019 3590 150 2710 2150 3075 3964 1024 1560 381 429 535 3560 1448 2381 3024 3448 1395 2535 2429 1996 1449 3996 1820 1234 716 3234 3395 3449 3820 2716
Route 24 : 1189 1675 1750 1030 1690 3750 3675 3189 3030 3690 372 2372 877 1766 1791 980 1080 3766 2877 2980 1516 3791 3080 1068 3516 496 1952 3068 1662 2496 402 3952 2402 3662
Route 25 : 808 1070 413 1329 1255 3070 2413 3255 2808 3329 1123 907 1836 3836 1454 3123 2907 1904 164 688 1341 3454 609 3904 1026 2609 2688 2164 1934 3026 3341 1535 965 677 1714 1866 2677 3535 3714 3866 3934 2965
Route 26 : 589 1060 1600 766 1141 2589 3060 3600 718 1165 2766 2718 3141 68 630 1190 3165 2068 682 2630 2682 3190 1743 490 487 2487 434 1606 2490 1734 3743 1321 3606 2434 1500 1259 3734 3259 3321 3500
Route 27 : 371 1430 881 3430 2371 1995 442 3995 246 2246 1991 2442 2881 754 1062 3991 974 2754 3062 2974 133 1660 453 1819 314 2133 3819 1364 3660 2314 2453 3364
Route 28 : 1895 422 1596 252 2422 1229 3895 3596 3229 2252 1513 1326 342 3513 3326 2342 934 202 1020 916 1111 971 2971 2916 2934 2202 3111 3020
Route 29 : 1471 1850 892 1214 3850 3214 3471 2892 1252 3252 1691 139 550 1149 3691 2550 2139 3149 1226 389 3226 1370 2389 1907 3370 1966 160 989 3907 858 230 3966 1641 1778 2160 2989 2858 3641 2230 3778
Route 30 : 1018 1724 70 179 12 3018 2179 2070 3724 882 2012 1087 2882 702 1643 1305 2702 262 3087 968 2968 3305 3643 1001 2262 1496 1455 3001 656 3496 3455 1620 942 1869 2656 3620 2942 16 826 3869 2826 2016
Route 31 : 696 1521 1871 1519 3521 3871 3519 2696 1387 3387 1481 1537 3481 1376 1117 499 3537 3117 3376 58 2499 42 295 2058 2042 1133 3133 2295
Route 32 : 1711 686 1784 1485 1169 3784 2686 3711 3485 3169 151 2151 1146 1425 1853 1956 819 3425 3956 3853 3146 783 2819 1142 1365 1809 1231 2783 1539 3365 3142 666 470 2470 3809 3231 3539 2666
Route 33 : 805 1059 1804 1115 221 3115 157 3059 1403 1727 2805 3804 3403 2221 2157 1887 1279 1028 1990 3727 3887 3028 90 3279 1472 2090 3990 1236 91 75 845 3472 1684 3236 409 2091 2409 2075 2845 3684
Route 34 : 1868 1506 1219 568 1788 707 3868 134 3506 2568 3219 1939 3788 2707 2134 3939 878 386 1938 326 694 2386 2326 3938 2694 619 925 1553 1604 2878 2619 3553 1905 2925 732 3604 419 1134 3905 3134 2732 2419
Route 35 : 1218 555 847 1640 2555 3218 697 3640 2847 2697 1597 3597 894 1932 1480 2894 3932 233 3480 1174 2233 390 216 533 2390 3174 2216 2533 1669 393 674 2674 3669 2393
Route 36 : 1806 3806 322 2322 334 2334 638 1936 1333 1723 3936 2638 3723 3333 1949 1612 3949 3612 148 443 1531 2148 3531 1968 2443 3968 95 2095
Route 37 : 1790 1712 1053 468 1100 3712 3053 2468 3790 236 835 3100 1563 3563 456 2236 1565 2835 471 2456 3565 23 758 2471 1983 2758 2023 3983 86 1477 1027 3477 1656 745 3027 2086 1156 862 3656 2745 3156 2862
Route 38 : 1390 330 376 757 2330 1277 3390 2376 1315 3277 849 1227 1162 515 2757 3315 3227 2849 197 2515 3162 822 1548 1409 1198 2197 3409 3198 3548 2822 1215 155 1878 1721 3215 478 3721 2155 3878 2478
Route 39 : 1423 159 708 1256 675 2159 917 3423 1349 1125 2708 2917 3349 3125 2675 286 3256 1943 654 1073 2286 347 3943 3073 2654 1514 923 2347 3514 1207 1222 3222 650 3207 298 594 2298 2923 2594 2650
Route 40 : 1160 1839 3839 1484 1460 530 3160 1138 3484 2530 3138 3460 1094 408 1739 1415 440 3094 1720 3739 2440 2408 3720 3415
Route 41 : 1408 1901 114 865 3408 1254 3901 1630 3630 3254 2865 2114 636 414 1332 1239 341 2341 1130 2636 3332 3239 2414 3130 19 1292 1926 791 2791 3292 3926 2019
Route 42 : 1767 827 410 1404 801 3767 2410 2827 2801 3404 62 83 462 2083 1251 426 1981 2062 3251 2462 600 621 2426 375 3981 2621 1783 101 3783 2375 2600 2101
Route 43 : 662 2662 1046 3046 1735 3735 1522 3522 1157 1663 3157 1276 3663 3276 1652 1285 36 3652 3285 2036
Route 44 : 1052 1665 525 1716 861 207 2207 1164 3052 2525 3665 3716 2861 29 3164 388 2029 602 762 40 1607 2762 3607 2388 2602 2040 119 1220 648 2119 2648 3220 1194 360 1780 3780 2360 3194
Route 45 : 1636 888 3636 1674 2888 96 3674 897 2096 1979 2000 1508 497 3979 2897 3508 1122 906 4000 2497 2906 3122 1912 1774 637 713 663 293 2713 3774 3912 2663 2637 2293
Route 46 : 1011 1039 3011 37 2037 191 383 993 3039 2383 99 2191 2993 1561 1997 3561 2099 1961 464 3961 518 2464 3997 1889 2518 955 2955 1814 883 999 3889 3814 2999 2883
Route 47 : 1104 3104 797 1442 329 3442 1782 304 2329 64 2304 2797 869 717 2064 608 1587 3782 1624 3587 3624 1274 1683 2717 2869 331 3683 2608 577 373 1737 3274 2331 2577 1108 642 3108 3737 2373 2642
Route 48 : 353 995 1102 2353 3102 1509 2995 669 3509 899 695 2669 889 1188 2899 1515 2889 2695 3188 3515 1416 1588 1090 3416 1072 679 3090 2679 924 1591 3588 3072 106 2106 3591 2924
Route 49 : 1830 1957 829 1148 1394 3957 3830 3394 2829 206 3148 2206 355 1505 394 1440 1699 3440 2355 2394 3699 3505 1666 1557 224 377 3666 3557 2377 1410 978 1373 2224 2978 3410 3373
Route 50 : 1578 784 3578 2784 664 1345 1476 2664 3345 1353 3353 3476 1335 1129 1898 3335 823 585 3129 3898 405 2823 1036 2585 1380 2405 441 3380 303 2441 3036 1972 1670 174 846 2303 3670 3972 2174 2846
Route 51 : 1648 814 728 553 400 3648 2553 2814 1933 2728 2400 457 824 1482 1849 3933 3849 3482 2457 2824 1419 1994 1233 1951 3419 3951 3994 3233
Route 52 : 821 690 1445 324 3445 699 1366 3366 2821 2690 2699 969 2324 1096 3096 992 2969 1263 1503 2992 3503 194 806 3263 935 616 315 2194 229 2935 2806 2229 2315 2616
Route 53 : 1272 153 1025 612 454 957 3025 2153 3272 2957 2454 2612 1420 920 245 2920 2245 3420 1382 61 1393 265 2061 3393 3382 2265
Route 54 : 1457 313 556 319 32 2313 1599 3457 770 658 2556 2319 2658 2032 583 3599 2770 1120 219 665 2583 251 2219 2665 3120 274 2251 2274
Route 55 : 38 985 1603 1577 962 3603 3577 2962 2038 2985 1729 759 1086 1175 3086 3729 1851 3175 887 2759 2887 3851 1870 1935 511 3870 2511 1755 124 89 3935 1325 3755 2089 2124 3325
Route 56 : 1266 1193 1084 3266 3084 562 3193 700 1988 2562 105 590 3988 2590 2105 2700 1959 1362 3362 3959 1176 432 3176 975 2432 2975
Route 57 : 527 1601 536 879 2536 2527 2879 531 3601 742 2531 1718 2742 1854 1058 218 3718 3058 1182 1372 3854 2218 3372 3182
Route 58 : 1269 476 2476 1614 3269 1287 836 3287 3614 1396 135 78 2078 2135 2836 1821 586 3396 3821 2586 911 4 1971 484 2911 1518 3971 2004 2484 987 1247 2987 183 2183 283 3518 2283 3247
Route 59 : 1828 1314 333 958 2958 2333 1098 3828 1954 3314 776 3954 1748 3098 838 2838 2776 3748 1051 768 1741 1848 3051 1549 3741 2768 3549 185 559 3848 1984 2185 1773 3773 1271 201 2201 3984 2559 3271
Route 60 : 21 1540 1852 237 3852 2021 489 3540 2237 2489 1438 256 356 753 2753 729 3438 2256 2729 2356 1770 145 141 2145 3770 2141 1435 3435
Route 61 : 1469 297 538 547 1689 3469 2297 633 3689 2547 2633 2538 312 346 1065 2312 344 540 2344 3065 88 2346 232 2088 2540 2232 1217 3217
Route 62 : 1208 715 909 3208 2909 2715 587 1383 631 249 2587 3383 123 939 1700 2631 2939 56 2249 3700 1081 2123 2056 3081
Route 63 : 1309 649 1367 1452 2649 3452 3309 1168 1284 1201 1745 3168 3367 3201 3284 3745 1132 1827 1064 268 1992 3132 3827 3064 2268 3992 431 781 98 681 1128 2431 2098 3128 1844 2681 2781 3844
Route 64 : 1914 3914 41 1865 1942 3865 3942 1944 789 2041 82 3944 24 1004 579 698 2082 2789 598 1228 2698 3228 964 2579 2024 945 3004 2598 1488 2964 369 2945 214 1862 423 1615 2369 2214 3488 3862 3615 2423
Route 65 : 896 143 1694 13 1918 2896 3694 2143 1764 1491 2013 1769 3918 3491 3764 1733 3769 1789 1311 3733 125 3789 918 3311 2125 1078 2918 1649 1632 3632 671 1756 3078 1499 3649 2671 3756 3499
Route 66 : 692 504 1989 2692 3989 325 2504 639 2325 2639 1753 1504 863 3753 623 825 3504 2863 996 2825 2623 1582 1524 2996 1302 3582 3524 3302
Route 67 : 1646 1855 1570 3646 3855 1137 928 112 1993 3993 3570 1598 3137 3598 2928 2112 1330 73 1355 3355 3330 1635 152 2073 361 59 1021 3635 668 2152 2059 3021 2668 2361
Route 68 : 387 111 2387 2111 622 2622 354 927 458 2458 1323 1267 2927 2354 3267 3323 667 481 186 1528 427 2481 2667 3528 706 2427 2186 357 1493 2357 2706 3493
Route 69 : 1977 367 842 1702 1286 1568 3977 1775 3702 3286 2367 815 2842 592 3568 2815 3775 2592 258 670 1967 1258 3967 127 3258 2670 2258 1293 2127 1127 1507 284 735 1811 2735 3127 3507 3293 2284 358 3811 2358
Route 70 : 415 514 1116 117 1224 3116 2415 1043 1433 1704 3224 3043 3704 2117 3433 450 204 2514 244 2450 1494 184 2204 2244 2184 3494 1884 1610 1845 3884 156 1695 3610 3845 2156 3695
Route 71 : 1543 1781 3543 1427 287 3781 727 1744 3427 2287 349 3744 2727 933 1616 1572 2349 3616 895 2933 31 900 2895 3572 2900 1035 1268 2031 500 3268 2500 3035
Route 72 : 1316 1328 446 1294 1331 3294 3316 2446 3328 3331 352 1746 2352 769 1402 3746 1586 1459 2769 3402 1399 1523 3586 3459 3523 1608 3399 3608
Route 73 : 1953 437 2437 1566 3953 199 1642 3566 750 2199 3642 486 2750 48 1583 1202 1573 2486 2048 3202 3583 529 3573 445 2529 138 1647 1609 1204 1915 2445 2138 3915 3647 3204 3609
Route 74 : 108 1763 2108 803 2803 3763 673 2673 34 2034 771 1339 2771 774 3339 1579 1230 3579 2774 3230 1594 581 661 3594 2581 2661 804 1726 289 213 3726 528 2289 2213 2804 2528
Route 75 : 588 722 364 726 2588 1050 1322 2722 3050 2364 47 811 2726 1386 2047 3322 736 2811 2736 3386 1847 723 3847 2723
Route 76 : 913 610 1336 180 898 2913 259 2180 3336 2898 1110 1818 2610 1136 3818 3110 2259 1574 1048 3136 519 433 144 3048 2433 3574 2519 2144 874 1273 2874 902 1041 1909 1432 3273 3909 2902 3432 3041
Route 77 : 748 1776 1910 182 2182 1289 711 1159 3776 2748 2711 3910 3289 3159 953 1153 2953 959 3153 843 2959 391 392 816 2843 435 285 2816 2392 539 2391 2285 2435 2539
Route 78 : 3 1815 79 526 2079 2526 1882 1261 66 2003 1585 3815 3882 3261 2066 3585 1406 192 3406 1178 852 812 483 2192 2852 3178 485 1708 2483 2812 3708 2485
Route 79 : 1223 693 1205 570 2570 3223 3205 1444 190 1171 1657 2693 573 3444 2190 3171 205 2573 1300 1368 2205 3657 3300 1611 3368 714 3611 1462 1948 947 1044 2714 2947 1715 3044 3948 1225 3462 467 1705 1441 3715 3225 3441 2467 3705
Route 80 : 844 1221 1645 818 2818 3645 3221 2844 338 1244 1324 1185 2338 3244 1768 3324 3768 1529 3185 3529
Route 81 : 266 1785 1045 2266 1417 765 545 3785 3417 3045 786 991 212 2212 2765 2991 2545 2786 1298 1580 210 1264 3298 2210 3264 3580 1109 1033 1426 5 3033 292 2005 137 1955 3109 2292 3426 2137 3955
Route 82 : 1161 1392 107 1243 544 1823 3161 3243 3392 2107 147 3823 2544 2147 1772 986 1181 3772 3181 1833 2986 1040 1826 615 3040 2615 3826 3833
Route 83 : 739 2739 657 2657 403 463 520 2520 2403 2463 746 635 1346 2746 2635 26 549 2549 3346 2026
Route 84 : 1696 1191 228 1359 321 3696 1722 3191 1014 2228 3014 2321 3722 3359 1787 1184 1061 3787 3061 3184 248 1490 1555 428 3490 2428 3555 238 837 2248 188 2238 2837 2188
Route 85 : 523 1834 2523 3834 905 1377 2905 880 3377 1891 1076 43 6 3891 2880 2043 3076 884 2006 611 1894 1489 1428 3428 2884 3894 3489 2611 1685 834 449 3685 744 2834 2449 2744
Route 86 : 1112 725 52 1114 2725 3112 1183 3114 2052 1192 3183 1038 1842 1728 794 3192 131 1575 3728 2131 2794 3842 1203 3575 3038 3203
Route 87 : 1288 1240 1350 22 3288 1730 1450 2022 3350 1861 3730 3240 1360 859 3450 3360 3861 1456 1283 2859 3456 3283 954 264 2954 1310 571 2571 3310 2264 532 1037 270 193 3037 1483 2532 2193 3483 2270
Route 88 : 1397 645 122 3397 2645 1340 1545 3340 2122 3545 1840 795 1092 3840 2795 867 459 3092 1589 2867 2459 830 850 1210 3589 2830 2850 3210
Route 89 : 1913 263 1793 990 3913 2263 1960 2990 3793 3960 1538 800 247 1924 3538 2800 3924 2247 1678 593 1327 534 1290 3678 1846 2593 3327 1881 3846 2534 3290 3881
Route 90 : 655 465 2655 2465 1687 3687 173 54 2173 2054 243 557 1982 1813 3982 537 2243 2557 399 3813 2537 397 2397 2399 574 46 1414 2574 932 1009 1006 2046 3009 2932 3414 3006
Route 91 : 1358 309 335 563 564 2335 2309 3358 365 1650 2563 548 3650 2564 2365 2548 1237 505 522 3237 1658 1798 2505 1860 1034 1091 3658 2522 3860 3091 1154 3034 3798 1047 603 1796 1883 2603 3883 3154 3047 3796
Route 92 : 870 543 382 2870 2543 1576 1437 1534 2382 380 3576 3437 3534 2380 412 1163 2412 1542 1405 3163 994 3405 3542 2994 569 302 893 720 2302 2569 2893 2720
Route 93 : 1812 1079 250 1867 952 2952 1347 3867 1900 2250 3812 3079 80 63 3347 3900 2080 1381 1801 187 2063 2187 72 2072 3801 3381 1858 1464 472 1688 854 3858 3688 3464 2854 2472
Route 94 : 65 929 970 2065 624 2970 919 614 2919 2624 2929 2614 1121 1216 3121 3216 1401 1667 3667 3401 1338 1016 227 1659 81 3659 3338 3016 2227 2081
Route 95 : 492 1007 575 18 1707 1697 2575 2492 3007 3707 370 1885 2018 3697 3885 2370 1103 1301 886 3103 2886 1908 3301 1124 132 226 3908 613 2132 3124 1950 2226 724 3950 2613 2724
Route 96 : 1892 35 430 1158 931 3892 2931 3158 2035 1985 982 2430 49 3985 1199 2982 452 2049 3199 1475 1511 2452 1166 3511 3166 832 1344 3475 778 2778 2832 3344
Route 97 : 121 1873 142 3873 495 305 1118 2121 2305 2142 2495 3118 1622 3622 1424 521 542 3424 2521 2542 178 11 1762 280 772 1369 2011 3762 2178 2772 3369 2280
Route 98 : 721 77 1829 3829 734 2077 1987 2721 379 3987 2734 921 2379 764 2921 1054 868 3054 644 2764 15 2644 2868 684 2015 2684
Route 99 : 260 851 1976 378 618 3976 2618 2260 2378 198 2851 1418 831 979 3418 2831 2198 2979 1857 136 738 2136 351 2738 3857 1119 1443 672 2351 2672 3443 565 2 1106 320 3119 129 2565 1916 3106 2002 2320 2129 3916
Route 100 : 946 1618 2946 1554 3618 3554 1958 3958 956 1487 362 1633 50 3487 2362 2956 2050 3633 1962 1017 760 3017 1817 2760 936 3962 1644 2936 3817 3644
Route 101 : 1002 1282 482 166 3002 3282 1135 2482 730 2166 2730 1754 261 3135 255 343 3754 1799 2261 2343 328 27 2255 2328 1941 3799 582 2027 596 2582 940 3941 2596 2940
Route 102 : 1627 541 455 524 1929 1886 2541 813 3886 2813 2455 411 3627 2524 211 222 3929 2411 2211 2222 1945 506 1602 1917 3945 3602 1564 2506 3917 1495 316 3564 856 3495 2856 2316
Route 103 : 551 566 1698 1792 1265 2551 2566 1093 3265 350 3093 3792 407 3698 676 45 2676 2350 2407 1906 761 2045 2761 740 3906 1928 915 374 2740 3928 2915 1902 2374 1619 154 839 2154 3619 2839 3902
Route 104 : 751 647 1740 53 704 1411 2751 3411 2053 2704 1152 501 3740 502 2647 3152 2501 1725 2502 627 966 3725 513 2627 1738 2966 1099 2513 3738 3099
Route 105 : 1144 1551 1786 1371 384 3144 3786 1374 3371 944 2384 1010 3551 3374 1155 1693 2944 3010 3693 3155 1012 3012
Route 106 : 1085 1765 901 1206 3765 176 2901 3085 87 1245 3206 55 2176 1 2087 3245 628 438 2001 2055 498 2498 2438 171 2628 653 1458 2171 2653 3458 1213 741 327 1088 1260 3213 796 2796 3260 2327 2741 3088
Route 107 : 983 1429 1661 460 1388 2983 3388 3661 1562 1151 2460 3429 3151 1196 998 3562 1143 508 115 3196 3143 2998 2508 775 2115 1810 396 3810 2775 2396 436 1278 1706 2436 451 3706 2451 3278
Route 108 : 1550 1653 1686 914 3550 3653 1655 3655 3686 857 67 1623 2914 2067 2857 1546 85 3546 3623 1434 196 2085 1319 687 2196 841 225 2687 3319 3434 951 2841 92 2225 1567 2951 3567 2092
Route 109 : 1592 273 337 1978 3592 1179 195 2337 3179 3978 2273 2195 118 1843 1447 3843 217 3447 2118 282 1731 1625 2217 2282 3731 3625
Route 110 : 910 866 604 1621 2910 3621 2866 1379 2604 1246 1628 3246 3628 3379 1525 491 790 1899 1875 1703 3525 3875 3899 2491 2790 3703
Route 111 : 1911 1412 3911 930 3412 345 417 1797 126 787 2126 2787 3797 2930 2417 2345 71 1752 493 3752 1248 976 2071 2493 3248 977 853 2853 2976 2977 1638 3638
Route 112 : 1465 1235 1668 3235 1173 3465 220 1808 3668 3808 1975 447 1451 3173 2220 2447 3975 3451 307 1077 1835 567 2307 1436 3077 967 3835 2567 3436 14 1617 891 2967 2014 807 494 2891 3617 2494 2807
Route 113 : 660 2660 1303 1937 3303 984 167 2984 3937 1297 1270 1195 3270 3297 2167 128 3195 1186 1654 3186 215 2128 2215 3654
Route 114 : 366 1501 1795 1467 420 3501 200 3795 2420 1057 3057 3467 1312 1760 2200 3760 336 3312 254 1101 416 2366 2416 3101 2336 2254
Route 115 : 1896 1713 1593 1357 175 792 3593 3896 3713 1280 76 3357 576 2792 2175 3280 2576 2076 507 651 1257 2507 20 235 3257 1461 2235 3461 2020 2651 703 1946 1925 2703 634 1069 1042 3946 2634 3925 908 3042 3069 2908
Route 116 : 1356 510 168 1095 2168 3356 2510 69 1295 74 3095 855 890 3295 2074 1008 2069 2890 2855 1029 3008 659 1717 3029 3717 1209 981 2659 3209 2981
Route 117 : 1676 788 833 1005 625 701 2788 2833 3676 3005 2701 2625 680 1170 1498 3498 1317 2680 3170 799 3317 181 1803 1363 2181 2799 3363 3803
Route 118 : 1398 1923 595 1965 3923 1859 3398 1759 3859 2595 3965 572 632 3759 552 2572 2632 17 2552 84 203 1837 2017 1664 3664 448 2084 1446 2203 3837 2448 3446
Route 119 : 763 743 1922 2743 1732 2763 3922 3732 1536 875 271 477 2875 2271 3536 290 691 2477 424 546 1197 2424 2546 2290 2691 1478 3197 1031 749 705 1131 2749 3478 3131 2705 3031