Instance name : nyc-n800-5
Authors       : BIG3 - Dmitriy Yampolskiy, Egor Nikolaev and Daria Savina. Smart Logistics Point by the BigThree team (big3.ru).
Date          : 2025-04-22
Reference     : BigThree team (big3.ru)
Solution
Route 1 : 372 399 37 437 799 89 275 772 489 269 675 669 103 267 314 256 189 226 667 589 656 215 33 77 626 714 503 277 154 477 615 554 677 433 83 483
Route 2 : 385 361 52 110 243 452 643 761 510 785 70 390 470 205 193 605 248 790 231 3 107 153 593 403 553 648 631 296 507 696 340 740 370 27 427 229 770 261 366 1 401 629 661 292 766 307 692 327 56 118 250 456 138 707 650 727 200 538 518 133 233 533 148 633 262 600 84 548 112 185 484 339 512 739 585 662
Route 3 : 359 147 759 209 323 723 247 53 647 28 547 453 236 428 609 279 636 90 679 69 332 347 171 490 732 96 747 214 469 571 614 496 134 355 167 755 197 567 280 534 179 597 136 536 396 46 319 719 680 446 290 579 378 796 140 778 690 540
Route 4 : 58 76 306 294 131 157 476 57 694 531 264 458 457 242 557 397 642 664 120 706 282 520 311 92 371 771 80 797 325 711 480 725 492 71 54 682 471 454 353 317 212 717 48 753 612 16 448 416 373 273 38 673 438 773
Route 5 : 51 451 286 178 367 767 137 64 464 537 578 686 181 251 32 216 651 432 581 155 13 616 413 210 555 245 299 610 220 272 620 645 41 699 123 234 523 672 441 634 376 149 776 99 342 95 94 207 499 742 281 607 494 495 681 549
Route 6 : 10 174 410 574 61 310 461 182 259 351 375 775 239 659 393 639 11 201 582 751 383 111 710 601 411 511 130 793 315 176 783 576 530 18 116 24 329 715 274 360 516 424 729 674 115 760 418 394 305 15 794 515 303 705 703 415
Route 7 : 121 113 2 349 225 402 29 40 513 429 194 749 68 330 440 521 730 625 224 266 468 594 624 666 173 287 163 573 563 206 687 395 162 795 606 43 198 562 443 312 23 326 726 598 712 293 328 423 127 129 728 693 223 105 527 529 623 505 308 316 708 158 558 716
Route 8 : 237 637 344 183 5 44 284 164 583 348 744 564 684 405 444 748 208 368 165 388 132 788 608 768 532 156 235 565 75 343 475 556 254 635 654 743 25 170 106 8 47 570 447 313 81 506 425 202 408 335 481 97 713 602 735 497
Route 9 : 141 252 334 652 541 381 143 321 543 213 721 101 734 781 501 613 79 350 362 762 479 82 750 482 289 12 364 412 764 241 146 380 283 546 74 780 222 683 474 689 641 622 161 7 561 407
Route 10 : 124 166 188 566 524 588 249 240 122 354 258 159 640 649 285 658 559 128 522 754 363 352 528 257 184 65 685 9 763 14 752 263 584 657 414 465 72 409 663 49 6 449 472 302 406 108 702 346 304 508 746 238 126 638 377 389 59 789 777 704 526 459
Route 11 : 175 73 473 268 575 151 551 19 668 384 419 109 509 784 102 318 502 718 160 4 221 337 400 404 85 621 737 560 485 297 800 244 398 798 697 45 644 78 295 218 695 445 265 618 255 391 478 320 665 791 720 655
Route 12 : 338 738 144 544 374 63 187 463 104 180 587 580 774 145 504 30 545 387 324 724 322 787 150 278 430 678 219 550 152 722 619 552 191 169 270 100 569 591 331 50 87 670 487 450 731 177 67 500 227 577 114 627 467 514
Route 13 : 60 26 168 460 139 17 568 386 426 88 786 336 417 736 98 539 498 35 300 488 117 435 228 186 517 700 356 142 217 628 756 586 542 276 86 486 617 676 199 196 125 93 599 493 525 596
Route 14 : 203 309 20 358 603 204 709 420 345 232 291 758 745 190 604 691 22 590 119 288 422 632 31 91 688 519 431 298 382 357 195 62 757 392 491 782 595 135 698 379 211 192 462 611 535 792 779 55 365 253 592 455 42 369 653 442 765 769 230 246 341 271 741 36 630 39 436 439 301 671 646 66 172 21 34 701 260 421 572 434 333 733 660 466
