Instance name : nyc-n2500-5
Authors       : Isaiah Reimer (isaiah.reimer@rideco.com). RideCo (rideco.com)
Date          : 2023-06-12
Reference     : Rideco PDPTW Solver
Solution
Route 1 : 883 1061 2311 1249 2133 227 730 181 2499 1477 564 476 1431 1980 1814 1726 1138 111 311 973 176 1561 2223 208 2388 1361 1426 65 924 1315 1458 724 2174 1974 1045 845 60 575 2295 1075 2095 1825 1079 2325 1310 2329 156 261 110 1406 947 2197 1511 1360 115 254 1365 1504
Route 2 : 612 1248 1862 700 419 279 2498 1669 1950 1529 925 1055 453 963 2175 2213 107 1163 92 1703 1357 2305 2413 884 102 358 2134 217 1608 1342 852 1467 625 2102 1352 97 480 454 1215 1875 1730 1347 944 1704 2465 508 494 2194 302 626 1758 1876 345 723 1552 1744 1595 1194 1973 561 1811 2444 863 412 180 936 906 2113 2186 1430 2156 1662
Route 3 : 231 344 408 750 1481 594 500 1594 2000 960 1658 2210 1844 1750 1092 2342 436 1024 1077 495 1686 2327 831 1745 411 113 2274 2081 1661 274 188 665 1363 1915 1524 1438 360 850 1236 1610 1098 2486 970 744 2220 2100 1994 2348
Route 4 : 638 993 2243 1225 980 2230 1043 1888 2475 2293 613 726 867 211 2117 1461 1863 131 133 483 1976 1381 1383 1733 36 511 1042 224 549 1286 1474 2292 1799 1761 392 377 954 119 1642 1627 337 2204 262 790 1369 1512 827 1587 1066 2040 716 2316 2077 162 1131 1966 307 1557 777 1412 2027 2381
Route 5 : 1232 922 228 2482 1039 145 683 2172 593 1478 685 1933 239 1395 2289 1843 1935 12 18 1222 1489 610 921 1268 1860 1262 2472 1137 2171 1216 370 2466 2387 1226 709 165 1959 1620 1415 194 705 207 905 2476 618 1444 943 1868 2193 56 1955 923 1306 1106 2155 1457 667 2173 891 448 2141 109 1917 2356 1698 1036 1359 522 975 957 1063 2286 1017 2225 2207 1772 2313 2267
Route 6 : 222 1472 1037 313 1563 574 1082 2332 2287 1824 466 484 1198 26 585 1276 2448 830 1734 1716 421 414 1835 2080 558 1808 1671 1664 2 1093 189 2343 713 1439 1963 1252
Route 7 : 851 331 168 952 365 2101 1418 1581 1155 1615 2202 718 2405 1156 2406 1120 1968 2370 351 437 175 398 1687 1648 1601 780 1425 258 106 120 1508 104 2030 1356 1370 1354 1047 803 739 238 2297 2053 472 1989 38 171 1488 1722 1288 1421 498 1014 126 624 2264 1874 828 770 1748 199 1128 2078 1376 1230 2020 2378 2480 1449
Route 8 : 202 163 387 203 67 1413 151 1452 1637 1453 418 619 1401 264 69 1317 1869 1668 1319 1514 586 63 10 588 1260 749 1836 1244 1313 1838 889 1999 616 2494 61 2139 820 321 1866 802 527 13 1571 1311 2070 2052 1777 1263 514 1157 1223 422 1764 607 756 2473 1672 2407 2006 1857
Route 9 : 1091 1170 1027 710 1191 2420 2341 937 2441 927 2277 247 1960 2187 1497 2177 385 684 1635 706 553 1151 1934 1956 488 1192 1803 213 1738 2401 1072 465 2442 2322 1463 174 917 1228 1424 1135 1715 352 2167 2478 178 1602 1224 2385 2474 1428 195 928 930 1445 219 125 2180 2178 948 778 1469 1375 2028 908 2198 461 1711 2158
Route 10 : 1112 648 59 1071 2362 1309 73 2321 1898 1148 433 2398 1323 364 546 1683 1614 28 1796 1058 257 48 1278 2308 1507 243 595 1298 1493 282 489 1845 1011 1168 1532 1158 2261 2408 1739 2418 871 789 605 2039 1178 260 2121 407 1855 1657 2428 1510 328 976 767 2226 1578 1231 1250 2500 2017 2481 430 641 643 1893 1680 1891
Route 11 : 598 468 1718 1187 1848 1002 346 2252 2437 404 1240 865 2115 1596 729 2490 1654 945 1979 124 2195 268 779 1374 1518 72 986 62 1312 1322 2236 541 2029 603 679 1791 644 1929 1894 127 659 801 1853 1160 479 1909 2051 2410 1377 1154 1176 651 2404 1729 2426 627 1901 935 1877 757 417 2007 2185 1667
Route 12 : 317 559 353 584 24 1834 1603 1274 1567 1809 191 1032 2282 137 1441 1387 872 640 1108 2122 580 457 1890 2358 1830 1707 204 432 912 1133 318 2162 1682 493 1454 2383 795 1568 806 2045 805 2055 1743 911 381 2056 2161 1132 1174 1631 2424 2382
Route 13 : 8 68 793 1318 149 1258 1399 1115 764 81 2043 2014 2365 742 369 1331 348 118 1368 1992 1619 1598 562 752 1183 190 765 1812 2433 2002 2015 1440 275 401 380 1651 1630 1525 1127 322 130 1572 959 2377 1380 463 154 704 2209 1713 501 904 1954 1751 460 1404 249 2154 1710 1499
Route 14 : 681 507 1095 2345 1931 5 847 1757 2097 1255 349 139 85 1335 1389 1599 964 361 435 1611 388 2214 485 1685 270 1638 1520 1735 77 138 670 1327 688 1938 1388 303 1920 326 471 1553 1721 1576 714 1046 386 1125 1964 994 1109 2296 1010 2244 1636 2260 2375 2359 566 642 569 556 1892 1806 1819 1816 1053 544 205 1455 1794 2303
Route 15 : 622 1099 1078 193 1872 55 2328 2349 1212 1305 229 1443 1164 43 2462 652 497 1293 1747 1479 1902 2414 390 30 335 815 1280 1585 1640 760 578 74 122 1828 2065 2010 1372 378 1324 277 849 1628 2099 732 1140 1001 1527 631 1982 2390 2251 721 1881 836 835 1971 1121 929 116 2085 596 1846 2179 1366 2086 2371
Route 16 : 1074 974 1119 128 1378 405 2369 2324 266 1015 1655 1048 1516 2224 2298 2265 34 129 870 1284 2120 1379 1005 251 1122 234 2372 2255 829 823 1501 1107 2073 1484 2079 84 2357 1334 420 1059 900 842 308 2150 2309 1670 991 2092 1558 766 2241 372 473 1723 1622 615 885 2016 978 722 161 2228 1865 2135 1972 1411
Route 17 : 300 530 725 241 1491 1161 1975 1780 987 525 2237 2411 825 1775 712 409 210 2075 1962 910 1177 1550 2427 2160 1659 1460 209 915 1459 1102 1080 2165 477 557 2352 1807 2330 1727 517 920 636 1886 1199 2170 1145 1239 1767 462 977 2395 1712 2449 2227 2489 1167 745 424 599 2417 1849 1674 1995 916 893 2166 1118 2143 2368 1227 2477
Route 18 : 105 629 1879 269 1355 814 1519 2064 623 198 4 926 1448 1254 1873 1141 1031 2176 456 1147 2397 2281 1706 2391 676 1085 579 524 1009 1926 2335 324 934 1057 1829 1774 2259 2184 301 1574 2307 601 567 1551 1817 832 674 1851 1924 2082
Route 19 : 135 426 1385 1172 1676 2422 855 503 1104 2105 1221 2471 2354 1753 839 64 740 2089 320 602 1990 1314 1852 914 88 1570 334 755 2164 1338 720 1184 907 2005 1970 2434 833 434 2083 280 2157 66 1684 1584 75 366 278 1530 285 1616 1528 1316 1325 1205 1535 1090 1097 1208 2340 2455 2458 2347
Route 20 : 187 1 895 992 2145 1251 2242 1437 873 886 347 80 2123 1235 2136 919 2485 1597 2169 1330 913 20 363 897 1270 2163 441 1613 2147 1040 218 1201 1691 2451 114 237 2290 397 1468 1487 1364 1003 86 1647 953 1101 2253 1336 2203 2351 860 773 230 965 1480 2110 2023 2215
Route 21 : 733 809 861 451 1701 1983 2111 678 185 2059 654 1928 486 1435 1904 529 735 1736 1779 1985 696 276 1033 571 995 1946 1526 1150 394 2283 2400 888 2245 1821 1644 1006 2256 31 971 2138 968 783 2033 2221 2218 1281 695 1165 999 1175 768 2425 2415 1945 2018 2249
Route 22 : 1169 786 1202 687 731 309 2419 1937 1559 2036 1981 2452 1247 711 459 1961 1709 160 2497 794 1410 1229 2044 49 775 2479 350 1600 2025 1299 673 186 1242 362 1923 323 1436 2492 1612 3 1573 967 1253 657 1209 177 2217 1907 2459 1126 458 1427 1144 2376 1708 2394
Route 23 : 395 717 45 90 1645 880 1295 2130 1340 340 990 1967 589 1207 826 1590 1022 2240 2272 1839 2457 2076 540 1067 184 136 7 1434 2317 1257 1790 82 233 1386 220 1332 1483 1200 1470 374 1026 141 2450 1624 475 646 223 1391 941 1725 2276 1896 1473 512 890 2191 2140 1762
Route 24 : 1182 425 901 201 2432 1675 1179 702 1451 2151 807 2429 1089 1952 2057 2339 94 961 2211 376 1344 776 338 1626 357 2026 46 182 1296 1588 1607 521 1038 2288 650 1771 1432 1900 697 306 1213 1947 2463 1025 1556 796 2046 2275
Route 25 : 799 232 2049 1000 2250 170 1482 545 1420 639 1795 1889 225 71 1475 166 499 997 1321 2247 1749 1416 1123 882 172 2132 2373 1422 245 1153 1495 672 293 528 2403 1922 1543 438 356 1051 875 1778 576 1606 1688 359 2125 2301 887 899 1826 1609 1211 17 2137 2149 2461 1267
Route 26 : 840 658 1190 621 2440 866 2090 2116 1908 1871 330 196 772 1446 1580 2022 1143 565 2393 1044 281 25 2294 1815 1531 1275 1204 1087 2337 513 157 2454 1763 682 1152 1407 1932 2402 393 774 1237 542 2487 2024 1643 1792 1019 310 244 415 1560 2269 1665 1494
Route 27 : 1081 1203 909 47 1054 1195 2159 2453 1297 2331 782 2304 1076 2445 560 2326 2032 1810 811 2061 384 853 1634 2103 854 879 1096 2104 1220 2129 707 2346 1065 2470 669 83 1957 2315 1333 1919
Route 28 : 762 305 1555 253 751 259 449 2012 634 1503 2001 1699 510 1884 1509 1760 216 822 699 857 981 1466 2107 1949 27 2072 2231 1277 89 563 29 1813 1279 87 1339 235 754 691 1485 1941 19 1337 2004 134 554 1269 206 1456 1804 1384
Route 29 : 140 40 1290 1390 516 478 1766 1206 1728 743 2456 336 416 1993 1586 1666 989 423 2239 1004 533 1673 2254 1783 142 572 1392 410 1822 804 509 112 41 988 1660 1759 1291 1362 76 2238 2054 95 769 290 1540 2019 1345 1326
Route 30 : 874 946 680 708 1233 591 2196 1958 22 1841 2483 1930 2124 552 800 1272 505 464 447 1802 1697 1173 1755 1714 2050 2423 11 791 2041 1261 428 1028 403 816 1678 143 1653 1393 54 2278 798 474 2066 1304 1724 2048 1159 123 389 1373 2409 1639
Route 31 : 146 444 1396 758 1694 2008 53 1243 984 784 150 1303 2234 382 1400 2034 2493 1632 649 727 242 1899 1492 1064 1977 858 664 2314 152 2108 1186 1914 690 1402 568 2436 1940 1818 287 734 1113 1537 1984 295 1545 1083 2363 2333
Route 32 : 877 1129 587 333 1124 2379 455 1705 2127 2374 1837 1583 604 896 256 1854 2146 1506 520 898 824 609 1770 747 2148 2074 1859 93 671 535 1785 169 1997 1343 1142 1921 637 1419 661 1911 2392 1887 1020 534 932 2270 1084 1784 2182 686 2334 1936 933 1149 354 1604 2399 2183
Route 33 : 668 701 373 79 1623 1918 1329 1951 1116 496 467 2366 1717 200 698 197 1746 715 1965 1219 1447 1948 1450 117 1217 271 2469 2467 167 1367 1417 1521 399 1188 214 573 1110 2438 339 1649 1464 2360 635 1823 938 1589 288 1166 2188 371 2416 787 1885 1538 2037 1621
Route 34 : 662 982 972 1912 2222 2232 341 132 656 590 1382 1591 1906 1029 492 9 1840 1742 2279 1259 1041 1103 2291 226 736 2353 183 148 99 1986 1476 1349 1013 57 1433 848 2263 1398 1307 50 2098 103 1008 1300 1353 1189 2258 255 2439 1505 759 761 2009 2011
Route 35 : 101 1146 1351 1012 2396 504 1210 1754 2262 2460 788 1245 491 1741 2038 620 2495 985 1870 442 692 1117 1692 2235 1181 703 2367 1942 298 808 660 1953 1548 2431 2058 1910 108 23 147 838 96 250 1273 2088 1397 1358 812 841 1500 1346 2062 2091 1086 526 1776 2336
Route 36 : 633 481 1883 51 304 956 1301 1554 2206 252 608 1731 666 1502 1858 746 1916 314 294 1564 1996 555 312 158 1049 1805 2299 1562 1544 1408 445 1030 728 1695 1069 299 1978 2280 1549 2319 537 286 367 316 1787 375 343 1566 1536 1625 1593 1617
Route 37 : 33 212 1283 1241 406 1462 1656 78 2491 396 902 771 1328 1646 536 738 427 267 1786 2152 2021 1214 1988 1134 1677 818 1517 6 592 21 2068 2464 1842 2384 402 14 1271 1105 844 1256 1652 273 1264 2094 862 531 2355 1523 2112 502 1781 1752 248 159 951 1498 98 58 737 2201 1987 1409 1308 1348 983 1139 246 2389 894 2144 2233 1496
Route 38 : 39 121 1111 15 1265 1289 1371 547 368 942 2361 1797 2192 1618 837 600 52 439 1302 2087 1850 1689 450 91 391 1130 1341 856 2380 1700 1641 2106 869 490 1740 966 263 606 1513 583 1185 1856 2119 859 2216 2109 379 1833 2435 1180 1629 173 1034 1423 2430 2284 843 44 1294 2093
Route 39 : 452 144 1052 325 469 1394 1060 1702 1575 2310 1719 2302 297 342 663 1547 1592 1913 931 949 538 2181 1136 1070 2320 2199 1788 2386 1100 429 1021 1062 1679 482 2312 2350 2271 1732 611 996 719 215 1465 1861 355 413 2246 1969 1605 940 548 1050 1663 1238 962 1798 582 2190 2300 1196 689 1832 2488 2212 2446 1939
Route 40 : 693 1162 630 675 817 645 1880 2412 1943 315 1895 1925 2067 1565 431 1246 1056 846 1681 2496 192 155 2096 1405 1442 2306 597 283 653 164 1903 1847 1533 614 1414 443 868 272 1218 1693 918 1522 2468 2168 2118 1864 632 32 876 1073 813 1282 2063 2126 1882 2323
Route 41 : 810 240 2060 969 518 1490 785 2219 955 2035 748 1768 179 2205 1429 1998 440 864 1197 2114 1690 35 2447 958 291 1285 1094 677 2208 1541 1927 2344 655 551 532 628 1801 1878 1023 1782 903 1905 265 2153 2273 892 1515 1114 329 292 2142 1542 1579 1035 470 1720 2364 2285
Route 42 : 881 998 327 781 1088 1577 2338 2031 2248 2131 221 1471 523 289 939 1773 539 400 1789 487 2189 1539 1650 1737 763 153 70 1403 1320 2013 37 284 1234 2484 1287 1534 581 821 979 550 1831 694 2229 1171 2071 1944 1800 2421
Route 43 : 16 1266 797 1068 577 2047 515 2318 319 1765 753 1827 296 1569 647 834 2084 1546 2003 1897 792 1016 506 42 1756 1018 100 2266 1292 2042 617 2268 1350 383 543 446 1867 1007 1633 950 519 1793 2257 819 236 1696 1193 1769 741 2069 2443 1486 1991 2200 878 332 1582 570 2128 1820
