Instance name : nyc-n2500-1
Authors       : Dmitriy Demin, Mikhail Diakov (msd@veeroute.com), Ivan Ilin, Nikita Ivanov, Viacheslav Sokolov (vs@veeroute.com) et al. VRt Global (https://veeroute.com/)
Date          : 2023-07-09
Reference     : veeroute.com
Solution
Route 1 : 1001 271 325 564 789 1814 1521 1575 333 337 2251 948 2039 1587 2198 1583 729 827 86 2077 506 754 1756 1336 1979 2004 1010 2260
Route 2 : 1138 353 1603 2388 1047 2297 222 1472 465 1715 1 312 1562 449 1145 708 1251 1958 1699 631 937 2395 1881 2187
Route 3 : 215 973 489 345 668 233 1918 1739 1225 1595 903 1483 641 2223 71 1465 207 1891 2475 323 1457 1321 2153 1573 33 627 484 643 505 115 1283 1365 1893 1755 862 1734 1877 311 885 830 934 2080 1561 2112 2184 2135
Route 4 : 433 939 2189 76 556 602 319 1683 1326 1806 1852 811 2061 856 236 58 1569 1308 1486 612 1092 152 2106 2342 1402 1862 145 184 1395 1434
Route 5 : 744 490 1740 1994 356 306 882 1556 1606 2132 1202 721 2452 753 1971 412 1116 2003 2366 835 415 1662 734 1054 2304 1665 1984 1159 173 332 1423 2085 258 1582 2409 1508
Route 6 : 178 603 1101 2351 1853 700 1428 400 1090 2340 1088 514 1950 2338 1162 653 1650 1764 770 2412 617 1903 2020 160 1867 1062 2312 1410
Route 7 : 1239 669 548 1069 1051 786 1798 691 2301 1061 2036 693 1919 1941 2311 2489 2319 394 1644 804 1943 125 989 2054 832 2239 1375 2082
Route 8 : 93 309 659 1018 1559 429 2268 1343 990 1909 615 492 884 915 2134 1865 1679 2240 2165 1074 1742 131 2324 910 1381 2160 574 88 422 741 1824 225 428 1991 981 196 2231 1446 1678 1672 1338 1475
Route 9 : 686 898 355 1220 584 1081 1936 2331 297 950 2148 1035 1834 17 2285 1547 2470 2200 305 1605 35 1555 430 1267 1285 874 1680 458 1044 2124 773 1167 1708 701 307 2023 1077 1951 48 2327 2417 1557 2294 1298
Route 10 : 665 542 1915 1792 56 395 1645 351 1601 894 868 1040 2290 1306 845 2118 2144 901 955 803 2095 294 2205 696 2151 595 985 1845 2053 2235 1544 1946
Route 11 : 608 655 667 871 1905 1858 2121 999 66 1917 1112 1316 771 800 2021 682 2362 1932 2050 2249 419 746 463 805 1669 454 2055 1704 1996 1713
Route 12 : 261 1219 1209 1511 2459 357 1607 2469 558 219 846 906 945 2096 2156 1082 1469 1197 1808 552 2195 2332 2447 8 864 684 1258 1934 1802 2114
Route 13 : 601 1194 374 1851 838 1624 2444 836 2088 883 1067 2086 1098 2133 2317 648 2348 1898 630 1880 1056 597 1847 2306 427 1677
Route 14 : 322 1180 130 231 1201 1481 1233 2430 924 1380 2451 2174 2483 914 736 1572 44 1986 600 2164 1294 36 1850 287 113 1176 1286 685 1537 636 2426 1935 1363 1886
Route 15 : 133 197 320 289 234 1539 1383 724 343 1447 547 587 1974 536 1837 1570 1797 49 1484 1250 892 1593 1299 2500 378 105 1786 42 2142 1355 1628 1292
Route 16 : 810 1232 50 571 155 1405 469 1821 270 134 1384 2060 2482 13 1719 1300 1520 880 842 481 1263 952 2130 2092 94 405 1731 2202 1344 1655 1108 737 1130 2380 723 244 1973 2358 1987 1494
Route 17 : 151 416 435 171 106 699 1666 1949 90 1685 557 1421 1401 1340 1356 1228 1807 1124 515 420 2478 1085 2374 759 1765 2009 531 1670 2335 591 1243 1781 1841 958 2493 2208
Route 18 : 330 370 28 157 762 1278 1580 1407 1079 182 128 1620 2012 1432 1378 1161 979 2329 459 674 1229 982 2229 1709 2232 1119 2411 1924 238 2369 2479 1488
Route 19 : 1226 739 1196 976 731 1155 2226 407 1989 2476 2405 2446 1981 1657 162 1104 136 1412 1205 1386 2354 833 504 926 179 2083 2455 57 2176 2 1754 1429 386 1252 962 1307 2212 176 154 249 1404 1135 2385 1636 1499 1426
Route 20 : 719 987 494 774 384 907 1969 110 2157 2024 466 272 1744 114 2237 1716 1522 978 1360 159 1634 1364 255 39 2228 205 260 1505 1289 1409 186 1178 1510 1455 293 1211 788 1543 2038 2428 2461 1436
Route 21 : 809 175 560 1810 2059 390 1425 619 4 445 448 1640 1234 1059 1695 1254 144 1698 1869 501 43 2309 2484 1293 376 1394 757 568 77 1751 206 1626 1327 1199 1818 2007 551 1456 1801 2449
Route 22 : 18 172 1422 313 1106 235 1157 1268 713 2407 92 1563 317 1342 2356 1485 1963 359 108 1567 1358 705 540 1609 1143 1955 730 1790 1147 1980 291 2393 2397 1541
Route 23 : 599 138 1849 1388 191 440 971 984 1441 1690 980 931 2230 658 2221 2181 202 855 2234 1452 510 132 1173 1908 2105 1382 2423 707 1957 1760
Route 24 : 24 538 468 1718 1274 1788 500 1060 776 623 1177 1231 2427 2481 1873 2310 1750 2026 284 798 425 1675 1534 1012 582 177 274 1832 1427 2048 2262 1524
Route 25 : 229 1120 1221 1083 262 2471 1479 1023 1512 799 2333 2370 1006 2273 2049 2256 1206 918 767 929 959 2209 2168 1175 715 2456 9 91 2179 299 1549 1965 1259 2017 2425 1341
Route 26 : 303 1236 1153 676 889 2403 282 1532 2486 1553 818 69 1240 1926 20 2139 1319 2068 2490 977 942 1270 1188 632 1137 2227 1170 259 2192 825 2420 1882 2438 2075 1509 2387
Route 27 : 70 1045 610 622 680 1872 1320 1149 1052 618 1860 2399 1868 2295 2302 1930 589 528 555 326 1839 1778 60 1576 402 839 1310 2089 831 340 1017 84 1652 1805 2081 525 1590 2267 1334 1775
Route 28 : 1043 1075 214 146 858 2293 1396 276 1464 664 2108 780 797 2325 496 812 1526 750 1746 2047 1100 1914 890 2000 2350 2030 2062 279 706 164 2140 1529 1414 819 834 1956 2069 2084
Route 29 : 111 263 116 201 1361 777 277 1451 1068 2318 53 2027 1513 310 327 1366 1527 1048 379 1560 100 1303 1577 2298 1249 1222 995 432 2472 1350 366 2499 2245 1629 1616 1682 478 1126 2376 765 1728 2015
Route 30 : 1002 2252 398 1648 585 1028 1218 411 1835 2278 1072 2468 471 1661 594 308 935 1020 1844 1558 2322 2185 2270 210 690 253 209 1721 385 1460 1459 421 1940 1671 1635 1503
Route 31 : 292 795 614 1542 127 98 2045 460 147 1710 1164 1864 1348 1397 1377 2414 893 285 439 572 2143 1535 1689 1217 1065 1822 1084 268 2467 1247 2334 2497 483 2315 1089 1518 865 2115 1733 2339
Route 32 : 1190 966 649 1076 2216 1899 2440 1152 709 2326 2402 102 1042 1154 783 2292 1352 2404 365 751 2033 1959 1615 2001 722 89 583 414 37 1833 1972 1339 1664 1287
Route 33 : 997 2247 41 442 621 103 930 581 1871 64 1831 1692 2180 1291 1353 1314 122 933 12 3 1262 633 1071 1253 2183 1883 1372 2321 51 1189 873 2439 426 820 1301 2123 1041 1676 2070 2291
Route 34 : 941 65 472 360 1223 1722 388 944 2191 672 1610 1315 2473 1638 2194 1922 1095 80 165 1330 512 1415 1762 2345
Route 35 : 1066 637 652 1031 539 2281 1887 1174 1789 1902 2424 1033 840 2316 2283 2090 1030 438 243 23 391 1688 1493 1273 2280 1641
Route 36 : 953 1005 1182 2203 679 2255 1929 479 372 1142 801 888 2432 1099 2392 2349 1622 1729 808 26 796 2051 2138 2058 2046 1276 816 983 397 180 2066 969 1647 2233 1122 660 854 2372 1184 2104 2219 1910 2434 1430
Route 37 : 1109 735 314 626 187 1564 1876 1117 245 1985 2359 1437 281 2367 553 1495 15 1803 947 1531 541 657 2197 1128 1791 1907 2378 1265 413 450 1165 336 1129 1700 629 1663 2379 169 2415 1586 1419 1879
Route 38 : 857 511 183 654 288 1761 1151 1433 957 716 2207 2107 1904 1538 1966 813 2401 193 954 566 2204 1443 2063 1816 704 342 781 286 1954 1536 1592 2031
Route 39 : 367 120 150 742 1210 1370 1992 2460 1617 972 321 141 1400 493 2222 1571 604 638 1743 1391 331 1854 793 1581 1888 59 821 199 1309 575 1172 967 2071 1025 1449 140 2043 1825 593 1046 1390 2275 2217 1843 2296 2422
Route 40 : 1091 876 710 1215 2465 1163 2413 689 1960 1015 847 2126 815 1939 213 2097 418 2341 2065 1463 2265 1668 1073 2323
Route 41 : 879 396 712 644 30 1280 1646 2129 1894 1962 358 891 498 897 1608 99 2147 2141 1110 1349 1224 265 1748 1107 2474 1204 1515 2454 2360 2357 766 216 790 2016 670 960 1466 1920 2040 2210
Route 42 : 1038 221 817 2288 2067 1471 79 1016 52 758 563 324 2008 1302 1329 2266 878 1114 923 1574 1813 2173 863 101 2364 2113 2128 251 1351 596 1501 1846
Route 43 : 1141 267 899 1050 513 2391 849 2149 1029 2300 1763 11 1146 1517 1158 2396 2099 1261 2279 104 1354 544 14 423 1264 1019 1673 304 1554 1214 2408 2269 1794 507 1133 2464 802 72 2052 2383 1322 1757
Route 44 : 569 27 452 393 728 1819 1277 961 2211 1008 1037 1978 662 902 1643 1702 1912 188 2152 436 2258 694 168 2287 1686 1438 1944 1024 1418 224 2274 254 628 1474 228 1504 963 1878 2213 1478
Route 45 : 441 75 588 609 1691 47 1325 992 73 1297 1838 1168 109 1323 1359 1859 2242 2418 625 877 1875 434 198 118 2127 1684 149 1399 1368 904 461 1448 905 2154 2155 823 1711 2073
Route 46 : 485 1185 1735 2435 554 1804 620 250 1870 129 1500 1039 417 968 951 363 2289 1379 2218 1667 2201 1613 1123 1248 881 605 301 2498 2373 1855 2131 1551
Route 47 : 16 946 2196 1266 1193 1230 295 470 2480 200 1720 1450 126 486 2443 1545 720 350 487 1376 1970 743 956 1737 1736 974 1600 480 2206 473 2224 1993 1730 1723
Route 48 : 530 1780 25 226 650 1275 1900 1087 702 252 1476 932 266 1952 567 895 1516 2145 509 1817 1502 2337 2182 1183 339 550 1759 1800 1589 2433
Route 49 : 697 1007 2257 1094 779 163 814 2029 1947 2064 278 1413 2344 761 576 2011 203 671 1826 19 1528 1921 851 1453 559 401 1809 1269 2101 1651
Route 50 : 335 316 121 752 1093 1585 1566 1186 1212 446 2436 223 2002 83 2462 1696 1473 2343 1371 1333 1244 606 1021 535 10 2494 1785 656 533 1906 389 2271 1856 1639 1783 1260
Route 51 : 1144 380 822 6 624 302 2394 1055 1256 1552 1630 2072 377 2305 1070 1627 503 453 1874 61 455 725 2320 1703 1705 239 1121 1975 1753 2371 1311 354 607 1604 38 1857 998 1489 137 139 993 2248 532 1389 1288 1387 2243 1782
Route 52 : 991 204 368 2241 1454 1026 927 2276 970 46 769 2177 2019 1618 1191 1296 447 2220 714 1697 2441 784 1227 1964 2034 2477
Route 53 : 917 462 2167 794 1195 1078 2044 1171 1712 2445 2328 1118 497 2421 634 1884 1747 2368 1198 1181 208 2431 2448 1192 837 2442 2087 1139 1458 2389 338 87 1009 2259 1588 1337
Route 54 : 663 748 994 916 1238 502 2166 2488 2244 1913 1752 410 1998 444 1115 1660 1694 218 22 2365 195 237 1272 1487 1445 1468 349 1599 875 1080 936 1160 2330 1136 2186 2125 2410 2386
Route 55 : 518 792 537 1207 62 230 1787 362 1768 522 2042 1312 1612 549 2457 300 283 1772 296 1550 727 1480 1799 1533 887 2137 768 755 580 1546 2018 908 1830 2158 1977 1150 928 860 2178 2400 431 2005 1681 2110
Route 56 : 369 988 828 787 2238 733 1619 170 2078 247 2037 870 1497 1983 1420 861 298 2120 1548 920 2111 1105 534 1784 2170 2355 896 516 747 2146 1057 1766 2307 1997
Route 57 : 488 782 275 341 613 1738 457 2032 1525 1591 1863 1034 866 194 681 1707 647 1931 1444 85 586 2284 2116 1200 1836 1335 1897 2450 153 443 843 31 2093 1403 1693 523 1281 1773
Route 58 : 82 1113 1187 853 2363 1332 2437 2103 1097 2347 922 938 2188 508 2172 456 361 646 1140 1611 477 1706 2390 756 1758 1896 775 1727 2006 5 1036 166 2025 1416 1255 2286
Route 59 : 749 1241 464 1013 424 1714 2491 717 1674 2263 117 527 96 1367 1777 1999 437 726 1346 1967 1111 675 2361 1064 1976 1925 2314 1687 824 546 921 1132 482 1796 852 217 1732 695 2074 74 2171 2102 1467 1324 1945 2382
Route 60 : 1102 227 242 290 1492 1477 711 565 1540 2352 1815 1961 1058 867 2308 404 2117 577 1654 900 352 7 764 2150 1257 1602 2014 1827 158 1131 545 269 1408 2381 1519 1795 807 913 32 2163 2057 1282
Route 61 : 190 996 1245 241 54 1179 1304 2495 2246 1491 161 2429 1032 1411 561 590 371 1440 2282 81 678 1840 1811 1027 2277 1621 348 841 949 383 2091 698 1331 1598 2199 1928 1633 1948
Route 62 : 911 78 578 909 1328 2161 573 778 2159 29 1279 1823 2028 1828 491 688 1003 334 964 1741 661 2214 1938 1584 2253 264 850 399 1911 869 2100 1649 1514 2119
Route 63 : 475 123 185 34 318 1373 1725 611 1435 95 1284 1345 1568 848 1861 1127 192 1442 859 375 2098 2377 1625 315 1565 2109 1063 1156 886 1011 2136 474 2313 2406 2261 1724
Route 64 : 346 387 806 1596 1637 2056 986 2236 640 45 925 373 639 174 1890 1623 232 1424 107 1889 1295 2175 1482 1357
Route 65 : 651 692 1203 156 1942 1901 2453 616 844 1406 1000 2094 1866 143 521 280 1208 2458 1771 1393 2250 1530 40 598 666 392 1642 1916 257 1848 1290 467 382 1134 1632 364 1717 1614 1507 2384
Route 66 : 529 760 408 740 687 1779 1990 642 211 1658 2010 1213 732 1937 2463 124 965 1892 1982 1461 2215 167 738 1374 1169 344 1242 189 1988 67 2492 1594 2419 1439 1014 1417 181 212 1317 248 2264 21 1431 1462 381 791 1498 2041 1271 1631
Route 67 : 1053 1237 872 703 785 2122 2303 677 919 579 2169 2035 2487 148 1927 524 220 1829 520 1953 1398 495 142 1049 1470 347 1770 1597 1745 1392 2299 570 1166 1125 1774 135 1820 2416 1096 2375 329 1246 476 1385 1086 1579 2336 1726 2346 2496
Route 68 : 119 1369 1004 562 829 718 526 1968 1812 451 2254 1701 97 1776 1216 2079 1148 745 2398 1995 328 2466 1347 1235 635 763 1578 2013 2485 940 975 246 772 683 2225 2022 1885 1496 273 519 1933 1523 2190 1769
Route 69 : 1022 499 645 55 112 543 1749 1305 517 403 1793 240 1362 63 2272 256 1767 1895 1490 1653 912 1313 1506 943 2162 68 1103 2353 1318 673 2193 826 1923 592 406 1842 2076 409 1659 1656