Instance name : nyc-n2000-2
Authors       : Isaiah Reimer (isaiah.reimer@rideco.com). RideCo (rideco.com)
Date          : 2023-04-04
Reference     : Rideco PDPTW Solver
Solution
Route 1 : 58 899 56 158 101 242 1058 1101 894 190 1242 738 1158 1056 1190 1899 1738 1894 944 393 648 371 503 1371 1393 927 1503 946 1944 1927 798 1648 493 430 1798 787 1493 127 1946 314 1127 1430 1787 1314
Route 2 : 619 788 241 449 730 1619 838 1449 1788 1241 530 576 105 356 1730 1838 448 494 1530 1105 1356 1576 1494 754 1448 122 763 1754 98 1098 1122 1763
Route 3 : 912 410 266 780 515 1266 37 1780 221 1410 1037 1912 1515 1221 90 420 590 618 471 1590 519 1090 1519 92 357 1420 1471 1092 1618 279 1357 943 1279 1943
Route 4 : 703 968 639 473 1968 1639 1703 970 570 1473 773 201 955 89 1773 1201 296 1970 1570 400 793 1296 1955 139 499 1089 510 1139 1499 1793 637 451 1400 249 1510 115 1249 50 1637 1115 1451 784 598 890 433 1050 1890 1598 1433 1784
Route 5 : 655 212 755 548 482 1212 1755 1482 289 1548 701 764 1655 928 581 1701 1581 341 741 1764 1289 1741 1341 1928 373 552 725 626 831 64 1373 1725 1626 584 714 942 1831 1552 1584 1064 1942 197 1197 768 1714 1768
Route 6 : 419 545 125 1419 389 848 1545 1 1389 307 1125 1307 1001 777 189 1189 872 997 1848 267 1777 520 174 1997 39 1520 952 1174 1872 643 1267 1952 1039 1643 731 929 815 1731 1929 1815
Route 7 : 597 550 1597 142 923 919 1923 1142 1550 1919 719 265 269 1265 1719 15 518 1269 822 344 593 1344 1593 1518 1822 1015 45 729 382 1729 980 1045 1382 255 1980 1255
Route 8 : 736 709 559 409 1709 1559 1736 502 495 659 81 1409 629 75 1502 1075 135 1629 843 653 1495 1659 252 318 1252 1843 1081 1653 1135 897 640 893 187 1897 87 1640 1087 1318 1893 1187
Route 9 : 511 985 1511 290 331 775 1290 1331 320 80 1080 1985 1320 549 508 313 376 606 1775 1549 746 1508 589 1376 1746 1313 1606 340 1589 889 431 722 1340 1889 1722 1431 572 259 1259 1572
Route 10 : 28 839 861 256 966 1028 184 1861 1256 964 1839 374 716 1966 1374 1964 962 1184 308 325 1716 1308 1962 1325 778 150 78 1078 1778 116 63 93 327 1116 1150 1063 1093 1327
Route 11 : 734 1734 588 1588 66 981 1066 326 1326 277 427 478 692 1277 1427 1478 402 1692 945 824 1402 1981 246 171 1945 1824 911 1171 1246 862 529 1911 1529 1862
Route 12 : 688 454 811 392 1811 18 378 1018 294 683 1294 1378 1454 1688 522 1392 1683 1522 560 901 8 481 836 1008 429 1836 786 1481 1901 1786 1429 1560
Route 13 : 99 684 724 720 1684 565 1099 710 1720 247 1724 426 1710 1426 1565 702 1247 957 460 1957 1702 902 1460 958 417 1902 364 931 1417 1931 375 612 1958 42 1364 1375 1612 1042
Route 14 : 728 687 661 886 578 882 1886 532 1578 1687 1661 1728 1882 672 699 1532 677 1672 408 250 1699 1250 1677 324 43 860 1860 750 751 175 1408 1324 1751 1043 5 12 1750 423 1175 237 1237 1005 1012 1423
Route 15 : 607 915 1607 1915 769 658 1769 439 1439 339 587 203 206 1587 632 1658 1203 1632 1206 1339 682 963 1682 561 1963 1561
Route 16 : 960 562 111 216 1562 1216 1960 1111 17 1017 347 1347 491 717 1717 229 1491 592 323 329 492 1229 469 1592 1323 686 1469 617 94 1492 1686 1329 1617 310 432 359 205 1310 541 1359 1432 1541 1205 1094
Route 17 : 84 884 1884 477 1084 13 1013 270 486 1477 711 1270 796 1486 634 396 1796 1396 1711 999 60 412 540 1634 1999 1060 461 1540 553 1412 1461 1553
Route 18 : 525 160 405 979 691 1525 855 207 1855 675 1979 580 1160 1207 163 1691 1580 1405 1163 808 1808 903 1675 276 959 969 1903 1276 708 404 1959 1969 806 1708 631 1404 1806 1631
Route 19 : 771 4 531 938 1531 1000 1004 1938 1771 850 571 253 1850 630 1571 825 1253 485 2000 652 1630 1825 1485 1652 200 453 328 138 505 1200 1328 663 1505 1453 1138 613 54 797 967 1663 1797 1054 1967 1613
Route 20 : 348 447 760 149 401 1348 513 696 1149 1513 418 852 1401 1696 1447 1418 1760 14 622 765 1014 1622 230 1852 937 1765 1937 1230
Route 21 : 871 841 152 1841 564 1871 1564 1152 875 204 633 501 1204 1633 1875 1501 624 514 828 577 676 1514 1828 336 1577 1676 1624 463 30 563 1336 1563 1030 1463
Route 22 : 468 148 998 867 601 1468 414 1414 358 1867 1148 1998 489 68 444 1489 19 176 1601 1444 222 315 1019 1068 802 1802 1176 156 169 1169 557 972 1222 864 1864 813 1156 1315 1972 1557 908 311 1908 666 747 1358 1813 1311 1666 1747
Route 23 : 983 823 827 774 512 1983 1827 1512 1774 2 1823 1002 352 421 335 954 153 1352 1335 1954 1153 1421 727 585 411 1411 16 106 362 498 1585 1016 693 528 1362 211 1727 1498 55 88 1528 1693 1211 917 984 1088 1055 1106 1984 1917
Route 24 : 753 361 713 1753 1713 1361 397 76 547 82 1076 413 173 1397 1082 1547 1173 1413 110 524 758 543 566 334 1110 1524 1566 892 1543 568 1758 1334 1568 1892 354 623 752 67 1354 1067 1623 1752
Route 25 : 424 7 842 533 1533 1007 1424 1842 337 1337 555 651 186 11 1555 1651 263 1011 126 1186 542 131 1542 1126 737 1263 1131 476 1737 1476
Route 26 : 976 995 274 1274 1995 1976 974 635 1635 965 638 1974 1965 863 1638 239 143 61 1239 1143 470 385 1061 1470 305 1385 1305 1863 278 83 1083 1278
Route 27 : 298 288 1288 1298 866 869 44 422 164 994 1164 1044 140 1869 1994 1866 1422 1140 41 459 282 345 1459 792 1041 1345 1282 309 910 185 1309 1792 484 1185 1484 388 1910 1388
Route 28 : 546 847 849 108 1546 800 1800 180 986 1108 1849 1847 137 926 1986 161 1180 516 1137 146 837 1161 1837 1516 1926 1146 669 611 235 1669 936 1235 1611 1936
Route 29 : 616 766 853 47 1047 1616 574 830 992 467 1853 1766 1467 1830 776 380 136 1574 168 1380 1992 1776 1136 534 1168 271 1534 789 120 1120 1271 474 1789 3 922 1474 636 1003 582 129 293 1293 1636 1129 1922 1582
Route 30 : 759 198 554 1759 1198 1554 706 649 95 191 660 103 1706 316 1095 1191 1103 1649 1316 1660 428 490 128 479 1128 1490 284 1479 1428 604 1604 1284 488 1488 220 993 859 391 369 240 1859 1993 1391 1369 25 1220 1240 1025
Route 31 : 953 228 113 243 1243 181 1953 791 1228 1113 947 795 1795 1791 1947 1181 394 483 248 475 704 350 1483 1475 1248 898 1704 733 1394 600 1350 1733 178 1600 1898 1178
Route 32 : 783 668 987 1987 1783 1668 594 1594 721 1721 141 218 726 978 1141 177 678 1978 645 1726 6 695 1218 1678 1645 1177 538 202 1202 1538 360 1006 756 1695 1360 1756
Route 33 : 194 147 705 527 918 779 1918 22 1779 1527 1194 452 625 865 1022 1147 1705 1865 1452 1625 245 52 877 1245 351 977 1877 1052 1977 743 1351 1743 973 991 1991 1973
Route 34 : 214 500 102 458 170 1214 891 1500 1102 343 920 1458 856 1170 86 1343 1856 1920 1086 1891 264 258 689 368 157 1689 1264 1258 1368 934 1934 757 291 770 1757 1291 1770 1157
Route 35 : 384 854 742 234 1384 1234 723 1742 1854 567 295 762 1567 85 1723 1762 210 1295 1085 539 1539 74 657 1210 77 1657 1077 1074
Route 36 : 971 700 280 521 1971 1700 213 826 556 1556 1826 317 333 940 1280 544 1521 1213 1544 1333 1940 472 1317 287 1472 1287 679 916 1679 665 596 1916 21 810 905 1665 1810 1905 1021 1596
Route 37 : 455 438 664 372 1664 1372 1438 1455 996 114 1996 951 112 614 353 1114 1112 1614 71 1353 1951 236 57 332 27 1332 1027 1236 1057 1071
Route 38 : 195 851 91 395 1851 321 670 1195 69 1321 735 1395 462 1670 1069 1091 1735 29 1462 1029 342 370 1370 605 857 1342 1857 1605 809 1809 123 1123
Route 39 : 698 924 507 599 134 1599 1698 1134 1924 436 818 812 53 1507 33 1053 73 840 1033 1436 199 1073 1812 1818 1840 154 1199 440 933 1154 914 1440 509 1914 1933 1509
Route 40 : 794 151 504 874 301 602 1874 1151 1301 387 132 739 1739 1387 1794 1602 644 1504 262 24 1132 1262 1024 223 814 1814 1223 1644 225 217 497 1217 961 1225 1497 586 96 506 398 1506 1586 1961 1096 1398
Route 41 : 465 363 712 1465 1363 646 121 907 1712 1907 1121 124 297 302 1297 1646 1124 1302 292 732 868 1732 107 1868 285 406 1292 608 1285 537 1608 858 1107 1537 1406 1858
Route 42 : 59 330 130 119 654 1654 1130 1119 1059 1330 832 761 1832 1761 437 1437 162 595 610 273 1162 1273 1595 188 609 870 1610 829 1609 1188 558 46 104 1046 1829 1104 1558 1870
Route 43 : 551 425 820 885 1551 904 1820 1885 377 1425 982 366 1982 383 1377 381 133 1366 1904 1383 1381 1133 349 1349 446 621 196 1621 1446 303 673 1196 1673 1303
Route 44 : 591 226 748 260 799 1591 921 896 1799 304 1260 641 1896 1226 816 949 1748 1949 1921 1641 1816 1304 573 238 257 1573 1238 172 535 1257 1172 1535 895 118 1895 1118
Route 45 : 20 9 407 390 35 846 1407 990 1390 1020 1035 1009 49 379 1990 785 1785 272 1379 1049 1846 306 416 209 833 1209 718 1306 312 819 1272 283 1416 1833 749 772 1283 1819 1718 1749 1312 1772
Route 46 : 40 690 1040 496 435 1690 456 1435 155 1496 442 1456 879 1155 517 1879 1517 65 1442 355 876 1065 179 1876 1355 51 989 1179 1989 1051
Route 47 : 183 697 281 603 31 628 1183 1697 740 1628 1740 1281 299 159 1031 166 319 1603 1159 1299 62 117 1166 1062 880 215 1880 1215 1319 1117 803 1803 275 254 367 1254 1367 1275
Route 48 : 715 251 38 1715 232 193 1251 1232 883 526 1038 674 1526 1883 1193 231 1674 145 694 1694 1231 767 1145 805 817 1767 244 1244 1817 1805
Route 49 : 620 781 182 680 10 873 1182 441 1620 1873 1781 1010 804 457 1680 1804 1441 1457 480 23 450 1450 300 1023 1480 888 445 1300 932 1888 1445 286 208 1932 415 167 615 1615 1208 1415 1286 1167
Route 50 : 930 443 34 941 1941 939 1930 1034 935 1443 913 403 399 790 1939 1935 1790 233 1399 835 1233 1403 1835 667 1913 523 909 707 1909 650 744 1707 821 1523 1821 1650 1744 1667 466 1466
Route 51 : 887 268 575 536 1268 464 782 1782 1536 975 1575 1464 878 1887 681 224 1224 1878 1975 36 1036 434 900 1681 685 1900 1434 144 956 165 1685 656 950 365 1956 1144 487 1365 1165 1656 1950 1487
Route 52 : 801 807 948 745 100 1801 1948 1807 261 627 322 1100 97 1261 1745 845 569 647 1322 1627 48 1097 662 1845 1569 1647 1048 906 834 579 70 1906 32 1662 1070 1032 1579 1834 844 1844
Route 53 : 26 227 72 219 881 109 1072 988 1227 1219 1881 346 192 79 1079 1346 1109 1026 1988 1192 583 642 386 1642 671 1386 1671 1583 925 338 1925 1338
