Instance name : nyc-n400-4
Authors       : Isaiah Reimer (isaiah.reimer@rideco.com). RideCo (rideco.com)
Date          : 2023-04-01
Reference     : Rideco PDPTW Solver
Solution
Route 1 : 109 110 5 56 153 79 256 192 392 205 309 353 310 22 279 50 105 305 222 250 160 21 191 68 360 391 11 146 63 221 62 211 262 268 263 7 54 207 346 254 47 148 84 247 284 107 159 307 155 359 348 74 274 355 97 57 162 257 29 297 229 362
Route 2 : 118 163 318 89 289 65 55 255 265 363 23 91 197 291 223 397 199 195 70 9 173 270 395 209 186 24 373 106 224 306 193 399 386 393
Route 3 : 169 198 180 398 369 26 380 75 60 116 92 100 275 226 260 316 300 164 292 6 18 125 206 364 53 325 19 218 253 219 34 4 204 161 117 10 234 44 317 361 210 145 345 166 244 35 366 139 59 67 235 339 267 259
Route 4 : 175 95 72 272 295 375 129 168 111 151 329 43 311 351 243 179 177 368 379 13 42 242 200 400 85 213 142 115 119 285 103 303 377 342 315 196 128 46 12 319 246 189 396 212 389 150 112 328 350 122 51 322 20 220 77 251 194 134 132 312 334 83 332 152 394 283 352 277
Route 5 : 45 101 140 245 37 340 301 17 76 217 237 276 15 181 73 215 113 170 123 33 273 313 187 184 381 387 176 323 370 233 138 30 376 384 90 39 338 98 230 239 25 298 225 87 96 178 287 290 120 296 320 124 28 378 182 2 324 165 202 190 382 228 154 365 354 390
Route 6 : 94 58 130 27 81 80 227 330 281 280 88 3 258 49 288 294 157 249 203 99 32 299 232 183 357 71 69 383 8 41 271 93 269 208 293 241 82 158 36 236 282 149 48 144 358 349 172 102 302 344 248 372
Route 7 : 156 108 143 356 86 61 121 343 16 171 216 308 286 321 371 261 14 136 64 174 264 167 367 374 52 126 336 214 252 188 147 131 347 326 388 331 133 127 135 327 185 335 114 385 333 314 78 66 137 31 266 1 337 278 104 201 38 141 231 341 40 304 240 238
