Instance name:    nyc-n400-1
Authors:          Dmitriy Churilov (churilov@advantum.pro), Alexander Galko. Advantum Routing System (advantum.ru/route)
Date:             2025-04-02
Reference:        Advantum Routing System, advantum.ru/route
Solution
Route 1 : 172 85 83 93 285 189 283 372 293 389 15 215 22 145 122 99 178 222 345 57 322 299 146 17 378 257 217 346
Route 2 : 155 151 355 77 194 394 124 183 351 121 277 383 321 324 173 197 373 137 179 127 337 397 45 379 245 327
Route 3 : 181 87 381 287 54 152 254 352 143 343 82 282 144 344
Route 4 : 16 31 29 142 134 216 231 200 229 86 342 334 9 400 2 286 10 101 209 135 210 202 301 335 149 182 168 25 368 133 349 72 382 225 4 107 272 333 307 204
Route 5 : 66 156 39 18 154 354 41 180 239 218 356 266 241 380 12 90 38 184 212 290 132 384 238 117 332 28 59 228 166 317 259 19 219 366
Route 6 : 79 23 108 1 112 308 201 279 47 46 223 312 36 236 187 246 247 387 33 94 196 163 27 363 396 233 294 37 227 114 314 186 7 237 35 207 235 386
Route 7 : 190 136 5 120 390 320 116 193 336 316 205 115 165 393 73 315 365 273 171 130 49 249 371 330 56 95 256 295
Route 8 : 164 43 199 243 69 24 269 364 118 399 224 81 318 68 109 281 65 268 44 309 244 67 175 71 265 148 271 119 167 375 267 348 367 319
Route 9 : 188 388 102 302 128 32 147 14 232 328 347 6 30 214 103 111 206 42 34 230 96 303 234 242 311 20 150 296 138 220 350 185 84 53 385 338 153 253 284 353
Route 10 : 64 63 60 158 260 74 264 159 274 263 358 359 123 97 195 395 297 62 174 323 75 275 162 374 125 362 325 262
Route 11 : 106 58 306 258 113 110 26 313 310 226 140 11 98 211 169 340 40 298 170 91 369 240 370 139 48 339 291 248
Route 12 : 141 3 176 104 8 341 80 105 304 50 203 376 250 208 305 280 78 100 157 300 70 161 270 129 278 361 51 357 131 251 329 52 331 252
Route 13 : 177 76 13 276 377 61 191 213 261 391 92 160 55 292 360 255 21 126 198 221 89 398 192 326 392 289 88 288
