Instance name:	nyc-n1500-3
Authors:		Carlo Sartori and Luciana Buriol
Date:			2019-2-11
Reference:		A matheuristic approach to the PDPTW (to be submitted)
Solution
Route 1 : 482 100 565 432 636 700 1232 850 1386 1450 1182 210 703 449 1315 677 960 1199 29 630 1427 699 1453 288 779 77 1038 1449 150 164 900 1380 308 914 86 407 1157 836 1058 827
Route 2 : 277 445 502 1195 522 1272 1027 7 1252 724 311 294 757 211 1474 961 403 719 1061 302 430 503 1153 529 1044 1279 435 1180 1469 1052 524 1253 563 535 1313 1274 1185 146 560 1310 189 1285 162 650 939 912 896 1400
Route 3 : 80 121 297 273 721 1047 1023 1471 830 434 1184 226 976 871 96 439 489 102 203 846 1239 852 110 47 383 953 746 1189 672 797 1133 860 427 1422 1496 731 1481 1177
Route 4 : 360 214 170 352 412 964 920 1110 1162 1102 404 660 347 1097 1410 491 1154 546 394 1241 730 5 1144 231 22 1296 772 981 245 428 1480 256 995 755 229 419 1006 1178 1169 979
Route 5 : 402 278 468 1152 333 1083 473 24 223 1218 97 973 1223 1028 659 774 1409 847 540 584 1290 1334 142 626 892 1376
Route 6 : 492 244 21 517 1267 994 1242 733 771 132 882 90 270 1483 840 1020 747 541 85 516 1266 835 1497 12 1291 193 701 762 335 14 943 696 1451 391 764 1446 1141 1085
Route 7 : 567 509 504 500 1254 483 1250 274 305 518 1024 1268 156 1055 1233 1259 1317 906 63 43 495 362 813 595 793 549 364 1114 1245 1299 1345 1112
Route 8 : 545 56 258 470 1220 806 1008 552 654 217 1295 608 1404 152 281 967 1358 1302 11 133 237 1031 902 190 396 1146 883 987 624 761 940 1374
Route 9 : 426 628 1176 1378 722 1472 78 737 51 828 332 801 1082 1487 692 160 689 641 1439 450 1442 202 1391 178 285 910 928 1200 952 1035
Route 10 : 673 301 665 544 580 1330 1415 26 73 1423 1294 776 1051 823 145 334 331 499 1081 895 1084 106 572 1249 599 1322 856 675 369 1119 1349 1425 463 338 144 1213 894 1088
Route 11 : 342 508 536 114 199 1092 179 949 250 1258 166 1286 38 1000 929 573 864 788 1323 916 113 669 128 511 1419 494 878 697 1447 1261 1244 36 602 375 642 1352 863 739 786 1125 1489 1392
Route 12 : 355 1105 345 1095 683 1433 141 891 718 309 685 457 1435 1059 1468 330 397 392 1207 1080 1147 1142
Route 13 : 657 714 39 75 825 447 425 1407 232 118 789 176 1464 1197 173 1175 923 982 108 745 204 926 868 858 1495 340 138 16 66 954 766 816 888 631 1090 1381 230 293 980 1043
Route 14 : 122 70 872 820 627 555 1377 680 30 411 744 1430 1161 780 252 469 1305 1219 592 1494 1002 23 1342 185 240 120 990 662 870 773 1412 935
Route 15 : 304 350 454 577 743 1054 693 1100 715 1204 1443 1493 687 681 1465 1431 1437 557 1327 663 265 1307 1413 728 219 279 1015 290 1478 969 1040 1029
Route 16 : 224 158 74 322 974 908 558 356 238 824 420 1072 201 1170 988 951 1106 605 1308 400 1355 196 1150 946 212 585 561 318 711 1461 1311 1335 1068 962
Route 17 : 648 671 601 410 316 1398 666 50 1160 1351 1421 280 1416 800 542 505 1066 656 134 1255 49 799 1292 1 884 1030 37 1406 751 787
Route 18 : 614 658 1364 1408 401 209 616 436 1151 227 1366 366 959 477 1116 977 351 139 1186 720 1101 1470 1227 484 363 889 1234 207 399 235 1113 957 1149 985
Route 19 : 652 496 69 236 174 506 1246 323 986 547 819 381 1402 1073 510 534 924 413 1256 1297 163 1163 372 1131 1260 593 913 1122 1284 243 300 1343 717 993 1050 1467
Route 20 : 315 79 620 1065 200 1370 10 829 248 239 998 760 950 702 28 112 1452 639 989 862 1389 646 286 778 325 384 1134 1036 1396 1075
Route 21 : 589 31 634 266 472 1339 1384 649 781 101 1222 851 1016 1399 443 386 177 424 1136 927 324 254 1174 1193 385 1004 71 262 1135 527 1012 343 1074 1093 821 1277
Route 22 : 676 267 98 234 479 655 1017 1405 1426 1229 725 984 313 276 622 848 421 1372 1475 1171 1063 694 521 1026 738 1444 1271 533 1488 249 1283 180 930 999
Route 23 : 255 629 476 415 1005 1379 175 441 640 1165 55 1191 925 1390 1226 643 389 805 579 578 1393 1139 603 1328 594 1329 716 1353 92 1466 1344 64 168 221 842 814 918 971
Route 24 : 618 487 379 147 1368 184 431 667 1181 456 1129 897 1237 1206 934 1417 442 1192 346 337 165 339 1096 712 48 1089 915 1462 1087 376 798 314 1126 734 225 167 551 975 1301 1064 1484 917
Route 25 : 357 564 528 68 405 1155 464 1278 124 1107 818 341 874 1091 182 1314 303 9 408 664 1214 638 1158 107 1388 1414 759 932 1053 257 537 130 1287 857 1007 880
Route 26 : 462 321 359 329 1109 1212 1079 187 1071 651 937 446 695 1401 1196 1445 81 583 148 1333 831 562 519 898 591 1312 1341 607 554 1357 1304 1269
Route 27 : 60 105 604 8 855 222 810 194 1354 581 972 275 944 758 192 1025 942 1331 598 135 116 637 480 885 1387 866 1348 1230
Route 28 : 25 597 726 698 83 750 775 1448 1500 259 206 613 956 1347 625 740 833 1476 1363 1009 1375 99 705 453 732 849 1455 497 1490 1203 3 753 1482 104 451 854 27 1201 1247 777
Route 29 : 373 261 1011 62 296 13 1046 763 812 588 188 1338 938 1123 515 153 317 706 136 1265 319 886 1456 1069 1067 903 471 246 996 1221
Route 30 : 349 191 741 129 1099 941 172 353 574 556 1491 1103 879 326 1324 242 292 1306 922 336 992 1076 1086 448 538 452 465 358 1288 1202 1215 1042 1198 1108
Route 31 : 88 418 1168 600 838 1350 371 1121 58 40 370 808 54 1120 804 619 272 790 606 260 569 94 1369 354 844 1319 481 1356 1022 1010 1104 1231
Route 32 : 157 633 390 679 271 1383 1140 907 623 291 1429 111 159 861 198 1041 1021 948 208 1373 909 284 958 17 570 253 1034 263 767 1320 1013 93 843 1003
Route 33 : 393 213 1143 287 963 1037 41 388 548 525 1138 1298 1275 437 729 791 328 283 1078 1187 1479 361 216 553 1033 1111 89 423 1173 839 1303 374 440 966 65 1190 1124 815
Route 34 : 131 289 15 539 644 1394 123 873 1039 749 765 881 632 1289 686 1436 1499 1382 310 91 668 1060 87 368 841 1418 438 380 723 119 1188 1473 653 1118 869 1130 837 195 52 543 1293 1403 802 945
Route 35 : 125 140 875 707 459 429 416 1179 1166 1209 1457 550 890 251 611 513 1001 571 1361 1300 1263 365 532 1115 568 1321 1282 647 474 84 76 1318 1224 834 826 1397
Route 36 : 684 514 268 1434 433 1264 610 241 991 1183 155 1018 1360 727 197 1477 905 947 645 298 46 233 61 1395 1048 455 2 796 1205 752 811 983
Route 37 : 151 490 95 901 845 1240 269 320 137 621 887 1371 1019 422 45 1070 169 1172 395 795 919 1145 57 530 20 807 770 1280
Route 38 : 559 670 493 1420 115 678 1309 590 1340 1428 865 1243 612 33 34 690 72 1362 576 784 822 783 1440 582 1326 1332
Route 39 : 67 461 398 817 587 348 742 691 1492 1337 1098 1148 1441 478 1211 378 126 1228 205 367 1128 154 876 566 682 1316 32 1117 904 782 955 103 1432 853
Route 40 : 117 661 220 970 867 498 1248 1411 382 1132 486 186 615 312 710 1062 1460 936 6 1236 485 344 1365 247 1094 327 713 1235 756 19 488 1238 1077 769 1463 997
Route 41 : 149 387 417 1167 1137 899 44 794 575 377 1127 4 1325 282 82 754 832 1032
Route 42 : 674 59 531 609 1424 1281 475 523 809 1273 1359 1225 467 1217 520 18 1270 406 53 171 414 803 183 1156 127 1164 921 933 877 768
Route 43 : 501 512 596 444 617 1346 109 1194 1251 143 736 1262 1367 735 893 215 1486 635 859 704 409 264 1454 181 1485 931 1014 1385 1159 965
Route 44 : 218 466 688 1438 42 1216 35 307 228 968 1057 748 526 785 306 1276 792 978 295 458 161 299 911 460 1056 1045 709 1208 1049 1498 708 507 1210 586 1458 1459 1336 1257
