Instance name : nyc-n4000-5
Authors       : Isaiah Reimer (isaiah.reimer@rideco.com). RideCo (rideco.com)
Date          : 2023-03-21
Reference     : Rideco PDPTW Solver
Solution
Route 1 : 1368 1031 1653 224 403 3031 2224 2403 380 3368 3653 1434 3434 2380 41 373 1767 32 2373 2032 2041 3767 1479 180 721 3479 1132 2721 450 2180 1478 2450 3132 3478 884 1886 333 3886 2884 2333 1873 1276 443 196 3873 2196 3276 2443 1226 1524 3226 3524
Route 2 : 1830 840 3830 2840 1033 3033 1048 345 1204 1667 1157 2345 3048 3204 3667 1298 3157 223 559 774 3298 2223 2559 2774 1796 3796 1912 1890 296 3890 2296 3912 1722 780 1602 560 3722 2780 507 2560 670 809 3602 959 2507 2670 2959 2809 1668 1906 3668 135 3906 2135 1868 3868
Route 3 : 1457 1470 973 3457 2973 268 1410 1405 623 3470 2623 3410 2268 3405 1307 1954 1092 3307 3092 1097 3954 1849 3097 1764 3849 984 1441 3764 811 951 3441 2984 2951 2811 1464 855 80 2855 2080 842 3464 1021 1721 2842 3021 1644 242 3721 101 2242 2101 5 3644 720 611 701 2720 830 2005 399 2611 2701 2830 140 1032 2399 3032 2140
Route 4 : 417 208 574 108 2417 2208 2574 1535 458 2108 468 1287 2458 2468 1134 1229 3287 3229 1333 3535 259 1787 2259 3134 3333 1952 3952 3787 641 290 1427 2641 2290 3427 147 795 1532 1242 936 2795 2147 2936 3532 3242 1465 1596 3596 34 636 2636 3465 791 2034 97 2791 2097
Route 5 : 1776 1802 3776 298 330 1763 2330 1159 3802 382 2298 2382 3159 3763 1178 775 1303 585 554 2775 2585 3178 3303 2554 1766 1847 1266 3766 1199 3199 1322 3847 3266 3322 1010 3010 1610 658 1058 772 3610 3058 1837 2658 2772 3837 474 1418 991 2474 1091 2991 3418 3091 1095 1829 1570 1371 3095 3829 3570 654 2654 3371
Route 6 : 66 1240 459 1939 3240 211 3939 2459 885 2885 2066 2211 1680 3680 349 697 1812 2349 3812 454 2697 1948 79 3948 2454 85 2085 2079 59 1797 1196 6 3196 895 2006 3797 2059 2895 1279 3279 258 1118 2258 1600 3118 613 3600 104 2613 1831 2104 3831 1709 3709 68 1889 1608 2068 926 3608 3889 154 2926 2154
Route 7 : 1049 1114 3049 3114 609 1792 497 3792 1924 2497 1102 2609 1077 3102 3924 3077 1945 1475 3475 857 2857 1116 3945 3116 106 1719 639 1056 982 2106 3056 2639 3719 214 2982 481 1321 2214 1237 3321 1520 1474 2481 676 3474 3520 3237 2676 1624 799 2799 3624
Route 8 : 804 2804 340 1650 1375 723 1104 2340 1979 3650 3104 2723 3375 11 1789 882 3789 2011 2882 786 3979 2786 581 2581 1618 1565 1692 1920 3618 31 170 2170 127 3565 3692 1346 3920 2031 3346 555 2127 2555 1365 3365 1477 3477 557 1176 3176 1381 2557 56 1960 3960 1616 2056 3381 3616
Route 9 : 1210 788 3210 1551 3551 869 2788 954 1507 2869 2954 1423 687 3507 311 2311 1328 2687 3423 3328 1300 1771 3300 675 1625 36 2675 1835 2036 3625 3835 3771 53 1946 2053 1373 1762 3946 492 796 3373 1688 2492 1971 2796 3971 3762 3688 1851 9 1887 3851 2009 3887
Route 10 : 1718 1549 1911 3549 746 3718 3911 1130 1424 2746 3424 3130 1384 633 478 2633 3384 1982 3982 1826 1447 2478 1421 3826 3447 3421 943 472 2943 932 756 2932 952 2952 2472 2756 1950 1990 3990 1594 3950 1054 3054 1107 3594 1896 565 3107 1723 3896 2565 469 3723 2469
Route 11 : 1285 1498 480 3285 2480 582 1336 253 2582 3498 3336 2253 1843 3843 521 1502 2521 363 1626 760 1779 3502 2363 2760 453 1508 2453 3626 3508 3779 802 1951 958 3951 2802 1655 205 700 322 2205 2958 2700 3655 2322 1567 1265 3567 91 556 1547 3265 2091 3547 2556 1852 3852 1785 3785
Route 12 : 1577 1041 3577 966 1053 1557 3041 3557 2966 579 3053 2579 410 1349 193 691 2193 3349 2691 2410 1407 65 1881 1311 3407 3881 3311 679 1149 2065 2679 374 395 1209 3149 3209 78 2374 44 1604 2395 2078 2044 233 3604 1359 1695 2233 3359 1679 3695 337 3679 2337 852 372 360 2852 2372 2360 391 1241 324 2391 1513 3241 1435 2324 3435 3513
Route 13 : 249 1730 1612 1487 1186 1330 3612 2249 3730 3487 3330 3186 429 1044 1774 3044 2429 3774 1205 1192 813 1369 2813 3205 3192 948 257 3369 186 2186 2948 2257 1448 500 3448 2500 743 132 2743 1443 3443 1899 662 2132 3899 25 2025 2662
Route 14 : 174 98 1501 2098 3501 1708 1301 2174 1974 3301 390 3974 3708 343 1579 1645 2390 1109 2343 3109 3579 1732 1327 3645 231 3732 2231 1236 1318 3327 112 3318 3236 2112 1180 909 677 1987 2677 1564 3564 2909 1775 3987 1964 1863 3775 3964 3863 1488 1822 1869 3822 3488 3869 3180
Route 15 : 237 487 16 1959 377 2237 3959 2487 2016 1607 2377 1842 3607 812 3842 1063 733 2812 2733 3063 1958 3958 937 1846 1861 1150 2937 3150 3861 3846 719 278 1262 910 2278 2719 2910 3262 1343 1784 1573 3343 3784 364 3573 457 2364 1558 313 2457 1581 3581 965 2313 2965 3558 1257 572 3257 1888 2572 3888 234 2234 1264 536 1540 3264 2536 3540
Route 16 : 33 94 1525 2033 752 628 2094 3525 1994 2752 2628 3994 1068 103 3068 1665 1121 2103 3665 1754 3121 1086 3754 622 20 1455 2622 1884 2020 754 3455 900 3086 2900 2754 3884 1916 684 1248 197 3916 2684 1148 1281 3148 3281 131 2197 3248 1536 2131 3536
Route 17 : 1531 1020 1591 3020 3531 1047 3591 1141 1189 201 3047 3189 2201 3141 222 1364 783 2783 3364 1105 2222 505 2505 488 3105 2488 1528 1853 1533 3528 3533 3853 1544 460 1506 3544 2460 3506 1727 3727 134 1813 2134 501 3813 1801 1003 2501 1747 304 3003 3801 1548 3747 2304 1676 3548 1683 3676 3683 144 561 975 2144 2561 2975 897 2897
Route 18 : 1426 1731 427 3731 12 3426 602 2012 2427 1996 1664 2602 1073 192 3996 1984 3073 2192 997 1832 3984 3832 400 2997 2400 3664 1127 698 1696 3127 402 1293 2698 2402 854 3293 3696 176 2854 819 188 2176 758 2188 1553 2819 1388 3553 1811 3388 2758 3811 118 1174 2118 3174
Route 19 : 1574 287 815 3574 2287 678 689 683 2689 2815 425 2678 1 2683 2425 2001 769 228 2228 50 1660 2769 616 255 2616 2050 3660 309 2255 1874 1402 2309 263 3402 3874 2263 920 277 1735 2920 729 3735 354 2729 2277 1312 3312 1153 100 2354 493 1505 3505 2100 1231 2493 3153 3231 1442 645 1283 3442 610 598 2645 2598 3283 2610
Route 20 : 1725 14 325 2014 2325 3725 341 1067 282 172 2282 2341 2172 3067 212 1002 1593 1197 2212 3197 833 1821 2833 3002 3593 1396 3821 1700 3396 673 1356 3700 682 164 2673 2164 148 1335 2682 3356 1687 2148 1290 1823 3687 3335 3290 3823 527 824 1957 3957 303 2303 1810 2824 3810 2527 43 1947 2043 3947
Route 21 : 1689 711 3689 607 2607 879 2879 2711 1854 1928 3854 3928 499 798 1008 2798 3008 2499 1530 1937 3530 1016 3016 3937 1592 1123 269 976 3123 1034 2269 3034 2976 3592 615 759 2615 441 1805 2441 1756 2759 761 3805 2761 3756 1824 516 1129 3824 2516 3129 1910 3910
Route 22 : 75 2075 618 625 2618 766 1800 1595 3800 166 2625 3595 2766 1931 2166 692 3931 2692 21 1351 215 84 2215 3351 2021 1445 2084 3445 1397 1561 3561 881 3397 1816 2881 149 109 3816 344 2109 2149 2344 531 35 1326 2035 3326 917 995 1339 2531 3339 2995 2917
Route 23 : 276 1804 1745 1631 794 3745 1195 2794 2276 3631 89 3195 929 2089 2929 216 1759 905 3804 3759 2905 2216 634 1578 1245 3578 432 2634 988 115 2988 421 3245 1324 2432 2421 3324 2115 1111 146 1404 1497 892 3404 2146 3497 3111 2892 302 963 2963 996 2302 1992 2996 938 130 3992 784 2130 2938 483 2784 773 2773 2483
Route 24 : 1744 1139 331 1451 3744 3451 3139 1201 2331 265 3201 874 2265 1390 1955 2874 1656 552 3390 117 3955 3656 2117 2552 967 57 545 1219 2967 2057 229 2545 880 295 2880 2229 3219 2295 1902 312 3902 1914 1614 279 3614 987 2312 649 3914 2649 2279 2987 577 1757 2577 1933 3757 102 2102 3933 332 2332
Route 25 : 274 2274 1995 3995 1988 3988 1726 3726 1770 519 171 3770 2171 2519 1206 1125 648 3125 3206 1267 2648 820 2820 619 1909 275 3909 1271 1809 2275 2619 3809 3267 123 262 3271 2262 2123 511 178 415 2178 2511 2415 1633 3633 1454 839 3454 807 283 2807 2283 2839 1372 542 3372 2542
Route 26 : 61 1755 1993 2061 167 2167 3755 3993 1857 1222 3222 1703 52 3857 439 3703 397 1252 2052 2439 2397 1463 3252 1075 1634 3634 715 1403 3463 1963 3403 3075 2715 3963 901 1956 3956 2901 739 1387 848 1419 1673 3387 2848 2739 1605 3419 3673 1429 3605 3429 1001 3001 1413 696 1400 1316 3413 1808 3808 1294 3400 3316 2696 859 2859 3294
Route 27 : 1414 87 732 3414 2087 570 2732 361 2570 1973 3973 2361 1363 1702 3702 1693 3363 825 1376 471 3693 2825 1694 3376 612 2471 814 2612 46 3694 1691 3691 2814 2046 210 569 1172 755 2210 1076 1227 2569 3076 2755 906 3172 727 2906 1717 3227 1306 3717 3306 2727
Route 28 : 292 71 2292 1011 2071 3011 1146 1712 939 2939 3712 3146 643 2643 1120 1652 3120 1494 3652 785 3494 2785 1181 1436 3436 1542 3542 3181 660 1815 2660 1057 1065 3815 3065 422 747 1566 3057 1758 466 2747 3566 3758 2422 2466
Route 29 : 393 1147 1338 447 204 3147 2447 2393 2204 934 3338 2934 456 870 412 2870 2456 2412 942 1190 2942 3190 1485 1355 484 3355 2484 1649 352 1817 3485 2352 790 3649 1582 767 3817 2790 1398 3582 2767 1392 401 3398 2401 875 528 3392 2875 640 2528 2640 1106 599 946 1119 735 2599 2946 3106 2735 3119
Route 30 : 978 1213 1599 2978 3213 486 1752 3599 2486 226 1166 3752 744 2226 3166 1575 2744 1354 3575 3354 1905 694 139 1998 2694 3905 1269 550 3998 2139 3269 2550 502 107 305 2502 1572 2305 3572 221 1790 2107 423 2221 158 3790 124 2423 2158 621 2621 1622 2124 803 3622 435 111 280 2803 539 2435 2280 2539 2111
Route 31 : 418 695 705 2418 2695 133 1584 1635 1975 2705 3635 3975 2133 19 1112 3584 768 2768 206 2019 3112 2206 1165 749 1059 385 3165 2749 2385 3059 1030 1791 3030 1249 1325 3791 924 3249 1841 3325 2924 3841 22 73 2022 770 1103 573 3103 365 2073 2573 2770 179 2365 1482 1799 2179 3482 1142 1024 3799 218 3024 2218 370 2370 3142 1211 1537 1471 1961 3211 3961 3471 3537
Route 32 : 1052 1309 1098 1903 3052 964 3098 3903 3309 2964 631 1713 2631 3713 1836 3836 1461 114 495 2114 3461 1382 3382 1046 2495 650 806 2650 3046 902 1560 2902 462 3560 1131 2806 1430 2462 3131 722 1250 3430 2722 866 1613 3250 1319 294 3613 3319 1135 1342 2866 2294 3342 3135 162 438 638 2162 1978 1296 2638 243 3978 2438 2243 3296
Route 33 : 646 1305 1930 674 3930 1833 2646 3833 3305 217 1503 2674 3503 318 693 2217 2318 1720 864 2693 989 2989 2864 3720 244 853 168 2244 856 2856 1590 2168 2853 878 411 2878 510 1901 3590 3901 110 2411 2510 2110 515 1207 3207 1026 3026 1069 2515 1880 1628 3880 1523 3628 3069 293 3523 1515 2293 3515
Route 34 : 629 160 436 2629 2436 704 378 2160 1985 2704 2378 3985 1331 3331 199 2199 1509 1350 1085 3509 1648 821 3648 3350 962 3085 2821 1541 860 1394 2962 1619 3541 1555 2860 498 3619 3394 3555 2498 1641 1169 918 2918 3641 3169 1476 1997 1136 3136 3476 3997 508 1563 1681 1071 3563 3681 3071 2508 977 2977 328 757 1179 2328 940 3179 2940 2757
Route 35 : 1191 1922 3191 1151 3922 3151 793 163 923 2793 2163 702 1897 600 2923 2702 3897 2600 709 346 608 2709 2346 2608 165 1260 1083 1972 3972 2165 3083 1640 3260 899 3640 157 2899 74 1460 1820 3820 1621 3460 2157 1182 2074 220 3621 3182 1099 28 3099 1941 227 2028 3941 2220 2227 541 2541
Route 36 : 248 1417 424 1484 3417 2424 2248 504 3484 530 2504 389 2530 185 122 2389 1171 1198 2185 3198 1155 491 3155 1493 2491 3171 1259 1243 1588 3493 2122 3588 961 1921 240 3243 2961 3259 3921 291 2240 591 1035 2291 3035 2591 829 2829 1554 3 82 2082 1212 2003 3554 1297 289 3212 665 2665 3297 2289
Route 37 : 1944 546 342 1225 2546 2342 465 3944 3225 685 2465 105 1742 1489 2105 1519 3742 2685 1927 3489 3519 1885 1915 3927 576 1935 3915 922 3885 551 463 3935 2576 371 2922 2551 1233 316 3233 2463 2371 632 2632 81 2316 1128 1273 2081 3273 1981 3128 1603 3981 3603 1953 871 2000 203 3953 394 4000 2203 2871 2394 285 2285
Route 38 : 37 529 368 2037 1872 782 2529 1439 236 2368 2236 3872 3439 2782 126 1705 1962 524 3705 3962 2126 887 2524 1838 2887 1938 3838 745 3938 558 1389 254 2745 1334 2254 2558 3334 3389 1208 993 1040 3040 3208 2993 1647 1292 1932 3292 3647 3932 1739 1060 3060 3739 1715 1308 1126 3715 1469 3126 3308 3469 26 181 2026 2181
Route 39 : 1970 1013 1280 383 3013 3970 1917 2383 523 3280 517 1642 2523 3917 2517 1332 451 1440 2451 3642 851 338 3332 1015 3440 2851 2338 3015 51 406 398 2051 413 1450 2398 506 2406 3450 843 2506 2413 2843 1087 543 2543 72 1517 1214 3517 2072 3087 3214 1743 862 336 2862 1412 2336 1017 3743 1772 3017 3412 3772
Route 40 : 620 1217 985 863 2620 1253 3217 931 69 2863 2069 2985 3253 642 1753 1666 2931 3666 3753 2642 308 1432 3432 2308 137 1556 494 3556 2137 2494 534 120 680 2534 2680 113 2120 2113 121 247 13 1893 2013 355 2247 3893 2121 1738 1728 779 2355 1571 3728 1576 2779 837 3571 941 1871 2837 3738 3871 3576 1865 2941 1263 537 3865 2537 3263
Route 41 : 1009 728 1284 518 3009 2728 724 3284 2518 2724 485 2485 1246 260 3246 2260 1254 1004 3004 8 3254 2008 1353 578 449 1734 2578 1050 3353 3734 2449 3050 1690 655 3690 153 169 2153 67 1256 2655 2067 2169 49 464 1828 3256 2049 3828 2464 95 708 663 2708 1299 2095 3299 1685 801 2663 3685 2801
Route 42 : 652 281 1291 2652 348 2348 2281 1780 3291 1416 431 3780 1768 3416 2431 3768 1569 3569 359 1803 873 3803 2359 1302 2873 1737 3302 1113 1769 3737 1859 3769 3113 1156 362 3859 3156 2362 83 614 1819 1317 2614 2083 1651 3317 590 3819 3651 2590 47 251 789 713 2047 2251 1082 2789 2713 3082
Route 43 : 563 173 999 583 2999 2563 2173 2583 376 2376 177 890 392 2890 2177 1337 2392 1733 246 520 3337 3733 1133 151 2246 1980 2520 1597 3133 3980 2151 1215 3597 476 3215 2476 1143 3143 1261 699 535 3261 2535 503 2699 2503 567 1879 3879 2567
Route 44 : 455 1913 1499 2455 3913 3499 142 1340 1659 2142 3659 3340 1160 99 300 3160 1788 2300 1310 1177 3177 3310 213 3788 2099 1466 2213 3466 288 1320 2288 1855 3320 894 239 2894 1736 3855 2239 1989 3989 437 968 3736 800 2437 1247 911 2968 3247 2800 2911
Route 45 : 1043 1486 1746 3486 1406 1385 183 3746 3043 1453 235 3406 3453 2183 3385 2235 688 703 375 2688 2703 1313 1230 2375 138 3313 2138 386 584 3230 1583 532 2386 3583 2584 2532 23 849 2849 2023 1580 957 1516 1042 659 2957 3580 3516 3042 586 2659 445 2586 1919 152 1844 3919 3844 2445 2152
Route 46 : 1895 3895 974 1781 2974 1511 319 3781 3511 526 2319 888 2526 1138 1039 3138 2888 1587 3039 644 635 3587 1643 2635 96 2644 850 3643 2850 7 1458 845 2096 2007 3458 1559 1137 2845 3559 3137 1670 408 969 3670 1615 3615 2969 86 1864 2408 1184 2086 1894 3894 3184 3864
Route 47 : 232 93 189 60 509 2509 326 2232 2060 2093 2326 2189 647 2647 420 490 2490 893 983 2893 2420 2983 666 297 580 2666 473 2297 2473 914 2580 2914 1480 1200 994 3480 3200 2994 626 1064 18 2018 741 2741 1860 919 3064 1706 2626 2919 3706 482 3860 2482 1858 271 3858 1943 1170 3170 2271 3943
Route 48 : 731 1167 1495 3167 2731 3495 1452 461 1875 2461 3452 1538 3875 944 3538 737 1862 2737 2944 3862 405 2405 653 1275 1473 1793 2653 1468 3473 3793 3275 915 1786 2915 3468 792 2792 238 1686 3786 2238 3686 603 1270 1798 750 2750 3270 2603 3798 1422 1891 1658 3891 3658 3422
Route 49 : 1684 1014 3684 981 3014 1314 2981 935 3314 219 2935 1568 1072 2219 1163 1268 3163 3568 3268 3072 351 1096 1238 956 2351 3096 1714 1251 3251 3238 3714 2956 970 1877 3877 605 2970 2605
Route 50 : 512 388 467 1379 1255 2512 3379 2388 2467 3255 116 2116 1678 306 2306 1386 3678 1783 671 1892 3386 3783 3892 797 357 2671 2797 832 1383 409 2832 765 2409 3383 2357 540 1834 2765 1161 3161 2540 3834 1969 10 1701 2010 384 1490 3969 566 3490 3701 2566 2384
Route 51 : 76 725 1220 2076 624 2725 1345 2624 3345 3220 1304 1358 3304 3358 1158 525 972 3158 1818 2972 1221 1352 3818 3221 2525 889 3352 1408 1598 1545 2889 3545 3408 846 3598 2846 904 156 2904 664 2156 827 2664 1729 2827 1697 141 3729 3697 1244 446 2141 2446 3244
Route 52 : 1636 3636 913 2913 1675 3675 419 92 597 2092 1152 2419 2597 1168 3152 200 3168 1235 1329 3235 3329 329 2200 1188 1391 589 1025 3391 2589 2329 3025 155 3188 1761 955 3761 2155 949 2949 1794 1923 1848 3923 1431 3794 3848 672 2955 2672 1164 3431 3164
Route 53 : 1777 1078 252 2252 3078 3777 1094 182 3094 63 1827 2182 2063 3827 1585 3585 1023 593 225 2593 3023 907 2225 448 2907 1088 264 883 3088 2264 2448 950 2883 1840 2950 369 3840 396 2396 2369 1552 1022 442 2442 3552 335 3022 2335 1415 334 1514 347 2347 284 933 2334 3415 630 3514 2933 844 2284 2630 2844
Route 54 : 805 30 2805 2030 1496 998 2998 3496 564 404 2564 1288 1492 2404 3288 1218 1110 3492 15 3218 2015 1467 3110 191 1527 817 3467 2191 1360 2817 3527 1934 3360 3934 1878 822 3878 876 594 2822 2594 1491 2876 740 538 726 2740 2538 3491 1223 858 2726 1278 2858 3223 3278
Route 55 : 1108 1546 1534 575 3546 315 3108 3534 1856 742 2575 2315 366 3856 1724 2742 3724 479 2366 2479 1814 686 1907 3814 712 1999 2686 3907 2712 1295 3999 953 3295 27 2027 2953 1232 1185 321 414 3232 3185 327 2321 2414 1193 358 2327 3193 2358 1357 1175 38 3357 3175 903 2038 2903
Route 56 : 562 1282 3282 2562 1224 669 3224 2669 872 356 2872 1117 2356 1967 194 29 3117 2029 150 717 2150 3967 810 651 2717 2194 2651 2810 716 2716 452 656 1654 310 1966 2452 2656 3654 2310 753 24 3966 2753 595 823 1216 836 2024 2836 3216 2595 1751 3751 1459 2823 3459 125 1074 2125 763 1672 3672 2763 3074
Route 57 : 1399 434 912 1122 2912 3399 1272 1194 2434 1765 3122 3272 3194 3765 928 706 1504 195 2928 1883 2706 3504 2195 771 3883 1028 1630 3630 2771 1081 3028 838 1038 2838 3081 592 587 3038 1070 2592 2587 3070 426 1662 3662 175 2175 1663 2426 230 1609 3663 428 433 2230 2428 3609 128 2433 1620 250 690 2128 2250 3620 2690
Route 58 : 826 1202 3202 2826 119 2119 1093 3093 1401 1005 947 1029 2947 3401 3005 3029 1084 886 2886 1741 1940 730 3084 3940 2730 3741 1344 42 241 1425 3425 2241 3344 143 2042 1750 2143 1361 3361 1674 3674 58 3750 381 2058 927 1341 921 2921 267 2927 3341 2267 1315 2381 2 3315 861 2861 1707 2002 3707
Route 59 : 777 1929 1617 710 2777 1007 2710 3617 3929 3007 1061 828 1882 3061 470 3882 718 2828 440 2470 1000 2440 2718 3000 161 1433 1550 3433 2161 1526 3550 1699 3699 1983 3526 55 1438 209 714 2209 2714 3438 1986 3986 2055 781 261 2781 3983 1411 1657 2261 3411 980 1437 3657 1543 2980 3437 245 831 2245 2831 3543
Route 60 : 1323 1124 627 353 3323 3124 2627 2353 834 2834 1362 3362 202 407 2407 2202 489 544 2489 2544 606 1646 2606 1444 3444 841 1140 736 3646 2841 2736 3140 40 1760 787 2040 3760 992 1839 2787 3839 1773 2992 3773 1239 1807 868 1677 3807 3239 835 3677 2868 2835 514 2514
Route 61 : 1446 3446 270 2270 88 2088 738 2738 818 898 2818 190 1377 2190 2898 1629 533 2533 3377 3629 39 2039 1669 1682 3669 1710 3682 1749 256 1228 3710 2256 3749 3228 1481 1876 3481 667 1162 3876 3162 1234 2667 3234 762 2762 1942 1638 3942 1380 3380 3638
Route 62 : 1601 314 604 307 3601 2604 1748 17 1051 2307 2314 3748 2017 1089 1867 3051 3867 187 3089 1378 444 1367 2187 3378 2444 1144 3367 1698 1512 3144 1586 1187 1347 3586 3512 3698 3347 3187 1529 477 2477 1740 986 1173 3529 3740 2986 925 3173 2925 416 90 2416 1908 2090 3908 1274 1870 877 3870 3274 1518 2877 3518
Route 63 : 668 1510 1991 3510 2668 3991 1183 1704 908 1045 3704 45 3045 3183 2908 2045 617 367 1037 2617 3037 2367 48 764 2764 2048 1968 847 3968 2847 1145 891 3145 1632 2891 1539 62 808 2062 3539 2808 3632
Route 64 : 1115 734 320 2320 3115 1409 1374 3409 2734 1286 1462 1079 3374 3286 3462 129 2129 3079 637 1623 751 707 2637 1936 3623 3936 1589 2751 816 2707 3589 916 2816 657 2916 896 273 2657 1627 960 1428 2273 2896 2960 3428 496 3627 2496 184 661 54 2054 2184 4 2661 971 2004 1716 3716 2971
Route 65 : 1449 568 272 2568 549 3449 1100 2272 2549 3100 1036 1850 159 945 1661 3036 2945 2159 1062 3661 3062 3850 1027 475 748 2475 3027 596 1456 1806 2748 2596 1055 3806 3456 1066 3055 1101 553 2553 3101 1348 3066 979 3348 778 2979 1606 1393 379 2778 3393 1277 3606 1483 2379 1500 3277 3500 1154 681 3483 1521 867 2681 3521 2867 3154 601 2601
Route 66 : 1825 301 350 3825 2301 522 1370 387 1926 2350 2522 3926 2387 3370 1562 430 207 3562 2430 1006 2207 266 3006 1845 1258 2266 3258 3845 1925 1472 317 1795 3472 3925 2317 3795 1671 286 2286 1782 3671 990 1366 3782 2990 339 3366 2339 547 2547 1611 1976 3976 513 299 2513 3611 2299
Route 67 : 1900 776 1965 2776 64 1639 3965 3900 2064 3639 77 1711 588 2077 2588 198 1080 3711 2198 3080 145 1012 2145 1420 3012 3420 1018 1977 1866 70 2070 3018 3977 3866 1904 548 1637 1090 323 3637 2323 3904 571 1522 3090 2548 3522 2571 1778 865 1949 1395 3949 3778 3395 2865 1898 1203 1019 930 3898 3203 136 1289 3019 2930 1918 2136 3289 3918
