Instance name : nyc-n1000-3
Authors       : Isaiah Reimer (isaiah.reimer@rideco.com). RideCo (rideco.com)
Date          : 2023-04-01
Reference     : Rideco PDPTW Solver
Solution
Route 1 : 378 153 326 878 653 26 33 533 826 461 526 1 290 6 961 501 790 473 506 380 973 319 880 7 218 819 296 718 507 796
Route 2 : 243 206 114 479 307 706 743 807 224 131 614 19 724 979 631 172 209 519 709 174 228 672 728 674 154 197 465 23 697 965 654 523
Route 3 : 329 299 204 182 109 259 682 609 829 704 799 759 427 372 15 927 872 128 306 628 118 806 515 313 14 618 454 24 85 514 813 524 954 585
Route 4 : 43 291 543 791 107 324 607 315 824 393 815 486 893 986 447 478 4 462 978 129 947 81 504 405 629 962 201 581 477 905 232 701 45 545 977 732
Route 5 : 311 213 382 811 713 340 882 231 840 731 464 964 398 330 485 111 985 830 898 256 215 611 715 310 810 756
Route 6 : 283 500 236 193 1000 74 693 783 375 736 574 408 875 435 908 935 334 39 363 177 539 863 403 677 834 903
Route 7 : 17 66 415 96 46 56 596 517 556 385 546 915 87 885 566 265 359 587 491 859 458 16 765 241 991 958 741 374 79 516 874 579 286 263 147 40 480 786 763 980 647 540
Route 8 : 379 289 122 157 879 622 120 789 657 170 164 165 620 343 665 89 670 589 843 664 322 460 73 25 960 409 573 110 822 414 525 909 610 914
Route 9 : 387 71 344 335 887 29 571 282 321 844 835 782 55 529 821 210 555 399 899 710 8 345 3 371 871 845 508 503
Route 10 : 429 472 441 376 941 929 876 972 352 852 413 443 199 943 913 247 699 747 248 195 132 180 349 748 680 849 695 632
Route 11 : 417 136 150 917 312 636 650 812 351 203 851 217 703 220 717 426 720 30 926 530
Route 12 : 317 192 295 273 63 795 91 817 773 227 692 591 350 563 727 850 11 451 337 511 951 439 837 77 402 577 939 183 490 431 495 990 320 902 931 683 820 995
Route 13 : 390 416 890 916 302 497 997 271 802 230 392 771 423 100 892 730 144 644 483 923 600 983 207 316 377 300 800 707 877 242 816 742
Route 14 : 166 361 666 37 137 861 637 537 50 253 216 550 83 753 145 716 583 645
Route 15 : 13 488 133 369 69 869 513 988 569 633 258 758 325 272 255 487 755 772 825 97 987 2 214 86 597 502 229 498 278 586 714 729 778 425 998 364 475 925 864 975
Route 16 : 84 196 696 584 108 608 270 244 211 34 770 280 744 534 711 474 386 198 974 780 886 267 342 698 28 767 12 842 139 309 512 809 528 639
Route 17 : 93 59 593 179 287 679 373 395 559 301 237 873 895 801 787 737 194 327 261 827 694 761 208 149 168 708 448 649 142 156 668 268 642 768 948 656
Route 18 : 444 362 36 420 944 862 294 536 239 356 269 794 739 856 225 446 920 769 946 422 922 725 64 57 44 544 260 564 119 557 760 162 619 662
Route 19 : 459 186 466 411 959 966 76 911 686 424 266 766 470 576 970 924 80 53 434 471 47 580 553 98 971 934 358 598 547 858 5 254 505 754
Route 20 : 235 333 735 833 383 883 276 175 106 675 428 606 776 101 436 323 95 601 823 928 595 936 138 61 189 191 463 638 561 689 963 691
Route 21 : 469 314 814 969 396 141 135 641 635 366 457 896 257 115 757 957 275 866 615 9 775 509
Route 22 : 303 112 803 331 831 102 612 401 602 332 901 832 328 185 305 828 171 245 452 685 52 671 805 952 552 745
Route 23 : 21 22 42 421 522 202 521 433 542 702 921 140 226 640 493 223 726 933 723 48 993 104 397 604 897 548 205 353 54 121 705 554 621 853
Route 24 : 92 468 60 592 968 161 124 148 560 155 381 661 65 624 881 655 565 648 450 103 152 950 603 169 652 262 669 75 762 445 945 575
Route 25 : 117 481 200 617 981 18 389 518 889 700 285 99 49 105 785 404 549 599 274 482 38 904 982 605 304 219 453 538 774 953 719 804
Route 26 : 176 456 293 394 72 336 894 793 90 676 572 956 836 590 146 159 659 318 646 188 818 442 32 308 688 532 808 942
Route 27 : 406 906 252 752 113 126 35 346 613 626 846 438 535 288 938 788 499 10 62 440 160 510 233 562 240 940 999 410 284 660 449 733 740 949 784 910
Route 28 : 158 190 388 355 297 888 797 690 658 855 58 558 184 484 212 151 684 712 651 984 187 354 163 687 854 264 432 418 663 764 932 918 116 292 496 616 222 792 127 722 996 627
Route 29 : 238 250 455 31 955 738 338 347 750 838 847 251 476 531 20 751 520 407 181 907 976 437 419 492 919 681 937 992
Route 30 : 167 173 249 357 68 857 749 125 673 667 41 568 541 625 365 865 130 494 630 178 348 994 221 678 367 848 134 721 867 634
Route 31 : 370 400 489 900 870 246 746 368 989 67 143 567 360 860 643 868 88 341 588 279 779 384 841 884
Route 32 : 298 82 467 281 412 582 967 798 27 527 912 781 70 339 570 839 51 234 94 123 551 734 594 391 78 623 430 277 930 777 578 891
