Instance name:    nyc-n1000-2
Authors:          Dmitriy Churilov (churilov@advantum.pro), Alexander Galko. Advantum Routing System (advantum.ru/route)
Date:             2025-04-02
Reference:        Advantum Routing System, advantum.ru/route
Solution
Route 1 : 175 42 385 675 885 542 351 358 467 432 194 858 851 967 932 179 694 90 679 256 249 66 749 756 426 141 70 590 365 566 570 641 449 865 926 337 477 837 949 485 977 985
Route 2 : 230 281 495 134 310 810 995 730 634 80 580 481 981 347 231 443 847 399 731 781 899 140 381 640 881 943
Route 3 : 420 229 729 31 531 920 222 722 438 251 148 751 938 648 88 164 160 472 588 664 259 660 39 759 972 539
Route 4 : 492 53 383 992 20 279 779 553 520 46 883 546 321 821 11 362 64 862 511 564
Route 5 : 240 93 740 113 499 593 613 288 284 788 17 999 378 784 517 85 171 213 878 585 713 671 372 459 461 458 872 958 261 961 761 959
Route 6 : 475 975 364 864 52 416 389 14 889 916 514 552 109 163 423 217 663 923 609 717 117 278 778 418 918 617 415 915
Route 7 : 167 2 371 295 116 667 795 428 142 871 616 928 502 642 201 155 480 655 980 1 156 701 500 280 404 112 501 1000 656 612 452 904 304 780 384 952 884 120 314 54 620 804 814 554
Route 8 : 308 77 343 808 330 577 830 184 843 490 143 379 684 643 215 476 990 205 26 879 705 715 976 37 526 419 318 206 537 255 919 818 755 706
Route 9 : 161 491 233 441 73 573 50 661 733 395 991 941 895 550 89 424 397 198 589 444 897 382 698 944 924 882
Route 10 : 62 57 274 332 223 562 832 557 774 723 67 317 455 567 817 207 168 955 707 668 241 741 170 104 454 10 401 390 510 604 670 890 954 901
Route 11 : 375 875 131 631 369 33 869 331 366 831 533 329 866 829
Route 12 : 38 12 121 226 538 512 61 621 322 263 726 561 763 822 154 264 764 654 234 139 92 734 486 162 639 986 662 592
Route 13 : 214 325 151 463 363 290 651 59 790 825 863 963 99 221 276 714 599 129 721 776 559 108 266 209 352 766 709 608 629 852 411 488 235 355 260 147 911 760 988 855 376 647 735 876
Route 14 : 24 457 291 100 524 338 277 600 791 957 777 72 838 245 123 572 367 745 623 224 172 867 493 724 456 323 84 672 956 993 584 823
Route 15 : 138 22 638 119 619 122 522 622 48 548 271 177 335 273 349 193 677 773 771 835 243 849 265 191 693 435 935 743 691 765
Route 16 : 270 65 447 227 40 565 159 770 727 659 947 540 327 157 166 496 350 657 827 850 996 218 666 195 348 718 695 361 18 197 861 848 518 697 257 422 267 448 388 356 922 856 767 757 888 948
Route 17 : 450 302 45 210 248 471 748 802 950 82 710 545 237 737 971 582 427 437 403 269 937 769 927 439 311 903 368 811 939 300 23 405 868 800 523 905
Route 18 : 326 135 303 68 212 826 568 635 712 63 354 803 563 469 200 969 854 196 43 696 700 102 410 543 149 101 649 19 601 910 602 519 391 192 128 58 628 692 891 558
Route 19 : 9 180 146 394 509 262 646 680 202 762 894 702 297 4 286 396 786 896 324 797 504 75 824 8 465 508 575 498 275 965 497 998 400 775 900 997
Route 20 : 402 445 83 583 945 902 412 5 30 110 912 505 55 610 555 530 169 152 219 669 487 652 719 185 15 208 478 987 978 685 708 453 188 515 429 953 688 929
Route 21 : 36 315 473 47 158 536 316 547 815 658 973 816 340 204 35 840 312 133 244 535 633 744 704 812 25 474 97 178 525 597 974 678
Route 22 : 341 370 294 870 484 841 387 984 794 357 282 887 292 857 792 782 409 479 228 909 413 979 913 728
Route 23 : 319 344 380 313 103 819 880 124 150 298 813 624 844 603 798 650 69 49 393 549 41 569 328 893 431 392 541 892 7 828 3 433 503 507 931 933
Route 24 : 462 320 238 962 820 425 421 738 87 925 144 268 587 768 644 921 446 440 408 407 940 946 907 908
Route 25 : 482 13 118 86 44 544 434 982 468 586 513 618 333 968 934 336 283 96 596 783 833 258 758 232 29 106 836 529 606 732 220 236 483 95 736 127 720 595 627 983
Route 26 : 345 406 246 906 32 746 532 845 430 111 334 930 306 130 834 186 806 98 611 630 182 686 187 216 598 682 687 716 250 386 750 886
Route 27 : 252 451 181 951 752 681 293 793 115 34 76 615 254 534 51 576 414 126 551 754 626 914 353 176 442 307 71 942 807 676 853 571 247 174 747 674
Route 28 : 470 190 137 970 637 690 173 673 6 91 16 506 225 591 359 285 516 725 74 466 785 859 60 136 966 289 574 21 560 636 521 789
Route 29 : 56 27 125 153 556 527 360 653 625 107 860 373 607 873 464 398 272 28 528 898 489 346 989 964 772 846 299 253 78 799 578 753
Route 30 : 165 145 645 665 301 801 287 339 787 839 94 203 309 703 594 809
Route 31 : 211 189 377 183 877 132 689 683 632 711 296 305 796 242 81 805 742 342 581 239 842 199 460 436 699 114 936 960 614 739 374 79 494 874 417 917 105 994 579 605
