Instance name:	nyc-n4000-3
Authors:		Carlo Sartori and Luciana Buriol
Date:			2019-2-11
Reference:		A matheuristic approach to the PDPTW (to be submitted)
Solution
Route 1 : 1789 1740 936 447 462 971 3789 2447 2936 3740 2971 2462 1203 1459 750 693 1106 3203 735 3459 3106 2750 2735 2693
Route 2 : 57 189 1589 595 1218 2057 2189 1763 514 2514 968 2595 3218 1762 3589 1386 1883 3762 3386 3883 707 2968 3763 1974 592 2592 2707 407 2407 851 3974 862 2851 2862
Route 3 : 1066 1685 3685 3066 1417 1928 1248 3417 3248 3928 1198 1972 648 3972 2648 3198 1642 1660 541 1735 308 1825 3735 3642 1525 2541 1202 1893 3660 1290 3825 3202 1782 2308 3290 3525 3782 3893
Route 4 : 531 1279 1950 1462 1402 1327 3402 1754 3279 3462 1340 2531 1125 3327 3950 3754 3125 3340 1058 1376 905 1999 3058 3999 3376 1150 222 2905 133 1576 3150 1617 1888 559 3888 2222 711 2559 2133 3617 418 3576 1003 2711 3003 2418
Route 5 : 513 1096 1655 822 2513 1412 3412 3655 2822 3096 1145 1392 151 651 317 3145 2151 2651 403 2317 3392 1059 2403 3059
Route 6 : 1946 1208 432 1495 153 3208 2432 3946 3495 1747 825 641 791 807 2153 3747 239 2791 911 2641 235 2807 705 2825 263 2239 1235 2235 1225 715 3235 450 2705 2263 2911 3225 2715 2450
Route 7 : 1504 606 1373 1986 224 3373 1224 3504 2606 1739 2224 1786 964 3224 3739 3786 2964 1395 3986 499 488 1100 2499 3100 2488 999 3395 590 1244 3244 283 1670 2590 1068 1266 2283 2999 3266 3670 3068
Route 8 : 1186 352 1674 12 602 3674 1306 894 3186 1957 2012 2894 2602 3306 2352 1452 579 1118 3957 2579 1886 973 1831 3118 1264 3452 1684 3886 3264 3831 2973 3684
Route 9 : 1648 856 1545 179 1025 3648 1610 3545 3025 1232 2856 2179 1881 3610 3232 1710 1606 1177 3881 1286 996 1808 3606 3177 915 3710 2915 2996 3808 3286
Route 10 : 1751 866 167 865 885 3751 2167 2865 2866 291 599 2885 718 2599 2718 2291
Route 11 : 1038 1358 3038 1337 3358 1681 3681 1499 444 3337 29 1829 2029 2444 3829 3499 1110 1042 1378 568 1858 2568 3110 3378 3042 3858
Route 12 : 77 677 631 1371 2077 306 1528 3371 821 2677 274 421 2274 2421 3528 2631 2821 2306 299 1925 931 3925 371 2931 798 2299 1748 1411 1713 2371 2798 3713 3748 3411
Route 13 : 1879 1108 386 3108 3879 892 551 164 2386 1988 2551 1446 2892 1574 2164 3988 1647 33 887 3574 877 3446 1267 729 2877 3647 2033 2887 2729 3267
Route 14 : 38 474 967 2474 2038 2967 430 2430 1798 610 532 2532 2610 3798 1134 1095 981 1113 3113 2981 411 124 3134 3095 2124 2411
Route 15 : 1745 387 766 2387 1449 1212 1299 2766 3745 3299 3449 3212 924 1468 801 1866 3468 285 638 2924 565 3866 2801 2638 2565 2285
Route 16 : 1146 692 1260 834 1571 2692 3260 3146 1811 3571 3811 170 2170 1161 383 1437 1251 2834 1585 768 3437 3161 3251 2768 3585 98 2383 2098
Route 17 : 521 394 1475 414 1032 1534 2394 3475 2521 3032 2414 785 1416 1566 157 3534 1502 3566 3502 1931 846 3416 2157 872 1578 2785 832 2832 1455 2846 402 3578 3931 396 724 3455 2872 1141 332 2724 2396 3141 731 2402 1051 2332 2731 3051
Route 18 : 503 1884 1207 1138 1124 3207 3138 3884 2503 835 1732 1325 1252 3124 3252 749 3325 2749 2835 1309 3732 46 3309 333 1050 2046 1795 1661 3795 1822 2333 3050 3822 3661
Route 19 : 1911 60 826 225 2060 1480 3911 1855 1581 11 2826 2225 3480 2011 3581 3855 849 409 30 2409 1039 2849 878 2030 3039 424 1966 3966 2878 2424
Route 20 : 1577 563 129 2563 3577 354 2354 1159 1035 2129 978 1438 2978 3438 1101 780 3035 1410 3159 3101 3410 2780 1777 475 1765 3777 1199 3765 2475 3199
Route 21 : 652 1221 3221 208 2208 1705 2652 3705 700 2700 32 776 1383 909 3383 1843 1675 2032 2909 1294 1242 2776 3294 3675 3242 3843
Route 22 : 1791 3791 369 2369 1027 3027 1104 1781 1694 3104 194 496 451 1921 3781 3694 2451 2496 2194 3921
Route 23 : 351 2351 783 1927 307 3927 1345 2307 2783 537 985 481 3345 34 2481 28 2985 2537 754 615 848 1595 2848 1087 2754 3595 2028 2615 3087 2034
Route 24 : 875 340 732 312 907 2732 105 2312 2907 2875 2105 2340 1334 3334 406 1075 1000 726 3075 1326 1354 2726 3354 1555 3326 2406 3000 3555
Route 25 : 75 175 2175 1494 174 2075 1295 152 1303 1149 3303 2174 2152 1516 3295 3149 757 708 3494 628 3516 1284 1828 3828 1734 2628 3284 3734 2757 2708
Route 26 : 1591 1182 1572 1079 3182 1390 1882 1022 3572 3591 3882 3079 3390 1191 1391 1941 3941 3391 296 687 3191 3022 1565 2296 478 345 1281 2687 2478 3281 1151 3565 3151 2345
Route 27 : 508 41 2508 1794 218 1040 319 2319 912 2041 2218 582 3794 2912 2582 3040 843 1363 1690 2843 1298 356 1868 3298 3868 3363 3690 2356
Route 28 : 948 2948 946 1813 863 1004 2946 3813 2863 3004 415 500 2500 2415 154 870 1272 2870 3272 2154 134 145 301 391 983 535 2301 2983 357 2391 74 2134 2357 2145 2535 2074
Route 29 : 1214 1853 681 165 668 3853 3214 1750 412 2668 315 118 3750 649 2681 710 2412 453 2165 2118 82 914 2315 2914 2649 2453 2082 2710 1890 1743 1112 1023 408 233 3743 2408 3890 2233 1195 3112 3023 3195
Route 30 : 1328 246 1466 1688 3466 1471 1389 3688 3389 2246 3471 3328 247 86 634 433 1123 1880 2247 2634 2433 1409 1064 3123 3880 3409 695 3064 1361 2086 3361 2695
Route 31 : 155 1603 1444 150 58 2058 1821 3821 3603 3444 2150 2155 314 1057 1249 1776 1501 2314 3776 3501 1037 3249 3057 17 1845 1863 3863 2017 3845 3037
Route 32 : 617 1991 1933 883 899 2617 1533 2899 3533 2883 3991 1583 1399 1969 472 3933 51 966 3583 876 3969 3399 132 1914 2051 1243 3243 3914 2966 2472 2132 2876 1320 1201 126 1731 395 1725 3201 2395 2126 3731 1769 3725 3320 3769
Route 33 : 200 2200 1961 1148 149 455 994 3961 2149 2994 713 2455 316 3148 2316 96 2713 2096 1860 739 1507 3507 251 2251 2739 1041 284 3860 2284 259 2259 3041
Route 34 : 360 1526 1990 688 925 1423 2360 459 3526 3990 1292 287 2688 3423 574 1619 2459 2287 2925 2574 961 728 141 3619 3292 1034 2141 278 879 2278 2728 1211 2879 2961 3034 890 1903 311 594 3903 2311 3211 2890 2594
Route 35 : 1074 788 3074 2788 1405 3405 857 1109 1592 1005 3005 3592 3109 755 1943 2857 2755 794 320 1353 329 3943 683 1398 2794 443 3398 2329 2683 2320 3353 2443
Route 36 : 1837 185 466 173 489 2185 2466 1454 2173 3837 3454 2489 1902 368 3902 143 937 1349 655 2368 800 2143 2800 2655 2937 3349 1840 1348 3840 373 446 3348 2373 2446
Route 37 : 405 671 5 339 1544 2671 2005 799 2405 2339 62 1238 3544 530 3238 972 2799 1237 313 2062 1420 2530 3237 2313 3420 40 2972 1477 1959 588 182 1942 2040 740 2588 3477 3942 2182 2740 3959
Route 38 : 1163 1175 889 900 1634 288 3634 209 3175 2900 2288 91 3163 1614 2091 1875 2889 1375 2209 1834 3834 3375 3614 427 3875 122 1758 3758 2122 2427
Route 39 : 1270 68 2068 257 1901 1347 3270 1757 3757 3901 380 580 2257 1273 3347 633 1234 2380 3273 2580 573 1321 244 1936 3234 3936 2633 3321 2573 2244
Route 40 : 1996 304 1056 431 294 1388 2431 3388 1017 1899 3996 518 2294 2518 3899 2304 3056 3017 1976 1296 1010 828 1723 3976 1092 3010 3723 2828 3092 3296
Route 41 : 1474 529 1015 2529 135 561 3015 3474 813 1624 623 2561 110 3624 678 932 2678 1527 2135 2623 2110 2932 3527 2813
Route 42 : 1065 379 745 1602 674 2745 1913 2674 3602 3065 2379 505 1924 1308 3913 1377 1604 3924 3377 25 3308 404 3604 325 545 2325 2025 2505 2404 1626 2545 1137 3137 3626
Route 43 : 1697 980 1278 995 3697 642 1084 3278 2995 1736 2642 2 676 2980 3736 2002 1721 998 71 3084 935 2676 2935 2998 3721 722 2071 1505 3505 1704 1135 3704 252 2722 3135 2252
Route 44 : 1436 1464 1788 207 1981 988 3788 3981 1518 2207 3464 1599 744 3436 3599 3518 2988 327 2744 305 1461 603 2327 703 3461 2305 24 119 2603 2024 810 2119 1467 2703 1355 3355 3467 2810
Route 45 : 1625 593 3625 78 1785 491 2593 1800 3785 1714 3800 2491 737 2078 3714 2737 1369 784 609 295 930 2784 1255 358 3369 1938 2930 1749 2295 2609 3255 3749 2358 3938
Route 46 : 361 419 1469 1862 1439 3862 2361 2419 3439 1351 1923 929 3469 3351 2929 701 1904 569 1484 3904 3484 2569 2701 3923 1744 1318 781 227 3744 1073 3318 2227 1447 2781 3447 3073
Route 47 : 8 1667 1553 1824 3553 3667 2008 3824 1098 3098 1707 684 511 3707 2684 1564 818 3564 1774 596 2511 2818 10 1792 845 3774 2596 441 490 3792 699 2699 2441 2845 2010 2490
Route 48 : 1082 464 1873 1384 1508 250 3082 3873 2464 3384 2250 3508 717 73 328 600 2717 2073 2328 2600 583 65 303 476 1280 2583 2476 2303 3280 2065
Route 49 : 1644 1878 3644 385 2385 102 921 1372 36 814 2921 597 3878 2036 3372 2814 2102 365 381 1767 1156 627 2597 2381 1311 2365 80 3767 1209 3311 1965 3156 774 2627 9 3209 3965 2080 2009 2774
Route 50 : 1653 3653 1517 1597 944 1827 730 3517 87 3827 3597 279 2087 869 2730 366 2944 343 2279 2343 2366 680 1168 2869 2680 144 933 3168 712 399 2144 2712 2933 2399
Route 51 : 1129 1144 1192 1185 904 3129 1861 3185 3192 2904 220 3144 576 3861 759 873 891 2576 258 334 2873 2759 1122 2891 1761 2220 2258 3761 3122 156 1130 128 1343 965 3130 2128 1611 2334 1910 2156 2965 3343 3910 3611
Route 52 : 528 864 116 803 120 2864 2803 658 2528 2120 1836 213 1370 2116 1692 748 3370 2213 675 3692 1262 2658 2675 660 2748 3836 1643 1176 3262 2660 3643 3176
Route 53 : 645 516 1160 136 248 2136 70 2516 2248 1645 3160 1322 951 2070 2645 986 3645 2951 1844 1440 1019 3844 2986 3322 3019 336 989 1687 753 2989 184 2336 621 3440 2621 2184 3687 2753
Route 54 : 298 1250 1809 112 1729 169 3729 3809 241 1490 2112 2169 1558 359 2298 2241 338 3558 3490 3250 2338 44 1934 2359 1669 3934 506 2044 1850 2506 940 1254 3850 709 3669 581 1453 3254 3453 2709 2940 2581
Route 55 : 1772 802 3772 2802 760 480 752 2752 2480 2760 644 544 2544 2644 1102 471 1465 1631 3631 524 3102 3465 2471 2524
Route 56 : 1048 523 255 838 792 690 2523 1953 2255 2792 2838 2690 3048 1216 1977 3953 3216 3977 546 372 1422 3422 1152 2372 765 2546 3152 2765
Route 57 : 519 1608 1679 214 1746 3679 2519 3608 1874 1857 1929 101 2214 804 3857 3874 3746 3929 2101 2804 1922 586 916 970 2586 7 1708 1352 2970 2007 3922 3708 3352 2916
Route 58 : 1730 196 3730 2196 1200 786 2786 276 2276 1612 3200 1393 1069 1401 1205 3612 742 3401 3393 3069 920 393 3205 570 2742 1621 2570 445 2393 3621 2920 1265 2445 3265
Route 59 : 240 487 201 1488 1194 1011 3194 3488 2240 265 2201 3011 2487 232 1339 2265 2232 435 1820 275 2435 716 3820 178 2178 2275 3339 2716
Route 60 : 1755 85 654 963 1742 898 2963 2654 1733 3755 297 3742 3733 293 2898 2297 661 1869 2293 61 844 2661 2085 2844 1506 3869 197 3506 2197 2061
Route 61 : 566 554 1549 50 2566 897 3549 2554 787 2050 1366 1316 2787 3366 3316 2897 83 212 1077 575 2212 1567 3077 270 1983 2575 1594 2083 1650 3567 1658 3594 2270 363 1703 3983 3658 3650 1271 3271 2363 3703
Route 62 : 1009 1760 1672 604 1700 1633 3760 824 3009 3700 180 3672 2604 3633 1968 896 721 2180 2824 1695 3968 1542 3695 99 198 2896 2721 2099 3542 2198 1457 1213 1240 89 1414 3457 3213 3240 3414 2089
Route 63 : 1147 3147 55 1887 384 2055 1091 2384 577 1154 3887 3091 2577 3154
Route 64 : 829 659 820 111 906 2659 486 1662 2829 2111 229 1663 2906 2820 3663 2486 84 2229 643 3662 2643 1815 35 1174 3815 2084 2035 3174
Route 65 : 310 1538 468 943 1806 3538 2943 2468 1381 1540 510 3806 2310 2510 3540 1060 918 1686 3060 321 236 3381 1312 2918 782 2236 3312 3686 2321 2782
Route 66 : 1579 1895 1521 1657 3521 90 3895 1894 115 3657 1718 1233 3579 1560 2115 3233 3560 3894 647 1247 1362 3718 2090 3247 3362 2647 1987 1428 1709 1408 3428 3408 3709 1897 3987 607 2607 3897
Route 67 : 400 302 1489 939 942 2302 1132 3132 2939 3489 1683 2942 1183 437 3183 3683 614 960 2400 632 2437 2960 827 470 2827 2614 1847 509 2470 1487 2632 917 1520 2509 3847 3487 2917 3520
Route 68 : 1994 1133 269 1357 2269 290 540 3994 3357 1846 2540 955 3846 1088 3133 2290 840 3088 2840 2955 163 913 346 1257 2163 1078 3078 1958 1630 2913 3958 2346 3257 3630
Route 69 : 1368 342 1396 601 3396 527 2601 1830 1245 2342 2527 3830 3368 3245 1539 893 1276 1673 669 1297 3539 3673 2669 1116 264 1300 3276 267 2893 3297 1918 3116 2264 502 3918 3300 2502 2267
Route 70 : 952 1872 1230 3872 1283 1139 1587 3283 3230 2952 534 833 1803 3587 2534 3139 181 3803 1598 2833 2181 1818 3598 3818
Route 71 : 1006 72 1400 1359 410 1344 3359 3400 123 300 3006 117 2300 2123 2117 2072 1305 3344 3305 2410 1382 349 1722 761 3722 2349 1307 2761 1509 1463 485 1263 3463 3307 3263 3382 3509 2485
Route 72 : 1898 686 3898 620 2686 2620 20 2020 1559 3559 738 1036 837 751 2837 1169 817 2738 2751 107 3036 1241 2107 2817 3169 3241
Route 73 : 211 375 934 1514 2375 243 3514 2211 2934 1302 1329 2243 390 1771 3302 3329 2390 1832 3832 3771 330 823 1018 1570 1476 3570 2823 1030 1865 2330 3476 1274 578 3865 1269 3274 3030 3018 341 2578 2341 3269
Route 74 : 984 1441 1364 172 3364 670 2172 367 2367 2670 2984 950 420 1948 3441 2950 2420 228 416 1980 3948 191 2228 467 1173 2191 3980 1356 841 2416 3356 2841 2467 3173
Route 75 : 442 1727 2442 938 1793 388 501 2388 2501 3793 1944 3727 56 1677 2938 1432 1932 3432 3944 3932 2056 3677 861 536 497 19 2497 908 1651 2861 2908 2019 3651 2536
Route 76 : 1637 3637 667 2667 449 1867 778 811 1285 2778 2811 2449 3285 125 3867 543 928 1346 3346 260 962 2928 362 2125 479 2260 2362 2543 1629 1052 2962 2479 3629 3052
Route 77 : 221 1817 1907 1067 626 223 2223 3067 3907 3817 2221 2626 556 1920 1206 1126 1975 3920 3206 3975 48 2048 2556 756 1541 773 1007 3126 2756 3007 2773 3541
Route 78 : 1481 736 2736 3481 166 1823 81 672 261 2081 2672 1324 2166 2261 3823 3324 1178 1215 727 3215 3178 689 4 2727 1804 1008 3008 2689 3804 2004
Route 79 : 94 808 1142 1443 237 624 2237 2094 3443 2624 3142 1716 2808 1503 1759 1711 3716 3759 976 1341 3711 1851 3341 2976 1456 1908 3503 958 3456 3851 1926 3908 1963 3926 1536 2958 3963 3536
Route 80 : 106 392 16 45 2392 2016 2106 1515 1939 2045 1978 484 454 3939 3515 3978 1291 210 2454 1239 1665 553 3291 3665 3239 2484 2553 1282 199 2199 2210 3282
Route 81 : 769 1479 1584 1289 140 3289 2769 3479 3584 2140 1870 3870 1153 1223 3223 1033 3153 3033
Route 82 : 959 1470 1406 161 3406 1919 2161 2959 3470 219 438 67 1699 548 2438 2219 605 2067 3919 1419 326 2605 2548 1768 42 1737 3419 2042 3768 3737 3699 231 2326 2231
Route 83 : 378 1864 2378 662 3864 2662 79 18 47 2079 1483 1217 1573 3483 2047 1659 2018 790 3217 3659 779 2779 2790 3573 1766 1256 1778 3256 3766 3778
Route 84 : 1678 425 1656 1970 831 1136 3970 2425 1031 3656 3136 2831 927 262 3678 567 2567 93 2262 1856 2927 1338 1848 3031 522 2093 3338 2522 3856 1562 1635 398 3848 2398 397 1615 874 3635 3615 3562 2397 2874
Route 85 : 650 1557 1947 2650 847 3557 1431 706 31 3947 2847 2031 2706 1429 1783 3431 1842 3783 1121 734 3842 3121 1915 3429 1261 3915 1701 331 3261 2331 564 2734 2564 3701
Route 86 : 1115 1546 855 1497 3546 1726 1117 121 2121 719 3726 3115 1770 3497 2855 852 3117 2719 1728 3770 37 1940 1799 1407 3728 3799 2037 2852 465 1871 1293 3407 3940 2465 504 910 3293 2910 1013 714 2504 3871 2714 3013
Route 87 : 526 1310 2526 3310 1162 1002 3162 3002
Route 88 : 254 168 797 1099 2168 1170 901 2254 322 3170 2797 2901 3099 2322 1819 1569 6 806 202 2006 598 3819 292 2292 2806 1114 3114 3569 2598 2202
Route 89 : 1854 1654 1590 1741 238 188 3590 3654 3854 113 2188 1332 992 2113 1089 2238 1226 3741 2992 1430 3332 3430 3089 3226 525 587 1885 2587 3885 2525 1601 1421 3601 3421
Route 90 : 1128 1530 1016 463 1403 1816 3016 2463 3128 3530 1529 3816 3403 54 666 2054 2666 3529 1275 1522 272 3275 2272 95 3522 217 1072 1995 2095 975 1810 2975 515 3072 3995 3810 2217 2515
Route 91 : 1554 691 1738 702 3554 805 2691 884 63 2702 2805 1330 903 2063 3738 2884 2903 3330 204 1085 1180 1992 3992 2204 147 3085 3180 2147
Route 92 : 1365 977 1404 1998 448 1054 2977 3998 3365 3404 770 819 2448 698 2819 498 1993 3993 3054 1807 2498 2698 2770 1021 3021 3807 1323 1219 1473 746 88 3219 3473 2746 2088 3323
Route 93 : 1086 1190 3086 539 1543 1814 1797 3814 2539 370 520 1498 3543 426 3797 2370 3190 3498 2520 2426 1460 1916 1668 1045 3460 3916 146 3045 947 3668 2146 2947
Route 94 : 1511 1715 160 1425 1548 2160 3548 192 3511 2192 3715 3425 127 858 888 2858 39 1689 2888 1652 2127 3689 2039 3652 1964 3964
Route 95 : 268 1024 1111 1044 953 1537 3111 3537 3044 2953 1588 309 2268 1951 3024 3588 413 1563 1676 2309 2413 3563 507 3951 282 2507 1801 2282 3676 76 1424 557 3801 2076 286 2557 1397 1984 1333 3424 2286 3333 3397 3984
Route 96 : 1787 1287 428 1531 3787 2428 109 3287 377 148 266 2109 2266 3531 2377 2148 1155 66 1485 14 636 2066 131 2014 3485 1891 1985 3891 3985 3155 2636 2131
Route 97 : 622 193 1839 585 2622 2193 552 764 1841 3839 2585 1496 3496 1387 2764 130 815 2552 3387 2815 3841 2130
Route 98 : 1649 1779 1131 493 1627 423 3131 3627 3779 3649 1960 2423 2493 3960 767 1930 234 1478 2234 1165 2767 3478 1513 3930 26 3165 1315 3513 2026 3315
Route 99 : 1622 512 1609 1053 589 3622 886 3609 2589 434 2886 1043 64 2512 3043 2064 854 3053 1510 2434 203 2854 665 836 3510 871 2203 2665 1342 2871 2836 3342
Route 100 : 374 816 456 2374 2456 2816 1905 926 657 1702 3905 1055 2657 3702 277 954 1691 3055 2926 3691 1012 2954 2277 1210 1955 3210 1892 3955 3892 3012
Route 101 : 517 1671 3671 2517 1982 256 987 3982 2256 1120 2987 3120 1231 1047 1835 572 2572 3231 3835 3047
Route 102 : 1600 1061 1229 461 2461 3061 1319 3319 982 3600 1989 3229 2982 1107 3989 1889 436 3107 3889 1719 733 919 3719 1896 2436 2919 2733 3896 364 685 1434 1222 993 2685 3434 1001 3222 2364 2993 3001
Route 103 : 555 13 469 477 2469 2555 2013 694 176 100 720 2694 2477 2100 2720 2176 758 1228 3228 1945 941 1680 775 2758 772 1973 3945 2775 1380 2941 1682 1360 2772 2000 3680 3360 3380 4000 3682 3973
Route 104 : 1909 21 3909 1937 2021 3937 1605 3605 1620 619 2619 3620 1379 1093 763 1020 215 3093 3379 618 1119 3020 2215 629 1773 1561 2618 542 2763 3773 2542 3119 1952 2629 3952 3561
Route 105 : 616 550 682 2682 2550 2616 1628 1184 108 3184 492 3628 2108 1646 1336 1301 1171 3171 3336 2492 3646 3301 1445 1070 1415 1442 344 3445 1418 3442 1413 3070 2344 3415 3418 3413
Route 106 : 1204 842 3204 922 1014 625 2842 2922 867 902 3014 2625 2867 324 1524 1029 3524 653 1582 2902 482 2324 3029 880 3582 1028 2880 3028 923 2482 2923 2653
Route 107 : 1331 348 1956 1172 2348 3172 138 1607 1717 3956 347 2138 3717 3607 3331 422 1335 2347 1900 1427 1796 2422 3335 187 3900 3796 2187 3427
Route 108 : 969 549 608 104 2969 2608 1532 2549 2104 483 1450 1636 3532 2483 1220 795 1724 3450 3636 2795 3724 762 53 22 1187 3220 2053 3187 2022 1062 177 2762 2177 3062
Route 109 : 1046 640 1523 850 3046 183 1917 2640 3523 3917 2850 1596 697 2183 591 793 2793 3596 2697 2591
Route 110 : 1790 991 3790 376 949 2376 162 401 2991 389 673 1143 2949 190 3143 2401 2162 2190 2389 2673 273 458 1158 1140 3158 1967 2273 2458 3967 3140
Route 111 : 52 1081 1367 1 2052 1859 3081 1550 1166 3367 3859 1906 3550 2001 3906 3166 186 1486 1493 630 3486 3493 2630 2186
Route 112 : 3 1552 49 1712 2003 584 3552 2049 1838 2584 895 974 1193 2974 3712 3193 1071 1083 3838 2895 1197 3071 1103 3083 3103 3197
Route 113 : 1049 226 355 2226 3049 2355 1935 3935 1433 439 15 771 2771 1076 3433 2439 2015 1720 142 3076 195 2195 1164 1350 2142 533 3720 3350 3164 2533
Route 114 : 860 1472 103 1640 3472 656 242 2860 723 335 2656 1623 3640 2103 323 2335 979 2242 3623 2979 2723 1580 2323 1246 271 3580 2271 3246
Route 115 : 1664 216 1288 1568 809 3664 3288 1775 956 3775 2809 1802 1638 3568 1805 2216 3638 538 1616 2956 3805 3802 23 2538 2023 1639 253 280 3616 613 2253 3639 2280 2613
Route 116 : 452 1090 1575 494 3090 318 1492 3575 2494 1849 1618 1512 2318 2452 3618 3512 3849 92 997 1236 3492 1764 3236 97 2997 2092 3764 1304 2097 3304
Route 117 : 43 289 747 1666 1094 2747 696 2289 1632 3094 3666 2696 812 1698 206 2812 3632 1535 69 2206 2043 158 353 789 2069 3698 3535 59 2789 2158 2353 2059
Route 118 : 1949 1458 1979 1268 3458 3949 440 3979 3268 1877 2440 3877 704 1385 1826 3385 637 2704 1971 2637 3826 3971
Route 119 : 495 1551 1105 3551 281 3105 2495 429 853 725 1188 2853 2281 2429 3188 2725 205 1519 1962 957 3519 2957 1812 3962 1259 3259 3812 2205
Route 120 : 1167 1451 417 3451 249 868 2417 2249 3167 2868 1491 350 1127 882 3491 2350 1189 2882 3189 3127
Route 121 : 945 1426 635 1317 2945 2635 3317 1500 1157 3426 473 460 2460 2473 3157 3500
Route 122 : 1258 1641 3258 3641 1277 3277 1756 3756 1080 137 830 2137 2830 1063 639 114 2114 3080 3063 881 2639 2881
Route 123 : 171 1026 1097 245 1852 664 3097 646 3852 3026 2646 663 2171 1876 3876 2245 2664 1482 3482 2663
Route 124 : 1784 3784 1556 3556 382 1706 1196 27 3706 3196 2027 2382 796 777 1997 839 1753 3997 2796 2777 3753 1693 3693 2839
Route 125 : 679 1314 612 560 3314 2612 2679 571 2560 1181 1394 457 3181 1448 2457 743 3448 2571 2743 547 159 3394 2159 2547
Route 126 : 1374 1253 1752 3752 337 741 2741 3374 2337 562 1593 3253 1547 859 1435 2562 3547 2859 1179 1227 3435 1780 3593 3227 3780 3179
Route 127 : 139 611 1912 230 1696 2139 2611 3696 1613 1833 558 3912 3833 1954 1313 3613 1586 3954 990 3586 2558 3313 2230 2990
