Instance name: nyc-n600-5
Authors      : CUHKSZ_HWGTS
Date         : 2024-12-03
Reference    : Unpublished
Solution
Route 1 : 148 448 113 2 413 43 302 175 343 124 152 262 475 64 14 364 424 205 562 452 505 244 200 56 500 314 222 265 165 356 565 544 465 522 139 70 252 187 215 552 439 94 394 515 370 212 512 487
Route 2 : 278 213 287 261 513 156 578 264 561 248 456 548 564 587 157 71 49 457 371 226 172 83 472 383 349 75 133 211 106 406 526 511 149 114 433 158 375 239 449 84 91 414 539 384 28 391 328 458
Route 3 : 171 196 159 223 191 132 496 246 432 459 36 471 108 280 580 491 336 233 523 9 533 408 234 284 184 546 584 177 484 193 534 11 18 311 309 143 185 493 443 477 170 30 293 330 470 257 142 318 593 485 557 442 111 126 41 341 173 272 144 473 411 572 444 426 283 227 125 138 181 583 481 438 425 527
Route 4 : 296 25 241 59 541 596 359 325 180 260 161 217 461 560 237 517 134 480 110 434 22 410 269 537 322 225 31 569 164 331 267 464 66 300 189 109 525 567 366 600 489 72 168 15 468 372 409 27 236 35 327 536 315 63 335 34 153 82 99 453 95 395 334 123 399 363 162 76 423 26 382 376 462 326
Route 5 : 29 13 104 250 194 550 329 404 313 117 494 229 130 131 417 431 88 430 529 61 115 361 69 388 415 122 12 369 89 90 140 389 422 312 390 440 281 270 231 581 155 254 570 290 554 531 232 146 20 532 320 446 590 455
Route 6 : 40 198 176 498 3 303 183 340 105 476 154 178 405 282 454 478 483 86 582 53 57 207 245 545 286 386 357 507 353 586 169 275 214 202 469 190 514 160 490 502 199 460 575 37 93 203 195 499 495 503 121 174 421 299 474 337 393 179 599 102 127 479 6 188 306 73 488 402 427 373
Route 7 : 16 151 145 316 58 209 358 243 221 509 445 150 521 451 450 543 201 501 33 333 163 182 238 482 463 219 519 51 208 538 508 5 23 291 351 323 81 381 305 591 197 216 292 60 516 54 78 360 242 592 497 354 98 378 398 542
Route 8 : 39 186 147 263 47 486 339 228 116 563 347 416 447 8 528 273 308 295 249 573 294 137 87 594 595 67 103 549 367 437 45 387 298 79 167 345 256 288 588 403 379 467 266 220 556 598 566 520
Route 9 : 224 1 524 17 210 317 301 277 135 92 510 192 52 577 97 492 259 166 392 50 435 352 397 350 120 559 466 297 204 218 420 55 504 274 518 597 355 574 32 289 21 332 4 19 235 321 112 304 276 576 68 535 119 589 412 319 74 368 42 419 342 118 24 374 418 80 324 380
Route 10 : 85 44 141 285 96 396 344 385 585 441 38 240 338 129 247 547 206 255 429 230 46 540 7 506 268 555 530 253 346 77 568 101 271 553 307 65 377 48 401 571 10 258 348 100 310 365 251 128 400 558 279 551 136 428 62 436 107 579 362 407
