Instance name : nyc-n1500-4
Authors       : BIG3 - Dmitriy Yampolskiy, Egor Nikolaev and Daria Savina. Smart Logistics Point by the BigThree team (big3.ru).
Date          : 2025-04-22
Reference     : BigThree team (big3.ru)
Solution
Route 1 : 366 202 232 368 283 37 952 96 1116 1118 1033 787 982 537 685 846 749 282 441 1191 1032 1287 1435 371 1499 158 494 81 1121 908 1244 675 285 831 1035 384 663 129 465 526 1425 235 1134 1215 1413 1276 985 634 879 698 1384 193 150 1448 360 900 943 51 1110 609 456 550 801 646 1300 1396 183 1359 1206 739 1489 599 736 933 1349 515 1265 710 102 1460 1486 852
Route 2 : 721 3 447 714 1471 753 1464 118 1197 868 392 146 155 1142 489 587 234 553 905 984 896 1337 557 559 1239 519 1303 528 512 1309 1269 1262 423 1307 1278 565 555 1173 601 1315 124 1305 703 1351 874 556 1306 280 83 1453 417 160 212 910 1167 603 1030 833 287 962 1037 297 8 1353 15 758 90 444 1047 375 765 1194 840 1125
Route 3 : 593 716 1343 1466 302 1052 497 53 363 1247 803 1113 720 43 154 516 1470 904 793 1266 622 569 383 430 462 1319 1372 92 379 1133 1212 1129 842 48 254 1180 28 1004 798 274 174 41 778 1024 357 215 924 1107 791 7 965 577 757 248 1327 687 658 44 998 1437 794 1408
Route 4 : 110 637 671 860 165 259 1009 1387 1421 915 367 726 1117 1476 682 426 547 1176 693 1432 246 86 1443 1297 996 149 836 171 22 189 921 899 505 4 255 939 754 772 1255 1005 374 459 1124 184 934 1209 370 711 272 1120 1461 1022 503 657 333 1253 1407 68 73 818 823 1083
Route 5 : 662 650 502 1412 11 214 761 1252 406 238 964 1400 686 988 245 1436 1156 995 127 321 229 1071 877 979 236 186 30 453 415 487 1237 986 780 1203 1165 936 299 660 288 467 455 1038 493 166 1217 1205 1410 1049 578 1243 672 916 485 1328 1422 182 1235 932 195 217 638 591 643 967 945 1388 79 654 1341 1393 1404 829
Route 6 : 139 684 26 472 290 1222 776 1434 889 121 1040 871 334 1084 197 641 1391 947 21 717 296 653 1046 771 1467 568 1403 1318 399 263 680 1430 707 1149 355 157 1013 1457 226 225 1105 507 976 975 1257 907 627 84 834 545 10 1295 760 1377 397 531 330 1281 1080 1147
Route 7 : 688 530 194 445 626 548 944 1280 337 1195 1438 1376 1087 1298 452 1202 78 481 1231 828 349 57 667 1099 572 807 1417 1322 277 623 1027 611 176 1373 71 307 1361 926 358 1057 821 46 470 372 796 704 1220 1108 389 424 1122 304 1139 411 1454 172 1174 1161 147 922 1054 303 1053 457 694 382 897 1132 1207 1444
Route 8 : 499 309 269 340 89 1059 1019 1249 541 839 1090 134 1291 884 117 47 867 797 442 1192 678 617 262 1367 1428 291 1012 642 1041 252 1392 103 729 529 567 1002 648 1317 1279 69 853 1398 54 1479 804 819 20 298 624 478 1048 770 517 1374 1228 93 1267 74 316 843 824 1066
Route 9 : 278 143 52 373 1123 893 1028 802 464 113 664 863 474 1224 1214 1414 126 161 64 911 91 344 876 841 469 814 1094 1219 697 385 546 483 1447 17 1135 604 767 1296 1233 1354
Route 10 : 223 535 448 1198 973 1285 268 1018 390 264 1140 683 1014 629 228 1379 978 1433 128 405 177 130 878 927 1155 221 108 880 573 346 1323 413 858 1096 592 479 324 1342 1229 1163 971 365 198 347 1097 116 1074 1115 948 55 866 443 805 188 938 463 1193 1213
Route 11 : 23 468 744 773 659 156 906 1409 1218 1494 45 9 748 460 1210 795 759 1498 50 614 618 476 416 1226 1368 800 1364 5 308 1166 173 755 570 1058 1320 923 348 131 590 1098 608 525 1358 1275 881 237 1340 987 521 38 391 1271 136 1141 788 886
Route 12 : 40 488 378 1238 1128 482 101 733 790 341 449 1232 1483 1091 311 851 1199 253 1003 1061 598 511 1261 1348 222 132 600 882 1350 972 450 551 122 872 1200 1301 115 490 396 562 1240 865 206 1146 1312 956
Route 13 : 615 243 168 918 386 354 743 1365 1136 993 679 475 1429 558 1493 1104 477 649 1308 1225 1399 1227 595 60 635 1345 486 810 1385 1236 681 619 1431 152 377 1369 49 1127 799 902 244 192 276 994 142 892 737 1026 1487 942
Route 14 : 500 191 941 99 849 1250 418 56 571 1168 806 1321 224 974 181 422 552 1172 1302 931 632 286 295 1045 1036 1382 429 18 668 768 1179 338 1418 27 579 1088 692 1329 777 561 261 1311 1011 1442
Route 15 : 332 492 421 620 1242 1171 1370 699 306 1082 19 1056 1449 318 439 769 1189 1068 201 251 951 205 1001 955 533 1283 94 844 651 647 701 1401 211 700 1397 644 1451 628 1450 961 180 1378 1394 930
Route 16 : 256 506 106 438 428 1188 1006 856 402 1256 1178 1152 70 820 607 1357 29 461 491 398 1148 323 1241 466 779 1211 145 151 901 1073 895 1216 104 742 446 388 1492 630 854 1196 1138 585 656 320 239 1380 1335 1406 989 1070
Route 17 : 218 723 376 279 327 1029 410 1473 968 1077 1126 1160 576 207 1326 957 412 750 747 554 1497 527 520 1162 1277 1500 24 1304 774 1270 544 670 325 1294 1420 1075 718 137 322 542 887 1292 1072 1468
Route 18 : 123 636 1386 342 873 1092 665 564 1415 1314 144 362 1112 495 894 1245 625 640 80 381 1390 830 203 1375 364 1131 953 695 563 1114 1313 451 1445 1201 120 210 196 870 960 946 740 175 480 925 509 1490 536 1230 1259 185 12 1286 734 935 633 247 997 762 1484 731 1383 1481
Route 19 : 329 588 170 162 920 741 1079 107 1338 912 257 857 58 1007 1491 708 336 62 808 1086 1458 395 812 436 706 1145 249 1456 1186 294 999 594 87 1044 284 326 1344 266 6 756 1034 1076 1016 673 837 356 98 1423 76 220 319 1069 1106 848 970 691 826 669 1441 88 510 141 1419 838 705 1260 112 1455 586 1336 862 473 891 1223
Route 20 : 713 745 432 440 227 187 1190 518 1495 937 1182 1463 1268 977 612 498 1362 25 484 1248 1234 775 350 403 61 163 1100 67 811 913 1153 817 702 730 728 1452 1480 59 32 809 1478 782 361 738 164 914 1111 433 213 1488 566 314 963 1316 1183 289 233 404 1064 1039 983 1154
Route 21 : 77 414 501 343 827 1093 72 538 1164 300 822 1251 1288 119 1050 869 36 2 66 267 508 816 281 752 100 1031 786 1258 850 1017 167 631 652 16 1381 689 179 917 766 1402 1439 437 310 929 190 1060 940 1187 109 240 583 514 859 339 1333 990 674 1264 352 1089 1102 425 1424 305 14 1175 1055 764
Route 22 : 574 111 345 1324 861 258 387 1095 420 1008 1137 522 724 1170 1272 471 1474 1221 353 34 1103 539 292 335 1289 784 1042 271 722 1085 434 1472 1184 746 1021 133 1496 135 883 885 419 301 231 532 1051 331 1169 75 351 1081 1282 981 825 1101 605 712 1462 1355
Route 23 : 13 616 763 125 575 1366 875 273 1023 1325 313 534 676 606 1356 1426 727 1063 602 1477 732 1284 1352 549 610 715 1482 1360 1299 1465 369 31 1119 241 293 991 781 1043 580 560 581 1330 458 1331 454 1310 1208 1204 169 85 504 513 835 265 919 1254 1263 1015 312 95 1062 63 114 813 719 159 845 864 909 1469
Route 24 : 621 138 409 888 178 1371 148 153 1159 903 898 928 140 408 890 200 1158 661 270 1411 950 204 1020 596 1346 954 393 260 219 543 1143 1010 969 317 380 1293 1067 1130 39 431 230 789 980 690 582 1181 1440 359 1 1332 639 82 751 1109 832 35 1389 105 785 855 275 677 496 1427 1246 1025
Route 25 : 435 597 655 725 1185 209 407 1405 1347 959 524 1475 1274 1157 42 199 584 1334 792 394 208 400 949 1150 958 328 1144 540 250 242 1290 1000 97 735 1078 992 696 847 1485 401 1446 709 1151 666 315 523 1459 1065 613 33 1363 1416 589 1273 783 1339 645 65 815 216 427 1177 1395 966
