Instance name:	nyc-n1500-2
Authors:		Carlo Sartori and Luciana Buriol
Date:			2019-2-11
Reference:		A matheuristic approach to the PDPTW (to be submitted)
Solution
Route 1 : 392 168 337 1142 18 23 487 918 1087 124 773 1237 768 271 45 546 538 874 192 1021 369 795 1296 1119 942 509 375 1288 132 1259 1125 882
Route 2 : 494 66 109 565 588 816 1338 1315 431 1244 294 859 1181 427 1044 1177 621 566 499 1371 185 1249 935 1316
Route 3 : 632 130 1382 256 391 1006 880 629 624 1379 635 1374 383 1141 56 556 1385 113 806 58 1306 863 29 1133 44 808 794 779
Route 4 : 407 224 645 1157 1395 974 227 445 99 85 977 849 415 1195 178 398 928 1165 835 1148 551 1301
Route 5 : 170 22 326 267 536 920 772 171 1017 921 1076 1286 193 943 488 1238 650 279 40 1400 367 1029 790 1117
Route 6 : 491 495 579 61 258 1245 1329 1241 340 631 1008 447 811 1381 1090 2 1197 6 659 752 293 1409 756 547 148 299 163 503 1297 1043 898 1049 913 1253
Route 7 : 493 462 584 525 661 1411 1334 106 344 406 1243 1212 184 342 856 1275 1156 1092 207 1094 934 957 263 289 41 643 327 1039 1013 1077 169 791 1393 49 373 919 457 12 799 1207 1123 762
Route 8 : 480 1230 451 1201 596 665 558 69 819 1346 1308 107 857 62 1415 442 288 287 1192 812 1037 1038
Route 9 : 328 639 1078 311 317 1389 526 482 1061 1232 1276 1067 329 561 477 1079 590 1311 43 1227 303 793 670 531 1053 1340 1420 1281
Route 10 : 330 674 603 549 518 1299 1080 1353 1424 1268 543 246 9 759 677 166 1293 996 1427 542 916 1292 68 86 108 818 836 858
Route 11 : 54 481 530 679 1429 804 8 1231 1280 634 1384 758 474 574 515 280 1224 1030 453 1324 1265 544 562 349 1203 360 1294 1312 1110 568 1099 1318
Route 12 : 496 371 359 1121 158 30 432 908 780 1246 1109 16 569 1182 78 766 651 605 1319 1401 578 334 828 1355 595 156 1328 1084 362 681 1345 1112 1431 648 151 53 906 244 901 803 1398 994
Route 13 : 523 255 219 195 225 1273 604 969 593 945 1354 20 1005 975 94 770 844 1343 103 146 853 519 395 896 572 82 685 832 1145 137 1269 1435 887 1322
Route 14 : 366 1116 116 690 51 866 250 801 245 1440 995 1000 33 433 7 693 783 757 209 325 606 471 959 363 1183 1113 1221 1443 1356 1075
Route 15 : 196 658 504 646 946 692 694 1254 1408 1396 36 1444 128 1442 212 275 786 1025 878 962 139 314 187 412 1064 937 889 318 1162 420 1170 1068
Route 16 : 120 307 1057 870 55 138 324 888 89 1074 805 134 339 839 884 1089 628 641 668 1378 1391 695 497 625 1418 1445 1247 1375
Route 17 : 298 1048 548 63 1298 125 813 353 614 691 210 1364 1441 875 960 1103 601 1351 229 164 1 702 1452 914 409 979 751 177 1159 927
Route 18 : 162 259 413 382 1163 313 912 145 1009 1063 895 704 341 448 1132 455 1091 1454 1205 461 1198 397 1211 24 1147 179 929 774
Route 19 : 100 72 705 822 613 204 282 850 1455 1363 954 618 1032 425 190 500 1368 940 1175 468 1250 203 150 10 131 1218 900 241 881 953 991 760
Route 20 : 121 254 871 81 557 220 706 1307 1004 970 176 1456 831 368 926 476 183 343 376 1118 933 1093 1126 1226 443 322 57 71 1072 1193 821 807 507 508 77 230 350 1100 980 1257 827 1258
Route 21 : 667 1417 197 534 947 437 1187 1284 393 539 709 34 520 1143 1459 1289 1270 784
Route 22 : 696 102 302 1446 1052 852 684 278 1434 127 1028 377 265 1015 1127 242 877 675 710 533 992 1460 1283 1425 424 268 226 642 25 1018 775 976 1174 1392
Route 23 : 711 1461 473 59 809 1223 111 356 861 260 1106 91 1010 264 105 697 841 700 1014 140 587 890 676 1450 213 855 1426 963 1447 1337
Route 24 : 429 585 15 418 712 1168 765 214 333 1179 1335 165 964 1083 257 486 1462 915 430 347 386 1180 1007 1236 537 505 1097 1136 338 21 301 771 1088 1287 450 1255 583 1333 1051 1200
Route 25 : 200 3 950 272 321 753 1071 1022 117 320 270 144 867 1070 894 713 381 1020 385 449 698 1463 1135 1199 1448 1131 657 355 1407 1105
Route 26 : 206 597 126 956 1347 403 234 876 688 253 550 984 1153 1300 1003 1438 101 719 90 401 851 60 1469 1151 502 840 810 1252 97 283 847 1033
Route 27 : 147 14 309 310 173 1059 923 764 897 1060 228 978 135 885 222 512 1262 972 4 323 346 723 400 630 1073 1096 32 1473 754 1380 1150 782
Route 28 : 416 1166 708 1458 141 70 274 331 167 891 820 1024 1081 917 215 965 652 470 671 725 1421 189 1402 446 939 304 654 1475 1404 1220 1054 1196
Route 29 : 417 345 75 825 237 1167 727 1095 987 1477 552 358 247 217 1302 967 997 1108 452 188 656 216 529 1202 966 1279 1406 938 143 513 136 886 893 1263
Route 30 : 716 586 699 434 262 1466 65 1449 1184 728 1336 815 1012 175 1478 925 181 96 155 389 235 931 553 985 50 1303 1139 469 846 703 905 1453 800 1219
Route 31 : 269 133 365 394 374 1124 1144 1115 1019 883 194 76 944 295 160 80 436 826 830 1045 718 910 729 1468 1186 1479 722 609 399 205 1359 955 422 1149 1472 1172
Route 32 : 352 1102 411 730 419 281 1169 1031 149 1161 626 1480 680 899 354 306 1430 1376 1056 1104
Route 33 : 79 405 620 223 516 1266 973 1370 829 73 35 1155 644 823 785 357 1394 731 92 290 1107 1481 842 261 1040 707 478 1011 17 1457 1228 767
Route 34 : 582 1332 236 672 1422 986 291 5 755 492 678 602 1041 1352 1428 1242 361 218 439 444 19 968 1111 1189 769 637 1194 458 564 1208 154 734 232 1387 563 1314 904 1484 1313 982
Route 35 : 521 1271 98 239 989 735 348 1485 848 524 1098 252 647 1002 1274 1397
Route 36 : 555 159 52 46 616 802 1305 612 664 909 796 514 1366 663 1414 153 1362 142 1264 892 903 1413 594 640 717 736 733 1344 511 1486 1390 1483 1261 1467
Route 37 : 277 48 13 238 37 87 798 988 114 1027 837 592 787 864 763 379 292 191 1042 941 1342 240 1129 198 243 115 993 737 1487 527 26 990 319 865 387 948 123 1137 776 1069 873 1277
Route 38 : 726 485 501 465 623 1373 1215 1235 1251 1476 541 619 305 441 1369 1291 1055 1191 372 1122 570 738 510 1320 1260 186 638 936 1488 1388
Route 39 : 689 577 589 1327 336 1439 1086 607 390 1339 273 199 498 739 1140 1023 949 1357 1489 1248
Route 40 : 315 211 404 1065 1154 435 961 666 1416 1185 384 1134 741 682 182 308 1491 932 335 1058 591 1432 1085 490 93 843 1240 370 1120 1341
Route 41 : 743 251 428 426 611 1178 1361 1001 1176 1493 112 438 483 862 575 1188 208 1233 1325 535 958 296 464 1214 1285 1046
Route 42 : 472 27 673 297 466 540 1222 580 1047 777 1423 47 1216 459 1330 1290 484 410 797 1209 440 1160 1234 266 1190 110 615 1016 744 860 1494 1365
Route 43 : 653 489 1403 506 64 174 924 1239 745 122 814 1495 1256 872 104 610 28 31 781 1360 312 778 1062 854 633 249 11 999 456 1383 1206 761
Route 44 : 746 742 95 467 845 233 423 1217 715 1492 1496 581 1173 388 983 1465 1331 1138 201 517 421 560 1310 351 1267 951 1101 1171
Route 45 : 39 479 655 300 789 599 1405 1229 1050 396 1146 157 1349 129 907 879 231 402 724 747 1152 1474 378 1497 662 981 454 1128 463 683 528 740 1204 1490 1433 1412 1278 1213
Route 46 : 573 286 202 42 545 332 1036 276 792 1082 1323 414 1026 952 1295 748 1164 559 172 38 1309 788 364 922 460 74 1498 380 576 1114 554 1130 1210 1304 1326 824
Route 47 : 627 316 180 720 687 1066 1437 84 1377 930 1470 221 248 834 701 971 617 669 571 998 522 1451 749 1321 1367 1499 152 1272 1419 902 567 721 714 1464 88 475 1317 838 1225 1471
Route 48 : 119 608 67 869 284 636 83 1358 817 833 1386 660 1034 1410 686 118 598 1436 532 1348 868 408 285 1158 1282 750 1035 649 622 1500 1372 161 600 1399 911 732 1350 1482
