Instance name : nyc-n4000-5
Authors       : BIG3 - Dmitriy Yampolskiy, Egor Nikolaev and Daria Savina. Smart Logistics Point by the BigThree team (big3.ru).
Date          : 2025-04-23
Reference     : BigThree team (big3.ru)
Solution
Route 1 : 1944 465 69 793 3944 2465 350 340 1375 2350 2793 2340 2069 3375 1141 201 1768 1867 1287 2201 3867 3768 3141 222 1134 1229 3287 3229 2222 3134 1754 400 2400 3754 641 2641 883 449 843 1403 1809 3403 2843 3809 2883 1520 1532 146 1428 2146 2449 3520 3532 3428 1365 365 1899 3365 1443 1773 3443 3899 2365 535 827 938 3773 1828 3828 1203 565 2535 2938 2827 2565 3203
Route 2 : 629 985 2629 427 1336 497 998 974 2998 2427 2985 2497 2974 3336 1511 1967 3511 1814 3967 888 616 1138 2616 751 3138 3814 2888 1230 1260 2751 1421 3260 3230 139 1583 186 2139 3421 351 2186 3583 2351 1436 1181 1207 3207 3436 1605 3181 1521 1162 3605 3162 861 852 3521 2852 2861 807 1372 2807 3372
Route 3 : 174 1284 1495 1426 3495 2174 3426 602 3284 1994 2602 688 198 1660 3994 2198 373 2688 1849 1927 3660 1935 922 2373 3927 551 3849 3935 1463 2551 2922 860 3463 1070 1196 1890 3196 756 2860 3890 1497 3070 3497 2756 402 676 1552 2402 3552 203 197 261 1411 2676 2261 3411 2203 1923 2197 1848 980 3923 1437 2980 3848 3437
Route 4 : 248 1913 108 2248 1499 3913 89 3499 1667 1538 2108 2089 3667 3538 145 39 857 1764 2857 3764 2039 1369 953 2145 1587 1793 3587 3793 1983 545 2953 257 3369 2257 229 2545 880 2880 1750 2229 1813 3983 3813 58 40 3750 1335 2040 2058 379 381 1076 3335 1035 2379 3076 2381 3035 1514 347 784 747 516 2347 2747 1435 2784 3514 514 3435 2516 2514
Route 5 : 546 342 1498 1501 1745 3745 1253 1345 2546 2342 3345 3501 3253 3498 461 479 1036 194 2461 1354 3036 2479 1575 3575 2194 3354 1838 1333 475 161 3838 2161 1198 3333 2475 3198 656 452 1127 2452 2656 157 74 3127 1200 698 1696 2074 3200 836 2157 2836 1670 2698 496 904 169 2496 3696 1571 720 3670 3571 664 2904 1805 2169 611 2720 1339 2611 3805 2664 630 995 1961 868 3339 2995 2630 2868 3961
Route 6 : 208 292 574 2208 2574 2292 1585 1434 3434 786 3585 1218 1568 2786 3218 1640 730 3568 2730 3640 943 1219 1185 976 3185 1561 2943 3561 2976 1545 3545 3219 304 1290 441 538 590 3290 2538 2441 2304 1001 2590 1065 1490 3490 3001 3065
Route 7 : 668 1929 1591 1041 3929 3041 2668 116 2116 3591 1535 458 1331 3331 1158 2458 972 1955 3535 3158 1818 2972 3955 3818 1352 1221 1396 3221 3396 3352 1356 164 1096 1215 3215 2164 148 3356 258 3096 2148 1118 2258 3118 921 1823 54 2921 2054 789 713 3823 1234 1808 3234 3808 2789 2713
Route 8 : 76 1220 2076 1368 436 1653 3368 2436 3653 3220 192 1307 828 1092 3307 2828 489 3092 882 2192 2882 2489 1578 1509 168 1192 1205 3509 2168 1269 3578 550 3205 3192 1267 1586 3586 3269 2550 107 1722 950 3267 2107 684 1602 3722 2950 1751 2684 507 3602 2507 3751 1624 1357 4 3357 328 2004 763 1566 1672 3624 245 3672 2763 2328 2245 3566 1868 3868
Route 9 : 37 620 562 618 2037 2562 64 2618 2064 2620 431 1842 685 812 1489 3842 579 2685 2431 2579 2812 3489 737 944 309 2737 246 1039 2944 644 3039 2246 748 2309 2644 2748 680 1149 916 3149 2680 1450 2916 472 845 3450 409 754 498 2409 994 2472 2845 2498 2754 2994 626 1064 927 787 3064 1505 3505 1395 2927 2787 3395 1135 762 1620 2626 1019 1658 3019 3135 299 3620 1264 2762 2299 3658 3264
Route 10 : 1777 1078 368 1486 689 3078 486 3777 2368 2689 3486 2486 425 92 1189 2425 2092 1286 3189 3286 470 150 1377 1084 2470 2150 1059 1303 3377 1150 3303 3059 3084 3150 856 1719 534 962 1806 2856 2534 7 3719 2962 1262 214 1427 3806 362 2007 3262 2214 3427 2362 147 1361 3361 1886 1990 2147 659 3886 3990 2659 1969 1277 1483 3969 3277 3483 1142 1371 690 111 3142 234 2234 2690 3371 2111
Route 11 : 804 652 2652 2804 1995 3995 624 1183 1067 2624 1332 3067 1645 3183 1720 3332 3720 1027 137 3645 3027 650 1016 2137 3016 2650 982 855 352 1735 2982 3735 2352 53 2053 2855 158 1516 739 2739 1714 239 3516 2158 3714 2239 1594 3594 867 135 1071 3071 2867 2135 1716 1306 1943 1918 735 3716 3306 3918 2735 3943
Route 12 : 237 607 2237 2607 348 12 2348 1900 517 1159 3900 2517 3159 1401 2012 631 524 2631 3401 887 2524 1302 200 2887 65 3302 2200 1444 2065 3444 1075 1455 878 1544 2878 1271 3544 170 2170 221 3075 3455 958 876 3271 134 2958 2134 2221 1148 2876 965 1153 1251 3148 2965 3251 3153 803 761 1756 2761 3756 2803 801 1697 136 537 3697 2136 2537 2801
Route 13 : 1108 1457 1725 776 3457 3725 2776 1195 723 1939 163 3108 1104 2163 3195 3939 3104 2723 1642 1666 166 3666 346 2166 212 3642 114 2212 525 2346 2114 671 405 2405 1133 151 1980 2671 2525 3133 3980 889 2151 2889 615 1238 1855 3238 3855 2615 941 1676 824 1563 3563 1811 2941 3676 3811 2824 1570 1539 3539 3570
Route 14 : 1510 1052 3510 1033 3052 597 3033 2597 420 1678 11 554 2011 2554 51 3678 2420 838 1030 1788 1643 2051 3030 3788 2838 1300 3643 1252 1131 1324 3300 3252 1573 3324 3131 823 110 149 3573 1279 3279 1182 2149 2110 1270 2823 3182 1412 1798 750 2750 3270 1851 3798 539 1879 3851 2539 43 2043 3412 3879
Route 15 : 1191 826 3191 1406 2826 183 1385 167 341 2167 2183 3406 3385 2341 349 697 1812 2349 3812 1328 2697 454 1363 3328 2454 1853 432 3363 825 2432 3853 411 612 2825 1694 2411 1383 1050 2612 3694 3383 3050 1790 573 770 423 1393 779 2423 2770 3790 2573 3393 91 2779 2091 334 1757 1247 3247 1668 1906 561 2334 3668 3757 542 3906 2561 1858 2542 3858
Route 16 : 1291 1780 3291 1650 105 1370 1974 2105 1048 704 3650 3780 3370 390 2704 3974 3048 1012 2390 1665 606 3665 3012 1626 138 2606 2138 558 1749 266 3626 2266 2558 3749 1208 1925 426 1293 1662 3208 3925 3293 3662 1250 2426 3250 990 670 1319 699 829 2990 3319 2670 86 975 2086 1289 2829 1179 2699 324 757 2324 2975 3289 2757 3179
Route 17 : 325 14 33 1922 2014 2033 695 2325 3922 625 2695 2625 1985 378 1705 1962 2378 3962 3985 3705 1190 1288 1492 3288 3190 3492 581 2581 1512 1698 254 1560 1472 619 3512 2254 3698 3472 2619 3560 847 1193 3193 2847 1877 3877 1107 128 3107 911 917 1869 773 2911 102 2917 2102 2128 897 3869 2773 2897
Route 18 : 330 794 326 1410 276 1926 2276 2326 2330 2794 3926 1856 3410 1753 1924 3856 769 1629 3753 3924 2769 1712 989 255 1593 2989 2255 3712 1125 3629 1847 3593 3125 397 70 1188 2397 3847 2070 112 2112 3188 956 1761 955 155 2155 3761 493 1231 1418 3418 2956 3231 2493 1442 930 1829 605 2605 1297 3442 3829 243 1677 2930 2955 3677 2243 3297
Route 19 : 913 2913 1731 623 710 298 2623 2710 1917 2298 3731 742 1462 3917 1440 2742 1475 3462 1378 1664 1386 3440 3475 444 3378 2444 3664 3386 1485 1796 3485 1786 3796 1397 714 3397 722 1582 2714 3786 2722 3582 1398 866 1695 1613 996 3695 3398 3613 2996 1342 701 2866 1888 2701 1616 3342 3888 154 3616 2154
Route 20 : 1636 447 3636 1631 1484 863 1635 2863 2447 142 1340 3635 1659 3631 3484 3659 2142 3340 1160 367 1037 3160 3037 2367 1460 1480 814 3480 1347 3460 3347 555 2814 1346 322 3346 2322 854 2555 1482 796 2854 3482 416 2416 2796 1274 1400 696 446 3274 1082 3400 1515 2446 2696 3082 3515
Route 21 : 455 1903 160 224 734 2455 928 3903 890 2224 2160 2734 2890 1079 783 50 686 2928 3079 1623 2783 2050 1105 1420 2686 3623 3105 3420 1998 231 1456 491 3456 1859 3998 2231 1494 2491 1259 113 3859 961 2113 3494 2961 3259 1419 1673 614 957 848 2614 2957 1799 2848 3673 3419 1615 464 662 3799 3615 2464 1863 2662 1308 152 3863 1554 3308 831 1758 1947 3554 3947 2152 3758 2831
Route 22 : 1601 1970 314 604 487 2487 63 3601 2604 307 3970 2314 2307 2063 265 1051 1374 1112 2265 3051 3374 440 1097 3097 1885 3112 3885 2440 937 1206 1648 300 1085 3648 2300 2937 3206 269 1113 806 3085 278 2269 2806 277 2278 3113 1101 1156 1686 476 3156 3101 3686 2277 2476 603 677 909 35 2677 1326 2909 1413 2603 1960 2035 3326 1537 1471 3960 3413 808 1316 3316 2808 3537 3471 1518 3518
Route 23 : 1612 674 746 1991 518 3991 3612 2674 2746 2518 490 195 1222 412 2195 2490 2412 1382 3222 1999 363 3382 1046 3999 1350 2363 3046 1779 3350 1258 1845 1466 3779 1820 3258 3466 3845 46 993 1040 3820 1655 3040 2993 2046 184 1172 3655 1248 394 661 3248 2184 2661 3172 1017 2394 285 2285 1685 3685 3017
Route 24 : 249 1414 61 417 2061 87 2417 3414 2249 2087 530 504 2504 223 1783 2530 1892 643 2223 2643 3783 3892 484 357 180 1353 2484 2180 81 2357 3353 2081 286 291 2286 1359 591 2291 3359 621 1871 2621 2591 566 1628 1608 3628 2566 3871 3608
Route 25 : 1446 1417 301 2301 3446 935 3417 2935 219 593 1857 207 2219 3857 2207 2593 745 520 1526 374 386 2520 2745 1966 3526 2386 1909 1232 2374 48 3909 3232 3966 323 321 795 1021 2321 2323 2048 3021 1687 2795 991 104 3687 1762 613 2104 1941 2613 2991 3941 3762 536 1540 1164 2536 3540 3164
Route 26 : 66 1617 627 1240 353 1224 3240 2066 2627 3224 3617 2353 1093 3093 947 733 929 2947 2733 1569 2929 3569 692 171 2171 2692 15 1787 21 8 215 2015 2215 2021 3787 2008 1140 736 841 2841 2736 3140 344 220 1459 799 2344 531 3459 2799 2220 2531 1513 3513
Route 27 : 1009 1574 1379 467 388 1100 3574 3009 3379 2388 2467 609 3100 1416 2609 533 1063 3063 3416 1089 617 939 2939 873 3089 2533 1367 2617 1618 3367 2873 1144 3144 106 1565 1692 2106 3618 3565 3692 13 1637 548 842 2013 1893 2842 3637 500 3893 1161 2500 925 2548 1736 3161 408 1548 1896 2925 3548 2408 1880 3736 218 3880 9 1244 3896 2218 422 2422 3244 2009
Route 28 : 1449 331 1280 383 1748 582 2383 3449 2331 3280 3748 1897 382 2582 2382 129 945 3897 338 2129 359 2945 193 2338 1630 2193 2359 3630 1905 1737 1081 1038 3737 3905 27 3081 587 3038 1590 1797 3590 256 2027 3797 2256 2587 594 901 780 560 364 2594 2364 2780 2901 2560 1876 1600 741 2741 1281 3600 3281 339 2339 1953 3876 1815 3953 3815 1964 1898 1126 3964 3126 3898 56 2056
Route 29 : 1534 1546 575 646 1405 2646 1584 3546 182 3534 2575 3584 2182 3405 1068 1152 1579 1390 3068 3390 3579 117 3152 1530 1502 3530 719 3502 57 2117 2719 553 80 2553 290 2057 2290 2080 355 333 1522 2355 969 428 2333 3522 819 2819 132 2969 2428 3 2132 303 1978 2303 791 2003 1129 3978 1887 513 2791 2513 3129 3887
Route 30 : 232 93 678 189 788 1763 2093 403 2678 1975 2232 2189 2788 2403 366 3975 526 3763 1724 3724 709 637 1002 2366 2526 1015 905 2637 2709 651 2905 1766 2651 3015 3002 1732 3766 584 902 3732 241 1425 2902 3425 2584 2241 143 658 295 2295 262 2658 2143 1242 1042 1837 3837 1688 2262 3042 586 3242 970 2586 1908 445 3688 3908 2970 466 1844 1523 1870 3844 2445 3523 3870 2466
Route 31 : 732 71 1988 1704 2732 3988 1726 2071 3704 3726 864 1733 576 2864 52 1703 3733 3703 2052 2576 439 2439 1155 448 988 3155 1699 2988 2448 3699 1187 502 317 305 2502 1649 3187 3649 72 2317 1529 101 936 2305 3529 2101 1950 10 2072 2936 3950 1778 442 1949 34 2010 2442 3949 3778 95 1723 284 654 2034 144 2284 2654 2144 1638 2095 289 3723 2289 3638
Route 32 : 119 2119 523 1496 724 3496 2523 2724 485 908 1045 2908 3045 893 2485 2893 389 1004 2389 3004 580 1881 505 2505 899 967 3881 1228 2967 914 2580 2899 2914 3228 949 2949 47 1596 384 1154 3596 2047 1611 2384 3154 1910 3611 3910
Route 33 : 512 805 30 2512 2805 2030 728 1053 1409 2728 3409 3053 691 775 1349 1178 2775 3349 2691 3178 473 984 494 1937 2984 2494 3937 2473 1592 1034 1621 44 55 2044 2055 3592 3621 3034 1987 515 2515 49 124 3987 508 399 2049 2508 2124 2399 1807 638 62 2638 469 3807 2062 2469
Route 34 : 75 2075 274 2274 1827 752 1854 3854 3827 1713 2752 1157 1954 3713 3954 1803 1973 3157 585 3803 2585 3973 1295 1874 1018 653 3295 263 2653 1693 3018 3874 2263 1376 471 3693 881 296 3376 2471 1572 2881 1740 3572 571 1474 2296 3740 3474 2571 312 1914 188 1728 279 2188 3728 2312 1760 649 3914 3760 2649 2279 360 2360 1469 1894 1074 3894 3074 3469
Route 35 : 529 711 60 94 1525 2529 1452 2060 2711 356 2094 3525 3452 2356 1077 319 1850 2319 3077 202 3850 216 2202 2216 1254 666 32 1351 2666 3254 2032 3351 1086 721 657 1619 2721 1912 1394 2657 1734 3619 3734 3394 3086 3912 1173 846 1873 1276 443 2846 3873 196 3173 1547 3276 3547 2443 131 2196 2131 1536 1772 877 2877 3772 3536
Route 36 : 1776 1202 705 1802 3776 1639 3202 2705 315 3639 133 885 3802 2133 2315 2885 1117 1102 1423 3117 3102 1562 798 687 2798 3562 2687 3423 1006 1355 797 2797 3355 3006 1438 764 1343 2764 238 3343 1721 3438 1986 3721 175 3986 2175 2238 959 759 294 1564 2959 3564 1775 2759 2294 3775 1729 82 2082 1864 3729 391 839 1263 3864 3263 2839 2391
Route 37 : 393 459 1147 377 978 272 2459 2393 2377 2272 2978 3147 738 2738 1882 380 1843 361 3882 2380 3843 2361 1120 1710 1389 3710 3389 275 3120 1464 802 127 2802 2275 1430 3464 247 1216 2247 3216 3430 2127 474 1317 1542 2474 1387 1679 3387 3317 3679 3542 1860 1997 1709 3997 3709 1683 1891 3860 3683 162 1239 3891 1299 2162 3299 3239
Route 38 : 1830 1013 840 3830 3013 815 2840 1781 1607 2815 226 3781 3607 923 1 2923 2226 1062 1958 2001 3958 1759 851 122 3062 3759 2851 1199 1028 1310 3028 1322 1171 3199 463 3310 1652 1209 3171 2463 3322 3652 3209 543 884 2122 1816 2543 109 892 2884 3816 2109 2892 1739 1060 1481 5 3060 3481 3739 1715 2005 1315 3715 1454 2 3315 1174 3454 2002 1106 26 1119 946 3174 2026 835 2946 3106 2835 3119
Route 39 : 731 1213 1139 3213 2731 1151 3139 253 2253 954 3151 1742 1507 2954 1711 1358 3711 3507 3358 3742 1940 1116 1846 717 749 1165 2717 3165 3940 2749 3846 3116 1528 1589 1527 924 1325 3528 395 3589 3527 948 2948 3325 2924 73 1312 2395 3312 457 778 1567 2778 2457 2073 3567 569 1024 2569 1553 267 2267 987 3553 2987 1184 3024 708 130 1212 280 2708 3212 2130 3184 1380 665 2280 3380 2665
Route 40 : 1323 583 1684 777 268 204 3684 3323 2583 2777 1007 1301 172 2204 3301 3007 2172 2268 19 718 600 2019 886 2886 2600 2718 1883 1083 165 3083 635 760 3883 2165 1654 2635 1334 951 453 1508 2760 3654 2951 2453 3334 3508 1132 510 477 2510 3132 1647 2477 1087 358 540 3087 2540 3647 2358 125 435 118 645 2118 2645 2125 2435 181 663 2181 2663 1785 3785
Route 41 : 1895 1049 3895 1047 3049 683 235 3047 2683 1770 1011 2235 3770 3011 1461 771 3461 774 2771 559 1700 2559 2774 1597 673 3700 682 3597 1348 2673 979 3348 2979 1214 1558 2682 1651 1801 3214 3801 3651 3558 1145 1465 1054 3054 3145 1057 1095 3465 681 3095 1865 3057 2681 1824 503 598 3865 3824 2503 2598
Route 42 : 1285 1451 1577 1255 3577 966 3255 549 3285 177 3451 1979 2966 392 2549 478 2392 2177 1337 3979 2478 821 1329 3337 1402 3329 1977 2821 1866 3402 3977 3866 1904 1559 1237 481 121 1946 3904 2121 2481 3946 3559 3237 302 963 2963 2302 1261 28 1794 2028 482 3261 2482 3794 844 1431 2844 3431
Route 43 : 434 1718 16 522 2434 88 3718 2016 818 2522 1875 1996 2088 387 1073 2818 3996 2387 3875 3073 544 1432 703 3432 2703 983 244 2544 1821 2983 1177 2244 3821 406 1266 85 3177 910 2085 1055 2406 3266 3055 2910 785 1321 3321 790 1604 2790 233 2785 3604 354 1663 2354 875 2875 2233 179 865 3663 1701 1609 2179 3609 2865 97 1069 3069 3701 567 541 2541 2097 1942 2567 3942
Route 44 : 1959 1124 1399 3399 3124 669 1194 869 3959 981 2669 419 2981 2869 3194 1504 306 2419 2306 3504 1246 1163 833 3246 3163 2833 488 1245 2488 3245 820 2820 1010 42 3010 2042 849 83 1580 1784 2849 1674 1373 3784 2083 210 3674 401 2210 2401 1022 1257 3373 3580 3022 3257 527 1681 227 1422 3681 2527 2227 3422
Route 45 : 563 1930 173 999 2563 2173 1439 1752 1872 782 3930 2999 2782 3439 3872 744 3752 1166 29 190 2029 318 468 2744 2190 3166 2468 2318 1669 1298 1767 1121 3298 3669 3767 3121 1702 3702 1479 920 1458 3479 675 2920 715 3458 2675 2715 1795 765 1727 700 3727 2765 3795 313 1932 415 2700 1834 2313 3834 3932 2415 1633 3633 1226 1976 1524 3976 3524 3226 483 271 672 2672 2271 2483
Route 46 : 568 1020 480 2568 3020 1114 2480 3114 874 1931 2874 430 3931 2430 99 225 1948 79 1110 3948 592 371 2225 2079 3110 2099 2371 850 1243 1920 2592 2850 462 2462 3243 1840 3920 369 1137 3840 396 2396 3137 2369 336 1143 3143 1223 1175 38 2336 3175 859 2038 3223 2859
Route 47 : 1549 1825 1338 3549 1314 1424 3825 3338 633 3424 3314 1384 1168 706 2633 3384 2706 385 1826 3168 1447 1556 1861 811 3826 3556 2385 3861 3447 2811 532 413 1841 2413 1236 1066 3236 3066 2532 3841 22 1819 2022 1747 1476 1644 3476 1606 3606 3819 3747 3644 433 1933 1283 1381 1889 2433 610 3381 1707 3933 2610 3283 3889 3707
Route 48 : 1755 1115 320 1993 2320 3115 3993 3755 311 2311 1023 521 1072 2521 3023 707 297 2707 1268 2297 3268 3072 952 1128 900 1273 2952 2900 3273 501 3128 178 2501 1477 18 2178 2018 1176 557 3477 2557 251 3176 1852 2251 1294 3852 3294
Route 49 : 1744 912 1911 1305 3744 1765 1800 2912 3911 3800 3305 3765 570 1362 3362 2570 45 499 404 2045 1109 2404 2499 3109 398 1433 1468 3433 310 213 2398 2310 753 2213 3468 1951 932 3951 209 2932 822 2753 2209 1090 1981 153 205 2822 3090 2205 2153 3981 335 871 2000 2335 556 4000 1657 2556 2871 3657
Route 50 : 1746 509 1470 1043 3746 3470 3043 834 2834 270 2509 964 2964 2270 647 2647 1519 1008 228 2228 1661 608 3661 3008 3519 375 1364 2608 259 1313 2259 2375 3364 1473 3313 3473 1025 329 1391 589 3391 2589 1598 3025 1408 2329 1180 1902 3408 3598 3902 492 1641 176 1614 2492 3641 1500 1839 3614 2176 830 3839 2830 3500 1488 25 370 2370 1211 283 2025 3211 2283 3488 3180
Route 51 : 1031 1098 1210 3210 879 766 931 3098 2879 3031 2766 2931 702 642 898 2702 206 2898 1862 2206 1907 2642 308 3907 1550 3862 2308 1938 648 1972 596 3938 3972 2648 3550 506 115 2596 1493 2506 1634 1771 2115 31 3634 24 960 414 3493 2414 3771 2024 2031 2960 1691 1603 655 3691 67 3603 1136 337 1256 2655 992 2067 1341 3341 3136 3256 68 640 2992 2337 372 926 2068 577 2372 2640 2577 2926
Route 52 : 725 1014 1217 2725 1551 3217 1965 3551 1595 3595 3965 3014 1680 1789 3680 870 2870 1774 3789 3774 1407 185 716 1982 3982 679 2716 3407 2185 316 2679 1769 3769 1360 1901 2316 1835 792 2792 3360 460 3901 1956 2460 3835 1921 240 3956 1671 2240 1099 3921 3671 1992 1366 1091 3099 891 3091 3366 3992 2891
Route 53 : 1675 3675 282 1309 456 2282 3309 1005 407 410 126 3005 2126 2407 2456 2410 997 1832 3832 84 2997 578 421 2084 2578 2421 59 36 832 896 2036 2832 2896 894 2059 2894 1690 743 3690 230 660 2743 758 1388 2660 2230 2758 3388 437 968 141 2437 2141 1543 2968 3543
Route 54 : 1730 1487 1225 1330 1186 3225 424 2424 3330 3730 3487 3186 429 1044 552 1656 2429 3044 3656 2552 907 1088 2907 264 1275 1233 1249 3249 2264 3088 3275 3233 1506 273 1320 6 3506 1404 2273 123 2006 3404 3320 986 2123 2986 862 1743 1971 90 1989 2090 3989 3971 2862 858 727 3743 2858 940 2940 2727
Route 55 : 1167 98 1557 3167 211 2098 3557 236 564 2211 1029 345 1204 2236 2564 3204 3029 2345 1984 343 41 942 3984 2343 2942 2041 622 20 1445 191 3445 2191 1817 2622 288 78 2020 767 729 2288 3817 2078 2767 781 2729 1392 809 1782 2781 2809 1706 3392 3782 572 250 3706 1810 977 2250 2977 2572 3810
Route 56 : 287 252 1531 2252 1201 2287 3531 3201 1792 17 1304 1061 3792 3061 2017 451 693 3304 519 2693 1000 2451 1915 2519 712 495 3915 1235 1311 3235 3000 1682 2712 2495 3311 3682 1646 1952 1318 3952 3646 3318 1517 1555 1963 1884 1111 3963 3555 3884 3517 3111 755 1265 2755 511 3265 740 2511 1415 919 2740 1622 2919 3415 140 1032 3622 3032 2140 438 601 1822 2601 3822 2438
Route 57 : 1689 281 3689 934 1272 1122 1130 1833 2281 3833 3122 3272 2934 3130 217 1503 1146 159 3503 2217 2159 3146 810 1936 260 1441 2810 2260 3441 3936 817 1625 1467 816 915 2816 3467 632 2632 2915 450 1478 2817 3625 3478 327 1968 2450 918 1169 1581 3968 2327 3581 2918 1491 3169 1026 726 3026 906 667 1227 2667 3491 971 3227 2726 1717 1278 2906 1296 2971 3278 3296 3717
Route 58 : 872 1804 1599 1094 3599 1708 2872 3094 1453 628 2628 3453 3708 768 103 1080 2768 2103 199 3804 3080 634 2199 694 853 2694 2634 813 2853 120 1327 2813 96 1344 2120 2096 3327 1610 3344 23 895 1448 1292 3610 3292 242 2023 2895 3448 1916 100 2242 3916 1429 2100 528 1957 3429 3957 636 1919 1632 2636 547 2528 293 2547 3919 903 3632 2293 332 2903 2332
Route 59 : 418 973 1282 3282 2418 2973 376 2376 1928 77 588 2588 2077 3928 187 1836 1197 3836 1945 3197 1741 3945 3741 2187 1123 639 1056 1791 3056 1533 3791 1541 3123 1934 2639 3541 1588 3533 3934 595 1058 3588 1878 1627 772 3878 2595 1103 3058 3103 2772 3627 1738 1003 3003 156 1576 1831 837 3831 2156 3738 3576 2837 800 599 1241 1170 933 2800 2933 3170 3241 2599
