Instance name : nyc-n1500-4
Authors       : Dmitriy Demin, Mikhail Diakov (msd@veeroute.com), Ivan Ilin, Nikita Ivanov, Viacheslav Sokolov (vs@veeroute.com) et al. VRt Global (https://veeroute.com/)
Date          : 2023-04-24
Reference     : veeroute.com
Solution
Route 1 : 40 139 684 409 790 290 1434 889 121 1159 1040 871 42 641 1391 584 1334 792 653 21 610 717 1360 771 1467 568 1403 1318 680 263 399 1430 707 1149 355 157 1013 1457 226 225 1105 976 975 215 907 84 147 965 834 545 10 1295 760 73 542 897 823 1292
Route 2 : 721 414 447 714 1164 535 1471 118 1197 1464 1285 387 392 868 1137 1142 489 587 602 1352 1337 557 1239 208 528 511 1261 1307 958 573 423 1278 1323 555 1173 601 124 1305 703 1351 874 556 323 1306 83 1453 1073 514 583 160 910 372 603 1333 833 287 478 1264 1122 1353 8 1037 758 275 1228 677 17 496 767 1427 1246 1025
Route 3 : 593 13 1343 733 763 125 575 1483 743 875 273 1023 1325 264 534 371 1493 1014 158 732 1284 1121 908 442 1192 549 715 1482 1299 1465 369 31 1119 241 293 250 781 1043 991 580 560 1000 581 1330 458 1331 454 1310 1208 1204 169 85 504 835 503 265 919 1254 1253 1015 312 303 1053 1062 687 643 1393 1437
Route 4 : 23 445 626 530 773 340 548 1280 1376 1195 78 337 1090 1087 1298 452 1202 481 828 1231 349 57 117 867 1099 572 807 1322 702 434 730 728 1452 1184 1480 59 32 809 1478 782 361 738 1111 433 213 1488 566 314 963 1316 1183 289 233 1064 1039 604 591 983 1341 1354
Route 5 : 620 278 143 1370 52 893 1028 802 464 113 664 863 1414 1214 635 296 1385 1046 618 235 203 398 491 985 1148 5 1241 466 755 953 151 1368 145 901 698 1216 895 388 1448 742 446 1492 315 630 1196 1138 585 656 1380 1065 1335 1406 35 248 785 90 44 998 216 692 794 840 966 1442
Route 6 : 588 269 194 279 499 944 1029 1338 1019 1249 541 134 1291 884 606 238 1356 201 706 988 951 693 200 167 1443 950 1456 16 689 652 393 179 917 1439 766 1402 437 929 1143 611 1361 1187 109 632 240 280 1382 859 339 1030 990 674 352 1089 1102 425 1424 305 14 1175 1055 764
Route 7 : 332 421 502 1171 699 306 373 1082 1123 1449 119 1252 1056 2 612 869 1362 752 667 205 1417 955 533 1283 94 844 651 701 647 1401 211 700 1397 1451 644 628 1450 961 180 1378 1394 930
Route 8 : 162 170 472 26 920 741 107 776 912 1222 257 857 1007 1491 45 558 336 1308 795 1086 726 395 321 1476 281 400 1031 1145 246 996 1071 675 1150 326 465 266 1425 1215 592 1076 1016 1342 356 98 76 417 220 1106 848 970 1167 691 826 669 1441 88 510 141 1419 838 112 1260 705 1455 862 531 515 719 891 38 1265 710 391 1469 1460 1281 788 1141
Route 9 : 156 716 1466 906 302 1052 497 53 363 1247 803 1113 720 43 154 516 1470 904 793 1266 622 569 383 430 462 1319 1372 92 379 1133 1212 1129 842 48 254 1180 28 1004 798 274 174 41 778 1024 357 507 924 1107 791 7 1257 627 757 12 95 330 1377 397 762 845 1080 1147
Route 10 : 713 745 432 440 227 187 1190 518 1495 937 1182 1463 1268 977 498 25 484 1248 1234 775 403 67 163 913 1153 817 277 746 673 1496 176 1423 1027 552 71 307 1302 926 358 1057 821 470 46 796 704 1220 1108 389 304 1139 1454 82 483 320 172 832 1233 922 1054 1070
Route 11 : 77 615 501 366 827 1365 538 1116 300 1251 1288 564 1050 1314 144 362 553 1112 1303 495 894 1245 335 1085 285 291 1035 642 1041 252 1392 103 729 529 567 1002 648 1317 1279 69 853 1398 54 1479 804 819 20 646 359 1396 624 1109 770 517 1374 93 1267 195 74 843 114 945 159 824 247 864 909 997
Route 12 : 218 723 376 327 89 410 1473 839 968 1077 1126 1160 420 727 629 724 1170 1477 1379 471 1474 474 1221 127 1224 594 877 486 1236 681 619 1431 1344 152 49 1369 479 1229 799 902 244 192 276 994 142 892 737 1026 1487 942
Route 13 : 688 243 168 918 386 354 1438 1136 993 679 522 313 1429 1104 267 1063 1272 595 60 1017 810 519 559 1345 1309 1269 284 625 640 80 381 1390 1034 830 623 1375 1131 364 563 1373 695 1114 1313 451 1445 1201 120 210 196 870 960 946 411 175 480 925 509 1161 1259 536 1230 79 185 577 1286 734 829 935 633 1327 521 1484 731 1383 1481 1271
Route 14 : 662 650 1412 11 214 19 761 475 964 1400 686 406 769 62 1225 1436 812 1156 61 350 1100 811 384 186 30 415 487 1237 129 1134 780 1165 936 299 660 288 455 1038 879 493 166 1205 1410 1049 578 1243 672 916 485 1328 1422 1235 605 712 1462 1355
Route 15 : 500 191 941 99 849 1250 418 56 571 1168 806 1321 224 974 181 422 1172 377 319 295 1127 1069 931 1045 104 429 668 18 854 768 1179 338 1418 27 579 1088 1329 777 463 1213
Route 16 : 492 506 343 1242 106 428 1093 856 402 1256 1178 1152 70 820 607 1357 126 161 64 911 344 91 876 841 469 814 1094 1219 697 385 546 182 1447 297 932 316 1135 15 1296 1047 1066 765
Route 17 : 123 636 1386 342 873 1092 665 1415 441 234 1191 318 576 984 439 1189 1068 207 1326 957 412 750 747 554 1497 527 520 1162 1277 1500 24 1304 774 1270 544 670 325 333 1294 1420 1075 1083
Route 18 : 435 597 655 725 1185 209 407 1405 1347 959 524 1475 1274 1157 334 1084 197 199 678 947 22 540 949 1428 328 772 242 1290 97 735 1078 286 992 696 847 1485 401 1446 709 1036 1151 666 523 212 962 1459 237 33 1416 1273 589 987 783 1339 645 65 815 694 427 1177 1395 1444
Route 19 : 223 202 438 232 973 96 952 329 283 37 1079 1188 1033 787 982 846 749 537 282 685 1499 1287 1032 1435 547 251 1297 245 1001 995 617 565 236 1367 346 663 453 986 416 1203 526 1315 1096 1276 1166 634 1413 1384 467 193 150 360 1217 900 943 51 1110 456 550 801 609 1359 1206 424 1300 183 490 1174 1240 599 736 933 1349 136 1486 886
Route 20 : 488 378 1238 616 1128 482 101 341 449 1232 1366 1091 253 155 851 146 1199 896 47 905 1003 436 512 661 797 1262 294 1186 1411 262 598 1044 1348 222 132 600 1012 882 1350 972 450 551 122 1200 872 115 1301 105 396 855 562 865 206 1146 1312 956
Route 21 : 621 448 256 72 1198 1371 1006 822 268 1018 390 676 1426 1140 683 228 978 1433 128 405 177 631 1155 927 87 878 221 1381 837 108 461 413 858 971 1163 1211 190 347 365 324 198 940 1097 116 1074 1115 948 55 866 443 805 188 938 658 1193 1408
Route 22 : 744 468 659 368 1494 1409 1218 1118 9 58 748 460 808 1210 1498 759 50 29 476 6 756 1226 800 308 779 173 570 1058 1320 923 164 914 348 131 590 1098 608 525 1275 881 1358 1340 586 1336 68 217 967 382 457 818 1207 1132
Route 23 : 110 637 671 860 165 259 1009 1387 1421 915 367 1117 36 682 426 786 1432 1176 394 86 836 171 1144 204 189 921 505 4 954 255 939 754 1255 1005 374 459 1124 184 934 1209 370 711 272 1120 1461 1022 513 239 657 989 1263 1407 718 137 322 654 1072 887 102 1404 1468 852
Route 24 : 138 309 3 1059 888 178 753 148 153 903 898 928 140 408 890 477 1158 270 494 81 249 1244 1227 229 831 149 999 1020 596 1346 979 260 899 219 543 969 317 1010 380 1293 1067 1130 39 431 230 789 980 690 582 1181 1440 1 1332 639 740 1490 298 1389 444 751 404 1048 375 1154 1125 1194
Route 25 : 574 345 111 1324 258 861 311 1008 1095 708 649 1061 66 1458 1399 508 816 100 353 34 1258 539 1103 130 850 292 1289 614 784 1042 271 722 1472 880 1364 1021 133 135 883 885 310 419 1060 301 231 532 1051 331 1169 75 351 1081 1282 981 825 1101 613 1363 739 1489 473 638 63 813 561 1388 261 1223 1011 1311