Instance name : nyc-n4000-4
Authors : Simen T. Vadseth, Henrik Andersson, Jean-Francois Cordeau and Magnus Stålhane
Date : 10.07.2023
Reference : TBA
Solution
Route	1 :  368 735 1056 1526 1377 357 3056 3377 127 2368 3526 2735 1279 582 2357 1297 3297 852 3279 1378 2852 1689 2582 1978 3378 2127 3978 3689 1930 1330 888 3330 715 977 3930 1583 2715 2888 1158 3583 2977 1005 1287 3005 3158 1805 500 308 1999 3805 2308 1821 1194 3287 2500 3999 3821 1863 3194 3863
Route	2 :  1092 1570 158 3570 3092 618 432 2432 1182 2158 1317 3182 670 772 2670 3317 1396 342 2342 1054 2772 2618 3054 1425 1669 379 3425 2379 3669 155 3396 727 1301 2727 1383 2155 97 3301 1658 71 1409 2097 3409 3658 1175 1616 2071 1885 435 3383 3175 3885 1632 1349 3632 3349 3616 942 959 1745 2435 423 3745 2942 2423 2959
Route	3 :  1847 3847 776 1094 1053 1139 643 3053 1869 2643 3094 153 1013 3869 918 2153 2776 3013 3139 1621 1215 3621 3215 1536 1472 941 2918 3472 1459 3536 40 1126 2040 597 3459 1006 2941 1613 162 391 3006 3613 3126 1085 2162 1469 1522 2597 3469 3522 2391 1749 746 1829 659 3749 245 2746 3085 1308 3308 2245 3829 757 2659 865 1060 2757 1385 1081 2865 545 3060 601 3385 3081 2601 2545
Route	4 :  1531 1051 1673 3051 678 3531 320 195 1563 2195 1950 2320 2678 3673 814 1199 3950 3199 2814 3563 985 1974 185 356 2185 2985 3974 758 1389 300 2356 1078 1420 2300 55 3078 2055 2758 3420 3389 1462 1152 1604 47 2047 3604 3462 223 1101 1650 3152 1336 336 3336 2223 798 3650 169 319 3101 894 2319 1245 2169 1163 2336 2894 1394 119 3163 3245 21 2021 240 2119 3394 309 828 2240 2798 553 2309 2828 2553
Route	5 :  83 2083 1976 1712 3712 3976 690 2690 778 641 35 2035 2778 1984 353 909 1545 2641 2353 967 3984 1264 2909 3545 123 2967 2123 1879 1380 3879 3380 1186 9 3186 578 1517 1354 3264 232 2232 2009 1914 3517 3354 1123 3914 3123 2578 986 2986
Route	6 :  333 1694 50 509 244 2333 317 2050 3694 2244 1398 1373 1036 3036 2317 3398 3373 1372 1626 2509 3372 1294 3626 1716 467 3716 3294 552 565 2565 1718 764 1601 2552 1303 2467 3601 3718 1987 2764 1590 3303 1331 3987 3590 422 146 2146 459 345 1775 3331 3775 388 2345 1726 2422 2388 28 200 3726 2200 2459 1596 1703 2028 3703 189 2189 1516 3516 3596
Route	7 :  687 191 1484 135 2687 109 2191 969 3484 2135 2109 979 2969 807 781 2979 2807 1735 960 1328 2960 1350 1700 2781 3735 598 3350 3700 2598 3328 857 354 44 2354 1374 2044 3374 1813 591 513 2513 2857 1723 3723 2591 3813 1406 1825 3406 1557 3825 877 699 2699 2877 3557
Route	8 :  1967 548 1352 401 1193 3967 1014 2548 1921 3921 1116 3014 1119 1835 3835 3352 1509 3119 3193 2401 1237 1179 3116 3509 1187 3179 1478 3187 212 2212 3237 3478 1211 1926 3211 3926 1055 703 2703 1028 451 3055 1309 3309 2451 3028 1433 1403 1261 606 397 2397 3433 1586 3403 1298 1844 3261 327 2606 774 3844 3586 3298 2327 2774 1121 1589 1405 498 3405 2498 259 3589 3121 2259
Route	9 :  1347 844 825 39 619 666 2844 1253 2039 2825 1578 118 2666 105 3578 2118 723 2619 2723 1661 3347 2105 1780 1520 3253 203 1561 1366 3661 1593 3780 3366 892 2203 3561 829 3593 3520 1019 2829 1688 3688 3019 2892 1481 1619 3481 880 431 3619 2880 1833 2431 3833 1155 712 1964 2712 3155 344 1786 1542 3964 1202 3542 3786 2344 462 3202 1599 2462 3599
Route	10 :  1900 3900 1908 1240 1249 810 2810 3240 660 1397 181 3908 409 3249 768 343 2660 1529 2343 3529 1929 570 3397 2181 63 3929 2768 238 1528 2238 2063 2409 1154 139 2570 820 3528 301 217 2820 928 2139 2217 902 3154 2301 2928 1419 1087 2902 252 3087 915 589 2252 3419 1176 2915 1738 2589 1040 3176 1741 3738 3741 1889 1864 3889 81 3864 3040 2081
Route	11 :  1627 1088 5 989 3627 3088 114 2005 1093 347 1728 761 2347 3728 2761 834 1867 3093 637 1721 3867 165 2989 1076 2637 1768 2114 2165 1205 982 3768 3721 253 2982 2834 3205 3076 2253 1246 59 3246 386 2059 272 1508 2272 3508 1026 2386 752 1764 1071 247 3764 791 2752 760 3026 2247 2760 3071 2791 26 1095 923 2923 802 228 3095 590 912 2026 2802 2912 2590 2228
Route	12 :  1615 1042 270 3042 390 2270 536 262 1752 3615 978 1418 3752 1719 2536 3418 714 2262 1283 3283 2390 855 1360 2714 921 799 2799 1859 2921 239 3859 273 2855 419 2978 3719 2419 3360 2239 1922 1486 1909 3909 1109 2273 1464 3486 3464 3922 1169 3109 755 1489 3489 3169 1474 926 2755 1556 2926 3556 1877 177 438 2177 3877 3474 2438
Route	13 :  512 1180 305 2512 2305 18 3180 719 2018 2719 167 610 2610 1030 2167 3030 1495 1857 3857 3495
Route	14 :  797 1029 226 1574 1791 3574 2226 765 3029 2797 3791 2765 1846 1866 731 1541 3846 3866 1666 2731 341 3541 1894 759 996 3666 1370 2341 3894 3370 2996 615 213 2759 1282 1778 3282 346 176 3778 2346 1402 1172 2213 3402 2615 2176 3172 496 1827 1091 2496 1286 372 3091 2372 364 3286 1107 3827 546 3107 2546 2364
Route	15 :  1620 1530 718 1004 3620 1057 104 750 2104 211 2718 3004 3530 3057 1822 1411 8 3411 2008 3822 949 312 2211 547 2750 219 2949 1830 2219 1458 2312 1851 1547 2547 3851 1577 1235 665 3830 1340 3577 10 3547 3235 3340 3458 2665 1865 1763 416 3865 3763 2010 389 1238 436 2416 323 886 1636 2323 1118 2886 1942 2436 3238 3118 3636 2389 3942 144 2144 1501 1747 3747 3501
Route	16 :  138 586 2586 2138 694 2694 1980 393 1289 1731 3980 1247 3731 2393 1762 1515 3289 3515 3762 3247 264 1609 1399 248 3609 2264 622 2248 2622 298 2298 234 3399 1946 1277 2234 1192 455 3192 832 3277 2455 3946 2832
Route	17 :  494 1170 1565 686 1344 1734 3565 2686 214 3170 577 2494 260 3344 88 2577 2260 736 1595 2088 692 2214 668 2736 3734 2692 952 2668 510 3595 2952 87 73 1314 2087 2073 1641 2510 1656 3641 540 3656 2540 1608 1651 314 2314 3608 3651 1157 1022 3314 3022 166 441 112 801 2441 3157 2166 1334 771 2801 1919 2112 1288 3334 3919 515 52 3288 1537 2771 748 1951 3537 2748 2515 2052 3951
Route	18 :  1708 1765 934 2934 3765 3708 1224 415 6 1936 1998 2006 2415 3998 1216 3936 3224 196 654 2196 3216 27 2654 889 1125 2027 130 2889 3125 1356 43 2130 567 2567 156 2043 2156 3356 411 504 413 2411 939 2504 1624 2939 1753 2413 3753 107 1008 216 3008 3624 2107 334 762 824 2216 2334 2824 2762
Route	19 :  635 304 66 420 2066 2304 464 1417 911 2635 2464 1823 2911 3823 1133 1343 2420 1002 3133 3343 794 3417 3002 2794 145 204 2204 620 663 2145 745 178 1099 1291 2663 2 2002 261 2178 974 2745 2261 1838 1678 3099 980 3291 2620 3678 3838 2974 2980 1785 587 3785 1046 808 2587 1667 209 1504 351 3504 846 2808 3667 338 809 2351 2809 1219 2846 2338 2209 3046 3219
Route	20 :  288 187 2288 285 729 1932 444 2187 1539 1461 2729 3461 3932 2285 3539 2444 1493 1342 3493 1190 241 38 2038 448 1228 2241 57 3190 1696 3342 2448 443 302 3228 2057 1933 1898 1506 2302 3933 1278 1742 2443 3696 82 1525 3506 230 3742 3898 790 3525 3278 2230 1840 2790 1203 863 2082 3840 737 1332 3203 1103 3103 2863 3332 830 2737 2830 675 14 126 2126 2014 2675
Route	21 :  1295 1854 129 491 3854 817 2129 1463 2491 1386 291 3295 700 922 3463 525 3386 1112 2291 539 2922 2700 651 2525 2539 2817 2651 3112 76 1612 795 2076 1602 3602 3612 1140 136 2795 3140 1058 2136 767 180 2767 3058 1470 528 2528 1196 3470 3196 2180 84 406 821 2406 2084 2821
Route	22 :  1355 1618 937 581 1888 3618 330 3355 2937 2581 2330 499 1906 1359 3906 3888 2499 1016 835 3016 1198 1915 1400 656 3198 3915 3400 2656 3359 2835 377 1873 2377 522 3873 387 1124 1113 805 3124 2522 527 2387 3113 2527 359 42 143 2805 2359 2042 2143 255 113 197 1945 689 2255 94 2113 2197 2689 258 471 160 279 3945 1316 2160 1758 2258 2279 1015 3316 2471 784 826 2094 3758 3015 2826 2784
Route	23 :  98 1415 2000 366 2366 1732 4000 3732 662 3415 2662 891 607 1318 72 2098 1918 2072 1048 3918 3048 1367 3318 442 2607 2442 2891 3367 1206 1518 1920 375 3518 1178 3920 278 1521 3206 99 2375 1597 2099 3521 1880 1311 3880 3178 2278 1660 1454 132 3597 3660 3454 3311 1686 972 1816 2132 2972 1916 3816 1364 3686 3916 1591 3591 3364
Route	24 :  293 1986 873 1750 1141 2293 1579 691 3141 3986 2691 3750 3579 2873 62 457 964 1924 2062 3924 1761 332 1779 3761 1065 2964 600 2457 1147 1323 3147 358 3779 2332 2600 3323 3065 1913 538 555 932 3913 1606 2538 2358 33 2033 1497 1272 3606 2555 2932 1218 1492 3218 3272 3492 3497 1938 20 867 1177 1260 2867 2020 3177 3260 120 294 161 1499 274 2161 3938 2120 1263 1562 3499 2294 800 3562 3263 2800 2274 1427 3427
Route	25 :  1035 973 1819 3035 3819 492 286 1954 2492 1437 3437 147 2973 1824 3824 2147 3954 542 1221 2286 603 2542 3221 1064 716 1135 1756 3756 3064 3135 2603 2716 242 1079 488 2242 1657 478 2478 2488 3079 1430 3657 374 961 2374 2961 3430
Route	26 :  507 627 1759 2627 1810 3759 1659 1970 2507 1858 151 1558 2151 823 3970 609 3659 210 3558 3810 1447 1806 3858 583 2210 2583 2609 1082 3082 3447 602 1746 237 1213 3746 2823 3806 2237 2602 3213 376 1890 788 352 2788 968 2352 2376 3890 2968 70 1681 914 1614 3681 1483 1803 1195 3614 3803 3483 362 3195 1248 2362 1812 770 2070 1233 2770 1817 1115 3115 901 2901 3233 3817 935 3248 2914 3812 2935
Route	27 :  382 1111 363 1258 220 785 2220 2382 958 1442 3258 1220 3111 2958 3220 2363 858 2785 1368 465 3442 1156 79 2858 2079 2465 893 3156 3368 680 1672 190 2893 2680 2190 3672 645 502 418 1440 1069 2645 2502 2418 3069 1059 3440 588 1769 629 1668 2588 1962 1902 2629 1699 3769 3668 3902 3962 3059 1304 951 917 1814 2951 612 1551 3304 3814 1717 3699 1408 1039 3717 2917 2612 3551 3039 3408
Route	28 :  1229 1960 1705 913 3229 881 988 331 3705 2881 1802 2988 56 2331 2913 3802 875 950 3960 2056 2950 1766 1017 2875 1080 1860 3080 3766 3017 3860 280 1911 1018 3018 163 108 2280 2163 236 493 3911 850 2108 2850 2236 2493 1160 329 845 2329 53 741 3160 1961 2845 1136 541 3136 3961 306 106 2053 277 2306 2741 2106 1861 1992 2541 2277 1513 183 3992 384 3861 3513 634 407 2183 2634 2407 2384
Route	29 :  224 1610 1388 1324 2224 3610 3388 1991 3324 1450 381 1041 879 1259 2381 3041 3259 3991 962 1683 3450 3683 1783 976 796 3783 2796 1200 25 2962 1575 2976 2879 2025 3200 1937 1715 907 1714 2907 673 812 3714 970 3715 566 3575 1257 2673 916 2970 2566 3937 485 292 1603 2485 3257 3603 1290 2812 1534 1671 1555 3290 2292 3534 1010 997 2916 3555 3671 2997 3010
Route	30 :  511 676 31 2511 2031 2676 1585 64 1448 1021 3585 1882 2064 475 3021 684 3448 884 2884 2684 2475 3882
Route	31 :  671 281 1843 1875 559 2559 1560 2281 1687 639 3843 3560 3687 2671 2639 1928 198 3875 340 693 2198 3928 1393 517 804 2693 1479 2517 3393 383 283 2340 2804 2383 3479 1369 2283 630 2630 954 1395 2954 3369 1488 1941 325 1891 3395 450 3488 2325 2450 3891 256 1108 3941 2256 172 3108 1168 2172 1167 1239 1505 3168 1476 427 1173 3505 3239 558 2427 3173 1197 3476 518 859 3167 2859 3197 2558 2518
Route	32 :  1465 900 1959 2900 199 705 1315 652 2199 3465 1444 789 2789 403 3444 3959 1707 2652 251 3315 2705 2251 2403 1870 3870 593 1208 335 2593 3707 2335 613 3208 1702 1117 1878 3878 3117 2613 124 1414 3702 3414 408 754 965 2408 2965 2754 2124 1456 468 580 3456 717 2580 1710 2468 1475 720 1848 571 2717 3475 2571 3848 2720 1043 653 3710 1697 3043 1293 3697 709 3293 115 2653 2709 2115
Route	33 :  725 1381 1567 526 392 2392 3381 2526 655 2725 2655 1605 3567 1250 1496 3605 3496 3250 1007 3 3007 2003
Route	34 :  1027 355 984 3027 2984 100 2355 1148 424 2424 2100 3148 1872 3872 1138 1222 421 806 1363 3222 68 3138 2068 2421 2806 3363 1300 307 640 1931 1134 657 2640 605 2307 3134 2657 1276 998 3300 3276 903 282 2998 2282 3931 2903 65 574 414 2605 233 614 1820 2414 1849 2233 2614 1568 69 2574 698 3849 3820 2065 1652 142 2698 2069 3652 3568 2142
Route	35 :  339 1471 1098 2339 1955 3098 1143 1166 1787 3955 1358 3143 695 3787 987 3471 3166 2695 2987 1353 838 658 1231 3358 919 2919 3231 1146 2838 3353 549 2658 1477 2549 3477 1923 1692 111 1243 3692 433 218 3146 1230 3230 632 2111 740 2218 426 2426 3923 3243 2433 2740 2632 529 1280 1068 1553 3553 1063 1767 514 3280 897 3068 3063 439 2514 626 2897 1491 3767 2439 2626 3491 2529
Route	36 :  54 1131 17 3131 1161 150 429 1110 3161 2054 2150 3110 2017 906 803 1434 2429 45 1793 1630 2045 3434 2906 3630 1009 564 3009 3793 2564 1188 1782 2803 271 3782 3188 437 1439 811 2811 3439 1584 479 818 669 2669 2437 2271 2818 1165 1066 2479 3165 667 3066 621 1322 2667 3322 3584 1771 1815 2621 1164 3164 1375 90 2090 501 3375 1818 3771 920 3818 2501 2920 3815
Route	37 :  943 638 1435 30 895 2943 2638 533 837 2533 170 2837 371 2030 1329 2895 3435 2371 3329 2170 1985 1320 470 477 1755 3320 1794 193 3985 2193 898 2477 3794 3755 1549 1514 2470 2898 3514 3549 503 1274 1345 1917 1808 971 2503 3274 3808 3917 1225 400 1086 3225 1074 2971 2400 995 3086 999 3345 1943 2999 3943 3074 2995
Route	38 :  1011 1500 1339 650 1024 1811 3024 3339 3500 648 3811 2650 2648 860 3011 2860 1788 19 95 2019 644 367 1209 1947 3788 2095 3209 2644 2367 3947 1038 1511 1958 296 3511 816 3038 841 2296 3958 313 2841 2816 1503 1296 1540 2313 324 3503 461 3540 275 3296 2324 1348 385 872 1485 2872 2461 2275 3485 3348 460 2385 1640 1266 1507 2460 1130 3640 410 1327 3266 756 3130 3507 2410 2756 3327
Route	39 :  405 1075 1979 373 3075 822 452 1789 3979 2373 2405 480 2452 1905 623 7 3905 2623 3789 883 2883 2007 2822 2480 141 1901 1754 3754 3901 67 1796 2141 1617 1452 3796 2067 3452 1855 3617 1512 3512 819 1982 929 3855 2819 1031 2929 192 3982 1012 685 734 2192 3031 713 2713 1077 722 2685 1691 2734 1351 3351 3691 2722 3012 3077
Route	40 :  1424 848 1510 171 3424 704 2171 3510 783 1884 2704 2848 1299 769 101 284 3299 2783 3884 955 1423 2101 2284 1573 975 3423 2955 1633 311 2975 3573 2311 780 569 263 2263 2569 2769 1910 3633 449 1524 2780 365 2449 1649 29 3524 2365 3649 316 3910 116 1083 3083 2316 49 1033 2116 519 604 2604 1490 3033 2519 2029 993 3490 1438 2049 2993 3438
Route	41 :  1325 227 1207 1592 231 1001 2227 3207 2231 3325 175 947 1952 2947 3592 3001 149 1724 3724 2149 3952 1834 1214 2175 931 1446 2931 3214 1989 1776 763 3834 836 3446 2763 3989 1637 148 78 3776 2836 849 249 773 3637 2249 173 1862 2148 2849 1379 235 2078 3862 1881 2773 2235 1799 3379 3881 2173 257 440 696 2257 2440 966 2696 885 3799 1357 1153 738 3153 2885 2966 1760 2738 3760 1607 1887 3357 3607 3887
Route	42 :  1533 202 1000 3533 707 3000 481 2202 250 13 1709 182 3709 2481 2013 289 2182 1252 2250 1468 1270 2707 1957 3252 1227 3957 1376 3227 2289 3376 3468 3270 944 1571 1629 2944 131 1647 3571 1275 3629 246 2131 1956 584 1432 3647 1993 3275 1251 3993 2584 243 661 3432 2246 1739 3956 1576 2243 3251 3739 2661 742 523 2742 2523 592 3576 1132 864 2592 396 3132 924 2864 299 2396 2924 2299
Route	43 :  1428 1145 1682 782 1729 3145 3428 3682 1265 1554 1800 3554 1674 3729 1994 3800 2782 3674 3994 938 3265 896 2896 733 1044 2938 1772 1416 1634 60 2060 2733 1292 3772 3044 268 3416 1655 3292 3634 1319 1876 576 3319 2268 1204 2576 3655 3876 1704 649 3204 1494 3494 1896 777 1548 1312 3312 1907 3896 3548 3704 1685 1639 3685 3907 3639 2649 2777
Route	44 :  1244 1305 134 3244 3305 2134 1184 3184 1664 1635 904 1638 1868 3635 1904 3868 3664 3638 1387 3904 2904 1047 711 2711 3387 1623 489 2489 3623 3047
Route	45 :  85 930 2930 851 1949 1100 2851 3100 688 575 3949 458 2458 137 2688 2085 472 813 2137 617 2575 2617 2472 1449 550 664 2813 1934 2664 1326 3326 3934 3449 2550 1953 3953 520 530 1744 2520 1845 2530 3744 905 890 2890 2905 3845
Route	46 :  1711 990 1722 874 3722 349 946 2990 1335 2874 870 3711 2946 1969 2349 3335 3969 787 310 531 2310 360 2360 2787 404 672 505 2531 2505 2870 2404 1407 1150 556 594 1 2672 3407 1144 631 2594 2631 2556 2001 3144 563 188 3150 1106 724 728 1142 2563 524 2728 3142 3106 2188 2724 706 487 2524 1307 2706 1971 608 2487 1644 753 3644 2753 749 2608 86 3307 2086 2749 1519 32 957 579 1757 3971 3519 3757 2579 2032 2957
Route	47 :  1893 1052 1701 1975 1770 3770 58 3052 2058 1262 1037 3975 3262 3701 1422 1804 398 3037 521 2398 51 1149 3893 3422 447 1588 3149 3588 3804 2447 2521 2051 1684 34 3684 1751 225 46 3751 1662 2225 2046 3662 267 2267 2034 1836 1842 1466 3836 595 3842 1226 2595 36 3466 1831 3226 1321 1096 133 3831 948 3321 2133 75 3096 2948 2036 2075
Route	48 :  287 428 1625 557 483 2557 551 2483 1114 2287 1429 2551 3114 2428 3429 681 497 3625 2681 2497 168 1841 1798 1569 454 2168 3798 3841 456 1162 2454 887 1460 1171 3569 1546 3162 3546 1097 532 3171 3097 2456 1502 2532 1151 1281 2887 122 3502 3151 3281 1648 840 2122 1944 3460 37 2840 2037 380 1713 1886 3944 3648 856 3713 2856 1795 3886 2380 3795
Route	49 :  568 1654 290 1690 3654 2568 1983 1333 910 2290 2910 3983 3690 1790 3333 1073 1582 303 154 3582 378 3073 1212 2154 2303 3790 1566 3566 2378 3212 945 1498 1254 744 2744 1127 2945 3498 3254 1883 1538 1792 544 3538 3883 1338 1725 3127 3725 2544 3792 326 474 337 3338 624 1185 2326 3185 927 2624 2337 1698 992 3698 2992 2474 562 1935 853 3935 2927 2562 1183 2853 3183
Route	50 :  1895 1102 3102 3895 1285 3285 739 2739 1181 1543 1371 206 1384 1268 3181 3384 3543 1801 3268 11 3801 3371 2206 2011 1390 74 936 1695 2074 402 1191 633 2402 1453 2633 1899 3390 2936 3695 473 3899 2473 445 3191 1784 117 3453 3784 1067 48 1676 2048 159 2445 2159 933 3067 2117 1965 3676 908 2908 3965 882 2933 1441 1045 3441 205 2205 2882 3045
Route	51 :  636 1084 843 1740 1797 3084 2843 1675 3740 1972 3797 1482 179 3972 2179 3482 2636 3675 611 1120 1665 1535 732 1023 3535 207 3120 2611 3023 766 276 3665 2207 2276 1828 2766 2732 1572 1781 3781 3572 786 1774 1426 1679 3828 297 2786 3426 3774 616 1743 3743 683 318 2297 2683 827 3679 1020 2827 3020 2318 1832 3832 2616 1392 1341 925 2925 1431 3392 486 3341 1457 2486 3457 3431
Route	52 :  399 573 2573 1996 1070 1034 2399 77 3996 1874 3070 1337 2077 1677 3034 1436 1544 1631 3874 3677 3436 1748 3544 3337 16 3631 3748 1973 2016 201 3973 1939 15 871 1412 3939 2871 2015 1362 2201 3362 453 1839 1050 3412 854 1670 3839 3050 495 3670 701 1706 2495 682 2682 2701 2854 2453 3706 1527 469 702 2469 1003 3527 674 2702 434 3003 1232 2674 1940 3940 2434 3232
Route	53 :  1598 394 361 194 152 1580 2394 866 2361 2194 2152 1032 476 3032 463 3580 751 3598 1622 2751 1587 2476 2866 1049 2463 1269 3622 482 3269 3587 3049 1968 983 2983 3968 506 2482 1693 1736 1559 208 3693 2208 1837 2506 642 3736 3837 1310 1773 3559 1643 3310 3773 1072 2642 585 3072 1443 269 3643 2585 1646 2269 793 953 3646 2953 3443 2793
Route	54 :  940 1421 93 1346 1122 3122 878 2940 1532 2878 3532 2093 3421 1912 3346 572 3912 2572 697 2697 1313 1137 991 710 2991 2710 3313 1680 3137 847 1413 831 2847 3680 1455 417 1256 3413 2831 265 3455 3256 2417 2265 743 1581 1966 3581 775 2743 1897 3966 1853 2775 726 3853 1995 2726 3995 3897
Route	55 :  229 1645 1903 140 315 2315 1473 2140 1927 2229 215 3473 3903 3645 184 2184 869 1174 1663 3927 1242 3174 2869 3242 1523 1223 3663 815 2215 1733 1480 3223 23 3480 833 3523 430 2815 625 3733 2023 2430 1284 2833 1653 350 89 1990 2625 963 2089 2350 1236 3284 3990 484 1487 3653 1267 3236 3487 2963 3267 1852 186 3852 174 2186 1777 1128 2484 1892 2174 1401 3128 3892 3777 3401
Route	56 :  792 1201 561 110 2561 2792 2110 3201 560 1306 96 490 1234 3306 628 2560 3234 2096 2490 164 1382 1730 2164 1089 4 1925 3382 2628 3730 2004 747 1850 3089 2747 12 2012 3850 1467 1210 779 1856 677 3925 3467 2779 322 1871 2677 1451 3856 599 3871 2322 3210 1445 1105 1826 2599 3105 3445 3451 1302 3826 508 537 425 370 2425 2370 2537 24 3302 2024 2508 1062 3062
Route	57 :  1981 1809 994 1948 22 348 2994 2022 2348 899 221 3948 862 1025 3809 3981 1550 3025 2899 3550 2862 535 2535 369 41 2041 516 2221 1241 295 2369 981 2295 1642 3241 2981 2516 721 1271 2721 647 3271 708 956 3642 842 1273 2956 1611 2842 1410 91 2647 321 3611 554 2321 3410 3273 2091 222 2708 1600 1988 1365 2554 3988 3365 3600 157 2222 2157
Route	58 :  679 1217 1720 446 596 2679 3720 92 2446 3217 2092 730 2596 1727 61 3727 1159 2730 125 1404 2061 868 2125 103 2868 3404 3159 2103 254 1104 266 2254 543 1737 1997 2543 534 839 2266 3737 3104 2534 1807 2839 395 3997 1361 1552 1061 3061 412 2395 3552 3807 466 3361 2466 2412
Route	59 :  1628 102 1129 3628 1189 1977 3977 3189 2102 861 3129 2861 80 1564 2080 1391 646 3564 3391 1594 2646 1255 3594 328 3255 128 2328 1090 876 1963 121 3090 2121 3963 2876 2128
