Instance name : nyc-n3000-2
Authors       : BIG3 - Dmitriy Yampolskiy, Egor Nikolaev and Daria Savina. Smart Logistics Point by the BigThree team (big3.ru).
Date          : 2025-04-22
Reference     : BigThree team (big3.ru)
Solution
Route 1 : 559 1333 400 1381 1251 967 2833 2467 2751 2881 2059 1013 719 858 96 379 2513 536 1900 2219 1031 1596 1879 2358 505 166 2036 1666 435 2531 662 1935 2005 252 1001 2162 191 1752 606 409 2501 2106 1909 1691
Route 2 : 804 333 1420 106 500 2920 621 1833 615 2000 1606 2304 2121 600 2115 459 1101 294 1959 407 1794 429 2601 2100 64 1907 267 1929 996 1564 168 487 2496 369 1987 626 1767 1668 1869 24 1139 1524 2126 2639
Route 3 : 707 288 4 1477 684 2207 1504 31 733 1788 1531 2977 2233 2184 1267 307 1349 831 1807 2331 2849 772 1246 2272 2746 867 2767 2367
Route 4 : 894 691 1024 1245 259 2745 1759 2191 1036 1473 2536 2394 2973 2524 727 731 752 607 2252 2107 2227 2231 913 241 687 2187 2413 253 1753 1741
Route 5 : 145 751 1373 1203 1114 1645 1286 2873 265 2251 2614 1337 428 2786 1025 2837 2703 2525 404 1403 1765 1928 1039 2903 769 994 1904 1122 2539 2622 2269 2494 338 604 81 1838 2104 1581
Route 6 : 1445 1492 113 971 2945 736 2992 771 2471 1459 2959 1613 2236 889 2271 648 2389 900 2148 311 1375 2400 1811 1244 1426 1135 2926 340 2875 217 2635 2744 1717 1840
Route 7 : 1030 1097 597 266 49 1766 2097 1241 2530 912 2597 2741 1549 644 2144 892 961 671 2412 55 239 2461 2171 1555 1739 2392 721 940 1316 2816 2221 2440
Route 8 : 125 1463 1625 575 1159 956 2963 724 2659 602 2224 1163 2456 2075 29 244 2663 2102 290 207 1744 136 1636 963 2463 119 810 1529 1619 1707 862 2310 974 1790 2362 2474
Route 9 : 225 378 1422 1324 1878 358 2922 1725 2824 107 1607 172 1475 1672 491 1052 1858 1991 792 2975 492 962 1992 2552 509 1035 2292 2462 1079 1078 868 2579 2535 2578 2009 2368
Route 10 : 1132 1104 1019 918 1112 2632 1074 2612 1191 224 2519 1724 1167 2418 790 2574 2691 2604 2667 931 1063 493 410 2290 2431 2563 535 1993 1327 1910 934 2035 2827 308 845 608 305 2434 1171 2108 2671 2345 1808 1805
Route 11 : 580 631 1453 149 1649 1174 2080 2674 2953 2131 1469 1143 865 359 658 2365 1859 2643 2969 2158 565 422 1315 1922 975 2815 2065 830 2475 1222 2722 2330 1311 1377 933 2811 690 2877 2433 2190
Route 12 : 1497 605 840 457 465 541 2041 701 2340 941 1965 1398 2105 2997 2898 2441 1957 986 2201 343 1095 327 283 110 2486 2595 1827 50 1783 1402 919 1610 2419 2902 1550 1843 1491 1084 2991 2584
Route 13 : 957 926 126 319 844 2426 1626 1819 2457 2344 1352 876 1342 805 1308 2376 2842 2852 2808 991 1454 2305 310 997 1393 2497 2893 2954 1810 2491 1390 1056 1328 2890 2556 506 1077 2828 585 1202 2006 2085 2702 2577
Route 14 : 595 1354 898 2398 2854 346 786 2095 247 1372 2286 1747 2872 598 1846 636 251 577 79 1751 1579 2136 767 972 2098 2472 2077 903 854 468 2267 2354 528 1968 1000 2028 104 2500 1604 2403
Route 15 : 97 211 634 599 2134 1113 899 1597 1711 2099 1188 716 553 2613 749 2053 1225 2399 2249 2688 309 2216 574 175 2725 2074 938 1809 30 1530 1423 1675 2438 1106 2923 753 763 132 1418 2253 2263 2918 513 1632 2606 2013
Route 16 : 945 2445 1216 450 1102 720 86 2716 2602 2220 1380 1950 1586 117 11 2880 510 917 1413 1617 232 2417 1511 2010 2913 1732 297 759 84 1584 148 697 1797 2259 482 2197 5 1505 1982 1648
Route 17 : 670 815 2170 2315 1178 587 618 1468 1319 2968 1407 2678 264 2087 2819 2118 778 2907 1764 151 69 954 1047 1569 837 1651 2547 2454 866 2278 464 747 1064 942 2337 1964 524 2366 2024 271 2442 2564 1771 82 1272 1049 2549 2247 977 1582 2477 2772
Route 18 : 1358 2858 1125 1177 466 816 456 130 2677 1630 1369 6 2625 161 2869 2316 1956 1506 1966 742 1661 1164 1107 1240 41 2242 2664 2740 980 1541 1348 2607 2480 1182 808 2682 2848 416 2308 315 1815 1916
Route 19 : 1259 656 1275 413 2759 1913 2156 2775 1160 2660 1451 1181 712 1374 2951 2212 180 2681 833 2874 1155 1237 122 1680 2737 2655 2333 1622 785 1003 1210 2285 1458 2958 452 540 248 1952 2710 1748 2040 2503
Route 20 : 556 1321 688 2821 1061 276 890 2056 1250 2561 987 366 2750 2188 750 1111 1776 2390 414 533 1866 2487 2033 2250 1914 538 2611 323 683 633 2038 555 1378 2183 2133 1823 1296 2796 645 2055 625 2145 242 1742 2125 2878
Route 21 : 27 231 332 610 1731 1323 2823 1832 1137 849 1527 2349 2637 1133 1389 978 2110 3 2889 2633 799 764 17 370 1503 1173 1517 2299 2478 2264 2673 952 773 1870 2452 2273 1055 2555
Route 22 : 655 710 105 641 1088 2155 1605 2588 2210 20 2141 1520 160 1660 672 1255 2755 652 1140 811 1460 2172 2152 2960 705 2640 2311 405 2205 202 1456 1905 195 1702 12 1695 1023 2956 1512 1020 131 2523 2520 1631
Route 23 : 1080 287 485 170 990 1787 229 460 1670 2580 52 1985 2490 1960 612 1012 1729 483 2112 2512 129 1983 1552 26 547 1526 1008 46 2047 678 1629 1208 2508 1546 2178 939 67 2708 2439 1567
Route 24 : 1073 1382 1470 635 2573 2970 2882 1339 2839 348 895 2135 249 2395 213 1749 729 1848 2229 1489 1713 1059 821 344 2989 1844 1421 2321 54 2559 2921 1439 1554 1228 2939 94 2728 1594
Route 25 : 227 1396 1015 199 291 2896 883 1727 1699 1791 2383 2515 1359 704 153 1387 1653 2204 2887 2859 732 777 948 21 2277 2448 2232 371 174 53 1521 1674 1871 22 209 1472 1553 434 1136 1709 2972 1934 1522 2636
Route 26 : 1248 589 1295 496 2748 2089 993 1130 1996 2493 1478 2978 2630 1329 2795 1256 2829 1263 1483 2756 1045 1392 2545 2983 2763 1409 537 2892 2037 200 2909 660 1029 582 1303 1700 2803 2529 2082 2160
Route 27 : 15 1366 1252 1515 2752 1044 198 411 2544 2866 1698 421 237 1921 1213 1911 90 693 1737 2193 1214 2713 1414 1590 345 2714 515 2914 643 1405 2015 859 391 354 1845 2359 1891 1854 2905 530 2143 958 2458 2030
Route 28 : 93 949 1593 2449 431 1172 1931 897 16 1332 1416 2397 2672 2916 1516 2832 57 1065 362 1557 1862 1170 2565 1128 23 2670 1523 1218 2628 2718
Route 29 : 1227 398 930 220 1898 680 2727 668 74 212 2430 2180 2168 1712 282 1383 1574 1782 1720 59 695 982 2482 2883 1401 2195 285 1559 196 47 1785 245 2901 1448 306 878 1745 1696 1442 2942 2948 1547 2378 1300 1083 543 1806 2800 2043 2583
Route 30 : 1109 682 2182 381 2609 1881 1236 2736 98 1598 163 1663 817 1231 1197 1108 1206 355 2731 2317 293 432 2697 1855 2706 1932 2608 490 188 78 908 1990 2408 1578 1793 1307 1424 1688 476 2924 1032 2807 2532 1976
Route 31 : 1265 162 121 1331 1621 2831 760 1433 1415 2260 1357 2765 1441 2933 112 2941 1002 1612 1662 2857 2502 2915 564 744 1362 2862 289 819 2064 717 2244 2319 812 1789 730 2217 2312 1121 1282 2230 1288 1457 2788 2621 2782 2957
Route 32 : 1268 58 2768 1127 443 115 1615 959 254 1558 403 1754 2627 1943 550 2459 1485 2050 896 706 1903 392 324 2985 534 2206 1892 2396 2034 1194 1824 85 1461 1038 442 2961 1585 909 2538 1942 2409 2694
Route 33 : 992 950 622 847 1269 2769 1476 2450 593 2347 2492 2122 427 2093 1490 2976 746 2990 2246 1927 497 824 304 1997 1376 473 1804 1050 775 2876 2324 1069 2275 2550 835 347 1847 1973 2335 2569
Route 34 : 135 368 75 1575 1635 1264 1391 914 1868 969 1126 2414 2764 2626 1180 826 2469 2891 673 2680 2326 138 277 562 397 2173 386 2062 1638 1897 292 1777 1886 408 888 713 1335 1792 2388 1908 2835 2213
Route 35 : 478 417 1017 654 1010 1978 2517 1148 1034 2154 1425 10 2534 2925 1917 2510 2648 511 2011 395 144 1510 1895 740 1028 1018 2240 1644 281 1220 692 2528 235 2192 1781 2518 2720 1735
Route 36 : 420 1233 1920 2733 679 836 2179 2336 240 1740 1410 223 569 2910 2069 1723 583 455 1294 335 165 1835 2083 1051 1955 1665 2794 2551
Route 37 : 221 425 726 87 875 1587 71 2375 169 1721 1571 2226 1925 855 2355 1669 1158 238 140 363 1640 999 1738 2658 1863 2499 603 983 734 857 2103 2357 1471 1273 2234 2483 1042 1436 2971 2542 2773 2936
Route 38 : 56 1482 377 1192 1556 2692 1091 2982 2591 1877 970 2470 743 1355 1176 142 2243 741 2855 2241 851 2676 1642 326 1223 42 2723 25 1525 1826 317 1542 2351 1094 2594 1271 920 1817 2420 2771
Route 39 : 548 1494 1397 2994 503 1022 2048 2897 572 372 2003 342 1872 2072 517 1190 542 2522 1842 233 2017 797 258 588 1733 423 2690 2297 1923 2042 2088 1758 336 1086 1464 989 869 2964 2489 2586 1836 2369
Route 40 : 173 396 611 1673 694 2111 1435 14 1048 1896 278 527 2548 1778 2935 43 2027 80 2194 1514 502 1543 2002 1580 439 639 1939 298 1075 303 384 784 2139 2575 300 2284 702 1798 1803 302 1884 885 1800 2202 2385 1802
Route 41 : 1427 197 1224 2927 1443 852 1697 783 187 2943 2352 1687 2283 2724 13 279 1360 1005 1779 2505 1513 2860
Route 42 : 1408 1014 103 471 313 531 1813 2514 2031 1027 669 1370 1603 1971 739 2908 964 501 2870 1040 2464 2169 2527 100 2001 2239 2540 973 1341 2473 539 1600 2841 838 927 2338 127 2039 2427 1627 1249 66 474 2749 65 1974 1566 1565
Route 43 : 33 155 1253 1655 2753 1533 385 137 19 204 1885 382 1637 1704 1882 1519 566 1209 839 928 2066 1217 2709 745 2717 2339 2428 1310 576 789 2245 2076 1057 2810 762 2289 312 2557 1211 871 2262 2711 1812 2371
Route 44 : 1353 1179 1446 262 1205 2853 2705 331 394 2946 1762 1325 686 1831 2186 2679 863 1099 516 1894 770 2016 2825 2599 2270 158 2363 521 1199 441 1500 192 1658 793 3000 2021 1289 2699 1941 2293 965 953 1692 2465 2453 2789
Route 45 : 481 1085 823 795 998 1981 1495 877 2295 2585 1280 1312 2323 2377 2780 2995 2498 2812 617 1082 2582 628 320 325 2117 1320 2128 579 1309 2809 1820 932 2820 1254 2079 1825 2432 2754 351 274 614 1774 2114 1851
Route 46 : 1347 178 268 529 2847 1678 339 1026 1195 813 2029 1768 609 2313 2526 1154 1839 937 620 2654 2109 818 167 2437 2695 349 1297 2120 2318 295 1667 1449 2797 2949 1795 1849
Route 47 : 120 1150 1620 2650 89 1589 780 2280 647 280 929 2429 2147 1780 955 1302 1488 1277 2988 1243 2455 1261 2802 2777 2743 1326 2761 2826
Route 48 : 1363 189 63 1689 477 1563 651 2863 1977 2151 809 463 314 2309 1963 1406 1814 1298 689 2798 2189 578 696 856 2356 2196 2078 2906 776 1371 765 467 1967 2871 2265 2276
Route 49 : 567 2067 1344 2844 1429 2929 1011 766 630 2266 1007 907 2511 2507 376 2130 985 1200 2407 1876 1293 984 2793 2700 1060 2485 613 458 800 2300 1958 2560 2113 2484
Route 50 : 649 321 406 1043 1193 1821 1906 418 108 2693 2543 2149 594 1138 263 1608 1918 2094 881 2381 2638 632 1763 36 449 190 2132 179 1068 1690 1536 399 803 1949 1679 2568 1899 2303
Route 51 : 1340 296 1279 1238 2779 1796 2840 1270 1493 2738 1292 522 2022 1399 2770 146 2792 2993 779 1004 390 2899 2504 2279 1646 1388 1890 1146 568 68 2068 846 433 2888 571 1568 512 445 2646 1945 2346 1933 2012 2071
Route 52 : 1242 590 2742 401 1496 328 2996 1440 1828 1093 1901 1157 1009 2090 1161 2940 2509 2593 2657 1058 216 638 1716 2661 2558 2138 230 891 1730 1257 228 2391 380 2757 177 255 1728 1016 1677 1880 2516 1755
Route 53 : 904 674 1169 2404 2174 1412 1165 273 1773 364 2912 2669 214 2665 1864 1714 70 1141 1336 1570 520 2836 616 1090 2641 2116 2020 2590
Route 54 : 1134 791 822 1467 960 794 2460 2291 181 2322 2634 2967 116 1681 2294 1616 514 2014 159 757 1345 1260 318 2257 2845 1659 1498 2760 1818 976 796 2998 234 2476 2296 1734 208 1041 246 860 1708 1746 2360 2541
Route 55 : 1395 1434 1096 2895 2596 653 2934 841 981 2153 2341 640 2481 666 2140 18 1291 1346 350 2166 236 60 2846 2791 1518 201 1736 1850 675 1144 2175 1701 1560 2644
Route 56 : 186 698 570 124 2070 532 1364 1400 2032 2198 1624 1149 886 1379 1686 2900 2864 1212 700 2386 2712 2649 176 1120 272 2879 677 2200 1772 1313 915 1676 2620 2813 2177 2415 440 1452 143 39 596 1940 2096 2952 1643 663 1539 2163
Route 57 : 44 1201 968 1081 2701 1544 2468 275 1152 2581 709 504 2004 2652 1305 1367 1775 2805 2209 2867 40 827 661 1540 367 210 2327 257 718 1867 2218 1710 2161 1757
Route 58 : 28 494 554 1204 330 2054 1528 203 1994 215 1830 1258 2704 1715 936 1703 147 470 2758 646 755 2436 1647 353 1970 2146 218 1853 1718 2255 334 475 850 32 1834 1532 1975 2350
Route 59 : 2 1474 219 1419 329 2974 1719 1829 544 523 906 1262 2762 1076 2023 2406 1301 2919 2044 1502 2801 1156 34 2576 1466 1534 2656 1098 1432 2966 601 2598 1185 2101 2932 2685
Route 60 : 205 711 1306 2211 1705 123 944 552 2806 2052 1623 157 1657 2444 412 738 872 563 1221 1912 2372 1187 2721 2063 2238 2687
Route 61 : 182 1226 874 879 966 2726 1682 2379 2466 1462 2374 586 2962 1444 1481 2981 1287 2944 2086 519 2787 667 1070 451 2167 2019 430 1951 1930 1123 2570 1166 728 83 861 2361 361 1583 2666 2623 1861 2228
Route 62 : 489 1266 261 1411 591 1229 2911 1499 2766 642 1989 2142 756 1145 2999 557 2091 486 2057 1761 2729 2645 2256 1168 141 1184 703 2684 2203 1290 2668 1986 1641 446 801 748 1147 882 2790 995 2248 1946 2382 2647 316 2301 2495 1816
Route 63 : 1239 1350 1230 2850 2739 102 715 499 1602 2730 1999 627 1330 2215 657 2127 829 946 735 2157 722 2222 2446 2830 2329 1054 2554 2235
Route 64 : 884 1386 356 448 437 2384 1856 1948 2886 526 947 73 1937 1455 1573 1124 2026 1046 2447 935 2624 2955 2546 758 518 150 2435 479 1650 2258 2018 1979 389 284 1153 1889 624 2124 2653 1784
Route 65 : 1314 360 910 1115 1284 2814 91 1186 2410 1100 2686 1591 2600 2615 1860 1351 243 184 2784 118 2851 1684 1318 1618 1743 508 426 77 2008 1428 2818 1118 2928 1577 1926 444 2618 1198 1385 2698 806 2885 1944 768 2306 2268
Route 66 : 1129 637 1116 921 870 109 2370 2616 2137 951 737 2421 2629 1317 561 1609 2451 2237 2817 2061 373 352 1183 1356 1487 1852 2856 1110 1437 2683 1873 1006 1361 2987 1131 2937 2610 2631 629 436 2861 92 1936 2506 2129 1592
Route 67 : 1189 111 1611 1142 2689 2642 665 2165 832 1021 2332 134 498 1998 2521 76 988 128 1634 1576 1628 2488
Route 68 : 1322 507 2007 1232 2822 2732 1162 2662 1431 222 393 2931 1893 979 1722 387 825 911 1219 2411 488 1887 2479 2325 1465 2719 1486 1479 1988 2979 925 2425 2986 2965
Route 69 : 923 714 560 51 873 462 2423 1962 2060 1119 2373 2214 916 2619 424 226 38 853 1924 1538 1551 2416 171 447 2353 1671 1726 1947 250 843 1750 133 402 2343 685 1633 1281 1902 453 2185 2781 1953
Route 70 : 206 139 1151 1706 1285 374 1484 902 2402 1639 802 1874 2651 2785 1404 2984 114 2904 1614 549 72 551 573 2302 2049 922 820 2073 2051 545 2320 1572 2422 193 2045 650 1276 2776 774 623 2150 2274 1693 2123
Route 71 : 880 415 1037 388 828 2537 1196 1915 2380 1888 807 260 454 2696 2328 1954 2307 1760 1175 1430 256 95 2675 337 1756 2930 1365 1837 45 781 1595 2865 299 676 1105 681 1545 183 2605 383 2281 2176 461 1338 1799 2838 2181 1883 1961 1683
Route 72 : 286 1207 419 156 1368 1786 1234 438 2734 1656 1072 1938 2868 943 1919 99 2572 2707 322 1103 1599 2443 2603 1822 592 88 905 1299 1053 2799 48 1548 1588 2092 1394 1092 2894 584 2553 1067 798 2405 62 2592 1562 2567 2298 2084
Route 73 : 1117 546 1447 154 101 1601 1278 2617 270 1770 924 2947 754 2046 1654 2778 2254 357 2424 848 1857 708 2348 725 1235 480 2208 2225 2735 1066 1980 472 1343 2566 1062 1972 2562 2843
Route 74 : 152 365 1480 35 1384 1865 2980 7 1283 1652 619 1033 2119 1535 2783 761 61 2884 1507 2533 269 1561 495 2261 1995 1769 301 469 893 1334 1215 1969 1801 864 8 2715 2393 2834 1508 2364 9 1509
Route 75 : 787 842 814 659 484 1274 2287 2342 2314 37 2774 1247 1984 2159 664 1537 558 887 2164 1 2747 2387 2058 1501 164 1071 1089 782 2571 2589 1664 2282
Route 76 : 194 1694 1304 1087 341 375 1841 1875 2804 723 1450 2587 1438 2938 2950 788 901 2223 185 525 699 581 2288 2199 834 2025 2401 1417 2081 2334 1685 2917
