Instance name : nyc-n200-3
Authors : Alexander Yuskov (a.yuskov@g.nsu.ru), Igor Kulachenko (ink@math.nsc.ru), Yury Kochetov, Igor Vasilyev, Zhangdong, Chenjuan, Huanghaohan, Wanglongfei
Date : 28.05.2025
Reference : HGIM
Solution
Route 1 : 95 90 195 76 190 2 176 80 64 66 180 164 24 102 124 85 166 89 92 60 189 160 192 185
Route 2 : 21 30 93 121 83 87 91 71 187 78 171 28 191 193 178 128 130 183
Route 3 : 56 52 68 23 152 59 22 123 122 156 168 31 46 25 131 49 67 159 125 146 15 37 167 115 72 137 149 44 50 172 144 150
Route 4 : 14 12 114 112 53 153 27 51 47 33 147 41 141 133 61 151 29 127 19 161 1 77 119 129 43 73 101 94 173 143 194 177
Route 5 : 54 81 74 63 13 55 113 174 155 163 154 36 181 11 100 17 117 86 200 186 26 126 35 111 136 39 135 9 139 4 109 104
Route 6 : 97 6 84 96 34 184 196 5 69 197 82 48 106 7 134 42 169 148 105 182 142 107 8 65 58 98 108 165 158 16 57 198 157 116
Route 7 : 45 99 18 10 110 20 118 145 32 199 120 79 179 132 40 38 75 88 62 162 138 140 70 175 188 3 170 103
