Instance name: nyc-n600-4
Authors      : CUHKSZ_HWGTS
Date         : 2024-12-03
Reference    : Unpublished
Solution
Route 1 : 188 221 95 42 395 521 488 201 195 232 192 495 532 288 501 171 342 492 269 276 170 471 576 470 588 8 79 31 379 132 569 148 308 156 331 90 390 92 448 432 228 456 392 528 154 210 290 63 66 251 551 363 510 157 49 454 590 58 366 71 26 326 149 358 457 349 185 449 485 371
Route 2 : 167 105 67 237 234 405 367 467 534 264 537 280 236 564 174 580 238 536 109 283 474 583 538 166 466 409 172 27 292 85 385 227 246 527 592 176 472 546 126 327 77 101 54 476 175 401 87 426 354 229 197 387 274 377 497 265 574 475 2 529 212 512 565 302
Route 3 : 133 433 254 289 299 222 68 3 599 554 218 33 589 522 333 518 303 98 19 104 159 398 368 319 404 459 198 53 52 69 207 498 369 507 298 30 330 353 352 137 146 32 118 225 598 437 525 446 248 217 332 517 418 199 278 578 81 499 295 73 548 595 187 119 373 64 4 381 419 487 304 364
Route 4 : 88 243 10 256 266 543 310 566 388 556 240 144 277 220 194 577 540 173 444 473 102 112 402 494 520 412 287 106 44 7 406 36 139 344 307 439 587 296 189 596 489 336 124 153 204 135 216 453 48 435 424 504 164 348 78 257 516 86 223 378 464 523 557 386
Route 5 : 37 293 297 281 597 100 337 593 39 43 134 160 343 136 581 434 460 339 436 211 129 400 511 429 203 103 110 410 230 403 18 503 206 91 530 506 1 318 391 301 128 255 138 177 150 152 428 438 477 452 29 145 282 329 62 450 12 582 182 445 362 555 482 312
Route 6 : 183 23 270 483 179 268 14 479 323 41 125 425 341 570 74 568 252 131 314 431 374 552 75 186 375 213 6 151 486 451 96 300 396 306 130 513 600 190 142 247 430 547 59 76 442 359 490 275 97 83 383 575 397 376
Route 7 : 200 99 168 45 285 291 399 345 11 468 500 591 147 13 38 338 585 447 311 313 50 178 273 350 284 208 249 250 573 549 584 55 508 93 89 478 123 550 239 393 180 355 423 57 35 24 324 169 480 357 94 233 394 539 224 335 524 533 469 259 389 294 82 40 559 382 226 340 594 526
Route 8 : 65 162 365 462 9 20 17 309 202 47 502 320 317 117 56 356 347 21 181 417 141 441 321 481 272 108 242 215 572 408 163 515 267 121 542 122 231 567 531 158 463 241 143 422 191 443 421 491 458 541 51 114 15 261 61 351 28 328 258 315 414 558 5 361 561 305
Route 9 : 235 25 263 193 535 563 493 325 219 155 127 244 209 427 544 519 286 586 205 455 60 253 509 80 360 553 380 72 84 505 372 165 16 384 260 560 465 262 196 161 496 111 461 316 411 115 562 34 334 120 22 322 415 107 214 407 271 514 184 420 484 46 571 113 346 413 279 245 116 70 416 140 579 370 545 440
