Instance name : nyc-n3000-5
Authors       : Dmitriy Demin, Mikhail Diakov (msd@veeroute.com), Ivan Ilin, Nikita Ivanov, Viacheslav Sokolov (vs@veeroute.com) et al. VRt Global (https://veeroute.com/)
Date          : 2023-04-24
Reference     : veeroute.com
Solution
Route 1 : 802 2302 847 138 761 1445 1638 978 767 2261 2945 2347 917 1235 411 141 1911 2417 1641 2267 1061 2735 2478 48 1141 2641 442 444 1944 1321 183 1683 1942 1548 2561 2821 1015 2515 441 1346 1941 1469 1369 2969 705 502 2205 27 2869 2846 2002 1527 701 487 2201 1987 1145 147 2645 1209 1111 825 1432 2325 2932 2611 2709 1647
Route 2 : 79 321 1579 1281 1821 1372 2872 2781 840 1063 1464 423 2340 29 2964 2563 1529 53 87 1923 102 1553 1301 1602 2801 1587 1148 152 799 1473 2648 193 2973 1652 2299 81 653 2153 1693 1581 740 1130 292 486 352 1986 739 2240 719 2630 1852 1792 2239 2219
Route 3 : 620 1047 385 768 1165 1885 77 2120 1577 2547 2665 2268 1185 323 1823 2685 905 535 673 807 2307 2405 2035 1064 113 1403 2173 159 1613 1012 1659 2903 180 1089 1155 2564 1265 2512 14 684 2589 1680 2184 833 2765 2655 394 976 1514 116 2333 1154 965 2654 495 281 2476 1295 1616 795 1894 300 1800 2795 46 1995 1546 2295 2465 1781 206 1462 1136 641 2962 1353 2636 1706 2853 2141
Route 4 : 1276 459 947 593 759 2447 1135 1959 2776 2093 563 40 1240 2635 2259 2063 2740 451 1540 396 1896 702 720 1951 1170 2220 2202 279 561 2670 1255 1779 667 407 679 2061 2167 791 1907 1500 2179 1481 1387 2755 2981 2887 2291 1294 70 3000 2794 1570 1016 1042 150 504 816 2004 1069 2542 2569 2316 887 1458 1650 2516 1399 2387 474 17 58 1974 1517 2899 2958 1558
Route 5 : 1283 233 690 1057 882 733 1733 2382 2783 2557 941 2190 2441 473 1973 2233 1024 530 1083 2583 594 2524 516 1446 2094 2030 167 2016 1211 1667 1259 2711 541 2946 2759 669 37 2041 866 483 1983 2169 1537 2366 567 212 203 780 696 1712 757 1703 1307 2257 1227 2067 2280 736 2196 521 558 2807 2058 2021 2727 662 878 1477 2977 2378 2236 2162 995 919 1195 2495 2695 2419
Route 6 : 1002 515 2502 1357 832 1108 2015 2332 1065 2857 994 2608 227 2565 776 723 2494 1727 955 1234 2276 184 1210 2223 1684 712 215 2734 232 2710 36 2455 1156 2212 1732 1536 1715 1282 997 2656 403 2782 560 443 302 2060 1903 1126 1802 2497 226 806 2626 1943 1726 2306 1361 1134 1370 2861 982 972 2482 2634 1396 2870 83 257 1218 1383 2718 1583 2472 2896 2883 1757
Route 7 : 686 2186 869 100 1600 1184 1496 971 2684 142 2996 2471 1642 812 796 2369 149 285 1649 649 2149 1785 738 2296 2312 417 464 1419 371 2238 639 1917 1871 2919 419 2139 1347 1919 1964 1431 1070 663 2847 1038 2163 2931 163 1080 1471 2538 1663 637 2580 595 2570 2971 480 2095 1098 508 1980 2008 2598 1025 2137 1207 2707 1319 771 708 709 2819 126 2525 2208 104 2271 1101 1626 2209 2601 1604
Route 8 : 537 2037 57 903 871 205 2403 1131 2631 1705 1557 2371 354 1303 829 1854 1382 2803 855 468 576 2329 658 2882 2076 1484 2984 1968 95 2158 2355 200 717 1700 247 608 1747 2108 2217 427 1352 131 631 1595 1927 2852 1631 752 349 2131 927 2252 1849 2427
Route 9 : 1412 290 2912 953 2453 885 1790 420 1275 54 1273 2385 2773 1920 2775 350 991 1554 1850 1324 1010 175 2491 363 2824 112 1675 834 2510 775 2334 1863 2275 1384 814 1612 729 1079 2314 276 289 1776 2884 2579 2229 1789 35 893 1342 1444 1535 1009 437 2842 1937 2509 628 2944 454 438 731 2393 571 1954 1413 2128 274 2913 2231 2071 1774 1938
Route 10 : 244 710 1343 52 361 1465 2210 56 1744 1552 103 2843 1861 922 1603 815 2965 1556 513 2315 469 2422 948 1438 76 2013 2448 1576 1493 1208 1969 2708 1180 525 813 2993 2938 1140 787 2640 2680 275 2025 284 1784 2313 859 2287 984 2484 433 1182 28 1775 2359 1933 1528 109 886 798 2682 2386 1609 671 2298 2171 1474 1030 130 2530 1630 2974 881 2381
Route 11 : 861 1337 235 542 189 108 2361 1033 2837 706 1735 879 2042 2206 1689 2533 911 1391 1608 1229 1267 2729 2379 2891 605 345 2411 2767 1845 1119 529 713 2105 2619 2213 2029 356 916 993 398 2416 1856 1898 377 2493 1470 2970 1877 368 782 889 2389 2282 573 297 1868 357 326 1797 721 1826 1440 416 1857 2073 2221 1916 2940
Route 12 : 1305 1250 611 260 1376 1760 2111 2876 552 2805 2750 2052 1223 518 2723 386 2018 1407 630 1886 1171 1143 2907 296 2671 2130 2643 129 388 1796 1629 523 1888 16 550 1516 2023 80 1580 779 680 805 1417 262 2279 2917 2050 2180 2305 1762 675 12 410 2175 6 314 1512 633 2133 1910 134 1153 1814 1506 1634 2653
Route 13 : 191 33 1203 75 1533 2703 1575 1260 1691 381 270 1428 1053 2553 1770 268 1201 1881 2760 668 66 2168 2701 2928 1768 1483 2983 830 1566 845 2330 750 252 2345 2250 1752 970 1144 1308 2470 2808 1356 707 2644 1297 2207 90 1499 2797 2856 278 1590 378 238 2999 1778 703 1878 1738 1032 1062 1243 1453 2203 2562 340 528 1840 42 741 1542 2028 2743 140 507 2953 2532 2241 2007 1640
Route 14 : 155 642 2142 1404 1655 1022 2904 1169 1270 2522 1052 1001 2552 952 2669 2770 2501 2452 1204 715 540 1233 2704 1373 2733 2873 614 677 2177 2114 2215 2040 913 811 122 726 2413 1622 2311 1149 2226 234 1334 943 1198 2834 1734 698 1332 2443 466 2649 2832 2198 2698 1966 789 319 1160 1335 1819 2289 974 2835 2474 2660
Route 15 : 900 2400 1085 1044 1157 1494 1291 2585 2994 2544 2657 2791 1360 1158 924 1289 2424 1421 2658 2860 2789 148 585 505 1648 509 2085 2009 2005 2921 722 1090 496 1996 2222 376 1113 1397 2613 2897 185 2590 1232 1067 870 1448 1876 1685 2567 2370 2948 2732
Route 16 : 346 1479 435 401 1846 1039 1935 1901 2539 1058 2979 383 2558 82 1105 1256 853 1457 1582 242 2605 2353 1883 1742 2957 2756 59 621 1559 2121 135 358 1199 555 2055 1858 392 1040 458 1635 1892 1197 1241 1958 1433 2699 2540 2741 2933 2697 1304 999 367 156 2499 2804 1867 1656
Route 17 : 786 39 107 2286 968 2468 1214 1023 2714 987 256 1607 1322 1539 2822 2523 1756 2487 462 31 928 186 1962 317 1531 1686 375 2428 629 1817 532 1875 2032 1013 120 897 2129 2513 1302 1620 1107 2397 2802 1190 301 1205 2607 1151 2705 790 1801 2290 2690 264 430 921 2651 1764 1930 166 2421 24 728 821 2228 908 1666 1524 2408 2321
Route 18 : 335 756 581 1045 1485 337 2256 1835 1837 745 2081 2985 2545 2245 471 393 544 1971 1893 2044 1336 291 359 584 1791 2836 1271 2084 988 848 744 1859 2348 190 207 2771 2488 2244 415 387 1707 503 1690 1915 1103 145 2003 2603 1461 1887 1645 909 838 2961 1472 2409 78 2338 693 2193 760 2972 556 1578 891 2260 2391 781 850 384 2281 2056 2350 1884
Route 19 : 405 1164 1093 578 2593 2664 2078 199 353 1699 1905 249 176 1853 661 1104 1749 2161 793 2604 1676 208 23 2293 218 778 1708 1523 773 1081 2278 2581 1386 43 1718 146 339 2886 1839 1543 2273 569 2069 177 1339 1646 1054 2554 2839 414 1677 1183 664 1041 557 1914 2683 545 2164 491 2057 2541 2045 1991 590 1359 770 615 2090 691 2270 2115 992 2859 2492 2191
Route 20 : 1405 94 1594 2905 409 1226 1909 2726 3 1202 1418 1425 2702 577 2925 1503 2077 570 2918 755 213 2070 826 169 1713 2255 1116 125 2326 1669 2616 74 1625 114 973 493 1168 1993 2473 41 2668 1614 1574 1541 1008 914 1350 2414 9 2508 2850 1313 391 1509 1306 1891 2806 2813 940 1084 1109 580 2440 907 2080 2609 2584 2407
Route 21 : 554 446 195 635 718 2218 30 2054 1695 2135 536 1946 1378 449 308 1530 2878 121 2036 1808 1949 583 656 1621 1422 1251 2083 2751 224 2156 2922 1724 216 1716 472 304 1059 1187 1972 648 894 644 2687 2148 2394 1456 2559 601 1804 551 2956 2144 2101 61 1246 2746 1423 2051 967 1561 1110 2610 2923 1166 2467 2666
Route 22 : 820 165 164 939 1664 1326 1665 827 2327 2826 62 2320 2439 499 725 582 1562 2225 1999 2082 448 1395 170 1948 1161 379 2895 1670 1310 906 1147 2661 2406 2647 1879 2810 1 19 839 1365 1439 2939 2339 1224 1127 1501 1519 1258 2865 1316 2627 287 2724 50 606 2816 2758 933 1787 456 1550 445 18 1288 1945 937 2433 1956 2788 2437 2106 1518
Route 23 : 343 1049 763 2549 1843 2263 225 1364 841 1179 1725 450 2864 332 2679 1832 2341 173 1950 1174 1673 2674 1430 1354 1142 646 2642 202 2930 624 2146 2124 843 2854 369 865 73 2343 1702 700 2200 1573 1869 2365 1497 309 1300 1393 2997 617 1809 298 1287 2893 2800 2787 1798 2117
Route 24 : 636 1411 957 60 2457 2136 1086 2911 1027 2586 1172 539 1560 2672 2039 51 2527 1215 91 2715 1591 1466 1551 426 273 543 1773 2043 266 2966 884 1007 1766 1926 2384 239 258 2507 1176 397 1739 1095 1077 2595 259 2577 1897 2676 1758 837 1759 1394 271 2337 1311 923 2894 1254 223 2754 1723 1771 2811 2423
Route 25 : 934 666 151 201 546 1701 1651 2166 1020 1284 2046 2434 2520 47 2784 364 1547 964 956 457 975 1864 2464 2456 632 118 1957 1249 2475 2132 2749 1618 699 902 1263 2199 2402 2763 751 117 1325 1371 732 2232 307 2251 243 2871 1617 623 2825 320 1338 1807 2123 1426 2838 1074 1743 1820 2574 490 1442 1228 2926 1163 1990 1017 174 2728 2942 2663 67 382 1674 1567 1882 2517
Route 26 : 447 986 1947 2486 1248 2748 1416 5 774 1505 2916 1424 2274 565 809 1358 2065 22 2924 1522 2858 2309 1293 1192 598 373 2692 852 2352 2098 1873 2793 461 1274 295 267 111 1611 1795 2774 1380 1961 1767 179 652 1217 2717 910 895 2410 2880 313 2152 898 949 2398 1813 2395 2449 1679
Route 27 : 250 8 1508 1750 370 1870 1437 2937 512 263 647 1328 1763 2828 214 2147 665 2012 194 586 2165 867 1714 1694 2367 2086 127 1048 98 341 1627 2548 1037 553 1841 261 2053 478 1761 1598 1181 2537 245 399 2681 1978 1745 858 479 851 1899 311 785 246 2358 990 2285 1746 2490 1979 1811 2351
Route 28 : 1315 110 2815 1610 856 824 2356 1122 2324 1323 1051 1400 101 2823 2551 171 925 1601 86 2425 2622 2900 1586 1671 44 876 221 1544 355 68 2376 1050 1568 1855 1721 960 119 96 2460 2550 1596 1036 836 425 1619 743 2336 572 1925 2536 63 198 2243 2072 1078 1698 1247 1563 783 1186 2747 2578 748 1487 1175 2283 380 1299 2686 2248 2987 2675 1348 1402 2799 1880 2848 2902
Route 29 : 747 792 2247 418 1268 429 137 1929 1066 1637 2768 2292 801 1918 1216 604 2566 2716 676 1489 1162 1152 2176 2301 2104 2652 1285 2989 293 2662 946 1793 1082 2785 742 1401 2242 2901 1309 2582 969 2446 348 2809 1194 231 1848 2469 1731 2694 657 1193 2157 476 436 1091 926 2693 1976 1936 1333 2591 1129 229 2426 2833 1414 2629 804 236 1096 2304 1736 1729 2596 2914
Route 30 : 1280 683 452 2183 1362 1952 2780 2862 562 482 1087 1427 2062 1982 1467 2587 1409 2927 2909 2967 531 574 901 766 1200 1088 2700 2401 2031 2588 2074 961 950 328 2266 2450 2461 1408 1495 1828 255 139 220 1720 1755 1112 2995 160 1639 2908 2612 237 963 1660 197 951 929 1737 2463 2429 619 603 1697 2103 2451 2119 1480 931 485 315 695 2431 1985 2195 1815 2980
Route 31 : 1329 45 253 613 2829 85 470 1545 1349 1970 977 2113 2477 1753 1244 638 2849 1585 716 2216 944 1046 2138 365 2546 65 1865 2444 2744 694 735 1565 2194 2235 1312 626 589 406 2089 2126 810 2310 1236 2812 1906 342 1028 188 1167 217 2528 2736 817 1842 935 1717 1688 1117 1253 651 2435 2667 2151 2317 2617 2753
Route 32 : 136 69 1398 1410 1341 158 2898 2910 325 1636 591 2841 1569 1825 21 1178 2091 1658 2678 1327 209 1709 873 2827 1521 196 823 395 1463 2373 660 1696 1895 2963 2160 2323 1459 153 672 892 2392 842 1653 154 2172 1406 2342 1654 1390 1245 38 2959 2906 1420 2890 306 1538 1099 2920 1806 2745 2599 1034 1056 1345 2556 269 2845 1029 1769 682 2182 128 2529 2534 1628 772 754 1476 2254 32 2272 1097 2597 2976 1532
Route 33 : 1490 568 579 277 2079 587 338 2068 524 1777 13 2087 2024 1513 2990 1838 749 954 178 49 2454 1678 2249 25 1242 1549 1043 1525 1262 727 2762 2227 599 2742 161 1121 2543 64 2099 1564 1317 1661 404 769 2817 920 2621 1238 2738 2420 372 2269 1904 989 846 2489 2346 1872 1454 181 1068 689 2954 1681 1450 2950 2189 2568
Route 34 : 97 890 1014 1429 534 283 2390 654 1597 34 1783 2514 2034 1447 1292 2154 1449 2929 1534 1257 2947 389 2792 2949 1092 1278 983 2757 2592 2778 2483 1330 132 1889 288 533 1632 92 2830 678 299 2033 1592 1344 1221 1788 2178 2721 2844 1799 1075 1488 1385 930 2575 762 2988 2885 1482 1486 1296 2262 1138 280 2430 2982 549 1006 2796 2986 622 2638 408 2506 2122 2049 1780 1443 1908 868 2943 2368
Route 35 : 849 2349 336 1366 607 168 2866 1668 55 1213 1836 1035 1555 819 2713 1132 2107 547 501 460 2047 2535 2319 2632 564 1367 2867 2001 1960 20 1206 1520 2706 2064 99 1374 7 945 1599 2445 2874 1392 609 1237 822 1507 980 2109 2737 2892 2480 204 818 2322 2318 1704
Route 36 : 854 344 1094 936 510 2010 1225 2354 1320 286 2725 1844 1786 2820 2436 2594 390 685 863 1890 2185 808 1451 84 1196 2951 602 2308 2102 2696 1584 2363 1018 1318 331 488 2518 1115 1831 2818 1389 1988 2889 1331 966 2831 2615 746 784 2466 1355 2855 2284 2246 730 2230 187 294 4 1794 1687 402 1902 1368 1102 514 1504 1011 123 2511 2602 2868 124 2014 1623 1624 883 862 182 2362 2383 1682
Route 37 : 559 412 612 610 2059 932 1230 2112 527 2432 1177 1912 2730 1120 2110 2027 2620 2677 650 938 1071 1072 2571 72 2150 1375 765 2572 2265 2438 828 1572 2875 316 329 1381 711 2211 2328 1829 1436 2881 219 2936 1191 1719 1816 455 864 2691 1955 477 958 2458 2364 1977
Route 38 : 797 888 600 497 500 1460 2100 2388 1997 327 2297 2000 877 1827 324 519 794 1824 2294 2019 2960 764 2377 1139 538 334 1834 2639 2038 1188 1492 800 2264 2300 210 1710 241 2688 1277 634 494 1741 1994 475 434 2992 2777 1934 2134 1239 211 1711 2739 1031 481 517 1975 88 2017 2531 1588 1981
Route 39 : 753 498 1290 115 1137 2790 1998 1615 2253 1298 2798 1269 511 2011 2637 2769 105 1363 1340 2840 1231 2863 645 2145 1605 2731 1222 322 1189 777 872 310 2277 1810 2722 1822 2372 2689 1128 1003 162 10 265 2503 1510 2628 687 240 492 1765 2187 875 432 1662 1992 1478 674 2375 484 1740 1932 1005 133 2505 366 1633 2174 2978 1866 1984
Route 40 : 803 520 1004 979 1388 2504 2303 506 2020 2479 2888 2006 1076 2576 374 857 489 1475 1874 1415 2357 2915 2975 428 1434 1989 734 860 758 1928 2934 1124 874 2374 2624 2234 2360 2258 1264 15 347 788 2764 2288 1847 26 985 1526 2 1515 1100 2485 1498 1502 1150 2600 704 2998 2650 440 1125 248 2204 2625 1133 1748 1940 303 1803 2633
Route 41 : 1266 588 697 2197 1272 2088 2766 272 2772 144 1772 692 2192 1026 1441 681 1644 915 2181 2941 522 2526 2415 1060 2560 2022 625 1159 1351 431 2125 1219 2659 1931 724 659 996 2224 2851 618 2719 2159 93 421 1593 413 835 2335 942 2496 912 2442 2118 1913 1921 463 1000 2500 1963 1286 2412 880 640 400 1019 1279 2380 2786 2140 2779 2519 1900 1106 2606
Route 42 : 566 1491 453 1435 1220 2935 2066 592 2720 312 2991 1379 2092 1452 1953 2952 1468 2879 192 465 467 1812 1967 106 2968 1173 254 1606 2673 1692 1965 422 1754 981 597 333 1922 230 2481 305 1833 1252 2752 2097 1730 1805 143 904 424 1643 2404 1073 2573 1924 330 596 844 1830 222 172 670 2170 2096 1722 1672 2344
Route 43 : 1377 362 1114 655 616 2116 2877 2614 575 959 157 251 2155 2459 1751 1118 899 737 2075 1314 1657 2237 282 998 2814 2618 1782 1212 2399 318 1021 2712 2498 1818 896 688 1862 2521 2396 1123 11 1146 1455 2188 2646 71 1055 2623 1571 2555 548 439 2955 918 1511 643 1939 526 351 962 2026 2143 228 2418 1851 2048 831 360 1728 89 2331 2462 714 1261 1589 627 2761 2127 2214 1860