Instance name : nyc-n1500-2
Authors : Hiermann, G. and Schiffer, M.
Date : 2024-04-30
Reference : arXiv:2405.00230
Solution
Route 1 :  206 573 14 309 956 310 1059 764 1323 1060 224 518 974 1268 543 677 9 759 8 1293 165 402 1427 758 915 1152 442 378 736 640 750 1128 1192 1486 478 1500 564 1228 1390 77 230 123 1314 980 827 873
Route 2 :  555 159 52 394 46 374 802 1124 745 1305 796 909 122 1144 1495 295 274 80 598 872 308 1024 571 830 749 1045 1321 1348 1058 56 19 1499 444 806 381 443 769 637 1194 458 1193 1208 163 1387 1131 913
Route 3 :  259 79 170 269 133 204 1009 59 954 706 920 809 829 1019 883 1456 379 644 357 1394 437 1107 1129 1187 539 709 279 1289 1459 226 1029 976
Route 4 :  316 405 42 202 413 623 1155 1163 356 276 792 1066 414 1026 1373 952 99 1106 1164 849 105 697 700 606 354 1450 855 213 1104 1447 963 1356
Route 5 :  162 716 262 432 214 580 912 167 1466 1182 78 248 964 1012 917 1330 193 998 343 605 943 718 828 1355 1093 1468 724 698 747 1474 1497 662 131 1448 513 241 319 881 991 1412 1069 1263
Route 6 :  39 523 655 315 219 1273 789 969 593 1405 1065 94 844 1343 103 455 128 1205 556 878 113 853 1306 863 544 21 562 505 771 1255 351 1294 1312 707 108 177 1457 927 858 1101
Route 7 :  66 119 472 67 869 284 83 569 816 1222 220 65 1034 817 833 970 815 215 1319 172 922 470 594 965 723 649 615 630 1344 1473 1220 575 1380 1365 1399 1325 387 143 893 1137
Route 8 :  286 158 22 687 1036 180 333 908 540 772 930 1437 84 1290 47 1083 834 701 797 264 601 1451 1351 1014 323 314 395 576 346 1073 744 1096 1494 625 1064 464 1145 1326 1375 1214
Route 9 :  37 87 661 258 466 1411 1008 236 837 176 787 194 423 1216 76 944 986 926 1173 383 826 140 118 474 1224 890 229 58 868 1133 702 808 201 409 979 1452 732 951 1159 1482
Route 10 :  480 1230 451 1201 225 102 604 250 852 975 260 7 1000 1354 207 1010 561 757 270 693 1311 695 957 733 363 654 1020 1443 1113 1483 1404 1445 169 919 463 244 563 1213 1313 994
Route 11 :  726 485 501 465 679 1251 1476 1429 1235 1215 222 512 246 160 1262 972 635 471 996 1385 304 498 910 729 1479 1221 1248 1054 713 449 734 1463 53 657 648 1199 1407 1484 803 1398
Route 12 :  48 495 579 340 1245 1329 691 81 612 798 171 831 1362 921 1090 1441 271 124 101 334 595 1084 851 874 192 362 1021 369 1345 1112 1119 942 327 714 1077 1464 299 132 535 1049 1285 882
Route 13 :  658 608 75 1358 825 614 664 1408 688 253 550 1364 1414 1003 1438 1300 329 1079 515 439 209 43 139 793 959 144 216 1265 1189 966 894 450 205 889 148 955 49 1200 799 898
Route 14 :  72 588 525 297 1338 822 613 331 616 1363 1366 1047 1081 728 1275 484 292 191 1042 1234 1478 941 266 290 146 896 519 1016 50 1040 469 800 422 1172 1219 1269
Route 15 :  434 585 15 418 1168 765 619 30 1335 514 780 23 1184 127 487 1369 1264 773 1237 877 675 45 306 189 11 939 795 287 1425 633 1056 1383 761 1037
Route 16 :  120 645 1395 55 870 138 300 479 445 888 805 1229 1050 1195 574 610 28 31 104 778 781 1360 532 1324 364 854 1282 41 1114 151 643 791 547 1393 1297 232 901 982
Route 17 :  494 646 126 403 234 876 1396 70 1244 141 984 891 820 1153 559 1309 166 581 542 1331 1292 916 68 86 517 1267 818 836
Route 18 :  496 61 27 673 545 666 1246 777 1423 1416 1295 811 135 885 368 748 91 1118 231 841 187 1498 4 981 288 754 29 937 349 779 1038 1099
Route 19 :  521 256 1271 382 237 145 895 1006 1132 391 987 182 1141 476 386 183 932 933 1136 1226 452 537 1202 322 57 1287 208 807 1072 958 154 373 457 26 904 776 1207 1123
Route 20 :  330 493 1080 589 336 106 1086 856 406 1243 1339 184 129 1156 879 522 934 477 152 1272 1227 263 289 902 1013 656 88 1039 511 508 1406 1258 838 1261
Route 21 :  196 720 238 548 13 557 946 1298 239 1470 989 1307 988 447 715 233 763 2 1197 1465 983 752 293 110 198 40 560 860 790 583 1310 948 1043 1333
Route 22 :  147 416 195 696 1166 1446 897 313 945 20 69 1063 18 552 358 819 770 247 500 768 1302 997 1250 1108 510 572 375 717 1260 1125 1467 1322
Route 23 :  627 404 302 1377 584 1052 1334 565 291 1154 1315 5 755 492 678 602 1041 1352 1428 1242 719 335 90 1085 1469 412 621 1162 840 1371 185 935
Route 24 :  632 407 307 674 1057 1424 1382 1157 227 324 977 89 1074 305 376 441 839 1055 1191 1126 578 546 1328 71 821 566 82 1296 832 137 887 638 1316 1388
Route 25 :  636 371 365 359 467 1121 114 1386 1115 459 864 1217 1109 16 617 410 1209 634 766 682 1384 1367 461 1160 1432 397 1211 24 1147 179 929 774
Route 26 :  597 1347 708 1458 684 278 1434 221 210 971 1028 377 265 1015 960 1127 438 710 361 538 1460 453 1188 1111 156 1203 188 115 1288 906 454 865 503 938 703 1453 1204 1253
Route 27 :  366 1116 746 116 742 95 866 660 845 1492 1496 1410 704 341 731 1454 1091 401 533 1481 367 1151 1283 74 400 670 1117 1150 1420 824
Route 28 :  64 429 699 481 814 1179 1449 245 1231 257 995 149 33 433 430 783 899 347 415 1180 1007 1097 1165 1183 483 609 338 301 1088 1233 1051 1359 355 1105
Route 29 :  130 345 694 692 332 596 1082 1346 1095 1444 107 880 1442 448 212 857 962 590 280 1198 499 490 1030 738 1340 186 1249 1488 1240 936
Route 30 :  328 586 1078 506 311 317 1256 353 1336 1067 1103 1061 142 242 153 892 903 992 408 285 385 1158 737 1035 303 1487 1135 12 509 1053 350 1100 1259 762
Route 31 :  473 121 871 254 1004 1223 73 462 1212 607 390 342 823 199 624 1092 1374 739 1140 112 949 1357 1489 862 622 568 161 1372 911 1318
Route 32 :  255 63 813 298 1048 1005 228 978 592 175 425 235 925 181 393 1342 1143 1175 931 360 985 681 1110 1431 527 721 528 740 683 1490 1433 1278 1471 1277
Route 33 :  577 689 582 1327 197 1332 599 1439 651 217 436 947 1349 273 157 907 1401 967 1186 1023 164 60 502 421 810 914 1252 1171
Route 34 :  549 173 631 923 603 1299 1353 1381 111 384 861 1134 663 134 339 1089 1413 884 591 676 680 93 1426 1430 843 370 1341 1120
Route 35 :  504 326 267 536 1254 294 735 1017 1286 1076 534 1485 1044 92 1284 650 96 243 553 842 846 1400 993 567 1303 1317
Route 36 :  54 174 526 482 924 125 541 804 1291 1232 875 1276 671 725 686 652 218 1436 1421 320 1402 1475 1070 318 968 554 1068 1304
Route 37 :  100 109 211 705 850 431 1455 961 859 1181 427 659 372 1177 1122 570 1409 1320 685 507 497 1257 1435 1247
Route 38 :  711 1461 282 435 1185 558 618 1032 1308 190 1368 641 940 1391 268 424 642 249 25 1018 999 775 1174 1392
Route 39 :  411 730 281 392 1142 629 1379 344 1161 1031 1480 1094 117 312 38 1062 788 867 32 446 531 44 1196 782 794 1281 475 203 17 953 1225 767
Route 40 :  690 51 489 801 35 1239 1440 396 785 1146 178 398 741 1491 85 388 928 835 1148 1138 97 283 847 1033
Route 41 :  639 712 727 1389 530 1477 36 275 1462 1280 440 786 1025 669 587 1419 1190 34 520 1337 1270 784
Route 42 :  516 491 620 223 277 1241 1266 973 1027 672 1370 665 1422 488 1238 62 1415 460 456 1206 812 1210 399 722 1149 1472
Route 43 :  98 200 3 950 321 848 753 1071 524 252 647 1002 1274 468 1397 150 10 900 1218 136 886 760
Route 44 :  352 1102 419 272 168 337 1169 1022 918 1087 486 626 380 325 1236 1130 1376 551 1075 1301
Route 45 :  743 251 428 426 611 1178 1361 1001 1176 1493 628 668 1 1378 261 1418 600 751 1350 1011
Route 46 :  653 417 1403 1167 667 348 1417 1098 6 155 389 240 529 756 1279 1139 990 905 296 420 1046 1170
