Instance name : nyc-n3000-3
Authors : Hiermann, G. and Schiffer, M.
Date : 2024-04-30
Reference : arXiv:2405.00230
Solution
Route 1 :  25 756 458 422 2256 1525 1922 1958 245 489 1989 1334 631 1745 618 2131 115 1187 2118 1615 2834 1111 2611 1302 1475 1007 1317 2802 2507 2975 502 628 2687 239 1739 2817 885 780 161 1661 2128 914 888 2388 2414 2385 2280 829 7 1507 2329 236 536 2002 1015 2515 853 1067 1736 593 2353 2036 738 227 2238 2093 806 2567 1727 1306 247 2806 912 1487 1399 2306 1747 1282 2782 2899 801 911 1154 2411 1001 2301 1002 2987 2412 1296 2654 2501 2502 2796
Route 2 :  1065 248 1186 592 698 2686 1748 135 2092 2565 232 2198 454 771 1364 1635 1954 1732 897 134 2864 2271 2397 1488 1634 748 461 836 2988 2248 656 854 1961 2336 1342 1272 784 2772 2284 2842 859 2156 927 1294 551 1329 2354 2794 1452 2427 2051 1029 945 2952 1240 2445 972 2359 71 2740 2829 215 2529 2472 1571 1465 611 1107 604 2965 603 2111 555 2104 874 2055 205 2607 2103 2374 1715 1705 892 1390 626 284 2890 1784 664 1131 2631 2164 2126 2392
Route 3 :  486 804 785 125 2304 588 1625 638 367 2138 2285 119 2088 956 508 2456 2008 1986 887 1867 886 2387 674 201 1181 2386 2174 397 1619 2681 1701 692 1297 118 2192 1897 2797 1618 543 839 2339 940 2043 2440 1261 492 171 190 2761 1690 183 1992 1671 1683 875 1149 1212 1321 2375 2712 2821 6 2649 1357 820 2857 1506 2320
Route 4 :  1428 1245 1479 516 28 1528 2745 2016 2928 313 1147 1440 1010 2647 1473 2979 2940 2973 1813 2510 1411 889 703 222 2911 818 263 1763 973 2318 1722 2203 276 436 891 2389 132 2473 513 1936 1632 303 165 1665 1776 2391 647 1803 787 202 51 357 2013 258 2287 220 2147 1551 1758 1702 1720 504 1472 1857 2004 2972 777 707 418 2277 1918 1028 2528 2207 890 970 260 1760 2390 744 2470 113 1148 2244 322 2648 1613 1179 1822 2679
Route 5 :  632 1213 1492 837 3 2337 718 2132 2992 1198 1503 2713 2218 976 1209 749 73 2709 143 1469 2698 1443 2476 599 1573 2099 2969 812 1643 2249 2943 2312 500 14 1129 1514 2000 2629 1419 271 20 962 1520 1771 2919 2462 517 107 1071 2017 1101 2601 2571 1607 906 1024 1020 503 2406 1012 2520 2003 163 1663 2524 515 2512 477 1977 496 2015 736 1996 433 1933 2236
Route 6 :  447 872 1303 2372 437 550 1937 448 903 1948 2803 2050 1268 442 383 1092 2768 2403 2592 1947 974 1883 1942 658 325 1046 928 1192 2474 2428 2692 251 1348 2546 2848 2158 1825 963 1456 317 2956 2463 1751 1493 1817 68 541 467 1568 1967 2993 2041 1225 277 210 1420 602 2102 2920 1710 1777 79 689 2725 770 2189 1128 1579 669 2628 1238 2169 935 2738 933 2270 1197 2435 2433 1274 1191 2774 401 1025 1901 2697 2691 2525
Route 7 :  1188 334 53 1231 694 1834 684 2194 635 1461 2688 2135 577 476 2184 1232 2731 1170 2961 2077 979 2732 1976 1471 1377 1280 2479 1553 120 2971 2877 1620 622 2670 1344 540 2780 2040 443 2122 581 1265 2844 1204 1943 660 2704 2081 2765 1358 630 2858 2160 1489 1050 351 537 597 2097 2130 459 2550 1180 2037 1851 2989 1959 2680 690 519 1201 1080 2190 27 2701 2019 1236 481 2736 2580 1527 1351 1981 403 266 2851 1766 1903
Route 8 :  899 1009 116 328 42 1616 1542 47 381 1041 2399 484 2509 1254 1881 574 1984 1828 2074 2541 2754 1547 1049 2549 1365 487 1987 2865 219 866 1719 23 629 2366 293 1523 427 1927 1793 173 2129 1442 1084 1673 43 627 937 2127 1121 1543 645 2584 1283 2942 2437 2145 2621 114 2783 1210 1229 931 943 1614 136 2431 2710 842 2443 1636 2729 720 2342 800 623 2220 1000 2123 641 2500 2141 936 2300 585 450 1950 2085 2436
Route 9 :  1068 600 363 1433 133 1307 2100 1863 2933 1633 1293 1078 1437 1353 2568 1264 2764 1335 2807 2578 673 375 2793 2173 2835 2853 2937 1875 444 841 740 944 385 2240 2341 497 1944 180 1470 2444 1885 1997 1360 1199 1153 1680 2970 2653 164 1664 2860 1328 2699 670 233 1079 2828 2579 74 1733 138 1269 1044 2769 1638 1108 37 1262 2544 1574 1175 2762 1445 1537 2608 152 913 2170 1157 2945 1652 894 2657 2394 2413 2675 867 2367
Route 10 :  1450 272 755 1246 2255 1772 2746 731 2950 548 216 1412 1257 501 2048 440 2912 2757 1940 1247 2001 1716 764 1457 17 2747 2264 1517 2231 1243 803 813 1482 2743 78 2313 1314 2957 2982 1578 1112 2303 137 1087 2814 1190 2612 1072 2690 2587 2572 1637 521 1349 285 12 1785 1273 1171 2021 480 2671 2849 1512 997 1980 2773 2497 830 843 2330 204 1432 2343 1104 1476 1704 968 493 2604 2976 178 1993 2468 1678 2932
Route 11 :  265 390 824 1275 786 1765 371 1 2324 1436 1871 2775 2936 1255 1035 1890 226 636 2755 2535 1726 1082 2136 465 709 2286 1115 2209 1434 2934 2582 494 1965 2615 1994 881 909 569 1501 2381 2409 666 364 1173 2166 679 1392 2069 404 2179 2892 1036 267 2673 511 527 1864 580 2011 2080 760 2027 52 1904 2260 2536 1767 634 991 1100 1552 2491 471 2600 2134 1971 1324 734 758 2824 123 2234 1623 2258
Route 12 :  735 939 127 1267 191 2235 697 1627 106 2767 1691 506 1203 728 2439 2197 470 2228 2006 1606 1970 2703 1037 374 1038 640 1874 2537 2538 75 556 1143 714 2140 1418 2214 2056 462 2643 2918 845 769 291 1575 1791 122 932 1962 48 2345 768 2432 1622 2269 2268 1548 1350 329 1325 1829 2850 457 505 747 2825 688 1957 472 849 1494 2005 614 1972 2188 2114 2247 2349 2994 488 101 1018 1988 1601 2518
Route 13 :  1184 365 1185 2684 544 1865 642 1183 1270 2044 2685 1075 2142 2683 2770 2575 228 1728 1076 2576 159 507 840 873 495 2373 686 1995 2007 463 2340 93 1659 188 2186 1963 1593 434 1320 1688 384 2820 1423 1884 1934 971 981 2923 241 586 2471 141 2481 2086 1741 1388 838 446 1641 1356 1946 553 791 2338 2888 2053 1346 2856 2291 2846
Route 14 :  1150 969 1313 478 1393 2813 671 2469 2650 295 2893 1022 1795 1978 445 2171 878 2522 1133 996 2633 1217 2496 1945 77 2717 2378 296 958 1796 2458 522 98 951 1598 194 1577 2022 921 2451 337 2421 1694 814 338 4 542 1504 1837 1095 832 1838 1208 2708 2595 2042 312 2314 992 224 340 1812 1840 2492 1724 607 1451 2332 1003 2951 2107 1398 1172 121 2503 737 1621 2237 2898 2672
Route 15 :  651 40 21 1540 1521 2151 687 2187 192 1692 41 1410 466 1541 1966 2910 1478 1253 287 942 2442 2753 130 2978 1386 1162 1787 1498 2886 2662 1308 1244 1415 1630 2998 1330 2744 530 2830 610 330 2915 396 2808 1896 2030 2110 1830 269 449 223 683 1949 950 1769 2183 1723 2450 150 179 1679 1228 1650 704 2204 2728
Route 16 :  643 1030 538 1146 798 2038 1371 2646 2298 1500 2143 2871 3000 1250 1400 2530 50 1235 2900 292 1045 2750 726 2545 1792 1550 2735 2226 214 469 1027 1066 2566 306 1714 300 2527 1969 399 779 531 1800 1806 1073 2573 699 1145 2031 2279 2645 1102 1258 1899 2758 131 2199 2602 1094 2594 82 995 960 1631 1404 2495 1326 1177 1582 2460 490 29 1990 1110 2677 2610 1529 904 2826 2904 2404 1486 924 1125 2986 2625 2424
Route 17 :  1453 69 335 1569 1835 898 2953 318 1818 2398 751 2251 823 1462 240 1193 1740 2323 2693 382 1301 1882 2962 105 2801 274 953 2453 766 1605 1387 2887 765 2265 1178 1774 2266 262 855 1096 1762 2355 2596 1182 30 1276 1530 2776 2678 2682 153 479 949 1653 327 2449 10 1979 1510 1827
Route 18 :  817 1336 1233 428 2733 129 147 2317 1629 1234 2836 915 2734 34 1928 1085 231 1300 1647 297 2800 1490 1731 2415 1534 70 1570 1797 279 1779 2585 1441 59 1230 2941 2990 89 2730 1559 196 140 456 1696 754 1956 549 1640 1159 1589 980 1064 2254 2659 2049 1266 1290 1304 2790 2480 419 2766 1056 989 2489 2556 676 2804 1438 1919 2564 1319 2176 2938 1152 882 2652 2382 2819
Route 19 :  1309 275 711 1775 475 2211 615 2809 1086 2115 1429 1380 388 83 1583 998 1975 415 1915 2929 1120 987 2880 2498 1888 2586 2620 825 1288 1281 925 2487 2781 2325 2788 2425 1200 1026 1055 725 2700 2555 826 1332 2832 2526 1363 2225 545 1466 407 2863 2045 2966 320 923 2423 1343 2326 168 1820 583 1907 1668 380 982 700 2843 2482 781 2200 2281 1880 2083 862 1202 2702 2362
Route 20 :  732 189 743 1484 2243 1458 1689 1242 2232 2958 582 2082 2742 2984 417 1917 1226 430 808 253 167 1930 1414 1448 2726 1753 2308 1667 2914 377 1160 861 1260 1877 2948 2361 2660 2760 578 1093 520 207 1165 203 2020 1219 2665 2078 1124 2593 2719 1385 99 2624 1137 2885 1599 1707 1703 509 242 218 2637 2009 1742 348 1430 1211 1848 1718 1409 2711 2930 719 2219 1248 733 76 1576 2909 2748 2233
Route 21 :  309 294 350 301 1809 1794 1850 529 682 1801 255 2029 1406 2182 124 1395 44 2895 1292 1624 2906 1544 66 1467 1755 796 1566 2792 860 2967 1396 1216 1140 2716 2360 2640 94 2296 1373 319 2896 1004 1819 834 2334 1077 1594 212 2504 2873 605 1712 617 1286 2117 2786 524 1043 712 2577 2543 72 1572 2212 2105 305 729 2024 2229 1805 1416 431 1468 2916 2968 1931
Route 22 :  561 701 1369 400 1215 2061 946 1900 2869 1195 2695 8 2201 1444 1508 2446 1284 2715 378 2944 1401 1878 1427 2784 1058 177 2901 1362 2927 85 485 2862 2558 905 1985 1677 1585 96 523 1237 2737 2405 534 1596 2023 649 2034 1408 84 1168 307 2149 788 2668 1807 1584 2288 565 2908 1361 32 2065 1285 5 2785 1505 474 1139 799 1532 2639 2861 2299 1974
Route 23 :  1347 1074 1223 2847 606 2723 2106 1196 2574 243 2696 435 721 957 33 1743 2221 621 341 2457 1295 1935 1533 246 2121 2795 302 1841 1746 717 36 1345 2845 1802 1536 560 742 386 2217 2242 1886 1449 1008 342 1116 2949 2060 1842 158 1088 38 2616 2588 562 2508 429 1538 1658 1929 414 1914 978 1279 2062 902 2402 2478 1169 142 994 2779 1642 2494 2669
Route 24 :  35 254 893 339 1754 1535 1839 2393 200 767 15 250 783 2267 1341 1515 1750 2283 778 420 1700 1920 343 835 1070 2335 2841 2278 1843 237 1291 432 1318 1477 2818 822 2977 425 1737 2791 2570 1932 1403 619 1925 299 2322 2119 2903 677 391 176 2177 1480 865 1799 368 2980 1868 1676 901 665 2365 1891 278 2401 2165 169 1331 2831 1669 97 1597 1778
Route 25 :  871 110 67 811 1567 1227 2371 1123 314 166 1610 315 2727 2623 1666 1814 1815 1047 774 102 1602 2311 864 1054 2274 1249 2547 2554 2364 1337 289 31 148 2749 1062 162 1531 2562 1662 1005 1648 929 2505 648 1789 45 2429 1134 2837 355 2148 1376 2634 570 1855 1545 2070 2876 175 1405 1474 907 1207 2407 2974 1675 2905 2707
Route 26 :  1413 46 652 1402 1221 2913 1060 2721 1391 1546 2152 193 257 2902 2560 868 1032 1757 2368 1164 1218 2532 2891 1693 2718 324 221 1721 108 145 1608 2664 57 1824 1483 1557 424 1130 1645 2983 2630 1924 354 659 739 1017 2239 2517 809 810 2309 2159 1311 1854 155 2310 948 460 952 1960 1299 2448 2799 847 2811 298 2347 22 2452 1522 1798 1655
Route 27 :  362 1333 554 290 1790 1305 244 2833 1862 273 1426 2805 828 1744 616 2926 637 546 2054 528 1773 612 2046 2137 2028 13 2328 827 1513 256 1756 2327 2112 1057 2557 1214 850 2714 1239 2116 2350 1141 983 2739 2641 393 1161 2661 1893 575 678 1352 1117 2483 1069 2075 2569 601 2617 667 2852 2101 2167 2178 999 19 103 1603 1519 61 2499 988 2488 1561
Route 28 :  58 922 805 1558 2305 2422 816 2316 1011 1495 2511 2995 1105 379 1447 572 2072 24 2947 1098 111 2605 1097 1879 1464 1524 1611 2964 2597 2598 195 576 773 1695 2273 310 2076 1810 722 1042 1119 579 1081 589 2542 2089 552 884 2222 1059 2581 2079 1497 1327 2619 959 2384 2459 2559 1091 2052 663 308 1485 2827 2997 1382 2163 268 757 2882 2985 1808 1142 261 2257 1425 2591 941 2642 1761 2925 1768 2441
Route 29 :  90 259 1367 186 559 1590 1759 117 2059 1686 567 1617 2867 2067 584 2084 370 438 1938 1048 208 199 1870 1708 249 2548 499 344 535 1749 1999 1381 1061 2035 1699 2561 794 879 1844 1298 2881 2798 2294 2379 797 1312 151 18 1176 2297 1651 1040 1518 680 2812 2540 2676 2180 1103 452 170 1952 2603 206 532 775 1706 724 2275 2032 2224 1670
Route 30 :  685 1224 558 376 1089 723 1876 1389 2223 2058 1063 198 1698 2724 2185 833 347 844 2589 160 2344 2333 1847 2889 2563 1660 55 1340 398 1555 91 1898 1023 455 11 1955 1155 1511 2523 2840 1132 1591 2655 87 2632 568 2068 1587 908 856 1174 2674 2408 1383 316 596 2356 395 1222 1816 1136 2722 2883 1016 2636 745 2096 1895 2245 2516
Route 31 :  359 1372 858 185 2 2358 1502 1859 2872 1685 1167 815 547 213 752 2047 1424 2667 156 2252 1713 182 792 372 1656 2315 2292 1682 1872 793 2924 705 2205 639 2293 411 1384 790 1911 2884 2139 2290 526 706 654 2026 2206 710 2154 64 1422 1241 2922 2741 1564 2210 650 934 2434 1378 916 2416 2150 2878 9 416 1509 1090 413 1916 2590 1913
Route 32 :  1163 139 468 346 1639 1256 1968 128 917 1628 2756 2663 1846 2417 1135 563 895 209 2395 2635 439 311 1310 1355 2063 2810 713 1811 1939 2213 1709 92 1322 283 2855 157 1783 1657 1592 491 56 2822 802 1034 1556 1991 2302 668 349 510 848 1849 2534 2348 2168 675 423 2010 1106 2175 1051 412 926 2551 1006 1923 2506 217 2606 2426 1717 691 1138 2191 2638 1912
Route 33 :  65 394 333 1019 795 1894 1833 326 2519 366 1826 2295 1565 716 1277 406 900 591 2777 533 2216 1271 2033 1906 2400 2771 2091 715 464 2215 1866 1964 955 1099 990 2599 2490 473 852 2455 2352 1126 392 2626 1973 975 483 961 1463 1892 369 2475 2461 238 1983 81 2963 100 1869 1738 877 608 1600 518 1581 2377 2108 187 2018 1687
Route 34 :  708 225 63 1127 2208 126 2627 1563 1725 1189 1122 1394 2689 2622 1626 144 49 1263 1499 2894 920 1549 2763 62 2999 644 613 1562 1644 2144 869 2420 2113 235 2369 1735 985 846 750 2250 2485 2346 1446 352 966 149 2466 1649 323 109 1609 1852 1823 2946 609 1033 986 594 2109 172 2486 2533 2094 1672 1194 39 807 2307 1539 2694
Route 35 :  229 332 819 1053 1729 2319 1220 2720 1832 910 2410 967 60 2467 2553 1560 331 672 1831 402 1902 2172 1323 870 1039 1397 1259 2823 2759 2897 2539 1496 88 2996 2370 965 184 2465 977 1684 1588 2477 1158 498 598 2658 919 1118 2618 646 2098 1998 1252 2146 821 2752 2419 1421 2321 587 595 2087 2095 2921
Route 36 :  345 441 453 1845 1953 1941 336 964 2464 1278 633 54 1836 26 2778 624 356 1526 286 482 1856 1166 2124 1982 1786 2133 181 1439 1681 1554 1013 270 2666 16 863 557 2939 1516 1379 1770 288 896 1788 2879 2363 2513 2057 2396 95 693 1595 2193 1455 86 1316 2955 571 2816 984 938 1417 2438 2484 2071 2917 1586 1459 1454 2959 358 1370 1289 389 2954 2789 1858 1889 2870
Route 37 :  954 1251 514 2454 154 2014 2751 1014 2514 1654 661 564 410 1910 2161 2064 831 104 695 1604 353 2195 1052 876 2331 2552 2376 1853 1144 421 625 1374 2125 2874 1921 2644 566 930 947 281 2066 405 2447 696 451 1905 112 1781 264 1764 2430 2196 1951 1612 304 512 234 1804 1734 2012
Route 38 :  1460 282 702 1782 2960 2202 883 1151 1205 408 2705 761 1109 2261 2651 2609 776 2383 1908 80 1114 772 2276 387 2614 2272 1887 1580 426 1338 993 360 573 2838 1860 2493 2073 1407 782 1926 2907 2282 662 655 857 197 2155 918 2162 2418 753 146 1697 2357 1481 2981 1206 321 2253 1646 759 1354 727 2259 851 2706 1821 2351 2854 657 2227 2157
Route 39 :  1156 2656 174 1674 730 252 620 1752 525 1431 1491 2230 230 2931 2025 1359 2120 409 590 2991 1366 2090 1730 2866 1909 2859 1113 373 1368 2613 1021 2868 1873 2521 653 539 762 2262 1315 746 2153 361 1031 1339 2039 1861 1083 2839 2583 2815 2531 1375 2246 681 2181 763 2875 2263 280 880 2380 1780 789 741 1435 2241 2289 211 2935 1287 1711 2787
