Instance name : nyc-n600-1
Authors : Simen T. Vadseth, Henrik Andersson, Jean-Francois Cordeau and Magnus Stålhane
Date : 24.06.2023
Reference : TBA
Solution
Route	1 :  188 9 155 28 455 280 72 488 309 328 130 372 580 95 430 107 237 395 15 407 537 315 198 219 135 164 54 498 435 52 2 519 464 302 352 354
Route	2 :  169 62 469 208 165 170 270 292 362 470 508 570 592 465 103 206 114 403 14 506 414 314 295 5 70 79 284 595 379 370 305 584
Route	3 :  227 215 144 16 291 248 444 591 27 548 327 316 515 527 179 214 205 505 189 479 196 496 514 489 252 4 49 349 552 304
Route	4 :  21 126 24 13 321 324 268 426 35 313 335 568 147 46 261 447 41 346 154 454 269 561 341 194 32 260 569 216 332 42 560 494 342 516
Route	5 :  244 141 210 162 544 441 153 462 137 510 149 453 277 437 449 89 182 223 389 113 577 523 413 482 78 29 118 329 378 418 274 77 377 574
Route	6 :  90 390 25 12 325 312 255 246 97 555 546 96 87 397 224 296 396 387 596 524
Route	7 :  238 279 39 86 124 579 339 538 386 110 424 34 334 276 410 242 542 576 57 217 357 176 517 476
Route	8 :  187 65 365 487 275 575 264 26 36 326 564 56 336 356 148 181 195 481 19 448 71 495 289 193 250 319 493 589 550 371
Route	9 :  259 200 202 502 559 281 151 500 240 267 451 567 540 33 38 581 265 85 338 285 385 565 333 22 23 585 323 322
Route	10 :  136 273 131 436 145 573 431 82 445 382 180 271 120 253 44 420 553 571 344 480 106 94 230 294 406 68 530 594 394 47 347 368
Route	11 :  6 75 163 375 306 140 67 132 463 367 258 174 432 440 286 558 474 37 221 521 586 337
Route	12 :  125 186 123 161 63 236 536 8 363 461 425 423 486 190 308 490 247 157 203 547 503 293 142 287 457 593 239 93 587 393 539 442
Route	13 :  222 112 139 225 525 522 439 412 299 235 599 298 535 241 598 541 17 211 317 511
Route	14 :  172 1 282 207 472 146 507 30 301 582 168 11 330 446 311 468 53 115 138 129 353 159 415 459 429 438
Route	15 :  99 254 111 201 411 220 520 554 59 399 167 359 501 467 183 109 143 116 483 232 416 409 171 443 532 20 251 551 128 471 320 228 7 257 428 307 528 557
Route	16 :  160 66 92 262 366 460 392 84 384 562 133 40 231 50 433 340 531 152 350 18 55 185 318 355 158 3 452 458 485 303
Route	17 :  245 119 272 419 545 175 218 178 572 290 518 475 478 226 590 51 156 456 526 351 127 73 427 256 373 61 556 361
Route	18 :  91 83 192 212 191 184 383 491 492 391 484 512 74 105 278 263 405 578 374 229 243 563 288 76 543 529 266 173 104 177 588 249 404 566 376 549 477 473 69 369
Route	19 :  64 80 60 108 364 234 10 534 360 380 31 100 408 310 98 117 398 400 122 417 422 331 166 233 48 43 533 343 466 348
Route	20 :  102 283 199 402 583 121 499 58 421 81 358 197 497 381 88 101 209 150 388 134 401 204 509 45 213 450 297 597 504 513 345 300 434 600
