Instance name:	nyc-n1000-3
Authors:		Carlo Sartori and Luciana Buriol
Date:			2019-2-11
Reference:		A matheuristic approach to the PDPTW (to be submitted)
Solution
Route 1 : 382 193 56 882 338 394 266 693 894 838 556 170 164 766 343 89 670 589 843 341 664 450 950 316 169 841 367 816 669 867
Route 2 : 243 92 468 43 743 543 350 968 282 592 850 29 211 67 143 529 782 711 360 567 643 860 50 418 334 550 83 918 492 834 583 992
Route 3 : 17 107 96 481 981 607 596 517 294 327 337 393 837 794 827 893 174 149 168 674 668 649 7 218 437 718 507 937
Route 4 : 329 326 361 82 479 582 829 826 861 979 424 427 365 927 865 924 80 53 434 471 47 580 553 49 971 934 549 275 547 384 482 9 982 775 884 509
Route 5 : 153 441 472 59 941 653 972 27 559 126 35 55 290 527 626 535 446 790 163 555 330 946 404 253 830 663 377 300 38 753 904 191 138 800 61 877 638 538 110 561 445 691 610 945
Route 6 : 291 420 791 246 746 920 464 964 470 487 970 165 987 265 665 217 216 765 220 717 716 426 720 926
Route 7 : 158 190 333 273 833 690 658 773 108 608 352 852 34 386 280 359 534 859 780 261 886 16 494 516 208 761 177 994 447 221 25 409 947 677 708 721 525 909
Route 8 : 295 416 795 916 346 395 373 90 873 895 590 11 451 846 198 511 951 698 490 118 313 154 431 618 320 990 931 813 820 654
Route 9 : 186 196 421 224 696 109 921 69 301 461 724 569 686 609 801 961 423 100 99 98 923 363 599 600 598 863 304 804
Route 10 : 204 182 13 488 988 704 513 682 287 347 389 325 787 825 87 474 889 847 476 587 77 974 458 577 342 402 842 139 132 958 391 976 219 902 891 463 632 639 262 189 762 963 689 719
Route 11 : 388 459 42 238 888 542 959 76 738 140 226 640 255 576 726 315 815 755 422 323 101 95 358 601 595 922 823 858 286 786
Route 12 : 469 969 200 271 175 700 675 225 771 428 483 928 725 207 983 205 75 54 707 453 121 705 953 554 575 621
Route 13 : 500 122 379 289 789 1000 74 622 879 15 19 574 519 408 432 908 14 515 932 366 457 115 514 957 866 615
Route 14 : 406 906 150 302 112 612 650 802 102 230 392 203 602 892 730 79 374 703 874 579 57 44 544 260 45 557 309 760 545 809
Route 15 : 235 176 298 344 60 735 63 676 798 443 560 943 563 239 356 269 739 844 856 97 769 2 123 478 462 978 597 623 502 498 405 222 962 905 232 998 242 477 30 742 353 977 722 732 853 530
Route 16 : 249 355 179 749 113 679 91 120 855 591 613 620 70 339 570 839 51 348 94 551 6 4 506 129 594 181 419 848 504 629 296 403 919 681 345 903 796 845
Route 17 : 36 335 307 429 536 484 807 270 929 770 835 984 354 187 130 241 630 178 854 687 678 741 201 134 142 188 642 701 634 688
Route 18 : 167 390 466 411 68 125 667 41 966 375 911 890 568 541 625 172 209 875 709 267 319 491 991 160 672 767 819 430 119 660 619 930
Route 19 : 213 311 259 759 713 811 231 372 1 237 272 731 501 737 872 772 486 144 111 986 644 256 611 215 233 284 715 103 756 784 733 603
Route 20 : 387 71 497 571 887 312 997 106 276 812 351 606 285 776 851 105 785 277 425 605 449 777 949 925
Route 21 : 417 378 878 917 383 883 396 332 135 248 832 78 635 436 257 896 349 748 936 578 849 757
Route 22 : 173 283 236 157 736 31 783 673 251 531 657 20 247 751 747 520 310 8 810 508
Route 23 : 93 456 593 72 336 136 572 956 836 636 399 146 401 901 899 646 145 3 371 871 645 503
Route 24 : 250 455 340 293 793 840 750 955 435 18 306 518 935 380 806 880 197 12 465 512 162 127 697 965 662 627
Route 25 : 133 369 33 533 869 633 258 758 155 381 398 368 485 881 655 985 898 868 460 264 39 64 764 539 364 564 454 960 23 245 171 52 671 523 864 954 552 745
Route 26 : 117 331 314 814 831 617 141 641 328 185 305 195 828 452 685 254 695 952 754 805
Route 27 : 317 114 206 281 412 614 912 817 58 706 558 184 781 194 212 151 684 712 651 694 210 318 710 818 28 32 442 308 528 532 808 942
Route 28 : 400 66 415 489 900 46 915 433 566 385 546 989 199 885 933 699 407 228 907 116 292 728 156 448 616 268 792 768 948 656
Route 29 : 21 299 521 37 137 799 637 537 152 322 73 274 652 573 495 414 822 774 496 996 995 914
Route 30 : 166 192 666 124 467 161 202 321 692 26 661 967 702 624 526 234 821 128 214 86 439 734 628 229 278 939 183 586 714 81 778 729 581 5 85 683 505 585
Route 31 : 22 444 522 944 252 752 223 493 159 659 723 48 993 104 397 604 897 548
Route 32 : 370 303 362 870 803 324 862 227 824 727 473 438 288 938 788 499 10 62 440 973 940 510 180 562 240 24 410 999 475 680 524 910 740 975
Route 33 : 84 376 357 584 297 857 876 131 797 148 244 413 744 65 631 913 565 648 88 588 279 779 263 147 40 480 763 980 647 540
