Instance name:	nyc-n600-4
Authors:		Carlo Sartori and Luciana Buriol
Date:			2019-2-11
Reference:		A matheuristic approach to the PDPTW (to be submitted)
Solution
Route 1 : 200 99 168 45 60 253 399 88 345 360 144 221 388 500 553 468 95 188 444 38 338 488 172 521 27 395 128 85 385 227 527 18 327 36 472 213 336 318 513 259 138 177 152 70 428 438 559 477 452 145 62 282 61 582 5 361 370 445 362 305
Route 2 : 37 297 293 597 236 593 337 222 285 254 536 288 522 588 585 201 195 232 47 347 501 554 231 495 260 560 121 208 104 532 110 531 410 52 508 131 404 74 431 421 374 352 75 375 290 111 63 215 411 26 326 199 363 515 590 48 24 348 78 248 324 378 81 499 295 73 114 548 595 187 119 373 414 381 419 487
Route 3 : 13 39 134 10 266 434 339 566 310 11 42 311 313 50 192 342 492 178 273 350 284 57 35 573 272 584 96 478 357 34 572 161 396 461 334 53 148 1 143 448 92 335 392 353 443 301 279 245 116 255 416 140 579 182 555 482 545 440
Route 4 : 264 280 160 174 580 564 237 105 537 252 405 474 21 181 33 460 321 481 552 240 155 43 3 333 303 455 180 249 103 480 262 562 403 115 343 549 214 415 540 250 550 239 514 184 275 484 230 132 539 77 530 377 241 224 432 51 541 524 228 29 528 575 329 197 351 32 497 130 190 212 490 4 332 430 157 304 149 512 457 449
Route 5 : 183 17 202 502 317 23 270 483 179 268 14 479 323 125 41 314 425 84 341 277 570 244 287 16 568 44 316 7 577 544 307 587 107 344 22 322 407 165 384 271 465 175 278 571 8 274 90 578 390 151 120 308 101 28 328 258 451 12 420 401 312 176 251 476 551 558 265 574 475 2 565 302
Route 6 : 193 25 127 219 493 325 9 427 141 519 309 68 100 67 367 400 194 368 198 220 494 441 498 520 269 267 276 203 503 31 246 567 233 87 569 331 6 387 170 576 470 533 306 118 229 156 546 154 210 456 186 510 454 58 418 169 486 300 358 600 529 294 82 40 469 382 226 340 594 526
Route 7 : 243 281 167 467 209 543 509 581 205 98 238 19 398 20 538 319 505 91 206 391 320 117 56 356 506 173 417 147 473 296 189 447 596 489 142 153 204 150 292 54 453 450 93 94 394 442 76 64 393 504 354 592 66 46 217 366 71 517 49 364 376 371 349 113 346 413
Route 8 : 133 433 102 263 65 235 402 535 563 365 109 283 583 166 409 466 298 30 330 79 69 379 158 112 598 122 207 422 191 412 369 507 491 458 15 261 185 315 83 86 561 383 485 386
Route 9 : 162 462 218 256 286 518 289 299 586 159 291 589 599 234 171 136 534 129 459 211 436 591 80 380 556 72 471 106 372 511 406 55 108 242 429 408 542 196 163 496 463 126 137 146 139 225 426 439 123 89 437 423 355 164 525 446 124 135 389 216 247 547 59 435 424 257 516 359 97 223 464 523 557 397
