Instance name : nyc-n5000-1
Authors       : Dmitriy Demin, Mikhail Diakov (msd@veeroute.com), Ivan Ilin, Nikita Ivanov, Viacheslav Sokolov (vs@veeroute.com) et al. VRt Global (https://veeroute.com/)
Date          : 2023-07-09
Reference     : veeroute.com
Solution
Route 1 : 1096 431 129 1622 1016 3596 2629 2090 1725 4122 233 2931 41 2733 3516 4225 4590 1791 2541 2060 4291 422 4560 1760 4260 2922 1944 148 1579 2439 2648 1762 4444 2363 4079 1122 4262 4863 3622 4939 1277 614 1634 1011 1563 3511 3777 4063 4134 3114
Route 2 : 163 2154 201 611 1926 2663 626 623 3111 2701 2460 3126 3123 4654 4426 1570 379 888 2355 4855 187 2879 4070 3388 4960 1098 2687 2340 1841 1212 1788 4840 4341 1237 339 3712 3598 1547 4288 578 3737 2839 725 154 549 3078 4047 2654 3225 3049
Route 3 : 1542 1747 1753 2095 223 2386 4247 2068 4886 194 4253 297 4042 151 2723 1533 2694 4568 390 577 4595 2797 2651 1545 4045 2890 3077 4033 91 2140 1099 4640 48 1524 2407 3599 2591 684 2548 4024 3184 4907
Route 4 : 1456 109 1007 249 2112 4612 2609 1026 1190 3690 410 2474 2749 182 3526 2910 3956 2274 3507 962 853 1846 4774 930 2682 619 4346 3430 4974 3119 3462 3353 2285 1902 2269 2384 909 4402 2043 4884 4543 4785 4769 3409
Route 5 : 459 147 1158 522 2647 2959 1273 3022 1597 1773 907 3658 1726 4097 3407 479 2310 4226 3773 1554 4273 2280 4810 43 1980 2979 2180 4054 1482 4480 4780 2543 1937 277 133 3982 2777 4680 4437 2633 1481 749 2058 3981 3249 4558
Route 6 : 492 414 1372 1661 120 1340 3840 2620 1959 1686 2914 2353 4186 2992 3872 4161 4459 4853 1485 1742 1002 972 1401 245 3901 3985 2745 3472 1123 493 2365 311 3502 2437 4242 355 4865 2993 226 4937 3623 2811 2101 2855 1635 2726 4135 4601
Route 7 : 1615 528 1737 4115 3028 4237 497 812 1924 2000 509 1017 4424 2997 3312 365 1605 3009 274 2865 4500 3517 2774 118 4105 2618 1699 1416 1147 637 4199 3916 2417 1647 3647 2155 253 2753 4147 1720 4917 4655 3137 4220
Route 8 : 2424 1669 426 4169 4924 1917 2418 2926 2208 240 1461 4708 4417 4918 1232 1710 2213 2740 736 1507 3961 4210 3236 4007 3732 4713 1414 2270 3914 2214 565 4770 4714 3065
Route 9 : 1400 2157 2369 1648 4657 3900 737 4148 1015 3237 4869 3515 338 1768 2838 4268 941 3441 1677 669 1815 1592 4177 3169 4315 4092
Route 10 : 2183 1138 3638 4683 1623 4123 1577 1898 1384 879 4398 450 3379 1040 4077 281 3884 2950 184 1929 2147 2484 4429 2781 1619 2684 3540 4647 4119 1227 817 4984 3727 3317
Route 11 : 2370 42 642 463 4870 1048 2963 3142 2542 1442 1095 2308 290 4808 1997 2790 1167 3942 3595 1141 3548 1309 3641 3809 370 4497 3667 2870 1114 266 3614 2766
Route 12 : 2375 386 1219 131 108 2631 1124 4875 2608 3719 2886 3624 672 2217 4717 1008 3172 1767 64 333 2248 3508 966 2564 3466 668 1259 2833 4267 1389 3168 3759 3889 4748
Route 13 : 2305 1149 1578 655 861 4078 3649 308 4805 3361 833 440 1766 2808 3333 738 3238 4266 1531 2940 3155 4031 2425 402 659 276 858 1270 2902 248 3159 2124 4925 530 3770 3358 2748 2776 4624 3030 1537 1430 2164 238 3930 4037 2738 4664
Route 14 : 1590 1054 1994 1826 94 2462 4494 4326 4962 3554 2594 1125 348 387 3625 2848 2145 640 1607 4090 1334 2887 4645 3834 3140 1439 4107 1156 993 3939 3656 1377 3493 3877 982 987 3487 3482 1776 662 4276 3162
Route 15 : 2137 1304 3804 1390 1112 3890 1698 1287 644 3612 4637 2146 3787 3144 4198 2075 1906 4646 4575 4406
Route 16 : 823 1361 59 136 2429 2636 810 2559 2500 3861 4929 773 160 1556 3323 1418 2660 75 3273 4056 1532 141 3918 5000 836 4032 2575 88 3310 997 1364 3336 2641 3864 2588 3497 1572 2168 4072 913 1244 3744 1267 593 4668 3093 3767 3413
Route 17 : 2156 634 1251 1324 332 1000 3134 2159 4656 3500 3824 819 4659 3751 1583 2832 1790 2177 1166 1779 4290 875 3319 4677 1185 599 4083 3666 4279 468 617 3375 2968 1939 3117 3099 1230 2303 4439 1225 1363 939 4803 9 3685 3730 2509 3725 3439 3863
Route 18 : 1893 2480 772 1053 2003 3553 460 4393 361 2861 1433 4980 1248 3272 531 1369 4503 846 3031 1060 3748 3346 2273 2111 3869 260 3933 4611 2960 306 2760 695 4773 1789 3560 3195 2806 4289
Route 19 : 1712 4212 2404 1859 1715 1413 4215 950 1137 3913 3450 4359 3637 4904 2451 768 758 3268 3258 4951
Route 20 : 1222 92 3722 376 901 2236 2876 2592 1656 4736 1927 1342 1055 1977 3401 2229 4477 4427 3842 4729 1303 1961 3803 190 1374 3555 4156 4461 2690 1706 521 350 3874 417 4206 2850 3021 1229 161 2917 2661 1118 3729 3618
Route 21 : 2246 329 834 2261 168 4746 1041 2311 2668 514 2829 1718 4761 4811 3014 3541 1799 2179 2300 1938 4438 1397 4218 1581 4299 3334 4679 715 3897 4800 4081 883 1447 436 1450 2936 1951 3947 1056 720 3556 3950 3383 1508 3215 4451 4008 3220
Route 22 : 508 2277 2247 2036 4536 785 4747 3285 3008 607 3107 771 2478 1318 4777 3818 4978 1970 3271 940 2498 1703 1004 1371 3440 881 4470 4203 3871 2219 3381 1333 4998 3504 4719 3833 373 2399 2479 555 2873 4979 4899 3055
Route 23 : 2241 1576 759 4076 829 4741 68 3259 1566 1782 1915 4415 2568 4066 2019 880 3329 4282 3380 4519 185 2103 1136 2432 1463 4603 2250 719 3636 4750 2685 3219 2327 3963 270 1278 4932 1311 2770 4827 3778 3811
Route 24 : 498 1881 1591 944 1394 2998 1474 336 4091 1650 3894 1832 3444 4381 3974 2836 527 1811 2129 4332 3027 945 4629 1097 4311 4150 1995 1515 2337 4837 2490 3597 4495 1492 4015 2079 3445 1322 1557 3992 2125 3822 4990 610 1036 4579 1103 4057 3536 3110 3603 4625
Route 25 : 588 3088 149 2649 344 533 1018 2844 1903 1800 1332 4403 3832 3518 3033 4300 1003 3503
Route 26 : 1445 2011 1864 1275 4511 3775 4364 3945 364 73 1391 3891 198 112 2698 1586 2612 2573 206 2347 848 4847 4086 2706 489 2864 867 788 3367 1805 2989 3288 3348 153 1410 2056 2030 3910 820 2653 4305 4556 1049 3320 2372 4530 2067 4872 4567 3549
Route 27 : 844 1836 557 1281 3344 2292 3781 2368 4868 3057 4792 707 4336 977 214 1739 2714 554 357 597 3477 3097 2857 3207 3054 4239 2434 543 229 510 3010 1139 2729 3043 1330 3639 1692 3830 420 676 3176 4192 4934 2920
Route 28 : 605 1798 1876 32 4376 2532 2449 3105 4298 4949 2405 775 3275 4905 412 2357 1 1298 2912 2501 4857 3798
Route 29 : 2216 1080 1649 2376 259 4716 1466 2759 4876 769 3580 803 2055 1052 3269 2266 4555 4149 995 1585 3552 4766 3966 3303 1242 1714 439 4214 2939 598 3495 1986 4085 3742 3098 394 4486 600 2116 3100 2894 4616
Route 30 : 782 3282 765 1627 261 616 712 3265 2761 3212 57 1702 3116 4202 2557 1808 1329 1146 1711 4308 3646 3829 4211 1553 4127 562 3062 1847 1617 134 1839 4053 926 4339 433 3426 4347 2634 1266 4117 1582 2176 3766 2242 4742 2933 4082 4676
Route 31 : 122 934 3434 2622 1670 4170 1867 4367 1660 44 2544 4160 1104 1331 2408 3831 3604 4908
Route 32 : 1733 4233 10 2510 2335 1812 4312 1785 4285 974 2032 1172 4532 3474 2293 3672 4793 4835 1801 2127 4627 2026 4301 4526
Route 33 : 1693 501 1843 4343 1076 3001 956 292 1740 4193 4240 3456 1602 3576 4102 1381 3881 1778 2792 4278 328 2452 430 2828 232 4952 2930 2732
Route 34 : 1909 2438 2297 1518 2258 4938 4409 1307 2362 2389 4758 4862 4889 4797 3807 4018 963 1471 3463 3971 383 1596 4096 1020 2883 1658 2249 4749 4158 1202 663 3520 14 2198 265 189 2514 4698 3163 786 3702 1323 3823 2689 2765 3286
Route 35 : 2304 726 1135 766 3226 777 828 4804 1081 3266 727 3635 3227 3581 1143 3328 1064 3277 1013 3564 3643 685 2259 3513 2314 3185 692 4759 4814 3192 2489 936 1956 4456 4989 2210 3436 1745 4245 4710
Route 36 : 1357 980 3480 1031 806 1183 3531 3683 3857 2205 3306 4705 850 2341 609 1820 4320 4841 3350 3109 1486 2345 3986 4845
Route 37 : 427 1195 2319 919 2366 3419 4819 4866 2927 3695 1540 958 1639 470 1153 2 4040 3653 3458 931 2970 2502 517 550 86 2004 2586 2499 3017 2029 4139 4999 3431 4529 4504 2191 2115 1896 4615 4396 4691 3050 1184 484 271 46 3684 1802 2984 2546 4302 2771
Route 38 : 319 2819 1383 954 12 1422 1795 2512 3922 4295 3883 2364 2343 495 3454 2496 4864 337 1457 4843 895 250 2995 1594 3957 1001 4094 3395 2837 4996 3501 2750 2450 1700 1075 4950 1024 3575 590 3524 3090 4200
Route 39 : 1419 2081 938 1250 629 476 3129 2976 3750 724 4581 3919 2107 3438 1029 596 3529 3096 1538 873 4607 16 494 3224 1936 4038 1680 2516 54 841 4180 2172 2554 3373 2994 2189 3341 2034 1497 583 4436 4672 1631 1849 4689 2119 4534 1226 3726 4349 4619 3083 4131 3997
Route 40 : 2257 2497 4757 1042 580 1175 865 2041 3365 1274 4997 3675 3542 4541 3774 1993 3080 4493 1200 3700 255 2005 2755 4505 2071 1067 4571 2361 368 2397 3567 1148 2422 95 4861 1918 2868 3648 1996 4897 1085 1925 2595 247 3585 4425 4418 4922 4496 2747
Route 41 : 1086 2238 3586 1921 4421 4738 1472 3972 469 1666 2969 4166 1291 3791 294 432 2794 1207 2342 2932 683 283 4842 3183 273 2267 2783 2078 1257 4578 3707 3757 4767 217 1807 13 4307 2513 2717 334 2773 2834
Route 42 : 1633 1678 4178 2141 4641 2087 793 3293 2360 2483 4860 4587 4983 4133 1352 69 504 2569 1074 3004 3574 3852
Route 43 : 1276 457 327 2957 195 453 2827 744 3776 1675 1050 2953 375 3550 1874 2695 1855 4175 4355 1984 2875 1969 3244 4469 4374 4484 458 1863 1964 2406 2958 1651 4464 2458 896 4906 959 4363 2464 4151 4958 1434 3459 3396 3934 4964
Route 44 : 1541 1521 4041 1231 648 353 632 3731 1316 4021 3816 3 2187 2853 3148 1181 1196 3132 3681 4687 2503 1254 3696 99 2599 421 3754 2222 2461 2444 1023 1755 4722 3523 1109 2921 2051 4255 4944 4961 4551 3609
Route 45 : 2123 303 808 1509 3308 1120 2803 4009 4623 401 1539 2148 2108 2492 2901 2354 3620 1223 4648 923 4039 673 4992 4854 3173 4608 3423 3723 572 1751 341 4251 2841 3072
Route 46 : 1858 1724 1168 1998 1062 718 4358 746 3218 4224 4498 3246 3668 3562 6 2506 500 1366 1129 208 3629 1609 1032 2708 3866 1398 1145 1395 3000 3532 1131 1643 3895 3898 3631 4143 3645 4109 799 166 2290 3299 1716 832 2666 4790 3332 4216
Route 47 : 360 2186 1965 1176 2860 1220 139 2639 252 859 3676 4465 3720 1636 3359 2350 4850 4136 2752 4686 2008 293 671 288 2381 4508 2184 3171 398 2793 4881 2898 2788 4684
Route 48 : 1992 4492 1046 1455 127 1879 3955 1208 3708 4379 3546 2627 2330 2326 2313 4830 2346 4826 2225 4725 2272 4813 1835 4846 56 2556 164 4335 4772 1721 1182 66 1882 4221 449 1258 2664 3682 4382 1584 2566 2949 3758 4084
Route 49 : 1848 1975 1449 1920 4475 2239 1625 559 3949 4125 487 2390 4739 1082 4348 4420 4890 3582 2074 2987 3059 2202 979 1671 1019 3479 4171 553 446 4702 3519 4574 1412 2946 3053 1078 893 3912 61 2561 751 3393 3578 3251 1305 2207 2181 1612 4681 3805 4707 4112
Route 50 : 795 2134 1271 1857 3295 4634 2413 267 1188 3771 741 4357 4913 2052 135 2635 4552 377 1206 3241 1328 144 3688 3706 2644 3828 2877 2767 1171 1911 1813 4411 2380 573 4880 3671 3073 4313 770 76 2348 2196 2576 4848 2001 3270 4696 4501
Route 51 : 774 1320 1972 2195 5 3274 989 4472 650 3489 45 3820 132 2632 3150 2545 4695 582 2505 192 39 3082 1688 2453 2692 1317 313 299 2539 4953 4188 2813 3817 589 734 2799 82 1243 116 1912 3234 3743 3089 978 4412 2582 3478 2616
Route 52 : 1504 324 899 3399 4004 2824 877 1165 1989 1738 1884 4238 7 4384 2507 2495 1396 4489 2174 3377 665 1796 3896 65 4995 717 4296 4674 3665 3165 3217 2565
Route 53 : 929 231 918 2152 1408 2121 3429 2230 4621 891 4730 1527 3418 3908 3391 602 2294 4652 4027 804 1673 2731 1614 2334 3102 146 4173 3304 4794 4834 4114 2646 702 20 137 2637 576 2520 3202 2402 916 2173 4902 4673 3076 1302 1272 3772 3416 3802
Route 54 : 31 2531 526 3026 27 482 2982 837 1901 2102 241 2527 971 3337 2741 314 2012 4602 3471 4401 209 2814 4512 542 2271 1797 2336 1264 3764 2709 4771 4836 656 992 3042 3156 507 3492 4297 3007
Route 55 : 1719 227 4219 2727 2243 1819 2139 1930 2426 4743 4319 346 4639 4430 723 2110 2412 802 4926 478 4912 2455 2978 1423 2846 3302 4610 1897 3223 4955 1077 4397 3923 1260 366 19 1948 2866 2085 2519 4448 1899 2493 3577 1816 4585 4993 4316 4399 3760
Route 56 : 1574 87 1344 960 2469 4074 2487 1652 3844 4969 37 3460 649 2537 2322 2185 4987 4152 1356 2587 520 4822 1468 3856 4685 284 3020 1637 3968 3149 920 204 1966 4137 2784 2704 3420 159 4466 2659
Route 57 : 486 1878 2299 2986 1709 1157 4378 4209 4799 3657 1506 1065 4006 3565 1033 2265 286 2786 587 4765 3533 1269 2106 3087 385 4606 193 3769 2482 1475 2693 2885 4982 3975
Route 58 : 448 2244 2279 2948 796 2039 4744 1491 2255 4779 4539 93 358 2593 3296 117 4755 3991 1312 1162 2617 2858 1653 601 3812 3101 3662 4153 1163 851 2044 234 3351 2734 645 4544 3145 3663 927 150 1958 175 2650 2209 2675 3427 4458 4709
Route 59 : 2061 4561 754 3254 1218 3718 2459 399 1868 1732 1829 2899 4959 4329 4368 4232 2278 1601 2149 1370 1852 4352 443 4101 1210 3870 2943 4649 3710 1611 4778 1140 2022 491 735 4111 2165 3640 224 4522 3235 2991 2724 4665
Route 60 : 156 1375 2430 999 2046 2656 1694 4930 3875 246 603 3499 1494 3103 2746 4194 4546 3994 167 2227 28 1253 200 1358 2667 3753 4727 2528 1774 2133 536 2367 2700 3858 296 3036 1314 4633 2796 4274 4867 3814 2467 1446 389 3946 4967 2889
Route 61 : 143 1562 2221 4062 2098 2643 309 4598 442 710 464 4721 1155 2809 3210 89 1347 2589 2964 3847 1378 3655 280 1837 2942 1728 418 3878 1435 2918 4228 2114 2780 661 4614 4337 367 2388 237 4888 2089 3935 1360 2171 3161 2867 4671 4589 2737 3860
Route 62 : 183 1349 2448 2427 2683 3849 1823 885 1877 40 3385 305 4323 2540 4948 2805 4377 4927 2167 801 2088 4667 1620 1759 3301 4588 2093 1415 792 1469 3292 467 3915 3969 4593 4259 4120 647 2122 330 3147 4622 287 2967 2830 2379 961 2470 4879 658 2421 4970 3158 2787 3461 4921
Route 63 : 1150 1235 2416 884 1173 3735 2291 3384 4791 2476 4916 3673 1571 4071 728 3650 747 2010 4976 3228 1014 2231 2038 4538 239 3514 4731 3247 310 1315 4510 2739 2235 2810 3815 1197 2009 1907 4735 1850 3697 4350 4509 4407
Route 64 : 1828 1037 1853 621 1022 1555 4328 4353 1211 3537 3522 1942 743 3121 119 3711 1842 1368 4055 2619 3868 3243 4342 4442 518 756 529 3018 2166 3029 3256 2338 835 4666 1355 4838 3855 3335
Route 65 : 1440 546 2282 3940 1684 2104 767 1784 3046 1035 4184 4782 4604 948 2382 1821 3448 4284 2414 4321 3267 3535 2066 4882 1399 2329 2057 4914 4829 4557 4566 1393 680 3893 124 1888 3180 2624 3899 4388
Route 66 : 2415 1825 359 1770 1777 2859 23 4270 1723 2523 994 4915 4325 3494 4223 739 2494 2240 976 2135 4277 4635 4740 787 1160 4994 3476 3239 657 1010 902 3287 1354 1179 3660 1769 3402 3679 3157 3510 4269 3854
Route 67 : 1943 1321 985 633 984 3821 3484 3485 1113 612 3613 2232 2312 4812 1866 904 3133 4443 4732 219 3112 1189 2719 4366 3404 996 425 544 1613 3496 3689 1895 4113 860 228 2295 2925 1960 3044 4460 586 2197 4395 4795 3360 289 1513 2728 1421 3086 4013 2789 3921 4697
Route 68 : 2457 2245 4957 4745 914 1483 1676 3414 1621 4121 4176 3983 729 3229 778 3278 1465 452 3965 2091 4591 2952 1180 3680
Route 69 : 1110 1345 1473 3845 322 3973 3610 1558 4058 2822 1985 2281 1108 540 4485 876 3376 4781 177 3608 3040 686 1973 4473 2100 1664 1070 4600 2677 3186 4164 3570 1561 1685 2170 4061 4185 534 4670 3034
Route 70 : 870 1373 1880 1856 3370 391 506 3006 2086 3873 2891 4586 1128 4356 551 3628 1519 1448 130 3051 752 4019 3252 3948 563 3063 2403 1754 1209 2630 753 4380 4903 3709 4254 986 98 3253 3486 1642 1459 2598 3959 4142
Route 71 : 1794 845 3345 4294 105 2374 4874 215 2411 2605 794 278 3294 2715 2778 4911
Route 72 : 1255 874 67 2160 910 3410 1535 2567 4660 1105 4035 1100 3374 419 2037 3600 3755 2919 269 3605 4537 2048 4548 2769 1916 4416 1365 1731 1061 3865 1510 3561 4010 4231 516 705 3205 3016 1161 1950 3661 4450
Route 73 : 975 1426 1690 1734 1931 3926 352 4234 1177 4431 356 4190 863 3475 230 3677 541 1090 3363 2852 2856 1727 3590 2020 1101 1885 4385 179 3601 1976 4520 1952 2730 2679 4227 558 3041 2018 216 3058 4452 4476 1261 2716 3761 4518
Route 74 : 1746 83 472 2262 4762 263 1603 2972 1028 2763 4246 1359 4103 2583 1071 3859 3528 3571 545 3045 396 1674 2128 304 2447 813 2896 704 4947 4628 630 4174 854 3313 2804 3130 3354 1132 1325 3204 3632 3825
Route 75 : 1286 1543 3786 111 2611 203 4043 594 1697 915 1170 2703 220 3415 2720 2131 3670 4631 1245 3094 1424 3745 4197 1336 2118 3924 4618 3836
Route 76 : 2014 1194 732 548 3232 3694 2033 1528 1005 3048 1431 205 4514 3505 2006 4533 1589 2705 4028 1444 4506 1214 4089 838 1630 849 3931 186 3338 2109 3714 2686 4130 4609 3944 1462 1667 1780 811 949 3311 3449 4280 3349 2023 3962 2307 4167 1687 2387 4807 4887 4523 4187
Route 77 : 2276 407 1771 2132 1787 4632 1337 4271 4776 2907 4287 3837 1957 951 581 866 4457 3366 3081 1657 3451 374 4157 388 2472 282 1256 1908 2888 2782 2431 2284 4408 3756 2874 1749 4931 4972 664 4249 3164 4784
Route 78 : 575 2028 897 349 1629 3075 1493 2849 4528 4129 1865 3993 3397 140 1039 675 395 2640 268 4365 2895 461 490 3175 3539 225 700 2768 2990 1116 3200 2349 3616 1346 2725 126 2961 1752 3846 4252 4849 809 1946 2626 3309 4446
Route 79 : 1045 830 1362 3330 3545 1522 1598 3862 335 2835 4098 636 3136 2441 1987 4941 2206 4706 2237 4022 4487 763 2288 435 1009 2021 2935 4737 3509 4521 4788 3263 890 85 3390 2351 2585 1862 643 1265 1803 3143 3765 4362 4851 4303
Route 80 : 847 411 2301 1599 3347 4801 2911 4099 2377 2094 4594 4877 515 1215 207 568 3015 3068 3715 2193 2707 1549 4049 4693 60 789 3289 2560
Route 81 : 646 1402 1595 3146 2218 1983 651 191 3902 4095 4483 1934 2190 4718 2007 2252 2691 4507 660 2076 3160 2096 4434 3151 1691 1089 4752 4191 4596 4690 538 3589 4576 1038 2143 2212 3038 2352 2400 3538 213 4712 2428 4928 4900 4643 2713 4852
Route 82 : 942 1932 25 678 4432 2120 3442 2525 1405 733 1404 3904 3178 3905 381 3233 4620 178 1526 2881 937 1306 868 2678 123 3806 855 3368 2623 1006 4026 3355 1299 3506 3437 1695 63 1284 3799 911 1239 4195 2563 3784 3411 3739
Route 83 : 1968 667 4468 2391 1233 2456 862 3733 2328 4956 102 3362 3167 1786 380 4891 403 4286 2880 2602 2903 1477 176 1949 2158 4658 4449 1962 570 2676 1610 4110 172 2672 3070 4462 4828 3977
Route 84 : 2105 585 2473 2442 2488 1500 4605 1159 3659 4988 4000 618 3085 4942 947 4973 3447 878 242 404 3118 1343 519 3019 1425 1512 2742 4012 3843 3378 3925 2904 262 1869 584 2073 2762 171 4573 3084 4369 2671
Route 85 : 1838 1890 2016 300 1088 1262 4390 1606 2800 4338 4516 3588 1502 3762 1640 1420 4106 1564 4002 755 1717 4140 3920 4064 3255 4217 456 325 2825 2956 157 1044 1587 1991 2657 4087 3544 4491
Route 86 : 1928 1436 1169 471 2069 4428 2410 2971 4910 3669 2486 1713 1246 4569 4213 1186 3936 3686 3746 2178 1514 757 4986 697 169 2151 2669 932 3257 4014 3197 2423 2263 943 4651 4678 872 3432 2204 4704 3372 4763 3443 1955 4923 1735 4455 4235
Route 87 : 2062 1743 1565 1501 81 4562 566 222 4243 2024 2722 1187 3066 4001 1133 4524 4065 2581 3633 3687 1600 1301 928 3801 4100 3428 1536 816 3316 4036 1021 2491 104 1058 827 3558 2318 3521 158 4991 3327 2658 2604 2471 4818 4971
Route 88 : 2215 2287 2409 1043 840 1111 3340 3611 4787 1280 4715 1072 1783 275 3543 3780 3572 1102 2064 434 4283 4909 3602 295 524 1126 2775 1464 3626 3024 921 2934 4564 3421 2795 2254 760 1945 3964 1217 4754 3717 8 33 35 2508 4445 2535 2533 3260
Route 89 : 1814 1495 17 210 2015 3995 1708 1106 2710 1806 2517 4208 4314 197 3606 689 4306 4515 428 2475 1059 2401 3559 4901 4975 3189 2373 2928 2697 52 1705 4873 681 1947 2552 3181 592 4205 4447 1283 1624 3092 3783 4124
Route 90 : 1451 1496 2264 3996 4764 3951 604 2420 4920 691 3104 382 991 694 2175 3491 115 4675 2283 864 2882 1313 3191 2615 1905 2083 4783 4405 1548 3364 3813 4583 393 3194 1529 4048 4029 1534 2893 4034 345 2845
Route 91 : 408 362 1861 1350 2908 2256 441 4361 3850 53 2862 2941 1851 4756 2358 77 378 1552 2878 2378 4052 4858 4878 2577 2553 1681 1830 701 4351 1804 4304 406 4330 4181 3201 1127 1886 998 2906 3627 218 165 1982 4386 2396 3498 1892 4482 4392 4896 2665 2718
Route 92 : 2063 1632 363 1999 202 2419 4499 1012 4919 2702 2863 1252 1025 3512 4132 3525 4563 3752 525 815 505 3025 1193 503 3005 3315 1913 784 4413 3003 1027 3693 1443 236 3284 3527 2736 3943
Route 93 : 670 2359 173 298 635 3170 1144 2798 3644 3135 556 2673 4859 1288 291 3056 1224 110 641 826 2610 3326 624 3788 3724 30 2791 1662 1115 2040 3141 3124 2031 2530 842 3615 2144 4162 4531 4540 532 4644 3032 3342
Route 94 : 1073 1335 1460 3835 3573 3960 50 2302 839 1351 2316 1300 2550 3851 4816 4802 1240 3339 2080 3740 1198 72 3800 1655 3698 1654 4155 4580 2572 1736 1818 4154 4236 1875 571 257 935 2315 4318 1730 2757 3435 4375 4815 3071 4230
Route 95 : 1568 1238 953 170 1608 4068 1873 3738 3453 892 1900 4108 4373 2670 4400 2097 3392 925 444 3425 4597 2944 2045 1914 567 315 4545 4414 2815 3067 1489 318 1403 2818 3903 3989 55 256 38 2756 2538 2555
Route 96 : 1505 1971 1174 2042 1407 496 4005 3907 709 2163 4542 1107 3674 4663 47 3209 807 3607 1453 1860 2996 1967 2547 3953 4471 1192 1478 2320 4820 4467 3307 3692 3978 2385 791 1707 4360 3291 2463 4207 24 2435 4885 1204 2524 4963 3704 4935
Route 97 : 2169 1051 1319 3551 708 2017 254 1810 3208 2754 4517 3819 4669 4310 188 2445 371 1282 4945 3782 2688 2871 1388 1963 3888 4463
Route 98 : 1744 779 462 1452 2199 4244 696 3279 1520 4020 2962 3196 1241 3952 1872 320 372 409 4699 3741 4372 2872 2909 2820 499 1066 211 1091 1757 2468 2999 4968 3591 3566 512 4257 2711 1988 2465 3012 4488 4965
Route 99 : 1498 620 3998 871 3371 438 2938 1121 3120 690 58 2558 3621 2047 3190 4547
Route 100 : 887 1701 1327 3827 3387 451 4201 1295 822 1871 2220 3795 3322 4720 1417 1910 80 2951 4371 511 323 627 3011 2823 2580 4410 3127 3917 121 2224 1904 221 973 4404 101 1285 4724 2621 384 1387 3473 2721 3785 2601 3887 2884
Route 101 : 2323 740 2356 4823 1201 3240 3701 4856 537 1665 2443 780 3037 4165 4943 3280 155 2655 1289 212 326 316 2712 2816 2317 416 742 2826 312 3789 1119 2812 2916 4817 3242 3619 145 1626 4126 235 2735 2645
Route 102 : 1761 699 882 347 2306 4261 424 4806 1844 561 2847 3199 3061 3382 2924 4344 1068 2201 574 1290 4701 3568 3790 2136 1516 415 1379 4636 3074 2915 3879 1580 1824 1479 4016 15 2077 988 4577 4080 595 3488 3979 3095 2515 4324
Route 103 : 2440 805 2234 750 1441 1517 4734 3941 3305 3250 4940 4017 307 1326 2153 1297 128 2130 2807 900 3826 2628 1367 4653 4630 3400 1432 3797 3867 3932
Route 104 : 1154 1764 3654 653 1887 2002 4502 3153 4387 4264 455 2070 445 1638 4570 4138 2945 2955 1296 138 631 2638 78 3796 2578 3131
Route 105 : 824 1979 199 2161 3324 831 4479 1883 2699 1069 2126 3569 1292 4661 1268 3792 1034 2054 4626 4554 1822 3768 4383 3534 1191 4322 613 3331 3691 1409 3113 3909 340 2840 761 477 244 3261 2977 2744
Route 106 : 869 906 1941 1151 180 2680 3406 4441 3369 3651 1386 483 2983 1293 243 3793 405 2743 2905 764 502 3264 3002 3886 886 34 113 564 955 2534 3064 3386 3455 2613
Route 107 : 36 2321 965 1083 1793 302 2536 3465 898 1792 3583 4293 2802 3398 11 4292 4821 579 2511 2113 711 1428 3928 3211 3079 1954 4613 1152 1588 4088 3652 4454 1525 4025
Route 108 : 400 2395 1628 1503 454 2900 2954 652 3152 4895 4128 18 4003 2518 608 2192 3108 1117 3617 4692 1722 1567 2398 1092 4067 1704 4898 4222 3592 4204 687 677 74 1919 968 3187 4419 3177 2574 3468
Route 109 : 2485 1756 1940 2296 4256 4440 4985 264 1437 1499 698 3937 2764 3999 3198 4796 466 797 2035 4535 272 437 3297 2966 983 142 2642 3483 2772 2937 917 1933 2027 285 4527 3417 1199 4433 1134 2785 3634 3699
Route 110 : 1427 114 1758 1094 279 3594 4258 2614 3927 2779 2251 4751 488 2298 2988 4798 103 856 29 2603 714 731 2529 3231 3214 3356 894 2025 625 3125 1644 3394 4525 4144
Route 111 : 679 2142 71 1870 1817 3179 4370 4642 2571 4317 2099 4599 1057 1221 693 2084 3193 1696 3721 1247 3557 4584 3747 4196 905 1923 703 3203 4423 3405
Route 112 : 798 317 821 706 3206 3298 1467 3321 964 22 2817 2466 3967 3464 2522 4966 2194 62 1668 903 2562 889 3403 354 4168 1559 2854 2013 1411 3389 4694 1310 3911 4513 4059 1827 1236 3736 3810 4327
Route 113 : 251 2333 397 1834 2751 2897 4833 730 107 1487 51 4334 1560 2551 3987 26 3230 814 4060 331 2607 2526 1341 783 3314 1889 3841 2831 3283 2325 4389 1178 2053 4825 3678 4553 4 535 2371 2504 4871 3035
Route 114 : 547 1084 560 1840 1392 3060 1385 3892 3047 3584 4340 2477 1990 1672 638 957 4490 1484 3457 1279 3885 4172 1616 4977 4116 97 2223 790 3984 1263 3138 3779 1689 4723 3763 3290 2597 2268 1765 4265 2188 1488 4189 4768 3988 4688
Route 115 : 674 857 485 1030 2985 3174 3357 924 1809 2065 4565 3424 1659 3530 912 4309 1164 3412 4159 1763 3664 1523 1228 1575 3728 4263 4075 4023 174 49 2549 2674
Route 116 : 1772 480 2332 1922 4272 2980 4832 4422 1476 2454 3976 4954 1142 3642 908 3408 2203 4703 1645 1618 970 1047 3547 4118 3470 922 1646 4145 4146 3422
Route 117 : 713 1593 96 1353 2596 946 3853 615 2433 4093 1750 4250 4933 1891 3213 3115 1546 3446 513 818 1741 981 4241 1294 4391 2309 3318 3013 1205 3794 852 2072 4572 3352 3481 4809 4046 3705
Route 118 : 21 552 1429 666 2339 3929 3052 3166 825 4839 3325 2521 2059 1376 3876 351 4559 762 969 369 952 2869 3452 413 3469 1249 3262 125 392 2851 3749 1093 933 2913 2625 843 1338 2892 716 3593 2228 3216 3343 3433 4728 1213 3838 1854 4354 3713
Route 119 : 2233 1130 343 639 4733 321 3630 1234 1063 2843 2821 3563 3734 3139 1511 423 2138 1530 628 591 4030 4638 1775 4011 3091 3128 2200 2923 1974 2182 990 4474 4700 722 4682 2446 3222 90 3490 4946 4275 1087 2092 1406 3906 1935 4592 2590 4435 3587
Route 120 : 473 481 745 100 2981 2436 1641 2973 1729 2600 4936 3245 1308 967 1550 4141 569 4229 79 3808 3069 2579 4050 3467 1551 429 776 2929 3276 447 1339 4051 1831 4331 1845 2947 1604 1480 3839 4345 1683 1682 2393 4104 4183 3980 4893 1216 4182 301 2392 4892 2801 3716
Route 121 : 1894 2162 258 606 4662 1490 748 4394 2758 3990 3248 3106 2260 2117 106 1348 2383 1382 3848 2050 4617 4760 721 2211 2606 622 4550 2275 3221 2344 4711 3882 3122 2331 1458 2049 4775 181 4844 3958 2681 4883 4831 4549
Route 122 : 2253 654 2150 84 152 3154 1781 2584 1380 2652 4650 3880 688 4281 1203 3188 1663 342 2226 4163 1573 3703 2842 4753 4726 4073 682 1953 800 523 3300 1454 3023 3182 3954 2324 4453 2481 1079 781 70 4981 4824 3579 2570 3281
Route 123 : 196 2082 1833 2286 2394 4786 4333 4582 1748 474 1438 2696 2974 465 2289 4894 4248 1569 1679 3938 4789 1981 1544 539 4069 4179 4044 2965 1470 3039 4481 162 3970 475 2975 1978 2662 4478