Instance name:	nyc-n400-4
Authors:		Carlo Sartori and Luciana Buriol
Date:			2019-2-11
Reference:		A matheuristic approach to the PDPTW (to be submitted)
Solution
Route 1 : 156 108 143 356 86 121 343 61 16 171 371 261 216 308 286 321 13 42 167 242 200 367 183 400 213 21 69 383 63 71 269 221 39 93 271 98 293 150 263 239 25 350 298 225 137 1 337 51 201 24 106 224 306 102 302 251 132 332
Route 2 : 79 118 318 89 289 105 88 50 279 49 305 288 157 249 250 6 142 115 125 206 119 357 325 342 315 196 46 12 319 212 396 47 246 195 70 247 270 395 84 148 182 284 165 382 31 348 154 365 141 231 354 341
Route 3 : 101 95 140 295 37 340 301 17 76 217 237 276 15 181 73 215 174 170 123 33 273 323 370 374 233 381 8 184 189 187 146 389 387 208 384 90 185 385 87 346 96 178 287 290 120 152 296 320 124 38 83 378 104 283 2 352 190 324 202 304 40 390 240 238
Route 4 : 163 72 130 81 80 330 281 280 65 272 265 363 23 91 197 397 11 223 62 147 211 262 347 291 122 41 199 322 241 82 158 282 186 386 399 193 358 393
Route 5 : 175 153 5 58 109 205 151 43 353 129 375 258 243 351 26 111 329 309 75 60 116 311 92 100 275 226 85 292 300 164 260 316 160 191 68 360 391 364 268 285 176 7 138 30 34 376 4 207 234 9 107 338 230 159 307 209 112 204 155 359 114 74 77 312 314 274 355 97 57 277 59 257 297 259
Route 6 : 45 110 56 27 227 310 22 245 55 256 255 94 180 294 222 380 14 136 52 126 336 214 252 188 131 18 388 326 218 331 133 127 135 36 236 327 173 335 20 149 333 194 349 134 334 78 373 66 266 220 278 48 29 67 394 28 229 228 144 172 267 248 344 372
Route 7 : 169 198 192 398 369 168 392 64 113 179 177 368 264 3 379 103 313 203 303 377 99 32 128 232 53 299 19 253 219 328 54 161 10 117 254 44 317 361 210 145 345 166 244 162 35 366 139 235 339 362
