Instance name : nyc-n400-1
Authors : Alexander Yuskov (a.yuskov@g.nsu.ru), Igor Kulachenko (ink@math.nsc.ru), Yury Kochetov, Igor Vasilyev, Zhangdong, Chenjuan, Huanghaohan, Wanglongfei
Date : 28.05.2025
Reference : HGIM
Solution
Route 1 : 106 74 306 274 113 159 36 118 313 236 55 318 359 21 255 94 221 89 196 294 396 126 192 91 326 392 289 88 291 288
Route 2 : 181 58 381 54 152 254 258 352 9 2 135 209 163 101 363 202 301 335 149 182 25 20 150 349 133 220 59 350 72 382 107 225 259 272 333 307
Route 3 : 172 85 83 283 372 43 164 243 285 364 183 124 10 121 383 321 210 324 173 27 373 227 114 314 186 167 119 35 386 235 367 319
Route 4 : 16 108 136 5 216 120 308 205 32 336 320 147 14 232 12 347 6 214 109 111 206 68 212 311 65 268 44 309 244 67 161 175 71 265 148 271 361 375 267 348
Route 5 : 151 156 39 18 154 351 356 218 239 354 100 38 70 300 157 184 384 132 357 49 332 238 270 129 153 51 131 249 251 329 52 331 252 353
Route 6 : 79 23 61 112 128 279 46 223 200 80 261 312 328 400 246 92 160 280 292 360 117 42 171 198 28 242 228 166 398 317 371 4 204 366
Route 7 : 177 76 116 13 276 377 316 110 213 26 310 226 140 11 98 211 340 40 298 178 99 240 57 299 146 17 378 257 217 346
Route 8 : 188 388 93 190 390 293 15 215 82 282 144 162 344 139 48 339 248 362
Route 9 : 155 189 66 389 355 77 194 394 187 277 103 266 387 33 90 30 233 290 34 230 96 303 130 234 37 296 138 237 330 56 95 256 53 295 253 338
Route 10 : 141 102 341 302 191 1 201 391 47 86 247 286 115 165 73 78 315 168 365 278 273 368 7 127 45 327 207 245
Route 11 : 64 63 134 3 176 50 203 334 193 264 376 263 250 143 393 343 170 169 369 197 137 179 370 379 397 337
Route 12 : 199 87 104 8 105 304 399 158 287 305 208 358 81 195 281 123 395 174 323 75 62 275 125 374 325 262
Route 13 : 31 142 69 60 231 269 29 24 41 180 260 229 97 342 224 241 380 22 145 122 297 222 84 185 345 322 19 219 385 284
