Instance name : nyc-n2500-1
Authors       : Isaiah Reimer (isaiah.reimer@rideco.com). RideCo (rideco.com)
Date          : 2023-04-03
Reference     : Rideco PDPTW Solver
Solution
Route 1 : 18 172 1422 313 1106 235 1268 1157 713 2407 92 1563 1342 2356 1963 1485 359 317 108 1567 1358 540 419 1609 1143 1669 1790 31 291 2393 1541 1281
Route 2 : 488 485 1735 1738 554 1804 620 250 1870 129 1500 1039 417 968 951 708 2289 1379 2218 1667 2201 1958 1123 881 698 605 480 2373 2131 1730 1855 1948
Route 3 : 215 489 973 345 668 95 1918 1739 1595 1345 1225 641 903 2223 71 1465 207 1891 2475 323 1457 1321 1573 2153 33 627 484 643 505 115 1365 1283 1027 2277 1893 1755 958 1877 1734 790 2208 2040
Route 4 : 120 367 150 742 1210 1370 1992 2460 1617 972 321 141 1400 493 2222 1571 604 638 1743 1391 331 1854 793 1581 1888 821 279 36 164 967 2071 1025 1286 1529 2043 1414 636 593 1046 2275 2217 1843 2296 1886
Route 5 : 744 490 1740 1994 356 306 882 1556 1606 2132 1202 721 2452 753 1971 412 1116 2003 2366 835 415 1662 734 827 2077 1665 1984 1159 173 332 1423 2085 258 1582 2409 1508 427 1677
Route 6 : 966 441 75 609 1691 47 1325 73 1297 127 884 2216 1168 2134 1323 1859 2418 1377 434 394 1024 198 1644 1684 149 2274 1399 904 461 1448 905 2154 2155 823 1711 2073
Route 7 : 1066 637 652 1031 539 2281 752 1887 1789 2002 1902 1033 840 2316 2283 2090 1030 438 243 23 391 1688 1493 1273 2280 1641
Route 8 : 1226 739 1196 976 1155 1989 407 2226 117 2476 2405 2446 1038 1657 2288 136 1104 1367 1386 1205 2354 833 504 926 179 2083 2455 2176 2 575 1754 273 1429 1252 851 176 154 1825 249 1404 865 2101 1523 2115 1499 1426
Route 9 : 560 175 809 1810 2059 390 1425 619 4 445 448 1640 1234 1695 1254 144 1869 59 1698 1309 501 43 2484 1293 531 1394 860 568 1751 1781 1057 1818 2307 1010 781 2260 2110 2031
Route 10 : 151 416 435 171 106 699 1666 1949 90 1685 557 1421 1356 1340 1401 1228 1807 1124 515 420 2478 1085 2374 759 1765 2009 1670 2335 1188 217 1243 826 2493 2438 1134 1063 1467 2313 2076 2384
Route 11 : 1141 267 899 1050 513 2391 849 2149 346 2300 1763 1146 1029 1517 1158 2396 2099 1596 2279 104 1354 544 14 423 1264 1019 1673 304 1554 534 1784 2408 2269 1794 1133 507 2383 1014 1757 2264 1096 338 1588 2346
Route 12 : 749 1241 464 1013 424 1714 2491 717 1674 1075 2263 527 96 1777 1999 437 2325 726 1346 1967 1111 675 2361 1064 1976 1925 2314 1687 546 199 1449 683 482 1796 852 1732 921 660 307 1933 2102 2171 1557 1910
Route 13 : 261 1219 1209 1511 2459 357 1607 2469 558 219 846 906 945 2096 2156 1082 1469 1197 1808 552 2195 2332 2447 8 864 684 1258 1934 1802 2114
Route 14 : 190 1245 156 241 54 1179 2495 1304 1406 1491 161 2429 1032 1411 561 590 371 1440 2282 970 1840 1811 2220 754 678 1054 1175 1621 2304 414 386 383 2004 1664 1928 1636 2425 1633
Route 15 : 997 2247 41 1203 829 718 526 1968 1185 2453 1291 97 2435 1776 1216 2079 1148 745 1995 328 2466 674 1924 1347 1235 635 763 1578 2013 2485 1885 2398 975 246 2225 1132 140 248 1496 1498 2382 1390
Route 16 : 991 204 368 2241 894 1454 927 46 769 2177 2019 1618 1191 1296 1183 447 2144 169 2441 399 1697 1077 1649 2327 2433 153 1419 1403
Route 17 : 24 538 468 1718 1274 1788 500 1060 776 623 1177 1231 2427 2481 1873 2310 1750 2026 284 798 425 1675 1534 294 706 701 177 1951 2048 1427 1956 1544
Route 18 : 111 263 116 201 1361 777 277 1451 1068 2318 53 2027 1513 1366 310 327 1527 1048 379 1560 100 1303 1249 1577 2298 1222 995 432 2472 1350 366 2499 1629 1616 2245 1682 704 184 1954 1011 1434 2261
Route 19 : 325 1018 387 2268 1575 1637 986 2236 45 640 925 373 639 174 1890 1623 232 1424 107 1889 1295 2175 1482 1357 707 802 1957 2052
Route 20 : 876 1091 710 1215 2465 1163 2413 689 1960 1015 847 2126 815 1939 213 2097 418 2341 2065 1463 1668 80 2265 1073 1330 512 2323 244 1762 1494
Route 21 : 1239 548 1069 1051 669 786 1798 1078 2301 1061 2036 693 1919 2328 2311 2319 2489 13 1263 804 1943 125 989 2054 2239 1173 1375 2423 1135 519 2385 1769
Route 22 : 665 11 1099 271 1001 2349 789 1261 1521 1915 333 337 2251 948 2039 1587 2198 1583 729 646 86 506 1896 1012 1979 1756 1336 2262
Route 23 : 953 1005 1182 2203 679 2255 1929 588 888 2432 355 479 372 61 1622 1729 1838 1605 808 26 796 2138 2058 912 2046 1276 2162 956 397 1311 969 2206 656 299 1906 1647 1122 257 1549 2372 2219 1507
Route 24 : 330 370 28 157 762 1278 1407 818 182 1580 128 1620 2012 1432 1378 979 576 459 2068 725 2229 982 1709 2232 1975 42 1826 1119 238 1292 2369 1488 1184 2434
Route 25 : 133 197 320 289 234 1383 1539 724 343 1447 547 361 1974 1570 1797 1611 49 1484 1250 892 1593 1229 1299 2500 378 105 2142 1355 2479 1628 1044 772 886 21 2022 74 2136 2294 1324 1271
Route 26 : 542 138 1792 56 1388 817 2067 395 1645 799 1040 2290 2049 1306 845 901 955 57 2095 803 2205 1307 757 696 2151 595 1845 474 2007 2053 1946 1724
Route 27 : 16 262 1512 838 1266 1193 295 470 2088 200 1720 1450 126 486 2443 1545 720 350 487 1376 1970 473 1737 1736 166 1036 1600 606 1723 1856 1416 2286
Route 28 : 292 795 614 1542 98 2045 460 992 147 1710 1164 1864 1348 1397 2242 2414 893 528 285 572 2143 1778 1535 1217 1065 1822 1084 612 2467 2334 483 2315 1089 1862 145 1733 2339 1395
Route 29 : 353 309 52 659 1603 1559 429 1302 990 1909 492 691 615 915 1865 1941 1679 2240 2165 1074 1742 842 2324 436 1686 2092 574 422 741 1824 225 428 1991 981 196 5 2231 1446 1678 1672 1475 1255
Route 30 : 917 573 2167 794 1195 109 2044 1171 2445 1823 1359 1118 497 2421 634 1884 1747 2368 1198 1181 208 2431 2448 591 1458 91 406 1841 807 2057 1341 1656
Route 31 : 530 1780 226 650 25 1275 1900 1087 702 252 1476 932 266 1952 567 895 1516 2145 850 1817 1502 2337 2182 339 550 1126 1800 2376 2100 1589
Route 32 : 82 1187 1113 853 2363 1332 2437 2103 1097 2347 922 938 2172 2188 587 456 508 1837 1140 477 1706 2390 756 1758 10 775 1727 816 2006 301 2066 389 1551 2025 1260 1639
Route 33 : 475 898 787 162 1725 1412 733 170 2148 247 2037 870 1983 1420 861 298 1497 2120 2111 1548 920 1214 1105 2170 2355 896 2464 747 2146 559 913 1809 1997 2163
Route 34 : 335 316 1174 121 1093 1585 1566 1186 1212 1045 2424 223 2436 2462 1473 2343 2295 83 1371 1333 1244 533 694 1021 535 1944 743 2494 1785 964 1993 2214 1783 1108 454 2271 1704 2358
Route 35 : 610 369 70 446 680 1619 1320 1149 1052 618 1860 2399 1696 2302 1868 1930 589 555 439 326 1839 60 1689 1576 402 839 1310 2089 1805 84 1652 791 831 340 1017 2081 1590 2267 1334 2041
Route 36 : 34 185 988 318 2238 611 1435 233 1284 1483 1568 848 1861 1127 664 1914 859 375 2098 2377 1625 315 1192 2109 949 1565 401 1651 2442 2199 478 1728
Route 37 : 1102 227 242 711 290 1477 1492 565 1540 2352 1815 1961 867 1058 2117 404 2308 577 1654 900 352 7 764 2150 1257 1602 2014 1827 1131 158 545 269 1408 582 2381 1519 1795 32 1282 1832
Route 38 : 719 987 774 907 384 494 1969 110 2157 2024 466 272 1744 114 2237 1716 1360 1522 159 1634 978 1364 1242 255 2228 205 260 1505 2492 1409 671 186 1455 293 1510 784 1921 1543 2034 77 1436 1327
Route 39 : 1022 499 645 55 112 543 1749 1305 517 403 1793 240 1362 63 2272 256 1767 1895 1490 1653 131 1313 1506 943 1381 68 1103 2353 1318 673 2193 376 1923 596 1626 854 2104 1846
Route 40 : 603 178 1101 2351 1853 700 1428 400 1090 2340 1088 514 1950 2338 1162 653 1650 1764 450 1903 2412 617 1700 212 1867 160 1410 1147 1462 825 2397 2075
Route 41 : 608 667 871 655 1858 2121 999 66 1917 1112 1316 771 800 2021 1905 682 2362 1932 2050 2249 165 746 705 1160 1955 443 770 1415 1996 2020 2410 1693
Route 42 : 123 758 622 806 221 1083 1872 1373 2008 2333 1471 79 1016 563 324 1329 2266 2056 1574 1813 923 878 2173 863 101 2113 2128 251 1351 1501 551 1801
Route 43 : 663 433 994 916 1232 502 2166 2482 2244 1913 1683 1752 410 1115 625 1875 1660 218 22 2365 195 237 1272 1487 1445 1468 349 336 875 1599 824 936 2074 2125 2186 525 1586 1775
Route 44 : 1194 1120 601 2444 1230 1851 2370 2480 883 836 740 2086 1098 1990 2133 648 2348 1898 630 1880 1056 597 837 1847 2306 2087
Route 45 : 748 939 2189 76 556 602 319 1998 1326 1806 1852 811 2061 856 236 58 1569 1308 1486 940 516 152 206 2106 532 1402 1782 1766 1456 2190
Route 46 : 1043 731 146 214 858 2293 1396 276 1981 1464 780 797 496 2108 812 1526 750 192 1746 2047 1100 1442 890 2000 2030 2350 2062 768 2140 81 819 2018 834 1331 2069 2084
Route 47 : 1109 735 314 626 187 1564 1876 1117 245 1985 2359 1437 281 2367 553 1495 15 1803 947 1531 541 657 2197 1128 1791 1907 2378 1161 1265 998 216 2411 862 962 2248 1466 2212 2112
Route 48 : 950 686 1142 584 1067 1081 1936 1220 2331 297 2392 2317 1035 1834 17 2285 1547 2200 2470 305 35 1555 430 1267 1285 874 1680 348 268 2124 773 1167 985 1518 2023 1598 2235 2417
Route 49 : 651 692 946 562 1942 2196 616 844 1812 1000 2094 1866 143 521 280 1901 1208 1771 1393 2250 1530 2458 40 598 666 392 1642 1916 1848 1290 467 180 1062 2312 364 1717 1614 1430
Route 50 : 569 27 452 393 728 1819 1277 961 2211 1008 1037 1978 662 902 1643 1702 1912 1114 2152 910 2258 168 2287 952 118 1418 224 2160 2364 1368 2202 628 1474 228 737 1878 1478 1987
Route 51 : 303 1236 1153 676 889 2403 282 1532 2486 1553 69 1079 1926 1240 2139 2329 1319 2490 977 20 458 1270 1708 632 2227 1176 259 1137 329 1882 1165 2426 1509 2387 2415 1579 1136 830 2386 2080
Route 52 : 911 78 578 909 2161 462 1328 778 2159 29 1712 1279 2028 1828 491 688 444 1003 334 1694 1741 661 1584 2253 264 1938 1911 274 869 1524 1514 2119
Route 53 : 518 792 537 1207 62 230 1787 362 1768 522 2042 1612 549 1312 2457 300 283 1772 296 1550 727 1480 1799 1533 887 203 1453 2137 755 580 1546 908 1830 2158 1977 1150 928 2400 135 2005 592 2178 1385 381 1842 1631
Route 54 : 529 828 760 408 687 2078 1779 642 211 1658 2010 1213 732 1937 2463 124 965 1892 1982 1461 2215 167 738 1374 1169 39 344 189 1988 67 1289 1594 2419 1439 841 1417 181 1129 2091 1317 87 476 1431 695 1726 2379 1945 1337
Route 55 : 782 351 275 341 613 1601 457 2032 1525 1591 1863 1034 866 194 681 1707 647 1931 1444 85 586 2284 2116 1200 1836 1335 1897 2450 209 139 1170 1459 1389 523 2420 1773
Route 56 : 1190 93 649 1076 1899 2440 1152 1343 709 2326 2402 102 1042 1154 783 2292 1352 2404 365 751 2033 1959 1615 2001 722 89 583 37 19 1339 1972 1833 1269 1287 1246 1172 1009 2496 2422 2259
Route 57 : 1053 1237 872 703 785 2122 2303 677 919 579 2169 2035 2487 148 1927 524 220 1829 520 1953 1398 495 142 1049 1470 347 1770 1597 1745 1392 2299 570 1166 1125 1774 942 1820 974 1211 2224 2416 2375 2192 1139 2461 431 1681 2389
Route 58 : 697 1007 2257 1094 779 163 814 2029 1947 2064 278 1413 2344 761 413 2011 877 1121 1528 2371 983 2127 2233 311 714 885 629 1663 934 1964 1561 1879 2184 2135
Route 59 : 322 1180 130 231 1201 1481 1233 2430 924 1380 2451 2174 2483 914 736 1572 44 1986 600 1294 1850 2164 1247 1092 287 113 685 1537 2342 993 2497 1935 38 1363 765 2243 1288 2015
Route 60 : 810 1238 50 571 155 1405 469 1821 270 134 1384 2060 1719 1300 1520 2488 880 188 481 1059 2309 2130 1438 94 405 88 1731 1344 1655 509 254 1759 1504 963 2213 1338
Route 61 : 1144 380 822 1004 624 302 2394 1055 1552 1630 2072 2254 377 2305 1070 1627 503 453 1874 801 455 2320 536 1703 2051 1705 239 1786 1753 354 607 1604 690 1857 72 1489 137 1322 382 1086 1940 1632 1387 2336
Route 62 : 941 65 472 360 1223 2191 388 1722 944 672 1610 1315 2473 1638 2194 1922 1095 463 805 1130 2380 2055 1227 1713 2345 2477
Route 63 : 396 879 712 644 30 1280 1646 2129 1894 1962 358 891 498 897 1608 99 2147 2141 1110 1349 1224 265 1748 633 2474 1204 1515 2454 2360 1883 766 1248 2016 670 960 2498 1920 2210
Route 64 : 440 451 1690 1138 1701 2388 1047 2297 465 1715 1 312 1562 363 449 1145 1251 1613 1699 631 937 2395 1881 2187 723 1973
Route 65 : 119 1369 442 6 621 103 930 581 1871 64 1831 1692 2180 1353 1314 122 12 3 1256 933 1262 1107 1071 1253 2183 1372 2357 2321 51 1189 873 1178 2439 426 1301 1041 2123 820 2428 1676 2070 2291
Route 66 : 599 564 1849 1814 191 222 1472 971 984 1441 980 931 2230 658 2221 202 2181 855 2234 1452 510 132 1908 2105 832 2082 1382 1760
Route 67 : 1002 2252 398 1648 585 1028 1218 411 1835 2278 2468 1072 471 1661 594 308 935 1020 1844 1558 2322 2185 2270 210 253 1721 385 1460 843 421 730 1980 1671 1503 1635 2093
Route 68 : 996 374 229 1221 2471 1479 1023 1026 2246 868 2276 1624 1006 2273 2256 1206 2118 918 767 929 959 2209 2168 715 2456 9 2179 1080 1199 2330 1965 1259 2017 2449 409 48 1659 1298
Route 69 : 857 511 183 654 288 1761 1151 1433 957 716 2207 2107 1904 1538 1966 813 2401 193 954 566 2204 1443 2063 1816 342 286 788 1156 1592 2038 1536 2406
