Instance name:	nyc-n1500-4
Authors:		Carlo Sartori and Luciana Buriol
Date:			2019-2-11
Reference:		A matheuristic approach to the PDPTW (to be submitted)
Solution
Route 1 : 593 165 468 665 1343 915 1218 1415 558 119 62 1308 869 812 328 108 189 124 939 874 455 1078 858 276 76 160 1205 826 1026 357 910 433 507 157 213 1183 963 1107 1257 907
Route 2 : 620 506 421 530 1280 332 153 1256 1171 903 1370 699 1082 19 727 1449 406 649 769 1477 245 1399 471 995 1156 1221 229 204 979 16 954 689 652 260 1439 766 1402 703 1010 356 1453 417 220 240 1106 648 970 1167 990 230 351 1398 504 980 503 513 233 1263 1101 1254 1253 333 983 68 73 818 823 1083
Route 3 : 138 77 283 368 888 118 1033 1118 827 134 273 1023 868 884 117 371 158 732 1121 908 867 207 715 1482 1465 957 177 369 1119 618 927 129 592 461 1342 1211 145 1368 556 1306 634 879 698 120 210 1384 1448 870 960 895 8 424 758 657 1174 239 172 1407 989 922
Route 4 : 309 269 688 615 243 723 1365 1059 1019 1473 1438 993 679 354 1429 553 1104 587 508 489 1337 559 1239 519 1303 1258 1309 1269 87 284 326 179 1034 505 4 255 1076 837 151 1255 754 929 419 1005 244 901 709 1169 994 75 1459 532 231 41 825 981 1282 791 215 536 84 965 834 93 1286 687 63 813 643 515 1265 843 1393 1437
Route 5 : 502 345 214 964 743 1252 1095 318 439 1493 100 270 1189 1068 130 850 394 208 1144 540 434 958 1020 1184 746 880 346 323 1290 1096 1496 286 295 696 1073 401 1446 1045 1036 389 454 1151 1204 1139 480 585 656 1335 1230 1406 35 404 248 105 785 855 998 1154
Route 6 : 597 409 655 3 753 178 209 1405 1347 928 959 1159 56 464 806 127 474 321 1214 1224 1071 877 653 717 1467 1403 554 29 250 221 971 1304 779 1000 193 467 360 1217 355 1110 943 287 624 478 1105 314 613 1064 1228 1037 638 1363 195 217 114 1374 945 1388 12 136 159 967 247 864 909 762 997 886
Route 7 : 366 202 223 535 448 1285 575 952 1116 1198 973 313 1325 264 534 676 606 1356 1426 1014 1063 1284 572 350 167 400 1100 67 1150 817 917 1322 252 437 1002 190 940 1187 142 301 280 83 583 514 1051 892 1030 1264 833 603 566 1333 1316 289 1039 517 739 1353 65 1267 10 760 1489 815 397 38 330 788 1080 1147
Route 8 : 621 714 414 72 89 1164 1371 300 518 822 1464 564 839 367 1050 1117 1268 1314 144 362 60 1112 894 810 528 617 573 1367 596 1346 1278 241 293 1323 681 1043 991 560 1431 152 581 902 1331 1310 109 331 28 859 51 1081 456 801 778 646 509 630 1206 1 1380 1396 751 444 1259 1194
Route 9 : 438 187 636 499 447 1386 1249 541 937 1188 1197 148 1291 898 42 197 641 1391 584 792 1334 631 947 235 219 381 393 985 1381 1131 969 1143 184 567 651 934 701 523 1317 1401 372 666 33 1451 237 1122 1416 1273 589 987 783 1339 591 1341
Route 10 : 40 488 378 1238 1128 790 302 1052 726 1476 675 186 161 487 416 1425 1237 911 299 660 288 936 150 1038 1166 493 166 900 48 1410 212 1049 1243 916 609 962 798 211 700 1359 644 628 1450 961 14 1394 1378 764
Route 11 : 342 1092 191 941 140 408 1158 890 246 494 81 251 996 1244 1001 285 831 271 722 1035 384 1472 673 1021 1134 611 176 1423 98 479 324 1229 848 926 358 1074 1361 226 690 1108 174 707 1440 359 298 1457 20 976 924 627 1109 1048 770 604 1377 74 824 1354
Route 12 : 218 376 432 538 410 968 101 1182 1126 1160 1288 576 851 43 154 1326 904 750 793 569 422 1319 413 1500 1172 133 1163 459 883 94 272 844 590 1209 711 122 872 1022 1461 545 645 1340 1295 427 1177 1395
Route 13 : 107 256 340 386 857 257 258 1090 1006 1136 78 1008 1007 481 1231 828 57 807 262 34 22 335 784 1012 1085 772 277 364 623 1027 552 563 1302 1373 71 307 1114 1057 1313 821 691 669 1441 88 510 141 1419 838 112 1260 586 1336 862 473 521 710 891 1460 1271 1223
Route 14 : 435 637 1185 716 1466 1387 402 45 795 1152 607 1357 50 800 663 30 453 415 780 1165 1203 49 379 1413 1129 24 799 347 1097 774 339 550 672 485 1089 1422 1300 1235 396 705 188 1146 1455 531 391 938 463 1281 1141 1213
Route 15 : 492 745 501 1242 343 227 1093 259 1251 1495 1009 282 977 36 426 267 786 1032 547 1176 1017 557 1297 594 423 1307 242 1173 1344 619 97 735 92 992 319 1369 377 847 1485 458 842 1127 1069 348 1208 131 1098 182 881 605 932 712 1462 1355
Route 16 : 162 170 279 440 194 920 290 912 1029 944 1190 428 683 1178 1040 334 1433 571 1084 199 353 1321 949 1103 6 640 80 526 465 1215 830 756 135 1390 1276 570 1320 885 46 470 431 796 704 1220 582 1181 742 304 1332 1492 169 1454 265 919 1015 1054 718 137 322 654 887 1072 1404 1468
Route 17 : 13 763 268 1018 121 871 128 70 405 820 1155 878 565 601 1315 203 491 953 1241 466 1351 1216 580 104 429 1330 18 854 164 914 608 768 1179 338 525 1275 1358 562 1088 1312
Route 18 : 671 744 327 659 156 1421 1494 906 1409 1077 685 537 1287 1435 238 25 484 988 498 1248 1234 775 635 539 296 1385 1289 642 1046 1392 103 383 430 729 462 529 1133 1212 1180 54 1279 69 853 274 1479 225 804 819 544 975 670 1024 325 1294 1420 1075
Route 19 : 650 111 168 392 106 918 861 53 856 1142 1400 363 803 1113 720 349 693 200 86 1470 1443 950 61 1099 811 149 836 171 126 899 398 921 876 728 1148 59 809 1478 361 738 647 1111 116 1488 674 1397 866 1424 55 180 805 206 261 216 692 1442 1011 966 930 956
Route 20 : 23 329 445 626 773 588 96 1376 1338 1079 341 846 1195 449 387 497 475 1091 1137 1199 1247 686 477 1225 1436 1227 224 568 181 974 622 1318 680 1372 632 931 1382 196 1430 946 740 639 85 411 297 175 925 835 1490 1161 1047 147 1389 457 694 382 897 1132 1207 1444
Route 21 : 725 500 407 524 1475 1274 1250 1157 418 1168 113 436 863 512 706 661 1411 249 1456 1186 294 236 1262 999 598 91 1044 64 986 1348 841 263 469 814 399 1219 352 1013 1149 668 1418 443 305 1102 425 1175 658 1193 542 1055 1292 1408
Route 22 : 616 721 733 26 741 1366 1471 420 776 1491 1483 311 155 146 253 896 47 905 1170 1003 1061 281 797 1031 549 610 21 1360 1299 771 31 747 781 527 266 1497 344 1277 1016 32 365 370 782 1094 1115 1120 303 7 312 1053 757 561 1062 375 1311 1125
Route 23 : 684 110 860 337 37 232 548 1434 787 982 1087 1298 452 441 234 1191 1202 664 984 667 205 1414 1417 955 533 310 1283 173 1060 923 450 551 697 1200 1301 320 90 1447 17 44 767 1070 840 794
Route 24 : 123 713 873 1463 390 58 336 1140 708 228 1458 808 1086 978 395 595 163 1145 511 1261 1345 403 476 913 1153 702 614 730 1226 374 1364 1452 5 308 1480 755 695 1058 1124 198 578 1445 1328 948 385 546 483 316 1135 577 1233 1296 185 79 1066 935 734 829 1327 633 1383 1484 731 1481
Route 25 : 139 482 472 125 1232 1222 9 889 875 748 460 1210 1498 759 292 222 600 1042 1350 972 192 737 1487 942
Route 26 : 662 52 278 1412 143 99 849 802 1028 893 2 612 66 1362 816 442 752 1192 516 412 1266 132 555 1162 520 1305 882 1270 27 579 677 1329 275 777 496 15 1427 765 1025 1246
Route 27 : 574 11 306 373 1324 761 629 522 1123 724 1056 749 1379 1272 682 1474 602 1352 201 1499 1432 486 951 678 495 1236 1245 625 1428 291 1375 543 1041 317 380 451 1293 1067 1130 39 254 1201 1004 315 446 789 388 82 1196 1138 183 115 832 1065 490 1240 599 736 933 865 1349 95 719 102 845 1469 1486 852
