Instance name : nyc-n2000-2
Authors       : Isaiah Reimer (isaiah.reimer@rideco.com). RideCo (rideco.com)
Date          : 2023-03-21
Reference     : Rideco PDPTW Solver
Solution
Route 1 : 195 504 899 53 919 1195 424 1053 298 1504 221 533 1298 1424 1899 1533 1221 1919 648 371 141 373 90 1371 1141 1090 1373 834 282 310 1648 744 1310 586 1282 1744 980 1586 809 1834 1809 1980
Route 2 : 887 884 113 1884 1113 125 13 1125 1013 715 137 1887 547 1715 1137 1547 843 493 610 1843 1610 942 64 138 1942 1138 1064 757 1493 291 1757 1291
Route 3 : 655 766 853 531 82 1853 1766 4 1531 1082 24 774 1655 1004 775 602 401 1401 408 1602 1774 173 1775 402 1024 1173 1408 945 824 1402 727 833 1824 205 1945 810 1727 1833 963 1810 1205 1963 259 1259
Route 4 : 28 9 861 1028 184 1009 1861 1184 721 1721 699 52 1699 651 351 1351 1052 1651 8 657 276 1008 67 1276 1067 1657
Route 5 : 607 885 753 532 1753 1607 1885 1532 769 435 29 1435 1029 658 667 180 1769 486 702 1180 1658 188 1486 1702 1188 596 106 43 961 1043 144 1144 1106 1667 1961 1596
Route 6 : 59 20 425 854 1020 1059 555 1425 913 1555 204 1854 1913 1204 122 370 1370 666 60 88 1122 708 1060 293 1708 104 1666 1088 1293 1104
Route 7 : 771 72 219 881 1219 1881 348 192 79 1079 1072 1771 207 571 513 1348 1207 112 1513 1571 11 1112 1192 1011 45 729 382 1729 30 1045 1382 1030 255 1255
Route 8 : 477 664 438 372 997 1664 1372 1438 1477 460 921 1997 304 1921 1304 1460 217 569 497 1569 1217 93 1497 950 375 42 864 1864 1042 1093 1375 1950 25 1025
Route 9 : 807 948 986 979 691 1986 159 1807 1979 316 1948 879 1159 168 954 1316 1691 852 1954 1879 1168 1852 120 284 528 55 1120 1284 116 1528 171 391 461 1171 1391 1461 506 1116 1055 1506
Route 10 : 419 482 995 755 1419 716 785 1755 1785 812 1716 1000 1482 576 818 776 1995 494 2000 1776 1576 1494 1812 1818 434 685 238 257 1434 553 1238 1685 906 665 1906 32 1665 613 1257 1032 1553 844 1844 1613
Route 11 : 525 536 320 346 1320 1536 270 1346 780 878 926 1525 1780 686 1878 1926 1270 927 1686 519 1927 432 650 535 1519 956 440 1956 1535 1650 415 1440 1432 1415 925 1925
Route 12 : 268 781 121 1268 10 1121 554 684 294 232 1684 672 1294 1554 1781 1010 14 1672 133 1014 1232 230 937 1133 1937 1230 275 1275
Route 13 : 455 387 855 988 1455 782 1782 1855 526 1387 564 462 1526 1462 1564 1988 762 131 642 510 1642 423 1762 1510 244 1244 1131 1423
Route 14 : 444 971 700 31 1971 1700 1444 1 619 1031 976 1001 777 1619 229 296 1976 627 1229 1777 520 1296 209 1209 1520 837 1627 1837 396 808 1396 1808 611 185 756 1611 1185 1756
Route 15 : 734 405 1734 260 38 224 160 1160 449 1038 1224 1449 379 1260 400 1379 376 345 1405 644 1376 568 1644 1345 1400 876 693 167 1568 1693 1876 529 1167 598 1598 1529
Route 16 : 941 838 19 1941 297 140 1297 457 49 924 1140 1457 1924 1838 1049 793 508 262 1019 306 581 334 1262 48 1581 1793 1508 1306 831 623 1048 922 246 1831 1334 1922 813 914 1246 1813 967 1623 1914 1967
Route 17 : 190 639 378 985 1639 1190 1378 761 1761 822 308 1985 1308 763 1822 778 1778 1763 540 46 123 817 1540 911 1817 398 1046 286 1911 1398 1286 1123
Route 18 : 183 454 670 697 559 628 1183 1697 512 1628 1559 625 361 1512 86 1454 1361 1670 1625 1086 218 840 258 368 626 1258 1368 897 1626 1840 1218 695 582 6 115 1897 1006 1695 406 737 1115 1737 1406 1582
Route 19 : 915 966 1915 337 1337 1966 347 1347 891 741 341 442 1891 1741 1341 573 944 1442 427 845 1845 1427 746 1944 1746 225 1573 608 805 1608 369 821 1225 1805 1821 905 1369 1905
Route 20 : 736 352 546 108 1546 1352 1736 629 75 1108 155 1155 592 1075 1592 1629 23 41 860 1860 585 1023 829 972 1585 283 1041 1829 1283 1972 350 895 600 733 1350 1895 563 1733 1600 1563
Route 21 : 759 760 447 923 1447 1759 1760 849 847 317 1923 247 1317 1247 1849 1847 957 903 98 135 1098 1957 1135 249 637 451 1903 1451 1637 538 561 572 1249 338 1538 1572 1561 1338
Route 22 : 616 724 40 565 1616 1724 1040 1565 588 1588 76 652 689 1076 534 65 1652 1689 828 154 514 1065 1514 1154 1534 385 787 1385 929 1828 1787 1929
Route 23 : 791 343 920 713 1343 1920 1713 1791 830 726 331 1830 717 1726 1331 323 273 1323 1717 814 517 1273 328 1517 327 309 902 1328 1814 958 417 1902 973 1327 1417 1309 1973 1958
Route 24 : 182 198 654 1654 1198 326 1326 964 420 692 1182 68 176 1964 802 1068 1176 593 252 1802 450 1420 1692 1252 1450 933 1593 621 1621 1933 12 1012
Route 25 : 709 788 335 243 601 1243 1601 1709 1335 189 1788 485 1189 928 436 162 174 882 1928 1436 1882 1485 1174 1162 796 1796 263 583 126 74 1583 1263 1126 1074
Route 26 : 703 562 91 158 987 1091 1703 1987 392 319 1562 418 873 1158 1418 1873 1392 1319 981 978 1981 156 595 1978 94 1595 870 312 1156 1312 1094 1870
Route 27 : 288 1288 866 869 44 422 164 1164 804 1044 413 1804 89 1869 1866 1422 300 1413 1089 416 1300 754 1416 157 85 1085 1754 1157 77 57 539 1539 989 1989 1077 1057
Route 28 : 363 698 1363 603 696 811 1603 1811 1698 421 136 1696 1136 290 269 1421 1290 139 117 110 1269 206 676 1139 339 1110 1676 215 1206 1339 1215 1117 127 1127 254 1254
Route 29 : 58 918 152 384 1918 1058 26 1026 1152 1384 295 633 711 1295 1633 480 1711 558 1480 662 63 362 470 1063 1362 1662 1470 303 673 1558 1673 1303
Route 30 : 912 410 266 515 66 1066 1410 1912 1515 322 377 1266 1322 1377 605 39 453 584 952 857 1952 1039 1584 1453 1857 1605 815 752 1815 476 1752 1476
Route 31 : 47 374 191 574 1047 677 719 935 1935 22 1191 1574 1677 883 1374 1719 764 880 674 1764 1022 1674 1883 483 1880 145 196 803 1803 1196 932 908 1483 1932 118 1145 1908 858 747 1118 1858 1747
Route 32 : 960 851 907 148 321 998 1851 550 1907 1960 193 1148 1998 381 1321 735 1550 1735 1381 1193 231 107 3 474 1231 537 671 1474 1671 1003 1107 1537 83 1083
Route 33 : 389 848 773 660 201 846 1773 1201 1389 227 1848 938 1846 80 1080 850 1938 1227 132 543 1660 222 315 1132 16 579 1850 1222 819 718 1016 1315 1543 749 208 1579 1819 1718 1749 1208 211 487 767 1487 768 1767 1211 1768
Route 34 : 84 728 1728 1084 17 1017 2 1002 491 1491 437 1437 630 272 606 459 1606 1630 792 1459 725 1272 305 386 1725 1792 917 1305 1386 636 129 165 1636 1129 1165 1917
Route 35 : 871 194 527 170 280 1527 1194 465 212 1170 1280 548 1212 1871 955 740 1465 1548 1955 549 253 128 1740 146 1128 1253 1549 614 353 179 1146 1614 669 1353 27 332 1669 1332 1179 631 1027 1631
Route 36 : 597 620 1597 511 1620 1511 832 706 710 333 1706 1710 1832 161 580 1333 210 1580 1161 518 186 1518 1210 481 560 1186 542 901 1542 1481 1901 1560
Route 37 : 142 395 149 578 105 556 1556 1149 18 641 1018 33 1578 1395 816 1033 1641 1142 1816 1105 223 237 1223 552 355 618 1552 87 1618 279 1087 1355 1237 1279
Route 38 : 745 100 226 748 896 1100 403 1748 1745 277 1226 1896 1277 472 287 1472 1287 916 707 1403 523 1707 1916 360 1523 1360 488 429 806 1488 1806 1429
Route 39 : 953 500 468 867 1468 1953 1867 99 443 825 1099 994 1443 649 1825 1500 1649 153 177 678 1994 1153 271 1271 645 863 624 1678 1645 1863 1177 445 1624 1445 731 197 1197 1731
Route 40 : 214 274 507 134 1274 575 1507 1134 1214 325 344 464 114 1114 456 1575 1464 1325 679 909 78 1344 1456 1078 1909 524 1679 318 1524 187 893 5 1318 388 1893 1187 1005 1388
Route 41 : 983 705 69 842 1983 856 1705 1842 1856 1069 970 570 245 97 992 1245 1097 1970 1570 1992 92 448 357 675 951 1448 71 1092 1675 1951 235 1357 51 1235 1051 1071
Route 42 : 742 234 875 1234 501 723 567 1742 681 1501 1875 1567 949 503 1723 1949 199 1681 1503 1199 484 910 278 1910 1484 1278
Route 43 : 841 839 228 407 330 1841 1407 990 1839 940 441 1330 1990 1228 489 730 765 1489 1940 1441 267 1730 36 1267 1036 1765 393 900 264 1393 604 431 1900 969 1604 1264 640 365 656 1640 1431 1969 1365 1656
Route 44 : 502 242 414 1414 1242 800 1502 1800 799 801 251 975 1799 1801 1975 1251 877 622 1622 632 446 1877 1446 1632 772 340 663 463 1663 1772 898 1340 1463 1898
Route 45 : 688 261 181 720 738 1261 795 1720 947 1738 1688 1795 1947 1181 248 475 694 364 1694 1475 615 1615 862 1248 54 1364 1054 509 1862 1509
Route 46 : 794 256 687 668 1794 1256 545 103 1668 1687 939 426 166 1103 1545 1426 1939 638 62 1638 239 1062 1166 758 313 751 169 1239 1169 1751 285 589 1758 336 1313 1285 722 1589 889 991 1336 1991 1889 1722
Route 47 : 712 521 458 530 646 1712 701 216 1701 551 1216 962 1551 124 1458 1521 1530 1646 868 1124 1962 342 203 505 1868 643 1505 1203 1342 1643 394 314 367 466 1394 1367 1314 1466
Route 48 : 7 783 968 1007 1968 1783 690 496 397 1496 495 659 1690 1397 175 1495 1659 499 977 1977 743 1499 934 1934 1175 1743 770 1770 943 1943
Route 49 : 241 56 213 101 1241 1213 37 1101 683 904 383 1056 1037 1904 1383 522 1683 1522 682 750 143 404 993 1750 1993 1143 202 1682 50 784 890 1202 1404 1050 1784 1890
Route 50 : 661 827 102 356 147 1827 130 119 1130 1119 1102 452 865 73 1865 1452 1073 1661 1147 1356 647 411 1411 324 888 1647 61 1324 541 1061 704 1888 311 1541 1704 178 984 1311 1984 1178
Route 51 : 151 874 301 109 1301 1874 1151 996 1996 439 1109 587 1439 479 1587 428 490 577 566 1490 1479 1566 1577 1428 859 936 430 220 354 612 1859 1354 1220 1430 1612 1936
Route 52 : 886 281 111 739 823 779 1823 1281 299 1111 1779 1739 409 835 1886 1299 233 81 1409 150 1835 292 732 1233 1732 557 1081 200 1150 1292 1200 1557 931 797 96 1797 1931 1096
Route 53 : 599 467 965 399 302 1599 1965 1399 591 1467 1302 1591 974 635 1635 1974 789 653 492 1653 617 1492 609 1789 1609 498 1617 359 172 1359 1172 1498 946 714 21 1714 1946 1021
Route 54 : 289 826 680 390 35 473 1826 1680 1035 1390 1473 1289 594 1594 307 380 469 163 1307 1469 1380 1163 250 471 15 349 1250 1349 999 1471 1015 236 836 959 1959 1999 1836 240 433 1240 1433 1236
Route 55 : 894 34 930 820 1820 1930 1034 1894 95 265 982 478 366 1982 544 1265 358 1544 1366 790 1095 329 872 1790 1478 516 1516 1872 892 590 634 1590 1329 798 1892 1358 1798 412 786 1634 70 1412 1070 1786
