Instance name : nyc-n3000-2
Authors       : Isaiah Reimer (isaiah.reimer@rideco.com). RideCo (rideco.com)
Date          : 2023-06-13
Reference     : Rideco PDPTW Solver
Solution
Route 1 : 649 197 635 1203 1224 2149 265 1697 2135 743 842 1337 2342 2243 2837 2703 2724 486 1168 141 1765 2668 1986 1641 1257 1293 298 191 1798 1436 2793 1461 2757 604 1691 2961 338 2936 1377 1838 2104 2877
Route 2 : 1019 1445 1201 460 477 2519 1278 2945 1960 1407 103 2701 1380 1977 2880 2778 811 2907 648 1603 729 2229 1208 2148 745 703 2311 2203 435 2245 505 2005 1935 939 2708 2439
Route 3 : 431 575 956 1931 1434 752 2075 832 2456 2934 2332 2252 134 297 545 128 70 1634 2045 1797 1628 1249 1139 1570 768 2749 2268 2639
Route 4 : 949 597 2449 2097 1429 2929 615 385 654 337 736 2115 2154 1885 2236 723 1837 2223 353 185 1107 542 54 1853 932 2042 1003 2607 1554 472 2432 9 1972 1685 1509 2503
Route 5 : 1204 795 998 1495 877 156 1656 2295 1280 2704 749 260 2377 2780 2995 2498 1760 2249 863 41 632 763 781 2132 158 2363 540 1658 458 1541 2263 2281 1449 798 1051 2949 2040 1958 2551 2298
Route 6 : 1265 698 570 287 91 2070 1787 114 2765 1591 212 1441 1614 2941 203 1712 1213 229 2198 1729 2713 323 30 1703 741 2241 373 50 1823 1530 1309 996 994 2809 2496 1873 820 776 1343 2320 2494 1550 1062 2276 2562 2843
Route 7 : 1322 313 1813 930 2822 1478 726 2430 356 2978 2226 1856 514 2014 617 309 838 537 2338 2117 864 518 1809 764 2364 2018 2037 2264 952 933 626 660 2452 2160 2126 2433
Route 8 : 155 1386 291 1655 2886 1791 1216 890 561 886 38 181 2386 1538 2390 243 2716 355 2061 1681 1743 1855 1302 508 468 2008 562 48 1548 1968 2062 1092 2802 402 436 62 2592 1936 860 1902 1562 2360
Route 9 : 610 1269 332 2769 1832 1444 701 2201 2944 1087 978 2110 341 375 2587 677 1841 1875 1206 1120 13 72 2706 2177 2620 2478 1572 1513 1020 718 131 2218 1631 2520
Route 10 : 462 771 1468 52 471 1962 2968 1408 501 2271 1971 1552 2908 964 577 921 1027 1052 2077 2464 2421 46 226 2527 2001 493 872 1546 1726 1993 583 2372 2552 1294 335 165 1835 2083 253 1665 1753 2794
Route 11 : 448 737 71 807 1044 1948 1571 2237 2307 2544 766 387 314 2266 147 1887 788 1647 1814 2288 343 565 859 2065 625 2125 1843 2359 1110 1029 2610 2529
Route 12 : 714 880 1129 715 655 394 2629 2214 2380 612 204 1894 770 220 2155 1704 2112 2215 1172 1357 1720 833 2270 1155 2672 2857 2655 2333 564 2064 1348 1182 1261 2761 581 2682 2081 2848 782 2282
Route 13 : 1080 182 1013 1125 1226 1682 2513 924 2726 754 2580 483 2625 1433 497 2933 1997 1983 1264 2424 636 2254 954 151 2454 1651 2764 446 907 2136 1008 370 2508 657 2407 2157 1870 1946 235 1735
Route 14 : 957 93 1411 794 379 1477 2911 1593 1879 638 2294 2977 2457 2138 1175 1455 1430 256 2675 700 2955 767 1756 2200 218 1260 2930 267 2760 1718 2267 293 78 1767 1578 295 1793 1282 2782 1795
Route 15 : 684 173 670 1279 733 2779 593 2170 1673 607 2093 115 2233 2184 1615 2107 1021 307 29 1807 200 2521 76 1529 1700 1576
Route 16 : 388 1241 1009 2741 2509 1165 557 273 1773 364 1888 2057 214 2665 1864 1714 913 1244 290 1790 2744 2413
Route 17 : 485 523 840 874 967 1192 2692 2023 2340 2374 760 1072 2260 259 2467 889 2572 2389 1985 1759 731 602 311 1163 2102 2231 1267 244 2663 1811 1135 1744 2767 747 474 1326 2247 2635 2826 1974
Route 18 : 194 1694 135 368 75 1575 1635 1868 1393 997 466 572 813 2072 1966 748 2313 1367 696 2893 2497 2196 2867 389 955 2248 242 2455 284 1889 467 1742 1784 1967
Route 19 : 1259 227 591 1104 941 2759 2604 1727 2091 1339 2839 2441 595 1354 428 2854 1040 2095 706 1928 2540 405 1345 190 1905 423 2206 350 888 1923 2845 1690 2388 1243 1850 1049 2549 2743 1083 2583
Route 20 : 844 120 1620 2344 1451 1352 876 1342 1364 750 2376 2842 2852 951 826 2951 216 2864 2250 2451 1716 2326 1184 40 891 1540 2684 603 1394 2391 1128 2103 878 2894 1218 2378 543 2718 2628 2043
Route 21 : 186 162 121 1621 33 15 1662 1515 1533 1181 621 704 1256 1686 2121 2204 802 2681 1214 2756 549 2302 1362 2862 68 2049 1318 2714 1388 927 1336 2818 2427 1568 530 2888 193 1028 2836 513 461 2528 2013 1961 1693 2030
Route 22 : 1113 378 1117 494 2613 2617 1034 1878 80 264 1994 1112 848 2534 1183 2612 1764 130 213 2348 1713 1630 1580 1341 1437 2683 2937 2841 988 84 1303 1584 2488 1328 397 1094 2594 1897 2828 94 2803 862 1594 690 2362 2190
Route 23 : 1174 990 113 971 2490 2674 1475 2471 2975 719 282 641 1782 1613 1325 1093 176 2141 1263 2825 2593 2219 479 432 2763 1066 1676 1173 1932 1979 2673 1054 2566 965 953 1141 2554 2641 2465 2453
Route 24 : 1024 1321 1037 2821 1017 1238 1167 2517 2524 2667 1323 853 751 2537 2823 2738 2353 667 519 2251 2167 579 1038 995 2019 903 2538 1123 2079 1361 1311 2495 905 2623 2811 2861 2403 2405
Route 25 : 1358 2858 1344 544 2844 1301 1076 2 900 2400 1349 1426 2044 1502 2801 34 2576 829 834 2926 340 2334 2329 2849 361 1084 1534 1861 2584 1840
Route 26 : 895 187 1443 852 659 1274 2159 2395 1476 2774 2976 198 2943 2352 1687 1698 1401 744 819 1228 2901 18 2319 812 2244 753 1464 1064 2312 2964 1518 571 2253 433 2564 2728 585 2071 1933 2085
Route 27 : 815 199 1699 2315 1162 2662 1082 712 516 2212 2582 102 664 117 1602 999 1617 2016 2164 174 2499 490 289 1990 1674 1296 1458 974 1789 2958 2474 2796 1486 1465 32 1532 2986 2965
Route 28 : 420 653 665 2165 1920 1298 2153 3 522 1292 249 2792 1365 1749 272 2798 2022 1199 2865 279 1772 209 1503 1079 1779 2699 854 1709 2579 1424 2354 623 774 2924 2123 2274
Route 29 : 894 106 691 261 372 1872 328 221 1828 2191 319 1130 1606 1819 2630 1721 2394 1761 673 538 426 371 2173 2038 1219 168 2719 410 1487 1910 1926 1421 192 1871 608 2921 1692 2987 1668 728 2108 453 1953 2228
Route 30 : 149 63 1014 1186 1563 1649 2514 966 1391 1422 1324 2686 2466 1058 150 2922 1317 2824 922 2891 1103 2817 2558 2422 2603 1650 480 1146 83 1006 1166 1980 2646 1583 2666 520 1121 2506 616 1457 2621 2116 2020 2957
Route 31 : 205 711 1306 1705 123 944 841 2806 2211 1156 1623 1355 2341 2444 972 2855 837 391 2337 2656 555 2472 22 984 1153 2055 308 1147 1891 1522 2484 2647 1808 2653
Route 32 : 897 559 1333 910 500 1381 2410 2833 2059 828 2881 1188 454 2688 322 2000 2397 1954 2328 1822 1403 404 911 824 1053 2324 576 2903 1000 367 1904 2411 2076 1867 252 349 444 2553 1752 1944 2500 1849
Route 33 : 656 401 1447 333 1351 1901 184 1295 2156 2947 912 437 2851 1684 1359 1833 2795 746 2412 1937 230 759 2859 2246 2259 407 1730 344 1907 303 784 1844 1456 195 762 2284 1695 2956 1803 2262 1442 82 1582 2942
Route 34 : 682 669 899 296 109 2182 118 2169 1796 1609 1618 2399 125 936 1625 1159 2436 1046 892 2659 2546 1498 678 2998 1423 1221 2923 2721 2392 2178 1071 1089 315 2571 351 274 1815 2589 1774 1851
Route 35 : 1253 1312 1252 2752 2753 443 694 427 2812 153 916 1943 2194 2416 705 1653 1927 881 2381 1291 45 2205 624 380 1016 473 2124 1545 1069 2791 835 347 1847 2516 1973 2335 2569 1880
Route 36 : 1427 1043 1497 2927 2543 2997 1151 504 836 2651 2336 74 1574 778 499 469 2004 2278 1999 1969 392 662 937 1892 1195 976 2695 2437 1300 796 2162 1194 2800 801 2476 2296 316 2301 2694 1816
Route 37 : 822 960 870 879 1115 360 2460 2379 993 2370 2493 2322 2615 1242 1860 2742 1124 339 1026 1460 2526 159 1839 693 2193 2624 2960 1659 237 980 1489 2480 1737 88 1346 2989 1588 2846 1307 177 255 850 2807 1677 1755 2350 416 1916
Route 38 : 28 580 823 465 1030 331 1528 1965 2080 1831 2530 1462 2962 757 112 2257 393 2323 1893 1612 95 628 592 1595 1105 127 2128 234 21 2092 92 2605 1627 148 1281 1521 1090 1734 1648 2781 2590 1592
Route 39 : 463 1193 266 2693 1963 1133 898 1389 2889 2633 2398 1766 240 1740 1410 412 630 2910 2130 985 110 1912 1070 963 2463 2570 1610 188 217 2485 1688 1717
Route 40 : 865 97 137 247 1319 2819 1637 1597 1230 1747 2365 816 906 1416 2316 2730 1180 2406 1400 99 2900 1599 2680 2916 324 1059 1118 2559 1824 506 1223 818 167 2618 934 2723 1198 1667 2698 2434 2006 1055 2318 2555
Route 41 : 1132 923 710 2632 1383 532 739 2210 668 672 2168 2032 2883 2423 627 2239 790 2172 2290 843 2127 735 422 1448 975 1922 942 2343 2475 271 2442 1385 2948 1771 606 2885 2106 2235
Route 42 : 1363 1446 1234 438 590 330 1938 2946 1232 2863 849 2734 982 2732 2482 2090 1830 171 447 2349 1671 1947 640 327 283 1200 1035 1315 2140 1783 2815 2700 685 1827 1060 882 2535 2560 2382 2185 334 925 2425 1834
Route 43 : 365 1480 1382 1262 2762 1440 2882 1148 2940 1164 2980 1368 1865 646 2648 310 510 2146 1111 2868 2664 1392 2611 2010 1810 2892 851 717 299 320 989 2217 1799 2351 1820 2489 1276 1086 869 2586 2776 2369
Route 44 : 396 1268 2768 1435 14 1048 1896 959 278 527 2548 1778 269 2935 600 2027 1514 740 294 2459 1794 2100 725 1769 792 962 5 2240 1371 2225 2292 2462 773 2871 1505 1439 2939 2273
Route 45 : 1245 605 1177 105 2677 2745 680 1605 809 1496 2180 2996 1007 1287 2105 647 2787 2309 1406 2507 280 1780 498 2147 2906 1998 643 1452 143 39 1405 104 2952 1643 2905 2143 1539 1604
Route 46 : 1134 1207 992 58 1169 1415 2634 1196 2707 2669 31 2696 2492 1531 2915 1558 689 403 799 2189 122 179 1903 1122 2299 1679 2622 1622 772 582 1246 81 512 2272 1581 2746 867 2082 2012 2367
Route 47 : 787 884 1482 377 1431 1473 2973 2931 2384 2982 1877 1127 254 37 2287 1754 263 2627 64 202 1537 36 1763 1240 1702 563 1564 383 983 1536 1254 2740 908 1883 210 2408 2483 2754 808 1710 2063 2308
Route 48 : 406 413 1474 206 1913 2974 1906 275 709 1706 1239 2739 1413 1376 1305 1775 2805 2209 2913 896 857 2876 488 2396 25 2357 629 713 1525 958 1378 1988 601 2129 2213 2878 2101 2458
Route 49 : 548 1425 1494 481 554 2925 2048 1981 1397 2994 503 1022 2522 419 2897 2003 1158 2054 69 652 1569 547 1919 1005 2152 2047 2658 430 1334 856 893 1930 2393 2834 2356 2505 1032 1272 292 409 1792 2772 2532 1909
Route 50 : 478 1366 688 169 2866 1978 421 219 495 1921 1669 1719 2188 1255 1995 2755 352 1140 598 456 251 140 1751 1956 1852 2640 935 2098 915 1320 793 1640 2820 2435 369 1289 2415 2293 119 1869 861 2361 1619 2789
Route 51 : 1116 489 1470 1251 1100 2751 1989 1157 2616 215 161 2600 2970 2657 1715 644 2144 609 1450 517 2950 742 2109 1661 1356 797 2017 258 2242 2297 2856 306 650 1758 23 445 1523 1001 1806 1077 2501 2577 1945 2150
Route 52 : 189 1119 358 1689 329 1149 634 276 2619 424 2134 1924 2649 222 1776 1829 943 1858 16 1332 2443 1516 2832 979 1722 196 827 1696 1479 620 2479 2327 1211 871 2120 2979 2371 2711
Route 53 : 170 4 1229 875 1670 270 1770 2375 2729 1504 855 1374 786 536 491 2355 2286 1991 1047 429 363 2036 2874 304 948 2547 1500 1929 1804 2448 1863 1220 785 53 3000 475 2285 133 1418 1633 2918 1023 1553 2720 2523 1975
Route 54 : 531 381 152 1331 2031 2831 1085 7 1652 546 566 101 1601 1881 1507 2585 502 2002 2046 2066 1360 129 1330 232 1629 1409 1732 2909 2830 2860
Route 55 : 1227 288 1467 556 2727 2967 116 1616 1788 1329 2056 1387 2829 2887 1404 991 1459 550 2959 1215 2904 90 1313 1068 2050 1590 399 2715 803 2491 1899 2303 2813 2568 1288 305 1210 2788 2710 1805
Route 56 : 968 1081 1373 586 1137 2468 1304 108 2086 2637 1286 2873 2581 679 986 1608 2804 464 2786 2179 1964 775 2486 938 1485 734 201 245 2234 1745 2985 2438 1471 2275 236 845 2971 476 1736 675 613 2345 1701 2113 2175 1976
Route 57 : 321 1353 262 1205 1821 2853 49 2705 914 1266 1399 2414 1396 1762 2766 2896 987 366 1161 1549 138 1866 2487 2899 2661 1390 789 439 821 1939 452 1638 2289 132 2321 2890 302 1632 1952 1041 208 1802 1708 2541
Route 58 : 1250 19 1102 720 86 2220 2602 382 2750 1586 51 96 1882 1519 804 1033 695 1551 756 2533 1596 2304 2195 285 2256 515 277 2015 1299 1785 2799 1050 386 2550 1777 1886 312 920 248 1812 1748 2420
Route 59 : 904 1189 724 2404 2224 1142 2689 2642 552 981 2052 2481 57 1417 362 1862 1557 1297 482 1078 2797 2578 2917 1982
Route 60 : 56 637 541 1126 2041 2626 622 2137 1002 1556 1091 2122 2591 2502 1217 651 2151 1231 708 144 1108 2731 1414 1644 2717 2608 2208 2914 539 2039 1098 1402 317 2902 1817 1185 2598 2685
Route 61 : 44 1275 154 1544 2775 1236 1654 2736 98 1598 342 357 1842 233 1857 395 511 2011 326 1733 1826 1895 683 47 1056 354 2183 645 2556 1547 85 528 1854 1585 2028 2145
Route 62 : 1088 1097 1384 35 1283 2588 1535 496 2884 2597 2783 1036 716 1996 1483 2536 1225 2983 2216 887 175 2725 738 1675 470 699 525 901 1970 2387 2025 2401 2238 1187 2199 67 2687 1567
Route 63 : 398 111 1898 1611 163 1663 858 225 1420 1284 1074 1191 2920 1725 2691 2574 43 2784 2358 166 639 1666 1543 866 1154 588 449 2139 1202 2654 2366 1222 919 2088 1432 1949 2722 2419 2932 977 2702 2477
Route 64 : 560 1073 791 589 2573 2089 2291 2060 780 2280 1285 1095 348 2785 931 2595 1848 1258 1063 2758 1190 2690 2431 2563 250 164 535 1750 2035 66 1067 806 1566 2567 1338 2838 1664 2306
Route 65 : 1179 674 631 1233 2174 2131 1469 2679 359 178 1859 2733 2969 142 1642 1678 1209 301 26 573 2709 769 1801 1526 1039 8 868 2073 2539 2269 1508 2368 765 2265
Route 66 : 926 126 1150 883 847 2650 2426 1626 2383 2347 970 2470 929 814 946 376 1876 2314 136 1636 2429 2446 722 2222 1375 207 1466 1171 2671 1491 2875 663 1707 2966 2991 2163
Route 67 : 1347 418 594 1484 2847 619 146 2984 2119 973 1918 551 2094 17 1025 2525 2473 100 1 1646 1517 2051 810 1600 568 661 692 2068 1018 2192 2518 2161 1501 2310
Route 68 : 27 873 1370 415 224 400 1900 2870 2373 1915 1143 1419 1724 145 2919 1527 1645 1327 2643 1176 1138 2827 1290 666 2676 2638 2166 12 524 2024 2790 1512 702 1273 336 2773 2202 1836
Route 69 : 945 2445 1160 2660 526 947 73 1011 1573 492 2026 2447 727 2511 1992 509 2227 831 241 2331 2009 1741
Route 70 : 567 2067 89 1589 160 1660 1372 11 2872 1314 79 2814 1438 238 1579 2938 1197 533 1738 2033 1511 2697 1131 1277 24 77 281 697 2197 2631 2777 1577 65 257 1524 1781 1757 1565
Route 71 : 918 124 87 686 1587 1624 2186 1099 107 2418 1607 417 574 805 1917 755 2305 779 1004 2074 2599 758 2279 2504 2255 2258 633 830 441 2133 1136 1941 2330 2636
Route 72 : 346 450 1463 1061 1010 1493 2561 642 2142 286 1950 1481 2981 569 2993 223 2963 1786 2510 1846 558 658 2069 2058 157 2158 1723 676 487 1472 1657 434 1987 2972 1934 2176 1271 909 2409 2771
Route 73 : 611 1492 2111 1490 411 2990 2992 1012 961 414 2512 1911 969 671 1235 2469 2735 1914 55 2461 2171 1555 721 940 1316 2816 2440 183 681 2221 2181 1683
Route 74 : 707 1340 1412 1015 425 1925 2840 2515 2912 2207 1379 1212 587 618 1247 172 1672 1045 2087 2712 2118 59 2879 817 2317 2545 1559 239 2747 1739 1065 455 687 2187 1955 2565
Route 75 : 950 231 1453 553 1145 1731 2953 211 2645 1270 2450 1178 2053 599 1308 2678 180 2808 1711 2099 928 2770 839 10 1510 2339 1680 2428 1428 228 442 2928 1075 730 2575 1042 1728 885 800 2230 2542 246 2385 2300 1942 1746
Route 76 : 1395 1398 1096 457 2895 2596 2898 1957 139 374 1152 484 1984 1874 1639 2652 732 1237 578 1101 2232 2737 2078 2601 1170 384 408 584 300 1106 2670 1884 1800 2606 1908 2084
Route 77 : 1248 1109 2748 6 2609 20 1506 1369 1520 761 507 777 2007 1499 2999 2277 2869 61 459 1561 318 2261 451 325 1959 1454 390 1818 2954 1951 1488 1825 440 1890 345 596 1845 1940 2096 2988
Route 78 : 1350 529 1114 268 783 2614 902 2850 917 2029 1768 521 2402 2283 2417 1031 2021 825 846 1310 2531 534 2810 42 2325 2034 1057 60 1542 1335 2346 2557 614 1144 2114 2835 1560 2644
