Instance name : nyc-n4000-3
Authors       : BIG3 - Dmitriy Yampolskiy, Egor Nikolaev and Daria Savina. Smart Logistics Point by the BigThree team (big3.ru).
Date          : 2025-04-23
Reference     : BigThree team (big3.ru)
Solution
Route 1 : 94 342 1067 1545 310 3545 3067 2342 2094 2310 886 1393 1069 1401 13 1762 2886 3401 2013 3393 790 1332 3069 232 3762 3332 2232 2790 1041 643 2643 1145 1773 3145 1152 3041 590 3773 2590 3152
Route 2 : 1994 1287 1960 3960 249 3994 868 1394 635 3287 2249 2868 2635 3394 680 1265 2680 346 3265 2346
Route 3 : 652 1754 1108 2652 456 3754 2456 3108 299 454 1191 2299 3191 796 1718 759 1585 1660 2454 1875 2759 3875 2796 3660 3585 3718 1983 3983 332 317 53 1029 2317 958 2332 3029 2053 74 1536 2958 2074 3536
Route 4 : 1597 1628 196 807 3597 3628 2196 1423 1521 1337 3423 2807 1656 213 3521 658 891 3337 1904 1484 2213 3656 580 2891 1850 2658 3904 2580 3484 1217 1743 815 1422 3743 3850 3217 191 2815 1871 3422 1189 2191 1257 3189 1897 3897 3257 3871
Route 5 : 766 1548 582 574 2766 2582 3548 2574 926 1738 1454 1351 3738 3454 2926 853 204 3351 710 637 2204 2637 2853 2710 583 1020 303 3020 476 2583 2476 2303
Route 6 : 945 953 193 529 2953 2529 1162 2193 552 2945 3162 2552 722 841 1356 467 1092 2722 3356 2841 3092 2467
Route 7 : 1817 1117 1788 988 1142 1443 3788 1006 3006 527 2988 3142 2527 3443 3817 3117 1931 846 359 994 1605 3605 1831 356 2359 2994 2846 1315 609 82 3831 2356 2609 2082 3315 227 126 1071 3931 2126 2227 3071
Route 8 : 513 1044 866 214 437 1183 2513 1224 3044 1663 3183 3224 1787 376 2376 3663 2866 1339 2437 3787 2214 673 1807 1450 3807 1804 703 3450 3339 2673 1151 2703 3804 301 3151 983 133 2301 2983 222 1658 3658 2222 2133
Route 9 : 246 875 1499 1373 118 1250 2118 1017 3373 904 3017 3250 2246 2875 3499 2904 1345 1260 1492 3260 1166 3345 1430 3430 1236 3492 3166 1916 3236 587 424 2424 2587 3916
Route 10 : 616 608 816 2616 2608 2816 369 2369 1027 3027 541 1399 906 261 835 2906 3399 2261 272 71 2541 2835 1409 1803 2272 3803 3409 818 1395 2071 2818 3395 1195 596 1792 2596 441 3792 267 3195 1083 2441 2267 3083
Route 11 : 1715 1358 105 1839 3358 340 3715 2105 1426 2340 1793 388 3839 830 2388 3426 3793 1378 1298 2830 295 870 2870 1140 65 2295 3140 3298 3378 2065
Route 12 : 1481 100 2100 3481 938 1317 27 2027 813 3317 2813 1379 2938 742 1034 2742 3379 1985 1891 993 3034 1001 2993 3001 3985 3891
Route 13 : 223 1947 1878 1797 1739 3797 31 3947 1990 2223 3878 688 1571 1859 2031 3990 3571 3739 3859 2688 751 1325 1461 687 1735 308 2751 3735 3325 800 3461 2687 26 2308 1938 2800 2026 3938 1541 1769 1269 3769 341 3541 2341 3269
Route 14 : 959 1451 101 429 2959 1523 3451 452 850 2452 3523 718 1381 2850 2718 2429 1452 2101 1567 935 1205 3452 3381 2935 502 1156 3205 1703 598 3156 259 2259 3567 2502 2598 3703
Route 15 : 250 1400 352 1674 1809 1814 3674 3400 1879 3814 3809 2250 736 73 300 2300 2736 2073 2352 3879 130 1503 1058 1573 3058 1296 3503 1249 323 1039 2130 1860 3296 3860 3573 525 2323 3249 3039 933 2525 2933
Route 16 : 1167 969 585 2969 192 1752 2192 3752 3167 2585 1496 3496 158 789 630 1493 1486 3486 2789 2158 3493 2630
Route 17 : 1730 1751 1912 1696 657 3730 3696 922 1359 3359 3912 309 1357 2657 1676 3751 2309 3357 2922 55 368 1465 2055 1286 3465 2368 756 1675 3676 839 3286 2756 3675 2839 1744 350 372 3744 1434 2350 2372 3434
Route 18 : 43 1182 679 1223 3182 1314 1466 3223 3466 3314 2043 2679 1727 148 256 2148 2256 655 1349 577 3727 1106 1690 2577 3349 2655 3690 3106 1075 1007 1073 1611 3075 443 3073 3007 2443 3611
Route 19 : 788 185 2185 140 2788 516 2140 1218 934 1560 1251 2516 2934 1645 1113 3560 3218 3251 3645 422 981 849 721 2849 2721 406 2422 3113 2981 793 1764 2793 3764 2406
Route 20 : 75 1374 1978 741 2075 1295 1149 1957 2741 3374 883 3957 3295 3149 1941 2883 3941 1719 3978 1642 1036 873 3719 498 1433 2873 3642 3036 1088 1507 3507 878 2498 3088 3433 144 1766 2878 2144 3766
Route 21 : 855 85 384 1640 1129 2384 2855 3129 1954 3640 434 2085 1683 3954 3683 2434 952 1694 1230 444 3230 2952 3694 2444 543 1101 1010 3101 840 828 3010 2840 2828 2543 1037 1052 3052 3037
Route 22 : 386 113 288 900 2386 2113 2900 2288 811 1946 1898 361 3946 3898 2811 737 2361 2737 86 390 705 1565 2390 634 729 794 2705 2634 3565 2794 1686 2086 1936 1731 2729 535 3936 3686 1408 147 3731 2535 3408 2147
Route 23 : 554 531 206 936 1530 1996 2531 2936 2554 3996 2206 3530 925 1175 1899 1924 1953 36 3175 518 3924 2036 3953 2925 2518 3899 941 151 603 919 1975 2151 2603 2919 538 1350 427 3975 2941 2538 2427 1888 1903 3350 3888 3903
Route 24 : 1750 379 745 211 375 3750 2745 2375 1081 1882 3081 242 1876 3876 921 2211 2379 3882 2921 335 2335 1089 979 2242 2979 3089 1012 471 1885 2471 714 1513 3885 10 2010 923 3513 3012 2714 2923
Route 25 : 1365 783 1144 814 1998 3144 405 611 2814 3365 3998 2783 2611 1913 3913 1705 3705 784 1834 243 3834 505 2243 2405 270 2505 1506 1774 3506 2784 236 1896 280 2270 3774 2236 940 2280 3896 709 1453 533 3453 2709 2940 2533
Route 26 : 769 1163 1094 1289 696 297 3094 2297 3163 2696 1252 1279 1396 2769 1368 3289 287 3252 3396 3279 1620 3368 2287 3620 573 734 35 753 1473 2035 743 2573 3473 2743 2734 2753 25 1348 1000 3348 2025 3000
Route 27 : 79 867 1188 2867 2079 3188 421 1843 194 932 449 1646 2421 2932 2194 2449 3843 3646 579 1070 999 1237 2579 313 1670 3070 1266 2313 3237 2999 3266 3670
Route 28 : 1821 1789 447 1128 3789 2447 3821 3128 1431 706 1441 530 508 3441 2508 3431 2706 1783 1429 2530 3783 1765 1264 3429 3264 3765 843 1150 534 2534 1578 2843 446 178 2178 2446 3578 1003 3003 3150
Route 29 : 1079 606 11 1208 1132 138 3132 3208 2606 1138 1666 3079 2011 1786 2138 3138 1131 514 3131 3786 3666 1319 812 1564 81 2514 3319 2812 3564 481 2081 1524 1197 651 2481 738 777 2738 3524 397 2651 119 1753 2777 3753 2119 3197 2397
Route 30 : 797 428 440 2440 2797 183 560 319 2319 2183 2428 2560 1460 1596 697 228 3460 888 2697 2228 1421 3596 2888 1693 3421 3693
Route 31 : 1526 1884 747 1634 3526 2747 3634 3884 1784 3784 1181 109 1982 1387 3181 2109 439 3982 3387 954 393 205 665 2393 2439 284 2954 2665 1812 2284 3812 2205
Route 32 : 1480 1190 468 677 1589 1654 2677 3654 3480 3589 448 1511 45 3190 2448 2468 3511 2045 83 212 484 1491 2212 1410 3491 833 2484 947 2083 3410 1934 2833 215 2947 3934 2215 1130 128 292 1477 2292 2128 3477 3130
Route 33 : 1791 3791 209 1086 2209 3086 385 681 2385 670 2681 2670 605 1125 2605 96 2096 1216 3125 3216 181 996 1768 2181 285 1737 2996 2285 3768 3737
Route 34 : 41 1736 302 939 2041 625 2302 1425 2939 3736 173 417 885 2885 2625 2173 2417 3425 632 827 1385 1570 2827 724 2632 3570 3385 740 2724 578 733 1141 2733 2578 2740 3141
Route 35 : 1551 1733 367 3551 2367 3733 1405 3405 1755 857 1109 219 902 2219 262 3755 3109 2262 2902 2857 775 1420 1847 1984 3420 1418 2775 613 1971 3984 3418 2613 3847 3971
Route 36 : 115 8 1416 1160 136 2136 298 2008 1011 2115 3160 2298 201 1989 3416 172 1721 3011 2201 2172 44 3989 989 1369 1777 3721 3777 1225 715 2989 197 3369 2715 2044 3225 1415 716 639 2197 3415 1290 373 3290 2373 1926 2639 2716 3926
Route 37 : 52 528 469 1268 760 980 2469 2052 63 2760 2980 277 820 884 3268 2528 1330 2820 2063 2884 3330 435 2277 163 1085 1476 2163 324 3085 2435 1169 1669 3476 1274 1323 3274 2324 3669 1432 3169 3432 3323
Route 38 : 1550 1 1049 3049 2001 3550 382 1706 1196 1841 1080 3706 3196 40 2382 1965 2040 1665 817 3965 3080 3841 460 1059 3665 2460 2817 3059
Route 39 : 1837 622 520 549 3837 2520 2622 1756 2549 3756 1334 3334 127 1820 275 970 3820 2127 2275 283 1801 3801 286 2970 202 2283 2286 2202
Route 40 : 1472 1600 3472 3600 20 2020 1559 576 3559 51 2576 615 1943 478 689 2478 976 2976 2051 2689 3943 2615 23 621 2023 39 1652 2621 3652 2039
Route 41 : 400 412 1872 2412 1717 3717 1184 3872 1608 1054 413 3184 3608 2413 2400 3054 1636 1427 823 532 2823 2532 1174 3636 1858 1234 244 3174 3234 3427 3858 2244 1326 1354 1987 3354 3326 3987
Route 42 : 1909 1874 599 290 3909 719 2290 1412 3874 1849 2719 1618 3412 2599 1382 3849 3618 190 1255 273 2190 3255 3382 2273 1137 445 1723 3137 2445 3723
Route 43 : 732 1528 432 1602 674 2674 3602 3528 2432 2732 1644 1813 3644 544 3813 1091 2544 380 1377 1448 2380 1923 1711 3377 3091 3923 3448 1093 3711 1435 1155 131 3093 1173 362 3435 3155 2131 2362 3173
Route 44 : 826 1061 225 461 60 1742 2060 1258 3742 617 2826 2225 3258 2617 99 355 198 739 2461 3061 203 1662 3662 975 2355 2099 2198 2739 707 1629 2203 1635 252 2707 146 2252 545 3635 2975 2146 2545 3629
Route 45 : 378 671 2378 752 2752 208 2208 2671 430 2430 91 343 170 2170 1614 1969 472 2091 345 3614 619 3969 450 2450 2619 2343 2472 2345 1958 1362 1509 1684 1398 3684 3362 3958 3398 3509
Route 46 : 555 1772 2555 466 2466 3772 1277 3277 1147 3147 704 389 470 2704 2389 1165 141 465 1463 3165 2470 331 2465 653 2141 1282 2331 3463 2653 3282
Route 47 : 238 1672 1557 802 2238 274 2274 834 2802 3557 1539 1043 64 1533 3533 1504 3043 2064 985 3672 3504 893 1776 3539 2834 1848 2985 2893 957 1505 3505 1280 2957 3776 1342 3848 1796 3280 3342 3796
Route 48 : 897 123 1471 2897 2123 3471 984 1790 3790 1632 2984 1161 1698 1104 3161 3632 1535 69 3104 3698 2069 3535 186 124 1045 2124 1414 3414 2186 3045
Route 49 : 860 967 474 464 1873 374 2967 2474 168 3873 2464 2860 2168 1200 2374 3200 836 251 1906 2251 3906 59 353 411 2836 2353 2411 2059
Route 50 : 1488 1760 1221 3488 805 3221 3760 1014 644 2805 903 2644 2903 1102 767 1901 3014 1478 3102 2767 3478 1063 1802 3901 24 845 3063 1805 3802 3805 880 2024 810 1525 2880 2845 1013 358 3525 184 2810 2358 2184 3013
Route 51 : 1537 1032 1679 1584 3537 3679 3032 3584 1637 3637 667 2667 991 265 1811 1993 3811 291 2265 1699 2991 3993 1900 1562 1240 3900 3699 2291 3240 1424 1555 1615 3424 3555 3615 3562
Route 52 : 1371 1035 165 1729 1438 1543 3371 1746 3729 2165 899 3438 3035 3746 3543 2899 929 1767 927 614 2929 322 2927 3767 2614 1832 2322 3832 1819 1708 1256 1992 1352 3992 3819 3352 3708 1963 3256 3963
Route 53 : 521 394 1475 692 1979 1572 2394 3475 2521 2692 3572 3979 700 2700 351 2351 1226 964 2964 420 1691 3226 3691 2420 1974 1021 1995 3021 801 1380 1241 3974 564 2801 3380 3995 3241 2564
Route 54 : 561 1852 664 1894 1757 2561 1907 150 3852 3757 749 339 2150 1921 2749 1498 3894 2339 2664 3907 3921 770 3498 2770 592 1246 217 2592 1360 773 1561 1828 3246 3828 3561 2217 3360 2773
Route 55 : 517 612 1671 1556 3556 3671 2517 2612 49 457 501 377 2501 2457 761 2049 2377 2761 914 1363 56 1294 1822 2914 3822 3294 2056 547 3363 2547
Route 56 : 526 1299 1310 2526 3310 3299 1935 3935 1527 54 1154 2054 3527 3154 972 1516 1276 3516 76 1962 3276 522 2076 2972 2522 1213 3962 3213
Route 57 : 38 254 702 2038 2254 1383 1444 2702 1403 425 3383 3403 1588 2425 1031 293 3588 3444 239 129 2293 61 2239 754 2129 3031 1437 1361 1100 3100 122 2754 3437 2061 1187 333 2122 320 1307 3187 1910 2333 3910 3361 3307 2320
Route 58 : 1590 237 1583 624 179 3583 1306 1372 3590 1033 3372 2237 1283 2179 2624 3306 3283 3033 1716 937 3716 990 1120 3120 2937 2990
Route 59 : 1025 106 392 16 3025 2392 2016 1552 1270 819 2106 825 791 2819 3552 296 3270 1842 2296 1123 772 2825 1338 2791 911 909 3842 1621 3123 2911 2772 2909 636 920 3338 2636 3621 2920
Route 60 : 944 620 1232 563 1024 803 2563 2620 3024 3232 663 2944 1002 2803 558 2663 3002 2558 1176 1576 3176 344 1271 2344 3271 3576 1397 3397
Route 61 : 1328 650 226 1136 1344 169 2226 907 3136 1490 2650 1558 2169 3344 338 3558 3490 2907 3328 951 1275 1999 2951 1844 3999 723 3275 2338 93 95 779 3844 2093 2723 2779 1580 1072 2095 1210 3580 97 3210 2097 3072
Route 62 : 1185 419 318 1495 1816 1867 3816 3185 2419 3867 3495 1512 175 2318 104 2175 2104 3512 858 1826 524 771 2771 2524 2858 627 156 1869 28 1281 2627 3869 3826 2028 3281 1199 515 2156 2515 3199
Route 63 : 725 1887 18 654 898 2898 566 2654 3887 2018 2566 690 366 675 2690 2366 2725 2675 1127 1060 832 2832 3060 1442 321 3127 3442 1595 1008 1219 3008 1651 3595 3651 2321 3219
Route 64 : 1053 152 174 512 1303 3303 1864 2174 1577 2512 3577 3864 649 496 3053 453 2152 1529 982 2496 2982 2649 2453 3529 647 1247 1301 1677 3247 2647 3301 3677 575 2575 1594 731 581 1164 2731 3594 3164 2581
Route 65 : 415 500 2500 2415 1625 32 3625 1603 112 942 180 2942 1198 2032 2112 3603 2180 854 2854 1661 1311 1235 3198 3311 1411 34 3235 88 2034 3411 1320 2088 3661 882 1201 395 1725 3201 3725 3320 2882 2395
Route 66 : 1105 1568 809 401 3105 1143 1229 2809 3568 241 276 2276 1139 2241 3229 3143 2401 125 1118 3139 114 2114 30 3118 1076 2030 2125 1259 3076 3259
Route 67 : 3 764 2003 584 266 987 2764 1939 2987 1728 2584 562 1346 3939 2266 1158 48 3158 2562 3346 3728 1748 334 1343 2048 965 1520 2334 3748 2965 3343 3520
Route 68 : 978 1833 1613 539 2978 370 2539 70 1770 3833 1593 3613 1612 2370 3770 2070 37 641 928 3612 2037 1446 1574 758 2641 3446 1267 2928 2758 3593 3574 877 1880 848 1413 874 2877 1312 2848 3880 908 3267 3312 2908 2874 3413
Route 69 : 1678 1785 1367 659 269 2659 3367 3678 3785 963 2269 348 1956 67 2963 347 2348 3956 2067 108 1886 2347 1547 3886 1261 2108 1724 795 3547 755 3724 1206 2795 917 2755 1601 66 3206 1810 2066 862 3261 3601 2917 3810 2862
Route 70 : 1099 1877 3099 3877 257 1090 1347 47 2257 3347 3090 876 451 1866 1914 2047 750 1977 3866 2451 3977 2876 2750 3914 1626 1122 3626 1519 586 3122 3519 2586
Route 71 : 1697 480 995 1170 2480 3697 3170 1084 1794 218 2995 245 29 78 2218 2245 2078 3794 2029 3084 1799 1238 1203 1838 3238 895 46 3203 3799 2046 3838 2895 1865 1211 396 1220 1582 9 3865 2396 3220 3211 3582 2009
Route 72 : 1096 1655 822 1316 2822 3655 3316 3096 1331 1531 1857 1919 164 3331 931 3919 3857 3531 2164 961 327 1392 2931 2961 2327 475 1973 1687 3392 482 2475 3687 2482 3973
Route 73 : 171 1026 1497 111 1115 188 2111 2171 1336 3115 2188 459 3497 1586 720 3026 1272 1095 2459 3586 3272 3336 1305 3305 2720 660 591 1835 3095 1047 2660 3835 3047 2591
Route 74 : 1004 863 1745 2863 3004 354 2354 72 1417 3417 1459 117 894 2117 2072 3745 2894 3459 799 1542 1563 314 2799 2314 3542 3563 1720 7 1966 6 2006 2007 774 1304 3720 3966 2774 3304
Route 75 : 1015 1970 912 3015 831 829 410 3970 2831 2829 966 776 1829 569 2410 2966 2912 3829 2776 2569 1604 473 3604 154 1157 3157 2473 2154 278 879 685 2278 2879 2685 1293 695 1030 3293 3030 2695
Route 76 : 1554 1148 1905 1517 360 3517 1212 1364 3905 2360 3148 3364 787 3554 1627 1688 3212 110 3627 1019 2787 1376 1759 3688 2110 1702 3376 3759 881 3019 336 3702 282 1825 2282 633 2336 1028 3825 2633 2881 1976 1254 1485 364 3028 3976 3254 2364 3485
Route 77 : 57 523 792 431 1950 601 2057 294 2523 602 2431 682 2601 1830 3830 3950 2792 2682 2294 2602 837 1795 661 1300 1815 2837 3815 2661 3795 872 1940 1455 1650 3300 3940 3455 2872 607 3650 711 311 2711 2311 2607
Route 78 : 1732 1508 1741 1074 1384 1388 3741 3508 3732 1470 489 3388 3384 229 3074 15 968 3470 2015 2489 84 2968 2229 1631 3631 1457 1929 1018 2084 915 1112 3929 1890 3457 2915 497 1445 2497 199 3018 3890 3112 3445 2199
Route 79 : 1458 414 1479 1972 1124 2414 3458 3479 1133 3972 1667 1553 3124 1740 462 971 2462 3133 3553 3667 3740 2971 896 1309 3309 1544 2896 1638 992 3638 3544 1407 780 407 2992 2780 2407 851 3407 765 2765 1119 3119 2851
Route 80 : 1591 116 1009 1861 889 3591 3009 2889 2116 1981 207 668 1370 1464 3861 58 2668 1468 3981 2207 646 3464 2058 3370 1695 2646 1308 3695 1500 3468 3308 3500 1321 1042 638 329 1967 3321 2329 2638 3042 3967
Route 81 : 5 1685 1991 786 593 3685 2005 1681 3681 315 785 3991 1606 2593 631 672 3606 2786 2785 2315 2672 1153 2631 3153 1722 1231 1077 391 3722 905 404 134 3077 2404 2391 357 2905 3231 2134 2357
Route 82 : 77 1700 1518 1549 2077 155 121 694 3700 2121 3549 2155 717 328 176 2694 3518 2328 2717 2176 1440 499 768 488 2499 1598 2488 2768 3440 1818 1263 3263 3598 3818 1114 182 542 2182 3114 177 2542 2177
Route 83 : 1633 1186 160 656 1928 1248 2160 3186 3248 3928 3633 1302 1329 1278 2656 1022 135 3302 3329 433 3278 1227 3022 1239 2135 1851 3239 1456 2433 14 3227 2014 728 3456 3851 2728 1179 80 910 2910 2080 3179
Route 84 : 1082 50 604 1514 1402 1327 3402 3082 3514 12 2050 1449 1366 2604 477 2477 2012 3366 3327 3449 1881 1126 506 1228 3228 1177 3881 263 371 3177 2506 1840 3126 2371 1709 1893 3840 1617 2263 3893 559 3709 418 3617 2559 2418
Route 85 : 1806 808 943 510 3806 1515 2943 2510 2808 691 986 220 567 2691 869 2986 1619 3515 2567 458 3619 693 1087 1689 2220 708 2869 2708 2693 2458 3689 3087 1222 253 916 2916 3222 2253
Route 86 : 1648 221 1462 645 1285 3462 1404 3648 230 3285 3404 2645 2221 1937 3937 1482 1313 3482 2230 3313 546 1318 3318 557 2546 2557
Route 87 : 167 865 161 949 486 1664 3664 610 2161 2949 2167 2865 2486 1902 3902 1193 3193 258 1121 924 2258 2610 3121 973 930 1808 1353 1242 2930 2924 565 1630 3808 3242 2565 2973 3353 3630
Route 88 : 306 1824 1192 977 3824 3192 2977 2306 1098 3098 686 1159 2686 3159 852 955 2852 260 1856 1771 3856 2955 3771 398 330 2260 1180 1778 2330 2398 1103 3180 3778 3103
Route 89 : 1502 595 1692 1566 1800 2595 3566 3502 3692 3800 1653 3653 1610 1925 1322 678 305 511 3925 3610 2511 62 859 2678 2305 3322 1889 2859 2062 1209 806 3889 1922 2806 887 1959 699 3922 1068 3209 2699 2887 3959 3068
Route 90 : 442 571 1712 137 2442 1846 2137 568 3846 1599 1050 3712 1781 3599 2568 3781 2571 3050 1023 726 2726 1915 325 2325 3915 1701 962 3023 890 2962 782 2890 2782 3701
Route 91 : 1609 337 1532 1540 3540 3609 2337 483 1592 3532 1647 33 2483 509 1375 402 3592 3375 1944 2509 3647 2402 1447 3944 3447 1428 2033 3428
Route 92 : 1657 1933 423 1048 255 2423 3933 3657 1436 856 304 1056 3436 3056 2304 2255 2856 1747 3048 597 669 3747 1297 1064 2669 1116 264 2597 798 1291 3064 3297 1918 3291 2264 3116 3918 1758 145 2798 1202 3202 3758 2145
Route 93 : 1390 224 1607 1927 821 847 2224 3927 3390 2821 268 1066 3607 1534 1920 87 2268 3066 2847 3920 2087 279 1710 3534 748 1284 1868 3710 2279 3868 231 159 3284 2748 2159 2231
Route 94 : 1214 1853 1707 1546 3214 3853 3546 1726 1065 2 1233 3707 1714 3726 1057 2002 998 3714 3233 3065 1107 1055 1673 1988 3673 2998 3988 210 3107 3055 2210 3057 17 1845 1863 3863 19 781 536 2017 3845 2019 2536 2781
Route 95 : 248 166 387 2248 2387 662 2166 2662 1575 494 234 548 2234 744 2548 974 3575 2494 537 727 2744 2974 1997 1945 2537 2727 3945 326 1892 3997 1355 2326 3892 3355
Route 96 : 495 1798 2495 438 2438 3798 200 2200 240 487 730 2487 2730 143 778 492 2240 600 2778 1243 1749 2492 3243 2143 2600 3749 1908 1761 618 363 3761 2618 3908 403 2363 2403
Route 97 : 550 666 1862 2550 2666 3862 948 2948 1341 1641 1581 3641 3581 1391 1948 3391 1510 713 1623 2713 3341 1335 3948 3335 3623 3510 1135 1569 913 3135 3569 2913
Route 98 : 1649 1579 1895 842 1474 3649 120 3579 2842 623 3474 3895 2120 1489 463 1016 676 316 2623 3016 2463 3489 1968 409 2676 2409 1292 956 3968 247 3292 2316 1659 1616 2956 1244 3244 2247 1782 3659 3782 712 1639 1942 570 3616 2570 3639 3942 2712
Route 99 : 312 21 2312 1146 2021 648 1779 3146 2648 684 157 2684 3779 383 491 1273 2157 2383 98 2491 918 3273 2098 381 763 1522 2918 490 588 2381 2763 3522 399 594 1078 2588 2594 2490 2399 3078
Route 100 : 1622 1253 68 1494 3622 589 1483 2068 3253 556 1111 3483 2589 3111 3494 1951 1763 2556 1501 3951 3501 871 3763 1704 2871 142 479 3704 89 2479 2142 2089
Route 101 : 1194 519 289 1406 3194 2289 281 216 2519 3406 892 640 162 2640 735 2892 2216 1171 2162 3171 2281 2735 349 2349 107 762 629 22 1713 2762 195 2629 2195 2022 2107 3713
Route 102 : 551 1005 103 540 2103 2551 1986 824 153 3005 901 2540 2153 2824 950 3986 844 2950 2901 1780 4 235 1487 2844 3780 2235 746 1682 2004 1932 2746 3487 3932 3682
Route 103 : 1775 1040 1624 1917 1097 838 3624 3097 1538 3775 1134 426 3040 2838 3538 3917 2426 572 416 1980 1668 3134 92 997 2416 2092 3980 3668 1051 2572 3051 2997
Route 104 : 139 1245 1389 102 1469 1439 3245 3389 2139 2102 3439 1386 698 1883 3469 804 960 3386 3883 1930 2960 2698 507 2804 553 2507 3930 1955 2553 1467 2000 683 4000 3955 2683 3467
Route 105 : 1172 1288 1046 1911 3288 642 3046 1836 2642 90 3911 3172 1324 628 1419 3324 2090 1734 1262 3419 3836 2628 1168 3734 3262 3168 271 408 2271 233 2233 2408
Route 106 : 1038 864 1949 503 1207 3207 3038 2503 3949 2864 1870 3870 493 2493 189 701 626 1823 2189 757 132 3823 2626 42 2701 1110 2132 3110 2042 1964 3964 187 2757 2187 1643 861 1952 2861 3952 3643
Route 107 : 1204 1854 3204 1961 149 455 1827 3961 2149 3854 3827 1855 946 2455 307 2946 1340 3340 1587 2307 365 3855 1178 1215 3587 3215 485 3178 2365 504 436 1680 1333 2436 3333 1062 3062 3680 2485 2504
