Instance name : nyc-n3000-1
Authors       : Dmitriy Demin, Mikhail Diakov (msd@veeroute.com), Ivan Ilin, Nikita Ivanov, Viacheslav Sokolov (vs@veeroute.com) et al. VRt Global (https://veeroute.com/)
Date          : 2023-07-09
Reference     : veeroute.com
Solution
Route 1 : 1476 1195 938 166 2695 941 873 2438 971 2373 1233 2976 689 2471 2441 1666 2733 686 616 2186 148 874 2116 574 2374 2189 992 2074 452 2492 1648 515 183 865 1683 2015 2365 1325 1452 1952 1299 2952 273 987 2799 1773 2825 2487
Route 2 : 393 1893 679 1049 1301 1191 2179 740 2549 1152 646 2240 988 2691 806 1106 2652 1336 2146 2801 1433 2933 2306 705 29 777 2488 14 2205 2836 2606 1529 1514 561 598 840 2061 2277 773 2098 2340 2273
Route 3 : 1094 361 1162 1108 1290 2594 1319 1861 909 2662 1429 570 2608 2819 2070 2929 348 176 1150 1676 847 1848 585 2790 2347 1248 388 2650 1183 69 2409 2748 2683 984 892 55 1569 2484 1888 1555 2392 2085
Route 4 : 1401 120 89 968 2468 467 1211 1012 2901 1589 1967 329 483 824 1620 131 1983 480 2711 1829 2324 766 1289 2512 1631 821 672 1980 2789 1097 641 2266 1212 2172 2321 742 2141 2712 2597 2242 799 688 1259 1377 2188 2759 2299 2877
Route 5 : 542 897 1277 96 2042 775 2777 104 2397 1604 1596 2275 448 365 1948 1280 258 1865 12 1758 2780 1159 511 345 2011 1417 1213 1512 2917 1845 2713 749 1174 896 2659 381 2396 2249 2674 1881
Route 6 : 586 2086 687 2187 949 2449 429 1929 303 849 808 1356 2308 1803 1375 819 1014 2319 2349 2514 2856 1096 2875 2596
Route 7 : 394 970 952 801 233 291 2470 1894 2301 2452 816 925 2425 2316 1791 189 1733 1366 43 695 1689 769 2269 1543 2195 464 1964 2866 1104 1344 338 80 2604 257 2844 1838 1580 433 1066 805 1933 786 1287 2305 1757 2787 2566 2286
Route 8 : 698 178 803 569 2198 2303 1678 2069 1083 2583 195 37 373 1695 187 1873 1181 2681 1034 1537 2534 1687 493 934 1993 2434
Route 9 : 30 27 140 1530 409 1527 1470 1640 1909 1179 492 2970 1424 1992 2679 137 1184 789 2924 926 2289 182 1637 113 1613 2684 1257 32 764 1682 1077 2426 2757 1009 2577 164 1314 2509 1664 1532 2264 2814
Route 10 : 518 711 794 2018 2211 582 1117 2294 64 46 2082 2617 757 1247 1546 1564 983 833 2257 383 2333 2747 2483 943 1883 1348 1086 2443 2848 243 1072 412 1912 2586 1743 2572
Route 11 : 1082 1423 1018 425 627 1261 2518 1130 2761 2127 1006 1925 2923 2582 2506 2630 973 622 628 423 2473 1431 2122 2128 490 1923 1347 1235 1490 825 2931 1990 2735 2990 1199 2847 2325 2699 1180 2680
Route 12 : 1304 827 1497 532 1035 2032 1001 2535 2804 2327 2997 62 161 105 637 2 1562 841 2501 1605 527 2027 1502 2341 1358 1499 1661 2137 261 2858 81 1761 2999 1581
Route 13 : 1154 913 593 1479 1079 2093 2979 16 2654 2579 1516 2413 1193 1244 2693 611 691 469 870 2744 2191 664 2370 1040 497 2111 380 510 2540 76 2010 1880 1576 1478 1969 2164 1997 2978
Route 14 : 340 145 633 332 1421 1840 193 2133 1693 1013 1192 1832 1645 2921 1076 437 91 957 2457 237 1937 1737 2576 2692 1591 2513
Route 15 : 994 980 1399 2480 2494 1200 2899 2700 557 811 2057 590 466 1205 2311 2090 1294 2705 61 1966 82 2794 1492 577 1240 1582 1004 2077 1561 255 2992 1109 1755 2740 948 2504 2609 2448 86 704 1302 2802 1586 2204
Route 16 : 716 202 846 550 910 2216 1143 1702 765 2265 2643 2050 1337 201 1103 2410 1493 1124 1701 2624 673 2993 334 1062 2173 378 2346 755 2255 2837 1834 1878 2562 929 111 898 2603 2429 537 1611 1334 579 2398 470 2834 2037 2079 1970
Route 17 : 835 4 1025 958 1268 2525 2458 2335 1504 2768 419 1409 676 390 770 1362 2270 2176 1105 2862 1890 2909 768 2268 1919 214 313 169 1813 1669 2605 1714 592 1178 325 2678 1825 2092
Route 18 : 487 1228 203 177 843 31 1987 1703 844 503 1531 2728 405 403 2343 1677 1037 1905 1903 1393 1381 2344 1059 2537 1022 2881 964 1300 2559 2464 2522 154 22 1522 2893 2800 2003 1654 753 578 398 681 1357 2253 360 2078 1898 523 2857 1860 2181 2023
Route 19 : 513 839 396 734 2013 524 539 1378 2339 2234 993 224 2493 1055 1896 991 2039 2878 2024 2555 1011 208 2491 1724 522 1139 26 1313 2511 1708 411 2813 1351 1092 2022 1911 1526 186 837 2639 2592 1686 2851 2337
Route 20 : 944 1056 389 869 455 2556 1126 2369 2444 1442 1889 1955 2942 2626 650 1111 1073 584 702 2150 2202 1374 1028 2573 906 2611 88 2874 2084 834 1285 362 2528 1296 2785 1391 2334 868 1862 2406 485 2796 1588 2368 1985 2891
Route 21 : 1436 1265 638 458 507 2936 2007 45 647 1171 2671 1545 2765 2138 1958 774 282 1414 2274 2914 2147 1084 1782 2584 1070 2570 725 2225 1346 1188 543 1031 2688 2043 2846 836 366 804 2304 2336 1866 2531
Route 22 : 23 1523 1044 1078 387 2578 1153 2544 2653 117 501 1887 130 1617 2001 1630
Route 23 : 504 787 310 1163 2663 114 2004 1225 1198 1810 2698 2287 662 810 591 572 2162 56 1614 2072 694 2194 2725 209 1556 2310 699 643 1057 2143 2091 2199 2557 1709
Route 24 : 125 351 42 1133 92 1592 2633 1187 1851 1542 1129 1255 1352 2629 652 2755 1625 2687 2152 1496 619 249 1454 1749 2852 2119 1448 121 363 2954 2948 1863 2996 1621 1041 185 1327 1281 2541 1243 2827 494 1048 1994 2743 2781 2548 1685
Route 25 : 1236 560 1458 1354 2060 1197 344 2854 2958 2736 951 2697 1295 2795 2451 1318 377 245 859 1844 1185 1877 461 1961 2818 2685 1383 604 489 1745 2359 2104 1361 316 940 1288 2788 1005 1989 667 2861 2440 2505 2167 1816 2883
Route 26 : 632 312 1135 1394 1310 1812 1472 928 2894 2635 2972 2810 2132 882 2428 2382 1457 2957 607 2107 1142 1340 629 2642 613 2840 1266 251 2113 451 2129 1046 872 298 2546 1443 2372 1798 1751 2766 2943 1951
Route 27 : 533 719 1317 1353 1413 2817 2913 71 1085 2585 1483 475 2219 2983 1571 1975 1430 416 2853 1451 1916 670 2033 2930 110 911 2170 2951 1610 94 996 1136 1416 2411 2916 1594 920 2496 1008 2636 2508 2420
Route 28 : 1208 1164 1445 93 1204 2708 1593 2945 2664 2704 1113 955 1170 2670 2455 889 322 2613 2389 1822 35 272 675 414 2175 232 1253 1732 1455 1772 1119 1535 1914 553 218 2753 1440 2619 238 2053 1718 2940 2955 1738
Route 29 : 102 1469 937 966 969 2437 1388 1602 1145 112 2469 2466 155 424 2969 356 2888 421 2645 1655 1612 1856 1080 738 199 1921 1441 2941 1039 1924 1699 2580 2539 2238 1032 1370 369 142 2532 2870 1642 1869
Route 30 : 323 776 391 204 1419 975 2276 640 1823 1891 2475 2919 830 795 1480 2140 1704 2295 2330 1186 2980 488 1207 2686 860 599 1027 58 1988 1558 1093 2527 2099 942 2707 13 2360 744 1209 729 2593 400 2229 2244 2709 1900 1513 2442
Route 31 : 335 907 271 1835 2407 931 1464 48 1771 2964 741 620 1365 2120 341 2431 1548 358 1054 2241 1841 2865 1858 1169 851 2554 221 2669 184 1721 2351 1397 2897 1684
Route 32 : 197 812 343 376 606 1697 18 2312 587 2106 693 1876 1843 814 1088 528 2314 2588 2028 1518 2087 2193 1329 2829 116 231 1427 1731 1403 1110 2927 2903 1616 2610
Route 33 : 1189 167 149 714 1649 118 2689 1667 19 2214 661 2161 923 368 1868 1618 2423 1519 1047 439 1380 382 1882 66 2547 677 864 2880 779 1939 265 2279 2364 2177 1245 1566 1256 1765 623 2123 2745 1473 2756 2973
Route 34 : 162 1662 1146 2646 73 514 471 1971 933 918 1017 2014 1033 2533 2517 1573 1264 1411 2764 350 2911 1850 921 758 850 2433 2418 2258 2421 2350 357 743 669 1326 2169 1857 2826 2243
Route 35 : 20 709 1434 594 2209 1369 39 1520 453 2869 495 1539 1252 2934 1995 1953 133 2752 336 1633 1404 1461 2904 2961 505 1836 2094 1390 28 2005 1449 1203 2949 2890 589 997 2703 1528 141 1100 653 1641 2153 2497 2089 2600
Route 36 : 1333 57 723 1138 170 2638 1557 2833 512 674 1426 2012 660 2174 60 1670 1324 2160 1560 2223 2824 198 1320 936 1023 2436 1053 2820 1698 2926 1042 1341 855 2523 2553 372 415 2355 1016 2841 1872 820 2516 2542 1915 939 194 1694 2439 2320
Route 37 : 49 85 1549 1131 1585 554 1222 2631 986 2054 293 2486 754 1793 2722 759 320 1112 1260 2254 1102 2259 1820 138 1172 2602 240 2612 370 1638 2672 1740 1870 2760
Route 38 : 135 602 1019 438 2519 17 1241 1517 1635 2102 1938 1058 290 959 567 2741 2459 610 631 2131 1051 2110 2558 180 2067 1439 2551 2939 1790 1680
Route 39 : 90 1420 547 70 1590 2047 1570 2920 861 1311 2811 200 745 703 25 1385 2245 2203 5 1700 1122 21 2885 2361 1525 1505 2622 1521 746 1089 832 2246 2332 2589 51 333 1331 1833 299 1551 1799 2831
Route 40 : 156 173 962 432 1656 767 1673 1132 1029 2632 2462 842 115 2267 1322 1615 219 1932 6 2822 2342 2529 802 1450 818 324 1719 1824 2950 296 223 2318 2302 1068 1723 1506 2568 1796 40 1167 922 482 1540 2422 1982 2667
Route 41 : 84 903 2403 666 891 845 2166 1584 2391 919 2345 500 2419 2000 838 651 1367 314 1303 2338 2867 1065 41 1814 2151 2803 1251 244 1541 2565 917 1038 2751 297 1797 406 2417 1462 2538 1402 1744 1906 2962 2902
Route 42 : 1500 1237 1271 220 735 3000 212 2235 1231 2737 1720 364 2731 797 1140 2297 1712 1481 1292 2771 2640 1467 1249 420 1864 239 1739 2792 1920 867 2749 2981 354 2967 665 829 529 1854 565 2165 549 2367 2329 2049 2029 2065
Route 43 : 386 636 215 583 1886 977 2083 428 375 246 1715 2136 477 1875 724 1928 247 1746 1215 2477 1977 134 823 1747 2224 624 2715 1148 2124 1488 2323 630 2648 275 1634 605 353 1775 953 2105 2130 491 2988 352 306 2453 1853 1991 1806 1852
Route 44 : 1465 128 1628 2965 982 2482 1099 1118 2618 1158 2599 2658 972 696 152 2196 1652 1250 1487 2472 181 2987 2750 484 648 339 1984 1681 1839 2148
Route 45 : 1020 33 1003 1282 644 2503 1533 2520 1359 692 2144 259 2782 1279 346 1759 2192 1379 2859 408 2779 1846 1151 615 2879 241 2115 229 2651 877 1908 1024 1729 914 1182 2524 1741 763 2414 256 2682 2377 1756 2263
Route 46 : 235 457 809 534 544 2309 2044 905 508 1270 2770 2405 1735 2034 1957 2008 1273 65 1565 2773 1194 317 1323 1817 2823 2694 995 935 2435 1486 2495 566 2066 1254 2986 2754
Route 47 : 1345 444 1484 2845 1944 321 163 2984 1821 525 1214 1663 326 2025 210 267 205 1767 399 1710 1826 1705 72 932 2714 1453 1572 1376 1157 2432 893 459 2953 2657 2393 1899 985 2876 2485 172 1959 1672
Route 48 : 384 998 815 625 2315 2125 1884 883 2383 908 430 2498 1137 1930 739 2637 2408 1316 807 1232 1360 2732 2860 2816 2239 2307 887 828 731 580 655 2387 2328 862 2155 2080 1120 2231 2620 2362
Route 49 : 153 1156 1653 2656 979 2479 1485 568 771 852 2352 2068 434 701 2985 1934 47 54 2201 101 2271 1547 1338 1554 967 108 1601 404 2838 2467 1608 1904 717 588 878 139 894 2378 2217 2088 1639 2394
Route 50 : 367 671 217 1406 1867 822 2322 502 79 1717 294 1579 2002 1794 395 600 2171 884 2906 784 2384 2100 1895 2284 441 1941 1328 422 1173 945 2828 1922 1238 721 1127 2445 2673 2738 2221 1405 2905 2627
Route 51 : 158 1330 1229 1482 1410 1010 1658 445 2910 2729 402 1075 2830 1230 2575 1945 295 359 2510 1902 2730 2982 447 848 879 1107 1859 2379 1947 947 800 2348 2607 1795 555 427 1927 2447 2300 2055
Route 52 : 1371 59 307 1438 1149 1559 1284 2871 2938 1491 337 2649 2991 1837 668 1807 1125 826 2784 2326 1147 15 1272 2168 1190 2625 2772 2690 2647 1305 196 1515 540 1696 2805 2040
Route 53 : 597 1036 575 2097 2536 2075 50 446 1550 151 1651 285 1946 1227 474 780 1069 124 1785 1974 1312 2727 1332 2280 286 1624 2812 1786 2569 103 863 571 2363 1603 2832 2071
Route 54 : 707 854 1307 858 2207 1216 790 2354 407 2807 473 2358 2716 726 1176 1973 2290 2226 2676 732 417 1907 250 435 1935 760 11 1917 1160 2232 1511 2260 2660 308 1808 1750
Route 55 : 657 309 900 123 2400 98 1598 1382 1809 68 1623 1568 2157 2882 1471 318 24 1234 1818 1196 2734 733 2971 1368 519 2696 1489 2233 1524 880 649 2989 2380 2868 44 885 946 1498 2149 2019 618 545 2385 2045 2446 2998 75 2118 1575 1544
Route 56 : 331 1081 211 460 981 1831 1437 2581 658 2481 1960 1711 2937 2158 1061 174 165 1134 706 2634 2206 682 1665 385 2561 8 1674 639 2182 1885 281 1508 2139 1781
Route 57 : 1408 440 2908 99 796 1940 355 1599 857 284 1855 1444 2357 1784 750 106 266 2944 634 2296 1395 1297 1766 1606 2250 895 2797 656 2895 2395 2134 301 168 2156 1801 654 563 871 2063 1668 2371 2154
Route 58 : 1335 2835 327 1827 612 2112 248 36 727 1536 63 1563 1748 2227
Route 59 : 1168 761 783 1226 564 476 2726 614 2064 2668 2261 782 2283 730 270 974 2282 573 1976 230 2114 160 2230 520 2020 450 1660 965 1770 2474 1950 2073 2465 1730 319 468 1819 1415 1968 426 2915 1926
Route 60 : 276 1218 1258 1363 990 603 2758 2490 1343 252 1776 268 2718 227 2863 2103 2843 1752 1768 262 713 1727 715 2213 143 1762 1045 1224 95 2545 2724 1286 1459 1643 449 2215 890 2390 1 1949 1595 963 2786 999 2959 2499 1501 2463
Route 61 : 1389 558 1308 2889 2058 2808 1398 2898 1474 2974 1087 2587 292 207 150 1707 1792 1650 831 2331 788 601 1494 2994 2288 576 2101 1475 2076 2975
Route 62 : 147 1219 236 1407 1052 1647 2907 1736 2719 2552 288 9 1509 1274 1788 817 1202 1050 645 188 2702 2774 2145 2317 1278 2550 1688 1315 1030 736 747 2778 2815 2530 2247 2236
Route 63 : 1446 1342 798 2946 2842 2298 690 2190 737 1372 535 192 2035 2872 1692 479 538 2237 756 1177 472 2677 1972 77 2256 1979 976 2038 2476 1577
Route 64 : 762 1175 1060 2262 456 595 2560 10 596 2095 1339 2675 2839 234 1510 930 853 2096 1734 465 899 1965 2353 2430 175 1115 1956 78 2399 1578 2615 722 1675 728 342 1432 1321 2821 1842 2228 277 2222 2932 1777
Route 65 : 67 924 3 1206 1567 1262 1503 2424 2762 100 1269 2706 1276 1600 1071 263 1246 2769 989 2746 127 2571 950 254 1763 1412 2450 1754 2776 1627 2489 2912 710 442 2210 311 1418 1400 1942 1811 2918 2900
Route 66 : 132 1364 526 1128 2864 1291 1632 2628 956 1477 2026 663 1355 2977 2163 536 2791 772 748 1435 2456 279 2272 2036 2935 2855 1779 349 87 225 1293 902 2248 1090 1849 1587 1725 2793 1387 2887 2590 1141 1428 2641 2402 886 392 1892 2386 2928
Route 67 : 546 1098 697 718 1306 454 2218 1466 2806 961 2197 1954 2598 609 2046 752 413 2461 541 2109 2252 876 496 119 2966 1913 2376 1298 443 2041 1996 157 1943 1386 2798 1619 1657 2886
Route 68 : 1063 280 478 2563 785 146 1116 1780 2285 129 1217 2616 1646 506 1629 463 1015 2717 2006 617 2515 2117 1123 1978 1963 2623 122 912 1622 2412
Route 69 : 144 581 1283 269 791 1463 2081 2783 1644 626 608 813 2291 1144 2108 2126 1769 2644 2313 1021 2963 2521 712 2212 1447 486 1986 53 305 517 2947 556 190 2056 2017 1553 1690 1805
Route 70 : 264 481 856 530 109 1764 2356 330 1981 371 2030 374 1609 1830 1425 1384 1871 260 683 1874 1373 1760 2183 700 2884 74 222 1722 1574 2873 34 1534 2925 1349 410 751 2849 1910 2251 2200 287 1166 216 1095 1787 2666 1716 2595
Route 71 : 927 875 2427 659 2159 2375 1392 866 315 1165 2366 635 52 1815 1552 2892 97 302 531 1000 2135 1074 1597 2574 2665 2500 2031 1802 228 562 680 960 1728 436 1263 2460 2062 1936 2763 2180
Route 72 : 1223 397 1422 559 954 2723 2059 2454 792 499 1897 901 1091 2922 2401 431 2292 1999 300 778 2278 888 552 2388 1800 1007 2591 2052 159 1221 2507 1659 1931 242 1396 1742 2721 2896
Route 73 : 1210 1101 915 1121 278 213 2601 1495 2415 708 2710 1778 793 206 2621 1220 2208 2995 1706 1267 1201 1713 2767 2293 498 2720 1064 2701 2564 1998 1067 1239 283 2567 1783 2739 621 107 1607 2121
Route 74 : 136 1460 1242 1636 2742 328 678 2960 2178 1828 171 521 916 1002 2021 2416 1043 1671 2502 2543
Route 75 : 462 1309 1962 516 881 2016 551 2809 509 191 1114 2051 1161 1691 2009 2614 904 548 2381 1155 289 2048 2404 2661 2655 1789 7 1507
Route 76 : 347 38 720 685 1847 978 2220 253 226 1753 2185 2478 1538 304 379 1879 1026 1804 418 1275 642 1350 1726 83 2775 1468 1918 274 1583 2850 401 684 2526 2184 1901 179 2142 781 1456 2956 2968 2281 126 1626 1774 1679