Instance name : nyc-n200-3
Authors       : Dmitriy Demin, Mikhail Diakov (msd@veeroute.com), Ivan Ilin, Nikita Ivanov, Viacheslav Sokolov (vs@veeroute.com) et al. VRt Global (https://veeroute.com/)
Date          : 2023-04-24
Reference     : veeroute.com
Solution
Route 1 : 12 13 63 31 74 131 54 18 174 113 42 163 154 118 69 112 5 82 169 105 182 142 8 67 65 58 167 98 108 165 158 16 57 198 157 116
Route 2 : 99 81 90 55 10 110 20 155 190 11 199 120 36 181 100 17 117 86 200 85 186 35 111 136 49 185 135 9 149 4 109 104
Route 3 : 95 97 197 56 195 41 30 78 141 178 130 156 46 25 61 24 125 26 126 161 124 146 15 94 37 77 115 137 194 177
Route 4 : 14 45 114 145 53 153 27 71 59 51 33 91 133 171 151 191 29 127 19 159 1 119 129 43 73 101 173 143 72 44 50 172 144 150
Route 5 : 32 52 87 23 152 187 76 123 176 79 66 179 132 40 75 88 62 162 166 140 70 175 188 3 170 103
Route 6 : 6 80 64 2 180 164 106 84 96 184 196 102 48 60 92 89 7 148 192 107 160 189 39 139
Route 7 : 21 22 47 83 34 68 121 93 147 134 28 193 122 128 168 183 38 138