Instance name : nyc-n800-4
Authors       : BIG3 - Dmitriy Yampolskiy, Egor Nikolaev and Daria Savina. Smart Logistics Point by the BigThree team (big3.ru).
Date          : 2025-04-22
Reference     : BigThree team (big3.ru)
Solution
Route 1 : 267 125 51 70 667 451 525 397 797 139 123 112 96 14 470 312 539 496 414 512 523 336 712 69 227 627 469 272 119 191 672 736 192 591 275 519 592 61 390 370 189 589 371 133 770 208 675 790 771 389 375 32 432 608 345 775 461 789 18 418 161 116 745 533 115 516 201 7 561 187 20 407 367 587 104 515 601 130 767 52 420 304 452 136 530 110 510 704 536 504
Route 2 : 197 377 8 325 83 777 217 408 483 223 597 203 623 57 376 617 347 603 747 144 776 128 725 457 213 181 75 544 323 528 46 581 354 613 723 475 78 754 384 109 243 446 478 168 784 509 643 279 226 568 328 626 95 679 202 728 495 179 317 305 286 717 602 705 579 686
Route 3 : 158 145 138 244 19 74 474 644 558 538 545 419 206 41 194 386 316 606 594 21 786 388 716 441 264 393 788 357 358 664 757 369 769 421 793 293 758 295 185 378 319 693 695 162 164 585 353 719 239 307 564 16 778 152 639 753 228 416 562 134 707 552 534 321 628 241 721 76 361 220 761 27 476 641 427 620
Route 4 : 338 214 150 738 550 288 151 383 360 614 180 216 580 783 175 225 551 146 616 625 546 182 688 274 575 582 160 560 760 42 9 148 409 548 442 372 207 4 674 33 30 156 607 772 433 430 166 404 556 39 566 364 258 439 143 658 764 335 178 578 735 210 610 543 391 209 791 609 339 350 366 147 330 547 750 212 399 766 799 730 612 118 518 739
Route 5 : 80 24 260 66 424 480 53 660 79 466 82 482 453 479 344 313 12 744 713 396 6 406 259 126 232 796 412 101 659 632 294 196 526 163 501 234 563 355 694 596 177 755 634 256 266 49 577 332 666 246 656 732 646 449
Route 6 : 374 48 249 204 85 221 448 774 649 309 604 485 222 73 356 621 473 45 237 756 87 2 487 637 709 445 300 62 229 622 402 86 462 629 184 131 700 340 311 531 173 711 573 486 111 584 269 669 511 15 47 415 215 262 740 447 615 662 92 159 190 250 590 117 650 492 174 517 337 114 559 349 387 270 737 670 193 787 219 749 593 574 514 619
Route 7 : 261 306 50 59 385 706 450 785 661 253 108 54 169 459 329 569 729 653 247 40 454 310 647 440 299 710 699 508 314 102 291 28 714 691 428 379 26 343 502 81 779 105 743 72 426 3 481 89 505 403 472 63 400 172 245 489 282 572 463 682 284 380 684 645 331 800 780 731
Route 8 : 58 458 302 297 29 697 263 242 429 394 129 268 642 668 373 529 794 84 663 484 702 141 773 1 401 188 327 727 541 588 254 25 654 195 320 595 38 362 720 762 278 425 438 346 352 678 342 348 276 748 742 746 280 680 752 676
Route 9 : 17 153 351 341 296 417 137 696 553 537 751 318 741 398 308 798 22 113 718 422 155 257 513 708 555 657 77 240 13 324 724 170 333 98 477 289 570 498 157 248 689 557 142 648 140 733 540 233 413 281 640 252 382 652 171 633 67 681 542 23 467 326 423 91 186 93 726 782 586 571 493 97 99 285 491 499 44 176 497 444 576 685
Route 10 : 65 283 149 135 90 120 535 465 490 683 365 549 100 381 520 271 765 500 781 315 287 687 218 334 671 618 715 5 127 255 655 527 734 405 60 68 236 273 460 636 301 43 673 701 468 292 165 443 94 565 198 598 71 494 692 167 183 10 211 471 567 611 238 583 37 410 437 638
Route 11 : 303 363 106 395 703 64 763 230 122 506 224 107 795 630 464 507 154 290 522 235 690 554 624 298 56 456 635 103 231 698 88 631 124 488 277 199 677 524 599 503 200 322 36 722 359 436 368 265 759 665 55 35 768 121 31 455 251 431 392 34 435 521 600 11 792 411 205 132 651 532 605 434
