Instance name : nyc-n3000-5
Authors       : Isaiah Reimer (isaiah.reimer@rideco.com). RideCo (rideco.com)
Date          : 2023-06-13
Reference     : Rideco PDPTW Solver
Solution
Route 1 : 1047 1165 260 2547 2665 1760 747 977 2247 506 2006 157 251 110 411 2477 1610 1657 1911 1751 186 830 1686 712 2330 944 72 87 2212 505 2444 1572 496 799 2005 694 722 1587 2194 1996 2222 1074 1497 2299 2574 2997 603 898 400 246 2398 1279 1900 2103 1746 2779
Route 2 : 336 1039 2539 1357 832 107 1213 1836 604 2713 2857 2332 40 905 2104 1023 2405 1607 1322 1540 924 1018 998 2523 2498 584 2822 585 2518 2424 678 2085 273 2084 533 1251 2751 305 1386 1262 2033 1773 339 680 2886 1805 1839 2178 2180 2762 1 1339 117 644 1501 1617 623 2144 2839 838 2338 2123 783 728 463 741 1296 1963 2283 1151 2228 2796 24 2651 271 2241 641 1359 1771 2859 1524 2141
Route 3 : 500 824 2000 2324 620 636 13 986 2136 1513 2486 2120 774 2274 121 1340 530 25 1621 1525 167 2030 1211 1667 2840 2711 1375 333 132 1282 1833 2782 279 1779 200 1700 717 509 1632 732 2232 1338 2009 2217 2875 427 1352 131 1381 2838 1927 2881 2852 1186 1631 674 862 182 2686 2362 2174 1682
Route 4 : 554 642 45 253 613 2142 1753 2113 536 1467 1378 2054 2967 956 1545 2036 2878 1071 2456 632 127 2571 1351 318 2132 2851 41 278 1818 68 1627 532 1541 1778 1568 2032 1070 909 696 648 894 2196 942 2409 1433 2570 2442 2148 633 1426 2394 2133 2933 78 931 736 485 2926 2236 1578 2431 1985
Route 5 : 686 2186 138 100 1600 1496 1272 1638 1214 2996 1235 361 1320 1105 1861 2714 2820 2772 1464 2605 386 2735 1314 2964 2814 1886 1327 720 2827 734 529 293 426 2220 1013 2513 20 2234 2029 1520 1793 258 1926 1176 608 1199 2108 1473 1758 2676 134 2973 1634 2699 1288 795 1286 1261 2788 2295 2761 2786 1030 130 923 2423 2530 1630
Route 6 : 900 155 2400 285 1655 917 184 1407 1785 964 2417 359 2907 586 457 1684 296 1859 2086 2464 583 1957 742 1401 1796 2242 2083 744 560 64 2244 93 2901 414 2060 1593 216 1716 1331 1564 394 2831 1914 1040 606 643 780 495 1894 300 2280 1995 2540 2106 204 2143 1800 1300 1478 150 571 2800 236 1650 2978 1704 1736 313 1454 349 156 2071 1849 2954 949 1813 2449 1656
Route 7 : 447 75 144 1947 235 542 189 847 1644 244 1735 1744 1689 2042 1575 2347 1328 1052 263 82 2552 1196 975 1161 1763 2475 2828 22 1582 1061 2696 1522 2661 866 1088 2561 2588 751 19 1123 331 2623 1831 1519 1012 2366 1297 2512 1089 1420 1154 2589 2797 2920 238 2251 475 1738 1246 2654 1239 2746 2739 1031 481 517 1975 1101 2017 2531 2601 1981
Route 8 : 655 1315 2155 2815 268 756 1490 579 2079 885 225 2385 2990 2256 1768 1725 469 1229 428 1969 2729 645 1324 1928 1330 1463 2824 2830 1115 2145 2963 503 36 210 1536 1710 207 1355 2003 2615 1431 859 203 276 1703 1776 2855 2931 1182 1707 962 2359 1034 836 1036 2336 943 2682 2536 1032 2534 558 798 628 2462 1399 2058 662 2443 2298 2532 2128 891 408 2162 2899 2391 1908
Route 9 : 1412 151 344 1376 861 2876 2912 559 2361 1844 1033 1418 1651 2533 1162 2059 519 794 749 2662 2294 2918 2019 755 213 2249 1249 646 1713 2749 2255 1050 2146 1466 679 2966 1455 2179 973 2550 1406 177 1365 2473 1127 2906 2955 1677 294 2865 811 2627 220 1107 2607 1794 1720 2311 1000 2500 1243 703 1062 731 2203 458 921 12 2562 2743 2231 1958 1512 166 1480 2421 1440 2940 1666 1299 2980 2799
Route 10 : 552 2052 849 2349 802 2302 856 1425 1087 282 2925 1132 1026 2356 2526 665 1782 2587 605 501 2632 758 2165 867 2105 2001 1373 1242 2367 2258 1264 2764 834 154 2742 677 2334 2873 2177 1654 912 595 637 28 904 2095 875 301 2412 1528 2404 2375 1042 790 1801 2137 484 436 340 2290 640 1984 1936 1840 627 83 880 2542 1232 2380 2732 2140 2127 88 1583 1588
Route 11 : 611 270 164 1770 2111 385 401 1460 1664 1885 1027 364 2960 1864 2527 1215 91 1024 1901 1083 2583 766 2524 516 1591 1010 2715 574 1321 2016 169 2266 2510 2074 2821 1669 483 791 669 1140 779 2640 2291 202 835 1983 1702 1309 2169 275 2809 4 1181 1775 2279 626 2335 2681 2126 810 2310 319 1504 1319 895 2819 133 1819 366 1633 2395 1866
Route 12 : 1248 2748 745 591 1118 841 685 2245 1452 1172 2618 2091 2672 1391 2185 819 1323 2952 444 2319 460 2341 2891 2823 522 159 2022 860 1659 1944 49 129 1549 1960 1629 916 398 2360 239 98 2416 302 1255 1898 1739 351 548 1598 893 1802 1851 2048 228 2755 1500 3000 433 1728 1482 687 1933 2187 2982 1476 508 2393 2008 2976 992 1217 580 384 2717 188 477 2080 298 2492 1977 1884 1798 1688
Route 13 : 1377 953 706 854 2453 1065 2206 2877 2354 2565 1022 2522 759 857 1230 681 2730 2181 209 716 2259 1709 2357 823 2323 2216 1141 2641 442 928 1219 1021 196 2428 699 2719 379 1696 1310 2521 2199 1942 1879 2810 247 1350 245 1008 231 399 1731 1747 9 2508 1899 2850 1745 135 358 858 1635 1858 269 1368 1769 1287 1509 2787 818 2868 2358 486 2318 1986
Route 14 : 136 534 932 1014 1273 994 2432 2514 2034 1636 2773 562 482 2062 1982 21 577 1415 2077 1475 2494 1200 776 1521 1212 2276 2712 2915 2975 660 688 2700 2188 2160 417 232 1917 1732 1344 43 1408 550 1194 805 2050 1543 2844 2305 2908 1302 2694 410 653 2802 2153 1295 1197 314 2795 259 2697 1814 1759 1910 1304 367 721 416 140 1867 2221 1916 2804 1640
Route 15 : 137 405 97 1597 1164 2664 1002 249 2502 1637 1905 1108 446 2608 1749 673 141 101 793 1946 1449 1208 1601 1641 2173 2293 1222 2949 2708 322 1189 872 1007 310 1810 2689 2722 1822 2372 2507 1003 10 265 1183 1316 2683 2816 7 1510 306 1091 762 1507 2503 1765 1806 492 757 2262 2257 1992 1016 437 1130 2591 878 2516 1937 1209 2378 1163 907 1111 719 2630 825 2663 67 2325 2611 2709 1567 2219 2407
Route 16 : 168 55 1668 1179 1428 1555 2679 563 1201 1240 668 2168 2701 2928 840 2063 2740 451 1360 1158 2340 1483 2983 638 1951 2658 2860 419 2138 341 848 1841 553 1919 1155 212 1265 1038 2053 1156 2655 1712 2538 2348 1495 788 2656 913 2413 2995 406 1100 2288 2765 432 109 2600 1149 1609 1906 1932 951 1247 1175 1227 2747 2451 2649 740 1458 2727 2958 2240 1414 2675 919 217 2914 2419 1717 999 2499
Route 17 : 1226 233 1733 108 2726 869 33 290 30 1533 1437 56 2937 1790 808 1608 1465 2369 2965 1556 1530 1489 988 317 183 2308 2488 597 1817 2989 180 1356 1683 2097 148 1055 2555 472 2856 387 1972 1680 1648 287 198 976 1887 1698 1498 2476 1787 1150 111 1611 2998 2650 1145 147 846 2645 2346 682 1432 2182 2932 1443 1647 2943
Route 18 : 370 1870 807 105 1157 1494 2994 2657 218 1173 2307 2673 1605 738 2238 1060 2560 598 175 373 1718 852 1675 1293 2793 2098 1873 2352 837 601 1456 193 1693 2956 2337 2101 760 886 174 2386 128 2260 1628 1348 910 1160 1674 2410 2848 2660
Route 19 : 1225 1250 498 654 1053 2725 1998 792 2750 2154 1268 1269 1479 2553 2979 2769 1363 2768 2292 1291 565 2863 1468 1358 2065 2858 2791 2968 1422 543 2043 777 1419 2922 37 2919 348 1537 969 2277 116 120 2469 1620 1848 729 439 1041 330 1939 1238 1830 1486 1190 1616 2229 2541 2986 622 551 770 2690 615 2738 2270 2115 1109 2051 2122 868 789 2609 958 2458 2368 2289
Route 20 : 1114 820 947 2614 1045 1275 2447 1429 1135 158 2775 2320 1092 2929 2545 1171 2635 1658 1143 630 1046 2592 2546 2671 2130 2643 845 948 1170 1395 2670 2448 92 371 2895 2345 1146 2646 1871 1592 299 421 413 187 1252 1687 618 2118 1913 1921 1799 2752 487 404 769 1987 652 2269 1904 844 445 1028 264 2152 2528 709 185 1945 1764 1450 2209 1685 2950 2344
Route 21 : 1266 1094 69 1569 2766 272 1772 2594 1337 899 737 47 761 1547 2237 2837 2399 873 2261 1441 76 594 1178 2373 2094 2678 48 395 1576 2941 902 1895 1548 2402 614 599 2114 114 1180 839 1289 1371 2789 2339 1614 71 2871 1571 1080 567 2099 1294 1471 2680 1187 2067 2971 2794 2687 2580 1394 1009 816 2509 930 2894 240 2316 590 1333 2430 1254 1740 1167 2833 1025 771 2525 2090 2754 881 2271 2667 2381
Route 22 : 939 429 335 768 1929 1280 343 2268 2780 1843 1835 1364 692 2439 62 374 2192 227 2864 450 1562 489 1874 955 1727 1446 1950 1210 1367 1989 915 2710 2946 2455 2415 1119 713 765 1072 2619 2867 2572 2265 2213 656 356 523 2023 684 2156 2184 1417 730 1856 2230 307 1237 70 1807 2737 1570 2917 1342 2842 549 280 704 670 2204 2170 2049 1780 781 1017 556 1383 2281 2056 2883 2517
Route 23 : 191 1093 2593 697 2197 587 250 34 337 879 1750 1341 1691 2379 1131 2841 1534 2087 2631 1837 23 987 884 1523 2487 266 1124 2624 2384 1766 15 347 1048 2548 119 663 2163 1515 1847 1619 424 1258 1924 1461 81 2758 42 2961 1581 521 2021 352 831 1542 1311 2331 223 1474 1852 61 691 2974 1723 1561 2811 739 2239 2191
Route 24 : 888 1404 1305 497 115 971 2805 1615 2388 1997 2904 1169 1270 723 1001 2471 2223 1120 2501 2620 2770 2669 938 1430 658 855 2438 2158 2355 629 1346 2930 833 27 2129 2846 1527 657 1128 2333 1103 2628 2157 476 2603 197 342 619 573 1976 698 456 1697 1353 1842 2073 2119 2198 1956 748 1487 1117 817 651 2853 17 2248 2987 2151 2317 2617 1517 1402 2902
Route 25 : 1220 786 718 2218 2720 2286 666 647 1260 312 2166 2760 2147 171 393 1812 1893 1671 389 1063 1403 291 1278 1791 2903 2778 153 1889 1459 31 1653 2563 773 1531 355 1492 2959 2273 966 14 634 1277 2466 1855 1514 434 494 2992 2777 2134 1934 1193 63 545 1994 1073 2573 671 2693 89 1563 2045 2171 124 32 1589 1624 1532 908 2408
Route 26 : 79 1281 1579 593 324 2093 1824 1372 2872 2781 1064 106 242 1742 1606 970 1144 2470 1271 2564 707 2644 1347 2847 2207 377 2771 1421 2921 1877 735 1090 889 2389 2235 504 1392 609 2004 2590 311 785 1019 2892 2109 2519 2285 1811 1462 2962 1166 292 1253 382 1792 2753 2666 1882
Route 27 : 452 1491 195 205 2991 1049 1695 1020 2549 86 1705 1952 2520 1586 764 1233 1139 538 2038 2733 2639 328 800 2264 2300 375 1875 241 1828 746 784 1741 262 2246 139 2284 1112 1241 1762 1639 2741 2612 237 1444 693 2193 1737 2944 754 772 1236 2736 1006 2254 2272 1129 315 695 1335 2629 2506 2195 1815 2835
Route 28 : 1057 94 1594 2557 1329 661 2829 1066 470 801 515 1035 2566 2161 2015 952 2301 2535 1970 1174 354 2674 1854 1204 1354 2452 540 946 1082 2704 2582 2446 2854 1221 1059 243 304 2721 2040 569 2069 675 1804 2559 1743 1436 2936 219 222 2175 1191 1719 1722 2691 455 864 967 1955 2364 2467
Route 29 : 616 588 803 1290 2116 103 2790 2088 1202 2303 1447 1603 649 925 2149 1379 2702 2879 1457 911 535 1256 2411 2947 2425 2957 2035 2756 59 621 897 993 2121 1559 2493 2397 843 664 122 980 2343 1198 528 1095 2164 491 2028 1622 281 466 1991 2595 1781 2698 1966 2480 963 926 474 2463 58 1974 2426 804 974 1558 2304 2474
Route 30 : 1276 581 1485 2776 612 610 1177 2985 2081 8 2112 527 1508 1303 2110 2027 2803 2677 1382 468 1142 650 334 1834 254 2882 1318 2642 1754 2818 80 2150 441 1968 1580 981 1941 1469 2969 502 1369 2481 984 2484 914 2869 372 2002 162 2414 479 851 1872 714 1662 990 937 2351 2214 2490 1979 870 1448 229 850 2948 2437 2370 2350 1729
Route 31 : 934 5 1185 1416 323 1505 2916 957 60 2457 2434 1823 2685 383 345 1560 1400 2900 1845 1883 396 702 2202 672 190 1896 602 1690 2102 464 2172 1308 112 1612 2808 1964 1037 403 26 1903 1484 2984 787 2537 1526 1345 2 1098 1502 814 2598 2314 1385 2845 1029 2287 454 1078 2885 297 1954 1332 1797 935 2832 2578 2529 995 514 2014 2435 2495
Route 32 : 733 473 600 635 1973 2233 57 903 871 2403 2135 2100 524 1231 2024 1557 2371 2731 1285 564 388 1888 1206 2785 2706 2064 1301 443 65 1943 828 1565 329 2801 1134 368 711 2211 2328 1829 701 1477 2977 2201 490 1442 2634 1868 1228 1990 2728 438 2942 303 1803 1938
Route 33 : 1343 690 321 165 1821 2190 2843 683 936 767 2183 1223 1284 286 1665 1786 2436 2723 2267 390 2784 1267 1890 901 750 84 2250 1584 2767 2401 991 1192 415 2491 892 2692 561 2392 1116 842 1915 906 1147 2616 2342 74 2406 2647 1390 589 2061 1121 1574 572 2089 1075 2890 2072 1334 234 18 2621 123 2575 320 708 2834 1734 6 1820 1623 2208 1506 1518
Route 34 : 409 568 1410 277 1137 2068 1777 1909 2910 1298 827 362 511 2011 2637 2327 471 1971 2798 1292 809 420 2792 1862 1920 2309 44 208 1544 896 541 1259 1708 1263 2759 11 2041 1015 2763 2396 488 2515 743 667 1988 1511 726 2167 1245 480 425 2745 1925 1313 2243 596 392 2226 1980 172 1892 211 1672 2813 1711 940 1084 1370 2096 2440 2870 2584
Route 35 : 1388 979 520 283 381 2888 797 2479 1881 2297 2020 1783 518 544 2018 2044 1257 256 1336 1756 547 1409 214 922 2757 2909 2047 2836 215 2422 1438 1714 224 1715 727 125 1724 1493 2993 161 2938 2227 1625 997 1661 526 1099 1079 2579 1307 2599 2026 2497 35 1472 143 1056 1312 1535 2556 1643 1011 2812 557 929 2972 2807 1453 2057 2429 883 2511 1096 2953 274 1774 2596 2383
Route 36 : 1326 325 566 2826 1825 39 453 1435 459 178 2935 2066 954 512 1959 1451 1953 2454 2951 1678 173 2012 1539 66 1244 1566 829 1673 2744 576 2329 316 715 1148 152 2648 2215 2076 1652 1384 289 163 1663 2884 1789 806 267 1306 2806 2306 1816 1767 179 376 1423 104 1876 1604 2923 1679
Route 37 : 578 1004 546 2078 1362 2046 2504 2862 327 1827 499 725 582 2082 1999 2225 149 513 448 1234 462 1649 194 1948 2734 2013 365 983 2483 659 1962 1865 1694 724 261 16 2159 1499 90 1516 478 2999 1761 2224 1205 1590 402 2705 1902 391 1470 1978 2970 1891 631 989 1125 248 2625 2131 2489 1748 326 257 357 1757 1857 1826 821 1097 2597 2321
Route 38 : 1184 763 338 2684 77 1577 1838 2263 1411 1086 350 2911 2586 710 968 2468 796 812 2210 1349 1850 2849 2312 2296 876 221 1434 2376 625 1159 1721 431 2125 874 2374 1931 99 2659 1374 2934 369 705 2874 73 2205 1599 700 1126 397 2626 1897 2200 1869 1573 1153 1136 1195 430 1930 2653 2695 2636 1068 972 181 1681 2472 2568
Route 39 : 753 959 1398 575 592 2898 1203 2075 2253 2092 2459 1051 2703 142 539 2551 815 449 1642 570 308 2315 1808 2039 51 1949 118 2070 826 1551 146 1389 1618 960 2889 624 407 2124 996 2326 2460 813 1907 1387 1646 2496 1481 160 2981 2887 1224 378 284 1784 2313 145 50 2724 1660 1878 555 2055 1550 1645 1005 1102 1207 2602 1067 2707 1218 2505 1413 1396 126 2913 689 2718 1626 2896 2567 2189
Route 40 : 941 201 890 510 412 2441 2390 332 1701 1445 1427 1912 1832 2927 2945 2010 1076 2576 978 1122 863 607 54 1152 2107 1554 2478 2622 113 423 2363 29 422 2652 1613 1529 288 1922 230 1923 102 363 1043 1602 1863 1730 1788 2543 95 865 226 2365 1595 1726 1361 782 2861 887 2387 360 2282 752 927 2252 507 2007 2427 1860
Route 41 : 346 882 1283 418 2382 2783 3 1846 1366 1503 877 2866 1085 1918 1044 2377 176 85 2585 1424 2544 778 1585 1676 1081 2924 2581 252 2278 53 639 255 1553 96 2139 1439 1755 1054 1596 1752 493 1168 1325 525 1993 2939 2668 2554 1274 2025 945 461 1317 2825 295 2445 2817 920 2420 2774 1380 1961 1795 440 1113 1397 2613 2880 1940 617 1069 380 2897 2569 2117 1880
Route 42 : 1405 52 199 353 435 1552 2905 537 1699 2037 1853 1935 1058 1216 2716 676 2176 2558 465 170 1104 531 853 192 2604 467 1670 2031 1967 2353 1692 1965 961 775 950 38 1188 2450 2461 2275 918 2688 1488 1538 2988 965 1077 822 985 2485 1138 933 2322 46 2418 1546 2465 2577 2433 206 309 2638 1393 982 2482 1809 2893 1133 1110 1706 2610 1106 2633 2606
