Instance name : nyc-n4000-3
Authors       : Isaiah Reimer (isaiah.reimer@rideco.com). RideCo (rideco.com)
Date          : 2023-04-04
Reference     : Rideco PDPTW Solver
Solution
Route 1 : 664 1065 78 656 1928 3065 2078 2664 747 3928 1539 172 2656 896 1203 721 2747 1089 2896 260 2172 1951 3203 3539 739 2721 3951 3089 2739 707 252 1018 2260 89 714 3018 2252 2707 2714 2089
Route 2 : 1404 298 616 5 907 11 2005 527 2011 1830 2298 37 2527 2616 3830 2907 3404 1610 1937 3937 1605 3605 3610 2037 1767 522 1338 724 795 1266 3767 2795 1039 2724 476 3338 2522 3266 3039 2476
Route 3 : 360 469 31 1990 688 2360 2469 1683 2031 1746 3990 2688 1402 3683 3402 816 834 3746 2816 837 1291 2834 1945 1100 1437 2837 1119 3437 3100 3291 3945 1008 441 542 3008 1555 2441 3555 2542 3119
Route 4 : 1194 519 1827 268 3194 376 1787 3827 489 2268 229 1663 2376 3787 2519 3663 2489 1930 2229 1631 3631 1807 532 1826 1820 2532 3807 3930 3820 1709 3826 872 1922 1083 3709 2872 286 3922 2286 3083
Route 5 : 500 1204 3204 2500 1494 1053 589 510 2510 2589 1913 3494 3913 1273 3053 567 108 197 1308 2567 247 2108 2247 915 3308 3273 1042 2197 565 2000 2915 4000 2565 3042 590 403 2590 2403
Route 6 : 1331 67 1568 809 290 85 2809 3568 2290 1779 1131 2067 3131 3779 1161 1735 553 3331 3161 761 2553 2085 23 2761 3735 1669 2023 870 3669 1522 1034 2870 399 3522 3034 1001 1985 2399 3001 3985
Route 7 : 1146 1011 1471 885 3146 1754 1344 3011 875 2885 1483 3344 2875 3754 3471 3483 96 1346 2096 729 1943 754 703 3346 2754 972 3943 2703 2729 2972 362 2362
Route 8 : 803 188 1221 1530 1648 2803 1606 3221 1469 2188 3648 3530 3469 3606 928 209 758 262 2209 2262 1856 2928 1771 2758 1832 3771 479 3856 144 3832 1135 2479 3135 2144
Route 9 : 1327 1074 1067 1707 838 1142 3707 100 3074 526 3067 2526 2838 3142 2100 3327 1957 1881 1178 1118 556 3957 3118 2556 1889 3178 509 3881 941 3889 777 2509 1028 2941 119 1561 1424 3028 3561 2119 2777 3424
Route 10 : 897 1306 602 682 3306 2682 2897 2602 192 1752 2192 3752 1596 697 1841 1496 3496 1080 2697 1307 3080 3596 1219 3841 358 1360 320 3219 3360 2358 2320 3307
Route 11 : 1751 866 1551 1406 1470 1357 3551 2866 3470 219 1699 3751 3357 1911 3406 610 2219 3911 1216 2610 1868 3216 3868 3699 680 1342 2680 3342
Route 12 : 1472 640 540 401 2640 3472 1006 1581 449 380 2540 3006 518 276 2380 3581 2276 2401 1305 2449 1110 2518 3305 3110 818 1828 613 1971 2818 947 940 2613 3971 3828 2947 1453 3453 2940
Route 13 : 1884 1739 807 1685 3884 1994 1514 3739 991 3685 3514 2807 820 1330 903 3994 2820 2991 2903 3330 84 368 204 2084 1215 2204 2368 3215 881 1582 331 1595 3595 2881 1976 2331 3582 131 3976 2131
Route 14 : 953 1526 692 503 3526 2953 2692 224 1986 2503 238 1553 516 1388 3986 2238 3553 1198 2224 3388 1238 2516 3238 1435 1237 313 3198 1420 3435 40 3237 3420 2313 80 332 2040 1152 1189 2080 2332 3189 3152
Route 15 : 1706 1196 27 256 3706 3196 1836 813 2027 757 2256 628 2813 3836 2628 2757 1819 1210 3819 341 3210 2341
Route 16 : 103 548 234 826 225 2234 2548 1657 2103 2826 2225 1941 3657 1718 491 3941 383 1116 2491 2383 1893 3718 1818 3893 3116 839 3818 2839 350 199 1030 2350 3030 2199
Route 17 : 1105 725 257 1188 1887 3105 429 2257 3887 619 1033 2619 2429 3033 3188 2725 349 1382 718 1077 2718 3382 3077 1415 2349 1434 1753 3753 3415 3434 1891 3891
Route 18 : 1538 1359 1813 1004 946 3359 2946 3813 300 3004 969 123 176 2300 2123 2969 2176 3538 212 83 1722 484 1491 2212 543 3491 1010 2484 2083 3722 828 1173 3010 1812 2828 2543 3173 3812
Route 19 : 1441 508 41 3441 2508 1775 1794 218 90 2041 1250 2218 778 3775 339 1154 2339 3794 3250 3154 2090 2778 727 961 1063 2961 2727 845 3063 1261 53 22 2845 1525 2022 2053 3261 222 3525 1942 2222 3942
Route 20 : 43 3 175 442 2175 2043 1727 137 2442 2003 584 2137 2584 1407 3727 1446 1574 1297 3574 3446 336 402 3407 3297 2402 2336 716 1354 1731 3354 2716 3731
Route 21 : 523 1279 375 447 1543 2523 2375 3279 1872 2447 1688 3543 1111 3872 3688 1095 3111 1492 422 3095 1236 3492 2422 3236 1766 346 3766 2346
Route 22 : 1577 1475 1207 1666 1163 3207 3577 297 3475 1627 1672 3666 3627 3163 2297 50 835 315 2315 985 2050 3672 2835 956 1019 1395 1235 2985 1510 3019 3235 1249 1623 2956 3395 3623 3510 284 3249 2284
Route 23 : 1233 1852 1894 1736 1115 3852 421 3115 1224 3233 2421 3894 3736 670 265 3224 198 2670 2265 507 2198 163 2507 2163 76 806 2076 202 1179 910 2806 1293 3293 2910 1428 2202 3428 3179
Route 24 : 1328 1365 842 102 1859 1867 3859 1285 2842 1904 2102 1069 3285 3867 3328 3365 951 1275 3904 2951 1598 710 3275 1247 3069 1106 1677 2710 3247 3598 3106 3677 861 1445 1290 3445 1333 3290 3333 2861
Route 25 : 517 612 978 2978 679 1556 3556 2517 2612 2679 109 457 1982 2457 1761 2109 3982 236 1225 24 1122 2024 1093 3225 2236 283 3093 3761 3122 267 711 2283 2711 2267
Route 26 : 1554 1148 984 3554 3148 1625 3625 2984 788 2788 200 2200 737 1999 3999 723 974 2737 1542 99 954 2974 2099 3542 330 2723 525 2954 2330 916 2525 2916
Route 27 : 808 431 631 1589 943 2431 106 3589 2631 448 1738 2808 2106 2448 2943 3738 1339 858 524 2858 2524 832 2832 30 3339 439 2439 2030 1265 587 2587 3265
Route 28 : 1232 671 293 140 2671 3232 2140 2293 1870 3870 20 2020 1638 804 291 127 2804 3638 82 2127 2082 2291 1103 1888 3888 782 2782 3103
Route 29 : 1715 1550 1314 1 1287 3715 3550 2001 3314 3287 1334 3334 771 2771 1765 1805 742 3805 609 2742 1967 581 3765 2609 3967 1773 3773 1254 3254 2581
Route 30 : 153 1788 207 1981 1785 1692 3788 1741 2207 1800 3785 3981 1947 3741 1593 3800 359 3947 3692 2153 854 2854 81 499 687 465 2081 2499 2359 2687 3593 436 2465 1880 1670 2436 1723 3880 3723 3670
Route 31 : 328 12 318 456 593 696 2593 294 2696 624 2624 2294 2328 2456 2012 2318 1058 1376 1759 365 537 3058 3376 562 3759 2562 44 1220 2365 2537 156 1703 317 2044 25 3220 2317 515 2025 3703 2156 2515
Route 32 : 1786 967 1474 3786 2967 440 1546 3474 3546 1877 2440 3877 1783 3783 592 1457 1240 2592 303 583 3457 3240 2583 2303
Route 33 : 72 410 1729 1040 988 932 3729 1366 2932 2072 3040 3366 2410 2988 299 744 2744 305 2299 734 919 1411 34 794 2305 2919 621 1000 2794 2034 3411 1686 1112 2734 3686 2621 3000 3112
Route 34 : 811 237 1545 1190 405 3545 1612 3190 149 2237 2811 730 3612 2149 1571 869 2730 3571 675 580 2405 2675 1217 1262 2580 2869 1176 3262 880 3217 3176 1626 2880 65 3626 1007 2065 3007
Route 35 : 945 1167 337 3167 2945 741 2741 2337 409 1120 2409 1272 1914 3272 3914 3120 843 534 1362 1353 2534 2843 1169 746 3362 3353 3169 2746
Route 36 : 1038 528 1066 1895 1521 3038 3066 658 3521 3895 2528 1917 452 850 2452 1381 2850 3917 2658 1547 3381 4 3547 1973 1687 1304 1487 1858 2004 3487 3858 3687 3973 536 3304 2536
Route 37 : 550 666 2550 2666 1790 3790 486 2486 1902 1575 3902 1153 3575 3153 1452 130 1101 3452 2130 3101 1296 1621 1356 3296 3621 3356
Route 38 : 1056 8 304 1117 912 1489 2008 3489 1449 3117 2304 3056 2912 3449 158 789 1493 1486 630 3486 2789 2158 3493 2630 1408 3408
Route 39 : 120 211 1016 2120 1970 1750 831 676 2831 3750 1186 3970 138 2211 3186 3016 2138 849 2676 1309 3309 2849 715 753 450 1661 2715 2450 244 743 2753 2244 3661 2743 1355 39 3355 2039
Route 40 : 1839 585 269 2269 281 2585 501 1317 3839 987 2501 2987 2281 3317 154 1768 708 1955 1616 2154 3955 3768 2708 363 3616 2363
Route 41 : 662 625 2662 79 867 2079 2625 2867 678 1325 511 93 1107 2511 1055 3325 2678 264 1918 3107 2093 3055 2264 1013 3918 1199 66 2066 1897 3013 3199 3897
Route 42 : 379 561 245 1097 623 1026 2561 462 3097 243 2462 2379 2623 998 2245 2243 799 2998 3026 451 1349 1513 458 1866 2799 1749 3866 3349 2451 2458 3749 3513 357 2357 1222 502 182 3222 2502 2182
Route 43 : 1898 464 1160 118 2464 2118 1144 787 3160 825 3898 986 3144 2787 1854 530 1423 3854 614 2986 3423 2825 2530 2614 775 1847 86 877 2775 2877 801 1343 2086 443 3847 3343 2801 2443
Route 44 : 75 1622 1374 1532 2075 512 1609 3622 3609 3374 434 597 2512 1031 1193 1228 2434 661 3193 3532 1647 3031 33 2597 844 3228 35 2661 2844 2035 2033 3647 278 1758 178 2278 9 2178 3758 1269 2009 3269
Route 45 : 1730 691 455 3730 1674 2455 1002 3674 2691 1162 3162 3002 1964 3964 59 1047 1916 572 2059 2572 3047 3916
Route 46 : 139 977 783 419 1882 1862 2139 2977 3862 2783 2419 3882 1620 713 316 2316 2713 1459 3620 3459 1456 1803 122 3803 1639 762 627 2627 848 2848 2122 3456 1195 2762 3639 559 3195 2559
Route 47 : 513 769 1479 1138 1094 1533 2513 883 3138 3533 2883 3094 1662 1583 3479 2769 1763 3583 790 355 1501 3662 2355 3501 2790 1885 3763 643 1476 344 2643 3476 598 639 3885 2344 2639 1926 1651 2598 3651 3926
Route 48 : 423 1745 165 1548 856 2423 150 1443 2150 2165 1017 1096 3443 3096 3548 3745 2856 3017 1379 1799 1822 669 756 3799 3379 2669 1944 326 1447 56 3447 2756 2056 3822 3944 2326 133 1536 2133 3536
Route 49 : 415 374 2374 2415 576 487 129 1681 2487 3681 2129 63 2576 884 210 1848 1691 2063 2884 3691 1720 398 3848 2210 1863 3863 19 1865 2398 3720 3865 1257 2019 3257
Route 50 : 206 971 595 1128 860 2595 2206 3128 477 2971 2860 1200 2477 3200 1393 1322 846 994 1516 3393 1673 2994 2846 3322 1619 3516 3673 324 728 3619 1244 1455 2324 1267 1984 3455 2728 3267 3244 3984
Route 51 : 650 1641 2650 3641 1653 3653 1956 1172 1531 1846 3172 3531 3846 3956 931 2931 1748 1197 1177 334 371 3177 1062 2334 2371 3197 3062 1398 1958 3748 547 3398 3958 2547
Route 52 : 652 1946 1133 1218 1462 1025 2652 386 3462 2386 70 370 3133 3218 3946 3025 1139 2370 2070 918 1351 1604 1931 3351 239 3139 3604 2918 1804 1300 798 2239 28 3931 3300 3804 301 1073 2798 2028 3073 1810 2301 3810
Route 53 : 1950 1481 3950 3481 942 939 425 463 32 2425 1134 2942 1113 2939 2463 2032 69 981 1535 3134 2069 3535 3113 2981 793 1764 2793 1052 3764 3052
Route 54 : 1600 1061 461 60 963 2060 2963 1640 604 2461 554 3061 1586 2554 1921 3640 1498 3600 2604 1529 3586 3529 3921 3498 1704 7 1966 6 3704 2006 2007 765 311 3966 2765 2311
Route 55 : 378 1537 2378 980 3537 1933 717 1337 2980 3337 3933 569 1484 1230 1907 2717 3230 3484 2569 3907 1587 1060 1567 763 780 3587 3060 2763 2780 3567 427 958 2427 1801 2958 205 3801 557 2557 2205
Route 56 : 855 1497 115 1757 171 1502 3757 2171 3497 2855 3502 2115 189 701 1251 1969 472 2189 3969 1125 1419 3251 1243 2701 3419 3125 2472 3243 851 285 2851 2285 1318 546 2546 3318
Route 57 : 1978 819 1295 152 1303 3303 1191 1458 2819 864 2152 1972 3295 3458 3972 2864 3978 3191 796 51 1642 1036 1660 768 3642 3036 3660 2051 2768 407 1684 888 141 2796 2888 2141 2407 1682 923 3684 3682 2923
Route 58 : 223 361 1048 306 1192 2223 2361 3048 3192 2306 948 2948 1340 1377 194 496 1091 1802 3377 3340 3091 2496 2194 1506 3802 1363 295 3506 1075 638 3075 2295 2638 3363 1271 1617 3271 3617
Route 59 : 77 1654 179 677 1384 2077 1368 749 2677 241 3654 3384 2749 925 982 3368 2179 2925 2982 2241 1925 852 1851 272 2272 2852 3925 603 321 1442 2603 3442 396 1965 3965 1078 2396 2321 3851 3078
Route 60 : 1436 1678 1833 574 659 2659 3678 606 1208 3208 2606 1655 3833 822 3436 2822 3655 2574 1716 1321 633 1264 3716 48 2633 3321 3264 1151 2048 1808 3151 815 3808 1936 2815 1652 3936 3652
Route 61 : 1770 466 173 417 2466 1608 3770 2173 2417 3608 1478 1005 892 1592 3478 2892 3005 909 1369 3592 784 1286 996 3369 2784 999 2909 3286 2996 1519 586 3519 2586 2999
Route 62 : 1549 136 1108 3549 1588 2136 1316 3588 736 2736 3316 3108 1559 3559 1585 924 1121 1815 3121 1440 2924 1157 637 3815 3585 3440 3157 2637 1908 810 1059 3908 1312 3059 2810 3312
Route 63 : 1634 1136 1049 3136 1466 3634 3466 3049 377 148 830 2830 46 2377 323 2148 232 2046 665 2232 1037 1629 2323 2665 1992 1213 3992 3629 3037 3213
Route 64 : 1821 1590 1557 1258 3590 1717 3258 3821 3557 1364 3364 899 3717 2899 929 347 964 1319 2964 110 1239 2929 1886 2347 3319 2110 505 3886 1915 3239 1650 3915 2505 596 1064 2596 578 887 3650 3064 2578 1282 2887 3282
Route 65 : 1373 1499 1560 94 1396 3396 1998 1389 3373 1953 3560 3389 3998 2094 3499 3953 966 1050 444 1781 2966 2444 3781 575 3050 1983 2575 1421 3983 1713 3713 145 3421 731 2145 2731
Route 66 : 1245 1572 168 1814 814 3814 1879 3572 694 2168 1372 1495 3245 3495 3372 2814 3879 2694 673 470 1021 3021 2470 2673 709 1150 1092 3150 467 618 2709 2618 3092 2467
Route 67 : 111 1996 1082 1700 1732 248 3082 2111 1223 1816 3732 3700 113 2248 1721 3816 3996 3223 2113 3721 420 632 1570 2420 738 3570 107 2738 1274 2632 1701 1413 3274 862 2107 3413 2862 3701
Route 68 : 1431 1214 1853 1671 3853 3214 560 183 3431 1698 1906 3671 2560 3698 228 2183 186 3906 1246 1778 2228 3778 3246 781 2186 2781
Route 69 : 1649 1044 1009 1329 1015 3044 493 3009 1656 3015 319 2319 1624 3329 433 213 3624 3649 2493 626 1823 3656 2213 1448 2626 3823 3448 1659 833 2433 14 1774 2833 2014 3659 191 3774 292 259 607 2191 1323 2607 2259 2292 3323
Route 70 : 792 1817 766 582 2766 2792 2582 3817 1054 1558 392 926 770 2392 3558 3054 704 2770 1796 2926 1012 2704 1509 485 653 3509 2485 3012 2653 3796
Route 71 : 1664 249 868 3664 1394 764 635 2764 2249 2868 2635 3394 1168 660 3168 271 406 2271 2660 97 2406 2097
Route 72 : 1511 310 1534 45 2310 1149 1939 2045 3511 68 1552 2068 3552 3149 3939 62 481 3534 1311 2481 2062 61 3311 957 215 722 2215 2061 740 2957 2722 878 2740 2878
Route 73 : 495 161 413 949 1919 2495 164 2161 2949 2413 1102 1090 3102 2164 1174 1468 3090 1855 1324 3919 3468 905 3324 3855 1205 3174 1145 3205 733 1071 263 3145 629 2263 2733 2905 2629 1164 3071 3164
Route 74 : 1597 886 1905 201 289 3905 64 1954 2886 1043 3954 3043 2064 720 3597 2201 366 568 2289 952 1694 2568 2366 2952 2720 3694 1675 1087 914 1263 683 2914 3675 3087 2683 3263 372 908 2372 2908
Route 75 : 1697 1278 900 995 642 3697 1084 3278 2995 2642 29 1829 1416 649 2900 453 3416 3084 3829 2649 2453 2029 473 930 1234 2930 3234 2473 636 920 1155 841 3155 2920 2636 2841
Route 76 : 617 160 1824 1079 2160 3079 3824 1584 2617 648 2648 3584 544 1367 3367 2544 1599 343 287 1899 132 3599 3899 2287 2132 2343 353 591 411 2353 2411 2591
Route 77 : 116 437 889 644 2889 2116 400 2400 101 2437 1929 1143 2644 853 47 2047 3929 2101 3143 2853 1422 579 1070 2579 3070 1892 3422 1601 3601 3892
Route 78 : 340 1789 428 3789 2340 382 2428 49 938 1712 266 2382 3712 1795 2049 2266 840 3795 2938 95 1280 2840 1072 2095 3280 1611 3611 3072
Route 79 : 686 1518 3518 2686 1756 571 388 2388 552 3756 1845 1743 2552 1127 2571 1850 3743 3850 397 3127 1871 1932 3845 3932 2397 3871
Route 80 : 387 1991 288 2387 2288 3991 1784 3784 1935 3935 1527 1831 735 279 1646 3831 3527 3646 2735 2279 1326 983 1156 490 3156 1959 3326 2983 2490 3959
Route 81 : 1517 196 230 1032 3517 847 2196 3032 1811 3811 663 2847 1927 3927 335 2335 990 2663 2230 2990 1725 408 395 147 2408 2395 3725 2147
Route 82 : 57 1806 468 645 1667 2057 1035 1425 3667 3035 426 1618 2645 1512 2468 3806 3512 3618 3425 2426 1460 416 1980 1045 3460 217 1029 3980 2416 3029 2217 3045
Route 83 : 1371 432 1602 674 1248 3248 2432 1989 2674 3602 3989 208 3371 2208 514 1104 1564 2514 3564 314 1563 3104 1573 1860 3573 2314 3563 3860 933 1708 1256 1352 3352 3708 3256 2933
Route 84 : 1182 802 1417 3182 3417 2802 1277 3277 1147 3147 190 1503 573 2573 3503 2190 273 1255 1294 1242 3294 3242 2273 3255 1840 146 3840 177 2146 1051 3051 2177
Route 85 : 174 1515 1270 1253 1540 2174 3540 240 1386 1883 3253 2240 922 3515 277 3270 3386 2922 3883 2277 1635 1385 1180 275 1974 3385 460 2275 3635 874 773 3974 3180 2460 2773 2874
Route 86 : 246 549 1490 16 1299 2246 3490 3299 2016 104 2549 2104 435 1901 902 1465 2435 1975 3465 1524 3901 1724 2902 308 1392 3724 1206 3524 2308 3392 3206 3975 712 594 695 2712 2594 2695
Route 87 : 1874 599 1229 3874 3229 338 1283 3283 2599 1260 1702 1409 3260 2338 989 235 1418 3702 1934 2989 1665 2235 3409 280 3934 917 114 2114 1463 1241 3665 2280 3418 3241 3463 2917
Route 88 : 474 1644 2474 805 3644 2805 700 2700 351 2351 1993 857 3993 483 1450 827 2827 1227 2857 1565 3450 615 2483 3227 3565 2615 1348 1792 418 3792 3348 2418
Route 89 : 254 1358 1797 1132 3358 2254 1383 1438 3383 1439 3132 1645 3438 3797 1391 3439 3645 1844 151 3391 1719 1842 873 3844 3719 3842 1473 2151 2873 1520 329 1298 1378 1380 3473 3380 2329 3378 3298 3520 364 2364
Route 90 : 1837 193 520 105 622 3837 2622 2193 2520 2105 1426 1181 1793 1668 1387 3181 3426 3387 3793 327 2327 1680 1361 475 1350 3668 2475 3680 3361 3350
Route 91 : 521 394 1175 1124 2394 2521 3175 3124 1637 3637 667 2667 1705 3705 1988 955 15 1226 3988 950 836 203 2950 2955 2015 3226 871 2203 2871 2836 187 2187 1414 3414
Route 92 : 1109 1523 384 1755 2384 3755 539 1613 558 3109 2539 1482 3613 1313 3523 159 2558 3482 3313 2159 231 126 134 2231 2126 2134
Route 93 : 1857 1798 898 2898 170 2170 1614 3798 3614 242 921 2921 3857 1166 979 1430 2242 2979 3430 3166 1835 124 92 997 2124 3835 2092 2997
Route 94 : 1633 732 1566 1504 1480 2732 3480 3566 117 3633 1310 3504 2117 3310 220 1711 785 1461 3711 2785 2220 976 3461 1315 26 2976 1938 2026 3315 3938 1114 1477 1130 3114 3477 3130
Route 95 : 1733 1873 601 531 2531 3733 797 901 3873 706 2601 1057 1170 322 3170 2706 2797 2901 2322 1900 1427 1995 975 3057 3900 1231 3995 1320 3427 3231 2975 1003 3320 3003
Route 96 : 611 1488 1949 1696 2611 3696 3488 1081 3949 1876 3876 3081 385 2385 1332 1834 3834 1022 390 3022 2390 251 3332 2251 471 1041 2471 325 2325 3041 1658 3658 1397 3397
Route 97 : 352 1603 1528 1390 180 3528 3390 3603 2180 87 1695 1129 3129 3695 54 2087 690 2352 2054 2690 992 506 1126 2992 685 535 1940 3126 2506 879 3940 1903 962 890 2879 2685 1141 3903 2962 2535 2890 3141
Route 98 : 1579 221 1464 1399 342 3579 672 3464 166 2672 3399 719 786 2166 2786 1923 2719 1728 2221 3923 2342 935 1410 1838 895 3410 2935 3728 1896 3838 2895 1997 651 128 588 570 2651 3997 1485 2570 3896 74 2588 2128 2074 1963 3485 3963
Route 99 : 167 309 1099 216 1288 2309 2167 389 1046 3288 3099 1429 3046 1780 1123 2216 3429 2389 3780 3123 1825 1165 373 1578 3825 1782 3782 2373 3165 3578 1211 993 1068 3211 2993 3068
Route 100 : 566 1508 255 226 1809 155 3508 2155 73 2566 608 2226 3809 1412 894 2255 2608 3412 2073 2894 750 1690 655 876 800 10 2876 2750 2655 3690 2800 404 2010 195 1541 253 2253 2404 2195 3541
Route 101 : 1791 3791 1961 1864 1401 13 1184 1920 3961 3864 3184 3920 1777 824 1341 2013 3401 1968 1276 3341 859 2824 282 2282 3968 3777 1869 2859 504 3276 3869 1209 699 3209 2699 2504
Route 102 : 21 821 2821 1345 2021 414 1679 1302 3679 2414 3345 296 1875 705 2296 3302 634 772 478 689 2478 3875 1158 2705 973 965 2772 3158 2634 2689 1693 2973 2965 3693 1952 233 2233 3952
Route 103 : 52 529 1878 1185 121 36 2052 2121 2529 1607 904 459 2459 3878 3185 2036 2904 1747 454 641 791 3607 3747 2454 2641 911 1375 2791 1281 755 3375 3281 2911 181 2755 1187 2181 1576 3187 1987 3576 3987
Route 104 : 169 112 681 1014 412 312 2681 2412 968 2169 2112 698 2312 1454 960 3454 2968 3014 1676 2960 2698 1085 1636 823 3676 333 3636 3085 817 2823 1432 1910 2817 1630 2333 3910 3630 3432
Route 105 : 1628 944 1912 1024 3912 3628 3024 2944 369 2369 1027 3027 58 684 2058 2684 1948 393 1252 779 3252 1433 1335 3335 3948 1562 1569 3433 2779 1580 2393 913 3580 3569 2913 3562
Route 106 : 214 480 863 1400 2480 3400 2863 959 551 2959 2214 162 767 1347 2767 3347 492 577 2551 2162 98 2492 2577 1201 2098 381 726 1023 3201 538 2726 2538 1769 2381 1615 3023 774 3615 3769 2774
Route 107 : 1960 865 1451 2865 3451 3960 55 18 494 654 2654 2055 1714 2494 3714 143 937 2018 647 1301 1689 2143 2937 3689 2647 3301 1744 391 3744 1594 2391 445 533 3594 2533 2445
Route 108 : 1591 250 274 3591 2274 354 2250 2354 367 752 2367 1760 927 2752 3760 2927 345 776 1159 1710 1500 1849 3159 2776 3710 2345 3500 1734 3849 3734 17 497 2017 227 1202 1137 3202 2497 2227 3137
Route 109 : 657 1979 1268 760 3979 668 1403 3268 302 1726 2302 829 2760 2657 2668 1292 605 1544 2829 2605 3726 3403 1171 3544 3292 71 3171 270 564 1140 482 2071 2270 88 1737 2088 2564 2482 3140 1643 3737 3643
Route 110 : 1742 1909 348 438 2438 1632 2348 3742 3632 3909 1336 1924 307 3924 1762 3336 125 2307 1776 498 1507 3507 3762 1076 2498 3776 2125 142 3076 424 2142 2424
Route 111 : 555 1772 2555 3772 1098 3098 1405 3405 1086 812 3086 541 261 906 258 759 2906 2759 1088 2812 2261 2541 893 2258 1505 2893 1962 3505 970 3088 1259 3962 3259 2970
Route 112 : 38 185 702 1861 1183 2185 2038 3183 91 3861 1444 135 1370 2702 2 745 2091 157 2745 356 3370 3444 2135 693 1843 600 2002 1977 2157 1890 3843 2356 2600 3977 2693 882 1020 446 184 2882 3020 3890 545 2446 2545 2184
Route 113 : 620 563 1212 1289 2620 2563 3289 3212 430 2430 646 1740 936 934 891 2891 2934 3740 2936 2646 751 748 488 1284 2751 2488 1467 42 3284 2042 2748 3467
