Instance name : nyc-n600-5
Authors       : Isaiah Reimer (isaiah.reimer@rideco.com). RideCo (rideco.com)
Date          : 2023-04-05
Reference     : Rideco PDPTW Solver
Solution
Route 1 : 113 2 413 43 302 175 343 278 475 229 130 578 430 273 573 529 294 61 295 361 595 594 137 87 128 437 298 387 197 94 428 78 497 378 98 394 155 598 227 527 455 398
Route 2 : 186 39 96 396 339 486 105 154 183 13 405 313 176 483 454 237 537 476 166 284 184 234 584 484 164 534 66 464 200 300 466 500 297 189 12 597 366 312 600 489 157 71 457 371 226 172 83 179 472 174 383 474 162 526 76 26 376 462 479 326
Route 3 : 25 241 59 277 541 577 161 180 178 461 359 325 230 480 134 478 530 86 110 434 9 240 57 410 269 540 248 309 286 386 357 548 586 569 244 56 222 265 165 356 565 544 465 522 231 75 133 211 106 531 406 54 511 149 114 433 158 375 239 449 188 414 539 28 488 354 328 458
Route 4 : 3 147 263 47 303 228 116 563 528 447 416 124 347 8 152 101 308 205 505 424 401 48 14 218 452 202 518 348 236 27 502 35 314 112 235 536 173 327 144 535 140 473 335 252 440 139 270 444 412 570 552 439 91 84 216 6 292 306 73 384 516 60 360 125 592 391 373 138 181 481 438 425
Route 5 : 148 448 209 108 221 233 17 533 408 285 97 317 585 521 509 46 268 131 397 431 88 568 142 388 253 18 346 553 115 442 318 249 69 65 369 415 122 549 208 365 508 291 153 422 63 103 254 453 288 591 363 79 167 290 554 232 588 403 590 532 379 467 266 220 566 520
Route 6 : 16 29 316 58 104 250 358 404 329 550 262 261 193 177 204 11 562 311 143 185 561 493 477 443 170 30 32 504 293 470 257 330 332 593 485 557 111 126 41 426 281 411 581 34 341 82 99 95 395 334 123 399 423 382
Route 7 : 223 191 224 145 524 194 491 523 445 38 338 247 287 117 494 64 206 547 506 417 156 53 364 207 456 507 353 587 251 100 258 400 558 136 24 279 551 579 187 70 215 436 515 370 212 242 324 512 487 542
Route 8 : 151 85 132 159 141 44 432 459 1 150 301 441 344 385 451 450 201 501 163 182 238 482 463 275 538 160 4 15 575 460 199 276 304 203 195 499 576 503 315 5 121 495 146 421 45 305 345 256 62 556 107 20 407 362 320 446
Route 9 : 171 196 40 198 243 471 498 496 210 340 510 543 33 333 135 92 52 259 392 50 255 31 435 352 350 559 120 555 7 55 420 307 331 267 10 274 89 310 190 389 355 574 567 23 67 72 219 490 372 519 51 19 319 351 299 367 323 81 381 93 37 337 393 599 102 127 80 283 583 402 427 380
Route 10 : 296 217 260 596 560 246 517 282 213 546 513 280 129 582 36 264 580 22 336 429 245 192 564 169 322 545 492 225 168 214 271 21 469 514 289 109 525 321 77 377 409 571 468 272 68 90 49 589 119 349 572 390 74 368 42 419 118 374 342 418
