Instance name:	nyc-n5000-1
Authors:		Carlo Sartori and Luciana Buriol
Date:			2019-2-11
Reference:		A matheuristic approach to the PDPTW (to be submitted)
Solution
Route 1 : 227 1570 2727 2296 192 1648 2692 4796 2094 4594 2289 2235 4148 1891 494 4391 348 4735 277 4070 1453 2994 245 4789 2848 3953 2328 1963 2745 409 4828 4463 2909 2777
Route 2 : 1980 1065 1641 435 2215 4715 2935 3565 4480 4141 762 337 1405 733 640 3233 3262 3140 2837 3905 319 2819 925 714 765 3265 3214 1471 3425 702 2196 3971 1862 1477 4696 3202 2396 2491 237 4991 4896 4362 3977 2737
Route 3 : 283 2098 862 2783 1998 1062 123 2499 4598 718 3218 4498 2623 3562 3362 4999 1558 4058 1040 665 1021 1317 1877 750 3540 1886 3521 4377 3165 3250 680 1830 2189 3817 988 4386 1421 4689 3180 4330 3488 3921
Route 4 : 1174 1064 2478 1817 1870 2343 3674 2190 3564 4843 2041 4978 68 865 3365 1594 2568 4541 2142 4690 4370 4642 4317 2090 4094 1304 4590 1189 3804 1484 1346 1009 3689 949 3984 3449 3846 3509
Route 5 : 1861 1495 611 752 3995 441 3252 1361 836 4361 3111 264 2941 3336 2764 585 1593 2150 1105 4650 3085 269 3605 683 4093 3183 2769 3861 2267 1422 1036 2143 4767 3922 1868 226 2726 4368 4643 3536
Route 6 : 309 1055 476 453 2158 2953 3555 2809 2976 4658 782 3282 436 1785 2936 4285 551 1365 621 3865 1324 1519 3051 1958 1791 3121 3824 1410 4291 592 4019 927 3910 1531 3427 4458 4031 3092
Route 7 : 1616 1972 999 374 522 1777 4472 3499 3022 2004 2081 2007 4581 4504 1362 2874 4116 2431 4277 185 4507 1029 4931 2378 3529 4878 335 2685 3862 2176 1510 2835 558 4676 4010 998 137 3058 3498 1161 2637 643 3661 3143
Route 8 : 486 2246 1402 1848 1975 2986 1770 4475 3902 1509 4746 1041 2152 1306 3806 4009 2252 4270 893 3541 50 1718 4652 167 4752 4348 3393 787 2667 287 992 4218 2550 1559 3287 507 4059 3492 282 1765 4265 2787 3007 2782
Route 9 : 954 2121 616 554 792 1063 3454 4621 3292 3116 1665 320 4165 3054 2820 3563 2117 1348 866 1556 3848 4617 1175 580 1231 3366 3731 1284 3675 911 4056 3080 1762 630 3784 4262 3411 3130
Route 10 : 575 2251 2430 1713 4751 4930 1120 3075 4213 1926 802 895 3620 2498 1004 2010 4510 414 3395 2914 3302 673 1940 4426 681 4440 3173 3504 4998 647 54 3181 725 2181 2554 4681 3147 662 1239 3225 1776 4276 3162 3739
Route 11 : 2015 2457 4957 1576 2234 840 622 4076 1256 428 4515 1168 3122 3668 2928 1686 3340 1019 1900 4734 3756 4186 4400 3519 538 1478 1717 755 3038 1882 4217 907 3255 3978 4382 3407
Route 12 : 1456 1590 874 443 655 422 3374 2943 2922 4090 2291 4791 3155 3956 2274 2425 402 566 1742 1002 4774 1977 4477 3066 742 1334 3834 2902 1082 4925 1209 3502 3582 3709 4242 3242
Route 13 : 419 401 795 2919 2021 4521 163 3295 2413 1709 691 2901 2663 2391 4913 357 1319 3191 88 4891 3819 4209 2857 2588 134 2133 527 296 1849 2634 181 4633 2796 2393 1103 3027 2681 4893 4349 3603
Route 14 : 2097 639 2211 1342 689 969 4711 1407 3189 708 3907 3842 1072 3469 4597 1894 650 3572 3208 3150 1819 1005 698 3139 4394 3505 4319 95 1454 3954 3198 2290 1692 1754 676 4790 3176 4192 1184 4254 2595 3684
Route 15 : 1000 666 1652 810 3500 1688 3310 3166 39 4152 2539 4188 526 3026 980 2024 3480 2373 4524 85 1089 4873 77 1601 2149 97 4101 4649 3589 1611 2577 935 4111 2384 2585 1580 2597 2397 3435 4080 4884 4897
Route 16 : 2000 1153 1729 117 1702 3653 2617 4500 4202 4229 2020 940 648 1856 317 1214 3440 2817 3714 446 4520 1711 2946 4356 3148 131 219 46 2631 4211 2719 669 516 2546 150 809 3309 1093 3016 2650 2209 3593 3169 4709
Route 17 : 1335 2448 528 3835 3028 4948 434 379 1288 2934 1605 967 2879 12 2401 4901 3467 1892 3788 47 1915 4415 2547 1879 2512 1631 4392 4105 4379 4131
Route 18 : 1615 2319 919 2366 1737 4819 3419 4115 4866 4237 497 470 692 153 2179 2653 3192 1845 4679 704 813 2997 667 2970 4345 61 3167 2561 1897 2466 2317 4397 2115 3313 4966 4615 3204 4817
Route 19 : 457 41 897 2957 382 536 1417 1111 3611 2882 2541 2365 1606 1799 3917 4865 1235 3036 4299 1187 3735 1948 1001 184 3687 1485 4106 148 2684 2648 553 248 3501 3985 2124 3397 4448 1481 1412 1244 3744 4624 3981 3053 3912 2748
Route 20 : 1909 2438 281 796 4938 4409 1396 956 1126 3296 2148 3896 3626 3456 1761 2781 214 4261 972 962 923 1501 4648 1557 2714 2495 4001 1683 3472 213 4995 1179 4183 3462 2127 3423 3679 2713 4627 2026 4057 4526
Route 21 : 2305 1932 2364 2339 500 4432 1490 4864 2354 292 4805 1275 3000 108 2792 993 4839 2608 4854 3990 3775 3493 2460 1699 841 2441 4199 2170 771 4941 381 4670 187 2881 939 3271 4960 2687 2372 3341 8 849 253 2753 4872 2508 3349 3439
Route 22 : 2035 1110 120 1281 1404 2620 4535 3610 793 3781 3293 1143 3904 921 1659 3421 3643 1574 1282 4159 1424 1820 2208 4074 1676 1030 4176 3530 3782 4708 705 90 4320 922 413 3924 2590 1617 1850 3205 2073 2913 2402 4573 4350 4902 4117 3422
Route 23 : 2314 1852 229 979 4352 4814 3479 2729 6 2506 908 3408 1053 2141 3553 27 4641 1139 2527 1749 3639 618 1707 4249 1706 4207 3118 1489 417 4206 3989 2307 2079 2917 101 961 2403 4579 4807 4903 2601 3461
Route 24 : 929 937 1220 2199 710 3429 1658 4158 3210 4699 143 3720 1984 465 3437 2643 1551 2965 4051 451 964 1874 2951 250 4374 1613 4484 930 1104 3464 3430 2750 3604 4113
Route 25 : 2086 303 2459 2453 4586 724 1690 2803 1969 3224 641 4469 2048 4548 3141 4190 1920 1739 4953 1408 1782 597 3097 4959 4239 4420 1947 613 3908 4282 1077 4447 1470 3113 3577 2188 1488 3970 3988 4688
Route 26 : 603 1350 1694 1061 1251 1493 3993 1527 3561 3850 997 1102 3751 3602 1151 2096 4027 3497 3103 3651 4194 2278 1863 2138 373 1936 4596 1212 4638 2873 4778 4436 1902 2412 3712 4363 2101 4912 4402 1272 3772 4601
Route 27 : 1427 785 2427 605 3285 2492 1518 2389 3105 4889 3927 4927 4992 4018 1201 1295 2042 25 3701 4542 175 3795 786 2525 471 1217 14 2971 663 3717 2675 3163 2514 1720 1827 1919 4220 2408 4327 4908 4419 3286
Route 28 : 931 859 634 17 3134 1773 2259 2159 3431 2310 4759 4659 4273 4810 479 67 2160 2517 3359 578 1539 2979 1380 3880 2078 4578 2567 4660 4039 1177 1681 3677 734 896 3078 3234 1434 4181 3396 3934
Route 29 : 1357 1031 2145 252 1149 1794 4645 3649 2350 4850 3531 3857 1008 3508 138 850 4294 333 2752 2638 875 1032 2833 2482 3375 1524 4982 2380 3532 2047 4880 3350 4024 4547
Route 30 : 871 2258 3371 4758 2185 1826 1930 355 4685 736 2855 4326 130 678 2112 4612 4430 1233 1383 80 3733 416 3883 880 3178 2580 3236 3380 2916 986 2630 330 166 3486 2830 2180 1918 172 2666 1085 1925 2672 3585 4425 4418 4680
Route 31 : 2037 400 1521 2272 1798 2900 2500 4772 4537 788 2108 4021 1632 305 5000 424 3288 2805 2924 4298 4608 4132 499 1066 1178 2240 2999 677 3678 3177 4740 2363 749 3566 1010 4863 3510 3249
Route 32 : 448 501 2426 2948 1274 3001 4926 1340 3840 1831 4331 1814 1345 1725 3774 361 2861 3845 4225 745 109 20 3245 4314 2609 1908 135 1415 2520 883 2635 449 1118 3915 1996 4408 3383 433 2119 2933 4496 3618 4619 2949
Route 33 : 869 1829 1467 233 2733 1248 3967 1124 3369 4329 3624 2217 4717 3748 966 1767 64 2452 288 2564 3466 668 1978 461 4478 4267 221 2387 3168 2085 4952 2788 2721 2961 4887 4585
Route 34 : 670 1520 3170 294 4020 2794 1595 1487 51 147 202 2647 284 2551 1796 3987 4095 1232 1710 2784 933 2230 3433 2702 2390 1027 4730 3527 4296 4890 3732 687 1416 2437 126 2326 4826 1537 2626 1730 3187 4937 3916 4037 4210 4230
Route 35 : 646 1663 1985 1569 1679 3146 1042 659 4163 1565 4485 4069 4179 776 1071 3276 3542 4065 3571 1993 3159 4493 1200 3700 469 1575 2969 2481 164 1592 4075 1226 1207 4092 1258 2664 1687 3707 1260 3726 3760 3758 4187 4981
Route 36 : 2154 129 223 2629 5 2332 37 2723 4832 1553 4654 2537 2294 2505 2436 2088 2033 4533 4936 938 2069 991 4588 2175 4053 4675 3491 982 4569 4794 2219 3438 1160 3660 4719 3482
Route 37 : 1633 2087 563 2156 1760 4260 1578 4078 3063 4656 2360 2483 4860 4587 4983 4133 631 69 700 688 3200 3188 1270 2569 2263 2173 1885 4385 4673 3770 510 4763 3131 3010
Route 38 : 478 351 2095 696 300 2851 2978 3196 1555 1192 1604 3692 1822 45 4104 4322 2800 2545 483 2983 4595 4055 1545 4045 2450 2140 1099 4640 198 2698 3599 218 133 909 549 4950 55 3049 2633 2718 2555 3409
Route 39 : 96 1460 372 2872 3960 2596 365 1968 4468 149 2865 685 2649 3185 778 3278 383 1581 4081 2883 1812 1052 4312 475 2975 1403 4 3552 49 2504 2549 3903
Route 40 : 975 1873 2062 3475 230 81 4562 838 1401 1176 2581 3338 3676 3901 2730 4373 790 2318 2461 1708 4208 797 432 3297 2932 125 2300 3290 2116 442 4800 2625 104 2942 158 2658 2604 4818 4961 4616
Route 41 : 1661 1599 1101 2362 464 2415 3601 1195 4099 89 4161 2589 2964 4862 4915 3695 2330 1011 336 1530 2202 867 3511 637 4030 2836 1550 1839 3137 926 4830 3426 4702 4050 3367 2207 799 4339 255 3299 4707 2755 735 3235
Route 42 : 156 547 1349 977 1084 2656 1392 3849 1810 3477 3892 3584 3047 4310 1889 574 2325 4389 2477 1990 1672 4490 4825 425 1626 4172 4977 4126 1960 2925 406 4460 2446 1689 3074 2906 70 1079 4189 3579 2570 4946
Route 43 : 376 2060 2876 4560 1832 1194 1211 220 3694 1705 2369 2076 3711 1793 4332 200 4293 1358 4205 4869 4576 2720 2022 706 3206 3858 2700 990 1847 1479 4522 1680 1815 3490 4347 1087 4180 3979 1216 4315 1624 3587 4124 3716
Route 44 : 1971 1381 3881 1240 4471 3740 2496 2255 1724 868 635 4224 3368 3135 4755 482 4996 2982 2218 2238 4738 4718 601 593 314 2165 273 268 2773 3101 3093 2814 2768 4665
Route 45 : 944 1394 2064 839 1464 826 3444 3894 1203 1492 4564 1129 3339 3326 2484 3964 1573 3703 3992 3629 1609 2128 4073 851 1047 1145 4984 3351 4628 860 3645 4109 1305 530 1563 3547 1721 3030 4063 15 1457 3360 3957 4221 2515 3805
Route 46 : 1586 327 2262 2249 4762 2827 2286 1169 1307 1043 4086 3669 1517 487 4749 2183 3543 4017 3807 4683 4786 1540 2358 2074 2987 1382 1351 2316 4040 3882 656 4574 1136 3851 4816 4858 1237 339 2204 3156 661 3636 3161 3737 2839 4704
Route 47 : 1309 346 1016 1949 629 1608 3129 4449 392 2846 3516 291 1224 4108 3809 2103 1276 4603 299 3776 3724 2791 769 2799 1662 2226 2040 741 2892 3269 664 3241 4726 4162 3164 4540 334 1227 3727 124 159 2624 2659 2834
Route 48 : 1535 2409 1159 1316 3816 3659 4035 887 2419 3387 1726 1273 4919 194 619 2694 4909 1528 4226 3119 3773 1924 1634 423 2302 628 4424 4802 2417 4134 4028 2155 1140 3128 1981 2923 4655 4917 2125 3640 367 2867 4481 4625
Route 49 : 2236 1006 136 1756 3506 2636 4736 606 1840 2439 4256 4340 3106 4939 1506 53 4006 1271 1835 2553 3771 338 1740 2838 1547 4240 4335 1230 4047 2458 34 2034 1420 3730 4958 3920 2534 4534
Route 50 : 837 965 1353 1385 855 3853 3337 3885 3355 1938 4438 1299 3799 856 1880 506 391 3006 1022 3356 2891 3522 1994 4380 581 3465 1476 3976 2379 512 4494 3081 4879 1229 550 3729 3012 3050
Route 51 : 1526 411 1452 1597 4097 4026 2911 1857 1106 822 3952 1931 3322 3606 1620 624 4357 4431 1600 3124 1997 4100 275 1538 489 2775 4038 1682 751 4120 2989 770 1210 4497 384 3710 345 4182 1497 3270 610 2845 2884 3997 3110 3251
Route 52 : 1249 2 1280 2462 2297 1758 4962 1731 3749 63 2502 1783 3780 4797 2563 4258 4231 801 4283 106 1331 1411 3911 1625 2606 3301 1759 626 2093 1059 3559 4125 2242 4593 4259 420 4742 3126 2920 3831
Route 53 : 1568 1436 263 195 1603 4103 4068 2763 1246 2695 1015 1186 3936 3686 3746 2178 1514 757 2469 697 4678 3515 3257 2182 858 1846 4014 3197 1982 4682 4969 3358 2465 4346 1364 3864 4482 4965
Route 54 : 2342 861 1048 2216 1080 4842 3361 259 4716 1466 2759 3580 1974 1703 803 632 4474 3548 4203 3132 542 3966 3303 817 1714 1204 1344 3042 1480 3317 4214 3844 2400 1265 832 3765 3704 4900 3980 3332
Route 55 : 844 1542 2017 2011 3344 1494 4042 1533 3994 4517 4511 1943 1123 1359 4443 3859 1033 3623 587 4033 3533 1269 2106 3087 289 4606 1148 3769 3648 1642 1802 4142 1439 235 2735 1952 1646 4302 4452 3939 4146 2789
Route 56 : 1505 847 1320 2028 4528 1591 1654 3820 3347 2282 4091 4154 1468 1734 4005 1914 3968 4234 1784 342 4782 174 2842 4414 4284 518 800 234 1242 3018 3742 2349 2734 467 3300 2674 4849 2967
Route 57 : 2375 1744 146 1838 4244 1627 1910 2475 4975 2646 1786 1255 4338 2428 4127 4410 4928 4286 4875 1097 1728 1379 3755 4228 3597 2254 3879 731 555 1939 3231 2109 4609 2399 2479 4439 4979 4754 4899 3055
Route 58 : 1549 1811 1491 1234 2129 4049 3734 4311 212 4629 1370 910 1300 2712 3870 3991 3800 805 1372 744 1447 3410 394 3244 2027 3872 3305 1374 3947 2894 4527 3874 535 1907 4407 3035
Route 59 : 31 2531 139 261 712 918 2761 3212 57 1128 2639 3628 2557 1808 1329 2003 1146 3418 4503 4308 3646 3829 812 2139 1572 4639 3312 1904 973 48 4404 2324 4072 3473 2548 1735 1355 3855 4824 4235
Route 60 : 1607 186 1825 627 210 4107 2686 963 3463 1656 114 4156 1723 2710 561 3127 2614 3061 4325 1068 4223 1290 915 976 1691 3568 3790 3415 4191 3476 932 1188 257 571 116 3432 3688 872 1716 2757 2616 3071 3372 4216
Route 61 : 808 1967 1544 834 1701 1223 4044 3334 3308 1241 1655 4201 4467 386 852 3741 4155 2886 1386 1668 3352 1757 638 3723 543 4257 3043 4168 1406 3886 1946 3138 4446 2029 3906 2269 1450 1323 3823 4529 2171 3950 4769 4671
Route 62 : 498 2105 481 892 2981 2998 2167 98 4667 3392 4605 943 557 722 1764 3222 3443 2598 3057 508 2169 4264 3008 1377 3877 4669 2191 987 3487 4691
Route 63 : 1045 92 1893 1823 1864 2592 4393 3545 2080 279 127 4323 4364 4580 2627 2779 1339 488 3839 492 2988 1964 1818 1147 1508 1515 2992 4008 1285 1393 3893 4464 3647 658 4015 4318 38 3785 3158 2538
Route 64 : 823 2277 2005 1836 4505 3323 1766 1596 1695 4336 4266 352 249 4096 1026 2104 4777 541 3526 1571 4071 1090 4604 2749 2852 1727 3590 1876 1074 4195 4376 4227 3574 2018 2444 2222 3041 1955 4722 1109 4944 4518 3609 4455
Route 65 : 241 59 2244 779 2741 1928 2039 4744 2559 3279 2311 1833 2338 2388 4539 93 4428 827 2593 2370 4811 1677 4838 4333 3327 474 1091 594 2974 4870 3591 2490 4990 3094 189 265 2228 491 4888 4177 684 2407 4728 3184 2689 2991 2765 4907
Route 66 : 2162 329 1455 1522 3955 4662 1469 2239 1155 196 4739 3969 994 623 2829 4022 3123 2696 3494 3655 2468 1367 2201 2434 484 4934 4701 4968 1516 3867 2984 1236 843 2077 4016 2275 3343 4577 3736 4775
Route 67 : 427 1262 1012 444 272 2944 21 3762 3512 2772 2927 1499 2521 316 520 2346 1092 537 3020 3999 4846 1056 2816 142 2264 3556 1496 2642 403 3996 4764 3037 2903 3592 2184 1199 3699 4684
Route 68 : 2102 324 899 3399 2824 4602 1953 1165 1738 1395 4238 3895 4453 1014 2231 359 564 2038 3514 4538 1582 4731 842 2859 2100 3064 717 4600 3342 3665 4082 3217
Route 69 : 556 713 1037 612 349 2849 3537 3056 615 3112 1779 2433 505 4933 3213 3115 1546 3005 4279 1 617 240 2487 2740 3117 2309 902 2493 4987 2383 4993 3402 2501 4809 4046 4883
Route 70 : 347 254 231 2016 2334 2731 951 1583 2754 2847 4516 1356 4834 426 3856 815 3451 503 4083 2926 3315 468 1715 78 4215 2472 2345 3003 4972 4845 2968 1986 178 2578 873 1225 2678 4486 3373 477 3725 2977
Route 71 : 636 2045 3136 1678 4178 1167 2395 1449 989 1076 3949 1198 3489 3698 3576 1156 3667 3656 4895 1117 4545 3617 1171 686 490 2990 2056 3671 1805 3186 2030 4305 4556 1049 1647 301 4530 1338 4147 2801 3838 3549
Route 72 : 1086 360 1507 539 747 2474 2860 388 3586 1929 3247 891 4429 3039 40 1650 2540 4974 4150 4007 3391 1390 43 2888 1131 121 2543 2089 1024 3890 1643 1976 3631 4143 2621 256 236 2756 4476 2736 3524 4589
Route 73 : 759 1970 3259 30 2050 168 1983 160 4550 1441 4483 2660 4470 598 2530 2668 2019 2386 4886 3098 1384 3941 4519 2356 2432 1463 4856 3884 1322 2327 3963 270 4932 1311 2770 4827 3822 3811
Route 74 : 1999 1142 3642 2174 1753 197 4499 1937 1116 2697 4253 52 3616 825 3325 4437 4674 2552 1639 2059 2285 4139 4559 1795 32 4295 2223 4785 2122 2532 228 1202 1637 4622 4723 1389 600 4137 2728 2423 1824 3702 3100 3889 4923 4324
Route 75 : 408 122 2908 1905 1636 4405 4136 2248 2622 105 1121 3621 462 1500 2605 1373 1579 1921 4000 2962 3873 4421 570 1899 4748 781 4079 216 1962 4462 2716 4399 3070 3281
Route 76 : 183 824 2233 1208 2298 2683 3324 4733 321 947 3447 764 87 3708 2821 4798 1511 205 458 2227 2587 2958 1462 649 3264 4727 1589 2705 3149 4011 1841 2340 2392 276 4089 1278 4840 1363 4341 4892 3778 2776 3962 3863
Route 77 : 2061 4561 754 3254 364 1218 740 1333 1878 3240 3718 399 2864 1157 1719 2899 4378 3833 3657 1851 4219 2322 945 1070 1459 4822 3570 3959 4351 3445 1243 244 2315 1875 1912 1888 3743 2744 4412 4375 4388 4815
Route 78 : 2299 1046 2046 22 2522 4546 4799 3546 2280 73 984 322 608 2353 3108 4780 2822 3484 1828 701 2573 4853 1630 821 848 3321 4328 3201 2348 3348 1354 4130 1807 4848 2198 224 4698 4307 3854 534 3034 2724
Route 79 : 2321 772 511 1965 267 4465 3011 1865 3272 1279 199 3779 4821 4365 225 2044 1398 2699 995 2767 1911 4411 79 3495 886 4544 19 2519 1685 3898 2579 1127 2725 418 3386 76 1435 1651 2576 4185 2918 3627 4151 3935
Route 80 : 1130 466 3630 2488 773 2052 1050 4988 3273 3550 2966 2225 4552 4725 545 3045 2341 609 568 2447 304 513 3013 4947 3109 3068 1388 4841 1988 2804 4488 3888
Route 81 : 942 870 2221 460 4721 3442 410 651 3370 2200 182 2910 853 29 2529 882 4700 2682 3151 3382 3353 1748 260 2960 2760 1950 916 583 1301 4248 955 2422 3801 1132 3455 4922 3632 3416 3083 4450
Route 82 : 1303 343 548 3803 258 2306 707 4806 380 3048 2758 3207 2880 2843 1712 4212 602 2136 1391 3891 1781 4636 2013 3102 4281 1107 959 586 576 3607 262 1966 4513 2464 2762 3086 3459 4964 4466 3076
Route 83 : 2485 2443 780 2157 906 3280 4943 3406 4985 903 2194 280 753 3403 1326 3253 4694 2780 502 3826 1247 4657 2273 3747 2229 4773 3002 2049 2214 565 4729 2421 4714 3065 4549 4921
Route 84 : 2359 179 173 1250 298 170 2798 2670 2679 4859 2673 1598 1860 1158 920 928 3420 1448 3658 912 3948 3750 3428 4098 190 4360 3412 2690 768 1414 290 3268 1038 2790 3914 1789 232 4289 3538 2732
Route 85 : 103 1842 295 524 1927 2795 2036 3024 4536 4427 496 2996 1628 385 2603 721 368 2012 4128 2868 3221 2885 4342 1254 4512 2210 3754 1261 1755 285 4710 2785 2051 4255 3761 4551
Route 86 : 2276 2250 2063 2132 1771 4750 1787 4632 1337 4271 4776 4563 4287 3837 1577 378 2420 2878 4920 1657 4077 323 4157 1503 1788 363 1629 2863 1959 4288 65 1664 4003 4129 2823 4164 4459 2565
Route 87 : 141 1451 1941 2641 4441 3951 729 3229 1474 604 3974 3104 953 807 353 1675 1774 2853 3307 3453 2337 1942 307 4274 4837 2168 4175 4668 1529 4442 2807 2009 4509 4029
Route 88 : 1096 2220 596 2163 3596 4720 1125 2266 1858 4663 4358 2410 3096 3625 738 4910 3238 1619 242 1797 4766 1674 4119 1425 1343 878 4297 4174 854 2742 3843 3378 3925 3354
Route 89 : 1308 176 829 569 2456 2147 4956 3808 375 3069 4647 1881 2676 370 1610 3329 1901 4110 1855 4381 946 4355 2875 1193 3446 828 2870 1913 4401 970 4413 2166 3328 3693 3470 2470 4666 2212 1803 1302 3802 4303 4712 4970
Route 90 : 1473 75 2575 3973 1733 4233 112 2612 1318 2253 1108 540 3818 177 3608 3040 4753 1548 1973 924 4473 573 2344 3424 4048 1443 2023 3073 2677 4844 4523 1003 3943 3503
Route 91 : 679 1347 1375 2206 3875 2247 3179 472 312 2972 4747 2287 699 4787 4706 405 2072 2812 3199 3847 4572 203 739 1837 1792 2703 1780 4280 3239 4292 2905 86 1182 306 4337 2586 695 3682 3195 2806
Route 92 : 901 2424 727 4924 1917 2418 4417 7 4918 2161 3401 2507 1058 2213 1119 3558 791 3227 421 3619 162 390 4713 4661 2921 3291 2890 894 1114 2662 3394 3614
Route 93 : 1007 1834 607 3107 2123 2416 1173 4623 4916 3673 728 589 3507 1371 4334 206 3228 26 2706 83 3089 2526 1409 2583 310 3871 1315 3909 366 2866 2031 2810 4531 3815 266 389 2766 2889
Route 94 : 1472 1144 2486 2377 3644 3972 4877 777 1585 1081 4986 960 439 3581 3277 4085 904 2939 1013 3460 3513 819 3404 958 889 1667 3389 3458 936 4167 2001 3319 3436 1446 1197 3697 4501 3946
Route 95 : 1286 2292 3786 746 1602 3246 437 4792 4102 881 1219 974 1732 3381 2256 4232 3474 2937 3719 4756 2243 1222 4743 1423 3722 340 3923 2320 1561 4820 4061 2303 2114 591 4614 1935 4803 3091 2840 33 4435 2533
Route 96 : 169 99 2151 1135 450 3635 1934 397 2950 2669 2897 4651 952 16 1419 3919 2599 3452 879 1433 2516 660 151 846 3160 4434 3933 1060 3346 2651 2144 3379 1584 3560 2331 1816 4831 4644 4316 4084
Route 97 : 132 985 100 509 2632 1437 743 2107 3485 1853 3009 723 4607 2600 1294 440 3794 4353 1263 3223 3937 2940 1956 1162 3763 1196 4456 3243 3662 393 209 1163 3696 758 2709 2893 595 3663 2172 3095 204 4672 2704 3258
Route 98 : 983 1191 1844 3483 3691 4344 2494 62 1293 243 3793 2562 326 2743 645 1843 4343 1094 2826 3145 72 1458 4994 3594 3958 2572 2237 271 74 1752 2288 720 2574 4737 3220 2771 4252 4788
Route 99 : 1440 407 3940 111 2611 2907 155 2655 1291 3791 2440 2032 246 1482 4940 4532 3982 2746 311 1536 890 2811 4036 3390 165 835 2351 4851 3335 2665
Route 100 : 674 2177 642 463 2963 4677 3142 3174 1442 1095 1228 1884 3728 1622 4384 495 2006 4122 4506 1444 3942 2367 1190 3690 3595 2995 1141 715 3944 1313 4867 2284 3641 1933 3215 1552 208 4052 1267 2708 3813 3767 4433 4784
Route 101 : 1073 1138 3573 3638 1431 1673 2054 2394 1957 4554 2224 4457 4173 2131 3931 4894 4631 1245 1100 4724 2489 3600 3745 318 2271 2336 1475 4989 2371 2818 3975 4871 4771 4836
Route 102 : 2304 344 2844 2065 1809 1264 4804 371 4565 709 2241 286 3764 1238 4309 1164 3209 4741 2786 1763 3664 1523 3738 4023 1895 1397 2871 2092 4263 760 4592 2197 4395 3897 1869 584 3084 4369 4697 3260
Route 103 : 459 473 447 56 332 2959 1746 1366 2947 2556 1979 4246 23 2523 297 2973 119 2832 1368 2797 2619 3868 3866 4479 682 1567 1883 504 3004 4383 239 913 4067 3182 13 217 3 2739 2513 1991 2717 2503 3413 4491
Route 104 : 774 934 654 2232 3274 2442 3154 1205 4732 1543 4942 1341 3434 3705 2405 3841 2111 4043 1769 4611 4905 1700 1075 4269 2352 3575 1325 4852 3825 4200
Route 105 : 1992 4492 588 3088 1154 1418 3654 2368 251 4868 3918 161 2411 2751 152 794 2661 215 2652 278 2715 4911 2778 3294
Route 106 : 362 1429 2002 1083 201 4502 3929 2862 2701 1898 3583 4398 2099 4599 1057 521 1332 693 3021 3193 2082 2268 4582 3832 3557 957 1170 1289 4768 145 1554 3457 493 2645 1612 3789 4054 3670 4112 2993
Route 107 : 546 140 1321 888 633 3821 3133 2640 2376 2335 1327 3388 1098 4876 730 3046 107 82 3230 331 2607 3827 978 3598 1310 514 2582 3478 783 3014 544 2831 3283 4835 1801 2053 4301 3810 4553 3044
Route 108 : 1944 191 454 1566 2954 387 4066 102 2887 4444 2691 2449 4949 2602 1623 4123 1213 3713 737 599 404 3237 3099 1896 1635 2058 1122 3622 4558 4396 2904 4135
Route 109 : 480 732 2480 525 1088 3232 4980 1054 3588 1995 2980 415 455 2915 4495 2070 3554 1638 3025 4138 2955 328 572 4570 157 877 2657 91 3377 3072 2828 2591
Route 110 : 36 559 1887 302 898 2536 3059 42 1502 4387 2802 3398 11 4002 356 2856 579 2511 2542 2113 711 1428 3928 3211 816 3079 1954 4613 3316 1152 3652 4454 1751 4251
Route 111 : 1806 2333 313 4306 2261 950 2813 1743 3450 2476 4833 2497 4243 1564 1560 4976 4997 2385 552 4060 4064 2068 1023 3052 917 4568 4761 3523 3417 2463 24 4885 1745 4245 2524 4963
Route 112 : 560 833 652 1747 3060 4247 3152 18 3333 315 2518 1314 567 377 1653 3814 2815 2877 3067 4153 1722 2398 529 3029 1704 1387 4898 4204 4222 582 3887 811 3082 3311
Route 113 : 2323 308 1426 830 884 1028 3384 4823 3528 3330 2808 3926 1445 1922 2312 4812 1866 2195 3945 4695 4422 4366 1614 2454 4114 4954 2203 4703 1259 2451 4951 1430 171 3759 2043 2671 3930 4543
Route 114 : 857 1253 28 864 2245 3753 2528 1750 4745 4250 3357 396 515 3364 1215 207 2896 3015 1113 3613 3715 2193 2707 84 2584 1872 4372 4693 1185 1486 3986 1283 2067 3685 3783 4567
Route 115 : 2257 1150 2137 2186 863 4757 3650 3363 948 2382 1035 876 3376 1821 3448 2414 4321 3535 4686 2066 4882 4637 1399 2329 2057 4914 1180 4829 4557 4566 1951 2270 3899 4770 3680 4451
Route 116 : 1562 1532 1772 71 2455 4062 4955 2571 4272 4032 531 2283 1166 4783 2153 519 3019 1297 128 1221 3666 900 3721 2628 3031 4653 1432 3400 3797 804 60 2560 3932 3304
Route 117 : 2084 412 188 981 4584 2912 3481 211 1378 1112 763 3878 3263 2688 2711 1696 4196 703 3612 2008 905 1923 1525 3203 4423 4508 4025 3405
Route 118 : 914 1903 2445 3414 1621 1649 4121 719 4945 1115 222 113 3219 2347 4847 2722 4149 1298 3615 2357 4403 2293 4857 3798 4793 2613 2471 4971
Route 119 : 2071 180 2680 2260 4571 438 1183 4760 767 620 3267 3120 2205 2938 4705 3683 1670 4170 1867 4367 532 2435 1134 3634 3032 4935
Route 120 : 2265 2279 1206 1465 1328 3706 3965 4765 3828 1741 1483 1666 3983 2429 4166 4929 4241 4779 1916 4416 1961 1778 485 4461 2985 1587 2091 4591 4278 1044 4087 3544
Route 121 : 1987 814 4487 3314 1736 4236 1588 452 4088 2952 58 690 1645 350 2558 66 2164 4145 3190 1330 3830 2850 590 2566 3090 4664
Route 122 : 358 1067 325 274 2120 1020 3567 4620 3520 2774 2858 1684 445 1698 1287 4184 644 3787 3144 2825 4198 2945 2146 2075 1906 4646 4575 4406
Route 123 : 1660 44 4160 2544 1438 577 1697 3077 818 4197 756 1413 3913 1257 2361 3757 1534 3256 4861 3318 154 3938 35 9 4034 1775 2509 2654 2535 4275
Route 124 : 1504 1400 806 3900 4004 1296 671 3306 2381 1268 1034 3171 2135 4881 1671 3534 1266 4635 4171 2295 3768 820 1640 3320 761 3796 716 1513 4795 3766 3261 4140 4013 3216
Route 125 : 2014 1768 4514 1790 4268 4290 1989 1352 1813 3852 4313 1693 562 3062 4489 4193 10 2510 2083 1854 4354 4583 1336 625 3125 1644 3836 4144
Route 126 : 1025 94 653 1890 748 2301 2594 369 2869 115 4801 2615 1252 4390 1369 3153 3248 3525 3752 3869 775 1618 784 1461 3275 238 4118 3961 2738 3284
Route 127 : 798 726 395 144 2644 3226 1069 2895 1512 2308 2126 3569 1292 3792 4626 1017 354 2854 4808 3517 118 3298 657 3157 4012 2618 398 1078 1360 2898 3860 3578
Route 128 : 1541 2134 2355 431 4855 1669 1804 4304 4634 2931 1172 4041 2055 2473 193 1312 4555 4973 3812 4169 1800 2693 533 2130 1018 4630 3518 3033 3672 4300 996 3496
Route 129 : 675 456 2956 293 430 2793 971 2930 2192 110 1039 2610 3175 4692 3539 3471 941 3441 1277 614 247 2406 517 3777 1945 4906 3017 3114 4445 2747
Route 130 : 766 1498 3266 831 3998 429 2929 1376 3876 1051 2110 4610 3551 845 3331 672 3172 3345 2374 341 789 2841 4874 3289
Route 131 : 2313 2404 885 1133 3385 2187 1871 1181 3633 2281 4813 4371 1137 694 4781 1859 4904 4359 3637 3681 4687 2025 3194 523 2467 2118 4618 968 4967 3023 4525 3468
