Instance name : nyc-n1500-3
Authors       : BIG3 - Dmitriy Yampolskiy, Egor Nikolaev and Daria Savina. Smart Logistics Point by the BigThree team (big3.ru).
Date          : 2025-04-22
Reference     : BigThree team (big3.ru)
Solution
Route 1 : 21 147 441 431 640 10 1191 506 1390 1181 897 771 760 307 90 546 541 840 1256 403 719 1291 5 1153 518 1057 1296 351 755 1469 1268 1101 720 732 1470 1482 11 385 272 104 190 1135 940 1022 64 168 761 221 854 814 918 971
Route 2 : 633 88 157 482 651 742 838 687 1383 1492 1232 907 1401 526 623 749 1437 1276 1499 346 1373 81 148 630 1096 339 1380 831 898 336 1089 262 256 1086 1006 263 606 554 1013 1356 553 1012 162 912 1303 1304
Route 3 : 536 597 468 408 68 741 818 273 1286 331 1218 1158 425 1347 1023 1081 1175 155 638 1491 748 905 1388 511 550 524 72 1498 1261 1274 822 1300 440 374 480 637 1124 1190 1387 1230
Route 4 : 454 714 398 170 234 24 1204 479 1464 920 1148 1229 725 984 421 622 774 669 128 1419 1372 878 1475 1171 138 16 94 344 1094 3 753 66 844 233 61 888 766 816 811 983
Route 5 : 83 184 214 38 573 934 964 833 788 1323 172 353 118 556 291 922 615 1103 486 1041 1306 868 337 1236 414 1365 369 592 599 1087 19 1164 713 375 1342 1463 1125 1119 1349 769
Route 6 : 616 504 268 1366 610 241 436 991 1254 274 693 491 1443 1024 1360 1018 1241 303 566 265 1316 1186 1015 1053 257 535 428 1007 549 1178 438 364 1285 1188 1299 293 1114 1043
Route 7 : 206 333 379 402 59 1152 186 1129 1083 956 473 98 936 539 587 1289 1223 1337 809 659 848 1409 395 540 37 1290 1145 189 180 939 930 787
Route 8 : 158 627 908 1377 355 1105 733 671 270 1020 356 322 1483 555 557 1421 182 1307 1072 729 1305 1106 932 1479 697 593 34 1447 229 784 602 488 1343 1352 427 979 1238 1177
Route 9 : 658 321 681 464 1431 724 496 69 1408 1071 1246 211 74 819 1474 961 411 85 1214 824 394 1161 835 422 529 1144 45 327 1279 1077 1172 795 185 530 935 1280
Route 10 : 657 531 267 522 1407 1281 1272 188 201 1017 938 951 467 1217 108 664 154 14 219 858 764 1414 290 92 969 904 1040 635 560 1310 419 842 642 1169 1385 1392
Route 11 : 652 323 311 634 472 1061 1402 1384 649 1073 1222 510 1399 366 386 177 424 1136 1174 1116 927 1260 130 611 18 1361 318 768 585 521 880 1271 527 1335 1068 1277
Route 12 : 461 191 405 393 1155 35 1143 1211 941 347 785 1097 683 1433 643 389 377 1393 1139 603 457 1127 2 752 1353 1207 709 471 650 246 103 1459 853 996 1221 1400
Route 13 : 618 67 289 297 100 1368 483 817 1047 544 691 305 1039 176 850 523 1441 1055 1233 1294 1273 926 106 368 205 324 856 48 47 798 955 1074 797 1118 494 195 146 945 1244 507 586 181 931 896 1336 1257
Route 14 : 357 349 564 502 415 517 1314 1165 673 373 1252 1267 1107 475 1099 1423 1225 1123 706 136 443 286 1193 319 282 886 1456 1032 1069 230 1036 57 391 807 980 1141
Route 15 : 220 589 350 970 1339 255 629 476 1379 1005 277 1100 1027 173 430 55 923 200 1226 718 1180 805 950 570 1468 330 240 153 1320 93 1080 361 903 990 1111 843
Route 16 : 151 601 580 661 577 1330 1411 745 1327 901 101 381 199 1351 1131 949 112 208 1495 284 851 862 253 958 17 43 1034 171 793 921 1003 532 767 619 1369 1282
Route 17 : 715 50 129 686 236 1465 721 1436 1471 986 800 879 78 125 828 332 875 1082 579 515 317 160 689 1439 1265 77 1329 380 1067 827 1130 910
Route 18 : 665 213 963 296 13 1415 62 42 449 1046 124 763 677 812 792 874 1199 29 212 561 1427 694 779 164 1444 594 451 914 1311 27 962 1344 777 1201
Route 19 : 648 410 316 210 1398 123 1160 960 1066 695 873 1445 187 937 209 737 51 1487 959 477 801 641 692 281 1227 1391 1442 1031 631 716 1381 343 1466 1093
Route 20 : 613 301 609 588 625 1338 1051 1363 1359 1375 70 820 99 727 849 4 1477 740 193 701 302 1490 723 943 1451 754 1473 653 1052 533 1403 32 1283 782
Route 21 : 501 248 444 998 56 258 470 1220 806 109 1194 1251 143 654 1008 1404 152 562 893 537 859 1287 513 409 1312 902 1263 365 571 423 1115 1173 1321 1159
Route 22 : 226 498 976 1248 722 1472 44 794 132 882 437 420 275 197 166 916 1170 1187 947 1025 672 376 1422 1126 734 225 127 84 260 1010 1484 834 975 877
Route 23 : 688 315 707 222 310 1065 1438 747 1060 728 972 1497 192 1457 113 1478 735 612 942 306 1362 1485 76 863 460 1056 167 1210 826 392 917 1142
Route 24 : 261 565 1011 73 574 743 111 159 1315 861 823 312 1493 1062 179 1324 242 326 992 929 1076 909 367 283 6 163 298 756 1117 1033 216 746 1048 913 704 264 1454 1496 89 568 1014 966 65 839 815 1318
Route 25 : 462 674 266 329 1424 1079 1212 490 137 621 269 1016 1240 320 887 1371 1019 196 1070 295 458 439 946 46 1045 1208 1189 455 215 796 1205 965
Route 26 : 387 287 1137 1037 41 388 525 548 478 1138 334 1298 1275 1228 791 639 675 1084 309 645 1389 646 1059 1425 325 23 435 1395 773 1185 1075 1396
Route 27 : 684 140 105 1434 855 218 466 1216 378 890 968 239 1128 712 989 538 87 572 1322 243 1462 1288 993 837 52 543 576 1293 802 1326
Route 28 : 371 1121 608 552 604 1354 583 102 485 1358 730 1333 1302 852 1235 591 1480 86 1341 340 308 354 407 1090 249 1104 1157 836 1058 999
Route 29 : 131 418 15 1168 765 881 632 95 1382 845 8 79 227 829 758 12 977 28 762 288 685 1038 247 778 1435 997 142 626 892 1376
Route 30 : 614 7 1364 434 757 1184 382 1132 620 433 416 91 1370 503 1183 841 169 1253 1166 919 397 338 144 63 1147 894 813 1088
Route 31 : 545 115 617 370 736 58 1295 1367 865 313 276 808 1486 1120 1063 450 335 1026 551 738 202 1085 1488 662 1301 1412 952 1200
Route 32 : 512 528 250 341 596 1091 1278 1000 97 1346 847 217 1262 40 578 967 1328 372 790 465 292 358 178 1122 1215 1108 928 1042
Route 33 : 559 514 567 509 1264 459 429 678 1309 590 1179 1340 1428 1209 1259 1317 156 906 463 384 1134 495 362 1245 1112 1213
Route 34 : 492 304 244 445 1195 1054 994 1242 542 505 280 670 656 1420 134 1255 884 1 1030 49 799 1292 1406 584 1334 751
Route 35 : 224 174 117 600 1350 31 974 121 924 489 781 96 867 871 194 699 680 846 175 1239 1430 944 925 139 400 1449 607 484 1150 161 889 1234 207 299 911 1357 116 474 595 957 866 1049 1345 1224
Route 36 : 345 1095 141 891 401 1151 60 575 810 534 1325 328 448 82 1284 1078 832 1198 300 717 314 1064 1050 1467
Route 37 : 426 628 1378 1176 676 238 500 1250 493 1426 988 1243 54 804 120 150 900 396 696 119 624 1146 481 1374 1446 870 869 1231
Route 38 : 390 75 352 446 825 456 198 1196 1140 1102 404 660 1206 145 447 1410 1154 1197 710 948 744 294 1494 1460 895 231 254 1044 245 981 1004 22 739 71 772 36 995 519 786 821 1489 1269
Route 39 : 359 432 636 667 360 1109 1110 1182 1386 1417 442 666 232 1192 1416 982 165 663 581 413 203 1163 1413 452 953 383 915 1202 1133 1331 20 563 33 690 770 1440 731 1313 783 708 1481 1458
Route 40 : 342 508 114 558 412 30 1092 1258 644 1394 348 223 780 126 1308 703 973 864 1098 1162 469 252 406 1219 1002 668 876 1453 1156 183 204 1418 954 110 497 933 279 285 860 1247 1029 1035
Route 41 : 80 750 122 547 700 271 830 259 1500 1021 679 278 1297 9 872 1009 1028 759 1450 1429 107 705 702 516 228 1266 1455 1452 857 978 711 363 399 1461 598 135 235 885 1348 1113 1149 985
Route 42 : 25 726 698 39 487 775 1448 149 655 1237 417 789 26 1167 1405 899 1476 776 520 605 251 453 1270 1001 499 1355 1203 1249 53 569 647 803 682 237 133 582 1397 1319 883 987 1432 1332
