Instance name : nyc-n4000-1
Authors       : Isaiah Reimer (isaiah.reimer@rideco.com). RideCo (rideco.com)
Date          : 2023-03-21
Reference     : Rideco PDPTW Solver
Solution
Route 1 : 1390 475 1371 2475 3390 1958 3371 338 3958 50 2338 1185 2050 1768 3768 3185 746 274 2746 2274 1278 1984 3984 3278
Route 2 : 335 570 1205 2335 2570 912 3205 2912 1597 3597 630 1301 921 1904 3301 600 8 2921 885 2630 1920 3904 395 3920 2395 2885 2008 853 1203 2600 2853 3203
Route 3 : 1150 872 1740 647 689 1690 3740 2872 3150 789 2647 3690 2689 1623 1080 2789 3623 1361 216 3080 390 1174 3361 1448 3448 2216 3174 2390 1106 1209 3209 3106
Route 4 : 1711 844 709 3711 1595 675 2709 1785 2844 3595 345 1987 3785 1997 2675 3987 819 239 2345 88 2819 232 3997 2088 2232 1533 1344 2239 3533 1147 3147 3344
Route 5 : 252 879 2252 2879 1460 1840 1324 530 3324 149 3840 2530 3460 391 331 2149 86 978 2331 1869 2978 3869 2086 2391
Route 6 : 1427 1075 1063 719 3427 512 2719 3063 3075 878 456 386 2386 1974 2456 1884 2512 1090 2878 3884 3974 769 2769 3090
Route 7 : 52 972 1963 725 2972 3963 2725 2052 1068 1719 161 2161 3719 3068 760 779 432 2760 839 2432 2839 2779
Route 8 : 767 1506 2767 905 3506 2905 1939 1861 3939 1199 889 1723 3199 1146 3861 2889 3723 3146 1401 1667 1557 3667 3401 27 934 177 3557 2934 2177 2027 470 2470
Route 9 : 1445 1550 13 1486 3445 993 3550 871 321 3486 2013 477 2993 2871 1103 2321 1943 3103 1949 906 2477 3943 513 1013 2906 418 3949 2513 1966 3966 1410 3013 2418 3410
Route 10 : 1465 180 3465 2180 1834 553 3834 1407 2553 1451 1639 1585 66 3407 3451 3585 3639 2066 1982 1385 3982 1602 3385 4 735 2735 3602 1564 2004 3564 327 320 908 1000 2908 2327 2320 3000
Route 11 : 1989 575 941 3989 1444 1249 1139 2575 3444 1877 1849 2941 3139 3249 3849 3877 927 1494 1998 974 3494 976 3998 2927 2974 496 679 2496 2679 2976
Route 12 : 1676 1453 1922 3676 3453 3922 969 304 342 2969 552 2304 2552 424 144 2342 2424 2144 178 1972 2178 3972
Route 13 : 747 547 1569 957 324 113 2547 3569 1732 1973 2747 2957 3732 2324 2113 3973 389 731 2389 226 2731 1941 2226 955 2955 617 1134 2617 449 3134 3941 810 2449 2810
Route 14 : 1272 1158 422 3272 633 2422 12 463 3158 2633 2012 1155 2463 3155 61 102 2061 494 2494 2102
Route 15 : 1468 1337 728 3468 134 3337 2728 2134 950 1157 1663 3157 2950 3663 1276 1962 3276 203 1307 1935 3962 2203 3935 3307
Route 16 : 946 1648 1377 1645 1221 2946 3648 991 3645 3221 765 3377 139 1065 1924 2765 2991 3924 2139 3065 768 1752 1678 3752 2768 3678 841 123 110 2841 2123 1567 2110 3567 1273 1194 3273 1915 3915 3194
Route 17 : 555 1066 182 2555 842 3066 2182 664 1345 2842 1502 2664 3345 99 3502 2099 579 45 74 184 2074 2579 72 1799 2184 396 665 2045 3799 2072 2665 2396
Route 18 : 1336 1957 208 962 3336 3957 718 1366 3366 2718 2962 2208 1530 953 349 586 3530 2586 2953 2349 249 554 1809 2249 2554 1395 3395 3809
Route 19 : 657 2657 1046 3046 318 639 1921 222 2639 3921 2318 2222 783 1153 1547 3153 459 1267 3267 2783 3547 185 987 1262 2459 2185 282 3262 2987 2282
Route 20 : 1830 892 773 1976 454 1141 2773 3830 2892 3976 3141 2454 894 68 875 2068 2875 2894 1938 890 192 1514 3938 1634 2192 2890 3514 963 2963 3634 560 1999 1308 3308 3999 2560
Route 21 : 1686 983 1417 2983 3686 1985 3417 1570 1882 1277 3985 3570 3277 798 3882 51 268 651 508 2798 2508 1552 2051 1338 2268 2651 3338 1588 3552 145 2145 1250 3588 106 3250 2106
Route 22 : 273 1430 797 329 3430 2273 1095 3095 2329 2797 1835 1511 3835 1263 3511 1826 1363 1736 3263 3736 1720 3826 3720 3363
Route 23 : 1551 1497 143 1707 3551 1350 3497 267 3707 2267 2143 545 3350 385 355 1298 2545 2355 3298 2385 98 219 1274 2098 2219 1620 1927 3274 3620 1615 3927 1862 1414 3862 3615 3414
Route 24 : 913 1765 1343 1115 2913 179 3765 2179 3343 1697 370 3115 157 3697 2370 2157 643 680 2680 1290 2643 1354 429 653 3354 606 2429 2606 741 533 2653 3290 2533 1108 2741 3108
Route 25 : 1901 1521 1282 3521 3282 3901 1806 3806 836 1200 1241 1979 3979 3200 2836 3241 1456 277 3456 2277 1548 1409 1604 3604 1951 1016 3548 3409 3016 3951 214 448 1541 1483 3541 3483 2448 2214
Route 26 : 1397 476 1470 1626 3397 2476 3626 3470 1554 3554 461 2461 733 578 6 2733 1725 2578 2006 1580 3725 611 585 1044 1242 2585 3580 2611 3242 3044 1647 883 95 2883 1656 2095 3656 3647
Route 27 : 1923 468 301 1491 3923 2468 2301 1487 1135 3487 3491 572 3135 341 356 863 2572 2341 311 2863 377 2311 2356 2377 1072 3072 302 893 2893 2302
Route 28 : 1918 707 28 1831 1412 2028 3831 2707 1808 3412 3808 78 877 3918 2877 2078 507 1961 3961 522 794 2507 1774 1054 2522 2794 3774 3054 791 1968 2791 3968 295 1890 2295 3890
Route 29 : 1314 802 865 1759 595 2595 700 2802 3314 2865 1605 2700 3759 255 3605 347 2347 125 127 2127 2255 2125 1074 1507 916 3507 2916 3074 93 1321 3321 2093
Route 30 : 1914 3914 322 2322 170 189 2170 1891 2189 3891 505 1898 64 471 3898 2505 2064 619 405 1091 2619 2405 2471 1758 3091 772 935 3758 1684 2935 539 3684 2539 2772
Route 31 : 1469 544 1823 3469 743 1394 1093 2743 592 3394 3823 2544 3093 2592 1180 583 1270 233 3180 3270 2233 2583 1848 1130 1660 363 3130 19 3848 2019 3660 2363
Route 32 : 492 536 1965 2492 1545 3965 1484 1513 2536 3545 531 1138 3484 3513 895 2531 3138 1635 2895 1883 3635 1302 681 1609 3302 1006 2681 3883 3609 3006
Route 33 : 250 1681 685 1897 2250 813 3681 1253 2685 2813 3897 3253 1633 1791 1757 1475 3791 3633 3757 832 1544 3475 778 1217 3544 2778 2832 3217
Route 34 : 437 111 2437 2111 1839 3839 776 1843 3843 1607 546 2776 3607 2546 631 2631 1654 75 3654 2075
Route 35 : 1070 117 413 1224 3070 2413 3224 240 1261 2117 1077 2240 3261 1181 3181 1332 73 1555 3077 3332 2073 1589 1810 3555 3589 3810
Route 36 : 1303 1665 525 1112 3303 1650 3665 3650 3112 1136 2525 1857 1386 3136 1305 498 2498 3857 3386 775 3305 2775 1109 1971 238 1500 3971 3109 154 3500 2154 2238
Route 37 : 1018 1896 404 455 1084 3018 3084 2404 3896 2455 673 2673 1083 998 1742 2998 3083 3742 506 1802 3802 2506 1443 672 869 2672 596 2869 1682 3443 1625 3682 2596 3625
Route 38 : 1874 44 3874 2044 622 2622 1216 1821 3216 3821 1872 1573 40 1749 3573 3872 2040 804 3749 749 26 1878 2749 1737 3737 2804 3878 2026
Route 39 : 1895 697 564 2697 1577 1910 2564 1482 3895 828 3577 2828 3910 3482 676 598 1228 2676 1931 1594 97 3228 2598 3931 3594 2097 227 781 2227 2781
Route 40 : 755 722 2755 1193 3193 1993 1766 922 2722 3993 3766 880 1164 1257 2880 2922 738 3257 3164 388 1860 822 2738 3860 1575 2388 2822 3575 229 16 1325 3325 2229 2016
Route 41 : 1011 1357 3011 1668 3357 1687 439 516 3687 2516 3668 1396 2439 1339 1693 1010 3010 3339 3396 3693 933 1283 1928 973 3283 2933 1539 951 3928 2973 2951 1260 674 3260 3539 2674
Route 42 : 1886 686 1702 367 1177 2686 2367 1125 3886 3125 3702 3177 1184 1061 3061 3184 780 678 992 2678 1912 2992 1462 3912 91 2780 1378 2091 3462 1464 3378 3464
Route 43 : 53 704 1256 848 2053 792 752 2752 2704 1014 450 2792 3256 2848 3014 2450 537 1526 1297 3526 2537 518 3297 1198 3198 1293 2518 339 292 2339 3293 1955 807 2292 2807 3955
Route 44 : 910 313 489 2313 2489 2910 261 1379 1642 3642 1334 3379 115 2261 3334 925 2115 2925 1186 867 581 1610 2867 3186 2581 3610 201 2201 1492 3492
Route 45 : 371 1781 1630 1254 3630 3781 2371 3254 727 1744 1782 1424 3744 2727 3424 1616 1572 3616 3782 1477 3572 1731 603 3477 3731 467 1778 2603 1619 289 3619 2467 3778 2289
Route 46 : 1655 829 1367 3655 1852 221 1885 2829 3852 2221 3367 1165 3885 859 1515 3165 368 2859 3515 1887 2368 1365 3365 3887 1094 3094 1029 31 3029 419 315 903 2031 2419 2315 2903
Route 47 : 763 480 1005 1219 1243 3219 503 3005 2763 3243 2480 2503 1536 1565 1611 3536 130 1163 2130 3565 3163 3611 1842 1058 443 923 3058 2923 3842 796 2443 300 2796 785 1780 3780 2785 451 2300 2451
Route 48 : 1235 1421 896 3235 1485 1614 3614 1287 2896 3421 1045 3485 980 3287 3045 1561 350 2980 3561 235 1004 2350 3004 2235 481 1673 2481 1762 938 3673 926 2938 3762 2926 932 2932
Route 49 : 808 1329 305 526 79 2079 1123 2305 1151 2808 3329 907 3151 2526 1853 2907 210 3123 601 1751 2601 2210 3853 3751 1591 402 1662 2402 3662 253 1399 2253 3591 3399
Route 50 : 482 22 1429 1855 2482 3855 873 3429 2022 1622 2873 246 2246 63 3622 1692 561 2063 542 3692 2561 2542 1033 119 3033 532 2119 2532 42 2042
Route 51 : 721 1576 2721 3576 1562 3562 1322 1754 1994 3754 3322 1613 1264 1761 3264 3994 3761 3613 915 2915 1909 902 1234 3909 3234 2902
Route 52 : 1223 1085 901 241 1750 2901 3223 3750 3085 1745 1651 421 2241 3745 3651 2421 286 1553 351 2286 3553 2351 416 1342 276 1930 2416 656 3342 2276 3930 479 2656 357 2479 2357
Route 53 : 655 2655 1118 1476 259 1433 2259 1466 3118 3433 1187 3476 1598 3598 1959 3466 3187 406 1304 1677 3959 1638 2406 577 3304 3677 3638 834 2577 2834
Route 54 : 263 1618 1148 701 3618 126 787 2263 3148 1320 2701 2126 2787 3320 1787 71 1192 3787 729 3192 2071 2729 648 945 1773 2648 2945 2 2002 3773 1446 1631 3446 3631
Route 55 : 551 1437 566 710 2566 1280 2710 2551 3280 1546 3437 1498 3498 3546 84 855 23 1980 1292 2023 2855 1036 3980 3292 2084 3036 1670 89 3670 2089 1156 1685 3156 3685
Route 56 : 1053 898 3053 325 2898 2325 334 2334 1747 550 1149 502 1067 2550 2502 3747 3149 3067 488 661 2661 2488 549 270 705 2549 2705 2270
Route 57 : 1107 1331 1880 54 2054 3331 3880 3107 24 968 136 2136 1489 2968 2024 215 2215 3489 723 2723
Route 58 : 739 645 376 2739 2645 2376 1269 3269 34 2034 417 638 394 1505 2417 2638 3505 2394 1945 918 1708 3945 1688 3708 2918 1426 1212 1726 3726 3426 3212 317 1841 3688 2317 3841
Route 59 : 1309 382 1646 3309 1388 1347 3388 917 3646 2382 1944 2917 80 3944 3347 9 2080 1473 1856 3856 1207 2009 3473 594 3207 1037 188 2594 3037 2188
Route 60 : 1689 1859 988 190 3689 2988 2190 1929 1201 411 1425 3859 3929 2411 3201 1579 83 3425 2083 840 204 3579 2204 20 1718 2840 1947 1222 3718 2020 186 3947 3222 193 2186 820 2820 2193
Route 61 : 618 378 801 612 2378 2618 2801 2612 1245 1956 3245 1699 517 838 348 2838 2517 3956 3699 2348 275 2275 1770 141 2141 3770 57 1400 2057 3400
Route 62 : 1953 958 2958 199 3953 1792 2199 469 1333 3792 344 2469 2344 3333 884 762 1233 1894 2884 3894 2762 3233
Route 63 : 1398 814 990 1871 3398 2990 1933 403 2814 3871 520 3933 2403 2520 1529 3529
Route 64 : 296 25 1786 323 2025 3786 365 2323 2296 548 67 2548 2365 620 2067 452 2452 2620 1381 1490 1330 825 3330 392 2825 3490 716 2392 3381 444 2716 2444
Route 65 : 1913 751 1450 914 2751 3913 176 2914 857 41 1183 3450 2041 2857 2176 3183 1800 1295 698 3800 2698 3295 1832 1624 3624 637 591 2637 2591 582 3832 975 2975 528 1499 642 2582 2528 3499 2642
Route 66 : 866 870 2870 1356 2866 1937 1954 3356 3937 3954 407 1504 1827 2407 1311 1197 3504 3827 3311 3197 1478 436 1078 650 2650 3478 1796 3078 671 2436 2671 3796
Route 67 : 696 1288 1240 833 2696 899 3288 362 737 2362 2833 2737 2899 754 3240 1480 85 3480 1512 2085 2754 483 1178 2483 3512 1715 3178 1182 1318 3182 3715 3318 435 2435
Route 68 : 1807 430 563 3807 49 2430 2563 70 1032 2070 1818 3032 2049 1196 1 3818 3196 1658 602 2001 264 3658 761 251 2761 613 2602 2264 1950 2251 3950 2613 1012 500 2500 3012
Route 69 : 1052 1566 1698 1265 1815 3815 3052 1076 3566 3265 3076 1028 1525 3698 217 3028 1794 3525 758 131 3794 2758 1771 2131 2217 989 2989 3771
Route 70 : 589 821 1206 699 2589 2821 2699 576 55 3206 1704 2576 3704 1813 2055 811 1391 1583 609 2811 1587 3391 3813 3583 812 2609 3587 440 2812 2440 559 837 1641 2837 3641 2559
Route 71 : 309 1977 708 640 3977 1025 2309 2640 3025 1772 928 2708 1170 1836 3836 105 2928 3772 2105 3170 615 1040 1652 3040 3652 2615 1346 138 1721 3346 2138 1844 3721 3844
Route 72 : 1059 165 1788 693 2693 1030 2165 1137 3788 3059 3030 979 961 3137 2979 326 2961 687 48 1238 2048 964 2326 2687 1863 2964 3238 293 1996 303 1934 3996 2303 3863 2293 1695 3934 3695
Route 73 : 415 1457 556 1116 3457 3116 2415 1349 76 2556 3349 1657 2076 652 1991 231 3657 2231 3991 1062 714 291 1703 2652 1948 3062 2291 3703 3948 2714
Route 74 : 692 1784 1527 1712 1804 3784 2692 1601 3712 1517 3527 817 3517 3804 2817 3601 742 623 428 2742 2623 900 659 2428 194 816 2659 2900 1608 2194 2816 854 2854 3608
Route 75 : 77 1114 168 1050 2077 3050 1129 2168 3114 3129 1317 540 1166 3317 1285 3166 2540 7 1382 3285 3382 2007
Route 76 : 1102 649 610 1082 2649 1056 3102 1169 3082 2610 312 3169 3056 1691 167 2312 2167 3691 1281 132 1728 128 3281 1310 3728 942 2132 3310 2128 740 1811 1111 2740 2942 3811 1838 3111 826 3838 2826
Route 77 : 662 2662 1509 3509 1387 3387 1110 1353 984 1753 3110 2984 3353 753 3753 1099 1472 2753 1854 3099 843 3472 667 1372 2667 2843 3372 3854
Route 78 : 1423 1191 847 1776 3191 2847 3423 96 3776 2096 771 457 2771 2457 1789 1503 3789 1889 3503 666 408 1027 3889 3027 2408 1215 2666 3215
Route 79 : 527 929 1501 1795 2527 366 3795 2929 3501 414 1239 1743 2414 1606 3239 1683 2366 3683 565 965 3606 3743 2565 1822 1902 3822 3902 2965
Route 80 : 1104 3104 420 1467 1442 3442 521 1326 3467 2420 3326 2521 1779 1031 511 924 3779 706 2511 2706 3031 744 2924 2744
Route 81 : 1007 1653 1730 1315 818 2818 447 3653 3007 1936 2447 3730 162 135 3315 3936 2135 379 2162 1122 2379 852 3122 1906 2852 3906 996 939 2939 361 2996 2361 1435 3435
Route 82 : 1812 1713 1079 1358 1710 3713 1100 3079 3710 3812 3358 1152 702 920 3100 2702 691 3152 197 2197 2920 635 2691 284 11 2011 2635 2284 1035 1259 3259 3035
Route 83 : 364 1964 1716 236 2364 2236 3964 3716 1508 438 1967 2438 3508 3967 886 1983 2886 1875 3983 663 3875 1817 1488 845 2663 1493 1888 3488 862 3817 3493 3888 2845 2862
Route 84 : 660 2660 287 359 2287 60 2359 2060 641 462 2641 1312 688 2462 3312 148 90 2148 2688 1907 2090 668 59 3907 1003 33 2059 2033 2668 3003
Route 85 : 1592 1113 1452 3113 3592 3452 1352 3352 1439 1876 628 1440 3439 3876 3440 608 1370 1798 2628 3370 1738 3798 558 218 3738 2608 2218 2558 1632 213 1015 3632 3015 2213 981 2981
Route 86 : 333 3 1098 2333 881 2003 2881 1251 82 3098 1291 3251 2082 519 1306 3291 2519 3306 959 2959 1524 1211 434 2434 3524 373 3211 1705 3705 2373
Route 87 : 523 1039 931 2523 2931 3039 1581 3581 882 2882 695 346 1574 712 2695 3574 2346 1023 224 2712 3023 571 116 732 1455 2571 2732 2224 2116 3455 1247 1441 3441 1069 3247 3069
Route 88 : 337 1179 1637 387 3637 1764 3764 2387 3179 2337 1097 1092 1628 3628 567 3092 1952 3097 2567 1837 3952 891 3837 129 2891 2129
Route 89 : 1060 228 1299 599 1214 2228 3060 3214 2599 3299 759 1559 2759 3559 1275 196 1434 2196 3434 1847 1428 3275 3847 3428 1127 298 3127 423 124 2298 2423 2124
Route 90 : 159 1672 1661 1627 460 756 3672 3661 2756 2159 3627 2460 750 1960 1563 3563 1538 2750 3960 281 171 3538 1389 2281 1584 3389 2171 397 2397 3584 1236 46 1140 1582 3236 2046 1348 3582 3140 3348
Route 91 : 153 107 949 1171 748 2153 2107 2949 2748 1043 3171 205 1258 3043 1143 2205 244 3258 3143 782 2244 1419 158 2782 3419 472 2158 943 1659 1706 2943 3659 2472 3706
Route 92 : 1404 1316 18 711 1159 2018 1289 3316 3404 2711 3289 3159 354 626 2626 593 1248 2354 1783 3248 3783 2593 1905 1081 3081 445 3905 155 2155 2445
Route 93 : 1696 163 524 237 3696 2163 1942 112 2524 3942 2237 2112 1362 1355 1537 3362 3355 3537 1017 1870 3017 1154 3870 1047 358 3154 3047 2358
Route 94 : 474 1919 1189 175 2474 3919 1294 3189 2175 211 150 3294 2211 2150 306 1096 3096 2306 587 1383 1142 3383 1405 2587 994 3142 3405 2994 1629 1393 265 3629 3393 2265
Route 95 : 1829 1970 504 3970 383 3829 1328 897 278 2504 2383 1797 2897 2278 3328 3797 1057 911 3057 954 2954 493 2911 269 1021 2493 977 2269 2977 3021
Route 96 : 1022 1340 3340 3022 1145 1865 497 1940 3865 1172 3940 1777 2497 3145 3172 352 2352 58 3777 534 2534 2058 1881 283 3881 2283
Route 97 : 1144 1671 1825 1596 3671 3144 3825 1244 1481 3596 3244 795 3481 499 1117 2795 2499 3117 56 314 254 280 2254 2056 2314 2280
Route 98 : 1071 1392 1600 3071 1568 930 793 3568 3600 2793 3392 2930 1279 654 426 1175 1516 3516 3279 2654 3175 2426 375 1101 1323 3323 1549 2375 3549 3101 1669 393 3669 846 478 2393 2478 2846
Route 99 : 384 1680 1868 400 669 3868 3680 2384 1089 2669 43 2400 1162 1368 2043 3089 1990 3368 3162 164 1195 1899 1026 3990 3899 3195 2164 374 3026 1422 369 2374 1535 677 2369 3422 2677 3535
Route 100 : 985 1296 766 851 3296 2766 2985 2851 340 1599 2340 3599 986 1851 966 887 2966 2986 3851 1176 2887 3176 1495 3495
Route 101 : 1873 1471 1850 446 3850 3471 3873 2446 1049 1284 948 1360 3284 3360 3049 2948 1416 3416 1542 1746 3746 3542 1803 36 3803 2036
Route 102 : 35 1413 142 37 220 2035 573 2142 2220 3413 786 2037 515 1300 2573 2786 2515 3300 1001 458 1038 1055 3001 2458 453 3055 960 850 2453 2850 2960 3038
Route 103 : 1313 1161 3161 3313 372 2372 1227 849 944 2000 2944 2849 3227 4000 223 1319 790 2223 1202 101 3202 225 3319 2225 509 272 257 2790 2101 2509 2272 2257
Route 104 : 465 1793 1621 2465 809 3793 861 2809 3621 1733 2861 3733 433 464 2433 2464 1402 1816 997 3816 2997 288 3402 940 2288 2940
Route 105 : 1408 538 1767 1374 3767 1519 3408 3519 3374 835 1087 2538 1643 1048 3087 3048 3643 2835 1226 3226 15 1617 684 2015 2684 720 3617 2720 137 2137
Route 106 : 784 1359 2784 514 319 1384 1729 3359 1418 2514 2319 3418 294 209 2294 3729 3384 17 2209 644 1436 868 2644 2868 3436 2017 1459 569 14 2014 3459 2569
Route 107 : 1978 952 788 646 2952 607 2646 2607 2788 195 3978 2195 118 1447 3447 1560 3560 1167 2118 3167 181 1833 1528 3833 3528 2181
Route 108 : 888 1636 3636 2888 683 734 1975 1411 3411 212 2683 3975 2734 876 2212 1679 262 2876 1908 1132 3132 3908 2262 3679 1739 336 3739 2336 1946 1925 3946 3925 1558 1756 174 3558 3756 2174
Route 109 : 904 1208 3208 32 2904 815 658 2815 2658 2032 343 258 694 1992 2694 2343 2258 3992 1220 864 971 2864 2971 634 2634 3220 1041 1432 1755 3755 3432 3041
Route 110 : 1002 1790 3790 3002 1763 3763 1709 3709 1420 425 800 140 245 2800 2425 2245 3420 2140 1969 1734 1916 3969 1866 3916 3734 3866
Route 111 : 588 207 726 860 2588 1590 1019 2207 3590 3019 1188 247 2726 2860 3188 2247 1380 1230 947 3230 3380 491 2947 81 2491 1845 856 2081 2856 3845 1271 3271
Route 112 : 330 169 1675 1286 2330 3675 1173 1775 3286 982 3173 307 2169 3775 736 2982 1571 2307 1612 2736 3571 1981 1034 1458 874 3612 3034 3981 1213 2874 3458 1133 1714 3213 183 2183 3133 3714
Route 113 : 1540 94 827 805 1403 2805 2094 3403 2827 3540 62 104 2104 1237 2062 823 3237 1008 1232 2823 1917 1231 3008 3917 3232 1664 724 2724 3231 3664
Route 114 : 122 410 1578 3578 2122 2410 147 206 2147 2206 1556 1335 3556 3335 580 1073 1120 3073 103 328 2580 2103 3120 2328 1131 1649 3649 1523 401 3131 1042 3042 3523 2401
Route 115 : 1543 114 543 3543 2543 715 2114 909 2909 2715 967 799 248 2967 316 2248 616 1373 3373 2799 2316 2616
Route 116 : 120 1255 495 3255 2120 1674 501 2495 191 234 3674 1126 2234 2191 2501 1190 3126 1454 1024 1341 3454 3024 3190 490 487 2487 2490 1986 3341 1415 806 3986 830 1210 3415 2806 2830 3210
Route 117 : 568 1867 166 1105 3867 2568 3105 2166 1522 3522 1086 1727 3086 3727 627 682 535 133 621 2627 299 2682 2535 2621 2133 597 2299 2597
Route 118 : 995 473 1640 1168 2995 625 3640 87 3168 2473 584 2625 1932 831 2087 2831 3932 1406 381 2584 3406 713 2381 1903 2713 3903 1531 1479 3531 1518 3479 5 2005 3518
Route 119 : 65 21 970 2021 624 2065 2970 919 2919 2624 614 100 2614 1864 2100 1375 1586 3375 230 3864 3586 858 2230 2858
Route 120 : 541 1266 1593 1694 3266 3593 3694 1474 2541 3474 1988 590 1900 3988 2590 1438 3900 256 2256 3438 1327 1741 3741 1369 152 1819 3327 2152 3819 1449 3449 3369
Route 121 : 1701 1995 442 1534 1246 510 3701 3995 29 2442 3534 2029 1748 2510 3246 3748 1666 92 3666 717 441 2092 2717 427 466 2441 1088 2427 1128 2466 3088 3128
Route 122 : 690 1879 1824 1351 2690 3824 3879 3351 1121 200 774 3121 399 629 2774 2200 2399 1760 3760 1532 2629 160 484 1700 3532 2160 2484 3700 242 1644 172 2242 2172 3644
Route 123 : 1911 1218 803 3911 3218 2803 1735 3735 1252 3252 332 824 279 670 2332 290 308 2824 2279 2670 2308 2290 1051 431 398 2398 1846 3051 936 360 3846 2360 2431 2936 1204 745 2745 3204
Route 124 : 108 1724 297 2108 562 3724 2297 2562 151 2151 47 243 557 764 2047 1064 2764 2243 2557 1510 3510 39 3064 1020 202 1463 2039 1431 3463 2202 3020 3431
Route 125 : 1828 604 1229 1160 2604 3828 632 3160 3229 1376 2632 1461 3461 3376 409 1364 30 2030 2409 3364
Route 126 : 937 121 1892 2121 2937 757 3892 173 2757 10 2010 2173 486 1893 146 412 2486 3893 2412 2146 1119 1717 3717 574 3119 1805 2574 1820 777 3805 156 2777 2156 3820
Route 127 : 109 266 353 2266 1520 2109 956 2353 730 3520 1769 2730 2956 636 3769 1801 187 2636 2187 529 3801 2529 1858 999 1814 3814 1225 2999 3858 3225
Route 128 : 260 38 310 1722 1603 2310 2038 2260 3603 198 3722 770 271 380 2271 2770 2380 2198 605 69 1124 2069 2605 485 1496 3124 703 2485 3496 2703 1926 1268 1009 3926 285 3268 2285 3009
