Instance name : nyc-n2500-2
Authors       : Isaiah Reimer (isaiah.reimer@rideco.com). RideCo (rideco.com)
Date          : 2023-04-03
Reference     : Rideco PDPTW Solver
Solution
Route 1 : 41 45 75 1295 1325 1291 280 475 667 1231 666 1725 30 2481 1916 1917 584 338 1530 1154 1191 1588 1834 1280 2404 924 990 404 2240 2441 1654 2174 1198 202 848 20 2448 1452 1270 2098
Route 2 : 1038 526 456 2288 1706 1776 837 1129 2087 920 225 324 962 2379 2170 145 305 1475 1574 759 1395 1555 2009 2212 700 697 495 1950 1745 1947
Route 3 : 303 238 396 438 1553 1156 292 1245 2406 1646 1542 2495 1488 1688 1085 1186 349 151 2436 344 1401 1594 2335 1599
Route 4 : 1058 656 44 379 1045 1013 2308 1116 1294 260 1906 1203 2295 2366 1629 2453 1510 2263 490 187 203 323 523 1453 529 1573 1437 1740 249 768 797 1779 1773 2018 1499 29 2047 539 1279 1789
Route 5 : 433 1027 2277 1683 1181 996 218 565 629 540 1815 1468 211 1879 1790 2246 2431 971 1461 308 681 1931 701 1558 2221 159 450 1951 1079 1409 510 2329 1700 989 663 1760 2239 1913
Route 6 : 925 235 861 916 4 2166 947 2175 2111 1485 1254 363 568 846 940 1818 1044 2197 1613 579 680 1829 723 706 1930 921 2171 1956 82 2190 2096 1973 365 2294 520 1332 595 1071 534 1615 1770 1784 1845 2321
Route 7 : 464 641 807 856 73 883 1714 1323 2106 2133 2057 278 1891 1039 215 2289 1465 1528 374 620 302 1870 1552 423 385 470 264 1673 1624 173 651 1514 903 1720 1901 927 2153 1635 393 2177 1643 1423
Route 8 : 156 1216 427 47 401 2466 1406 963 672 1677 86 525 1297 1651 360 508 2213 1336 1014 1922 1149 459 2264 1610 1775 1709 2399 1032 1758 847 827 2282 214 2097 2077 1464 869 616 2119 368 1618 1866
Route 9 : 424 1244 1113 2363 306 2494 791 1023 247 1556 449 2273 1497 444 818 1674 2041 570 2068 863 1699 1694 507 109 1820 301 2113 650 1359 1757 860 1551 1900 2110
Route 10 : 16 15 85 320 241 307 1266 543 1335 169 1265 1491 146 476 1570 1557 1726 1419 1793 1396 124 898 310 1374 40 370 2148 150 836 1560 1620 149 1400 1103 2086 1290 1399 119 813 2353 1369 2063
Route 11 : 764 268 821 1518 328 2014 894 874 2071 964 1578 2144 870 2214 455 2124 840 2120 1052 981 1054 2090 96 1705 2231 2302 537 486 1787 358 2304 1736 1346 919 661 1087 548 1911 1608 664 2169 1798 2337 1914
Route 12 : 472 665 1722 1915 801 2051 976 2226 188 726 1438 54 1976 762 473 1304 2012 471 131 644 754 2004 1723 1721 356 1381 873 1606 2123 1894
Route 13 : 893 411 1661 730 853 913 2143 602 1151 2103 2401 2163 152 779 1852 960 1980 1402 2210 756 2029 1250 949 274 1056 2199 196 2006 2306 1524 573 2500 1446 798 902 535 777 2027 1785 2152 1823 2048
Route 14 : 266 458 1091 34 1126 503 1708 281 1284 1516 2341 808 1118 2058 1753 290 532 1531 596 2368 253 2376 1092 1540 1782 1846 733 838 1063 2342 1503 2088 2313 1983 1239 783 772 810 2022 1110 2489 2033 2060 2360
Route 15 : 545 599 1131 10 1122 1260 1849 1795 2381 2372 1094 125 812 1375 899 2344 554 336 250 2149 1586 714 1500 2062 1964 1804
Route 16 : 547 956 204 787 668 826 2206 28 2037 377 2076 1454 256 839 1918 1797 712 1278 878 1962 1627 2089 1506 1114 1077 420 2327 2364 1670 591 2128 659 524 875 445 1695 1774 2125 1909 1841
Route 17 : 1243 909 588 244 226 403 1653 1838 102 2493 287 2159 1494 746 1537 1996 1476 833 1352 2083 1183 116 954 978 820 2228 1029 2204 2433 835 2070 705 1366 2085 1955 2279
Route 18 : 966 938 699 1227 177 2216 1949 2477 194 277 1427 1101 780 1527 2188 2030 2351 1444 1020 999 855 474 2105 2249 228 1724 2270 943 48 1298 2193 163 1478 1413
Route 19 : 391 757 2007 1641 113 1363 882 42 1139 2389 2132 1292 1136 1177 240 725 2386 1975 2427 1490 582 1064 421 1832 530 2314 1671 1780
Route 20 : 1202 923 171 859 2452 2173 804 1190 1421 2109 36 288 2054 1286 2440 1246 376 2496 1538 743 770 751 11 1626 814 2020 850 2064 1993 1261 2001 318 2100 796 2046 1568
Route 21 : 295 230 185 105 446 1355 346 1435 785 1480 957 1596 974 1696 2207 1545 2035 251 2224 130 1380 581 1501 259 1831 1509 988 2238
Route 22 : 504 685 137 550 669 739 1754 1048 1800 419 1919 1387 1989 2298 1935 592 337 1587 1669 1842 216 223 200 1137 2 692 1466 1252 1942 1473 910 2387 1450 18 69 2160 741 1268 900 674 1319 1991 1924 2150
Route 23 : 1192 255 440 729 2442 71 1505 1124 973 2223 1979 497 1747 1321 1157 5 1690 2374 132 354 1255 958 2407 2208 265 494 1382 649 1744 1515 111 465 1604 1361 1715 1899
Route 24 : 615 1170 1201 906 1865 2451 1208 480 21 1162 2420 452 2156 2412 212 1702 1271 1462 2458 1730 410 463 1660 74 1713 536 679 221 1786 1324 1929 1166 1471 1030 678 2280 2416 1928
Route 25 : 179 992 78 562 642 1121 2242 1429 1328 2371 897 1812 658 425 1892 1675 2147 1908 1000 395 2250 995 144 708 2245 728 270 1645 872 1394 1958 1978 289 2122 1520 948 951 1539 2198 2201
Route 26 : 492 390 1233 843 1742 1241 1026 2276 880 1220 2483 1640 2093 248 609 2470 1859 1498 986 2130 172 2491 332 342 1582 2236 1592 1422 457 917 945 77 1707 127 2195 567 1327 2167 1817 1377
Route 27 : 313 518 136 498 1563 232 1386 572 97 1768 630 1880 1142 1347 1482 1822 1748 1214 1040 126 637 1887 2290 738 2392 2464 1988 61 1376 1097 1311 91 341 205 1591 1168 982 1455 1341 2232 2418 2347
Route 28 : 1043 1034 2293 2284 944 2194 120 1370 517 1767 885 170 123 2135 1167 1373 1420 513 617 189 2417 407 1763 1867 1657 1439
Route 29 : 388 100 1350 1638 1050 2300 108 222 600 1358 1850 936 809 1472 585 2186 2059 583 1835 915 793 25 1833 563 2043 2165 1813 350 257 1275 574 1507 1600 431 676 1002 1824 1926 2252 1681
Route 30 : 201 1061 312 343 114 1593 1562 1451 2311 1364 745 1995 138 1125 167 2375 296 1546 1417 1388 1238 293 175 1425 2488 1543 731 1981 541 984 822 1791 2234 2072
Route 31 : 1160 717 122 304 639 2410 1967 400 483 1372 275 1554 1733 19 1269 1242 1525 2492 522 1650 1889 1772 626 141 1876 1391 1172 1104 98 2422 569 2354 1348 70 50 1819 1320 1300
Route 32 : 970 761 2220 2011 1055 88 760 2305 2010 1338 33 1283 1230 2480
Route 33 : 1028 868 673 979 462 58 1712 1308 2118 1923 2278 2229 1195 512 469 192 1223 2445 1762 1719 53 2473 1442 851 79 1303 2101 166 1194 589 1416 1329 398 134 2444 1839 1384 1648 1024 2274
Route 34 : 590 901 1084 1840 2334 165 139 2151 402 220 1169 1470 937 1652 1171 557 1415 414 2421 1389 2419 2187 1807 334 1664 619 613 333 1584 1869 206 1456 955 1583 767 1863 1141 2205 2017 1065 2391 330 1580 2315
Route 35 : 1081 555 675 750 888 416 2331 51 1925 1805 1301 347 1215 2000 2138 1666 1597 2465 1138 1006 35 857 23 2107 372 1285 1273 2256 1622 709 1959 351 2388 1123 190 1601 2373 1440 252 276 1502 1526
Route 36 : 491 90 208 553 1741 521 1340 1120 1803 80 1458 1330 106 1771 361 2370 933 1127 1356 1611 577 2377 1070 2183 2320 1827
Route 37 : 297 499 373 601 1851 1623 1749 1547 1226 2476 654 39 1904 180 686 952 2202 1289 1430 1936 778 1021 357 2028 327 1607 2271 1577
Route 38 : 352 487 627 1602 1009 284 429 1679 2259 1534 422 1224 1877 273 2474 1523 1737 1672 68 430 1318 1680
Route 39 : 406 258 160 1010 183 1508 1656 881 1410 1112 946 2260 92 1433 9 2362 1193 1259 2443 460 2196 2131 1342 1007 1710 864 236 478 1130 2257 2380 325 1728 2114 1486 1575
Route 40 : 348 687 558 1150 234 1937 1598 781 2400 1484 747 930 1808 2180 892 2031 506 2142 1756 1997 60 834 1247 2497 2084 657 716 1310 477 1907 442 578 830 1828 1727 1692 1966 2080
Route 41 : 426 735 985 1676 1111 1985 1066 2316 2361 544 197 1794 2235 435 186 243 1133 447 1447 482 1732 2383 1436 784 886 1685 1697 1493 2034 876 1179 453 2429 2126 1703 2136
Route 42 : 434 63 1684 983 737 1987 382 640 1313 696 1632 1185 59 359 1946 1890 493 2233 2435 1743 1609 1309 279 950 32 688 690 1282 1938 991 2200 315 1529 262 2241 1940 1512 1565
Route 43 : 862 1047 17 500 99 2112 2297 1349 852 1750 1267 254 397 2102 993 844 546 594 1647 1796 1844 2094 1504 1163 1174 2243 2424 1147 439 841 2397 2413 634 2091 1884 736 1986 1689
Route 44 : 1134 698 907 1948 2384 1022 538 2157 1102 428 628 1878 1678 2272 55 1788 606 865 2352 2115 1305 1856 677 849 117 758 1927 2099 1367 329 1579 2008
Route 45 : 1135 724 1140 294 2385 1544 603 1974 2390 1853 635 219 632 1469 1882 1885 213 1146 408 771 2396 1073 2021 300 1463 1658 1234 1550 655 2323 2484 618 1905 1089 2339 1868
Route 46 : 912 283 417 366 1018 934 2162 1667 1109 647 1616 1003 2184 1533 1049 2359 1897 2268 720 671 2253 1970 1921 1093 2299 884 817 489 1016 2067 2134 1739 2266 381 1051 2343 1631 683 2301 1933
Route 47 : 713 1184 911 1963 2434 2161 81 199 1449 1331 271 1521 314 1119 2369 1012 2262 157 1407 1564 969 633 89 1213 2219 1339 2463 914 1883 718 612 1968 2164 386 399 1862 1080 2330 549 1636 1649 1799
Route 48 : 941 533 184 115 1434 1365 2191 198 1783 877 481 1187 38 168 1418 285 1448 1731 2437 2127 1075 1535 1288 1196 502 309 272 2325 2446 1752 112 1008 2258 1522 1559 1362
Route 49 : 1090 515 1060 531 286 2310 571 1200 1781 267 2340 776 2026 703 1517 2450 1765 1219 1159 2469 1821 1536 828 1953 76 932 2078 2409 2182 95 1326 904 1053 2154 802 1345 890 2303 1197 2140 2052 2447 409 1659
Route 50 : 774 14 12 2024 1264 110 1107 803 928 670 2053 1262 1232 829 1920 1360 871 2482 2357 2178 597 1847 2079 775 488 891 2141 2121 2025 1115 1017 1738 879 2267 2365 2129
Route 51 : 607 514 727 72 722 1322 1764 953 467 1972 1042 1717 1857 2203 1977 608 987 1069 1148 1858 2292 319 2237 133 2398 2319 195 1569 965 436 1383 1445 1686 2215 926 298 968 326 2176 2218 1548 1576
Route 52 : 586 210 819 31 147 153 1281 1132 1403 1460 1397 2382 1836 2069 805 2055 501 140 246 509 1205 2455 1390 1496 1759 1751 621 49 887 1871 1299 484 67 1076 922 2137 929 1734 2326 1317 2172 2179
Route 53 : 889 128 104 237 977 1015 2139 143 2227 2265 1378 1393 454 1354 1086 1487 1704 2336 387 101 383 1240 1351 1033 1633 1637 942 2283 2192 2490 691 702 22 1941 825 1952 2075 1272
Route 54 : 997 321 519 1161 1571 461 1769 2247 331 227 980 1477 1228 2230 1711 1581 773 2478 2411 711 371 1011 806 1961 710 2261 2056 1960 2023 1621
Route 55 : 744 643 816 1994 1106 2066 2356 1893 704 1954 684 485 1735 316 794 261 1934 593 1843 831 1511 2044 1218 749 2081 1566 46 2468 721 1296 1971 1999
Route 56 : 832 1235 176 3 2082 935 2485 1095 2345 2185 1426 1253 614 233 1225 282 1483 795 1864 2475 2045 1532
Route 57 : 362 84 662 786 792 1334 622 766 1612 2016 1872 239 1059 2042 1489 769 575 2019 1912 178 2036 129 994 2309 1428 528 1379 1176 6 1825 468 2426 231 1778 1256 1212 1481 2244 1078 1718 551 2328 380 1630 2462 1801
Route 58 : 1222 1025 1144 26 2275 375 2472 317 148 193 2394 1153 1567 2403 824 2074 1276 1625 107 1398 1443 1036 753 1357 542 939 2003 174 2286 2189 1206 967 1792 527 154 1424 2217 1777 815 1404 2065 2456
Route 59 : 610 858 335 1860 161 345 413 1663 1585 415 1595 1088 1411 2108 57 625 2338 1158 1665 64 660 1180 2408 1314 1875 2430 1910 1307 1248 2498
Route 60 : 1108 1019 1128 181 1431 1099 56 418 2358 2269 1668 1165 66 1306 441 2349 2415 2378 1316 587 959 998 763 1691 1837 405 364 1189 2013 1004 1655 2439 2209 1614 2248 1068 2318 2254
Route 61 : 748 719 158 765 1998 1969 1408 2015 1046 2296 1164 2414 412 353 1603 1105 789 1204 2355 2039 1035 624 2454 2285 1874 1662
Route 62 : 121 1041 1098 1005 466 496 1371 2348 2255 242 867 652 2117 1746 1492 2291 1716 740 1902 560 823 1810 1990 2073 1175 1178 566 1082 2428 564 623 2332 1816 1814 1873 2425
Route 63 : 1 866 1210 1117 1251 2367 2116 62 2460 340 448 707 1312 207 1590 734 972 1984 1957 2222 1698 1457 732 905 432 155 2155 1982 1682 1405 142 896 1072 2146 27 1392 931 1277 800 2322 2050 2181
Route 64 : 394 65 209 598 1459 1315 1644 1848 782 2032 1217 842 389 1083 2467 580 2333 1182 2092 1211 339 1830 118 43 2432 1589 2461 1639 1293 645 37 1368 83 1895 1057 1333 1287 311 1236 2307 1561 2486
Route 65 : 715 93 437 604 1343 1854 1687 1965 505 1755 811 2061 576 1826 8 552 631 1258 1802 755 355 561 229 1479 1881 2005 1605 1811 752 511 693 1209 2002 1761 1037 2459 369 1943 2287 1619
Route 66 : 479 1199 1729 2449 790 1237 2040 611 1143 224 164 2393 1414 1861 2487 1474 648 918 1145 451 2395 2168 1062 1898 1701 516 799 1221 1766 1152 2471 2402 2049 2312
Route 67 : 378 291 1173 682 2423 908 1067 1541 1932 2158 263 1628 695 2317 1945 135 1513 638 1888 1385 1074 845 742 1188 788 2438 2324 559 103 1809 2038 2095 1992 1353 694 7 1944 854 646 1257 1100 2104 2350 1896
Route 68 : 1229 94 636 689 2479 1886 1939 191 245 1441 1344 1495 556 87 975 13 1806 1337 2225 1263 653 217 961 1903 182 2211 1467 1432
Route 69 : 443 1031 52 895 1302 322 2145 392 1572 299 1642 1693 1549 2281 367 605 1249 24 1617 2499 1274 384 162 1855 1096 1634 1412 1001 1207 1155 2251 2457 2405 2346 269 1519
