Instance name : nyc-n5000-2
Authors       : Dmitriy Demin, Mikhail Diakov (msd@veeroute.com), Ivan Ilin, Nikita Ivanov, Viacheslav Sokolov (vs@veeroute.com) et al. VRt Global (https://veeroute.com/)
Date          : 2023-07-09
Reference     : veeroute.com
Solution
Route 1 : 1291 1735 1555 3791 166 1111 4055 2496 3611 4996 4235 871 2666 3371 2403 2273 1136 4903 3636 4773 496 2277 2996 4777
Route 2 : 455 1067 1838 615 3567 1678 2955 1661 4338 4178 4161 3115 2342 4842 921 1038 1115 3421 3538 3615 1496 231 3996 1672 2364 2731 618 800 4172 4864 569 1503 1387 3300 972 3118 2116 307 3887 3069 4003 4616 3472 2807
Route 3 : 2114 1377 3877 4614 448 845 1791 2246 3345 1263 1582 4082 4746 4291 2948 3763
Route 4 : 2374 602 1801 266 2497 1014 4874 781 3514 4997 4301 2766 3102 258 1506 337 50 1646 2550 4006 2093 2837 3281 348 2758 42 697 4146 2542 617 1628 2848 973 4593 699 1828 3197 630 3117 4128 1852 4328 3130 3199 4352 3473
Route 5 : 443 856 3356 2943 2020 4520 1875 4375 223 2723 1438 1090 3590 1660 3938 807 226 1820 1271 4160 3307 4320 2133 3771 4633 2726 551 1974 457 2499 1845 1155 4474 2957 3655 4345 4999 1745 3051 4245
Route 6 : 573 1396 1208 214 2409 3073 3708 3896 1776 464 2714 4909 831 1382 85 609 4276 2964 2420 3109 3331 2124 3882 2224 4920 2054 1841 2585 1990 4624 4341 4554 418 755 4490 4724 669 281 1258 2918 407 2781 3758 3169 3255 2907
Route 7 : 1008 908 1834 313 1009 3509 436 3508 1859 3408 2202 4334 4359 2936 2813 1428 399 2443 2899 4702 3928 1419 534 4943 2219 3034 2281 4719 1929 4781 4429 3919
Route 8 : 1244 802 260 2085 1164 3744 3302 3664 4585 860 1937 1654 293 4437 459 2760 1793 2793 1830 2959 4293 3360 4154 4330
Route 9 : 65 1873 660 717 208 2565 582 2708 3160 4373 852 1344 3217 2173 3352 3082 3844 2002 2031 4673 1150 1172 4502 4531 2381 1583 3650 4881 946 3672 2005 4083 933 2017 3446 3433 4505 4517
Route 10 : 1467 861 1491 3991 3967 3361 1166 3666 1453 2117 2437 750 3953 206 4617 336 180 2836 3250 2680 4937 2706 1609 1876 490 2330 96 4376 4109 2990 2596 4830
Route 11 : 366 853 1086 474 94 479 3586 2979 1088 2974 3353 524 2594 2866 988 834 1941 3588 3334 3488 3024 4441 2112 241 2414 1374 4914 1919 4612 2741 3874 2305 1348 682 1285 4805 4419 1170 3848 3182 3785 773 3273 3670
Route 12 : 1209 2321 225 928 401 1798 3428 2901 3709 159 2176 1379 4298 1684 2659 3879 2725 4676 1867 4184 4821 4367
Route 13 : 2236 198 2436 4736 344 1523 656 4936 2844 4023 1885 4385 2698 3156 842 1205 2323 2449 1498 4823 575 3342 3075 1539 557 4949 3057 4039 3705 2157 333 3998 4657 2833
Route 14 : 1920 1085 759 730 3259 547 3585 4420 3047 1482 2045 3230 1411 745 2099 4545 3911 4599 3982 3245 1420 945 1435 1292 3920 3935 168 1593 3445 3792 2668 2373 4093 4873
Route 15 : 518 3018 2170 27 4670 2527 2143 1759 4643 896 639 3139 4259 220 3396 1968 1064 3564 1011 3511 2720 4468
Route 16 : 2077 851 1487 3351 3987 1369 533 1861 2488 3033 4577 1559 701 4361 1826 3869 4326 4988 3201 2167 4059 117 267 2159 2767 330 2179 4659 4667 2830 2617 1578 4078 4679
Route 17 : 1689 405 1426 616 2905 1290 2447 4189 3116 563 485 3790 4947 3926 2985 2279 1395 38 2439 3063 531 4779 4939 3895 2538 3031 1071 1574 2107 4607 3571 4074 2174 2413 1825 2262 4325 1699 4913 4674 4762 4199
Route 18 : 1307 1077 1571 22 1951 2487 3807 2522 999 2442 4987 4942 1616 4071 3577 4451 1186 4116 1235 3499 1762 3735 1610 3686 1564 4262 4110 4064
Route 19 : 2256 2331 870 44 608 476 3108 2336 4756 2976 4831 854 3370 3354 2544 742 13 4836 3242 2149 1012 2513 3512 1475 797 102 3975 4649 2260 2602 3297 4760 1093 1309 890 3593 3390 3809
Route 20 : 1355 537 289 1967 1606 3037 2789 850 3855 4467 1328 2081 3350 1391 3828 2335 425 3891 2925 4581 4106 4835 967 1644 4144 1178 2345 1576 3467 3678 4845 4076
Route 21 : 2254 2231 712 2000 814 530 3030 3212 3314 4731 4754 4500 2044 979 758 876 1842 1541 3258 4544 1511 4342 2405 3376 4905 3479 4041 816 1925 143 4011 1131 2485 2643 3316 4425 3631 4985
Route 22 : 332 2189 1534 2375 2832 4034 4875 63 4689 179 2563 2679 345 1461 2160 1311 1721 4660 2299 3961 2845 1029 1257 3811 4799 1373 4221 3757 3529 3873 2369 2476 583 1493 252 4976 3993 4869 2752 3083
Route 23 : 2482 99 2599 4982 1850 195 4350 2695 649 3149 2416 304 1528 2804 4916 4028
Route 24 : 178 2015 432 391 306 511 2806 2932 4515 3011 364 2678 2891 126 899 26 2626 1176 2526 2864 2402 4902 3676 3399
Route 25 : 1730 2258 4230 1617 2011 1215 1165 4758 577 2270 4117 3715 4511 328 402 4770 2828 2902 3665 3077 1192 69 1645 4145 529 2569 885 3029 953 3692 986 1671 3385 3453 1333 4171 1780 1917 3486 4280 4417 3833
Route 26 : 1251 1779 1718 287 334 2834 2495 4279 2454 2787 1485 4218 1851 3985 4995 1451 3751 4351 4954 3951 762 1821 1833 4321 1909 655 3262 4333 4409 3155
Route 27 : 259 835 2237 1703 804 1171 3671 3335 263 1436 4203 3304 2759 2763 4737 1928 261 2046 1168 2259 4759 3936 4546 1725 1119 4428 3668 2761 4225 3619
Route 28 : 2082 2203 1148 4582 494 2994 3648 1264 417 2091 2917 2199 4591 789 4703 3764 1772 271 1631 1488 3289 460 4131 2771 2960 3988 893 129 4699 1232 2629 4272 3732 1695 4195 3393
Route 29 : 2354 359 17 2286 4854 1393 385 1581 2859 3893 2132 2885 4081 4786 2164 1240 1864 2517 1579 4364 4632 4664 558 4079 2385 87 1080 1368 3740 2263 3580 4885 3868 465 3058 2587 4763 2965 1275 1032 858 1632 4132 189 3775 3532 3358 2689
Route 30 : 826 867 2145 3326 2029 1422 901 3367 586 4645 119 3401 623 1084 3584 3123 4529 3086 3922 2619 1969 4469 2162 4662 2328 171 1413 4828 2671 3913
Route 31 : 2251 88 1157 2014 31 335 2835 4514 561 233 2531 2733 1666 2588 1979 3657 4751 2486 3061 4479 4166 1028 4986 2182 1375 3528 429 2319 1860 2929 1267 274 2774 4819 4360 1156 3767 2185 3875 4682 1972 735 3656 4685 3235 4472
Route 32 : 1406 507 1233 2433 1452 4933 3906 3733 3952 3007 1065 3565 2424 777 1547 3277 43 4047 4924 2543 863 1087 1959 3363 1556 1505 4056 4459 1056 4005 491 3587 3556 2991
Route 33 : 1633 80 1710 957 1381 3881 4133 2580 1882 4210 506 2210 3457 3006 4710 4382 1992 895 51 857 4492 269 2366 3395 4866 1542 431 2551 4042 775 2931 1378 3357 2769 3275 2393 1397 1502 3878 4002 4893 3897
Route 34 : 2066 1568 1621 640 4068 3140 4121 1844 4566 234 1035 4344 2023 2734 2180 3535 2192 1709 1839 2103 4523 4680 1504 4692 4209 2209 4004 4709 167 282 1145 2667 1319 4603 825 3819 819 3645 4339 3325 3319 2782
Route 35 : 1390 1006 1752 424 1479 3890 2429 1963 3506 2924 299 3979 197 4463 1652 4929 4252 2228 2697 2799 4152 877 2318 749 4728 3249 1188 545 2434 4818 441 2264 4934 3377 2239 1477 2941 3045 1276 4739 1173 4764 3776 3688 1277 3977 3673 3777
Route 36 : 1446 360 588 2052 914 3088 3946 4552 2860 3414 1538 508 219 283 2719 302 3008 136 4038 1612 2783 1266 2636 2802 3766 4112
Route 37 : 732 2363 3232 1030 3530 2214 718 270 516 188 4863 3016 3218 2770 4714 2688 798 648 3148 3298
Route 38 : 571 898 787 1347 892 427 3398 3847 3287 420 3071 2927 3392 2920 1954 1003 942 4454 778 2097 4597 1317 3442 3278 2404 2314 3503 881 1231 1037 3817 2349 3381 4849 2362 4904 2098 3537 4814 1701 3731 4862 4201 4598
Route 39 : 108 2232 2383 4883 2608 1222 84 232 4732 1823 4323 3722 2584 2333 2732 2453 204 2050 4953 4833 4550 2704 590 3090
Route 40 : 1832 554 73 4332 2573 613 3054 2171 2301 423 4671 1246 2048 3746 3113 488 4548 4801 1185 1513 2923 1521 2988 1921 2265 911 4021 4421 1278 1039 4765 661 3411 4013 1007 148 3778 3685 3539 1161 3161 285 1354 37 2537 3507 1416 3854 2785 2648 3661 3916
Route 41 : 1643 486 619 21 1526 4143 250 3119 500 2521 3000 4026 403 2750 2986 2178 91 4678 2591 765 2903 1739 4239 1114 3265 1425 3614 3925
Route 42 : 229 1105 350 1853 969 2322 4353 18 2729 726 3469 729 2518 2326 3605 2850 4822 3229 3226 1325 4826 2028 2163 4528 3825 4663
Route 43 : 1970 2297 81 1913 326 2581 4797 2826 997 4470 643 3143 1836 4413 793 273 3497 1570 1110 3293 3610 4336 2773 829 93 2087 4070 1522 3329 1400 2205 1300 4022 3900 2593 4705 1557 4587 3800 4057
Route 44 : 938 1380 1667 4167 1747 3880 1449 4247 3438 3949 1546 1236 497 2997 4046 3736 1322 5 2186 1911 4411 1094 4686 1024 2505 3594 3822 3524
Route 45 : 1245 869 3369 3745 1421 654 1650 2235 3921 3154 4150 1589 127 4089 2070 4735 641 1765 2627 1598 1417 4570 502 3917 1899 4265 1282 4098 3002 3141 603 3103 1456 4399 1608 3782 2222 1441 4108 822 3322 1878 57 2557 4722 3956 3941 4378
Route 46 : 731 1045 192 452 665 1412 3545 1177 3231 2952 939 719 3677 2288 3439 3165 3219 2692 4788 3912 462 1476 2060 1891 346 4391 1892 3976 4560 2846 1433 2962 341 1365 4392 2285 1580 2841 3865 3933 572 564 413 4080 3072 4785 3064 2913
Route 47 : 647 478 1350 526 1926 3147 3850 4426 3026 2978 128 2628 637 3137 987 2204 2183 2481 4683 3487 4704 996 4981 24 1484 646 239 2524 3496 2739 3146 2089 3984 2353 4589 828 1249 4853 1785 3328 3749 4285
Route 48 : 1270 10 951 1529 2062 4029 4562 3451 1468 1903 1002 2510 3770 2368 4403 3968 4868 3502
Route 49 : 265 322 2765 29 2822 492 2992 1196 1619 2529 1698 4119 1424 466 182 1902 3696 2966 4198 1359 1918 410 2682 3924 251 3859 2910 442 1690 4418 2290 2751 560 4190 595 2942 4790 2056 4402 3060 3095 4556
Route 50 : 878 3378 290 2426 1508 1905 217 4926 4008 1543 2717 276 2776 4043 2790 1807 4405 4307
Route 51 : 803 2225 2053 971 4725 3303 1686 1846 766 4553 310 1401 2810 4346 3266 3901 4186 970 3471 262 827 836 1237 980 2762 3336 1655 3327 3737 1284 3480 792 1906 4155 3470 4406 3292 2075 3784 4575
Route 52 : 2109 994 934 2360 1934 1604 3494 4860 4434 3434 4104 61 4609 1656 704 2561 1936 592 1634 4156 362 3204 1545 3092 4436 4045 2862 4134 1955 4455
Route 53 : 580 991 922 1553 1712 4053 1054 3491 3554 3080 489 4212 2196 2989 1286 2334 1790 3422 4696 1627 710 4290 3210 2398 3786 4127 761 4834 4898 1103 1442 932 3942 3432 2471 3603 1480 2041 638 3261 3980 4971 4541 3138
Route 54 : 165 1658 1857 2665 1302 809 1418 222 3309 3918 2722 4158 3802 1758 4357 95 4258 2595 321 817 78 2821 2122 2272 622 3317 2039 2578 227 4622 874 1980 2727 4772 3122 386 3374 4539 2886 1618 4480 4118
Route 55 : 1343 1450 736 3843 520 248 733 2748 3236 3020 3950 3233 1512 2445 428 370 1132 2870 4012 2928 3632 4945 989 723 1516 1737 3223 2201 4016 1279 1726 3489 2355 4855 3779 2067 4226 4237 4701 4567
Route 56 : 521 1908 406 1915 1384 3021 4408 635 3884 4415 540 1575 786 1337 3286 889 3135 2906 3389 4075 3040 2230 3837 4730 1130 2200 1154 3630 4700 3654
Route 57 : 1182 992 1713 4213 3682 3492 2431 1124 3624 453 2110 1123 2241 2953 4610 4931 3623 1315 59 4741 2559 721 982 645 3221 3482 3815 1471 3145 634 1622 3971 3134 1939 1707 1304 3804 4122 4207 4439
Route 58 : 859 449 862 1958 1500 2459 4458 3359 4959 4000 2421 2949 1696 4921 1755 1254 4196 2027 1597 3362 2492 4527 4097 4255 3754 4992 1431 2278 1720 3931 4778 884 1855 3384 1408 4220 1262 4355 3762 3908
Route 59 : 1688 1042 3542 4188 2226 1149 1318 3649 4726 3818 2074 4574 1630 1197 2238 604 4130 3697 3104 4738
Route 60 : 1330 358 847 1287 2858 3830 620 2165 2329 1657 3120 3787 2008 4829 4665 4508 3347 4157 1605 2058 2337 4105 1517 4558 873 1310 3810 4837 1458 3373 3958 4017 785 381 2352 3285 2475 288 4852 2788 2881 4975
Route 61 : 1769 1078 434 2934 1635 4269 3578 1238 4135 3738 515 72 2104 4604 2572 3015
Route 62 : 2034 738 1744 4534 3238 116 2616 4244 2175 2065 535 1225 4565 1673 40 3725 4675 763 2540 3035 4173 3263 438 1829 2938 1943 2242 4329 4742 4443
Route 63 : 444 1429 1346 2076 1723 4576 2009 3846 4223 2944 3929 32 4509 1312 1353 2532 1914 4414 2194 1590 3853 1360 4694 3812 2365 2172 4672 4090 4865 382 1212 3712 3860 2882 2390 1457 3957 4890
Route 64 : 1964 2348 772 469 4848 2158 4464 3272 2969 1372 3872 2115 4615 2380 1414 1883 1440 1535 4880 4035 4658 3914 4383 3940 2151 1669 191 2047 2691 4651 1799 4169 886 4547 482 435 3386 2935 4299 2982
Route 65 : 495 412 2134 2220 2190 4634 4720 2912 2995 4690 187 426 2687 1293 1662 3793 2926 4162
Route 66 : 1113 1152 2307 667 1213 3613 3652 2371 1183 4807 3713 1273 3167 1069 3683 4871 1932 3569 1034 3534 3773 4432 297 255 1153 2797 2755 3653 1796 1636 1000 4296 4136 824 1614 3324 3500 4114
Route 67 : 1527 2095 1048 1159 4027 3548 4595 1138 2435 600 3659 2327 3100 872 4827 3638 74 3372 36 2574 954 2536 2468 1982 4935 567 841 2311 4968 3454 3067 4811 3341 4482
Route 68 : 1677 2248 1886 1682 4748 4386 104 458 68 4182 2604 1402 356 2568 1595 2958 1599 4177 1831 3902 1203 2856 4099 60 4095 4331 2128 3703 1596 1770 1594 2560 4628 1764 170 2069 4096 4264 1560 4270 20 4094 1280 1253 2520 4060 2670 4569 3753 3780
Route 69 : 581 2451 1061 1540 3081 1303 594 4040 2461 4951 3094 1809 396 4961 3561 2896 4309 118 3803 2003 2618 477 2498 4503 1070 3570 2977 4998
Route 70 : 2261 357 519 702 3019 3202 2406 2857 4906 2470 1102 4761 1993 1708 4970 1331 4208 4493 512 3012 3602 3831
Route 71 : 1960 1160 888 1018 1988 4460 3518 3660 1551 4051 1151 3388 1250 1184 3651 2136 4488 3684 4636 3750 703 607 3203 696 2460 528 3196 1837 4960 4337 981 1066 3028 3107 705 1129 2184 4684 3566 3629 3205 3481
Route 72 : 2473 2022 1670 1195 931 4170 3695 4522 123 2623 905 4973 2026 3431 3405 675 1681 2118 3175 1383 4526 153 249 3883 1805 2653 912 4618 966 503 4305 2749 3412 4181 3466 176 3003 2676
Route 73 : 2043 154 400 976 1361 397 2900 673 3476 767 3861 2309 4543 2654 1096 2897 1265 1548 3267 3765 3173 1981 1977 4048 4809 3596 213 2713 4481 4477 1933 2484 720 33 4433 2400 3220 2223 2533 1194 4984 3694 1052 4900 4723 2234 3552 4734
Route 74 : 555 917 35 1362 3417 3055 3862 160 2535 1804 4304 1704 2660 1019 2269 4204 1989 3519 4769 4489 1216 1334 1751 1901 3834 4401 3716 4251 2493 694 605 1961 4993 3194 230 3105 1938 1874 4461 2730 4438 4374
Route 75 : 1679 1260 771 3760 2462 517 52 389 4179 1895 4395 2552 2889 3271 398 277 2898 4962 3017 2777 725 2068 510 4568 1680 3225 183 4180 3010 2683
Route 76 : 883 2386 70 1691 3383 1639 776 2450 3276 2570 4139 4886 993 4191 4950 3493 2088 56 347 1935 4588 2556 242 2847 1135 3635 186 4435 2227 2742 2686 4727
Route 77 : 576 2072 684 151 1107 4572 3184 3076 1214 1997 1051 3607 1923 1098 4497 3714 257 1335 4423 2651 1675 3551 1274 3835 2757 3598 4 3774 2504 113 1700 1866 4175 2086 4586 2613 1206 4200 4366 549 1180 2250 3706 3680 3049 4750
Route 78 : 440 784 963 41 3463 2940 3284 1092 2541 1757 1976 1900 553 4257 1525 352 4476 161 3053 4400 1871 1465 3592 3965 2852 2661 4025 4371 752 415 1887 1404 467 3252 4387 2967 3904 2915
Route 79 : 67 107 741 513 2042 1063 4542 1602 3563 3013 2567 49 1566 570 3241 2607 4102 1996 2549 3070 2255 4066 2415 4496 2181 2135 4915 4635 2478 4755 897 454 4681 1777 1611 3397 4978 2954 782 4277 228 3282 4111 2728
Route 80 : 644 739 1868 1520 1283 3239 1053 4020 4368 998 3553 3783 3144 1994 2197 1356 606 3106 4494 3498 1140 4697 3856 6 2506 1524 3640 4024 522 470 90 3022 2590 1803 2970 1200 3700 4303
Route 81 : 1227 445 906 3727 1816 1109 284 3406 1585 2945 4316 411 25 2784 184 3609 4085 2525 2911 1819 205 1409 272 4319 2705 2684 3909 2772
Route 82 : 1059 737 291 387 3237 2791 2004 30 629 1856 2887 3559 1957 3129 4356 1043 4504 904 4457 3543 2530 3404 2129 2344 4844 145 4629 1423 2645 1116 783 2073 2410 3923 278 4573 1144 3283 3616 2778 3644 4910
Route 83 : 2316 202 1021 1800 2388 4300 4888 2702 4816 1940 3521 810 2033 3310 1288 4440 2253 1174 4533 2376 4753 3788 1462 505 3674 4876 3962 3005 689 3189
Route 84 : 493 1854 2407 149 1788 4288 3 2649 2503 4907 894 2993 414 2456 365 3394 1137 2914 1175 4354 2865 1727 3637 388 4956 3675 4227 2888
Route 85 : 2325 2275 4825 875 2491 4775 4991 3375 312 2812 1537 964 34 2534 3464 4037
Route 86 : 1638 1697 2131 1443 674 1950 3943 315 4631 1074 3174 1812 3574 4197 4138 4450 2815 210 2071 1815 1142 2152 4312 2710 1532 4652 4571 2411 4032 591 1550 3642 4315 1091 4050 666 3091 1444 4911 3944 3591 3166
Route 87 : 715 753 1818 1784 2291 1592 3215 4284 813 4791 3253 4092 840 743 286 4318 1326 3340 2786 3313 2347 4847 3826 3243 1530 216 376 4030 2876 2716
Route 88 : 378 2878 14 974 2514 3474 1904 4404 1931 548 3048 866 1577 543 3366 4077 4431 275 2025 1398 3043 203 409 1561 3898 2775 4061 4525 2909 2703
Route 89 : 559 1403 2283 3903 3059 2213 4783 1120 1817 1332 4317 3832 4713 3620 672 2372 4872 3172
Route 90 : 114 1125 1877 1357 1044 1388 3857 481 2614 295 3888 309 2809 3625 4377 2981 2795 3544 1473 848 1728 2001 3973 146 3348 1714 962 4228 3462 4214 4501 2646 1219 679 15 695 2092 2515 3179 3195 4592 1827 3719 4327
Route 91 : 292 662 2105 1321 2038 4538 3162 4605 2792 3821 632 3132 926 3426 1133 633 527 952 1998 3633 132 3027 4498 3133 2441 868 3452 539 2632 1189 4941 1338 3368 3039 820 2057 2055 3689 3320 3838 1122 879 4557 4555 3379 3622
Route 92 : 103 1890 556 2040 740 2603 4390 562 1814 3056 3240 3062 2187 2377 4314 4540 1756 384 4877 756 910 4687 155 1455 3955 1261 3410 1242 3256 4256 2884 2655 3742 1158 1549 1588 4049 2244 536 4088 3761 4744 3036 3658
Route 93 : 2458 1519 1324 3824 4958 4019 1687 1624 4187 4124 1683 2249 4749 779 4183 2035 2306 3279 1732 4806 4535 2257 552 808 3052 4757 211 3308 1649 1371 4232 2711 122 3871 754 4149 2312 2622 1693 1108 3254 768 984 4193 3268 4812 3608 3484
Route 94 : 1572 1858 2064 2310 4358 1625 4810 4125 4072 4564 1912 1835 4335 1810 4310 2012 4512 4412 2245 681 919 1924 499 4745 3419 4424 650 3181 1642 1792 28 3150 2999 597 657 2528 4142 1558 585 4292 3097 811 3157 4058 3311 3085
Route 95 : 882 1005 329 311 1481 983 3382 2293 2829 2130 4793 2811 2397 3981 4897 3483 3505 4630 268 121 1533 298 4033 1719 2621 678 929 164 2664 2768 2798 3429 1507 2150 4219 3178 1386 4650 3886 4007 1896 579 4396 1674 3079 4174
Route 96 : 1971 1763 86 199 1731 1711 2586 2699 1706 624 4211 4471 4263 4231 331 1296 4206 3124 2831 3796 780 1734 317 2303 4803 4234 943 3443 2817 2455 4955 3280
Route 97 : 480 1017 209 1437 2206 3517 4706 3937 2980 2709 419 2919 1016 131 2148 3516 2126 1448 2090 601 2631 1224 3948 3724 4590 3101 4626 2392 1573 839 4648 2430 2294 4892 1894 4930 664 4073 2083 1607 4794 4394 3339 3164 4107 4583
Route 98 : 1256 2276 3756 770 1495 677 456 3270 3177 2956 3995 4776 2408 509 2489 4908 3009 961 3461 2500 659 4989 3159 5000
Route 99 : 2120 1973 1797 596 2340 1289 4620 1218 4297 4473 3096 1134 1464 3789 3718 3634 3964 207 4840 565 1987 1221 2707 97 4487 2597 900 3065 280 3721 264 2780 3400 1058 663 3558 2764 3163
Route 100 : 1083 371 1910 1478 3978 801 2871 4410 3583 706 76 2576 3301 3206 1281 367 1985 2153 3781 880 475 4485 4653 2867 3380 2975 1664 46 4164 105 2546 174 1897 2154 2674 4397 4654 1081 2605 3581
Route 101 : 2332 700 1220 1753 9 2509 4832 4253 3720 1294 3200 589 3794 2168 201 1787 4287 16 4668 3089 2701 2215 58 1226 4715 791 2516 2558 133 1316 3726 473 3291 935 2973 1004 3816 2633 2343 1306 3435 4843 1460 3806 3960 3504
Route 102 : 628 916 1966 1427 3128 1068 4466 215 3416 2715 1046 3568 193 3927 2079 3546 1746 2693 504 240 4579 1847 1167 1327 4347 727 3004 764 4246 3667 134 2740 3227 2457 1057 3264 3827 975 4957 2634 3475 3557
Route 103 : 788 238 351 437 1430 450 2738 2937 2296 4796 1629 157 2851 4129 3930 2950 3288 2657 2466 4966 2208 2274 2155 1552 4708 4774 53 1033 1062 64 4052 3562 2553 2346 4655 3533 55 4846 1179 1320 2425 2564 2555 3820 4925 3679
Route 104 : 1584 927 3427 4084 369 2869 471 947 1010 2971 2252 2304 4752 3510 4804 2218 746 3447 4718 3246 642 891 748 584 3142 3391 3084 1983 1665 3248 2440 224 4483 4165 2724 4940
Route 105 : 1880 1889 2427 683 823 4389 686 4927 4380 3323 1 1724 711 3186 3183 11 1392 2501 2446 3211 4224 1754 846 3892 393 4254 818 4946 1199 2893 1738 3318 3346 2511 2156 923 1824 4656 1190 4238 4324 3699 3690 3423
Route 106 : 1415 805 2324 913 2080 1773 3305 1314 4273 4580 4824 1075 3915 3575 253 377 3814 3413 1389 2753 2877 1544 1469 430 135 4044 1351 3969 1079 2930 2211 3889 2635 3851 3579 4711
Route 107 : 2229 1615 2292 995 2370 4729 3495 4870 1376 4115 1781 907 4281 173 3876 2673 4792 3407 830 2051 1073 2490 3573 2111 3330 2480 111 4551 4980 2464 523 4990 708 2611 1849 959 3023 4611 1811 4964 4311 3459 4349 3208
Route 108 : 318 2139 1459 2483 2818 363 4983 1562 2467 4639 2119 3959 4062 1248 2032 4532 3748 2141 4619 2863 4967 794 1364 4641 175 3294 1463 1685 2675 3864 2382 79 3963 4185 2579 320 4882 950 1694 1761 4261 1653 3450 4194 4153 2820
Route 109 : 446 1927 2946 383 2418 4427 568 1139 2883 3068 2378 4918 3639 985 1518 4878 658 374 1198 110 2874 3485 4018 3698 1055 3158 158 2610 2399 2658 4899 546 2243 611 3555 3046 4743 3111
Route 110 : 1204 832 2284 1743 2006 4784 62 2562 4243 4506 3704 909 300 1269 3332 887 2800 1774 1217 3387 4274 3409 1434 3769 3717 1299 903 1808 3799 3403 4308 3934
Route 111 : 2137 501 1872 483 2432 1862 4362 4637 4932 1999 3001 316 4372 2816 1587 4499 2983 2384 1641 1494 4087 707 4884 1948 3994 1336 3207 1229 3836 587 4141 4448 3087 3729 902 1095 1099 937 3402 3599 3437 774 3595 3274
Route 112 : 181 1944 2019 1648 2681 4148 1308 1041 3541 1497 2024 4524 4519 1049 3997 3808 2271 4444 1228 3549 4771 3728 806 864 3306 3364 156 100 1367 2656 2600 3867
Route 113 : 147 2647 1352 3852 1995 2389 4495 4889 1795 2472 4295 4972
Route 114 : 978 301 2452 2108 1591 1076 3478 949 4952 610 3449 4608 1141 691 4091 3641 2801 3576 1329 3191 3110 1760 2123 3829 125 532 4623 1893 796 3032 2625 4260 4393 3296
Route 115 : 2417 1716 1749 368 724 2868 2191 4249 4917 790 2102 3224 327 4602 4216 3290 4691 2827 1640 671 936 2247 4140 1370 137 4747 139 379 2639 3436 1297 3171 2637 3870 948 2879 3797 3448
Route 116 : 713 1201 2474 1301 1952 3213 2144 4974 2021 4452 2059 3801 1342 3701 4644 141 4521 1026 812 3842 2641 4559 3526 941 1234 45 3312 795 3441 7 676 3734 394 3176 246 1089 2507 685 2746 2545 3589 2894 3185 918 3295 3418
Route 117 : 1740 404 324 1001 955 2101 2824 2412 2904 3455 626 194 3501 1358 2694 688 4240 4601 4912 1020 3126 3858 1366 925 1036 2007 3520 4507 3536 3188 3425 3866 1794 747 2142 3247 4294 169 4642 2669
Route 118 : 1771 1230 1050 3730 4271 1243 1163 915 1313 2448 3663 3415 1432 1146 3550 3813 447 3646 722 4948 3743 82 2947 3222 3932 1295 172 1840 3795 2582 1501 2672 542 355 4340 325 1298 1210 2825 3042 3710 2855 4001 3798
Route 119 : 1705 1191 1766 670 4266 4205 625 1603 2195 3691 1736 3170 1241 4695 4103 3125 4236 343 433 2933 930 3741 855 1239 1620 2843 3739 3430 3355 4120
Route 120 : 1341 865 2018 2351 422 3841 4518 3365 4851 140 2640 190 2320 2922 2690 4820 1181 924 968 75 3681 2313 2575 3468 4813 3424 636 1536 2359 142 2642 3136 4036 235 4859 2735
Route 121 : 392 1531 2892 4031 2367 4867 243 566 19 2212 4712 2519 1822 2743 1015 3066 3515 4322
Route 122 : 1514 2469 1202 1956 71 3702 2571 1865 4014 342 960 4456 484 4365 4969 3460 2984 2842 1975 23 1715 4475 2308 1843 2523 101 4215 1717 1410 4808 3910 2601 4217 4343
Route 123 : 2477 1565 2395 1407 4977 4895 744 2298 4065 1962 3907 2138 1515 3244 4798 1121 4638 4015 4462 1363 692 1439 177 2677 3192 3621 3939 1945 1870 2240 245 4740 4370 2207 4445 3863 340 4707 2745 124 2840 2624
Route 124 : 319 990 651 2140 338 1447 3490 2838 2819 958 3151 734 3458 2358 3947 538 1848 4640 2267 4858 1930 3234 2198 4698 4348 256 4430 4767 1483 115 2233 2756 163 2615 2663 4733 3038 3983
Route 125 : 2438 305 4938 1128 1323 1786 3628 3823 2805 4286
Route 126 : 1187 2479 716 1082 1567 1626 3687 3582 3216 2266 1898 1748 4248 4126 4067 4766 4398 1247 254 2754 4979 3747 361 1223 1884 323 380 2861 451 2823 4384 1118 2880 2951 1169 3723 3618 3669
Route 127 : 2357 373 1775 1984 339 4275 2873 1466 2839 4857 1405 4484 1040 1272 1722 3905 3540 1385 653 421 3966 3772 4222 944 2921 314 2036 2396 3153 3885 2814 612 3112 4536 3444 4896
Route 128 : 1991 709 1349 3849 4491 3209 1659 4159 1492 3992 144 1490 2188 2193 3990 940 4688 1394 1783 2161 2644 247 4661 4283 3894 1813 2106 920 2747 4693 2268 3440 4313 1879 4606 3420 4768 4379
Route 129 : 849 98 1768 463 598 236 2598 3349 2736 837 3098 212 2963 4268 1255 2394 3755 2712 8 1472 3337 844 3972 2508 2127 3344 4894 2295 1097 3597 2338 4795 4838 1802 2016 1601 4627 1647 4302 4516 4101 4147
Route 130 : 1702 1554 408 4202 2908 4054 1869 4369 1486 621 3121 3986 1947 4447 416 833 1013 2916 3333 751 1339 3513 3839 3251
Route 131 : 1733 244 843 1692 2444 4944 3343 2744 4233 54 4192 2554 1340 977 3840 3477 541 2049 3041 1193 1025 2428 578 599 3525 1104 3693 4928 3099 3078 3604 1117 1399 279 4549 3617 130 77 3899 2779 2630 2577
Route 132 : 1942 4442 2315 2422 4815 461 4922 2287 2961 514 760 1586 4787 4086 468 2280 3014 3260 92 2166 4780 2968 2592 1268 4666 3768
Route 133 : 698 821 1888 2121 1072 1916 4388 375 4416 3321 1474 1509 3198 3974 4621 3572 2875 690 294 4009 1600 2465 112 4100 3190 2794 4965 2612
Route 134 : 47 395 2547 2391 680 3180 2217 1023 2169 1207 3707 4717 2317 4891 2895 4669 3523 303 4817 668 498 1949 2084 3168 2387 4449 4887 196 2361 4584 1147 2998 2803 150 349 3647 2696 4861 2650 2849
Route 135 : 1305 687 48 1060 2300 2094 3560 2548 3187 2125 2379 4800 1101 2113 4625 2289 4613 2177 4789 3805 3601 4594 4879 838 1668 162 4677 2494 2146 3338 1946 4994 4646 2662 12 1100 4168 4446 3600 2512
Route 136 : 1986 1211 3711 4486 1106 3606 1623 1510 4010 4123
Route 137 : 2356 4856 472 2972 1126 3626 965 2013 89 1454 2063 4513 3465 185 574 4563 3954 3074 2685 2589
Route 138 : 1445 1978 1127 3627 1143 3945 693 4478 1965 237 627 4465 1663 3643 815 3193 3127 3315 2147 39 1729 4163 2737 4229 4647 2539
Route 139 : 1741 728 2037 1806 1637 1252 3752 3228 4241 2282 4306 1789 1676 4537 4137 4782 4289 1259 1162 4176 390 3662 2890 3759 593 2463 1778 1489 4963 3093 3989 4278
Route 140 : 544 1613 2339 1569 4113 4839 4069 1953 1922 1031 372 3044 1112 4453 3531 4422 2872 106 3612 2341 2606 1742 308 2 4242 83 4841 2808 2583 2502
Route 141 : 2010 2350 138 2221 4721 4510 4850 2638 1022 3522 152 757 2652 3257 714 200 769 2216 1750 4716 2700 3214 3269 2302 4250 956 354 2423 4802 3456 2854 1863 4363 4923
Route 142 : 799 1345 109 296 1881 2796 614 1499 3299 550 2609 4381 3114 3999 2419 3845 3050 4919 2100 631 1047 4600 3547 3131
Route 143 : 2096 1470 2061 218 1563 221 4561 1027 4596 2718 2721 2030 487 652 4063 3970 120 353 4530 2987 3152 2853 439 1651 3527 1782 2620 4151 525 2939 2078 66 1767 3025 1907 4267 4282 4578 2401 4407 4901 2566