Instance name:	nyc-n2000-3
Authors:		Carlo Sartori and Luciana Buriol
Date:			2019-2-11
Reference:		A matheuristic approach to the PDPTW (to be submitted)
Solution
Route 1 : 122 387 361 924 368 1361 1387 192 507 504 1122 1368 1924 1192 120 986 805 1504 1120 1507 1986 18 1805 715 347 813 138 1018 692 403 1347 84 1692 1813 681 1138 1084 1715 1403 288 1681 110 3 758 1110 1758 444 1003 542 659 772 1444 398 1288 195 1542 1398 1772 1195 1659
Route 2 : 683 124 314 1124 1683 694 610 664 1314 391 72 1694 672 921 1072 1391 1610 1921 639 278 1672 822 1664 1639 1278 1822 803 782 671 256 1671 446 1256 863 1803 926 1782 1926 1863 1446 144 548 809 655 1548 1809 311 86 419 1311 1655 1419 740 524 1144 342 1086 1342 1740 1524
Route 3 : 649 539 594 98 187 1649 696 1098 500 1696 48 1594 1539 149 915 1149 1915 652 1500 250 439 1439 333 1187 1250 1048 474 563 872 1333 698 235 1474 1698 865 711 1652 1563 1235 596 1711 1872 1865 73 373 963 1596 1073 41 670 1670 254 731 1963 1731 1041 1254 1373 93 415 1415 1093
Route 4 : 878 82 1878 1082 23 267 436 161 484 236 1023 1436 1484 1161 925 1236 258 679 1925 1267 499 498 341 1499 1679 720 819 1341 1498 1258 1720 756 140 860 947 1140 1756 1819 712 705 1947 948 555 1712 745 1860 653 1745 1705 1948 899 1653 1555 1899
Route 5 : 117 527 728 326 261 736 1117 861 1326 312 1736 1728 788 1261 156 1312 1527 270 1788 97 1156 1270 212 1212 1097 1861 362 613 150 886 1150 183 1886 275 1362 284 299 70 1613 325 1299 1284 962 1275 406 1183 1406 473 841 167 1962 1325 472 1070 271 1841 1473 1167 1271 783 1783 1472
Route 6 : 479 247 1479 465 230 1465 785 927 31 160 1230 1247 761 1785 155 1160 323 487 1031 840 1927 1155 1323 130 766 1840 1130 1761 1487 1766 197 726 859 1197 152 1726 1859 360 483 1360 836 1152 623 832 174 1483 703 1832 920 1836 1174 59 1920 617 598 1703 283 1623 1283 1598 1617 718 1059 1718
Route 7 : 989 774 433 367 512 1774 1512 375 1989 1433 1375 210 456 944 929 1210 1944 505 826 1367 1929 37 1456 789 1826 1505 1789 478 737 1037 407 1478 516 1737 979 770 83 1979 1407 614 1083 428 1770 10 913 1010 469 1428 1469 1614 38 889 845 1889 1516 431 1845 1913 1038 202 798 458 357 30 1431 1202 992 1798 1030 1992 1458 1357
Route 8 : 297 894 56 580 1297 849 244 1056 125 1894 620 778 1244 517 1580 334 1517 1849 1125 1620 1778 1334 179 331 995 1179 554 951 223 1995 842 1554 9 1951 883 1331 454 691 1883 1454 1009 1691 733 1733 491 451 225 1223 302 1842 1302 1225 1451 1491
Route 9 : 220 1220 867 28 754 435 515 1754 958 372 1958 1028 727 1372 1435 1867 1727 1515 246 255 218 221 1255 1246 440 551 1440 1218 418 1221 253 1551 1418 1253 437 660 1437 599 69 109 468 1109 1468 1599 752 1069 1660 1752
Route 10 : 839 442 729 401 1442 1401 700 1729 1700 286 536 493 678 1493 1839 1536 1678 1286 343 68 743 1743 1068 279 1279 102 67 107 269 1343 268 1102 1269 62 1067 1107 1268 1062
Route 11 : 142 77 1142 597 249 457 265 1597 1249 1077 1457 66 1265 378 582 1066 356 1378 1582 1356 486 158 95 252 1158 1252 592 1486 452 848 1592 734 338 1095 1848 923 1734 1923 854 476 100 1854 1338 985 461 1452 1476 579 1100 589 1985 978 1589 870 552 1579 1461 445 1978 1552 1870 1445
Route 12 : 779 429 177 565 893 1177 1565 1779 358 1429 217 760 201 1893 871 1217 1760 1358 587 1871 4 748 1748 1587 305 1201 309 1305 14 686 111 1309 1004 365 1111 1365 1686 537 1014 1537 557 384 973 171 1171 19 1973 1384 494 1019 984 1557 1494 1984
Route 13 : 749 318 710 417 1749 885 1318 981 15 651 1015 1651 1417 802 477 528 1981 1885 1710 1528 1477 708 543 1802 482 974 1974 622 1482 1708 786 508 1508 1543 166 1622 1166 1786 781 353 151 143 344 402 1781 330 1402 669 1143 1330 821 1344 1151 1353 1821 1669
Route 14 : 566 713 315 55 689 470 1566 1315 980 1689 1713 1980 521 627 471 850 1055 518 1471 797 1470 1518 890 1521 282 1850 1627 751 634 157 1797 1282 830 317 1751 1890 1157 57 601 1057 1634 514 1830 492 556 1556 1317 400 738 1601 94 1514 1738 1400 320 919 519 1919 799 1320 650 568 1650 677 1519 1492 1799 134 1094 931 530 1568 1931 1677 1530 1134
Route 15 : 8 366 295 32 603 559 1008 906 1366 58 1295 1603 907 443 1032 1058 561 496 1907 1906 1561 1559 35 903 46 1035 953 1046 553 1953 544 1903 604 194 1194 1496 1443 1553 1544 851 697 656 1604 833 509 1851 1656 154 53 1833 1509 266 116 1697 241 1241 570 1116 1053 101 1266 1570 817 1154 204 232 1101 1817 1232 739 912 732 1912 1732 1204 1739
Route 16 : 114 956 213 163 1956 1163 54 79 1213 1054 1114 1079 263 1263 383 1383 386 24 427 1386 644 560 1024 637 959 706 1644 1427 1959 936 1637 1706 1936 573 1560 905 1573 113 631 1905 862 690 146 1690 1862 173 237 1631 1113 879 1237 990 1879 1146 1990 1173
Route 17 : 316 744 768 1316 1768 351 791 466 1351 987 340 1744 1340 626 887 1791 382 1987 17 1626 1017 1382 1887 280 1466 605 1280 240 750 777 1605 11 1240 395 1777 229 1750 695 1011 642 1229 345 1395 164 843 1642 685 1695 1685 844 64 1843 742 901 1742 1345 1164 1901 784 169 1064 1844 780 608 1169 1608 1780 1784
Route 18 : 119 658 937 129 1129 453 1453 1658 941 741 339 1119 2 1941 1002 1741 1339 1937 888 71 460 707 388 1388 112 1888 771 1771 1112 1071 89 1707 526 723 1460 257 818 1526 203 1818 1089 88 1723 1257 262 1088 449 628 725 1203 414 1262 1449 763 260 1414 1628 238 1260 535 1725 1238 1763 1535
Route 19 : 522 182 1522 211 1182 534 1211 87 716 50 389 609 1389 966 1716 916 1966 1534 463 1609 399 1050 1087 1463 1399 132 1916 898 390 1132 1898 1390 993 673 934 1934 630 1673 838 369 1993 1838 489 1489 1630 1369 96 1096
Route 20 : 967 277 259 1967 1277 632 714 1259 829 1714 855 1632 810 949 804 159 1855 322 1829 1810 900 380 1900 137 1949 1380 578 1322 1159 1804 172 106 675 1578 1137 1675 762 377 1172 1106 43 191 965 1762 193 834 1193 495 1377 1834 1191 611 640 103 1965 394 1103 1495 105 793 1640 355 1105 1793 126 1394 1611 1126 1355 1043
Route 21 : 385 20 942 25 1385 371 523 847 1942 1020 1371 591 1523 7 800 1847 1591 190 186 1025 835 1800 425 1186 307 1425 932 175 1835 1007 950 65 1932 1065 1307 1175 1190 1950 607 145 1145 853 996 638 1638 1607 787 1853 1996 115 1115 794 207 1207 796 1794 497 1796 1497 1787
Route 22 : 852 329 264 304 1329 1852 928 327 1304 1928 735 13 1264 564 441 1327 1013 1564 1735 396 196 422 1196 1422 857 1396 661 1441 1661 823 1823 1857 370 911 475 1911 490 308 1370 1308 968 300 816 1968 432 1816 684 1475 49 1300 1049 943 1432 662 1662 790 1684 1490 135 1135 1943 1790
Route 23 : 663 654 724 667 1663 593 1654 405 1724 674 324 546 1405 462 1546 1462 1674 1324 1593 81 792 393 1667 1792 1081 52 1393 687 648 918 1918 424 1052 1687 562 352 938 1648 1562 1424 820 747 1938 1820 1747 828 354 730 1352 1354 961 285 1828 1730 902 939 147 40 1902 541 1939 1961 219 1147 764 1285 1040 547 1219 1541 971 1547 1764 1971
Route 24 : 349 567 612 1349 952 1952 709 90 972 1567 1090 239 897 1612 641 501 1897 621 1709 1972 1641 222 215 1501 884 759 1621 1884 1222 719 545 1545 1239 1759 1719 982 983 1215 946 1983 881 234 1946 423 1881 1982 868 136 1423 668 1234 1868 170 1136 908 1668 350 635 753 1908 1635 92 1170 291 569 1350 1291 1753 935 1092 1935 1569
Route 25 : 74 104 165 858 682 1074 1104 633 1165 933 1858 892 540 1933 139 1682 1540 321 775 392 1321 757 1633 1139 875 585 1775 1892 1392 78 1757 957 1585 815 1957 60 1875 1078 618 1060 576 128 1618 549 1815 5 1576 438 1549 22 1005 1128 1438 1022 616 448 558 1558 930 1448 646 1616 480 945 577 1646 1945 1930 1480 1577
Route 26 : 502 1502 877 998 1998 184 209 434 1184 765 574 1765 1434 198 636 1636 153 1877 1209 1574 1198 39 969 306 896 1896 1153 538 600 1969 531 1306 1039 876 141 1531 510 75 1538 1075 1510 1141 1876 1600 421 199 645 328 825 1421 1645 699 1825 1199 812 1328 1699 1812
Route 27 : 824 869 994 880 533 525 1533 917 1869 1994 1525 1880 581 26 1917 1824 290 1026 1290 121 882 485 1581 214 1882 245 1121 488 1485 1245 1488 1214 520 364 701 1701 1520 1364 296 29 274 1029 776 575 1296 866 1274 1575 1776 1866 76 348 657 970 1076 1348 1657 216 319 1970 513 615 1513 909 1216 1615 410 1319 1909 1410
Route 28 : 647 1 954 27 1027 63 1001 1063 1954 168 411 1168 1411 1647 571 404 676 666 586 1666 1676 447 1571 272 1447 1404 1586 208 721 1272 874 1874 426 1721 226 1426 1208 36 287 1287 1226 205 455 233 1036 532 1233 1205 922 1455 1532 1922 976 276 529 1529 1976 1276
Route 29 : 550 336 1550 298 335 408 895 1408 1335 1895 1336 1298 602 722 1602 811 337 755 1811 1722 717 1755 665 301 47 1337 680 1047 1717 1680 1301 1665 481 584 1584 955 289 1481 595 1595 831 1955 376 1289 1831 189 572 506 1376 1572 294 1189 1506 1294
Route 30 : 688 891 808 846 773 1808 1891 807 1773 148 1688 12 206 464 1464 231 1148 1012 1206 904 1231 801 61 1801 1061 1846 108 1108 1904 1807 227 606 251 643 1606 702 1643 1702 1251 767 914 588 977 1588 1767 51 1227 795 856 1051 1914 806 1806 127 1856 42 1795 769 1977 1769 1042 162 1162 1127
Route 31 : 45 303 224 988 704 999 1303 1704 1988 1999 1224 1045 243 1243 940 131 975 91 511 1975 33 1131 178 1033 1091 1511 629 873 1178 123 1940 1629 248 1123 363 413 1873 1413 625 1363 1625 1248
Route 32 : 467 1467 346 997 1346 960 619 991 827 118 1991 864 1619 1118 1827 1960 503 1997 313 1503 1313 1864 185 412 1412 1185 837 1000 228 16 693 1837 292 2000 1693 180 1016 273 910 624 1292 242 1273 1228 420 1180 133 1910 1624 1242 379 583 1133 416 1379 381 1583 1420 176 1416 1176 1381 80 359 430 181 1181 21 1359 1080 1021 1430
Route 33 : 964 34 450 814 1964 1814 200 1450 1034 1200 188 44 590 1044 99 1188 6 1590 1099 281 1006 459 85 1281 409 397 1459 332 1397 374 1409 1332 293 310 1293 746 1085 1310 1374 1746
