Instance name : nyc-n200-5
Authors       : Isaiah Reimer (isaiah.reimer@rideco.com). RideCo (rideco.com)
Date          : 2023-04-01
Reference     : Rideco PDPTW Solver
Solution
Route 1 : 70 86 76 170 33 186 133 66 176 83 9 166 98 183 38 109 57 198 138 157 24 78 17 3 61 178 161 103 124 117 82 93 79 182 193 36 179 45 1 34 145 136 101 134 99 199
Route 2 : 35 135 94 62 194 74 162 174 28 89 67 128 44 5 189 31 167 144 131 105 15 43 27 143 52 115 152 127 16 65 90 116 165 190 59 159
Route 3 : 51 40 19 46 119 95 140 146 195 151 55 22 155 97 197 122 58 39 84 158 80 184 92 180 192 139 85 96 196 185 75 47 64 11 164 175 111 147
Route 4 : 37 54 29 50 129 154 137 150 41 18 26 141 12 112 118 6 126 25 21 73 121 2 72 106 173 102 125 172 53 153 68 48 87 13 148 113 187 168 4 71 104 171
Route 5 : 56 156 69 169 77 88 177 188 49 149 23 8 100 200 63 108 123 10 14 163 110 114 30 60 130 20 91 120 7 160 191 42 32 81 107 142 181 132
