Instance name : nyc-n4000-4
Authors       : BIG3 - Dmitriy Yampolskiy, Egor Nikolaev and Daria Savina. Smart Logistics Point by the BigThree team (big3.ru).
Date          : 2025-04-23
Reference     : BigThree team (big3.ru)
Solution
Route 1 : 187 399 5 2005 1170 1234 559 2559 226 3170 1921 2187 3921 560 1306 2399 718 1779 3779 1358 2226 3306 13 3234 2718 2560 1874 1024 1811 1681 3358 3811 3024 2013 1294 3874 454 1776 3681 2454 3776 3294 565 1050 629 2565 1668 831 3050 1254 1235 1577 2629 1586 3668 3577 3235 2831 1481 1743 3586 1293 3743 3481 1288 1022 3293 3288 3022 3254 626 1087 514 685 3087 963 1671 2626 800 2685 1757 2963 3757 1795 2514 438 2800 3671 3795 2438
Route 2 : 241 1740 1396 1363 1116 3740 3363 1869 1120 3120 3869 3116 3396 2241 985 896 2985 1217 2896 1851 73 2073 1089 3851 984 3217 137 2984 1495 3089 2137 3495 1361 813 1047 986 3047 2986 97 585 1068 2097 1091 2813 3068 3091 702 157 466 2702 2585 2157 3361 2466
Route 3 : 1895 1598 930 2930 3895 1694 1436 1094 1053 3598 1429 3053 3429 465 1161 3094 1535 3694 3161 3436 1328 3535 761 2465 1791 1019 1212 2761 1205 3328 3791 3212 3205 3019 556 572 1150 2556 2572 1362 3150 1191 3362 588 821 178 3191 966 2588 48 2966 2178 1982 3982 2048 1005 2821 1287 3005 1999 500 1703 3999 1454 3287 2500 1197 106 802 3703 372 2372 2106 3454 2802 3197
Route 4 : 531 1801 1530 202 3801 3530 1500 794 2202 2531 866 2794 548 1377 332 3500 2866 1014 2548 1461 1296 1342 3377 1171 3014 448 3461 3171 1350 2332 3342 2448 253 11 3350 302 2253 2011 3296 344 524 1662 857 417 2302 2344 605 400 3662 2857 2524 1723 3723 2417 737 425 2400 1966 2605 1551 2425 3551 3966 1646 1534 756 2737 2756 3534 3646
Route 5 : 382 1111 363 806 1529 1139 2382 958 3529 3111 3139 2958 2363 2806 693 1388 2693 3388 93 1346 1006 1496 1458 458 2458 3346 566 2093 3496 2566 1922 1594 3458 416 3006 3594 328 888 176 2328 657 3922 1172 2657 595 2888 1611 2595 321 2176 3172 71 2416 1238 436 3611 2321 706 1307 2071 2706 1513 3238 1686 2436 696 3307 3513 486 2696 1747 3686 579 3747 2579 2486
Route 6 : 988 390 1959 582 262 1344 3959 3344 2582 404 1283 2988 1187 2262 1974 2390 3283 3187 31 1905 3974 1950 789 2789 644 2404 2644 3905 2031 3950 1718 733 1119 1124 1268 3124 2733 3119 354 3268 1619 1911 3718 3619 3911 2354 779 667 893 1278 2779 230 2893 2667 3278 2230 682 1277 1946 1583 3583 247 2682 832 3277 2247 2832 3946
Route 7 : 333 751 1002 1100 695 2751 2333 987 56 3002 2695 2987 285 125 1448 3100 1539 219 2219 2285 3539 2056 428 1034 2428 1665 88 2125 1580 2088 570 3448 3034 74 3580 3665 1822 162 3822 2570 2074 1633 123 1547 2123 3633 1338 2162 3547 1528 3338 3528 1136 1311 301 1792 1470 3136 1273 915 2301 3792 3311 3470 3273 2915 1107 546 3107 2546
Route 8 : 1092 1570 1056 3056 1618 3092 3570 1973 3618 3973 1664 851 62 1924 2062 3924 1870 2851 1585 1868 3870 641 719 1602 3585 3868 2719 3664 3602 99 2641 2099 815 956 1985 38 2038 1650 117 854 2956 225 3985 2815 2854 683 2683 1660 461 3650 2117 1492 2225 3492 1427 3660 3427 86 2461 1699 1907 2086 1410 1726 1657 3410 1639 3907 3699 3657 3639 3726
Route 9 : 1627 288 1088 3088 3627 355 2288 1952 1009 919 2919 1690 3952 3009 2355 613 983 1188 1146 3188 1804 2983 1367 2613 95 3146 1806 3804 3690 3367 3806 2095 325 1127 190 1613 1678 1420 3613 1390 3127 3678 3420 2190 2325 256 1965 2256 1512 3390 1527 3512 1962 322 3965 3527 1945 1773 1880 3945 1742 3880 3773 3742 3962 2322 753 1464 798 2753 3464 2798 1169 1158 924 396 2396 3158 3169 2924
Route 10 : 671 792 990 1299 2792 2990 432 2432 2671 175 593 1707 1208 2593 3707 1754 3208 909 891 2175 3299 1423 2909 3754 552 136 3423 1154 237 2552 143 2237 2143 2891 3154 242 902 2902 180 2242 1775 717 544 3775 2136 2717 528 2180 2544 2528 257 1108 2257 1504 3108 1942 3504 1438 216 2216 1537 3537 3438 3942
Route 11 : 293 913 1166 1149 2293 1579 691 3166 3149 2913 2691 3579 340 1823 1761 750 3823 3761 1051 3051 678 996 1162 1366 2750 444 3162 3366 1509 2678 2444 46 3509 1174 534 2996 2046 1326 1218 1340 3174 1931 3326 2340 3340 3218 265 2534 3931 65 2265 374 1074 1589 3074 2374 1302 520 3589 2065 592 1555 1457 2592 1548 2520 3302 3457 3548 3555
Route 12 : 1515 1076 1199 910 3199 2910 3515 3076 1866 668 1424 640 210 1841 3424 1055 2210 2640 3866 1270 2668 191 575 3841 3055 1716 1904 3716 2191 651 3904 233 2651 2575 3270 353 1612 1061 3612 1521 1233 2353 1432 3521 107 3061 495 3432 2495 3233 2107 408 845 1123 2233 3123 2408 1419 1849 3419 3849 2845 1357 1831 1591 119 1940 3831 3591 3940 2119 3357
Route 13 : 1468 1484 1112 1376 3484 994 1035 2994 3376 3468 3112 944 1984 1571 512 3035 2512 1912 3912 2944 3984 1140 1993 3571 3993 1963 876 3140 121 1934 3934 2121 3963 2876 537 370 856 2370 2537 2856
Route 14 : 361 194 491 152 138 2491 765 2361 2194 2152 2138 2765 1532 976 884 2884 662 3532 102 1545 1901 2976 2662 12 2012 2102 124 847 2847 409 816 3545 1956 2816 2409 1452 3901 1425 3425 2124 3956 3452 1282 3282 1697 1300 3697 362 53 2362 3300 1864 1862 819 2053 279 3864 2819 3862 1632 1349 1072 3632 3349 3072 2279 496 1745 2496 553 3745 2553
Route 15 : 1986 1422 1145 1928 198 3422 1712 3986 2198 3928 3712 1252 3145 517 1262 1932 2517 1957 3252 3262 3932 3957 1374 1428 782 3428 214 3374 861 2861 692 2782 2214 264 145 2692 1502 356 2264 1455 2356 1606 3502 2145 300 1538 1860 3538 391 3455 3860 3606 2300 33 113 1176 2113 2033 485 1603 3176 1816 2391 1260 2485 3603 1491 89 3260 112 3816 793 1614 2089 1236 3491 2112 205 3614 274 3236 2205 2274 2793
Route 16 : 937 1193 349 1265 1182 3265 2349 2937 3193 171 1526 3182 1353 64 2171 648 2648 3526 906 1279 3279 2906 2064 1724 1036 3036 1007 3353 3724 549 2549 680 1778 3007 2680 727 376 1069 1030 3778 2376 2727 3069 311 167 2311 2167 3030 1702 757 1341 3702 2757 721 661 2721 1449 993 26 2026 2993 3449 1992 435 440 2661 1164 3992 2440 518 3341 3164 2435 243 277 2243 2277 2518
Route 17 : 940 1258 705 1315 206 3258 3315 2705 2206 2940 650 848 270 2848 2650 1093 2270 341 1797 1734 3797 283 3093 1126 1788 2341 3734 3126 1407 1876 3788 1 3407 2283 1506 296 1655 1206 2001 3506 840 2296 591 3206 3876 3655 1857 3857 2840 1825 999 2999 2591 1039 554 3825 1861 2554 3861 3039
Route 18 : 1098 368 900 3098 1057 2900 2368 1565 1029 1228 3565 1558 982 3558 3228 3029 2982 1337 1783 3057 476 1339 1447 1544 3783 2476 3339 3447 903 3544 3337 622 2903 2622 395 472 76 2076 1380 3380 2395 2472 929 621 1267 1643 3267 412 2929 1046 2621 84 1219 2084 269 3643 2269 2412 3046 3219
Route 19 : 1819 424 1711 1295 3711 480 3295 947 2424 1989 7 2947 85 922 3989 525 2922 539 3819 2085 1180 2525 2539 2007 2480 141 1629 3180 3629 249 2141 1637 1370 456 1099 3637 2249 928 1856 3099 527 2456 3856 3370 2928 2527 469 1165 245 914 3165 2469 1003 2914 434 2245 3003 1805 174 926 308 2926 91 2174 2308 3805 2091 1738 337 1040 2337 2434 3040 3738
Route 20 : 1721 1768 1563 577 1752 1729 3752 2577 366 1595 3729 1386 3563 3768 3721 40 1663 2366 165 2040 3595 1722 3663 1894 3386 393 1731 1352 3722 151 2165 261 3731 3352 2393 2261 1292 543 2151 3894 3292 2543 631 1038 1590 710 1890 2631 1913 2710 3890 3913 1135 3038 345 1274 1261 3590 217 2345 1871 3261 3274 3871 2217 3135 468 1186 1160 2468 604 713 3186 3160 2713 1562 462 2604 830 2830 3562 2462
Route 21 : 181 1250 1574 371 3574 1929 878 2181 1073 3929 2371 1927 1592 215 2878 3250 3592 68 3073 1368 3927 1240 1610 2068 47 1211 3240 3368 3610 1794 1926 3211 3926 3794 2047 542 203 402 2215 1320 1044 503 2542 3320 1498 2203 2402 235 3498 2503 473 3044 437 2473 587 1157 2437 1855 2235 2587 1576 3855 767 2767 1173 1394 3157 3576 1476 519 1132 2519 1312 3173 624 3476 738 3132 1760 3312 2738 3760 2624 1863 3394 3863
Route 22 : 1244 1305 1809 3244 3809 3305 1285 3285 1184 3184 1564 991 2991 1859 1391 3859 3391 3564 769 1937 1658 569 263 2569 2769 3658 2263 1865 3937 3865 1828 886 530 1185 2886 1118 2530 3185 334 3828 1739 3118 3739 653 2334 326 853 2326 2853 1501 3501 2653
Route 23 : 725 305 1381 3381 862 1025 2305 2725 3025 637 2862 1560 2637 978 1133 3560 1719 855 3133 839 128 2855 419 883 2883 2978 3719 2419 2128 2839 743 1581 298 2298 1604 3604 439 824 1202 2743 1685 3581 144 3685 2824 3202 222 1248 2439 885 1505 2144 2222 1327 3505 1767 2885 3327 3248 3767
Route 24 : 568 281 679 2281 1418 511 2679 2568 1566 3418 378 3566 2378 2511 481 844 39 825 666 2844 182 2039 2825 1156 2666 670 2182 858 1867 2481 377 2670 3867 1433 87 2377 1918 945 3918 2087 2858 3156 1508 1692 3433 3692 2945 1071 1026 3508 1623 728 1142 3623 760 42 3026 2728 2760 3071 3142 2042 1348 1194 933 1462 3194 120 3348 1916 3462 2120 1785 1167 3916 2933 771 3785 3167 2771 1799 523 209 3799 2523 2209
Route 25 : 943 638 1770 1444 420 895 2943 2638 3770 129 58 3444 1638 551 2058 1996 2551 2129 2420 2895 248 244 3996 1621 2244 778 3621 1227 2778 2248 3638 3227 1387 286 711 2286 2711 3387 1356 266 1445 2266 3445 3356 1486 1898 701 504 3486 3898 1230 590 2701 3230 2504 923 1226 2923 734 1375 427 3226 606 3375 228 2427 2734 2606 699 2699 2590 2228
Route 26 : 814 1765 1479 447 2814 3479 2447 3765 1976 1967 3976 1189 312 3967 1573 483 1593 2 2002 2483 3189 1110 2312 3110 1536 1472 3593 732 3536 3472 369 41 2041 3573 2369 2732 1572 1477 3477 3572 1546 1192 842 2842 413 3546 3192 1077 576 406 459 1812 2406 426 2426 2576 2459 2413 3077 3812 1474 1443 1232 3232 3443 3474
Route 27 : 475 1378 1689 1978 3378 3689 2475 3978 227 1325 231 1220 2227 2231 3220 3325 633 1736 260 547 1291 1751 2547 2633 2260 567 555 2567 1672 3736 1078 3751 3078 3672 2555 3291 411 1109 2411 3109 489 1067 632 2489 433 659 318 3067 2433 2632 2318 1832 3832 2659 865 1556 1892 3892 1896 3556 2865 3896
Route 28 : 627 1209 785 224 1159 2627 2224 2785 911 639 2911 1013 2639 623 367 2623 3159 3209 3013 2367 1936 1622 628 3936 1908 1269 3908 3622 969 2628 3269 1608 1651 931 3651 386 3608 1276 620 2969 2931 236 2386 493 3276 602 2602 2620 2236 2493 445 522 1275 246 3275 689 294 2445 2246 2522 2689 319 169 1988 2294 1365 336 3988 3365 2319 1245 901 2169 2336 864 3245 2864 299 2901 1020 3020 2299
Route 29 : 1075 289 1114 1335 3075 822 904 817 3335 3114 35 2035 1567 492 2822 2904 617 2817 2289 2492 1437 3437 130 2617 960 745 510 2960 1641 3567 2745 2510 188 2130 1106 208 3641 193 790 2193 1303 2790 2208 1557 1497 1272 3303 450 3106 2188 3557 3272 3497 2450 1043 1885 1196 1725 3196 3725 3885 562 1971 1821 1644 132 3043 3821 3971 2562 1183 2132 3183 3644
Route 30 : 654 149 2654 2149 1727 1626 3727 1730 3626 4 783 499 1906 3906 3730 2004 730 72 2783 2499 100 2730 2100 841 2072 663 1520 2841 467 455 139 2663 805 3520 2139 2467 359 239 2805 2359 1085 1175 2239 2455 916 3175 2916 905 3085 133 890 2133 992 2890 2905 2992
Route 31 : 1900 3900 330 1969 1411 875 3411 2330 635 3969 1701 2875 127 583 3701 1882 2583 1090 2635 684 2684 3090 2127 3882 1930 487 273 1255 3255 2487 1667 2273 954 3930 2954 3667 1310 1403 255 1784 232 3310 1845 3784 2232 1385 515 2255 3403 1995 748 2748 2515 3995 3385 3845
Route 32 : 687 1373 688 135 2687 109 2135 2688 3373 2109 61 955 799 1708 2955 2061 1023 2000 1789 3023 2799 1732 4000 3708 3732 3789 615 213 276 155 2276 2155 1781 2213 2615 1878 479 669 2669 3878 1243 3781 1271 2479 484 647 3271 3243 942 959 1128 1280 2484 2647 69 859 2942 957 3280 2957 2069 327 3128 2859 2327 2959
Route 33 : 1854 989 1259 1384 381 220 3854 1709 2220 154 3384 2989 1802 1915 2381 464 3259 2464 3915 2154 3802 704 3709 1333 1634 2704 1893 45 2045 77 3893 3333 2077 3634 1522 1018 744 2744 1113 431 2431 1198 3198 3522 3113 788 3018 2788 1647 1920 836 1676 3647 3920 278 67 2836 1796 1460 3460 2278 3676 1542 2067 3796 3542 316 1852 1083 3852 1553 3083 2316 529 1777 925 3777 3553 2925 2529
Route 34 : 287 170 1983 1810 505 2287 3810 1329 1463 3329 2505 3983 2170 1684 1141 3684 1554 581 3463 1037 1247 3141 892 3554 3037 1762 251 2581 1700 2251 3700 3762 3247 1933 2892 443 1399 677 3933 131 2677 3399 2443 1813 282 2131 801 649 1345 2801 971 2282 2649 508 3813 2971 1713 3345 1842 1408 3408 3713 1490 3842 1889 1290 1163 2508 3490 1012 3889 3163 3290 3012
Route 35 : 636 30 490 557 179 1482 2557 804 2179 2636 2804 3482 2490 164 2030 1253 1510 1569 2164 3510 3569 949 3253 1289 1659 1213 2949 1017 1947 3659 1786 3017 3213 1910 1369 3947 3289 79 3786 3910 2079 811 3369 540 1402 2811 3402 2540 1636 1584 1125 818 3125 1298 2818 762 364 3584 1826 774 3298 3826 3636 2774 2364 498 1943 3943 2498 2762
Route 36 : 1541 1759 772 723 618 3541 342 2342 1054 2772 2618 2723 1661 195 3054 1858 1780 3759 3661 1888 2195 3780 1027 92 3858 596 3027 3888 2092 1117 1850 2596 889 1446 2889 1467 3446 1503 3850 941 752 1764 3117 82 3764 2752 3467 2941 535 3503 2535 1840 749 2749 777 578 388 2388 2578 1406 2082 2777 3840 1820 1332 414 3332 115 3406 709 2414 3820 674 2674 2709 2115
Route 37 : 526 1847 392 2392 2526 3847 405 860 2405 2860 291 700 19 2019 18 795 2018 2700 1021 2291 78 1980 2795 148 3980 664 360 2148 3021 2664 2360 1453 441 1152 2078 111 460 1748 3453 3748 2111 740 1178 2441 513 2460 3152 1483 2513 1923 827 3178 1316 3483 1758 3923 2740 2827 1015 49 1033 3316 1744 3033 3744 3015 1239 3758 675 126 1364 2126 3239 2675 2049 3364
Route 38 : 494 1493 3493 1977 1970 1561 975 401 2494 331 3977 3561 1830 2975 446 1675 2446 3830 2401 1179 1798 3179 2331 3675 3970 1215 15 3215 1735 781 1480 3798 1416 2015 43 3480 201 3416 3735 2043 346 2781 1987 630 2346 3987 1309 2201 550 3309 173 2630 712 1774 932 3774 2173 1177 2550 20 867 2932 2712 808 2867 2020 3177 192 94 2808 252 809 423 2252 2192 784 826 2094 1195 2826 2784 2809 3195 2423
Route 39 : 1884 114 1415 16 1630 1231 2114 1587 2016 3630 98 564 3231 3587 2564 3415 747 1214 607 1318 2098 3 3884 295 2747 881 3214 3318 2881 665 1343 1360 2295 970 2607 3343 2970 2003 3360 2665 1144 1524 1829 625 352 3524 3144 9 2352 2625 2009 755 1489 3489 1624 323 2755 3829 1392 3392 1494 3494 2323 1081 3624 52 912 558 2558 2052 2912 3081
Route 40 : 573 561 110 2561 1393 2573 2110 676 3393 934 2934 2676 707 1846 463 2707 2463 3846 83 2083 694 2694 313 967 1223 1917 852 3223 1808 2313 791 3808 871 2852 442 108 2871 3917 1838 850 2967 3838 2442 2108 2850 2791 161 1499 29 2161 3499 1263 36 1059 422 197 2029 2422 32 2032 3059 2197 1698 1105 3263 2036 3105 3698
Route 41 : 536 1052 477 686 652 158 2652 2536 1242 196 2158 2477 357 1324 2686 729 3052 2196 1434 3242 387 2357 3324 1720 1875 797 3434 3720 870 153 2729 3875 1588 2387 57 823 2057 2153 2797 3588 2823 2870 1319 1246 3246 1997 34 3319 267 478 2478 2267 2034 3997 574 1836 1552 1466 1807 2574 1517 3466 3807 1334 397 2397 3517 21 1519 3552 1516 3334 3836 3519 3516 1401 2021 1607 1887 3401 3607 3887
Route 42 : 348 1948 22 229 1645 2022 2229 1550 3645 221 3948 2348 899 655 3550 2899 1382 268 2655 1301 317 3382 2317 3301 516 2221 1715 2268 907 1714 2907 981 2516 506 2981 1134 3134 324 3714 2506 55 3715 2055 2324 1909 642 3909 37 471 1086 2642 389 2471 2037 3086 380 1121 1886 1405 3405 2389 259 2380 3121 3886 2259
Route 43 : 1981 1421 1903 646 1473 3473 3981 1207 134 3903 6 3421 2646 184 796 2184 2006 1511 3207 898 2796 429 2898 122 2429 2134 610 2122 1065 3511 787 2610 44 2787 218 350 3065 163 2163 2044 1617 584 2350 849 887 2218 773 1964 2887 2584 1322 786 2849 1451 3322 3617 3964 2773 980 2786 1600 1599 2980 3599 3451 742 2742 1652 90 953 3600 634 407 2090 501 2407 2634 3652 2953 2501
Route 44 : 1620 103 3620 315 1955 1766 310 2315 1615 3955 2310 51 3615 1746 1080 3080 3766 2051 2103 3746 739 2739 1064 373 1543 96 1389 3543 2373 672 611 3064 2096 3389 2672 280 238 1313 2611 603 2238 3313 2280 1688 2603 3688 63 812 703 2703 375 2063 2812 1897 1264 1704 2375 1597 1487 1321 3264 1475 3321 3487 3475 1844 75 3704 601 3597 877 3844 474 2075 2877 2474 3897 2601
Route 45 : 1148 1654 1960 290 1834 3654 1404 3834 3148 3960 868 1237 2868 3237 3404 2290 1677 1001 80 2080 1442 918 3442 2918 1317 118 1281 335 3001 2118 1049 3677 1873 3317 3281 3873 998 207 1439 2998 1409 3439 3049 2335 1575 1827 1953 2207 3953 1257 3575 3409 3827 872 1485 1706 306 1168 2872 1653 2306 3706 3257 580 1741 3485 3741 698 1507 1431 3653 2580 3168 384 177 2698 2177 3507 3431 2384
Route 46 : 1628 1954 101 284 835 3628 759 2101 1673 1190 2284 3673 379 3954 834 3190 2835 1032 2379 2834 2759 3032 766 1200 780 2766 1241 27 3200 1383 1925 2027 1488 673 3925 488 3241 2780 1079 3488 10 3383 2673 1763 1616 3763 2010 2488 3079 1103 1717 612 961 995 3616 3103 917 2961 3717 2917 2612 2995
Route 47 : 1229 339 2339 3229 482 54 1705 979 3705 2482 807 2054 1222 2979 2807 1084 1975 1181 421 1323 3084 3975 3222 150 538 1221 2421 1549 3181 147 3221 3549 2538 1733 470 600 2150 1097 2470 3323 3733 2600 2147 1151 3097 1331 358 1961 3151 3331 223 2358 453 1839 1314 3961 3839 1008 2223 3314 2453 172 159 3008 2159 1848 2172 1266 1640 1354 1130 3640 708 3266 3130 240 3848 1691 2708 1351 292 2240 2292 3354 3351 3691
Route 48 : 1347 50 509 1635 2050 2509 1531 105 1666 3635 3666 3531 3347 2105 690 320 2690 2320 1872 3872 1355 936 1695 1772 1787 1750 3772 3355 307 3787 2936 3695 3750 1680 60 1756 965 2307 2060 430 1525 3756 2430 1899 3899 3680 1941 829 3941 1066 2829 3525 1414 1413 3414 3066 977 1891 2977 1379 1426 2965 599 3413 3426 2599 3891 449 3379 608 1771 1749 2449 2608 166 3749 1818 3771 1058 3818 846 3058 2166 1153 2846 14 3153 2014
Route 49 : 1533 1000 1122 3122 3533 3000 731 1582 1949 3582 17 1459 714 2714 398 735 3459 3949 1835 2017 2735 2731 1450 66 1800 140 3835 2066 2398 1683 3450 3683 3800 2140 1330 598 303 3330 1104 1256 1696 3256 3104 2598 2303 1693 338 3696 563 1412 3693 2563 1304 1225 1944 3412 1648 2338 951 3225 3304 3944 614 3648 28 200 1430 2200 2951 1596 2614 2028 3596 3430
Route 50 : 1131 837 643 2837 185 3131 1578 2643 810 2810 3578 2185 660 1465 507 3465 921 343 2660 1669 2507 1435 946 1687 3687 2921 736 2946 1994 3669 2736 3994 3435 2343 418 1440 1837 3837 820 1101 3440 1138 2418 1670 715 23 2820 2715 1883 3101 3138 156 3670 2156 3883 385 1469 594 2023 3469 2594 297 746 2297 351 81 2385 2351 2746 968 258 2968 571 2081 2571 927 160 116 2927 189 2189 935 186 2935 2160 2186 2258 2116
Route 51 : 415 1224 1011 250 1998 619 2415 1682 3998 3011 1631 3224 211 8 2250 962 2008 3631 658 2211 3682 838 803 2619 199 2199 879 2962 2838 2879 2803 1372 1016 2658 314 2314 3016 1833 3372 451 1028 1395 2451 3028 716 3833 1155 3395 1881 2716 3881 1938 3155 59 532 2059 3938 754 1251 1045 2532 2754 1203 863 616 3251 3045 1815 920 2863 2616 1814 2920 3815 3203 3814
Route 52 : 1102 776 3102 2776 586 521 2586 2521 104 1143 1625 1371 1070 1004 2104 1737 3143 1674 3004 3070 3674 3737 3625 3371 1609 869 645 502 1642 2645 3609 2869 1400 2502 597 1769 3642 1824 3769 3400 3824 2597 880 1902 833 2880 1679 2833 3902 1284 1456 309 908 3679 70 3456 2309 1990 2908 1853 2070 3990 3284 1817 1115 3115 1096 3817 1060 3096 183 3853 3060 972 2972 2183
Route 53 : 1129 1359 973 1201 1471 2973 347 2347 3201 1972 873 3129 3471 3972 3359 2873 952 1042 1991 3042 2952 533 2533 3991 697 2697 1939 1137 1958 609 3939 1514 3137 2609 1082 3082 1559 3514 1803 1147 3958 1336 1523 3559 3803 3147 3523 3336 1914 939 3914 722 1308 3308 2939 1753 2722 1204 3753 1710 3204 770 541 882 2541 3710 2882 775 1935 3935 828 24 2024 2828 2775 1062 2770 3062
Route 54 : 383 1605 212 2383 3605 2212 168 938 457 964 1249 2938 2168 1297 3297 2457 1979 3249 1048 1755 1793 2964 1843 3048 452 3979 3755 2452 3843 1216 1398 1656 950 2950 25 3216 3398 3656 3793 1968 1782 2025 271 3782 3968 254 1879 2254 1031 2271 234 3879 2234 146 3031 1919 1063 2146 897 410 1095 3919 3063 3095 2897 2410 142 1286 741 3286 997 1010 2741 1951 2997 2142 3010 3951
Route 55 : 304 1041 768 874 843 1728 2304 3728 3041 1417 2874 2843 656 403 758 1397 3397 2758 2403 2768 3417 2656 204 394 2204 681 2394 497 1790 2497 2681 3790 1478 974 724 3478 2974 2724 763 272 329 2272 1540 2329 1210 764 1601 2763 589 3210 3601 3540 365 275 2764 2589 1518 1649 2275 2365 3649 1877 894 3877 3518 2894 726 1441 720 3441 1568 948 545 2720 2948 3568 2726 2545
