Instance name:    nyc-n1000-5
Authors:          Dmitriy Churilov (churilov@advantum.pro), Alexander Galko. Advantum Routing System (advantum.ru/route)
Date:             2025-04-02
Reference:        Advantum Routing System, advantum.ru/route
Solution
Route 1 : 259 346 488 759 846 988 28 215 715 148 648 398 286 412 528 184 786 912 898 684 473 233 291 973 791 76 576 340 456 303 82 122 733 803 127 840 582 956 622 271 396 627 485 896 771 213 985 713
Route 2 : 368 868 13 366 469 371 969 871 866 428 385 885 401 513 287 787 928 901 120 69 238 10 510 23 738 115 178 569 620 523 455 254 678 615 316 816 754 955 435 197 44 51 3 551 935 503 697 544 247 22 231 450 89 731 522 306 950 222 433 806 747 429 933 722 589 929 166 666
Route 3 : 90 307 294 283 807 794 783 590 382 882 113 490 613 462 461 439 990 489 492 227 962 939 961 62 989 727 562 199 152 992 313 813 446 171 699 26 526 946 223 443 671 79 652 326 943 72 421 579 275 826 375 723 921 775 572 875 285 15 293 480 785 296 515 980 793 110 498 998 610 796
Route 4 : 460 150 159 650 659 960 73 573 145 645 458 35 167 958 535 438 377 667 877 142 358 68 642 298 938 858 798 568 114 121 621 614 334 347 24 365 491 834 524 847 399 991 865 74 330 899 279 779 269 830 410 400 335 769 99 574 910 413 466 599 900 835 444 913 944 966
Route 5 : 83 103 362 258 198 328 583 130 698 603 195 630 862 695 828 758 18 264 764 186 518 87 100 600 360 587 686 180 174 860 284 680 674 112 221 42 193 542 693 424 612 440 784 924 721 452 151 189 380 190 689 880 651 92 333 235 690 940 952 735 833 592 403 98 327 168 598 482 827 982 668 903
Route 6 : 88 101 344 108 425 925 844 601 301 71 801 571 608 250 20 588 520 750 320 91 820 417 341 118 591 467 917 367 841 618 14 867 514 967 319 154 234 65 315 734 819 386 565 310 815 7 143 654 886 643 289 229 810 507 55 402 183 789 309 729 902 683 555 809
Route 7 : 379 329 442 408 297 942 11 134 634 829 212 908 797 511 879 712 54 179 554 500 33 363 116 253 1000 475 679 533 30 753 616 236 863 975 736 530 84 136 109 107 584 607 609 636 434 9 422 77 418 934 509 577 922 155 471 655 395 971 895 37 339 404 918 106 606 537 52 904 552 839
Route 8 : 50 487 476 355 550 987 257 976 66 855 445 566 945 757 406 39 75 256 457 539 16 756 957 906 111 575 181 188 611 516 681 688 220 117 388 617 357 249 857 47 720 295 888 749 63 163 663 547 795 563 390 419 486 359 369 859 986 919 869 25 244 128 890 525 628 323 34 1 823 534 744 501 31 531
Route 9 : 263 157 373 219 763 242 176 290 676 790 742 657 153 48 719 78 653 873 350 578 548 394 451 80 850 580 951 97 459 894 494 597 252 261 959 119 994 761 752 619 137 201 441 637 941 277 423 397 135 777 701 351 372 897 38 81 851 635 6 538 923 872 581 506 59 311 304 559 64 448 331 948 831 804 564 811
Route 10 : 45 96 267 270 246 767 370 770 94 545 596 746 470 594 192 474 870 173 970 175 673 232 974 692 182 17 682 314 732 675 292 32 814 517 532 268 792 237 768 170 248 737 748 342 465 670 965 842 228 49 383 58 464 728 19 883 964 141 278 549 558 778 224 472 641 519 724 972
Route 11 : 266 209 337 53 709 95 837 288 766 553 407 336 788 595 218 836 907 162 384 662 493 126 718 312 349 884 414 146 626 104 812 993 196 646 914 225 849 696 604 725 216 124 4 352 624 420 716 40 504 129 852 540 496 21 521 321 920 629 821 996
Route 12 : 240 2 740 502 353 243 361 260 853 760 61 861 561 743 149 308 484 276 345 649 483 776 983 845 984 808 436 177 936 60 67 454 226 677 560 567 726 200 262 305 700 381 954 881 805 194 762 694
Route 13 : 437 376 280 93 780 387 937 86 887 453 876 593 332 139 586 133 953 639 5 479 282 979 505 633 426 832 255 393 230 730 164 893 782 926 755 499 664 158 272 409 999 102 338 772 169 602 909 273 658 274 838 773 165 669 665 774 132 447 481 322 29 947 468 981 822 392 391 632 892 529 12 125 302 802 891 389 625 123 172 968 512 495 889 478 343 978 843 995 623 672
Route 14 : 432 281 161 364 202 8 864 661 56 140 781 416 556 932 640 508 427 916 702 927 105 203 374 27 405 605 703 874 46 527 497 204 997 144 85 704 348 644 211 546 206 477 905 449 848 706 711 949 585 977 160 207 660 217 36 717 707 265 536 57 239 765 214 191 739 411 557 714 911 691
Route 15 : 318 463 245 963 131 745 631 70 185 378 818 41 685 878 317 251 541 324 817 570 208 356 856 708 354 241 741 824 751 854 325 43 543 205 431 147 187 647 687 825 415 138 705 931 638 915 299 430 930 210 300 156 799 656 800 710
