Instance name:    nyc-n2000-4
Authors:          Dmitriy Churilov (churilov@advantum.pro), Alexander Galko. Advantum Routing System (advantum.ru/route)
Date:             2025-04-02
Reference:        Advantum Routing System, advantum.ru/route
Solution
Route 1 : 352 57 756 115 411 1352 803 649 1756 1411 1803 561 1115 1561 156 615 565 1649 1057 898 392 1392 953 1615 1898 1565 1156 342 60 1953 157 1342 1157 1060 827 998 865 612 180 35 1865 939 1180 1827 1035 111 296 248 1612 456 1456 341 1939 1998 297 107 1296 1248 138 480 1111 1138 1107 1297 714 1341 365 1480 366 1366 521 1365 1714 966 1966 1521
Route 2 : 133 193 261 148 1133 285 1261 1148 1193 670 331 1670 1285 935 852 427 468 1427 1935 1852 1331 744 1468 264 712 172 1264 1712 591 1744 922 478 1172 866 1922 1478 1591 585 1866 880 801 930 752 1930 440 1801 335 1880 263 1585 1335 1752 1263 1440 240 647 399 1240 1647 496 1399 484 683 487 1487 886 1683 1484 1496 879 379 1886 969 610 545 1969 1879 1379 1610 1545
Route 3 : 222 622 758 1222 1622 589 154 555 894 684 1589 779 1154 1684 1758 1555 971 1779 562 1971 1894 1562 391 1391 112 404 1112 1404 288 767 247 276 493 1288 150 1247 1767 711 1276 39 927 1150 1039 914 271 1927 197 582 1493 1711 1271 977 697 488 1582 1914 1697 389 1389 567 1977 1197 1488 1567
Route 4 : 474 716 587 543 171 613 1587 324 1716 625 1171 1324 1613 1474 825 12 760 1625 1825 799 1543 1012 1799 1760 933 252 1933 78 46 607 1252 239 381 686 1607 1239 974 1381 1046 369 489 1686 1078 1489 1369 1974 61 676 188 1676 1061 434 159 114 279 1188 1279 1434 149 386 313 1159 312 1149 1313 1114 1312 1386 559 1559 230 900 3 875 1900 704 1003 1230 1875 1704 978 844 815 207 1815 503 1207 821 1844 1978 1503 1821
Route 5 : 6 822 812 140 1006 1822 1812 751 832 316 1751 408 973 1316 1832 1140 321 1973 388 1408 608 999 1321 1388 614 73 1614 1999 449 518 1449 667 1608 1518 224 1073 522 1224 337 541 1541 1667 14 1337 1522 1014 217 177 689 136 1689 958 1136 1177 200 1958 1200 1217 537 599 883 1599 1537 87 1883 637 48 1087 423 1048 1423 1637
Route 6 : 699 1699 235 266 1235 1266 384 13 1013 1384 186 992 701 5 1701 1992 50 281 1186 1005 178 67 1281 1178 396 655 1050 349 1349 1067 1655 1396 329 410 471 690 75 564 1690 117 1075 1329 1564 1471 1117 210 609 350 806 1350 1210 1609 1410 395 1806 1395
Route 7 : 425 509 64 283 586 145 1509 1586 1145 1283 1425 1064 110 218 506 433 1110 1506 658 548 1548 1218 1433 1658 445 146 1445 857 435 126 860 1860 1857 1146 1126 143 1435 928 765 203 441 242 1441 174 1928 672 1672 682 1143 1765 891 1242 695 1682 1891 889 113 1695 289 1203 319 1174 1289 326 868 1319 1113 139 605 1326 1889 1605 7 81 1007 1139 1868 626 713 1626 1713 1081
Route 8 : 479 353 878 681 49 418 1418 1049 1353 1479 1878 1681 741 787 976 628 652 925 1925 1628 1741 1652 1787 1976 775 558 1775 1558 955 888 47 1888 1955 679 417 1047 986 755 1679 1417 1755 954 1986 508 1954 17 786 1786 1017 1508 529 1529 619 962 302 190 530 236 1236 1619 1530 1190 1962 1302
Route 9 : 834 220 460 645 717 1834 447 911 1717 1447 121 1911 1220 1645 1121 1460 820 100 95 330 1100 1820 215 1095 1330 688 161 807 718 1807 1718 1161 1215 306 623 1688 595 1623 921 1306 436 152 467 1467 1436 1921 1595 743 598 1598 1152 55 16 1743 771 1055 301 732 1 1016 1771 376 557 1001 1301 1376 1557 1732
Route 10 : 972 130 1130 1972 797 211 19 839 1211 1839 1019 1797 733 842 1733 895 380 1895 241 905 1380 1842 43 1241 556 784 1784 1905 843 1043 596 1843 1556 214 1596 912 437 1214 659 1659 887 1912 1887 956 985 287 492 1492 1956 167 1437 1287 314 1314 1167 1985 703 443 594 674 1594 1674 458 1703 1458 1443
Route 11 : 893 847 153 781 1847 1893 632 1781 1153 1632 532 1532 23 254 1023 1254 191 338 426 1191 293 846 984 1984 606 772 1846 1426 1772 1606 1338 1293 550 92 631 1631 959 1092 542 470 1959 990 401 225 1542 1470 170 989 1990 1989 575 1550 54 748 1401 344 1170 1575 768 646 1344 1768 1054 1646 552 163 817 2 1748 1163 1225 1817 835 885 1552 1002 848 749 754 1885 1835 1754 1848 1749
Route 12 : 185 102 377 773 30 1185 685 1377 1030 1773 414 1685 432 278 777 1102 544 216 1544 1777 1216 226 946 572 1432 1414 965 199 1946 707 1226 1199 68 1572 1965 1278 1068 739 179 1707 1179 882 160 387 1739 1387 790 1160 31 1790 141 1882 129 1031 524 859 1141 169 348 947 1348 1859 1524 158 155 1947 1155 91 1129 849 416 1091 1158 400 250 1250 753 1169 769 1753 1400 1416 162 782 79 1769 1162 1849 98 1782 1079 1098
Route 13 : 142 69 708 134 118 1069 1134 482 1118 1708 1482 1142 182 356 265 1182 517 358 1265 516 1356 132 318 1358 656 173 1132 783 1173 402 1516 58 1656 871 1318 510 1783 1402 1058 1517 669 291 698 570 1570 1669 424 1291 1424 258 1698 295 343 1343 919 1295 1258 1871 394 571 1510 540 1394 1540 950 1919 967 10 195 1571 948 1950 805 1010 71 1805 34 1195 1071 1948 1034 282 1282 1967
Route 14 : 789 24 876 853 590 1789 1853 101 472 1590 747 1876 183 1472 390 1747 438 1024 1183 165 943 1165 1390 476 666 1438 1943 1101 1476 1666 431 573 776 1431 525 1573 1776 212 643 262 1525 256 1212 1256 915 1643 648 980 1648 881 1262 1915 1980 838 1881 533 523 1523 931 477 33 1838 1533 309 1477 791 1309 74 1931 1033 51 1791 84 1074 1084 1051
Route 15 : 579 763 451 367 837 1367 1763 122 1451 1122 339 1579 520 1837 938 1520 1339 475 700 27 1700 836 1027 1475 1836 1938 851 274 903 1851 1903 317 1274 680 724 694 1680 1724 294 831 1694 1317 941 1831 325 1941 583 1325 1294 1583
Route 16 : 897 793 574 721 563 535 1897 993 1793 1574 1721 662 795 1662 490 1795 1563 286 370 124 1490 576 1993 1535 584 36 1576 298 1286 1298 1370 997 1584 1036 29 833 592 1124 991 1029 201 1201 657 202 1997 1833 275 1657 1991 462 818 405 1202 168 1592 1818 1462 696 861 1168 1405 661 1696 757 638 1275 144 1661 1638 77 1861 654 1077 364 1757 123 867 1144 1654 1123 1364 1867 951 244 634 45 1045 308 1634 446 1951 1446 1308 1244
Route 17 : 4 630 315 1004 1630 464 770 120 41 633 1633 1315 135 1464 702 796 1770 1135 1041 515 554 1120 1796 1515 568 1554 59 444 442 412 1568 1444 709 1059 906 1442 1709 1412 1702 307 63 249 1307 1906 1249 127 105 800 678 1678 292 1800 1127 323 383 1292 1105 1063 104 1104 740 1740 407 1383 727 327 1323 1727 737 362 746 1362 181 420 1420 1327 1737 1746 37 1407 1181 1037
Route 18 : 213 640 1213 500 246 346 1640 82 1082 1346 692 300 1246 1500 949 205 461 1949 627 1205 531 1300 1531 1627 347 710 1461 1347 32 361 1692 1032 1710 450 1361 920 1450 918 814 1814 1918 1920 792 108 228 88 1108 1088 1792 528 1228 970 580 629 128 336 1970 194 1580 1528 1629 1336 734 1194 1734 987 936 1936 1128 816 25 1987 964 1816 982 1025 1964 1982
Route 19 : 251 491 735 896 823 519 1823 1519 1735 1896 1491 1251 373 311 725 1373 253 1725 70 902 1902 1070 1253 1311 855 913 840 322 109 1913 1840 1322 1109 409 8 305 762 1855 788 1305 1409 151 937 1762 808 147 1008 1788 1151 1808 961 1937 983 798 280 1961 1798 723 273 1147 1273 206 1723 1280 650 1206 1983 26 527 1527 233 1650 1026 811 794 1233 499 1794 569 466 593 1569 333 1499 581 1333 722 1581 539 1811 1722 1593 624 1624 1466 1539
Route 20 : 617 223 304 1223 611 1617 1304 1611 272 1272 85 1085 76 1076 42 514 1042 494 1494 22 864 1514 924 665 1022 904 131 72 1665 502 1864 208 1904 1502 994 1072 1208 1131 1994 1924 513 715 1715 663 1513 421 874 1874 238 1663 1421 910 923 1238 89 469 1910 486 1089 1923 884 863 1469 677 1884 653 1486 9 1677 52 538 1009 269 1538 80 1653 1269 813 439 1863 234 1080 1052 11 1234 1813 1439 1011
Route 21 : 96 870 841 731 729 332 1096 1729 671 498 1498 406 1841 720 1671 1870 1406 621 1000 1720 907 2000 1907 1621 642 1332 40 1731 809 393 1642 826 1826 1809 1040 119 668 588 1588 869 1869 1393 1119 738 1738 176 759 1759 952 1176 53 1668 705 1053 1952 778 452 1778 260 328 481 660 1481 1328 1452 1705 1260 804 1660 1804
Route 22 : 602 766 845 873 546 1602 1766 1546 1845 56 858 374 1858 1374 566 378 1056 97 1873 1566 1097 413 526 28 354 1378 981 1413 1526 137 397 1354 1397 1137 430 125 1430 547 1028 1981 1125 175 184 1547 909 65 901 1909 675 1184 1901 899 507 1675 1065 1899 1175 1507 604 355 164 963 719 1604 1164 1355 1963 691 1719 99 728 1691 616 601 1616 687 1687 1099 1601 1728
Route 23 : 455 934 819 368 1934 1455 639 810 231 1639 1810 942 1231 1819 1368 103 371 93 829 1942 257 1829 1257 429 270 382 1093 299 1371 892 1103 1270 603 1429 1382 1892 237 1299 1237 828 968 415 664 1828 245 1415 926 745 1968 1245 44 1603 398 1664 1745 1926 21 465 957 497 1398 1957 560 428 1465 1497 1021 284 1560 1044 988 375 1428 1988 736 706 1736 780 577 1577 268 459 1780 636 1375 1268 1459 1284 536 483 1706 1483 1536 1636
Route 24 : 385 785 1785 620 693 357 1385 198 1693 1198 1620 774 86 1357 761 1774 1761 1086 995 345 877 917 1917 501 1877 94 996 1345 1995 1094 944 359 372 1996 1372 463 1463 1944 1501 192 505 340 18 1192 1018 310 1359 1505 1340 1310 641 187 20 221 644 1187 83 1020 1641 1083 1644 673 578 1673 1578 929 1929 1221
Route 25 : 363 320 90 504 473 1363 1320 419 802 1504 1473 232 1419 1090 856 553 1553 1856 1232 618 1802 243 854 1854 512 267 1243 1618 945 1512 1267 255 196 551 1551 1196 209 1945 1255 453 403 1403 742 1453 1742 351 1209 189 764 1764 872 1872 1189 457 62 1351 511 454 1457 890 1062 1454 116 1511 66 166 1890 106 1106 1066 1166 1116
Route 26 : 824 850 1824 1850 204 227 726 38 534 940 1204 600 1726 495 1600 979 1227 1534 1940 1495 1979 303 360 1303 1360 862 908 334 448 1334 1038 960 975 485 1908 1448 730 1960 1862 1485 597 1730 422 549 259 1549 1975 229 1259 219 1422 290 1290 1229 1219 635 277 1597 830 651 932 1651 1277 1635 1830 916 750 1916 15 1932 1015 1750
