Instance name:    nyc-n600-2
Authors:          Dmitriy Churilov (churilov@advantum.pro), Alexander Galko. Advantum Routing System (advantum.ru/route)
Date:             2025-04-02
Reference:        Advantum Routing System, advantum.ru/route
Solution
Route 1 : 213 295 513 595 123 100 258 247 400 423 558 105 277 577 547 66 366 405
Route 2 : 226 225 160 44 126 460 526 344 525 141 229 221 91 426 441 20 529 521 242 391 173 320 201 542 473 164 501 464
Route 3 : 92 180 148 171 254 480 215 554 448 392 471 249 12 312 515 549 61 179 243 361 543 479
Route 4 : 11 253 279 246 553 546 579 311 191 209 163 509 463 491 186 486 29 112 134 329 412 434
Route 5 : 15 102 129 315 73 429 373 26 402 154 4 8 326 454 7 199 304 157 308 307 202 499 261 502 273 53 232 457 561 353 121 532 573 421
Route 6 : 262 87 265 145 36 387 140 562 440 336 445 565 115 76 57 415 357 138 376 438
Route 7 : 212 30 330 42 512 158 342 38 52 233 458 352 338 533 268 190 193 150 493 218 568 490 450 118 32 143 418 332 275 518 235 443 111 575 535 411
Route 8 : 175 39 294 192 147 475 339 492 447 153 594 116 19 95 453 237 319 395 416 537 216 281 298 136 45 516 581 345 436 598 33 206 333 244 506 21 22 125 322 425 321 544
Route 9 : 203 503 37 81 300 381 283 337 130 600 583 238 104 404 219 538 430 49 519 239 539 349
Route 10 : 282 139 96 124 5 582 271 396 439 305 571 72 424 187 240 372 286 103 586 540 403 196 127 487 272 496 427 149 289 572 172 589 167 449 245 25 132 194 467 472 189 494 80 545 432 325 380 489
Route 11 : 62 31 200 362 23 331 500 94 323 74 65 67 270 394 367 28 570 374 365 2 297 328 285 585 302 597 35 162 137 169 82 437 335 146 223 469 299 462 382 599 446 523
Route 12 : 211 110 128 63 410 108 511 428 248 408 113 363 548 251 274 269 569 574 551 217 109 75 517 413 10 375 409 310 220 161 117 106 417 461 406 520
Route 13 : 267 27 256 567 165 177 327 556 465 477 185 159 459 485 101 16 178 207 316 401 507 478 287 587
Route 14 : 17 176 278 168 476 578 46 107 317 59 346 407 468 1 120 359 214 264 181 564 481 514 88 84 420 301 384 255 296 195 388 555 495 131 596 291 97 431 208 263 563 591 397 508
Route 15 : 204 504 114 227 170 24 58 71 358 470 414 70 324 527 155 43 280 371 343 580 370 455 60 90 250 360 224 41 390 341 524 550 257 290 557 590
Route 16 : 276 135 55 355 222 6 183 198 306 435 483 576 498 231 13 9 313 522 531 309 122 78 205 378 40 422 505 340
Route 17 : 51 89 79 119 236 379 419 351 48 389 536 230 156 530 348 456 14 93 393 54 98 314 69 398 354 369 292 83 197 383 228 528 497 592
Route 18 : 241 284 288 144 541 444 584 47 588 210 347 50 510 166 188 350 466 488 234 142 252 534 552 442
Route 19 : 266 151 99 174 56 133 566 3 451 474 356 433 399 303 18 85 318 34 86 386 334 385 182 184 64 77 377 68 484 364 482 259 260 293 368 559 152 560 593 452
