Instance name:	nyc-n5000-4
Authors:		Carlo Sartori and Luciana Buriol
Date:			2019-2-11
Reference:		A matheuristic approach to the PDPTW (to be submitted)
Solution
Route 1 : 995 1710 1589 816 1475 3495 4210 2476 3316 3975 4089 1223 4976 19 369 415 2915 2869 3723 2050 51 2519 367 2551 2867 4550 1328 384 565 1929 2337 2884 4429 945 4837 1671 3065 3828 3445 437 1557 4171 2937 4057 1322 277 1844 4344 45 3822 2777 2545 1881 417 240 2740 2020 2917 1889 4381 12 4520 2512 4389
Route 2 : 371 99 2176 1160 2599 282 2040 3660 2782 4676 2871 4540 378 2319 213 2878 4819 698 1781 1356 4281 2271 3198 2713 2043 3856 4771 622 4543 1931 3122 4431 2500 363 986 759 280 2863 3259 2780 5000 3486 630 2198 4698 2296 3130 346 3 2503 7 2846 4796 2507 457 920 2373 1591 4091 4873 1028 3420 2957 3528
Route 3 : 798 3298 1038 324 1964 288 3538 2824 2788 4464 1446 156 3946 2656 735 3235 809 893 1411 3309 3393 3911 463 725 1882 2192 1175 3225 944 4692 2963 2105 3675 2391 4382 4891 3444 218 1066 4605 887 987 3566 2718 172 3487 3387 2672
Route 4 : 1123 3623 48 2548 1060 1032 249 3560 1769 3532 2474 2344 4269 2749 4974 4844 1101 3601 1159 2486 516 4986 1308 3808 509 1538 1541 3659 4038 3016 3009 617 129 1939 2629 4041 94 1694 4439 3117 2594 4194 1573 2039 2061 1073 4073 116 4561 2401 4539 3573 4901 2616 1423 969 1767 3469 1389 4267 907 3889 3923 3407
Route 5 : 101 1142 2133 337 1879 1727 2601 3642 368 714 4633 4227 2837 3214 4379 2868 196 350 2696 2212 4712 2850 1369 963 840 785 655 3463 3869 3340 3155 3285 1819 2035 1642 862 4319 2303 4535 4142 63 294 3362 4803 2794 2563 66 1768 1136 1377 819 3319 3636 2566 232 4268 2732 3877
Route 6 : 404 2136 487 768 4636 2904 3268 2987 1001 456 292 1858 3501 2792 4358 2956 1825 2299 2497 815 4799 4325 775 1493 4997 955 544 3315 1420 3044 3920 3455 3993 3275 1924 1183 1455 4424 1613 3955 3683 2345 4113 4845
Route 7 : 563 255 1558 4058 3063 1834 2755 1304 4334 1962 3804 4462 621 1845 972 4345 3121 345 1040 1963 3472 3540 4463 2845 118 790 2083 3290 1817 4583 1098 195 2618 607 4317 3107 2695 1210 3710 3598 1701 1406 847 1016 3516 4201 3347 3906 8 137 918 2508 39 2637 3418 2152 512 2539 4652 3012
Route 8 : 1152 2335 1818 1104 1946 3652 4835 3604 4318 4446 2304 1547 1463 4804 25 4047 934 3963 2340 2525 3434 4840 1089 1509 650 3589 4009 3150 1561 2424 2148 4061 4924 4648 165 1927 4427 1010 2665 78 3510 475 1375 2578 2465 1193 2145 2975 4965 4645 3693 3875
Route 9 : 1572 269 592 1921 1826 2769 4072 854 4326 3092 221 1126 4421 1364 2721 3354 3864 3626 2301 1650 4801 1553 4150 4053 802 1321 1122 3821 3302 3622 1248 1348 1026 822 743 3848 1154 3748 3526 3654 3243 3322 1682 102 1494 4182 2602 1402 1042 1643 3902 2204 3542 3994 4143 4704 373 2222 829 2461 3329 4961 2873 4722 17 2517
Route 10 : 737 2130 2164 1775 77 4630 3237 1276 4275 818 2577 4664 3776 781 3318 18 3281 413 2425 1350 454 3850 2913 4925 2518 2954 998 794 2434 1395 4934 3895 1256 3756 3294 3498 22 786 466 1117 1824 2966 4324 3617 3286 2522
Route 11 : 1486 3986 2266 54 610 1127 3627 257 2554 2361 3110 4766 2491 1435 4991 3935 2757 4861 1121 1708 11 2071 1991 3621 4208 2511 4491 1623 1003 1762 1556 1526 4571 4056 4026 3503 1874 4123 2383 974 4262 1410 1213 3474 4374 4883 567 1039 2259 3713 3067 2099 3539 2216 1937 4716 4599 3910 4759 4437
Route 12 : 1723 766 1082 1283 190 103 3582 4223 2603 3783 2690 3266 529 3029 1892 2295 2469 1740 4240 685 4969 4795 4392 2389 982 523 3185 632 3482 1961 1235 908 3023 4889 3735 4461 3408 3132 2227 2185 824 722 1492 3324 518 799 4727 4685 3992 3222 3018 3299 279 284 1773 873 2779 481 3373 173 2981 645 4273 342 2784 3145 2673 2842
Route 13 : 1913 2167 4667 4413 1097 1608 838 1852 4108 3597 2364 3338 4352 4864 2109 1787 351 647 641 1046 4609 3147 4287 3141 3546 2851 70 520 2489 2570 1185 1074 2104 4989 3685 3574 4604 3020 1349 2359 703 3849 960 1912 88 3203 4859 1544 4412 859 3460 4044 948 2588 3359 3448
Route 14 : 2415 299 1078 206 4915 2799 2706 86 724 1008 3578 3224 3508 2586 1959 1254 1743 4243 3754 4459 2310 826 24 4810 2197 3326 2524 2233 4697 587 550 1290 3087 1551 2086 4733 3790 3050 4051 2084 4586 1229 820 1524 1478 3320 2082 4584 3729 958 4024 3978 2450 761 839 3261 3458 4950 4582 3339 2064 338 4564 2838
Route 15 : 2074 1676 1958 4574 1790 1421 4176 4458 2445 1352 1507 4290 3921 4945 3852 1860 1890 4007 352 1626 4360 474 4390 134 2852 2974 4126 2634 951 754 1399 2487 3451 138 3899 2638 3254 537 1711 1470 4987 4211 2390 1685 3037 1095 265 3970 4890 2765 4185 3595 2173 6 1310 2305 1108 2506 3810 4673 3608 4805
Route 16 : 423 477 2923 1065 2977 3565 28 336 708 1344 3844 2528 3208 2836 1396 1400 419 1950 2919 3896 3900 4450 470 2970 560 1367 1091 3060 9 3867 3591 10 2509 1202 1602 2510 1895 624 3702 4395 4102 919 3419 3124 654 894 1666 874 990 4166 549 3394 3374 3049 3154 3490
Route 17 : 332 943 1225 303 3725 3443 606 2803 2832 3106 495 1636 638 2995 428 1994 1870 3138 4136 2928 4370 42 915 2398 4494 3415 1583 140 2542 439 723 4898 1062 2640 3562 1567 3223 4083 1116 2386 2939 2294 4886 1326 3616 4067 4794 3826 2462 795 1282 1096 1353 1584 3853 3596 3295 4084 4962 3782
Route 18 : 800 1605 1158 3658 1191 3300 1233 4105 663 1267 1161 3163 3733 3691 3661 2161 3767 4661 872 227 923 1484 3372 2727 902 3984 1214 3423 1717 3714 3402 1230 1262 46 3762 357 3730 4217 2857 2546 937 2479 1782 1752 510 4282 3437 4252 2003 4979 2237 4503 3010 4737
Route 19 : 119 1792 2619 1471 4292 1231 2240 2111 3971 4611 3731 4740 1266 729 3229 2246 3766 189 1763 4746 394 104 2689 4263 2894 2224 566 2604 4724 1648 3066 1380 3880 4148 1338 2392 3838 4892 681 2454 1883 2414 4914 4954 1044 1485 4383 3181 3985 3544
Route 20 : 611 1433 3111 2413 1189 1789 4289 3689 4913 3933 1535 2244 2126 4035 1004 4744 4626 1570 997 3504 3497 1157 244 2274 1307 4070 4774 3657 2279 3807 2744 1563 4779 954 527 1745 1146 3454 1139 3027 4063 2053 3646 4245 1907 3639 700 4407 864 4553 3200 636 2272 1795 1843 3364 4295 4343 3136 4772
Route 21 : 1746 1759 784 2114 4246 1360 187 3284 4259 1545 3860 4614 4045 2687 31 2267 1298 193 970 3798 2531 2693 4767 3470 2245 4745 1077 1577 374 3577 728 881 3381 3228 4077 2874 1440 2418 1619 1988 688 3940 4119 4918 3188 4488 1915 1906 340 1505 975 2840 4415 547 4005 4406 2213 3475 4713 3047
Route 22 : 202 506 1984 1656 3006 2702 4156 4484 2048 125 856 2625 4548 3356 1908 1334 715 2322 3834 4408 1237 4822 3215 3737 1453 230 3953 599 228 1222 3099 2728 69 3722 1880 2730 2468 4380 701 757 473 2569 4968 780 2249 3201 861 4749 2973 3257 3280 3361
Route 23 : 1407 1442 1190 535 335 3690 3035 2835 2004 3942 3907 4504 846 1365 935 3865 1171 3346 2349 4849 3671 3435 1618 1744 2277 4244 793 4777 1731 3293 4118 1815 1020 1448 4231 4315 898 3520 3948 1536 3398 751 4036 433 1853 3251 2006 2268 2933 211 4506 4768 867 4353 2711 3367
Route 24 : 1848 331 2021 586 4521 3086 4348 580 3080 2831 1550 38 1496 651 1506 2538 4006 4050 3996 3151 349 890 904 2849 3390 3404 1068 2219 4719 1473 285 3568 3973 981 243 883 2369 2159 2785 1725 4869 4659 3383 3481 2743 4225 1712 1586 1847 1314 2200 4347 4212 603 4700 3814 4086 659 1432 2406 3103 3159 2007 1386 4906 408 4507 3932 2908 2155 3886 23 971 3471 4655 2523 988 3488
Route 25 : 1539 574 3074 4039 1546 548 1125 4046 2171 3048 3625 4671 1434 177 2156 2282 2677 1926 3934 4656 1359 947 4782 3447 1306 4426 2452 3806 4952 3859 185 1972 1459 2410 980 2685 1006 4472 3480 3959 4910 3506 2372 1195 1582 252 436 3695 4872 2752 2936 1841 4082 692 4341 2408 327 720 3192 1647 3220 2101 522 386 4601 4908 2886 4147 3022 2827
Route 26 : 2170 1458 2311 2308 380 2880 3958 4811 4808 892 4670 381 1786 619 1730 3119 4286 4230 1476 3392 2881 1347 3976 1935 491 938 1511 1173 4435 4011 3847 3673 2991 2027 224 3438 4527 2724 191 1579 2366 2691 4079 4866 841 216 1753 625 1424 3341 2716 4253 3125 3924 1332 131 1466 3966 406 983 2906 3483 2154 3832 2631 4654
Route 27 : 2231 356 601 87 1341 2856 2587 4731 3841 1690 3101 4190 2165 1688 1560 2331 4665 1669 364 660 4060 3160 2864 4188 4831 4169 1597 4097 256 1034 1381 1954 1719 3881 930 959 2756 183 3459 3534 4219 3430 4454 1265 2683 578 316 3765 3078 1997 716 1900 2365 3216 2816 4497 4865 2026 4400 976 1143 3476 4526 3643
Route 28 : 1854 933 114 2269 1498 4354 2317 2438 3998 2614 4817 3433 4938 1628 1778 4769 1849 1917 4278 4128 4417 1885 4349 4 553 305 4385 3053 2805 2504 1905 1425 694 469 1169 2969 3669 4405 3925 3194 1418 1632 1487 2081 424 1221 3918 4132 2924 3987 4581 3721 320 2280 797 542 2058 3042 4558 2208 2010 4780 2820 3297 2236 1594 940 4510 4708 2172 1462 4736 383 3962 3440 2883 4094 4672
Route 29 : 1967 59 878 1373 3378 4467 3873 21 2559 870 2286 3370 504 2521 4786 758 3004 2412 3258 4912 275 2129 2362 2775 4629 4862 41 777 438 29 2484 2541 3277 2529 83 4984 2938 2583 1363 993 3493 2260 3863 1612 1250 1899 301 2182 4399 3750 4760 4112 2801 4682
Route 30 : 2488 1483 1394 1983 1562 4988 1581 3894 4062 4483 3983 1876 4081 2 2370 595 4376 1120 3095 4870 2502 3620 2094 1376 328 1580 4594 1220 2011 3876 1948 2828 2118 4080 1680 4511 3720 4448 620 1933 4180 4433 4618 648 3120 1739 1049 3148 170 2141 4239 1112 1823 3549 2670 3612 1749 4641 4249 4323
Route 31 : 1128 431 3628 1208 459 3708 2931 309 2959 72 2809 876 913 1592 3376 896 2572 3413 3396 4092 61 1904 1393 2561 1067 3893 4404 389 2352 1162 2889 3567 3662 1945 1621 2106 4852 4121 435 2433 4445 2935 4933 676 4606 3176 2315 312 2196 2190 2812 4815 1012 498 4696 3512 2998 4690
Route 32 : 1670 1615 953 1978 2134 3453 4115 897 3397 4478 1868 4170 4634 4368 1075 2234 1086 1525 111 3575 4734 2611 1109 3586 561 3609 4025 298 672 1736 3061 1654 3172 4236 4154 2798 2358 1292 1697 4858 4197 1829 2421 3792 1013 4329 3513 496 677 4921 2005 462 2996 222 239 961 4505 3177 2739 2962 3461 2722
Route 33 : 1131 1865 420 926 4365 3631 1047 2920 1604 3426 2371 1593 3547 4871 4093 4104 2226 1261 164 1569 1686 1366 4069 1317 3761 4726 4186 1622 3866 770 2664 3817 391 1607 4122 2162 203 3270 1799 2891 4299 2703 2183 4107 853 4683 4662 2116 3353 1555 4055 863 1205 691 4616 1114 3191 3705 3363 3614 1238 868 891 3738 1438 3368 3391 3938
Route 34 : 555 382 1610 3055 1672 476 2112 2882 4612 2976 4110 4172 1239 270 343 2449 2770 2351 4949 3739 344 2332 4851 2844 2843 4832 379 956 656 2423 2879 3156 2467 4967 3456 1699 4199 1855 4923 2409 1236 4355 2341 3736 4841 1329 1461 4909 3961 3829
Route 35 : 1625 307 1508 35 1469 2807 2535 1445 4125 2477 3969 4008 3945 1523 1696 4977 1784 667 832 866 4196 4023 4284 3167 3332 597 3366 1063 2309 4809 3563 533 991 3097 2127 1776 3033 4627 571 2258 2066 385 3491 3071 2885 4758 4276 4566 939 1031 1918 3531 726 1166 3439 1788 4418 3226 225 2069 3666 1404 2725 3904 2480 4569 1186 92 4288 776 695 2592 3686 4980 3195 3276 43 268 2543 1653 2768 4153
Route 36 : 2442 1138 964 3464 4942 686 3186 1830 1543 392 175 3638 2248 2675 2892 1914 2102 4748 4330 4043 828 4602 4414 3328 699 604 1072 3572 3104 3199 1741 665 1720 4241 679 1368 242 4220 3179 3868 3165 2324 2742 1294 4824 1299 3794 1798 2124 3799 4624 852 1919 4298 259 3352 4419 2759 1548 4048
Route 37 : 1284 1339 2374 159 2264 4874 3839 2659 3784 4764 2211 584 4711 1273 1295 181 1662 3084 2121 2291 2681 3795 4791 4621 313 3773 4162 82 2813 2265 65 814 2582 4765 3314 1938 2220 2565 4438 4720 2037 2089 1800 1827 707 4327 4589 4300 3207 4537 2270 985 1243 4770 3485 3743
Route 38 : 1923 2019 640 4519 4423 744 3140 1182 3244 3682 727 1019 2122 3227 4622 3519 2157 1055 1537 192 2692 652 3555 4657 4037 2475 2328 3152 90 4975 4828 1875 2483 2590 4983 4375 1863 1812 646 946 425 4312 1018 4363 2925 493 3446 1378 3146 3518 2993 390 1909 2239 1331 1467 3878 58 2890 3831 4739 1683 4409 2558 4183 3967
Route 39 : 1733 1821 1549 168 4233 2203 238 4321 2668 2738 4049 4703 1611 1902 4111 696 4402 1118 1998 2289 3196 1342 3618 499 4789 2416 1687 1105 3842 4916 4187 4498 2999 3605 1192 1172 2024 1187 3692 732 3672 865 1319 3687 4524 3365 3232 3819 709 1871 1495 1327 3209 4371 3995 1620 2119 3827 4120 4619 1392 489 1145 2146 4646 1644 2989 3892 2381 3645 4144 4881
Route 40 : 197 2169 705 1211 3205 3711 4669 2697 483 925 1102 318 1951 2983 109 3425 375 2818 3602 4451 2875 2609 895 250 3395 2355 833 2750 4855 763 2075 2287 3333 1709 3263 4575 4209 4787 333 2833 472 2312 208 1760 334 2708 2972 4260 4812 2834
Route 41 : 2045 2254 1692 162 1441 2662 1898 4754 235 4192 2735 4398 3941 4545 910 1499 3999 2429 365 231 1330 2731 3410 2865 3830 4929 403 1758 1689 2427 4927 4258 2195 2903 4189 1703 1076 2210 1269 2017 4695 3769 4203 3576 4710 1515 4517 1999 2049 1491 4499 4549 3991 1370 2042 4015 3870 2001 855 4542 615 1953 105 3355 4453 4501 3115 2605
Route 42 : 234 1059 410 917 2436 2473 2734 3417 2100 4973 2910 4936 1268 4600 3559 3768 1514 823 1422 3323 2323 3922 4014 577 289 4823 2430 3077 2789 1502 2285 2455 1528 642 4930 4955 4028 2356 4002 3142 4785 1705 928 4856 1585 569 1017 3069 4205 3517 978 3428 1542 4085 3478 2338 4042 497 479 2288 2979 525 4838 2997 4788 142 1765 4265 3025 2642
Route 43 : 2395 286 2786 1777 1992 485 4895 4277 4492 2985 44 857 2380 1836 3357 2544 16 4880 2278 4336 4778 2117 2516 1801 4617 1212 4301 3712 984 1080 1217 1571 3717 3484 4071 3580 2404 1804 1219 532 3719 4304 3032 989 4904 2044 1658 150 1877 3489 4158 4544 4377 2650 2242 2357 278 2778 4742 4857 1249 1140 590 3749 3090 3640
Route 44 : 1949 2120 2047 2140 4620 1728 4547 4449 4228 678 4640 801 3178 666 321 1693 2821 3301 3166 827 4193 2343 2342 85 311 2811 3327 4842 4843 2585 264 1533 4033 1 2764 932 2501 3432 1598 1986 1111 300 4098 3611 398 1783 4486 2800 2898 4283 810 2400 4900 3310
Route 45 : 171 395 1702 4202 2895 2671 844 229 1504 2729 144 4004 281 3344 2644 2428 772 1624 4928 310 4124 3272 2781 1554 2810 132 1258 2073 4054 2163 1684 4573 967 4184 581 4663 3758 1412 968 3467 2632 1564 1691 3468 4064 3081 4191 3912 2166 1033 1772 903 2209 4666 3533 4272 2470 326 2419 4919 4709 4970 1603 3403 2826 4103
Route 46 : 806 1206 2432 1427 4932 3706 3306 3927 2215 4715 2314 1667 121 1490 4814 2235 1090 1970 3990 4167 627 4470 1005 219 2621 4735 3590 2719 1828 3127 1279 3505 4328 3779 1259 609 1043 93 1982 3759 486 3109 3543 2986 2593 4482 1794 731 1518 929 1271 4294 3771 3429 564 4018 3231 49 2063 2496 3064 449 4996 2482 4563 2549 2402 1724 4982 2492 4224 2949 4992 4902
Route 47 : 2403 1797 2330 4903 4297 4830 372 901 2243 683 2872 3183 1460 4743 2440 3401 783 2202 3960 4940 773 2067 3283 835 4702 1981 3335 670 4567 3273 3170 559 4481 3059 84 67 1345 911 3845 2567 3411 2584 236 1228 521 1627 4127 2736 2238 3021 4738 3728 1030 1840 32 1180 713 3680 2532 3213 3530 4340
Route 48 : 1456 718 734 3234 253 3956 3218 2753 626 180 796 1751 2680 3126 4251 3296 821 1408 689 3321 3908 2230 4730 3189 616 2459 909 3116 4959 14 1302 1519 3409 2334 738 3802 1148 3648 2514 4834 2022 4019 3238 2078 2333 2256 4833 4756 4578 4522
Route 49 : 1244 1272 3772 3744 2407 1264 1960 3764 1135 4907 37 4460 1706 3635 1897 1240 2537 1141 4206 3740 4397 3641 1771 2038 2498 4998 4538 851 4271 1756 405 3351 4256 2905
Route 50 : 1275 3775 1401 1968 4468 3901 977 508 1738 684 3477 1449 3184 3008 3949 4238 2347 2179 126 807 4679 2276 2626 4847 4776 3307 1675 2072 1002 4175 3502 526 1925 4572 2426 3026 154 2443 4926 4425 376 2034 2654 1930 4943 2144 4534 2876 1257 1443 4644 1942 494 4430 2994 4442 3757 3943
Route 51 : 1340 182 644 2388 634 2458 4958 3134 2682 3840 141 4888 3144 2641 2307 2025 1337 306 2806 4807 152 3837 4525 979 2652 1718 3479 712 4218 115 1023 671 3523 2615 3212 804 3171 792 1124 56 1985 361 3292 3304 1253 4485 3624 2861 169 2556 3753 266 2669 2088 1791 341 2766 1726 4588 4226 2841 4291 1809 4309
Route 52 : 223 2471 912 1036 2723 4971 1289 3536 3412 3789 1932 1901 1316 906 4432 3406 4401 3816 1674 1780 2052 26 4174 4552 4280 2526 1965 194 4465 1993 2694 2228 1103 805 4728 4493 643 2062 3305 3603 3143 148 4562 254 596 2648 198 2698 3096 1864 2754 2091 1663 1255 3755 4364 4163 4591 441 2446 1009 1246 1822 4946 3509 2008 3746 4322 4508 2941
Route 53 : 1318 1943 2441 2056 1522 4443 274 4941 2774 3818 4022 4556 1174 2316 639 3139 4816 179 178 531 3674 2678 736 2679 1574 1048 2251 4074 3236 4751 100 3031 3548 2600 158 524 2103 2275 858 3358 248 3024 2748 2658 4775 4603 2115 2405 1087 123 412 3587 1439 4615 2623 2912 4905 1911 1596 4411 3939 1054 402 836 151 4096 2902 2651 3336 3554
Route 54 : 1732 1437 787 2382 1053 1884 3287 4232 4882 4384 3553 3937 429 543 1856 2378 999 2929 914 3499 3043 4356 3414 4878 480 1465 2980 899 3965 871 184 717 2684 13 1867 3371 3399 2513 3217 4367 1196 3696 1383 3883 755 3255 478 339 884 2110 2978 1857 2839 3384 4357 4610 308 1379 3879 2808 188 2250 2293 2688 409 4750 2909 4793
Route 55 : 2175 359 1989 2255 1397 4675 251 1517 3897 2751 4489 2859 4017 4755 40 1000 3500 1588 1872 2540 4372 4088 1947 583 4447 3083 1247 387 1385 2887 3747 3885 511 200 319 1957 4457 2700 2819 3011 1568 36 2536 4068 176 2676
Route 56 : 1100 782 2223 501 4723 664 3001 3600 1969 3282 421 4469 3164 551 1029 163 3529 3051 2921 2663 1170 1527 2113 1595 1668 3670 4613 4027 4095 4168 1480 1199 916 3416 3980 3699 418 2379 1011 2918 4879 2055 1704 3511 297 2018 4204 4518 4555 2797
Route 57 : 2188 2160 675 1651 4660 4688 3175 4151 1638 1552 1761 1336 1150 112 4052 3650 4138 3836 4261 2612 399 2899 1270 1616 62 3770 2562 4116 161 1057 1713 2481 1810 2661 2193 3557 4213 4310 1416 4981 73 4693 594 2573 3916 3094 1976 106 1312 2606 1280 3812 1430 370 4476 3780 273 2030 1113 3930 133 2870 2773 4530 2633 3613 598 3098
Route 58 : 220 1488 2153 2720 1641 1093 4653 3988 453 575 1149 3593 1838 2953 4141 492 3075 1722 1941 4222 4338 3649 2992 1052 4441 791 3552 2080 1796 1200 1891 4580 205 64 3291 2705 4296 3700 2564 4391 554 1996 886 530 4496 3386 515 3054 589 3015 3030 3089 922 1007 879 3507 1645 2283 3379 4783 3422 4145
Route 59 : 848 1069 2014 2273 3348 4514 2181 4773 1652 3569 662 1661 1601 4152 4101 4681 3162 4161 155 850 2655 1058 545 1355 3350 3045 3855 33 3558 1061 113 2533 432 2613 3561 2932 1869 2257 1566 1132 2306 4066 4806 2225 4369 145 3632 4757 1201 4725 2645 3701
Route 60 : 2108 4608 1820 261 812 1839 539 4320 885 973 4339 3473 3039 2761 3312 245 2028 2068 3385 4528 2125 4568 2745 1529 4029 4625 442 1928 1805 1320 1110 4428 3820 27 4305 209 2942 3610 2709 2527 166 1779 2666 674 4279 3174
Route 61 : 764 2139 649 3149 4639 3264 1119 1521 52 2460 2201 4021 96 3619 2552 4701 4960 2596 1144 2131 1808 1300 682 4631 2350 3800 3644 3182 4850 4308 490 1520 2191 2385 4020 1450 4885 2990 733 4691 3233 3950 503 507 1887 3007 1631 3003 4131 4387
Route 62 : 748 593 2367 1995 2214 3248 3093 4714 4867 4495 687 2150 1679 4650 623 4179 3187 3123 47 136 2281 1534 401 2547 1813 4313 4034 4781 2636 2901 1311 1085 214 3811 354 3585 2714 2854 1277 2318 329 2829 4818 3777 1045 693 1803 1333 3833 3545 3193 1293 358 4303 2858 992 3793 1657 108 1474 400 2608 3492 2900 79 465 2579 1979 3974 427 4157 2965 4479 2927 304 842 845 1665 2804 3345 1634 3342 4134 4165
Route 63 : 629 1165 3129 212 167 3665 2015 2712 2667 4515 957 3457 834 1288 2097 95 160 3334 3788 2595 4597 2660 1956 541 4456 1024 3524 2263 3041 2031 2284 4763 4531 71 1457 467 20 4784 3957 1022 2571 2967 3522 1014 1357 2520 1429 3857 3929 3514
Route 64 : 994 287 2232 2787 1600 1715 1565 4732 3494 4100 710 143 3210 4065 207 4215 2643 2707 750 1755 4255 2262 3250 2149 107 2607 4762 1115 4649 502 1209 2218 1748 147 3709 4248 1698 3002 3615 1633 4718 2647 4198 201 110 4133 2336 2701 2610 4836 608 1861 3108 2060 4361 1576 1313 89 4560 3813 602 422 4076 1734 2589 4234 3102 2922
Route 65 : 2107 153 1188 2168 585 1050 4668 4607 3550 3688 2653 1343 2463 3085 591 4963 3843 3091 1757 199 1500 2699 4257 4000 1179 1417 348 1156 2848 75 3917 3656 3679 2575 295 690 1130 1071 3571 1635 2795 905 3190 3630 4135 3405
Route 66 : 460 1224 1846 2960 4346 3724 448 556 1452 2948 697 877 3056 315 3377 3197 3952 2815 1678 455 2955 4178 2029 1578 76 1414 4078 1107 2576 4529 377 3914 3607 2178 2077 4678 2877 4577 1503 513 4003 514 631 3013 3014 3131
Route 67 : 1764 774 1714 323 4264 2013 4214 588 2823 3274 2023 4513 4523 3088 706 1274 3206 2313 3774 936 4813 612 262 3436 1315 741 3112 2762 3815 3241 1587 2290 217 1286 2717 3786 4790 2327 482 2982 673 4087 258 2217 4827 1980 3173 4480 4717 2758
Route 68 : 931 122 2132 1472 711 1831 2622 1335 4632 3431 3211 1896 3972 4331 3835 4396 2444 657 1263 3763 2439 4944 302 2041 2229 3157 2802 4939 579 669 283 1659 3169 4159 4541 4729 1655 747 2070 4155 3079 2783 3247 4570 2493 388 536 1971 1444 2888 2186 4993 3036 3944 1134 4471 4686 570 2180 1497 500 3634 2137 4680 3070 4637 3000 3997
Route 69 : 1609 2339 2087 2411 484 4109 2984 4839 4911 1599 2207 756 4587 3256 4099 4707 1977 2321 2399 4477 4821 831 1974 4899 1477 3331 4474 1617 2368 3977 30 393 4117 2893 4868 830 2530 451 811 3330 3311 1025 2360 2951 962 2076 721 4860 3462 1806 3221 3525 4576 4306
Route 70 : 1630 966 837 3466 1035 3337 2375 4875 4130 3535 447 519 330 2329 2947 2830 4829 3019 628 2059 2002 3128 1614 290 4559 120 4502 2790 4114 1361 2620 3861 1952 2292 1673 366 4452 4173 458 4792 2866 882 34 1681 4181 2534 2958 3382
Route 71 : 2151 2085 753 1137 618 4585 3253 3637 4651 3118 97 1987 1372 803 2597 2128 1216 3872 3303 4628 3716 4487 2302 1296 2143 3796 1835 702 1664 4802 1409 4164 3909 4335 4643 658 296 3202 3158 2796 50 2393 1167 237 2550 3667 2737 4893
Route 72 : 1297 771 927 3797 2016 3271 2377 552 769 4516 3427 4877 3269 505 3052 765 3005 661 5 996 1975 3265 57 3496 3161 1707 4475 2505 4207 2557 1051 2499 411 4999 3551 2221 2376 2911 4876 4721 2353 1390 1099 3890 204 1862 4853 2704 325 2252 3599 353 4752 2825 4362 1403 1305 1242 2853 3805 1944 3742 4444 3903
Route 73 : 534 1151 3034 2346 3651 430 4846 1873 1358 2930 2123 2300 4373 2253 740 4623 55 4800 2555 3240 4753 3858 568 241 2431 2093 3068 2741 4931 4593 471 557 127 1513 1966 2971 3057 2627 4466 4013 2437 4937 1695 1323 1737 614 4195 2326 4237 739 3114 605 3823 3105 4826 1770 3239 293 730 4270 3230 2793
Route 74 : 1785 81 2142 4285 446 355 1530 4642 2855 2946 4030 2581 1371 1660 2098 314 3871 1178 745 2814 4160 3245 4598 3678 1234 416 2147 80 1468 3734 2916 4647 880 3968 2580 3380 1559 414 2466 1716 4059 2447 4216 2914 4966 4947
Route 75 : 1893 1903 117 1163 2617 4393 889 4403 2384 3389 1251 157 2199 3663 488 4884 3751 2988 2657 4699 742 2457 680 613 3242 3180 2394 4957 1413 3113 4894 869 1774 749 3249 4274 3369 1833 4333 3913 1640 1291 263 4140 1155 3791 2763 2422 3655 443 1081 3581 2943 1241 1285 4922 2054 3785 3741 4554
Route 76 : 1639 4139 362 1516 1260 1886 4016 291 2862 2791 3760 4386 1362 1990 4490 3862 1973 4473 1197 2189 1041 146 3697 4689 3541 950 139 2646 3450 2639 2205 98 1501 210 1245 4705 582 2710 2032 2598 4001 3745 3082 4532
Route 77 : 1766 2138 396 1940 1955 2187 4455 4266 4440 2896 4638 4687 2079 1226 813 226 3726 3313 2726 2241 4579 752 260 2397 3252 124 4741 1447 3947 2760 247 2747 2624 4897 1037 1750 464 778 4250 3537 3278 2485 1807 2964 1309 4985 1129 3809 4307 3629 1629 4129
Route 78 : 445 1832 1384 1721 3884 4221 4332 2945 2490 1232 965 4990 3732 1301 668 3465 3801 1405 1802 1204 4302 3905 3168 941 3704 921 3421 2012 215 3441 2715 1374 704 4512 1481 3874 3204 2194 2090 1027 4590 3527 3981 4694
Route 79 : 360 1922 4422 1489 2206 562 2860 3989 2417 3062 4917 4706 1064 788 1426 789 3289 3564 3288 3926 452 322 2822 1866 2952 4366 875 276 2776 3375 1203 2000 15 2387 2515 2354 4500 4887 2261 1920 4854 4761 849 1207 3703 4420 3707 3349
Route 80 : 2177 272 4677 1431 3931 2772 746 1324 1088 3246 576 3588 3824 1916 3076 68 2494 407 4416 2568 2907 440 4994 808 3308 1133 2940 2046 1637 1606 4137 4106 3633 1198 4546 1184 3698 317 2448 2817 1015 4948 1793 74 3684 4293 2574 3515
Route 81 : 1512 2396 60 1482 1646 4896 4012 760 461 4146 3982 2560 1850 2961 900 3260 3400 135 4350 2298 2065 2635 1859 4798 573 4359 4565 546 3046 267 3073 2767 1415 2184 3915 4684 1575 1816 1531 468 4316 1754 1814 4031 4254 4075 4314 2968
Route 82 : 1194 3694 1419 3919 1354 3854 719 1842 1181 4342 3219 3681 540 2435 130 3040 4935 2451 1021 2630 4951 3521 1153 860 1387 1811 3653 1936 3360 4311 3887 2478 1325 4436 4978 1590 3825 4090
Route 83 : 186 1398 2051 924 53 4551 2174 2686 3424 3898 4674 2553 1106 1464 2158 3606 2297 2348 3964 4797 4658 2363 1934 4848 4863 4434 1747 2096 4247 538 2033 4533 2456 4596 3038 450 4956 1164 3664 517 3017 2950 149 1729 4229 426 2926 2649
Route 84 : 1079 1252 3579 1510 1388 271 3752 1894 3888 1281 4010 434 2771 4394 3781 637 635 825 2934 3137 3135 2472 3325 2092 1147 4972 3647 572 2495 4592 3072 4995 1837 4337 1878 1735 942 4235 1278 4378 1910 1540 633 3442 3778 1532 3133 1351 2420 4040 4410 4032 1677 4920 246 3851 1649 2746 600 4177 4149 3100
Route 85 : 2464 1070 2247 843 4964 1056 2009 3343 1742 4747 3570 1168 4509 4242 3556 3668 2036 1428 888 347 2057 3388 3928 4536 2847 1215 3715 4557 653 1451 949 3153 3449 3951 2320 1454 1382 91 4820 3882 2591 1176 233 3954 1851 2733 3676 4351
Route 86 : 1218 779 1436 952 3279 1287 3936 3452 3787 3718 2325 528 128 174 2628 4825 3028 2453 2674 1346 4953 3846 767 1700 1083 4200 3583 3267 2095 1303 1084 817 558 444 3058 4595 762 1479 3584 397 3317 3262 2944 3803 1227 3979 2897 3727 1177 1094 2135 1888 3677 1391 4635 1092 3594 3592 4388 3891
