Instance name : nyc-n2000-4
Authors       : Isaiah Reimer (isaiah.reimer@rideco.com). RideCo (rideco.com)
Date          : 2023-04-04
Reference     : Rideco PDPTW Solver
Solution
Route 1 : 408 506 1408 620 293 1620 657 1506 679 58 739 1679 1058 1293 512 267 1512 990 1267 444 1739 180 678 1444 954 1678 206 1954 882 275 1657 1990 1275 151 920 1206 159 1882 1159 1151 1920 155 1155 650 497 1497 985 1650 1180 84 598 1598 1084 1985 703 883 487 1487 234 1703 545 1883 816 1816 1234 1545
Route 2 : 102 611 500 630 1611 455 531 1630 1102 171 870 1455 1500 46 1870 93 1046 1171 1531 520 8 1093 124 1520 415 412 245 1415 926 288 1008 467 1124 502 1245 1412 129 510 1467 1926 1502 111 150 668 1288 1111 217 228 1129 1668 705 1510 1228 39 452 927 1150 1039 1217 537 914 1927 197 1705 1452 1914 458 1537 1197 1458
Route 3 : 652 774 193 261 133 165 1652 1165 1133 130 19 1261 1193 253 1774 1253 1019 1130 992 933 100 701 304 1100 1304 1701 241 94 1992 808 959 1933 1959 59 1241 1094 14 1808 1059 450 146 1014 1146 1450 31 765 437 1437 635 1031 149 313 277 1765 861 1277 1635 1149 290 1313 683 1861 1290 106 872 1872 1683 395 1106 831 1831 1395
Route 4 : 272 1272 414 896 86 1414 70 1086 1070 1896 445 430 265 1430 191 1265 498 586 1191 135 656 949 1498 1135 1586 1949 627 799 1445 866 906 1866 1656 939 833 1799 369 1627 682 1369 1682 1833 312 167 249 1312 1906 1249 1939 200 1167 1200 16 599 594 323 383 1594 1599 327 1323 466 229 1466 1383 66 144 1229 1016 749 407 1327 1066 366 1749 714 1407 1144 1714 1366
Route 5 : 658 878 460 49 1049 1658 1460 1878 622 1622 85 1085 532 1532 856 852 553 13 1852 1553 1856 776 1776 20 854 641 1013 1854 607 1641 1020 659 276 1607 588 1659 715 947 757 1588 806 1947 1715 341 541 1541 1757 1341 1276 571 1806 540 867 580 410 1571 660 1540 260 1867 1410 269 1580 593 811 328 1269 539 1593 1328 1260 1811 804 1660 1539 1804
Route 6 : 685 134 876 57 756 1685 649 1756 1134 1876 807 561 1561 615 1649 357 1057 898 392 1807 449 1392 490 1615 1357 1898 126 1449 666 1490 1126 755 968 417 689 1689 1968 335 141 1141 994 1666 1417 1755 1994 1335 21 348 585 248 1348 1585 790 1021 284 646 1248 794 499 1794 1790 113 503 333 1499 1646 488 1488 1503 25 1333 1113 11 569 1569 1025 1011 1284
Route 7 : 822 1822 213 1213 371 858 1858 834 893 671 1371 984 1984 1671 1834 772 1893 973 431 347 710 573 1973 1431 1573 1347 311 32 1032 1710 1311 1772 398 669 923 291 1669 1923 237 1398 930 1291 1237 963 998 956 673 1998 1963 849 801 1956 1801 1930 1849 578 695 1695 163 1163 1673 1578
Route 8 : 356 779 352 1352 1356 729 731 413 526 367 1413 1526 1367 1729 266 1266 1731 453 809 1779 562 1562 595 935 1935 743 1809 742 1742 1453 1595 644 456 296 910 977 1644 334 1296 1743 1334 827 99 1827 1099 844 233 1910 1456 1233 362 87 1362 885 48 1844 1885 567 1087 1977 1048 1567
Route 9 : 894 824 285 802 1824 1894 1285 384 1384 1802 243 373 361 618 1373 976 895 1895 1361 178 1976 1618 1243 864 664 665 426 381 1178 904 1665 1381 1426 1664 698 1904 1864 513 1513 508 1698 17 786 1786 1508 1017 529 1529 282 653 581 1282 308 1581 637 1653 244 951 1308 1244 1951 1637
Route 10 : 819 720 509 853 368 717 1509 1853 781 1720 1717 29 1819 1368 1781 1029 82 558 1082 688 331 1558 306 23 1688 1331 744 1023 814 1306 1744 68 980 1068 343 1814 215 792 1980 258 349 1215 1343 1792 1258 471 75 564 1349 1471 279 527 1279 1075 817 1817 1564 240 677 782 116 1677 1527 538 483 1240 80 1483 1538 835 420 1782 1080 754 1420 1835 1754 1116 37 1037
Route 11 : 934 6 76 257 358 1006 1257 1076 760 1934 1358 702 231 205 300 516 1205 1516 546 911 1702 1231 1911 1546 1760 186 95 877 1300 965 829 1877 61 1186 1965 152 1095 43 176 1829 1176 292 843 1061 1043 40 1843 1152 1292 582 393 1040 119 957 1393 1119 738 1957 1738 691 583 1583 1691 626 454 1582 552 1626 1454 2 647 52 1052 1002 1552 1647
Route 12 : 972 847 1972 5 840 345 946 1847 374 1840 662 517 1662 1345 402 845 1005 1946 783 338 1374 681 1402 1517 1783 1681 1845 1338 489 570 592 631 787 322 1787 676 1631 1676 201 1322 1592 168 922 1201 421 1922 1489 188 1168 1570 1188 44 307 1421 210 1307 887 1210 651 1651 428 1887 1428 375 988 1044 1988 181 484 848 77 1077 294 1181 1484 379 1848 1379 1375 1294
Route 13 : 142 494 1494 418 708 645 639 1639 995 1418 1645 1708 1142 286 359 544 354 1995 216 784 1544 857 1784 1216 1354 1286 179 1359 902 1902 1179 1857 305 224 462 918 1305 35 1224 603 1462 1918 310 1603 974 1310 962 1035 524 83 1524 1974 881 830 33 1830 1083 1962 884 610 1881 916 1033 26 1610 162 1916 1162 1884 9 1026 1009 931 1931
Route 14 : 218 999 693 993 1999 1993 270 803 796 692 1270 353 1803 548 1693 1796 860 1860 1548 1218 1692 1353 855 589 989 905 50 1589 435 401 1905 73 1989 1073 551 1855 1050 1401 396 928 1435 655 1655 1396 364 404 1551 759 1759 1364 1404 1928 680 863 654 1654 128 1680 969 1863 164 1128 634 624 1969 1164 1624 964 1634 446 1964 1446
Route 15 : 185 897 600 198 110 1600 472 1198 1110 1472 1185 1897 535 793 574 721 563 433 1535 892 1563 707 1793 522 1574 1721 202 943 1892 997 1707 1522 1943 1433 1997 874 295 108 694 1202 1108 1295 175 1694 690 507 1874 1690 492 1175 983 1507 604 732 1492 672 1672 616 1983 601 609 1616 950 1604 389 1950 948 1389 706 423 1732 1948 1601 1706 1423 1609
Route 16 : 602 140 832 121 1121 1602 625 1140 1832 917 1000 1917 938 1625 945 96 1096 332 2000 1332 1945 596 903 227 971 1938 47 1971 955 1903 1955 1227 518 1047 762 1596 912 143 1518 409 1409 1912 899 350 465 1762 1143 1899 1350 891 170 477 1891 798 1465 719 1477 1798 1170 736 10 605 1719 1736 1605 7 1010 750 932 1007 557 1750 1932 1557 815 1815
Route 17 : 812 789 797 735 1812 823 1789 519 1823 1519 1735 1797 148 298 1148 154 825 1298 775 1825 1154 670 1670 1775 156 112 565 1565 1156 125 1112 547 718 1125 1718 391 1391 1547 209 274 1274 114 1209 549 764 1764 1114 53 1549 496 737 297 107 480 1107 1053 1297 1737 1496 879 919 1480 559 416 1559 967 1919 1879 1416 1967
Route 18 : 4 346 315 24 1004 199 30 1346 1030 473 1024 841 1315 633 1633 411 763 770 1199 981 1770 1841 1763 1411 888 1981 1473 534 901 1901 1888 12 131 436 648 1534 1012 1131 1648 424 493 259 533 1424 745 1259 1533 174 752 1174 51 1752 1436 1745 1493 443 941 1051 780 1941 1443 1780
Route 19 : 699 1699 751 425 145 283 810 747 1425 1283 380 1751 211 1380 777 716 1747 924 1777 1145 761 103 1716 1810 1211 1761 1924 572 684 542 470 1103 242 1684 709 1572 1242 440 591 1542 1470 63 238 1709 871 1591 1238 1440 711 1871 271 1063 104 1271 1711 978 1104 740 301 1740 982 636 15 1982 79 1015 1301 1636 98 1978 722 1079 439 1722 1098 1439
Route 20 : 621 429 907 482 1429 316 1482 555 1316 758 850 1758 1907 1621 204 726 38 1555 1850 468 608 1204 1468 566 1726 1608 1566 192 1038 667 960 975 986 1975 1667 337 1986 1192 62 478 1337 1478 1960 1062 859 208 221 89 190 1208 319 351 1859 1089 1319 1190 3 45 900 1351 1045 687 1900 81 1003 521 1221 1081 929 1929 1687 1521
Route 21 : 223 378 514 120 451 1378 320 1320 1120 1451 339 1223 330 632 795 1632 1795 1514 1330 556 370 255 1339 196 1196 212 1255 1556 643 262 1212 915 1643 1370 869 1869 1262 724 952 1915 937 1952 1724 394 629 528 123 1123 1394 481 560 1937 459 268 1528 1481 1560 355 813 287 1629 34 1355 1813 1268 1459 1034 1287
Route 22 : 476 251 766 222 1222 1251 1476 1766 628 101 836 925 1925 1628 27 475 1027 1836 1475 1101 172 203 239 908 18 485 1172 1908 117 158 1018 289 1203 1117 1239 1289 92 1485 91 1092 1091 1158 523 74 753 1753 1523 317 958 314 1314 769 365 1317 1074 674 1958 1365 1674 1769
Route 23 : 246 182 115 132 1246 568 278 1568 1132 1182 122 22 1122 303 1303 1115 979 153 1022 264 69 1264 1069 160 1153 1278 281 991 1979 515 1991 1515 441 1160 273 1281 686 78 1273 219 136 675 1219 1675 1136 730 1686 1078 326 1730 575 818 54 344 1575 723 1326 139 1441 457 1818 1139 1 1723 263 1457 1344 1001 1054 302 966 1263 169 189 868 1302 1189 71 1169 728 1868 236 1071 1728 1966 1236
Route 24 : 64 235 1064 940 232 388 427 1235 1427 725 1232 321 640 247 1725 1640 60 1940 873 1321 1060 1388 1873 448 127 105 800 1448 1247 826 1826 1800 1127 55 1105 642 1642 187 1187 597 1597 376 511 1055 875 225 713 1225 1376 1713 1875 619 399 1511 536 1619 1399 1536
Route 25 : 474 464 837 390 220 118 1464 846 1837 606 1390 324 1118 1220 1606 1474 1846 1324 733 820 842 252 447 1733 226 1820 1447 1842 1226 1252 495 173 299 382 788 406 1173 1299 1495 1382 1788 1406 360 1360 403 851 214 1851 1403 147 1214 577 1147 1577 309 230 771 1309 250 1250 886 400 1400 1771 166 1230 987 1166 1886 936 821 1987 1936 1821
Route 26 : 377 773 554 1377 1773 1554 42 97 1097 1042 587 41 617 1587 1617 109 1041 1109 590 700 461 1590 137 397 1700 1397 1137 767 839 72 1839 1072 1461 525 909 1525 256 1767 65 1909 405 862 612 280 1280 663 1256 1405 1065 1862 661 386 638 1663 1612 697 1661 704 1638 1386 791 768 1697 748 1748 1791 1704 1768
Route 27 : 363 90 504 419 1363 785 385 1504 1785 1419 1385 1090 254 36 1254 183 432 442 712 584 1432 1584 1036 1442 501 1712 387 961 1183 1387 944 865 340 1501 505 1944 463 1463 318 1961 828 1828 880 1880 486 1865 1505 1318 890 550 1340 1486 434 195 838 1550 805 1838 1805 696 889 1195 1434 207 1696 469 530 1207 1889 1469 1890 1530
Route 28 : 479 491 613 543 438 579 1438 1543 1491 1479 1613 741 942 913 1579 56 1942 1913 1741 953 996 1953 157 342 28 372 1056 1372 1996 1342 1157 576 614 161 1614 1576 88 67 1028 1161 184 1067 623 1088 970 329 336 1623 921 1184 1970 177 1177 1329 1921 422 194 727 1422 1727 138 746 1336 734 1194 1734 1746 778 325 1138 1778 1325
