Instance name : nyc-n1000-2
Authors       : Isaiah Reimer (isaiah.reimer@rideco.com). RideCo (rideco.com)
Date          : 2023-04-01
Reference     : Rideco PDPTW Solver
Solution
Route 1 : 420 229 729 31 531 920 222 722 438 251 292 751 938 792 403 903 164 160 92 472 664 660 39 162 972 662 539 592
Route 2 : 165 145 645 665 301 801 287 339 839 787 299 64 78 799 578 564
Route 3 : 214 325 151 463 363 290 651 59 790 825 863 963 99 221 276 714 599 129 721 776 559 108 266 209 352 766 709 608 629 852 411 461 355 260 855 147 911 453 760 405 647 961 953 905
Route 4 : 138 22 638 119 619 122 522 622 48 548 271 335 273 112 193 612 259 773 835 300 693 771 243 800 759 191 413 206 913 706 743 691
Route 5 : 492 53 383 992 20 279 779 553 520 46 883 546 321 821 11 362 862 253 511 485 753 985
Route 6 : 470 190 137 970 637 690 173 673 6 91 16 506 225 359 591 55 555 285 516 725 74 466 785 859 60 136 966 289 574 21 560 636 521 789
Route 7 : 326 135 303 68 212 826 568 635 712 63 354 803 563 469 200 969 854 196 43 696 700 176 543 149 199 649 442 307 71 699 942 807 676 571
Route 8 : 56 125 167 153 556 360 653 667 625 107 860 373 607 873 464 398 272 28 528 898 489 989 964 772 94 203 309 703 594 809 178 678
Route 9 : 27 175 42 385 675 527 885 432 351 358 542 194 322 858 851 932 179 694 90 822 679 256 249 66 749 756 426 141 70 590 365 566 570 449 865 641 926 477 127 627 977 949
Route 10 : 62 57 274 332 223 562 832 557 774 723 67 317 455 567 817 207 168 955 707 668 241 741 170 104 454 10 401 382 510 604 670 954 901 882
Route 11 : 230 281 100 134 310 810 600 730 634 80 580 481 981 347 346 847 399 97 781 597 899 846
Route 12 : 294 370 291 870 484 791 387 984 794 357 887 282 148 857 648 782 409 192 391 891 388 692 888 909
Route 13 : 161 491 233 441 73 573 50 661 733 395 991 941 895 550 89 424 397 198 589 368 444 897 488 698 944 924 868 988
Route 14 : 211 189 377 183 877 132 689 683 632 711 296 305 796 242 81 805 742 342 581 239 842 460 29 101 114 960 529 614 739 601 79 494 95 105 994 579 595 605
Route 15 : 402 445 83 583 945 902 412 5 30 110 505 912 610 530 169 152 219 669 487 652 719 185 208 478 172 987 978 685 708 376 429 672 876 929
Route 16 : 9 180 146 394 509 262 646 680 202 762 894 702 297 4 286 396 786 896 324 797 504 75 824 8 465 508 575 498 349 275 965 497 998 407 849 907 775 997
Route 17 : 345 406 246 906 32 746 532 845 430 111 334 930 306 130 834 186 806 611 630 182 436 686 187 390 682 687 936 890 250 386 750 886
Route 18 : 308 77 343 808 330 577 830 184 843 490 143 379 684 643 215 476 990 205 26 879 705 715 976 37 483 526 419 318 537 417 917 919 255 818 755 983
Route 19 : 252 36 315 47 158 536 316 658 815 547 752 816 340 204 35 840 312 133 244 535 633 744 704 812 25 474 117 525 974 140 381 640 881 617
Route 20 : 482 13 118 86 44 544 434 982 468 513 618 333 586 968 934 336 283 96 596 783 833 258 177 758 232 106 836 677 216 606 732 128 716 374 220 236 265 874 628 720 736 765
Route 21 : 450 302 45 210 248 471 748 802 950 82 710 545 237 737 971 582 427 437 269 937 769 927 439 88 311 588 7 939 811 507 23 400 900 523
Route 22 : 240 93 740 113 499 593 613 288 284 788 17 999 378 784 517 85 171 213 878 585 713 671 372 456 956 872 261 54 58 761 554 558
Route 23 : 319 344 380 313 103 819 880 124 150 298 813 624 844 603 798 650 69 49 393 549 41 569 328 893 431 392 541 278 931 778 892 828
Route 24 : 38 12 121 226 512 538 621 61 263 467 726 561 763 967 154 264 764 234 139 654 458 734 486 639 440 940 986 228 958 174 728 674
Route 25 : 375 875 131 631 369 33 869 331 366 831 533 329 866 337 837 829
Route 26 : 462 320 238 962 820 425 421 738 87 925 144 268 587 768 644 921 446 408 188 235 946 908 735 688
Route 27 : 451 181 142 951 681 642 293 793 115 34 76 615 534 51 576 414 254 126 551 754 626 914 353 102 410 19 519 910 602 853 247 479 747 435 979 935
Route 28 : 2 371 295 473 116 795 428 973 871 616 928 502 201 155 480 655 980 1 98 156 500 701 280 404 501 1000 656 598 443 904 304 780 384 943 415 884 120 915 620 804
Route 29 : 475 975 364 864 52 416 389 14 889 916 514 552 109 163 423 217 663 18 923 609 717 452 15 952 518 3 433 515 933 503
Route 30 : 270 65 447 227 770 159 40 565 727 659 947 540 327 157 166 496 350 657 827 850 996 218 666 231 195 361 718 695 348 197 731 861 848 314 257 697 422 267 448 356 922 856 767 757 814 948
Route 31 : 24 495 341 457 995 841 524 277 338 957 777 72 838 245 123 572 367 745 623 224 418 867 493 724 918 323 84 459 959 993 584 823
