Instance name:	nyc-n800-1
Authors:		Carlo Sartori and Luciana Buriol
Date:			2019-2-11
Reference:		A matheuristic approach to the PDPTW (to be submitted)
Solution
Route 1 : 37 78 229 437 194 33 433 196 54 594 629 225 478 373 73 773 596 52 454 473 146 298 157 698 75 452 557 134 254 185 625 135 546 534 535 132 475 654 339 532 585 739
Route 2 : 188 80 290 353 345 690 480 588 36 745 294 436 242 189 589 642 694 753 60 256 182 42 442 582 656 460 120 398 5 390 228 520 142 542 628 798 291 691 46 405 790 446
Route 3 : 344 300 167 204 365 700 221 744 765 604 271 567 621 148 318 368 337 548 718 152 671 330 552 737 730 6 278 149 29 139 768 171 429 549 287 687 678 571 539 406
Route 4 : 79 4 246 479 21 404 303 70 421 646 331 257 13 657 275 20 413 731 143 233 675 703 420 543 633 64 470 274 179 464 351 579 199 674 310 751 333 23 205 605 334 710 733 423 599 734
Route 5 : 15 388 19 788 415 392 269 104 312 419 504 669 712 327 2 116 163 516 191 563 284 792 402 39 727 591 439 684 360 109 258 25 509 760 425 658
Route 6 : 232 383 270 632 332 670 141 783 311 22 213 613 299 422 711 113 40 541 513 699 440 732 166 159 559 176 566 84 283 250 484 576 307 650 707 683
Route 7 : 335 55 173 87 735 62 8 164 462 564 573 50 408 487 455 450 238 326 224 56 624 214 638 726 614 279 679 158 456 10 558 45 445 410
Route 8 : 72 354 313 260 57 472 346 96 713 89 660 754 489 457 746 186 43 295 382 496 443 175 136 782 575 586 342 376 536 268 695 217 776 35 184 435 617 584 668 742
Route 9 : 379 328 343 100 154 779 728 28 193 500 743 162 593 76 554 562 428 476 385 399 341 9 133 409 286 349 799 686 749 112 309 785 741 533 85 130 31 123 512 282 485 530 709 523 682 431
Route 10 : 400 74 371 26 474 771 198 245 315 715 426 276 322 645 800 722 598 137 178 676 292 356 756 537 692 219 578 249 619 119 161 519 561 649
Route 11 : 323 114 170 723 301 1 514 138 208 401 263 538 570 701 663 608 302 336 702 255 63 11 144 736 411 544 655 463
Route 12 : 361 251 197 272 53 243 672 48 761 597 448 643 453 288 651 226 688 211 267 83 203 59 611 372 667 626 259 772 235 603 483 659 459 82 325 32 364 482 432 377 391 764 791 308 635 248 708 725 777 648
Route 13 : 252 348 319 187 177 652 748 587 241 140 375 719 641 230 775 577 387 540 630 787 61 289 201 461 601 347 689 293 324 724 389 747 192 693 304 789 592 395 362 704 795 762
Route 14 : 127 378 174 58 172 574 778 458 527 572 105 280 69 215 615 352 469 505 125 680 357 18 363 525 17 752 3 417 757 117 14 418 403 517 763 414
Route 15 : 49 321 7 30 145 449 340 721 407 359 430 277 740 51 236 545 759 220 451 115 677 620 636 515 90 209 47 329 609 206 606 24 490 447 169 729 222 622 424 216 569 616
Route 16 : 200 338 227 738 627 600 273 673 240 131 261 640 661 316 160 531 16 65 560 716 88 416 465 488
Route 17 : 366 266 666 41 218 766 103 34 618 320 441 153 434 553 386 370 380 720 503 155 770 102 780 786 381 502 555 781
Route 18 : 358 81 317 758 481 717 99 297 697 499 151 262 237 156 165 551 97 662 565 265 497 108 556 637 244 508 124 665 644 524
Route 19 : 207 384 126 234 350 784 607 367 394 634 526 750 93 147 210 547 110 794 121 493 253 653 223 623 510 610 767 521
Route 20 : 98 27 111 369 128 150 427 498 511 769 168 528 568 550 44 444 393 106 506 183 101 38 583 793 438 12 501 412
Route 21 : 281 86 296 314 714 486 681 129 696 529 107 355 77 67 66 507 466 755 285 180 467 580 685 477 374 91 774 491
Route 22 : 94 231 305 68 92 306 705 264 631 212 468 195 612 664 706 595 95 71 122 522 471 397 492 190 495 494 202 797 247 590 602 239 396 647 118 639 181 518 796 581
