Instance name : nyc-n3000-2
Authors       : Isaiah Reimer (isaiah.reimer@rideco.com). RideCo (rideco.com)
Date          : 2023-04-04
Reference     : Rideco PDPTW Solver
Solution
Route 1 : 106 1088 966 967 1477 2467 58 2588 1415 2466 1280 1130 1606 2977 2630 2780 2915 1558 752 239 136 2252 1636 1739 455 1294 1466 2794 2966 1955
Route 2 : 711 941 205 2211 1705 552 981 2052 2441 1176 142 2481 2676 937 1195 347 525 1642 699 901 2437 2695 2025 2401 1847 940 2199 305 2440 1805
Route 3 : 109 684 1165 1609 733 2233 2665 2184 134 198 498 1698 1998 1634 734 857 562 1458 2062 2357 2958 1293 312 2234 540 2793 800 1812 2300 2040
Route 4 : 224 485 330 590 378 2090 1830 1408 52 1985 1878 936 346 1724 805 1552 2908 1846 572 542 2305 1164 2436 353 2072 176 1853 2042 2664 903 1676 201 1479 168 801 2403 1060 2979 1668 2301 1701 2560
Route 5 : 1427 1497 457 2927 1443 2997 1957 842 929 814 428 2342 2314 2429 2943 979 141 188 1928 555 1641 524 1688 2024 2055 2479 236 1038 302 1273 1736 601 2538 2773 1802 2101
Route 6 : 918 1245 1024 1275 2775 1453 273 2745 2953 1773 1167 1374 2418 2524 2667 1410 1076 2874 2910 2576 1021 307 29 1807 440 2521 1281 1529 1940 2781
Route 7 : 152 417 1463 1494 321 2963 1652 1397 2994 1022 2522 1821 1917 2897 310 1264 11 917 1413 2764 1237 2417 432 1511 2913 1810 2737 1932 128 988 468 2488 1968 1432 1628 765 909 2409 2932 2265
Route 8 : 375 341 113 971 2471 1134 1613 1841 1369 761 2634 2869 1875 938 1475 2261 495 1995 534 2975 190 2438 129 320 1320 1629 1023 2820 1820 1690 1394 177 2034 1057 2894 65 1020 2557 1677 2523 2520 1565
Route 9 : 1174 990 1232 462 2732 1962 1323 2490 2674 1407 103 6 507 1506 2823 2007 1603 778 2907 117 456 2278 1956 1617 447 678 788 1947 2178 2288 1065 335 1835 1303 869 2565 2803 2369
Route 10 : 1395 1096 2895 2596 653 667 135 75 2153 632 1575 1635 151 69 1047 1569 1260 2167 628 2128 2547 1651 245 439 2132 1745 1939 1307 2760 983 697 2807 2483 1211 2197 1442 2942 1202 2711 2702
Route 11 : 1248 296 1340 425 2748 211 1796 2840 1925 1278 1034 610 1711 223 2534 2778 558 658 2110 422 2058 157 2158 1723 1327 1922 1657 21 2827 1098 868 1521 1078 2598 2368 2578
Route 12 : 873 111 1611 2373 163 1663 1109 668 2609 1462 2168 2962 352 102 1140 811 652 1602 1852 973 2152 2640 2311 2473 922 8 769 994 179 2494 2422 1508 2269 1679 1343 690 2843 2190
Route 13 : 1115 874 1030 816 992 2374 2615 2316 2530 116 31 2492 1531 1616 727 731 311 1247 2747 1375 2227 34 2231 1811 207 629 1534 663 1707 2875 2129 2163
Route 14 : 1150 120 2650 1620 169 214 593 634 2134 1669 1360 364 2093 1864 1714 2860 1054 952 2554 1000 2500 2452 1055 2555
Route 15 : 771 1132 478 264 1476 2632 2271 1764 16 1191 1251 2751 222 2691 749 1978 2249 2976 607 1516 1722 2107 1349 831 241 963 2463 2331 2849 361 958 1741 1861 2458
Route 16 : 1201 382 1425 1148 2701 1882 481 804 2925 1159 1981 2648 35 533 716 2659 1535 999 2304 2033 2499 2216 404 819 344 292 2319 1844 1904 1122 479 399 1899 2622 1979 316 246 1491 1792 1816 1746 2991
Route 17 : 377 1252 359 1877 2752 970 2470 1859 743 836 263 2243 2336 1221 202 1183 1763 1702 738 1348 53 2683 1018 1553 2721 2518 2238 67 2848 315 1567 1815
Route 18 : 1204 1085 795 1422 1324 2295 2704 2922 421 916 2824 1468 2585 2968 627 2416 1921 314 57 2127 583 1814 362 165 1557 1862 252 191 1752 2083 1051 1665 530 2551 1691 2030
Route 19 : 1019 1129 261 655 400 2519 2629 1493 1761 1178 855 1250 1900 2678 1450 2355 2750 2155 2950 708 146 1231 2993 144 521 2731 1644 2021 1646 1388 2208 1146 68 1405 48 1548 2888 2905 2646 1028 1568 1094 2528 513 2594 81 2013 1581
Route 20 : 1441 904 674 2404 63 993 2174 1563 2493 2941 98 1598 780 2280 280 376 1876 1780 838 40 891 927 2338 1540 47 2427 1249 2391 835 1547 2749 925 2425 2335
Route 21 : 420 1233 1920 2733 709 986 275 1389 2889 2486 578 1002 1775 2209 2502 2078 77 277 789 1489 2989 2289 1777 606 1577 1326 82 977 1582 474 2826 62 1974 2106 2477 1562
Route 22 : 56 1445 1013 1037 1333 2537 736 2945 886 1319 2513 2386 1556 2833 2236 2819 1124 566 1459 2624 1263 2066 551 2959 1214 2763 854 2051 515 2714 643 84 104 2015 1584 148 354 2143 1854 2354 442 1604 1942 1648
Route 23 : 288 1253 388 1274 291 1888 2774 1788 2753 1791 226 602 900 1163 1726 946 2102 244 2663 2400 1135 1744 2446 773 2273 2635
Route 24 : 406 463 968 2468 1906 1347 1963 178 233 2847 1678 646 511 2011 326 588 1733 2146 784 1346 2284 1826 2846 66 645 1566 2088 2145 520 984 436 1936 2020 2484
Route 25 : 489 1420 899 791 875 1989 1295 2291 1212 2375 2399 2795 2920 1403 107 1607 536 491 881 159 1991 2381 423 2712 2036 1923 1659 1485 576 2903 133 2985 195 2076 85 624 1695 1633 1585 2124 383 183 1683 806 433 1883 1933 2306
Route 26 : 149 751 145 635 1649 197 1645 895 2251 1697 2135 1152 594 2395 304 2094 2652 238 928 837 1804 1738 2428 1101 2337 386 808 2601 718 131 1886 2218 1631 416 2308 1916
Route 27 : 494 554 262 1205 266 2705 597 2054 777 1762 1994 1766 757 363 10 1033 2097 1093 2277 1863 2593 1510 2533 237 30 2257 464 1215 1737 1182 1530 1964 281 2715 1220 2682 1781 2720
Route 28 : 567 2067 89 1589 1496 212 1433 2996 2933 1712 229 550 240 1740 393 2050 1058 1729 216 2558 1893 1716 1173 744 1371 50 2244 5 1550 2871 1505 2673 1090 860 2590 2360
Route 29 : 897 500 1266 225 1370 1072 2766 2572 737 2870 1725 807 260 454 2000 2397 2237 1954 2307 1760 1175 196 1401 1168 2675 1031 407 2901 2668 2531 1907 64 298 1696 1564 1336 1798 702 713 300 845 2836 1800 2202 2213 2345
Route 30 : 173 611 694 2111 1490 526 1673 2990 712 19 2212 130 2026 1519 1046 272 2194 2546 758 1630 1313 696 1772 72 1367 2867 2196 2258 1572 2813 345 22 295 1106 476 1845 2606 1522 1795 1976
Route 31 : 1081 206 1474 1398 2974 1469 2898 2969 2581 679 1706 1087 978 3 2587 833 2179 872 1208 1503 2478 2333 581 2372 939 2081 2708 2439
Route 32 : 33 1386 15 1515 1533 2886 427 1127 411 254 37 1754 2627 1911 982 2482 1927 410 1537 140 1297 1910 1487 258 36 41 1640 603 1536 1758 1541 2103 625 2987 2125 2797 933 1439 2433 2939
Route 33 : 332 724 496 1380 1996 641 394 2880 492 1832 2141 294 171 2224 1894 853 493 1794 1992 1671 1993 2353 640 1316 565 2140 299 2065 228 1799 1728 336 2816 1449 284 1836 2949 1784
Route 34 : 541 840 1314 465 91 2814 964 105 1965 2340 2041 1357 1004 1591 1172 1605 181 2464 1392 1681 2504 2857 2672 2892 490 78 289 1246 392 1990 1578 762 2746 408 1892 452 1789 1335 1042 2262 2542 1952 1908 2835
Route 35 : 1242 182 2742 1322 1682 1366 2822 815 2866 2315 1329 1045 2829 114 1454 1614 1206 355 1414 2545 2706 1855 2954 955 2914 851 18 763 132 2455 2351 2263 458 1518 1003 1632 1958 2503
Route 36 : 1353 503 419 2853 1304 1224 1292 902 2402 1919 2804 664 2003 1158 2792 817 732 2724 2317 426 2164 2232 2658 435 306 1075 1935 1926 1806 349 1083 2575 1849 2583
Route 37 : 1259 656 413 126 2759 270 1913 71 1770 2156 1091 2591 1571 1626 514 2014 1379 700 785 2200 2879 267 158 2285 90 373 1658 1590 1873 369 1136 1767 1869 83 143 453 1643 1583 351 1953 2636 1851
Route 38 : 865 97 424 276 1061 2561 1924 1776 1597 251 466 598 2365 577 547 1966 839 2098 180 1751 1008 2077 46 2047 1680 2339 692 887 2508 1546 2192 2387 340 1071 1089 782 2571 2282 1840 2589
Route 39 : 950 1117 333 546 631 695 2046 787 2131 2617 790 2195 2450 1833 1238 1011 1099 745 2738 2511 2287 2290 1120 2599 2245 740 864 932 573 2240 820 2073 2620 2364 2320 2432 1452 596 681 2952 2096 1144 2181 2644
Route 40 : 926 884 726 957 1431 319 1819 2931 2226 2426 2384 2457 704 153 1149 770 1653 2204 705 2649 2270 954 1240 2205 677 1222 2454 279 2740 2722 2177 1779 482 1153 616 2653 2116 1982
Route 41 : 1241 227 556 1015 2741 1036 1727 2536 2515 2056 786 342 2286 357 1842 1857 395 25 1365 1895 980 209 1171 1525 2865 487 2480 2671 293 1987 1709 397 445 1793 1897 1945
Route 42 : 682 822 910 870 960 93 2410 2460 2370 2182 1593 644 2144 2322 1358 2858 331 301 499 26 1526 318 1831 609 1999 1310 1801 1818 1385 2109 1198 2810 1421 384 2698 1464 2921 989 1884 2964 650 2885 675 2489 2175 2150
Route 43 : 1363 431 710 559 2863 2059 1931 44 1499 1544 2999 2210 1160 2660 889 648 2389 911 2148 1362 2862 935 2411 446 748 1437 2435 2248 1946 2937 334 235 1834 1735
Route 44 : 1429 2929 1451 73 746 1010 385 1885 2951 651 2246 2151 517 742 1573 2510 2017 1356 79 1170 1579 2856 2242 942 1059 1257 2442 2559 2757 1461 2670 2961 626 585 2126 2085
Route 45 : 595 139 1354 504 2854 2095 329 477 86 924 1977 725 1829 1586 2424 636 2004 1639 802 1108 2136 579 451 2302 2608 2079 2225 1951 1131 1277 1029 1243 1228 2631 2777 2743 1067 2529 94 2728 1594 2567
Route 46 : 1396 1283 154 1269 2769 2896 1227 1654 2727 2783 160 1660 1478 356 1217 2978 1856 2717 516 459 2016 767 1959 948 1500 390 1069 2448 2267 1 1890 661 3000 1486 563 2569 1501 2986 2161 2063
Route 47 : 360 1411 170 637 1125 921 2911 1670 2137 589 2625 1860 61 2089 638 150 1561 2421 561 1317 2061 2817 2138 1650 545 568 827 2068 174 2045 1064 1674 1448 662 2327 888 2948 2162 506 623 774 2564 614 2006 2274 2123 2388 2114
Route 48 : 580 1234 1446 1368 438 401 1938 2946 1112 2734 1901 2080 1111 2868 969 2612 1416 1391 997 510 2469 322 2891 2611 2010 2916 2497 1822 70 975 821 1570 2475 1471 2321 1147 2971 242 1210 1742 2710 2647
Route 49 : 1126 523 914 1177 906 2677 2626 184 2023 1400 1100 1229 2414 2406 1473 557 2600 2973 2900 2057 1684 2729 95 309 863 908 706 1809 2363 1595 2206 1456 303 812 676 1803 434 2956 2408 2312 2176 1934 1084 862 2362 2584
Route 50 : 923 1097 49 1384 1447 74 2884 2597 1549 2423 2947 1236 2736 943 1574 1305 1155 2443 2655 2805 389 537 1066 1889 996 764 2496 467 2037 2264 2566 9 1141 2641 1967 1509
Route 51 : 553 221 847 1145 1196 2347 615 1721 2696 2645 1270 2053 766 2770 2266 203 1213 2115 2713 1258 1703 723 147 2758 185 2223 1647 976 830 2476 2330 472 776 1062 1685 1972 2276 2562
Route 52 : 231 622 199 313 448 1731 1699 2122 1948 1339 1813 630 2839 2130 1298 689 403 2798 2189 1063 412 1903 2563 250 164 1912 687 1750 543 2187 253 1664 2043 1753
Route 53 : 1321 669 714 1467 2821 654 137 587 2169 118 2154 1014 2967 2514 1364 750 1637 2087 1483 2214 100 2864 2250 1618 2983 230 1600 297 1797 1050 1730 878 1118 271 798 2550 2378 2618 818 1077 1771 584 409 2318 1909 2084 2298 2577
Route 54 : 649 1151 1337 898 2149 121 1621 1262 2762 1027 1325 2651 2398 175 896 2527 2837 2825 502 2002 1290 866 2790 775 2366 1675 2396 1223 796 2723 54 2275 60 882 1554 1041 2296 2382 1560 2541
Route 55 : 591 1492 1351 215 1715 2091 2992 125 2851 680 1625 755 848 339 1460 1839 2348 2180 799 2960 1334 856 122 991 2491 2299 2255 2834 1622 2356 1123 1185 1311 1289 338 2685 2623 1838 2811 2789
Route 56 : 1482 186 162 698 570 2070 1192 2692 883 2198 1103 1686 2383 2982 1662 2603 617 564 1082 2064 2582 13 1005 127 2117 518 1627 1513 2018 2505 1261 391 24 1891 1218 2761 1524 2718
Route 57 : 124 670 1104 4 1624 1119 1312 437 2604 2619 1937 256 2812 1181 1504 2170 1225 486 600 2725 693 2681 2100 429 1235 1986 1756 1199 1929 2193 730 325 480 2735 953 1825 1079 2699 208 1980 2230 2579 2453 217 1708 1717
Route 58 : 2 286 156 956 575 1786 544 605 1656 1301 2105 665 2165 2075 1267 2044 1502 2456 2801 1426 1187 2926 721 343 2767 1843 1166 2687 747 2221 2666 2247 867 2367
Route 59 : 1113 1116 1470 1073 1009 2573 2970 2613 2509 599 220 2616 1186 849 2686 892 2099 1720 1052 1315 2392 2349 2552 327 283 985 1783 1402 2815 1827 919 2485 1110 92 772 1457 2419 2902 2957 2610 974 2272 1592 2474
Route 60 : 358 1012 219 204 2512 1704 1719 1255 1858 2755 1074 1284 1382 532 739 2032 2784 2574 138 2882 269 2239 1428 497 639 1997 729 1769 2139 2928 45 781 753 1638 2229 1121 2281 1545 2253 995 885 861 2385 2621 1377 2495 2361 2877
Route 61 : 1080 415 1381 879 686 2580 1915 1102 720 2186 1308 2379 2602 2220 2881 20 1520 951 987 2808 243 2487 2451 1743 508 1318 371 2008 972 1016 2818 1053 2472 1871 32 2553 1092 255 2592 1532 2516 1755
Route 62 : 760 381 531 858 691 96 2260 259 2031 1759 1881 2191 756 1197 414 366 2358 1866 1596 2256 2697 1914 285 538 387 825 1785 2038 1887 42 2325 380 1418 850 1542 2918 475 2350 1975 1880
Route 63 : 155 396 828 1655 2328 115 14 443 1896 959 1615 527 1256 2027 1514 1943 741 2756 2459 2241 1154 666 824 2166 1209 2654 2324 846 1390 2709 1139 1254 582 1276 2754 2890 2776 2346 2082 2639
Route 64 : 707 880 715 51 372 28 2215 1872 1551 1412 1188 1528 1279 2380 1359 2779 2912 2207 2688 1455 574 1387 2955 2859 2074 2887 323 1219 1423 1436 1309 2809 2923 1823 2719 1105 871 859 1472 2605 2359 2972 2936 2371 1338 2838
Route 65 : 194 1694 1239 659 484 2159 2739 1399 112 672 1984 826 99 2172 1612 2326 2899 1599 683 633 1039 1378 2183 2133 119 803 2539 2303 2878 1619 613 2113
Route 66 : 1265 418 108 1484 1286 529 1918 1608 754 2786 2765 2984 813 1026 2029 2254 213 2313 2526 218 1291 469 1713 367 1969 2791 505 1718 2005 1867 1001 444 1300 1049 2549 2800 1944 2501
Route 67 : 1444 1043 1193 2693 2543 2944 348 265 1133 2633 1848 1341 912 1025 2412 1430 2841 1765 1184 703 2525 324 2684 2203 2930 488 620 1824 12 2120 1512 1988 512 1424 461 1961 1032 2924 2012 2532
Route 68 : 368 187 852 1350 1868 1383 2850 282 1782 1440 779 2883 1161 2940 1687 2352 2661 2279 539 1299 592 192 2092 2799 1498 2039 234 2998 685 1692 1734 965 2185 1288 2465 2788
Route 69 : 287 1230 560 1226 1787 483 2060 471 2730 2726 1372 1438 1971 379 2872 1983 719 59 2938 1879 43 232 1543 17 2219 1517 1559 1732 1302 759 39 2259 308 2802 350 402 608 1850 1539 1902 2108 1808
Route 70 : 1179 101 619 1207 1169 2119 1601 844 2679 501 2344 1017 2669 621 2707 673 2121 2517 2001 80 1404 88 1580 2904 1345 717 1376 2217 2173 1588 2876 1056 1328 193 2845 2828 934 2556 1272 2434 274 1693 2772 1774
Route 71 : 894 1268 2768 1048 1435 947 278 1044 2544 2394 2548 1778 337 2935 2447 161 470 1190 1837 1661 1107 167 797 1970 1296 2690 2297 2607 905 1128 23 2796 768 1667 2405 1523 2628 2268
Route 72 : 1331 642 27 328 809 2831 2142 1373 1828 586 1137 701 1527 1114 2309 2201 2086 2637 2873 1095 519 110 1035 2614 1406 2019 430 2595 2535 2906 1930 1610 1271 317 1282 248 1748 1817 2782 2771
Route 73 : 189 1189 1689 1142 2689 2642 832 1156 2332 843 535 1138 2638 210 2656 2343 1465 473 2035 257 1973 1710 2965 1757
Route 74 : 548 365 794 1480 998 1865 1495 877 2048 823 2980 7 1507 2294 2995 2498 2377 2323 931 1007 907 657 2431 834 2507 1417 509 2407 2157 2334 2009 2917
Route 75 : 1203 1285 374 268 783 1768 1874 1157 1040 2283 2703 2657 166 2785 961 1330 1068 2540 1666 370 2461 1870 722 2222 2830 2568 810 728 1006 2310 2228 2506
Route 76 : 398 930 460 172 450 1419 1898 1960 612 1143 1672 1950 1481 2981 1287 569 2112 2430 2919 647 1070 2069 2643 829 1200 2787 735 2147 2329 1488 2570 1086 2700 2988 571 604 2586 2235 2071 2104
Route 77 : 688 1344 2188 2844 1162 2662 1352 876 1342 38 2376 2842 405 1538 2852 549 962 449 1905 792 2049 1409 2909 2292 2462 200 76 1361 1949 660 1700 1576 2861 2160
Route 78 : 949 87 1587 2449 945 2445 1216 890 618 247 2716 2390 1180 2118 1747 671 1393 1332 2893 2680 2832 55 2171 1555 913 1244 290 1790 2744 2413
Route 79 : 1434 1306 2934 841 123 944 2806 1623 1355 2341 522 249 2444 2855 893 2022 441 1749 915 793 1941 2293 2415 2393 528 1194 2028 920 2694 2420
