Instance name : nyc-n1000-3
Authors       : Dmitriy Demin, Mikhail Diakov (msd@veeroute.com), Ivan Ilin, Nikita Ivanov, Viacheslav Sokolov (vs@veeroute.com) et al. VRt Global (https://veeroute.com/)
Date          : 2023-07-09
Reference     : veeroute.com
Solution
Route 1 : 379 289 122 157 879 622 120 789 657 170 164 165 620 343 665 89 670 589 843 88 664 588 279 779 263 147 480 763 980 647
Route 2 : 167 173 249 357 68 857 749 125 673 667 41 568 541 625 365 865 130 494 630 178 348 994 334 256 678 848 425 834 756 925
Route 3 : 192 295 273 795 91 773 58 227 692 591 350 558 727 850 11 451 337 511 951 439 837 491 991 78 939 183 490 431 495 990 320 931 683 578 820 995
Route 4 : 117 481 200 617 981 18 389 518 889 476 700 483 99 404 599 983 73 482 38 904 61 982 976 219 573 110 538 610 561 719
Route 5 : 469 314 814 969 396 141 135 641 374 635 366 457 896 874 364 475 957 866 864 975
Route 6 : 311 213 382 713 811 340 882 231 840 731 464 964 398 330 485 111 985 830 898 278 215 611 778 715 310 8 810 508
Route 7 : 298 82 467 281 412 582 967 798 27 527 912 781 70 339 570 839 51 234 551 4 734 77 458 577 81 504 132 958 391 581 367 891 632 867
Route 8 : 166 361 666 37 137 861 637 537 50 105 216 550 83 605 403 145 716 583 903 645
Route 9 : 153 235 317 735 653 817 108 608 270 244 211 34 770 280 744 534 711 386 198 780 886 342 698 28 197 842 309 139 697 40 809 528 639 540
Route 10 : 444 36 362 420 944 862 484 536 239 356 269 739 984 856 225 446 920 163 769 946 422 922 725 663 64 300 57 564 119 800 557 162 619 662
Route 11 : 92 468 60 592 968 161 124 148 560 155 381 661 65 624 881 655 565 648 341 450 103 950 316 603 841 816
Route 12 : 17 66 415 96 46 56 517 596 556 385 546 915 87 885 566 474 265 359 214 587 86 974 765 859 16 586 714 180 79 24 516 579 191 260 680 524 691 760
Route 13 : 390 416 890 916 302 497 997 271 802 230 392 771 423 100 892 730 144 98 644 286 923 169 600 598 377 669 786 877 242 477 30 742 353 977 853 530
Route 14 : 406 906 252 752 113 126 35 346 613 626 846 438 535 288 938 788 499 10 62 440 233 510 562 240 940 999 277 410 284 449 777 733 740 949 784 910
Route 15 : 176 472 441 376 941 876 676 972 352 852 413 443 199 943 913 247 699 747 248 195 138 349 748 207 849 695 638 707
Route 16 : 283 500 236 193 1000 74 693 783 375 736 574 408 875 435 253 908 935 447 363 39 221 539 753 863 947 218 7 721 296 718 507 796
Route 17 : 84 196 326 584 33 696 26 533 826 461 526 1 290 6 961 501 790 473 506 380 973 319 880 134 448 188 819 948 634 688
Route 18 : 238 250 455 31 955 738 338 347 750 838 55 847 251 531 20 555 751 520 407 181 907 437 419 492 919 681 992 937
Route 19 : 13 488 133 369 69 869 513 988 569 633 258 758 325 272 255 487 755 772 825 97 987 2 94 594 597 502 229 498 402 430 729 998 257 902 930 757 205 75 54 121 705 554 575 621
Route 20 : 43 291 543 791 107 324 607 315 824 393 815 486 893 986 123 208 177 129 462 677 623 962 405 629 708 201 222 905 232 701 45 545 722 732
Route 21 : 417 136 150 917 636 312 650 812 351 203 851 217 703 220 717 426 720 189 926 262 463 762 445 963 689 945
Route 22 : 158 190 388 355 297 888 797 63 690 658 855 151 184 563 294 212 794 684 712 651 285 187 354 687 785 854 264 432 418 764 44 544 932 918 116 409 496 616 909 127 452 627 952 996
Route 23 : 387 71 344 335 887 29 571 282 321 844 835 782 529 15 821 210 399 515 899 710 345 3 371 871 845 503
Route 24 : 303 112 803 331 831 102 612 401 602 332 901 832 328 185 305 828 171 245 454 685 52 671 805 954 552 745
Route 25 : 459 186 466 411 959 966 76 911 686 424 266 766 470 576 970 924 80 53 434 471 47 580 553 49 971 934 549 547 5 254 505 754
Route 26 : 333 378 833 878 383 883 276 175 106 675 428 606 776 101 436 323 95 358 601 823 928 595 936 858
Route 27 : 329 299 204 182 109 259 682 609 829 704 799 759 427 372 927 872 128 306 628 267 118 806 313 14 767 160 618 115 85 660 514 813 615 585
Route 28 : 429 456 293 394 72 336 894 793 90 929 572 956 836 590 146 159 659 318 646 32 818 442 414 308 532 808 942 914
Route 29 : 93 59 593 179 287 679 373 395 559 301 237 873 895 787 801 737 194 327 261 241 827 694 761 149 168 741 292 649 142 156 668 268 792 642 768 656
Route 30 : 370 400 489 900 870 246 746 368 989 67 143 567 360 860 643 868 152 322 460 274 652 25 960 304 453 822 774 953 525 804
Route 31 : 243 114 206 479 307 706 743 807 224 131 614 19 724 979 631 172 209 519 709 478 174 228 978 672 728 674 154 12 465 512 23 965 654 523
Route 32 : 21 22 42 421 522 202 521 433 542 702 921 140 226 640 493 223 726 933 723 48 993 104 397 604 897 548 275 384 9 775 884 509