Instance name : nyc-n2000-3
Authors       : Dmitriy Demin, Mikhail Diakov (msd@veeroute.com), Ivan Ilin, Nikita Ivanov, Viacheslav Sokolov (vs@veeroute.com) et al. VRt Global (https://veeroute.com/)
Date          : 2023-04-24
Reference     : veeroute.com
Solution
Route 1 : 540 214 55 1540 118 277 1277 1055 581 1214 178 1118 337 979 1581 441 1178 210 770 1979 1210 83 754 1083 1770 1441 1754 1337 823 390 509 1390 993 1823 1509 606 251 1993 1606 38 786 631 623 1623 961 1251 1038 1786 657 147 203 1631 1961 219 1147 1657 80 930 1203 216 635 1219 1080 1930 294 1216 1635 1294
Route 2 : 1 954 27 956 1027 1001 1956 54 636 1954 1636 263 1054 499 1499 884 1263 97 972 897 1884 641 1641 1972 936 1897 1097 888 460 388 1388 950 1936 1888 1950 962 697 1460 360 1360 1962 189 115 116 1697 241 1115 232 1241 1232 739 1116 740 1189 49 1049 1739 1740
Route 3 : 937 129 318 1129 182 861 1182 28 1318 15 609 1015 515 958 1609 404 1958 1028 1937 71 707 191 1861 1515 474 526 1707 723 1071 1474 1526 127 274 1404 585 1274 1191 1723 510 1585 931 702 75 1702 1127 431 1075 1510 1931 113 793 615 1793 616 381 1615 1113 1431 945 1381 646 1616 359 181 300 1646 1945 1181 1359 1300
Route 4 : 550 378 1550 259 980 33 1378 471 1980 1259 759 903 32 1033 1471 1759 422 1032 301 1903 29 788 1422 591 925 1788 1925 1029 175 904 1591 516 563 1563 65 1516 1065 1904 1175 1301 419 455 1419 1455 494 984 347 889 1347 101 1494 1984 730 143 1889 1730 530 283 677 202 1283 1202 922 1143 1922 1101 513 146 1513 1677 1530 1146
Route 5 : 130 566 716 356 574 651 1566 701 1651 90 1574 1716 1701 683 1090 829 358 1356 1683 1130 1358 944 1829 198 1944 828 395 885 47 1198 306 88 1047 1885 1395 1828 179 939 1939 1179 413 1088 449 240 1413 690 883 1306 1240 275 1449 1690 420 995 541 237 1883 234 1275 920 1420 1995 299 1920 1234 1541 284 732 1299 943 1284 1732 662 1662 790 1237 1943 1790
Route 6 : 327 811 724 1724 906 1811 261 736 1327 835 877 196 1736 209 1261 7 1209 1877 1906 586 372 1007 1835 814 711 693 1586 222 1814 604 1693 321 1196 1604 1321 14 281 1222 990 1014 1372 96 1281 1711 1990 384 43 171 1096 154 886 1171 1384 577 1154 1886 355 342 670 1577 817 1670 1342 126 1817 1126 1355 1043
Route 7 : 117 728 326 405 994 525 1326 1405 1117 380 121 929 1728 1121 1525 1994 66 1929 81 792 1066 72 1380 578 1072 478 1792 1081 708 333 1478 900 1900 836 1708 229 1333 1578 1836 94 818 489 1818 423 1229 345 1489 1094 815 228 1423 1228 1815 1345 204 110 414 725 794 1110 1794 394 579 1725 1204 461 1414 611 136 1394 1611 1136 1579 1461
Route 8 : 927 463 399 484 317 1484 1927 797 149 1399 1463 871 928 1797 1928 439 1439 735 1149 1871 482 4 13 1013 756 1735 1317 665 1004 1756 562 776 1482 194 661 913 1562 568 1776 1568 1665 1913 1194 1661 935 1935 976 854 350 1854 1350 497 302 1976 1497 1302
Route 9 : 522 361 433 1522 688 177 1361 74 849 1688 517 1177 247 504 1074 602 1433 1517 1849 1602 39 1247 1504 364 443 1039 600 1364 1443 1600 537 1537 643 673 427 307 257 1673 843 569 1257 353 1643 1427 1307 912 102 67 1843 1353 1912 70 853 1569 268 1853 1102 62 1067 1070 1268 1062
Route 10 : 346 674 1346 511 869 755 456 453 1511 1453 1456 1869 1674 1755 383 1383 386 987 56 580 924 1386 377 1987 1056 166 1924 1580 553 538 1553 1538 1166 1377 134 767 914 402 685 1685 1402 1914 806 1806 289 1767 705 1705 1289 1134
Route 11 : 527 367 58 846 315 1058 1367 1315 714 802 1527 1846 457 187 1714 23 477 1023 1457 37 1037 466 652 1477 543 1187 1802 340 1340 1652 22 1466 747 1543 681 1022 712 905 1747 1681 3 1712 1905 1003 167 613 841 963 548 1841 1167 1613 69 291 1963 1291 1548 285 151 868 40 1069 416 1151 1868 1040 1285 176 1176 1416
Route 12 : 114 791 1791 45 163 1163 907 689 561 1907 1561 1045 1114 1689 827 582 534 1534 1582 760 955 1955 1827 1760 892 111 1111 551 411 1892 1551 1411 481 771 977 986 805 1986 1771 605 1805 842 1481 138 1605 64 180 374 1977 1138 491 1180 451 1064 1374 1842 1451 1491
Route 13 : 594 501 148 893 528 165 1893 1594 1501 941 1148 717 1528 649 1165 1941 1717 1649 837 932 354 1837 412 1932 1412 1354 573 226 262 1226 833 1573 1262 618 947 1618 1947 288 870 552 1288 445 1833 1552 1870 1445
Route 14 : 351 465 855 1465 696 12 663 1696 1012 393 48 1855 391 667 1663 921 1351 1391 1921 1048 639 122 1393 710 1667 1639 1710 1122 444 758 1758 857 1444 1857 150 475 687 918 1918 5 1150 813 1687 1475 1813 1005 506 542 911 1911 170 269 669 1506 1542 821 1170 325 1821 1669 1269 1325
Route 15 : 366 295 184 603 1295 1603 1366 1184 824 139 960 775 87 168 1139 966 1960 503 1087 917 1824 520 1917 1775 778 895 1168 1503 1895 1520 1778 959 208 1966 1208 1959 227 782 99 296 777 1227 856 686 1296 1777 292 1782 428 1428 1292 1099 1856 1686 668 89 532 1089 468 446 1468 1532 276 1668 1446 659 472 195 1195 1659 1276 1472
Route 16 : 349 744 1744 749 387 1349 1387 500 898 610 1749 250 1610 278 1250 1898 737 1500 24 1737 190 485 1024 715 560 698 1715 1485 1698 607 1560 1190 1278 406 838 1406 656 851 1838 1607 197 53 1851 572 1656 570 1053 844 1572 41 1197 169 254 1570 1254 1041 1844 780 608 1169 1608 1780
Route 17 : 442 25 297 533 694 1533 401 1297 1442 252 1252 1025 975 396 1694 137 131 544 1401 1396 721 1975 496 881 1131 1137 35 1881 334 426 1721 1496 1426 1544 1334 57 601 440 1035 1440 926 1601 622 1057 490 308 1926 1308 430 816 1430 1816 866 876 141 1622 1876 1141 1866 311 86 640 103 1490 328 583 1103 1640 1086 253 1311 1328 1583 59 238 1238 1253 1059
Route 18 : 316 567 880 997 324 282 1997 1324 1880 1567 1282 479 1479 1316 371 597 249 161 236 1597 1249 78 1371 1236 153 1161 800 1153 60 1078 1060 1800 188 638 873 996 1873 1188 1638 1996 974 52 370 809 424 1052 908 1370 128 273 1908 1974 1273 1128 162 1424 519 1162 1809 660 421 199 1519 645 1421 1645 752 1199 1660 1752
Route 19 : 230 633 933 810 949 1230 627 1633 341 1810 157 1627 634 1341 564 1933 1564 1949 91 991 619 470 1634 1991 531 1470 644 1619 1091 382 244 1157 1382 1244 239 1644 16 830 719 1531 152 1239 757 1719 1152 476 1830 492 614 400 1016 365 1365 1614 588 1492 1757 1588 1476 92 1400 524 483 480 174 1483 753 1174 812 1753 1092 699 1480 1699 1524 1812
Route 20 : 119 647 894 298 125 1894 620 1119 807 124 1807 1124 1647 1125 1620 1298 502 1502 486 264 363 498 1486 1264 1363 123 1498 438 338 1123 1438 733 985 1338 1733 938 1938 410 1985 845 1410 1845 415 1415 19 310 796 51 1051 1019 293 1293 1310 1796 437 109 1437 1109
Route 21 : 559 891 462 546 512 773 1546 988 1462 8 1773 916 1988 1512 1559 852 1891 323 329 518 1916 231 1518 1323 1852 1008 882 808 1329 1231 953 1882 952 1808 1952 258 545 1545 1953 1258 44 590 403 1044 1590 1403 21 279 1021 1279 982 418 10 223 1010 260 1982 93 1418 1223 76 164 970 1076 1260 764 558 1970 1558 547 1164 1547 1764 1093
Route 22 : 571 676 666 678 1666 1676 761 286 1571 709 536 1709 768 1768 1536 1678 1286 112 68 1761 781 256 1256 1781 448 951 626 1112 1626 1068 556 1556 742 901 745 1448 1951 795 319 1742 1795 1901 703 978 909 1745 1703 1319 598 1909 458 379 357 30 1598 1379 992 1030 1978 1992 1458 1357
Route 23 : 713 224 79 156 245 1224 1079 1713 1245 679 26 1156 290 1026 1290 211 1679 1211 50 368 104 858 1368 785 1104 1858 1050 671 695 1671 1785 863 875 554 1695 215 1554 1875 1863 107 529 1215 946 1529 1946 642 1642 242 1242 798 787 144 1107 834 1787 1834 344 599 825 1599 1825 330 1330 1344 549 1144 1549 1798
Route 24 : 220 1220 864 878 774 192 265 1774 507 375 1375 1878 1864 108 1108 1192 120 1265 1507 1120 467 1467 592 186 750 1592 312 36 1186 637 1036 706 1750 1312 447 369 1447 630 934 1934 1706 1637 1369 1630 495 343 1495 207 1207 832 983 514 1832 1983 233 1514 1233 1343 971 1971 899 1899
Route 25 : 539 303 77 704 429 887 1303 1704 1429 217 1887 632 270 155 1077 1270 1155 1539 1217 82 1082 1632 584 206 320 1584 850 1320 280 1206 9 1850 1280 692 11 910 738 1692 1009 1011 133 1910 145 95 1145 1738 1133 183 287 1095 84 1183 1287 1084 589 1589 653 555 409 397 1653 459 1555 271 1459 332 1397 1409 1332 1271
Route 26 : 729 505 826 1729 17 1505 1826 964 967 1017 1967 1964 313 700 1700 185 682 1313 1682 998 1998 1185 957 896 969 331 1896 18 1957 1018 1331 452 848 968 1969 734 392 1848 1968 1734 675 691 1675 769 1769 173 1691 1392 1452 879 376 1879 557 1173 73 1376 1557 473 1073 1473
Route 27 : 142 989 1989 1142 267 450 34 488 159 1267 1488 654 200 1450 940 1654 1159 1940 1034 1200 140 860 576 628 1860 819 862 1576 105 1140 432 1819 1862 1432 1628 650 1105 919 1919 1650
Route 28 : 565 999 801 61 779 1801 1999 1061 1565 1779 243 1243 672 425 434 751 765 1765 1434 741 339 1425 1751 493 680 865 1680 1493 1741 1339 1672 596 1865 655 859 648 1596 1648 1859 1655 398 266 772 726 1266 1726 6 1398 1772 135 1006 1135
Route 29 : 658 417 612 1658 890 867 981 1417 1612 31 160 1981 1000 1890 1031 1160 2000 132 212 435 915 1915 1132 748 1748 1212 1435 1867 362 248 407 1362 923 1407 1923 625 1625 1248
Route 30 : 385 20 942 839 1385 1839 621 804 1942 722 1621 521 1020 1521 322 720 1722 1322 1720 1804 593 172 106 454 1593 820 1454 762 1820 948 1172 872 1872 1106 973 1762 255 218 1948 309 1973 1255 1218 1309 100 684 624 763 799 1684 1100 535 1624 1799 1763 746 1535 1746
Route 31 : 523 847 98 436 314 1436 1098 789 213 63 1847 1063 1314 201 389 1523 1213 587 1389 304 1304 629 1789 1587 305 1201 373 1629 1305 575 508 1508 352 1352 225 1373 803 1575 1225 822 743 1822 731 1803 1743 42 1042 718 1731 1718
Route 32 : 464 46 840 1046 1464 336 335 408 2 1408 1335 1336 1840 1002 158 272 487 469 1158 664 1272 874 1469 235 595 1595 831 1874 766 1664 727 1487 1235 1766 1727 1831 221 246 193 965 85 1193 1085 348 902 1965 617 1617 1902 205 1221 1348 1246 1205 784 783 1784 1783