Instance name:	nyc-n600-1
Authors:		Carlo Sartori and Luciana Buriol
Date:			2019-2-11
Reference:		A matheuristic approach to the PDPTW (to be submitted)
Solution
Route 1 : 136 436 90 390 25 242 542 325
Route 2 : 80 259 200 202 502 559 500 380 100 98 398 214 400 189 154 454 514 489 252 49 104 177 349 158 3 404 477 458 552 303
Route 3 : 245 172 199 119 264 419 545 472 105 499 156 405 564 56 456 356 251 233 173 164 551 128 52 2 473 464 352 533 302 428
Route 4 : 192 9 13 191 491 309 268 492 568 313 147 46 261 41 346 196 447 496 29 341 561 194 329 61 43 54 494 257 557 343 354 361
Route 5 : 131 139 273 151 240 439 573 431 540 451 182 223 113 221 38 523 413 482 338 78 246 97 521 397 378 546 228 7 216 516 307 528
Route 6 : 275 575 178 478 132 140 67 367 432 440 53 115 114 14 159 353 414 314 106 85 415 459 385 69 406 369
Route 7 : 6 75 163 375 306 149 110 463 449 50 276 410 576 152 350 211 18 511 45 318 452 345
Route 8 : 279 161 63 59 579 363 359 108 461 234 12 534 408 267 312 567 237 269 76 266 537 569 249 22 23 376 566 549 323 322
Route 9 : 248 187 24 126 548 487 426 10 324 235 95 281 535 310 395 138 581 265 129 33 166 333 565 429 438 466
Route 10 : 1 282 207 272 280 146 507 572 301 580 582 446 197 497 120 243 135 127 543 435 48 420 427 4 256 348 304 556
Route 11 : 91 102 283 402 391 583 121 8 421 205 40 231 505 36 340 531 336 308 247 203 503 547 17 317
Route 12 : 169 227 469 208 165 170 270 527 470 74 508 570 465 374 209 101 88 150 288 388 134 401 204 509 230 588 213 450 504 513 530 434
Route 13 : 254 111 188 411 220 124 554 488 179 290 424 520 133 590 103 479 433 286 37 403 15 315 337 586
Route 14 : 125 186 123 292 212 184 512 484 592 425 423 486 190 490 57 217 289 357 176 517 47 476 589 347
Route 15 : 244 141 210 162 544 441 167 130 201 462 510 430 137 501 437 467 145 263 445 180 271 563 219 44 571 285 293 480 344 142 287 585 519 593 239 93 587 393 539 442
Route 16 : 238 86 39 21 35 339 538 321 386 58 358 226 258 168 11 335 311 526 468 558 295 5 70 79 284 595 379 370 305 584
Route 17 : 62 215 144 16 291 83 444 591 153 362 515 316 383 453 277 183 174 483 253 206 148 577 255 474 506 553 181 195 555 481 19 448 495 71 193 224 250 319 493 296 371 550 596 524
Route 18 : 27 155 28 455 72 218 327 328 518 372 30 109 330 107 116 407 51 409 416 351 55 297 185 597 42 342 355 485
Route 19 : 65 84 365 60 384 34 334 360 241 31 298 541 598 171 331 20 118 320 418 471 274 574
Route 20 : 222 112 99 225 525 522 399 236 412 81 82 536 299 381 382 599 73 198 373 87 32 260 96 332 498 560 396 387
Route 21 : 64 160 66 92 364 262 460 366 392 175 26 89 562 278 326 389 475 143 578 229 232 117 529 122 417 422 443 532 157 294 457 94 68 300 594 394 600 77 377 368
