Instance name : nyc-n1000-1
Authors : Simen T. Vadseth, Henrik Andersson, Jean-Francois Cordeau and Magnus Stålhane
Date : 10.07.2023
Reference : TBA
Solution
Route	1 :  363 863 68 568 102 602 190 105 29 690 135 224 605 529 724 635 414 474 310 810 914 974
Route	2 :  99 212 78 273 578 73 712 599 23 123 69 773 573 623 569 523 249 368 749 868 365 52 222 865 11 722 511 552 108 608
Route	3 :  378 226 263 24 763 524 878 726 231 731 319 819 305 242 308 110 805 808 610 742 26 318 300 296 818 800 796 526
Route	4 :  288 56 419 919 41 788 556 462 447 38 400 962 431 947 538 900 107 303 541 338 203 196 803 84 838 139 639 696 703 931 584 119 448 323 823 295 607 361 948 619 795 861 200 493 700 993
Route	5 :  449 372 40 289 207 872 362 949 540 257 320 98 862 707 820 60 757 154 789 334 598 483 654 560 83 834 321 983 191 821 691 583 434 79 275 479 579 284 979 775 5 784 934 505
Route	6 :  204 467 183 89 967 116 589 213 683 395 74 704 388 2 713 616 502 895 63 114 103 574 603 481 981 614 563 255 169 888 755 411 407 278 148 150 911 6 648 128 506 240 669 628 186 907 778 740 650 686
Route	7 :  261 359 245 486 859 986 497 343 761 460 997 268 144 960 122 768 427 745 927 622 843 644
Route	8 :  404 353 366 47 357 317 547 347 904 866 482 335 857 25 982 218 847 835 525 817 853 13 176 718 287 513 499 676 18 10 510 999 787 518 428 167 408 667 7 908 399 928 92 250 507 216 592 899 716 750
Route	9 :  416 307 118 489 618 386 916 807 95 72 304 989 572 886 595 804 446 247 471 243 206 971 346 743 166 747 666 134 946 31 706 80 265 531 765 634 194 694 846 580
Route	10 :  37 256 312 451 440 756 322 812 822 537 225 232 940 262 223 297 723 96 725 732 165 762 32 951 276 596 797 665 373 873 358 430 776 330 532 70 570 184 930 106 830 606 76 858 684 576
Route	11 :  3 171 392 20 892 443 671 9 432 66 943 503 566 153 161 520 932 228 661 509 653 728 17 315 815 517
Route	12 :  333 485 985 833 374 286 50 786 274 774 439 151 874 550 71 1 501 219 939 651 351 719 571 349 266 456 766 477 851 849 129 956 977 629
Route	13 :  138 444 59 473 21 521 638 973 944 559 172 476 976 244 43 367 326 277 867 672 421 744 543 282 826 459 281 777 436 209 782 936 921 781 709 424 170 959 214 924 714 369 364 670 869 864
Route	14 :  389 251 398 133 314 633 898 500 230 387 889 450 950 814 258 478 887 254 978 758 751 1000 121 730 621 173 299 754 673 406 130 87 290 339 790 630 201 587 906 839 701 799
Route	15 :  412 328 145 480 912 828 645 980 484 42 984 248 748 542 132 491 454 420 164 177 991 632 920 93 210 292 954 393 893 593 664 75 677 350 792 710 202 702 850 575
Route	16 :  381 208 127 97 597 881 149 627 409 909 220 217 143 720 344 708 643 649 717 15 390 44 309 544 809 844 260 515 495 890 995 760 91 465 227 193 693 403 727 903 965 591
Route	17 :  271 192 375 81 125 692 492 875 625 771 27 195 695 179 77 12 581 466 966 441 679 527 992 457 160 426 660 512 941 487 577 926 957 22 522 987
Route	18 :  356 253 856 753 189 126 626 360 689 402 185 452 272 341 860 772 685 902 259 841 418 352 267 759 918 952 852 767 239 435 739 162 394 182 894 935 662 682
Route	19 :  55 109 377 112 609 555 396 61 233 612 877 488 433 733 896 561 140 371 496 871 988 996 640 933 215 236 4 147 504 736 647 715
Route	20 :  45 354 101 28 39 355 601 539 854 528 855 124 545 423 205 410 923 705 429 178 155 180 678 910 655 624 280 279 51 929 415 551 780 915 680 779
Route	21 :  437 53 285 221 168 785 937 721 668 553 401 901 291 791 445 311 945 811 324 824 337 175 46 413 54 675 348 554 188 837 913 382 120 882 546 848 688 620
Route	22 :  163 211 136 306 442 711 663 16 942 516 806 636 159 458 229 470 198 970 698 958 659 115 88 246 729 472 615 425 746 241 972 588 104 741 269 925 769 604
Route	23 :  490 293 301 397 158 34 897 181 658 111 611 990 380 534 463 85 963 793 801 880 681 438 313 327 379 585 827 455 938 955 813 879
Route	24 :  264 146 376 876 235 764 383 646 238 237 737 883 738 137 302 802 100 637 600 735 234 405 14 197 905 453 697 734 514 953
Route	25 :  8 316 336 384 508 836 90 468 113 816 82 582 270 770 968 494 590 613 884 370 65 565 156 994 656 19 332 48 417 174 519 917 548 674 870 832
Route	26 :  131 117 67 391 340 94 567 422 631 35 840 922 891 30 594 64 187 617 530 564 157 469 687 535 331 498 657 831 329 969 998 461 58 475 325 961 86 558 825 829 975 586
Route	27 :  142 152 141 642 62 641 562 652 294 385 57 794 33 557 885 533 464 49 345 845 549 964 36 252 342 199 699 842 298 752 283 783 798 536
