Instance name : nyc-n600-4
Authors       : Isaiah Reimer (isaiah.reimer@rideco.com). RideCo (rideco.com)
Date          : 2023-04-05
Reference     : Rideco PDPTW Solver
Solution
Route 1 : 297 20 17 597 202 14 502 320 317 23 270 232 323 125 41 314 425 240 341 570 287 106 406 540 587 532 163 161 207 260 560 246 206 8 461 506 53 308 156 463 90 390 456 353 507 546 137 146 55 77 66 123 366 248 446 423 355 164 437 257 26 326 223 377 464 523 557 548 28 328
Route 2 : 264 280 234 160 67 580 564 222 174 39 522 167 367 467 534 209 37 474 460 509 339 19 45 10 100 337 44 400 319 345 211 310 344 272 173 511 79 379 473 110 410 94 196 572 496 273 239 249 103 394 403 115 549 229 415 573 107 539 63 407 300 169 363 600 529 294 82 40 469 382 295 340 73 114 594 595 373 414
Route 3 : 281 162 581 144 462 289 285 254 288 444 147 33 589 554 91 588 585 447 391 50 350 180 284 57 35 333 267 276 480 357 31 567 233 87 584 148 331 387 170 448 576 470 533 228 29 335 528 126 151 329 197 120 22 322 101 451 12 420 401 182 426 482 312 176 274 476 497 265 574 2 565 302
Route 4 : 65 105 25 235 405 193 535 493 325 365 95 221 188 252 38 179 338 488 172 521 395 27 479 30 552 330 472 214 108 327 118 215 408 515 418 58 514 184 96 484 46 271 358 571 113 396 346 413 255 245 116 70 416 555 370 545
Route 5 : 268 117 56 568 356 417 141 21 181 321 441 481 250 286 296 586 189 550 178 596 489 142 203 122 503 16 165 465 69 442 478 158 112 316 143 422 191 412 369 443 491 458 51 15 261 61 351 258 315 558 149 361 561 449
Route 6 : 183 99 168 299 60 253 399 599 13 360 468 11 553 42 311 313 201 195 47 483 192 342 492 121 262 495 562 347 52 501 131 136 436 421 431 352 75 72 84 375 213 6 372 384 18 306 318 513 124 153 204 216 247 547 516 504 217 424 49 517 199 5 453 83 349 305 383 187 62 81 499 145 487 381 362 445 97 86 386 397
Route 7 : 3 237 200 238 98 303 537 171 263 88 398 242 538 127 471 388 500 563 542 269 68 231 531 132 569 427 80 368 129 210 380 186 432 510 429 486 34 230 225 334 32 111 530 290 411 93 71 59 332 590 48 393 525 78 348 24 4 359 76 64 304 324 364 378 185 376 485 371
Route 8 : 133 433 218 256 102 402 556 219 155 518 205 455 208 104 159 519 508 194 404 459 198 220 505 74 92 277 392 520 494 498 374 139 1 577 36 7 54 307 354 439 89 175 336 475 259 135 389 301 279 152 138 177 438 559 477 226 452 282 526 119 582 579 140 419 435 440
Route 9 : 243 134 291 266 293 434 9 591 543 566 244 593 43 236 309 536 109 283 544 583 343 166 466 409 150 292 128 85 428 298 385 227 278 598 275 592 251 527 450 551 241 224 575 154 578 541 524 130 190 212 454 430 157 490 457 512
