Instance name : nyc-n2000-2
Authors       : BIG3 - Dmitriy Yampolskiy, Egor Nikolaev and Daria Savina. Smart Logistics Point by the BigThree team (big3.ru).
Date          : 2025-04-22
Reference     : BigThree team (big3.ru)
Solution
Route 1 : 701 739 886 851 331 1739 1701 214 1886 1214 1851 1331 923 954 153 877 1923 478 427 692 1954 1153 3 1478 1427 177 1692 318 351 1177 1877 1351 1003 87 1087 1318 388 1388
Route 2 : 971 976 755 785 1755 228 1971 997 1976 1785 31 262 111 401 1997 1228 1401 1031 166 1111 518 1262 308 822 1166 1308 45 150 1518 1822 729 1729 364 463 772 1045 1150 1364 1772 1463
Route 3 : 268 855 988 1268 1000 152 1855 2000 297 1297 564 1564 1152 711 762 1988 8 667 1711 961 1008 104 432 359 1762 984 1359 1432 1667 1961 1104 1984
Route 4 : 58 102 500 562 918 35 1918 1058 418 49 1035 940 1418 1500 1102 730 68 19 1562 1940 1730 1019 1068 450 1049 653 492 686 1492 609 1686 396 1653 96 1450 1396 586 1609 650 579 391 1391 506 1650 1506 1579 1586 1096
Route 5 : 688 842 473 452 1473 649 1452 1842 1688 290 269 201 1201 580 1580 1649 1269 128 110 1290 23 480 1110 470 1023 1480 479 1128 934 285 1934 1285 1479 1470 815 969 889 431 671 1815 1431 1969 1671 1889 476 338 1476 1338
Route 6 : 960 823 827 504 216 1823 1827 1504 1216 1960 720 341 392 533 1341 1720 1533 522 1392 1522 393 434 217 1393 893 1434 5 83 535 1217 88 817 1817 1535 756 1088 1083 1756 1893 1005
Route 7 : 69 607 783 1607 1783 1069 164 422 496 397 570 994 1164 937 1397 1994 1422 1570 230 1496 621 1621 1937 1230
Route 8 : 477 1477 588 1588 155 974 926 1155 163 273 814 1974 328 1273 1926 39 1163 857 1328 663 1814 1857 1039 973 1973 461 752 1752 1461 1663
Route 9 : 983 559 953 550 352 1953 22 894 1983 1559 1352 343 920 361 1022 1550 1894 1343 1361 1920 324 400 610 469 1324 362 1469 1610 589 1362 355 1400 618 876 1589 1876 179 1618 1355 943 77 1179 1943 631 1077 1631
Route 10 : 849 47 565 1047 247 435 801 1565 1435 1247 1849 715 780 587 1801 1715 1780 312 789 334 1789 1587 632 205 206 1334 1632 1206 1205 1312 809 844 929 768 1844 1809 1929 1768
Route 11 : 59 20 194 330 1194 838 1059 441 1330 1020 924 140 482 955 1441 1924 1838 1482 581 1955 775 139 1140 627 872 1775 1581 516 1139 1516 1627 1872 590 914 617 897 249 1590 1617 429 1897 129 1249 165 810 1129 1429 1165 1810 1914
Route 12 : 84 443 1443 706 1084 773 939 426 125 1706 1773 1125 363 1426 1363 162 174 556 1939 161 1556 1162 927 796 1174 1161 828 1927 577 566 676 557 1796 1828 1566 1557 908 731 1577 1676 367 254 350 1908 733 1350 1254 1367 1733 1731
Route 13 : 384 742 234 1384 1234 723 1742 295 204 1204 1295 442 223 1442 949 1223 1723 1949 573 199 958 1573 805 1958 375 42 1199 365 864 1864 1805 613 1042 1375 1365 1613
Route 14 : 444 465 700 839 1465 147 774 578 1700 1444 407 512 1512 1774 1578 1839 1407 322 726 218 840 1147 1322 154 1840 1726 1218 514 428 493 1514 1154 1428 946 967 558 1493 127 1558 1967 1946 1127
Route 15 : 241 536 243 601 525 1243 1601 409 1241 81 1409 629 75 1536 975 1525 323 1629 24 1075 1323 1975 386 1024 1081 474 519 1519 106 665 750 246 1386 1474 636 922 1750 1246 1665 1636 1106 1922
Route 16 : 724 738 532 625 865 1738 1865 1724 1625 1532 672 2 1672 852 1002 490 549 508 209 1209 1508 138 1549 505 1490 1852 283 749 643 1505 1283 1138 1643 1749 244 1244
Route 17 : 507 134 531 170 1531 380 280 1134 788 136 1507 546 1380 250 1170 1280 1546 1136 965 790 1788 271 1965 176 1271 1250 1790 999 135 1176 306 169 1169 60 604 1306 1604 1135 708 1060 656 925 1999 404 561 202 1708 1202 1404 1925 1561 1656
Route 18 : 884 113 680 1884 1113 13 399 1680 1399 1013 224 439 1439 168 879 746 1168 569 1224 1879 1746 65 845 1065 950 1845 1569 540 859 956 220 116 1859 1540 1956 178 1950 25 1220 1116 1025 1178
Route 19 : 455 438 887 372 464 1455 1438 1372 1464 635 1887 1635 647 89 860 751 1860 1647 41 1089 829 833 1751 813 1833 1041 1829 340 197 600 1340 898 1197 1813 1600 1898
Route 20 : 511 985 1511 366 302 800 1366 1985 1800 456 732 909 1302 681 180 1732 1456 1909 446 1180 718 1681 208 1718 1446 895 167 1208 1895 1167
Route 21 : 299 159 670 321 454 998 1159 1299 871 494 1321 856 1998 383 1871 221 1454 1856 1670 1383 1221 1494 648 373 978 238 368 284 1373 1238 1284 1978 172 1648 1368 737 1172 211 406 118 1118 488 1488 1211 1737 1406
Route 22 : 655 664 227 219 301 1655 881 1664 1219 1881 348 1301 1227 132 499 1348 1132 520 376 345 64 1499 1520 942 94 605 1376 902 1345 215 1902 1064 1942 1094 1605 1215
Route 23 : 575 734 1734 912 410 1575 137 515 1137 381 735 1735 1381 1515 1410 1912 52 329 977 1052 1977 743 1329 385 722 1743 1385 666 1666 1722
Route 24 : 4 195 213 646 907 1004 281 619 1195 325 1907 1281 1619 124 146 1213 472 1646 1146 1472 1124 1325 702 292 276 203 1276 541 1702 415 1292 1541 1203 1415
Route 25 : 320 109 346 1320 782 1782 100 745 1346 986 1109 748 1986 1745 90 1748 1100 725 313 252 156 171 1090 1252 1171 498 1725 862 714 797 1498 327 1797 1156 1313 1862 1714 1327
Route 26 : 9 289 395 846 1009 1395 1289 761 1761 1846 928 158 459 105 356 891 1158 1105 1356 1891 1928 944 1459 1944 808 382 1808 669 611 74 1669 1611 1074 1382
Route 27 : 698 130 119 190 181 1698 1130 1119 816 947 795 1190 1795 1816 1947 1181 394 483 145 248 475 257 1483 1475 1248 1257 767 1145 1394 398 1398 1767
Route 28 : 684 904 212 713 1212 526 1684 462 1904 1713 66 1526 29 981 1066 1462 98 122 1029 679 523 1981 1098 1679 906 93 1122 144 821 787 1523 1906 1144 1787 1821 1093
Route 29 : 142 697 183 779 458 628 1183 1697 740 1628 33 1458 1740 424 1779 37 319 1033 1142 1037 1424 231 1319 503 552 534 634 1552 1231 1503 1534 890 354 1634 538 572 123 1538 1123 1572 1354 1890
Route 30 : 591 896 226 38 1591 878 921 1038 1878 333 1896 1226 73 641 1333 765 837 349 1837 1921 1641 1073 1765 417 900 120 1900 1349 1417 1120 933 440 911 1440 1911 1933 314 275 1314 1275
Route 31 : 728 661 705 687 378 191 1687 1661 1728 1378 1705 337 1337 638 11 1191 1638 192 1192 1011 583 126 131 236 959 1583 582 1959 1131 1126 1582 1236
Route 32 : 551 654 766 853 1551 1654 189 1853 1766 1189 437 1437 630 272 861 436 882 1861 1272 371 1436 1882 1630 754 420 1371 1420 235 1754 539 1539 481 657 1657 1235 747 1481 563 255 1747 1255 1563
Route 33 : 753 616 668 987 1753 1987 677 1616 719 1668 804 990 964 374 1990 1804 229 1374 1719 1964 1677 585 411 1229 1411 222 315 416 175 1222 972 1585 1315 1972 1416 870 1175 770 1770 1870
Route 34 : 799 251 979 691 160 1799 316 1160 489 1691 1489 15 1316 962 1251 835 1979 1962 1835 1015 836 916 707 1916 1707 637 451 786 1637 1451 784 993 50 1836 433 1993 1050 1784 1433 1786
Route 35 : 148 335 468 919 867 1468 99 1148 449 1867 1335 317 1449 86 1317 76 1099 141 1919 1086 245 1076 497 1141 402 1245 1497 831 1402 824 43 63 1824 1831 54 1063 608 1043 1608 529 1054 509 1529 1509
Route 36 : 419 389 848 1419 716 548 544 1544 296 1389 1848 1716 1548 1296 996 149 1149 403 1996 287 1287 763 1403 370 1370 55 1763 360 612 1360 991 240 553 1991 1055 1553 1240 1612
Route 37 : 597 1597 491 1491 347 1347 193 683 425 186 883 1425 674 1674 1193 1883 1683 560 263 1186 542 901 1542 1901 1263 487 1560 1487
Route 38 : 794 620 390 709 256 966 1794 1390 1256 545 832 1620 660 277 1709 1966 1277 300 1545 1832 62 645 1660 524 758 1062 1645 695 543 1300 931 704 1543 311 1758 1704 1695 1524 1931 484 1311 12 1484 1012
Route 39 : 26 995 274 941 18 1274 307 776 1995 1018 1307 1941 108 1776 555 847 1026 1555 1108 1847 957 460 903 1957 693 1460 305 537 858 1903 107 1693 1305 1537 1107 259 1858 1259
Route 40 : 854 875 567 633 501 1854 547 1567 413 173 1547 1173 1413 1875 1633 1501 868 642 185 1868 1642 757 291 1185 1291 1757
Route 41 : 34 527 781 603 696 1603 554 873 1527 294 1696 1781 1294 1554 1034 1873 571 344 310 421 717 1571 1717 1421 1344 1310 606 888 445 1606 237 1445 1888 187 1237 1187
Route 42 : 261 28 521 938 530 1028 184 982 1261 103 1982 1521 777 1530 1184 1103 850 1938 239 117 253 1777 843 945 1239 16 1850 1945 1253 1843 210 1016 188 1188 357 1117 1210 279 1357 1279
Route 43 : 759 930 10 820 1759 1820 1930 1010 95 935 265 830 913 599 1265 1599 358 1830 1095 233 1935 1233 778 1913 78 1078 640 1778 1640 143 6 115 293 1143 1115 917 67 1006 1358 1293 1917 1067
Route 44 : 182 121 811 1811 1121 1182 17 1017 721 1721 594 1594 651 112 951 675 114 1114 1112 1651 71 1675 1951 332 27 57 1332 1027 1057 1071
Route 45 : 703 968 639 298 1298 1968 1639 1703 970 699 574 377 1377 232 1699 1232 678 1574 1970 802 510 1802 863 624 1678 1863 61 282 744 1510 1061 1282 1624 30 1744 980 466 1466 1030 1980
Route 46 : 915 40 1915 690 1040 769 869 44 710 1044 1869 1710 448 1690 1448 658 1769 486 342 819 1658 453 1486 1453 1342 1819 303 673 1673 1303
Route 47 : 841 736 457 467 1841 1736 502 495 659 82 1467 592 1502 1457 1082 267 513 793 1495 1659 1592 1513 36 1793 644 1036 1267 1644 685 932 892 1932 568 225 1568 1892 1685 598 1225 936 430 70 1598 1070 1430 1936
Route 48 : 791 56 91 899 1091 1791 1899 1056 379 1379 576 818 812 764 880 1764 1576 1812 1818 1880 694 792 910 309 1694 157 423 1792 1309 278 1910 1157 1278 1423
Route 49 : 405 266 260 270 807 948 1948 1807 242 1260 1242 689 97 992 1266 408 1992 1270 1689 1405 1097 662 834 46 1408 595 727 1595 1662 200 615 1615 1727 336 1200 1046 286 1834 1336 1286
Route 50 : 198 7 885 1198 1007 288 1885 1288 326 866 1326 471 1866 517 1517 85 614 353 92 593 1593 1085 1614 1353 1471 1092 51 989 1989 1051
Route 51 : 712 72 151 874 101 826 1712 602 1874 1151 80 1080 79 1079 1072 387 1101 1 1387 1826 1602 1001 622 339 1622 304 133 584 952 1952 1133 1584 1304 1339 682 196 803 1803 1196 963 1682 806 1963 1806
Route 52 : 771 760 447 1771 207 53 1447 1760 14 1053 1207 414 485 1414 1014 741 825 652 1741 1825 1485 258 264 626 1652 528 1264 1258 32 1626 48 798 21 1798 623 1048 596 412 1528 369 1412 1623 905 1369 1032 1905 1021 1596
