Instance Name : nyc-n5000-1
Authors       : Shobb<shobb@narod.ru>
Date          : 2023-02-19
Reference     : My solver test (SA + LNS)
Solution
Route 1 : 1943 1321 1502 633 984 3821 3484 1113 3613 4002 612 2232 2312 4812 1866 2332 3133 4443 4732 219 3112 1189 4832 2719 4366 425 1613 1705 3689 1895 4113 860 228 2295 2925 1960 4205 1136 4460 3636 2197 4395 4795 3360 289 1513 2728 1421 4013 2789 3921 4697
Route 2 : 1419 2081 938 1250 629 476 3129 2976 3750 724 4581 3919 2107 3438 1029 596 2279 3529 3096 1538 4779 4607 873 16 494 3224 46 4038 1682 2516 516 841 2546 820 3373 4182 2994 2189 3320 3341 1497 345 583 3016 4689 2119 433 2845 2933 3083 4619 3997
Route 3 : 2299 1445 1864 1275 4799 3775 4364 3945 364 1394 73 1391 3891 112 3894 2612 2573 2055 848 206 920 3420 2706 4555 489 2864 867 788 3367 1805 2989 3288 1508 3348 1410 1305 2056 3910 4008 4305 4556 1049 680 1875 3805 1888 3180 3549 4388 4375
Route 4 : 1562 2221 4062 2098 4598 442 710 1550 464 4721 1155 1198 4050 3698 3210 89 1347 2589 2964 3847 1378 3655 280 1837 2942 1728 418 3878 1481 2918 4228 2780 2114 218 4614 4337 237 2204 1849 66 3981 2171 4704 676 3176 4671 2718 2737 4349 2566
Route 5 : 408 362 1578 2908 2256 441 4078 985 53 2862 2941 1851 4756 77 378 1552 2878 2378 4052 3485 4878 2577 2553 1830 701 1681 4351 1804 4304 406 4330 4181 3201 1127 1886 998 2906 3627 165 916 4386 2396 1982 3498 1892 4482 3416 4392 4896 2665
Route 6 : 21 552 1429 666 2339 3929 3052 3166 825 4839 3325 2521 106 2059 2606 351 4559 714 969 369 952 2869 3452 3469 1249 3214 2207 392 2851 2166 2013 3749 4666 4707 1093 933 4513 2892 716 3593 2228 1617 1850 3216 968 4350 3433 4728 4117 3468
Route 7 : 2062 1743 1565 1501 4562 730 222 4243 1521 2024 2722 3230 4001 4021 1734 1133 4524 4065 4234 3633 1301 1600 928 3801 4100 1207 3428 1536 816 1439 3939 3316 3707 4036 1021 586 104 1058 2491 3086 2331 3558 3521 158 4831 4991 2658 2604
Route 8 : 1719 227 4219 2727 1639 2139 1826 2420 4920 1040 4326 4639 2359 4139 2110 173 179 2455 3540 1423 4610 2673 4955 2679 4859 799 1087 3299 3923 2143 366 19 1912 2866 1285 3587 2519 4412 2058 2493 3785 1925 1816 4993 4425 4316 4558 4643
Route 9 : 1407 2156 1861 1324 332 1251 3907 2159 4656 4361 3824 819 4659 1533 3751 1583 2832 1790 2177 1779 4290 3319 4677 4033 1185 599 4083 4279 617 240 2235 2740 1939 3117 3099 4439 86 1225 2586 2165 4735 939 3685 9 2509 3725 3439 4665
Route 10 : 826 2215 23 2409 1043 840 3326 1111 3340 2523 3611 1780 1262 4715 1072 4280 1783 275 3543 3762 3572 1102 4283 4909 3602 295 2775 2399 1721 2479 2795 4221 555 2254 1217 3055 4899 4754 4979 3717 2372 8 849 253 2753 4872 2508 3349
Route 11 : 608 1255 336 524 2048 2252 3755 3024 3108 2492 2836 4548 527 2129 1811 3027 945 4629 1097 4311 4992 4752 1995 1515 2337 4837 2490 3597 4495 1492 4015 2079 3445 1322 1557 3992 2125 3822 4990 610 1036 4579 1103 4057 3536 3110 3603 4625
Route 12 : 2323 1045 830 1362 4823 3545 3330 1598 3862 2141 4641 4098 1160 2441 1987 4941 2206 3660 4487 763 4706 1065 435 1009 2021 2935 3565 4521 3263 890 413 3509 85 2913 3390 2585 1862 643 2351 1265 1803 3143 3765 4362 4851 4303
Route 13 : 2253 654 2150 84 152 3154 1781 2584 1380 2652 4650 3880 688 4281 1622 1196 3188 1663 4122 342 2226 4163 1573 2842 4753 4726 4073 1953 800 3696 523 290 3300 3023 2790 2324 4453 2481 1079 781 70 4981 4824 3579 2570 3281
Route 14 : 2014 481 745 100 2981 2436 1641 4514 1729 3245 2600 4936 744 4141 569 428 4229 79 2190 3069 4690 1685 2579 2928 117 776 4185 3276 2617 1776 1339 1687 2307 1845 3839 4345 1683 3244 2393 4807 2428 4187 4183 4928 4893 4276
Route 15 : 942 1932 25 678 4432 2120 3442 1405 733 2525 1396 3896 3178 3905 381 3233 4620 178 1526 2881 937 1306 868 2678 2147 3806 855 3368 4647 1006 4026 3355 1299 3506 3437 63 1284 3799 1239 911 1458 2563 3958 3784 3411 3739
Route 16 : 547 1084 560 1840 1392 3060 1385 3892 3047 3584 4340 2477 1672 2468 638 4968 1651 3885 4172 1616 4977 1563 4116 97 2223 790 3138 2001 4151 4723 2387 1689 4063 4501 3290 2597 2268 1765 4265 2188 1488 4189 4768 4887 3988 4688
Route 17 : 457 327 472 2957 195 2827 1675 1050 954 2972 3454 375 3550 1874 2695 1855 1832 4175 4355 1984 2875 1969 4374 4484 4332 1863 458 1936 4469 2958 793 3293 656 2458 896 4436 4363 3156 171 1430 4958 2043 3396 2671 3930 4543
Route 18 : 196 1194 548 983 3694 1528 1819 1005 3048 3483 1748 2696 1431 3505 4319 2006 340 3931 4028 4248 4506 838 2840 1981 1444 1630 148 374 3338 2109 2648 4130 4609 3944 1462 2874 2288 4481 74 1802 949 2574 3449 4302 3962 4788
Route 19 : 2305 1708 1106 2015 125 2426 4208 4805 3606 120 4926 2625 4515 956 689 2475 1059 1376 3876 2401 3559 3456 4901 4975 2290 2620 3189 1304 4790 3804 1947 1484 3984 592 4447 927 1283 3092 3427 3783 477 244 2977 2744
Route 20 : 2297 1518 2354 2389 2362 1307 4862 4889 4854 4797 3807 4018 2064 963 1471 3463 921 3971 4564 3421 959 2249 1658 274 4749 3459 4158 1202 663 2774 14 2198 265 189 2514 4698 3163 1363 3702 2408 3863 2689 2765 4908
Route 21 : 2257 2497 4757 1042 659 1175 865 2041 3365 4997 3675 3542 4541 1993 3159 4493 1200 3700 2170 255 2005 2755 4505 4670 2071 1067 4571 2361 368 1950 2338 3567 955 449 4861 2352 2868 213 4838 4450 2949 3455 4852 2713
Route 22 : 2068 2453 918 2152 1408 4953 2121 2230 4621 891 4730 1527 3418 3908 3391 4568 2294 4027 4652 804 1673 1614 2334 146 4173 3304 4794 4834 4114 2646 702 20 137 2637 2029 576 2520 3202 2402 2173 4902 4529 4673 3076
Route 23 : 2061 4561 754 3254 2136 1218 3718 1878 2459 399 1868 4636 2899 4959 4378 4368 2278 1601 1370 2135 1852 4352 54 4101 4635 1210 2172 3870 2554 3710 1647 4778 4672 1140 2022 4147 491 3640 735 224 4522 3235 2991 2724
Route 24 : 1992 4492 1046 1455 127 1879 3955 1208 3708 4379 3546 2627 2322 2185 2243 578 1547 4743 4822 4685 2225 4725 4047 1835 2272 3078 1885 4385 367 4772 4335 2379 961 4879 161 95 2661 232 978 2867 2732 2595 3461 3478
Route 25 : 1881 823 1361 59 136 4381 2636 810 2559 3861 2500 773 160 1556 3323 2660 75 3273 4056 1532 1894 5000 1762 836 4032 2575 88 3310 997 1364 3864 3336 4262 2588 3497 4394 1572 98 1070 720 2598 4072 3220 3570
Route 26 : 1848 1975 1449 1920 2474 4475 1625 411 3949 4125 487 2390 2911 1082 4348 4420 4890 4974 3582 2987 2202 979 1671 229 1019 3479 4171 2729 553 446 4702 3519 1952 2946 4452 3053 1078 893 61 2561 751 3393 3578 3251
Route 27 : 1541 156 870 2656 352 1177 1569 4041 863 3370 230 3677 1571 4071 541 1090 3363 4069 2852 1727 2209 3590 1876 2020 4709 1976 4520 1156 2730 4376 4227 558 3041 2018 1955 3656 3058 2421 4476 4921 1261 3761 4518 4455
Route 28 : 1073 1195 2108 919 2169 3419 3573 4608 4669 3695 1540 958 470 1153 1806 448 4040 3653 3458 859 2970 1986 1656 2948 1389 4486 4306 2116 2499 2301 4156 4999 3359 4801 4616 3889 1480 2191 2115 1918 4615 4418 4691 3980
Route 29 : 837 1345 1473 3845 3973 3337 1558 251 4058 567 1985 2751 1108 540 4485 177 3608 3040 3067 350 693 2850 3193 1024 2100 194 238 493 2694 145 4600 3524 2677 2738 2645 1561 1132 4061 172 2993 1584 2672 3632 4084
Route 30 : 774 5 2195 349 3274 989 1972 1320 4472 2849 650 3489 45 3820 132 2632 602 4695 2505 2545 3150 39 1354 1958 175 3102 1317 2539 2104 3854 3817 2675 4604 589 4458 734 33 761 1243 3261 3234 3743 3089 2533
Route 31 : 646 1402 1595 3146 2218 651 3902 191 1074 4095 1934 4718 1822 3574 2691 660 126 717 3160 2096 4434 3151 1691 543 4322 1089 3217 4191 4596 595 3043 1258 3095 3589 2626 704 1260 2089 1896 3204 4396 3760 3758 4589
Route 32 : 473 1574 87 1344 960 2469 4074 2487 3844 4969 37 3460 649 2537 192 4987 373 2973 2326 1356 2587 520 2692 1230 3856 4826 284 3020 1637 3149 2873 3730 2784 4137 988 1966 1869 1935 4435 256 4369 3488 4466 2756
Route 33 : 322 109 1456 2103 1007 4603 2822 249 559 2609 1026 410 2749 2910 3956 3526 182 2274 3507 962 853 1846 4774 930 3059 2682 619 4346 3430 3119 3462 3353 2269 1902 584 909 3084 4402 384 2023 4769 3409 4523 2884
Route 34 : 183 1349 2448 2427 2683 3849 1823 885 1877 40 3385 305 4323 2540 4948 2805 4377 4927 2167 801 2088 4667 1620 1759 3301 4588 2093 1415 792 1469 3292 1459 3915 3969 4593 4120 647 2122 4259 3147 1624 3959 4622 4124
Route 35 : 163 2154 201 611 1926 2663 626 623 3111 2701 2460 3126 3123 4654 4426 1570 379 888 2355 4855 187 2879 4070 3388 4960 1098 2687 2340 1841 1212 1788 4840 3712 4341 1237 339 661 3598 198 2698 4288 3161 3737 2839
Route 36 : 2485 1756 1940 2296 4256 4440 4985 2074 1499 264 698 2764 3999 258 4574 3198 4796 1157 797 974 3297 630 2758 3130 3474 3657 681 613 162 2027 1933 3181 1749 3113 285 4249 4433 1134 2662 4527 2785 3634
Route 37 : 2241 1576 759 4076 829 4741 68 3259 1566 1782 1915 4415 2568 4066 2462 2019 4962 880 3329 4282 3380 4519 185 1897 2030 2432 1463 719 4397 2685 3219 4530 2327 3963 270 1278 4932 1311 2770 4827 3778 3811
Route 38 : 1928 1436 1169 453 1491 4428 2410 4910 3669 2486 3991 1246 2953 1186 3936 3686 3746 2178 1514 757 4986 697 169 2151 2669 932 3257 3197 843 4014 2263 4651 4678 2397 872 3432 221 3343 4763 4897 2721 3372
Route 39 : 1761 699 1893 480 347 4393 2306 4261 424 4806 1844 561 2847 3199 3061 2924 4344 1068 2201 1367 1290 4701 3568 3790 2980 1516 1379 637 3867 3879 1580 1479 4016 3137 2077 2384 1945 4577 4080 4445 3979 4884
Route 40 : 1701 107 887 3387 2607 451 4201 1295 822 1871 3795 3322 723 1910 1417 80 2951 4371 511 627 3223 3011 2580 4410 3127 1677 2227 3917 1815 4727 4177 121 2224 1904 549 4404 4724 4315 3049 2621 1216 3716
Route 41 : 1693 2244 546 884 1684 4744 4193 2335 747 4184 81 3046 338 82 3384 2581 331 3247 902 2838 2582 1341 783 3402 1889 3841 2831 3283 4835 2325 4389 1801 1178 2053 4825 4301 677 1346 3678 3177 4553 3846
Route 42 : 1568 1238 953 170 1608 4068 1873 3738 3453 892 2314 1900 4108 4814 4373 2670 4400 2097 3392 696 925 4597 3425 3196 2045 1914 315 4545 4414 2815 1489 1403 318 2818 2345 3989 4845 590 3903 1272 3772 3090
Route 43 : 1495 557 1281 2292 3781 2368 537 4868 4792 3057 3995 977 214 1739 2714 554 357 597 3477 3037 3054 4239 2857 3097 582 614 811 3082 1139 3311 1387 3639 1470 3114 101 3970 2434 2601 3887 4934 1003 3503
Route 44 : 1096 431 1274 1016 3596 2090 1725 3774 233 2931 41 2733 3516 4225 4590 1791 2541 2060 4291 422 4560 1760 4260 2922 2067 1579 1214 1944 1453 3953 4567 2439 4444 1963 3714 4079 1122 3622 4939 4463 996 3496
Route 45 : 929 1766 462 3429 802 298 635 3135 556 2798 3302 1288 291 3056 1224 2962 4266 1143 150 3643 624 3788 3724 30 2791 2650 1662 1115 2040 3124 2031 2530 3615 174 4162 4531 4540 1227 3727 124 2674 2624
Route 46 : 824 2162 605 3324 606 4662 1490 748 231 3105 3990 3248 3106 2260 2117 1011 1348 1382 2731 4617 4760 721 2050 3848 2211 4550 622 550 3221 3511 4711 2180 3882 55 1582 3122 1962 2555 3050 4082 4462 4680
Route 47 : 414 1372 1661 309 1309 2386 2809 4886 1686 1664 2914 2353 3809 4186 3872 4161 4164 4853 1485 1002 972 1401 1742 245 3901 3985 2745 3472 1123 3502 2437 4242 311 330 76 1435 2830 2576 4937 3623 2811 3935
Route 48 : 143 655 861 308 779 2643 3361 833 3279 440 365 478 2865 2808 3333 738 2978 3238 1531 2940 4031 3155 2425 402 2498 2034 858 1965 2902 248 4465 4998 530 2124 4925 4534 3358 2748 4624 534 3030 3034
Route 49 : 67 2160 874 1351 910 3410 1535 2567 4660 1105 4035 1100 3374 419 1412 3851 3600 2220 2919 269 3605 3912 2769 4720 1916 4416 319 2819 1731 2176 1510 4010 4231 4676 2363 809 517 3309 3017 1161 4863 3661
Route 50 : 1836 1452 1599 444 4099 4336 2944 1241 3952 1872 2017 387 281 2781 372 2887 409 707 3741 4517 4372 2872 2909 3207 499 1990 1066 1091 1757 4490 2999 3591 3566 512 4257 1988 2465 3012 4488 4965
Route 51 : 1615 528 1737 4115 3028 4237 497 812 1924 2000 509 1017 4424 2997 3312 3009 1159 1605 1020 4500 3517 3659 1244 3744 1831 4331 3520 1388 4105 3888 1699 1416 1147 725 684 4199 3916 3225 3647 3184
Route 52 : 1590 1054 1994 2033 1930 4494 4533 3554 4430 1308 1125 348 1418 3625 2848 1076 2145 640 3808 4090 1334 3576 3918 3834 3140 1610 1646 4645 4146 993 4110 1377 3493 3877 1277 982 3777 987 3487 3482
Route 53 : 1544 1231 648 353 632 3731 1316 4044 3816 2187 2853 3148 1181 3 268 3132 3681 4687 2503 1254 2768 99 2599 2318 3754 1919 1755 1023 4419 2444 2222 2461 4722 3523 2051 4255 4944 4961 4818 4551
Route 54 : 1373 1880 1856 506 391 3006 2086 3873 2891 4586 1128 4356 551 3628 1365 3865 1519 1448 130 3051 752 4019 3252 3948 563 3063 2403 1754 1209 2630 753 4380 4903 247 4254 3709 3253 1642 4142 2747
Route 55 : 1150 1235 2416 1173 3735 2291 4791 2476 4916 3673 3650 728 834 2347 4976 3228 4847 1014 2231 808 2395 2038 4538 4895 4731 3308 1315 239 3514 3334 310 2739 2810 3815 1446 1114 2009 3946 3614 4509
Route 56 : 1130 343 639 321 3630 1234 1063 2843 2821 3563 3734 3139 1511 423 1530 628 591 4030 4011 3091 3128 2200 2923 1974 2182 2392 990 2073 4474 4700 760 4892 722 4682 4573 2446 3222 3260 3490 4946
Route 57 : 901 2356 2236 4736 1927 1342 1055 1977 3401 1144 4477 4856 4427 3842 1303 1961 3803 3644 1374 190 3555 4461 2690 519 3019 1706 521 1193 3874 417 828 3693 3328 4206 3021 1229 2917 1118 3729 3618
Route 58 : 782 3282 765 1627 261 616 712 3265 2761 3212 57 1702 129 3116 2557 4202 842 1808 2629 1329 1146 4308 3646 3829 3342 1553 4127 562 3062 134 1839 4053 926 1847 2407 4339 3426 4347 2634 4907
Route 59 : 486 1375 56 2430 2046 2986 1694 4930 3875 246 603 2556 1494 3103 2746 4194 4546 3994 28 1253 200 1358 770 3753 2528 1774 3270 2133 536 2367 2700 3858 296 1716 3036 4633 2796 4274 4867 4216
Route 60 : 459 147 1158 522 2647 2959 1273 3022 1597 1773 907 3658 1726 4097 3407 2310 4226 3773 1554 415 4273 2280 4810 1980 4054 1482 4480 2915 1596 1937 4096 4780 1631 277 133 2777 3982 4437 4131 2633
Route 61 : 344 2161 831 2844 1069 2126 1282 3569 1292 4661 1268 3792 1034 2054 4626 484 4554 2984 432 3768 3782 3534 2932 1191 1085 3585 3691 3331 1184 2184 1104 271 3684 1680 510 3010 3604 4180 2771 4684
Route 62 : 329 539 580 2261 168 2311 2668 514 2829 1718 4761 1792 4811 3014 355 3039 4218 3080 992 1938 4438 2438 2855 715 4938 883 1447 3492 436 1450 2936 4292 3947 1038 2470 3950 3538 3215 4970 3383
Route 63 : 92 2480 772 1053 2003 3553 460 2592 361 2861 1433 4980 1248 3272 531 1369 4503 846 3031 1060 3346 3748 2273 3869 3933 260 2960 2285 306 2760 2388 4888 4773 1730 1789 3560 2806 4289 4785 4230
Route 64 : 2304 946 766 764 777 1585 3446 4804 1081 3266 727 3227 3581 3264 3277 4085 1013 685 2259 3513 1667 2369 3185 4759 692 4869 3192 936 217 4167 13 2513 3436 2717 266 389 2766 2889
Route 65 : 1971 1586 2251 1713 4751 496 4213 4086 26 2996 1967 1860 1828 4471 2247 1192 4328 3692 4467 2385 2526 2489 4747 4360 2463 1797 4885 4989 2210 1745 4710 1109 4245 3609 4963 2026 4297 4526
Route 66 : 1968 667 4468 2391 1233 2456 862 3733 2328 4956 1829 3362 3167 1786 380 4891 403 2880 2903 4329 4286 2004 176 1949 2158 4504 4658 2676 1077 216 4449 570 1899 3577 2716 4399 3070 4828
Route 67 : 1724 1998 1062 718 1294 746 3218 3794 4224 4498 3246 3562 6 2506 1366 1129 208 3629 2341 1609 1032 2708 3866 1883 1047 1135 3635 3532 1131 1643 4383 166 4841 3631 4143 4109 2666 3547
Route 68 : 1451 1496 2264 3996 4764 3951 1474 604 3974 691 3104 382 991 694 2175 3491 115 4675 2283 864 2882 1313 3191 2615 675 2083 4783 1548 3364 3175 3813 4583 3194 1529 1907 4407 4029 4048
Route 69 : 1149 1064 713 1593 3564 1353 3649 3853 615 2433 4093 815 4933 3213 3115 1546 1332 3315 1674 818 1741 2216 4716 4241 3318 2400 2309 827 4174 2383 3832 3327 4809 4046 2127 4883 4627 4900
Route 70 : 798 317 821 706 3206 3298 1467 3321 964 22 2817 2466 3967 3464 2522 4966 2194 62 1668 903 2562 889 3403 354 4168 1406 1559 2854 3389 4694 1310 3906 4059 1236 1827 3736 3810 4327
Route 71 : 575 1522 1709 2011 3075 882 4511 3382 4209 1506 4022 153 4006 1426 1314 2653 1033 3926 912 3412 587 3814 3533 1269 2106 3087 385 4606 935 3769 3435 664 2885 49 3164 334 2834 2549
Route 72 : 508 1591 2277 785 3008 3285 1834 4091 607 3107 771 2478 1318 4777 3818 4978 1970 3271 940 1004 1487 51 4334 1560 3440 881 4470 2551 3987 2219 4060 3381 1333 2317 3504 4719 3833 4817
Route 73 : 427 447 1770 1825 2415 2947 4270 1723 994 2927 4915 4325 1386 4223 3494 2494 2240 1170 669 1996 4740 4994 3169 3886 1240 2422 3670 1010 3740 1604 1692 4104 687 4192 4922 4496 3510 3187
Route 74 : 401 1080 1649 313 2901 1466 299 2813 769 2799 3580 803 193 1858 3269 2266 4358 4149 995 4766 2693 3966 3303 1242 1714 1204 439 4214 2939 3495 2242 1355 3742 420 4742 2920 3855 3704
Route 75 : 386 1219 131 708 108 2631 1124 3208 2608 3719 2886 3624 2217 4717 966 1767 64 2452 288 2564 3466 668 1978 461 4478 4267 1882 507 3168 658 4952 2085 2788 4382 3007 2961 4585 3158
Route 76 : 376 740 1271 1857 2876 3240 2413 3771 741 1188 267 4357 4913 2052 135 2635 4552 377 1206 3241 1328 144 3688 3706 2644 3828 2877 2767 1171 1911 686 4411 573 1226 3671 3073 3726 3186
Route 77 : 2276 407 1771 2132 1787 4632 1337 4271 4776 2907 4287 3837 1957 951 866 4457 3366 1657 3451 2442 4157 204 388 564 1611 2704 4111 1256 1908 282 4942 2888 2782 3064 4408 3756
Route 78 : 2246 2035 1110 1000 796 4535 1909 3500 1688 3610 3296 2148 1468 3968 923 4648 1223 4746 4188 807 4409 2495 1327 2258 3827 3307 181 852 4995 1179 4758 2681 3723 3352 3679 3423
Route 79 : 2238 1509 4738 1905 4009 4405 469 1666 2969 4166 1291 3791 500 294 2794 1263 1744 683 3000 283 3763 4244 273 2267 2783 3183 1257 394 2078 3757 4767 4578 1854 4354 2773 2894
Route 80 : 2183 1138 3638 4683 1623 4123 1577 1898 1384 879 4398 465 450 3379 1931 4077 3884 2950 363 4431 999 1148 323 886 2965 2863 3499 3648 1959 2270 2164 2823 3386 4664 4459 4770
Route 81 : 2063 1929 202 2419 1853 1632 4919 4429 2319 2702 1252 4353 1025 4819 4132 3525 4563 3752 429 2929 1213 525 505 3025 3713 1618 3005 784 1884 4384 1951 1027 4118 4451 3284 3527
Route 82 : 1843 2163 4343 2039 292 1740 2412 4663 4539 93 2255 2792 358 2593 4240 1551 4051 4755 1956 1162 2858 4912 601 4456 875 1424 3101 3662 1163 1395 3375 3924 467 3895 3663 2967
Route 83 : 1764 1838 1890 2016 300 1088 4390 1606 2800 4338 4516 3588 4264 443 2943 4106 1564 1640 35 1420 755 1717 4140 3920 4064 3255 4217 456 2956 1199 3699 1735 1360 2535 3860 4235
Route 84 : 1542 1549 1833 2286 1319 1041 4042 3541 205 2394 4786 3819 4049 4333 474 1438 1769 2974 2289 1589 2705 4894 356 1679 3938 4789 301 4089 2856 4269 4179 1182 2801 2275 3682 4775
Route 85 : 1472 1520 1168 123 2199 1340 3840 4020 2623 3668 4699 370 1619 2377 3972 4877 515 2870 4119 1215 207 568 3015 3068 3715 2193 2707 657 4693 3157 475 2975 1475 535 3975 3035
Route 86 : 1335 2366 1460 3835 4866 3960 1293 3793 1818 2316 110 1300 2610 3800 4816 4318 2080 72 2037 1655 4155 4580 2572 1736 398 4537 2898 1330 4236 1056 2214 565 3830 4714 3065 3556
Route 87 : 1174 1814 634 585 2112 4612 2488 4314 2069 1500 3134 3674 4988 4000 303 2123 4569 2803 618 3085 4623 242 1221 3118 1425 1512 1343 878 3721 854 2742 4012 3843 3378 3925 3354
Route 88 : 869 814 906 1941 3314 1151 180 2680 3406 4441 3369 3651 574 243 60 1411 2560 2380 2743 3074 502 4880 2092 3002 2049 1393 3893 116 2315 3911 4592 1323 3823 2616 4549 4815
Route 89 : 795 2 141 3295 1665 2502 2443 780 4165 4943 3280 2641 155 2655 1289 2358 212 326 316 2712 2816 645 832 4858 742 2826 312 3145 3789 1119 1443 2812 3332 3242 3619 3943
Route 90 : 679 1746 83 2262 3179 96 4762 263 1603 2596 2763 4246 4103 2583 1359 1028 1071 3859 3528 3571 545 3045 396 2128 2447 304 2896 164 4628 4947 2664 2101 813 3313 2804 4601
Route 91 : 670 2287 844 3170 197 1753 2095 223 3344 2157 2697 4253 52 4787 297 2723 151 2552 390 4595 4657 2797 2651 1545 4045 2890 2450 2140 1099 4640 4950 3599 1592 2349 4849 4092
Route 92 : 31 2531 526 3026 980 1607 3480 482 4107 2982 538 2321 913 1901 2265 3038 1653 4821 4153 4401 700 3413 1991 4765 542 2271 4 2336 3200 2504 2229 4771 4836 4729 3042 4491
Route 93 : 2440 805 1870 750 1517 1280 4370 3305 3250 4940 4017 3780 307 1326 2153 1297 128 2130 2807 900 3826 2628 4653 4630 3400 1432 3797 2237 544 1752 3932 4252 3044 4737
Route 94 : 2424 426 2245 4745 4924 1917 2418 2926 2208 468 1461 4708 4417 1539 492 4918 1232 2213 2968 736 4039 1507 3961 2992 3236 4007 3732 4713 1414 817 2371 4871 3914 3317
Route 95 : 2375 118 673 4875 3173 2618 1652 149 2649 4152 1464 1222 3722 1654 2196 705 90 4154 1107 2590 4696 3205 3964 3607 1812 1052 4312 2144 532 3552 2435 4644 3032 4935
Route 96 : 2233 975 1690 94 2376 4733 2594 2012 2186 4190 1035 4876 3475 948 2382 1821 3448 2414 4512 4321 3535 4686 2066 4882 1399 2329 2057 4914 789 4829 4557 4566 3899 3289
Route 97 : 2142 71 1772 2496 1061 4996 3561 4642 2571 4272 636 3136 2099 4599 1057 1973 1264 2084 3764 2082 4473 142 2072 2642 483 2983 4572 4582 4584 3557 167 1626 4126 2667
Route 98 : 1817 897 1629 931 2028 4528 4317 4129 1865 3397 140 1039 3431 1979 286 2640 2786 4365 490 1913 4479 3539 225 518 1398 4413 2990 3018 1116 236 3898 3616 2736 2725
Route 99 : 1633 2087 1167 1176 856 3676 2342 3356 787 3667 3287 2360 4842 2483 4860 4587 4983 4133 970 851 69 1891 4391 2569 1824 943 786 3351 3286 4324 3470 922 3443 3422
Route 100 : 1505 1286 3786 1798 32 1101 4005 3601 320 2532 2449 4298 4949 2820 2330 917 405 4830 2905 1117 3617 3417 737 404 2482 3237 1524 4982 226 4024 749 2726 3249 2904
Route 101 : 1440 501 3001 1383 1422 1795 967 3922 4295 3883 3940 2364 3467 2343 495 4864 337 1457 4843 895 250 2995 3957 1001 184 1775 2684 3395 2837 4275 235 2735 3501 2750
Route 102 : 1427 114 1758 1094 279 3594 4258 2614 3927 2779 488 2298 2988 4798 103 581 1964 2406 2138 3081 4464 257 4638 2603 4906 731 1404 695 2757 2047 3904 3231 4547 3195
Route 103 : 839 2370 42 642 4870 3142 2542 1442 1095 2308 1048 4808 1948 3339 571 3942 1190 3690 3595 1141 3548 2239 4739 287 4448 2431 3071 3641 986 2787 1331 4931 3486 3831
Route 104 : 732 1887 2002 1493 3993 944 4387 2179 1279 4502 3232 455 3444 3779 4679 2070 445 1638 4138 2945 2955 328 572 4570 157 2657 1575 758 3072 3258 159 2828 2659 4075
Route 105 : 36 965 1083 302 2536 3465 1793 1648 898 3583 1799 4293 2802 3398 11 4299 4148 579 2511 2113 711 1428 3928 2134 3079 1954 4634 3211 4613 1152 1588 4088 3652 4454
Route 106 : 2105 360 1503 1628 2860 1983 454 4605 2954 652 3152 4483 4128 18 4003 2518 2284 2192 4784 4692 1722 2398 504 234 2734 1092 3004 1704 4898 4204 3592 4222
Route 107 : 1794 2350 806 4850 3306 4294 1296 293 671 2381 3171 1634 2793 2302 4881 2181 1534 4681 4802 2417 4134 2155 4034 276 3796 4917 4655 1720 1338 2776 3838 4220
Route 108 : 1732 871 4232 3371 203 739 915 976 50 2703 220 3415 2550 2720 2131 1454 3954 1612 3476 3239 4631 1245 791 4112 3745 393 756 3291 894 3394 2893 3256
Route 109 : 1636 122 4136 2248 2622 105 1121 4748 3621 466 154 2605 2654 34 29 1220 2423 2529 2534 1266 2966 3720 2344 1409 4923 3909 1537 3766 38 4037 4844 2538
Route 110 : 1381 3881 2320 1037 1922 904 4820 1711 3537 3404 4211 4422 1476 2454 3976 641 4954 3141 2203 4703 1259 768 91 78 2578 3268 3759 2591 1302 662 3802 3162
Route 111 : 1276 400 359 2010 139 2900 471 3776 1695 4510 2639 2971 598 2859 3098 1602 4102 4195 1921 1270 210 847 4421 65 3347 2710 3770 430 1180 3680 2930 2565
Route 112 : 498 1350 2373 3850 2365 2998 4873 971 4865 1942 2168 1750 2094 4594 4250 4668 452 2952 58 690 4442 3471 631 2118 2558 973 48 4618 2548 3190 3473 3131
Route 113 : 479 434 2076 2149 1166 1126 3626 2346 2979 4649 4846 1172 1312 1669 2934 4576 199 3812 4169 533 1018 2699 1800 3666 24 3033 3518 3672 4300 2524 957 3457
Route 114 : 1678 1203 4178 1768 3703 4268 1352 2025 1145 1813 4525 3645 3852 4313 1397 2348 4848 593 314 600 3897 3100 3093 1336 2814 625 3125 1644 3836 4144
Route 115 : 1659 1465 947 3447 914 3965 4159 1483 3414 1621 1030 4121 3530 3983 1733 4233 10 2510 1707 1778 1587 4207 2091 4591 4278 1044 2467 3544 4087 4967
Route 116 : 1015 1903 2445 1676 4176 2333 4945 3515 4833 566 113 1703 1371 1784 4203 3066 3871 1267 1298 3767 4284 2357 4403 2293 4857 4793 3798 2613 2471 4971
Route 117 : 102 111 2611 2602 1154 3654 588 3088 2472 1785 4285 4972 2032 1012 272 437 3512 4532 2772 2937 2300 1946 2212 4446 4800 835 1477 4712 3335 3977
Route 118 : 2137 1357 17 252 2036 1031 4536 2517 1400 3900 3531 3857 1008 3508 4637 138 850 333 2752 2638 609 1820 2833 371 4320 2871 3350 3109
Route 119 : 2102 324 899 3399 2824 877 4602 209 1165 1989 1738 4238 7 2709 2507 1710 4489 2174 3377 665 1796 416 4210 2916 4296 4674 3665 3165
Route 120 : 2042 934 1478 1201 3701 3978 4542 1543 1810 1205 4310 3434 3705 2405 2111 4043 775 4611 3275 4905 1700 1075 1635 3575 1325 3825 4135 4200
Route 121 : 1660 44 2544 4160 1697 594 577 3077 1197 4197 2044 1413 3094 3913 12 262 3697 15 1594 2464 2762 2512 2515 4544 4094 1434 3934 4964
Route 122 : 674 857 463 2963 3174 3357 503 924 2065 1809 4565 1807 3424 709 4309 1164 3209 4307 876 3376 1763 3664 1523 1228 3728 4263 3003 4023
Route 123 : 485 726 395 2985 3226 2895 1498 513 3998 3013 2303 47 1051 4803 762 2547 1997 3262 3551 4497 845 3345 1751 2374 341 4251 2841 4874
Route 124 : 412 188 981 1 1247 2912 3747 2501 3481 211 1112 672 2688 2711 1696 4196 3172 1525 3612 2008 703 905 1923 3203 4423 4508 4025 3405
Route 125 : 27 621 1777 1022 1555 1211 2527 421 3522 4277 743 3121 119 3711 1842 1368 2921 2619 4055 3868 3243 4342 682 1567 529 4067 3182 3029
Route 126 : 1086 1581 2429 2250 4750 2473 3586 2281 4081 1137 4929 2484 2404 4973 4781 1859 1715 4215 950 3450 4359 3637 4904 2451 4984 4951
Route 127 : 729 3229 778 3278 383 1120 2883 438 1183 3620 767 620 3267 3120 2205 2938 4705 3683 1670 4170 1867 4367 1645 1486 3986 4145
Route 128 : 241 1504 2313 2282 397 2741 325 259 2897 4813 1698 2759 1287 4782 644 3787 3144 2825 4198 4004 2146 2075 1906 4646 4575 4406
Route 129 : 2457 2234 4957 254 1650 2007 1390 2754 4150 1437 4734 43 3890 2543 346 653 1441 2846 3153 3941 3937 4507 941 3441
Route 130 : 1712 4212 1747 908 4247 1187 3408 3687 1142 1999 3642 4499 215 2411 186 794 335 2835 2686 278 2715 3294 2778 4911
