Instance name:	nyc-n2000-1
Authors:		Carlo Sartori and Luciana Buriol
Date:			2019-2-11
Reference:		A matheuristic approach to the PDPTW (to be submitted)
Solution
Route 1 : 60 1060 273 1273 91 451 404 1404 1451 1091 199 343 492 1199 1492 1343
Route 2 : 238 1238 579 1579 727 526 1727 211 175 457 282 1457 1282 1175 1211 350 1526 414 1350 719 1414 1719 128 9 1128 1009
Route 3 : 244 436 657 761 1436 772 1772 1244 1761 379 1657 29 1029 381 1379 1381 322 123 135 1123 162 1322 1162 679 176 374 1679 1374 1176 1135 759 596 231 86 1759 1596 1231 1086
Route 4 : 37 1037 697 1697 27 321 181 340 368 1027 1181 69 1321 1340 1368 788 721 261 1788 303 1069 484 595 266 1261 1266 1303 1484 1595 1721
Route 5 : 648 296 832 96 499 1648 49 1296 1832 1049 1096 644 1644 1499 294 1294 431 1431 117 504 777 207 161 1117 1504 1777 328 1207 1161 28 1328 335 1028 1335
Route 6 : 222 68 841 1068 512 1222 80 1841 584 485 1584 432 637 327 1512 1637 178 1432 1327 1485 698 1080 1178 763 370 556 613 1698 90 1763 320 1370 1320 1090 1556 1613
Route 7 : 378 521 1378 1521 554 717 1554 267 842 112 1717 1842 1112 558 1267 87 66 392 1066 1392 1087 1558
Route 8 : 531 59 411 1059 690 1531 470 311 1411 1311 177 1177 1690 1470 65 856 369 581 1065 1369 1856 1581
Route 9 : 138 351 459 229 1459 1138 1351 506 815 729 15 1229 1506 250 183 1729 1015 661 1183 865 1815 681 565 1865 1661 1565 1250 1681
Route 10 : 610 854 501 567 611 1854 702 1501 1610 453 347 192 1567 1611 1453 508 1192 853 134 100 1702 206 1347 1508 1853 1100 1206 888 363 524 198 402 1363 1888 1134 1524 1402 1198
Route 11 : 299 862 502 893 228 1299 1893 1502 1862 312 1228 1312 479 705 714 1479 42 31 665 1031 1042 1705 1714 774 1665 260 1774 1260 684 682 525 430 277 1682 1277 1684 1525 1430
Route 12 : 245 766 433 689 336 1433 1689 658 1245 1336 519 1766 577 55 1519 1577 1658 1055 503 286 1503 678 463 631 1286 263 1631 894 1263 1678 1894 821 1821 1463
Route 13 : 21 174 149 826 200 1826 1174 1021 864 1200 1149 1864 216 122 1122 1216 672 247 288 855 275 1672 403 1403 1275 1247 898 1898 1288 1855
Route 14 : 904 449 318 513 424 214 1904 494 1513 1318 246 1494 902 1214 959 1449 547 1424 1902 1246 726 1547 36 903 1959 509 1726 781 744 1509 1903 204 1036 653 1781 1204 1744 642 1653 152 1152 1642
Route 15 : 442 905 478 1905 708 1442 337 838 1478 113 1708 20 730 659 1337 1020 1659 1838 1113 331 160 715 1331 38 1160 1730 1038 58 384 1384 1058 400 718 458 575 1715 490 1458 1718 1400 1490 1575
Route 16 : 800 1800 383 1383 873 1873 125 329 185 1185 916 448 1125 1329 795 171 483 1916 52 675 1795 1171 627 248 1052 1448 1675 1483 1627 1248
Route 17 : 529 208 243 73 349 1073 197 1197 922 840 1208 1243 1922 1349 1529 664 154 413 1664 1840 1413 1154 877 914 687 105 380 1687 520 262 1877 725 1380 1105 360 1914 1262 1725 1520 1360
Route 18 : 915 844 290 74 356 1844 127 1074 1127 1915 1356 475 1290 746 846 1846 1475 334 921 754 1746 852 398 1334 1754 1852 1921 1398 418 923 488 94 1488 1923 1094 1418
Route 19 : 193 829 615 317 32 272 1317 1272 1615 1829 1193 1032 912 860 656 255 1656 1912 1860 406 847 139 301 1139 654 1255 1301 1406 870 593 1654 549 1593 1847 553 500 333 1500 1553 1870 1549 1333
Route 20 : 869 538 919 130 182 1869 530 1130 635 2 1538 412 1919 1530 930 364 1635 220 1930 1182 1002 804 740 620 1364 114 1620 1804 1220 1412 1114 1740 281 711 773 1281 45 1711 1773 1045
Route 21 : 806 646 934 465 1806 570 1934 1646 576 1465 390 722 794 1570 1 1576 103 1794 885 1103 1001 511 1722 1885 1390 731 555 339 1731 1555 14 338 927 1338 1511 1339 1014 1927
Route 22 : 24 937 298 594 683 1298 1024 1594 142 560 811 292 1937 1142 1560 1292 1683 1811 51 867 168 241 874 1051 72 1168 1867 1072 1874 1241
Route 23 : 456 801 119 1456 947 1801 1119 1947 756 53 1756 81 498 452 942 1053 920 1081 223 1498 1223 1942 1920 1452
Route 24 : 399 291 377 851 371 434 1399 1377 1851 1371 663 527 1434 1291 619 23 1527 1663 1023 305 56 1619 949 417 1305 882 1949 1056 609 251 1609 929 1417 951 1251 1882 1929 621 1951 1621
Route 25 : 144 833 1144 1833 345 395 1345 552 425 1395 1552 769 313 1769 1313 1425 302 170 857 252 1252 1857 1170 25 952 460 940 1302 979 1025 1940 1952 1979 1460
Route 26 : 209 778 861 701 1209 1861 1778 1701 709 618 764 580 158 1618 438 1764 775 1709 713 1580 1158 1775 1438 1713 265 235 666 956 120 1120 699 1956 1265 389 1666 1235 159 568 1159 1699 1568 1389
Route 27 : 960 386 89 124 735 1960 1124 1735 1089 1386 776 908 591 557 1908 674 1591 680 1557 227 828 1674 1680 1776 1828 694 1227 650 297 1694 1650 640 571 7 863 1297 911 1007 1863 1571 1640 1911
Route 28 : 677 953 1953 189 1677 897 550 946 961 1897 784 1946 633 1189 1784 880 1550 1961 332 1633 1880 793 40 461 1332 1793 115 573 1461 939 1040 1573 359 1939 1359 1115
Route 29 : 544 480 859 1544 516 372 1859 83 887 1480 50 1083 1050 1516 1372 466 104 1887 157 1466 1104 1157 285 271 26 1271 1285 219 8 962 1026 307 604 1307 1219 1008 1962 1604
Route 30 : 528 396 108 280 147 1396 148 1280 1528 1108 1148 1147 710 751 354 473 1710 422 1422 1354 1473 179 75 1751 67 1179 884 1884 963 743 1075 287 1743 1287 429 1963 686 1067 1429 1686
Route 31 : 532 879 535 813 598 933 1933 1532 738 866 1535 1598 1813 387 1866 1738 1879 970 1970 1387 325 762 1325 376 1762 634 917 1376 1634 1917
Route 32 : 221 99 84 589 195 1195 971 783 1084 972 1783 1589 1972 883 1971 1221 739 1099 131 17 1883 1131 822 1822 1739 150 391 548 1017 967 1548 256 1391 439 258 308 1967 1258 1150 1256 1308 723 1439 1723
Route 33 : 909 446 455 704 355 643 1455 1909 941 1355 1941 1446 1704 771 976 440 1771 1440 1976 913 1643 551 421 943 655 1551 1421 1913 1943 1655 98 850 1098 393 807 1850 791 1791 101 1393 1807 1101
Route 34 : 190 955 95 977 758 184 1758 1977 1955 1190 1095 1184 85 792 1085 47 1792 834 505 1047 858 1834 1505 13 310 316 240 423 1013 1858 1423 205 1316 1310 1240 353 226 1205 1226 249 92 1249 1092 1353
Route 35 : 782 871 660 323 1782 1871 1660 1323 482 514 1514 304 1304 1482 382 1382 116 259 237 264 606 767 1264 1237 1767 685 1116 1606 218 978 1259 365 1685 755 757 1218 748 1978 1757 1365 1748 1755 523 1523
Route 36 : 641 10 155 156 1010 1641 1155 487 212 93 948 1156 629 1212 1487 234 1629 172 1948 330 803 1234 1093 602 1803 599 1330 348 1602 1348 1172 1599
Route 37 : 707 845 445 839 944 981 1707 1845 1944 186 1445 1839 790 1186 140 789 895 1789 1790 1981 1895 1140 358 109 785 950 1785 1109 753 1950 213 1753 901 121 467 1358 1213 1901 603 1121 342 1603 1342 1467
Route 38 : 136 102 111 242 326 1326 444 1102 1111 982 1982 270 1444 1242 741 1136 443 669 878 1443 1741 1669 1878 1270 623 582 936 1582 1936 76 1623 12 1012 454 1076 1454
Route 39 : 385 983 736 44 1385 935 1736 1935 1044 545 1983 145 71 1071 814 724 561 1545 625 191 1145 279 1561 1724 1814 1625 1191 1279 805 497 817 676 1805 472 1817 1497 1676 587 196 18 1472 1587 1018 1196
Route 40 : 269 64 61 346 1346 1064 1061 1269 106 126 477 534 668 562 1562 563 1106 1534 1477 187 984 1563 1126 1984 1668 819 605 765 1187 300 1605 401 578 900 1578 1300 1765 1819 1401 1900
Route 41 : 447 62 802 132 985 217 1985 737 1802 495 1737 314 1217 1447 1495 462 1132 1062 892 1462 11 703 1314 688 129 1011 1703 1892 809 1129 441 1809 1441 1688
Route 42 : 849 546 652 173 597 110 1652 986 1546 566 1849 1110 1597 1986 1173 968 966 1566 1966 1968 357 16 427 691 1357 889 1016 1691 918 875 693 1693 373 1427 1918 1889 742 1742 1875 1373
Route 43 : 868 537 481 79 1481 77 825 574 1079 810 1825 33 1537 1077 1868 1810 1574 1033 257 166 881 1166 907 426 716 1257 543 1881 1426 1716 39 987 1907 588 278 1588 1039 1278 1543 1987
Route 44 : 938 474 816 202 799 1202 1816 1938 1799 734 630 43 1630 890 1474 1890 1043 210 651 592 1734 239 1592 1210 988 1651 1239 1988
Route 45 : 164 586 146 361 1586 1361 1164 253 468 989 415 1146 823 1253 559 671 1415 1559 1468 1823 1989 5 1005 30 35 617 1671 284 1035 1030 1617 926 233 1284 1926 1233
Route 46 : 569 843 667 405 1667 1569 1843 601 1601 1405 188 636 973 896 352 1636 1973 1896 1352 165 1165 1188 990 366 965 770 1965 1770 1366 1990
Route 47 : 768 133 1133 991 1768 341 614 236 974 818 1974 82 1614 1991 507 1341 225 1818 1507 1236 1082 180 46 1046 1180 910 624 1225 48 1910 638 319 1048 1624 1638 1319
Route 48 : 22 600 1022 1600 407 397 1397 1407 493 151 732 283 670 1732 1283 706 1493 1670 409 1151 41 750 1750 215 1041 1706 992 786 1215 6 1409 1992 1786 1006
Route 49 : 367 295 254 1367 1295 931 1931 1254 798 1798 780 831 1780 975 1831 539 194 1539 1194 1975 590 143 232 1590 848 662 542 993 1848 1143 1542 1232 1993 1662
Route 50 : 496 632 957 835 1632 137 572 1957 994 1496 428 1835 1994 1428 540 469 1137 1572 4 779 830 141 1004 1779 1540 1141 533 1469 1830 1533 945 958 749 1958 1945 1749
Route 51 : 450 388 980 408 167 1408 1388 1980 616 1616 1167 97 1450 536 995 836 1097 820 435 1836 1536 107 1995 899 70 1899 419 1820 1107 1435 1070 1419
Route 52 : 224 201 608 760 1608 324 118 1201 1224 969 924 695 1924 1760 1695 1324 996 712 1969 1118 1996 1712 720 692 362 306 891 1891 1306 1692 1720 1362
Route 53 : 647 78 163 464 1647 728 515 1078 541 416 1464 1541 876 1163 1515 1728 1416 1876 932 796 476 808 1476 1932 153 607 612 1808 1607 1796 63 1063 997 1153 1612 471 639 1997 517 1639 585 1471 1517 1585
Route 54 : 812 700 203 315 1812 1700 1203 1315 626 1626 628 309 886 1309 928 1886 1628 872 733 518 437 1928 998 1872 1518 1437 1733 564 510 1998 1564 645 1510 1645
Route 55 : 274 276 410 420 3 344 1420 1274 1276 394 1003 1344 1410 824 1394 752 999 491 88 1999 1491 1752 230 293 1824 837 375 745 1293 1837 827 1375 1088 797 1230 1827 583 1745 954 622 268 1954 1622 1583 1797 1268
Route 56 : 486 19 522 696 1696 1486 906 649 1522 1019 747 1906 1649 289 1747 787 54 1289 964 1054 1964 925 489 1787 1000 169 1925 1489 57 34 2000 673 1169 1034 1057 1673
