Instance name : poa-n5000-4
Authors       : BIG3 - Dmitriy Yampolskiy, Egor Nikolaev and Daria Savina. Smart Logistics Point by the BigThree team (big3.ru).
Date          : 2025-04-23
Reference     : BigThree team (big3.ru)
Solution
Route 1 : 1218 3718 1207 2229 4729 2374 3707 946 209 3446 4874 570 2709 3070 823 3323 1935 2339 4435 1718 4839 4218
Route 2 : 389 1368 2889 3868 1855 399 4355 2899 1749 637 264 3137 4249 1740 2764 1312 4240 590 3812 2058 3090 4558
Route 3 : 574 1071 3074 3571 422 667 2922 578 218 2054 3167 4554 2718 3078 463 1 2501 2963 12 765 3265 2512 676 1250 3750 3176
Route 4 : 345 1010 2845 3510 2453 4953 394 1850 2894 4350 690 352 1486 2852 3190 3986 745 214 3245 2714 274 1894 4394 161 2661 2774
Route 5 : 2195 4695 794 247 2747 3294 693 2395 3193 326 2826 367 2867 1079 1256 4895 3579 1544 499 3756 1468 4044 2225 3968 2999 4725
Route 6 : 2071 732 490 2990 2127 3232 4627 1442 3942 1325 4571 3825 1407 3907 648 2386 3148 265 2765 4886 2000 1631 4500 4131 1589 4089 1174 3674
Route 7 : 489 1723 376 88 4223 2989 2876 2438 4938 2588 1836 2196 4336 1957 4696 487 4457 789 3289 2987 177 2495 969 2677 67 3469 4995 2567
Route 8 : 298 2076 1814 2798 856 4314 854 1007 4576 3356 1934 2217 3354 4434 4717 1473 128 2467 4967 3507 1820 3973 2628 198 2698 4320
Route 9 : 2329 2186 4829 4686 15 2169 4669 2515 1594 2009 656 4094 3156 4509 385 1803 2487 4303 2885 1054 4987 1415 2146 3554 3915 4646
Route 10 : 1199 1289 575 3789 635 3075 3135 1973 798 3298 1116 4473 3616 2124 2342 4624 1981 4842 4481 132 821 2632 618 3699 3321 1831 3118 4331
Route 11 : 586 1778 4278 705 3205 1076 3576 1012 3512 2099 4599 2298 3086 731 1586 4798 1491 3231 3991 4086 1549 1651 4151 4049 467 2967
Route 12 : 1016 3516 104 1204 2604 1132 1061 3632 3704 468 2968 680 3561 1596 3180 2162 2372 4662 4872 244 4096 1500 2744 4000 1819 1326 3826 4319
Route 13 : 2328 2310 4828 1192 3692 4810 2012 378 1843 2878 4512 1303 2314 4343 4814 3803 1617 1907 4407 923 4117 3423 1398 3898 371 2120 4620 2871
Route 14 : 1959 1292 4459 3792 42 714 3214 2542 2270 669 3169 4770 2300 1851 4800 1618 286 4118 4351 2103 2786 1309 4603 3809 308 2309 2808 4809
Route 15 : 48 2548 2014 455 2955 39 4514 2539 1273 164 3773 962 812 1311 3811 3462 2664 1359 3312 3859 372 2274 2872 184 4774 2684
Route 16 : 519 405 3019 1479 1280 3979 404 972 2905 3472 612 2904 3112 3780 1172 201 2701 2424 1678 793 4924 2496 4178 3293 3672 4996
Route 17 : 196 1995 113 1696 2696 1676 4495 2613 4196 1531 4176 2034 4031 4534 1602 414 4102 2914 654 2093 41 3154 2541 4593
Route 18 : 412 2912 311 2008 4508 708 781 1185 2811 2116 3208 3685 702 4616 279 3202 2315 2252 3281 2779 410 4752 2910 1540 4815 4040
Route 19 : 1504 392 4004 2187 4687 2223 2892 1099 4723 226 3599 1481 2726 557 3981 3057 1395 515 2383 4883 3895 3015
Route 20 : 1660 4160 1382 3882 219 508 1680 2719 2461 227 4961 3008 147 942 2647 2183 2727 3442 1859 4359 958 1891 4391 3458 4683 4180
Route 21 : 1911 1614 634 4411 3134 1739 4114 95 2595 4239 718 507 3218 3007 1505 2397 4005 566 3066 1205 3705 4897 2317 4817
Route 22 : 473 1876 4376 2973 1414 28 3914 2528 922 91 3422 1268 2 2502 1034 2591 3768 1420 3534 2222 2409 4722 4909 2451 1523 3920 4023 4951
Route 23 : 1613 1577 4113 4077 1351 1925 3851 1260 3760 1055 3555 1451 4425 1755 725 3951 3225 2436 1013 4255 3513 4936 1488 3988
Route 24 : 1103 924 3603 1665 205 4165 522 1798 3424 4298 1890 4390 3022 2705 2028 2067 4528 1700 1735 4567 2266 4200 4235 951 4766 3451
Route 25 : 1362 44 2326 2544 666 3862 1527 3166 1806 4027 1001 1030 3501 4826 216 4306 1671 2716 3530 4171 2177 4677 1823 551 3051 4323
Route 26 : 1567 2284 2473 4067 4784 4973 1966 1759 4466 4259 110 2288 4788 1259 2610 1705 3759 291 2184 2791 4205 47 4684 1318 2547 3818
Route 27 : 254 2754 1403 1032 3532 3903 502 1021 3521 2277 3002 903 3403 2030 4530 2402 4902 504 4777 210 3004 2710
Route 28 : 22 2522 892 1990 4490 3392 179 1075 488 2679 2988 2416 3575 1548 800 4916 894 3300 4048 711 120 3394 2620 189 3211 2689
Route 29 : 2439 686 4939 3186 2472 998 3498 4972 1238 1240 3738 1402 3740 1300 3902 2302 3800 4802 1153 2304 4804 2244 3653 1661 4161 4744
Route 30 : 2396 1091 3591 4896 1291 720 3791 743 3220 3243 105 2605 462 2230 4730 2962
Route 31 : 1357 3857 2080 2318 4818 1449 4580 2460 3949 753 534 3253 4960 3034
Route 32 : 2341 4841 317 1467 80 2817 3967 2580 1794 1846 4294 249 4346 2749 1825 1948 4325 156 2656 721 4448 2191 4691 3221
Route 33 : 671 638 3171 2175 3138 2358 4675 1896 4858 4396 2151 4651 2296 4796 1670 4170 1776 4276 1901 2069 4401 1432 3932 4569
Route 34 : 1443 1703 3943 1556 4203 2392 1195 4056 4892 1984 767 3695 4484 3267 2133 230 4633 2730 2491 887 1178 4991 3387 1265 3678 1886 3765 4386
Route 35 : 639 844 3139 60 3344 183 2560 1506 2683 1804 4304 4006 1372 1872 4372 2357 3872 1649 4857 178 2678 4149 2148 415 2915 4648 357 2857
Route 36 : 2389 4889 1611 2294 1494 4111 431 4794 1816 2931 4316 3994 1423 3923
Route 37 : 1469 1552 3969 4052 2251 437 2937 1472 3972 513 1788 4751 4288 3013 1355 3855 126 2419 4919 2074 2626 1793 4293 4574
Route 38 : 485 1930 393 1998 4498 2985 2893 1924 4430 1554 4424 129 1411 2629 4054 3911 2209 4709 1943 1384 2369 4443 3884 4869
Route 39 : 581 170 65 3081 2670 2565 1333 1269 3833 871 3769 754 3254 1663 3371 4163 787 610 3287 1701 657 3110 4201 3157 1738 4238
Route 40 : 212 2712 539 1964 1235 3039 4464 986 3486 1980 379 3735 4480 2879 1031 418 478 2918 2978 83 3531 1005 3505 808 2583 3308
Route 41 : 406 1049 2906 350 3549 466 2850 559 2966 1345 3 3845 424 850 3059 2503 2924 3350 2010 1750 4250 4510 723 3223
Route 42 : 2348 4848 1200 1286 1426 3700 3926 1105 3786 2450 628 3605 456 2956 1977 3128 4477 4950 1352 1124 3852 106 853 2606 3624 3353
Route 43 : 810 3310 139 902 1435 2639 3402 1117 1562 3935 2205 3617 1604 4062 4705 257 4104 2757 736 63 3236 2563
Route 44 : 895 3395 1284 1598 3784 4098 1909 2045 1674 1182 4174 4545 3682 4409 1558 2033 1214 4058 3714 4533 2465 1046 4965 3546
Route 45 : 1761 4261 1421 1489 2403 3989 3921 1232 4903 85 3732 1498 2585 2002 4502 3998 220 268 2150 2768 2345 4650 4845 2720 1288 3788
Route 46 : 1141 981 3481 3641 1860 4360 1568 4068 2479 4979 2042 4542 1762 4262 460 2960 925 89 3425 2589
Route 47 : 1282 2149 3782 4649 1616 740 3240 2115 4116 4615 461 2961 943 1356 3443 1014 3856 3514 38 1724 2538 1687 4224 1476 563 4187 3063 3976
Route 48 : 845 532 1564 4064 1516 3345 1606 3032 4016 809 3309 4106 1999 1639 4499 2442 121 4139 1623 2621 312 4942 4123 2812
Route 49 : 1904 1772 4272 49 2549 4404 1837 2430 4337 1121 118 4930 3621 1431 2618 1824 3931 1574 4324 2081 4074 709 4581 3209
Route 50 : 1560 780 3280 4060 617 2356 3117 4856 192 2692 1069 387 1310 3569 3810 2887 2188 2279 759 4688 3259 4779
Route 51 : 1485 3985 1840 351 4340 439 2851 1662 2939 763 4162 497 3263 2997 2261 2240 839 4740 4761 1130 3630 3339
Route 52 : 2005 287 1220 3720 33 1767 2533 4505 2393 4267 756 4893 2401 3256 4901 1493 3993 1781 4281 2787 1581 4 2504 94 2594 4081 1802 4302
Route 53 : 2476 1899 4399 1954 4976 777 459 4454 2959 1128 3628 694 3277 1971 4471 3194 576 580 3080 1444 3076 3944 623 3123 1857 1760 4357 4260
Route 54 : 1961 525 4461 309 2809 875 3025 1537 3375 2056 1404 4037 4556 2363 1982 3904 2260 4760 4863 583 4482 3083 1157 2226 4726 932 3432 3657
Route 55 : 1958 4458 2482 936 1441 3436 3941 4982 2434 937 4934 3437 2158 1361 749 4658 3861 2267 3249 2199 4699 2128 4767 17 4628 2517
Route 56 : 1173 1064 3564 3673 1585 1400 4085 2044 764 3900 4544 1044 577 3544 2006 838 3338 3077 4506 696 1565 3196 3264 988 4065 3488
Route 57 : 1917 1952 747 4452 7 4417 1353 3247 2507 1297 3853 1630 3797 270 4130 1950 1119 2770 2327 4827 4450 349 3619 2849
Route 58 : 1784 1267 4284 917 3417 3767 1154 1993 4493 1997 4497 626 605 3126 3105 1877 3654 1707 4377 1281 3781 1446 4207 3946
Route 59 : 591 1854 339 2839 419 3091 4354 2919 103 1953 2333 2603 4833 1149 966 4453 3466 786 692 3192 3286 2153 3649 641 3141 4653 2189 4689
Route 60 : 1636 1695 4136 1148 3648 4195 2089 2114 1922 4614 4589 2398 4422 4898 1241 3741 2254 1334 4754 2429 3834 1375 2166 4929 4666 3875
Route 61 : 2204 4704 2027 145 846 2645 1305 228 4527 3346 3805 2728 332 278 2832 2778 141 582 2641 3082 2181 4681 1474 3974
Route 62 : 2390 4890 655 3155 2016 2480 4516 863 2500 3363 5000 795 4980 2011 3295 1706 940 4206 4511 1236 3440 301 3736 1344 2801 3844 416 2916
Route 63 : 2373 4873 1110 464 3610 423 2964 398 603 2923 2898 50 3103 2550 1640 776 4140 2180 3276 245 4680 2745 521 2316 3021 4816 1413 3913
Route 64 : 1944 2208 4708 4444 2271 4771 1408 755 3908 1533 1575 4033 3255 883 1880 3383 2484 4075 4984 956 2379 4380 1673 3456 4173 4879
Route 65 : 1340 606 3106 908 3408 3840 2091 2365 4591 663 2338 3163 4865 665 253 480 4838 2980 2753 3165 1023 3523
Route 66 : 2147 2253 318 4647 2818 275 2097 4753 2775 1233 4597 813 3733 3313 2457 1532 4957 2346 4032 2464 978 4964 4846 136 3478 2636
Route 67 : 1910 724 3224 1096 1509 4410 3596 506 3006 380 4009 2880 1022 1734 3522 2321 4234 1470 3970 4821
Route 68 : 1383 1717 1337 3837 1913 4217 859 3883 4413 2498 3359 1146 3646 4998 211 1072 2711 3572
Route 69 : 2426 4926 2052 1086 4552 175 3586 882 2675 893 3382 377 2877 1028 3393 3528 1889 1742 4389 704 4242 1605 3204 4105
Route 70 : 20 2520 1101 1960 3601 4460 1048 263 3548 2763 2073 1253 4573 496 3753 2996
Route 71 : 1056 1881 3556 953 3453 1600 4381 833 4100 1947 3333 4447 501 1667 4167 847 3001 3347 1626 1863 4126 1974 4363 4474
Route 72 : 1975 1003 1388 3888 1610 335 4475 3503 4110 1919 2835 4419 465 1580 4080 2207 2965 474 1746 4707 4246 2974
Route 73 : 954 3454 774 3274 587 3087 304 2804 1507 1690 4007 4190 1555 2085 4055 4585 122 518 602 3102 2622 1131 3018 3631
Route 74 : 342 2468 2842 4968 2004 1681 4504 4181 1320 1777 4277 3820 807 549 3307 3049 1905 37 4405 31 1541 292 4041 2531 2537 2792 2220 4720
Route 75 : 799 2474 4974 1385 3299 3885 1522 167 4022 202 2462 4962 2232 2667 4732 2702 766 565 3065 3266 2210 1338 3838 4710 1785 4285
Route 76 : 258 2096 2758 1409 994 4596 3909 2234 3494 547 1255 3047 4734 1094 3594 615 3755 533 3033 1343 3843 1483 3983 3115 1190 3690
Route 77 : 1347 858 3847 1773 3358 4273 1134 528 3634 878 1371 3871 3028 1231 3731 1833 3378 2094 4333 4594 1020 2170 3520 4670 531 3031
Route 78 : 1780 2414 4280 1159 1535 4035 1868 595 3659 4368 546 3095 2325 4914 4825 3046 2362 2258 4862 537 4758 1543 3037 1346 3846 252 4043 2752
Route 79 : 2306 4806 71 2168 1932 4668 2571 989 217 3489 2353 2717 4853 973 282 2782 3473 920 3420 1677 4177 830 1968 4468 3330 4432
Route 80 : 2172 760 4672 1125 3260 1093 761 3593 3625 1319 3819 3261 1336 1115 3836 3615
Route 81 : 390 614 3114 2890 2193 4693 138 2332 250 4832 695 3195 1962 2750 4462 1160 2638 806 3660 3306
Route 82 : 1593 643 589 3143 4093 51 2551 449 1350 3089 2137 3850 2423 4637 2949 79 4923 93 2579 1870 6 4370 1066 2593 3566 2506
Route 83 : 1144 914 3644 668 3168 1358 3858 3414 329 2324 1428 4824 1270 2829 3770 53 3928 901 1513 2553 144 3401 2644 4013 2421 4921
Route 84 : 647 232 3147 2292 2732 1239 3739 2319 4819 980 3480 409 4792 2909 158 1882 4382 2658 2497 857 3357 1572 4997 4072 509 3009
Route 85 : 1058 2159 4659 3558 691 1619 1547 3191 1895 4119 2231 4395 4731 4047 116 889 2616 3389 483 1965 995 4465 2983 3495 1137 3637
Route 86 : 1341 3841 2376 1164 538 3038 4876 453 2953 1095 3664 619 1329 3119 2078 3595 3829 2323 4823 181 290 2681 2790 2445 4578 4945
Route 87 : 1201 90 3701 552 2590 3052 2178 1892 4678 1143 4392 2425 3643 4925 1418 1283 373 3918 631 2873 3131 831 3783 3331
Route 88 : 1348 1370 1800 3870 965 3848 4300 1529 3465 4029 2447 2283 2082 4582 4783 685 4947 1378 3878 842 3342 741 3185 627 3127 2190 3241 4690
Route 89 : 23 2523 1008 239 3508 2174 2739 1519 4674 4019 246 269 2769 1694 4194 2746 1397 426 2926 801 3301 3897
Route 90 : 1321 3821 1070 3570 255 536 2755 433 3036 2448 2933 884 420 4948 1745 2920 3384 4245 1979 1053 4479 3553 2489 1248 4989 3748 2366 4866
Route 91 : 915 3415 2483 2449 2173 4949 4983 4673 2200 4700 1450 134 3950 1849 4349 2471 2634 14 1109 4971 2514 1737 3609 2156 4656 4237
Route 92 : 1817 2201 4701 1612 4317 1293 4112 338 302 2838 2802 3793 2145 1989 4489 4645 1002 771 3271 2354 1078 1478 3502 4854 3978 3578
Route 93 : 1978 913 4478 3413 1145 361 454 2954 2861 3645 2109 1736 4609 613 4236 2051 3113 273 4551 2773 157 2657 585 3085
Route 94 : 76 609 2576 727 3227 3109 180 1830 2224 2680 4330 2077 4724 1024 4577 2126 2308 4626 3524 4808 2070 1114 4570 3614
Route 95 : 1779 1373 3873 934 4279 1883 3434 1821 4383 2043 4321 926 2406 4543 288 4906 3426 1588 1722 2788 4088 87 1538 2587 4038 4222
Route 96 : 1753 4253 2435 896 3396 152 4935 2652 1514 277 2777 535 4014 3035 56 2556
Route 97 : 1642 2469 4142 4969 2048 2301 700 4548 395 4801 2463 2895 13 3200 4963 2164 2513 4664 1628 4128 251 963 2751 3463
Route 98 : 1635 556 3056 1898 4398 1841 112 4341 2612 1595 4095 1390 4135 1699 52 4199 625 3125 2552 3890 8 2508
Route 99 : 2101 4601 369 310 2869 2810 752 1682 3252 4182 346 568 2313 1725 3068 2846 4225 334 4813 2834 2075 64 4575 1466 2564 3966 1607 4107
Route 100 : 1186 176 2676 881 2408 3381 1903 3686 4403 1688 4188 4908 1643 400 4143 1168 2900 2061 4561 2236 3668 204 2704 4736
Route 101 : 470 2456 2970 4956 1009 2017 1879 3509 673 4517 99 4379 941 2599 1244 3173 2415 3744 3441 4915 837 3337 2066 661 3161 4566 2057 4557
Route 102 : 791 1147 3291 3647 1313 1097 971 3813 347 3597 2135 2847 4635 1077 2293 3471 3577 2039 2203 4793 982 3482 4539 4703
Route 103 : 1878 498 4378 2998 2083 1969 235 4583 728 4469 3228 1578 2735 1591 4091 788 4078 3288 715 3215 1644 1921 4421 2037 4144 148 2648 4537
Route 104 : 194 2412 4912 368 909 2694 2868 1752 4252 3409 2256 4756 2350 2035 1302 4535 4850 2440 3802 4940 2405 624 4905 2351 3124 4851
Route 105 : 276 2776 1102 742 3242 2367 3602 4867 2105 348 2155 4655 154 2654 2848 4605 588 1057 3088 1691 3557 4191
Route 106 : 1287 933 3787 3433 2492 2475 4975 1659 4992 2213 4713 4159 2132 530 4632 3030 366 2275 4775 651 1732 3151 4232 2866
Route 107 : 852 3352 514 3014 1257 2257 3757 2053 977 4757 2063 4553 3477 213 4563 2713 2272 762 4772 1098 3598 1573 3262 4073 1176 323 2823 3676
Route 108 : 1299 3799 2245 4745 1782 4282 738 872 3238 55 2047 2555 4547 3372 1657 61 1844 2561 4344 4157 2478 1693 4193 4978
Route 109 : 1246 1266 3746 1490 1150 3990 2334 3766 689 3650 891 3189 2117 3391 4834 4617 54 2554 2139 2265 4639 4765 2417 993 3493 46 4917 2546
Route 110 : 1929 785 3285 1648 984 4429 4148 3484 1528 629 2087 751 3129 4587 3251 4028 1730 341 4230 2841 584 888 3388 3084 2432 642 3142 4932
Route 111 : 185 562 2685 1045 3062 3545 1763 811 4263 849 3311 1511 1492 3349 3992 4011 2377 916 4877 3416 1440 713 3213 1599 3940 4099
Route 112 : 370 1331 2870 476 115 3831 1429 2976 444 2615 1967 2944 3929 319 2819 960 4467 1641 4141 1306 3460 101 3806 2601
Route 113 : 92 2592 117 1298 2617 1702 3798 4202 340 1592 2840 4092
Route 114 : 594 1679 3094 413 4179 2913 171 1258 2671 3758 375 2295 1275 4795 2875 2360 3775 2378 4860 284 4878 2784 1757 1276 3776 4257
Route 115 : 664 596 3164 3096 1304 2320 1920 3804 445 4420 2945 4820 1765 4265 707 2488 4988 2400 133 4900 2633 256 1059 3207 733 3559 3233 2756
Route 116 : 2269 616 484 2984 1196 4769 3116 3696 2361 1945 4861 4445 428 374 2928 2874 2340 2036 4840 36 4536 172 2672 900 2536 3400
Route 117 : 2382 2108 4608 200 1559 4882 2700 2212 2098 4712 1713 4059 931 4213 1789 4598 3431 4289 803 86 2433 4933 3303 2586 1936 4436
Route 118 : 1764 206 2458 2706 4958 1550 4264 4050 343 939 2843 2227 4727 3439 1175 983 3483 3675 1084 5 59 2505 911 3411 1194 3694 2559 3584
Route 119 : 544 66 832 3044 1036 2566 3332 2264 4764 24 3536 2524 2084 4584 1430 1092 3592 1033 3930 757 2278 1708 3533 4778 3257 35 4208 2535
Route 120 : 1728 1455 1187 3955 3687 1906 4228 330 4406 2830 750 1167 3667 3250 870 2399 2347 3370 4847 805 3305 4899 1197 970 3697 3470
Route 121 : 2387 4887 1113 2167 3613 4667 1815 817 4315 3317 325 1427 3927 1410 3910 2161 11 2825 592 4661 2511 3092
Route 122 : 675 1937 3175 1858 4437 4358 1104 3604 285 1770 2154 4270 2785 1621 4654 4121 1818 4318 283 2142 2783 446 4642 2946
Route 123 : 1038 1624 160 3538 1447 4124 3947 1584 2157 2660 4084 877 4657 3377 1655 401 4155 1242 2901 452 3742 457 2957 2952
Route 124 : 2138 4638 2470 2322 495 2995 4970 4822 1518 1672 975 4018 4172 1805 4305 1374 3475 174 3874 1842 1445 2674 3945 4342
Route 125 : 1454 1088 1335 3588 3954 3835 836 294 3336 1775 2141 327 4641 492 4275 2794 2003 2992 2827 1477 4503 1684 4184 1608 4108 3977
Route 126 : 2055 1654 4154 153 4555 876 2140 2653 2477 3376 4640 4977 2029 114 2614 2239 4529 4739 1810 864 4310 3364 1632 2291 4791 4132 2038 306 2806 4538
Route 127 : 822 3322 1561 2303 4061 4803 261 421 2921 2761 1158 3658 1399 1771 3899 1569 1949 4271 4449 4069 2106 362 4606 520 2862 3020
Route 128 : 299 2799 682 645 3145 827 3182 1252 3327 3752 1530 860 2049 3360 4549 1499 4030 3999 1433 2428 1074 3933 3574 4928
Route 129 : 772 425 1983 4483 3272 2925 197 1809 4309 548 2697 231 3048 1018 2731 3518 2026 2163 438 4526 4663 2938 238 2738
Route 130 : 272 1391 1902 4402 3891 1015 3515 2772 107 1412 2607 3912 1638 1434 3934 1629 4138 440 4129 396 1951 2896 4451 2940
Route 131 : 784 2242 3284 4742 1060 146 688 3560 344 2646 2844 295 3188 550 1664 2795 1065 3050 4164 1112 3565 3612 1162 3662 2216 4716
Route 132 : 935 305 3435 2805 1209 748 3709 947 3447 1853 4353 3248 1251 679 3751 1314 3814 569 3179 3069 880 448 2948 1852 3380 4352
Route 133 : 1566 719 4066 386 2144 2886 3219 1107 4644 162 804 3607 3304 927 475 2662 3427 2975 826 494 2994 3326 1387 3887
Route 134 : 897 432 862 3397 1118 1213 3362 2932 3713 3618 315 2407 4907 2388 2815 2352 2466 4888 4852 1557 4966 4057
Route 135 : 403 354 2903 2854 2152 545 4652 3045 1245 3745 1712 620 4212 1202 3120 681 3702 2129 1525 3181 4629 1085 4025 3585
Route 136 : 1697 4197 1915 10 2510 1243 4415 3743 168 2380 985 3485 4880 98 1482 2598 2668 72 3982 1222 2572 3722 1184 3684
Route 137 : 1327 2018 4518 1579 790 3827 3290 4079 1869 768 4369 843 905 3268 3405 3343 2413 2241 4913 4741 25 2311 2525 427 2927 4811
Route 138 : 441 2941 824 1417 271 2771 959 3459 3917 1169 1179 3324 3669 3679 123 2623 2441 4941 769 331 1193 3269 2831 3693
Route 139 : 2086 4586 1392 2214 3892 2032 4714 1526 4532 2211 4026 1234 4711 3734 840 3340 529 802 3029 2394 4894 336 2836 3302
Route 140 : 471 2971 182 1171 3671 1650 1006 2682 2493 4993 4150 1845 3506 1458 4345 1365 241 3958 3865 2741 1042 1807 3542 4307
Route 141 : 243 1622 2743 4122 1264 3764 1963 4463 233 2733 1037 1108 3608 3537 1295 3795 203 187 2703 2687 1986 2249 4486 4749
Route 142 : 964 3464 1741 710 3210 2059 4559 4241 1756 1747 4256 1666 4247 4166 1698 1653 4153 938 3438 599 1165 4198 3665 3099
Route 143 : 1615 2248 1437 2238 4115 3937 4748 1139 2336 4738 4836 1089 730 3639 3589 2113 3230 1457 225 4613 2289 3957 2725 4789 1609 4109
Route 144 : 1448 2219 4719 207 3948 1323 3823 19 2707 479 2979 1211 57 3711 2519 208 2557 2708 100 81 2600 874 2581 3374
Route 145 : 997 1249 3497 1261 861 3761 3749 3361 2312 1791 542 3042 1645 4812 2134 4145 4291 1542 4042 4634 1769 1278 4269 3778
Route 146 : 1714 4214 73 773 2573 3273 1790 717 3217 4290 1576 166 4076 1710 2666 1832 4210 70 4332 820 2570 2490 4990 3320
Route 147 : 1043 967 3467 706 3543 1230 3730 125 3206 2625 2007 658 1766 4507 572 4266 3072 3158 907 472 9 2215 4715 2509 1729 4229 3407 2972
Route 148 : 597 417 3097 2917 1120 2022 3620 1279 4522 928 3428 3779 990 1471 3490 2160 1571 4660 1668 3971 4168 137 4071 2280 4780 2637
Route 149 : 27 873 3373 2527 165 1189 2665 324 3689 2824 2290 435 2107 4607 674 2935 4790 1465 3174 3965
Route 150 : 1744 4244 835 1025 3525 2192 4692 2185 3335 2176 4685 2179 4679 1227 4676 2299 4799 3727
Route 151 : 142 1570 4070 1386 2642 29 2529 97 2597 2095 3886 601 4595 1464 74 3101 1123 3623 1111 3611 3964 2574 1873 4373 1029 3529
Route 152 : 851 991 2331 1912 4412 221 3491 4831 2202 2721 2418 1406 4918 4702 1040 910 3906 3410 3540 2079 3351 4579 236 2736
Route 153 : 1834 1521 4334 1317 4021 3817 1377 43 3877 1893 4393 1226 2543 127 3726 1380 1177 2627 3677 697 3880 333 1658 4158 2833 3197
Route 154 : 119 1271 458 3771 2619 921 3421 2958 1136 2276 3636 4776 2459 716 3216 2131 2481 1496 4631 4959 4981 929 3996 3429
Route 155 : 662 3162 199 573 3073 447 2699 307 2947 1867 2807 2182 4367 2025 4525 4682
Route 156 : 644 633 3144 3133 906 222 2722 677 3406 1180 3177 1290 1379 3790 3680 3879 1394 1847 4347 3894 607 1419 3107 3919
Route 157 : 650 1727 2246 1206 3150 4746 3706 4227 2235 2454 2343 4843 829 3329 792 4735 1871 4371 2125 3292 1142 3642 4625 1633 1861 4133 4954 4361
Route 158 : 2385 1027 3527 1254 3754 744 4885 2285 3244 1553 2206 4785 4706 1224 3724 1339 1039 4053 469 3539 2969 1786 407 2907 3839 2023 4286 4523
Route 159 : 328 2828 1191 1315 3815 1188 3688 1459 3959 1296 3691 2307 3796 68 4807 1324 3824 2568 1517 1931 4017 4431 1887 4387
Route 160 : 571 1453 3953 3071 69 1874 2569 712 4374 3212 1827 1972 4472 4327 1405 96 451 2596 2951 3905 1865 1758 4258 4365
Route 161 : 1715 4215 2050 381 4550 2404 952 2881 1856 2446 4904 4356 3452 1545 4045 1942 4442 4946 1590 4090
Route 162 : 770 660 3270 34 3160 2534 82 2582 737 527 3027 1376 363 2863 3876 3237 296 1774 4274 289 2796 2789 360 2860
Route 163 : 968 130 2630 3468 262 2762 879 155 2655 2165 3379 4665 2237 1342 4737 3842 356 553 3053 1692 2856 4192 866 699 3366 1987 3199 4487
Route 164 : 2111 524 443 3024 1082 2943 1625 4611 4125 3582 1463 434 2934 1152 3963 3652 1839 491 4339 818 3318 2991
Route 165 : 1140 3640 1122 1163 3622 1460 2375 3960 4875 1835 555 3663 3055 1366 3866 4335 259 359 1914 4414 1212 2759 2859 3712
Route 166 : 303 2803 1524 1135 3635 281 223 4024 2723 2781 918 825 3325 855 3418 3355 1272 193 2693 593 3772 1601 3093 4101
Route 167 : 84 2384 2584 1956 4884 944 683 3444 3183 1933 4456 4433 2041 1502 4002 4541 1583 1285 300 3785 4083 1927 4427 2381 4881 2800
Route 168 : 554 3054 1484 75 1127 3984 3627 1210 2575 3710 149 1308 2649 1170 1000 3500 1656 3670 505 3808 4156 3005 1996 4496
Route 169 : 1916 436 564 2936 3064 1733 4233 1183 4416 3683 1510 950 4010 1685 1294 3450 40 3794 4185 2540 1683 1711 4183 4211
Route 170 : 2255 2368 4755 1223 4868 3723 1939 912 4439 2046 3412 1330 2118 4546 4618 1787 3830 1225 961 4287 517 3461 3017 2040 3725 945 3445 4540
Route 171 : 411 391 511 2891 1829 2911 1704 2197 3011 1367 4329 4697 1247 4204 3747 3867 430 355 1646 2855 4146 1349 3849 2930
Route 172 : 2092 2019 1480 4592 4519 2228 3980 600 4728 2431 3100 4931 558 364 1229 3058 3729 2455 2452 2864 169 4955 2669 4952
Route 173 : 1263 1515 4015 3763 865 1181 3365 2243 3681 1363 4743 3863 611 3111 2062 1503 4562 4003 173 598 1726 3098 4226 2673
Route 174 : 2371 237 987 2737 2060 4560 4871 3487 1946 899 3399 1988 1546 4488 4446 1686 1151 4186 957 3651 4046 3457 500 3000
Route 175 : 979 1897 3479 4397 1063 1748 4248 3563 382 2882 1087 1364 3864 3587 1133 816 3633 224 3316 2724
Route 176 : 2427 2262 4927 4762 1062 652 3562 3152 503 1587 4087 188 2688 672 3003 3172 2250 4750 1811 560 2287 3060 4311 4787
Route 177 : 992 353 948 481 3448 2853 2981 1796 4296 3492 1992 215 828 2715 78 2578 150 4492 3328 1822 4322 1885 2650 1985 4485 4385 659 3159
Route 178 : 2171 1277 930 3777 266 2766 3430 163 4671 604 191 2691 3104 1539 678 4039 3178 2088 2663 621 4588 1900 1795 3121 4400 4295 429 2929
Route 179 : 949 2281 3449 2411 4781 4911 18 1424 3924 2518 1799 1004 4299 726 3226 135 919 3419 1322 3504 30 2635 3822 2530
Route 180 : 687 640 3187 2136 3140 1307 4636 567 3067 996 3807 1970 1011 3511 4470 3496 293 904 1203 3404 898 2793 3703 2233 3398 4733
Route 181 : 1237 1875 722 834 3737 3334 4375 248 2748 2443 3222 4943 1090 1512 670 3590 4012 2364 3170 4864 512 3012
Route 182 : 111 1166 2263 2611 3666 758 4763 1647 3258 2485 4147 814 3314 1401 4985 16 3901 1026 3526 1126 2516 2015 4515 3626 190 815 2690 3315
Route 183 : 280 778 3278 955 2780 2420 1536 4920 3455 1156 3656 1396 1462 4036 3962 3896 579 108 797 3079 3297 2608 1848 140 2640 4348
Route 184 : 1928 4428 561 32 3061 365 1721 2532 4221 1439 2865 1812 3939 1138 3638 4312 1381 1041 3541 3881 1452 3952
Route 185 : 1051 159 2659 195 3551 477 1508 2695 2065 4008 2977 1792 4292 2247 1461 3961 4565 1215 3715 240 4747 486 2740 1050 1129 2986 3629 3550
Route 186 : 131 976 3476 2121 2631 1497 3997 4621 2072 1620 4572 4120 1709 1955 1100 4455 297 3600 2797 45 2545 4209
Route 187 : 1652 608 2021 4152 2218 1884 3108 636 4521 4384 4718 3136 26 2526 2198 4698 1155 1456 3655 2068 3956 4568 974 1941 4441 3474
Route 188 : 2020 2286 4786 4520 1389 3889 493 1768 885 2993 3385 1908 267 2767 397 4408 1017 4268 630 2897 2102 4602 3517 3130
Route 189 : 649 2119 1888 4619 1080 3149 4388 1067 2349 4849 1689 4189 1926 3580 2130 4426 4630 1316 1106 3816 1501 3606 3567 4001 1976 4476
Route 190 : 869 1731 1073 4231 3369 1797 684 3573 321 3184 4297 313 2821 1262 2813 729 3762 3229 1369 2337 4837 3869
Route 191 : 1634 1360 3860 242 4134 1332 3832 1597 2742 4097 1627 1918 4127 734 1866 4418 3234 1219 4366 1052 1354 3719 3854 848 3552 3348
Route 192 : 1675 21 4175 2391 2521 4891 1301 886 3386 3801 783 1047 3283 2013 3547 2422 4513 4922 388 701 3201 2888
Route 193 : 234 402 2902 2104 4604 2734 2268 58 4768 1328 2558 3828 1826 622 4326 1475 3122 735 3235 3975 526 482 3026 2982
Route 194 : 2444 2143 4643 4944 1716 1520 4216 186 1994 4494 2686 1198 1217 4020 3698 1582 819 3319 3717 4082
Route 195 : 1563 1487 3987 4063 698 510 314 3010 3198 2814 358 1161 3661 2858 703 1438 3203 62 3938 2562 2437 1938 4438 4937
Route 196 : 2282 1425 4782 320 3925 2820 2112 1719 646 4219 1035 4612 384 2884 782 3146 3282 1813 3535 653 4313 3153 2305 322 4805 442 2355 4855 2822 2942
Route 197 : 1754 1603 4254 1019 260 3519 2760 316 4103 2816 1637 102 2194 2602 4137 543 4694 2344 3043 4844
Route 198 : 2330 999 3499 337 2090 2837 4590 4830 1208 3708 1216 3716 632 1838 3132 408 2122 4338 4622 2908
Route 199 : 867 739 3367 1221 3239 3721 1669 143 4169 2643 383 1068 1495 3568 2883 841 3995 2024 4524 1422 3341 1228 3728 1416 3922 3916
Route 200 : 1783 4283 124 1864 516 2624 2410 2494 4910 4364 3016 2370 4994 2273 4773 4870 1393 2100 3893 1274 4600 2031 4531 3774
Route 201 : 1751 746 1083 4251 3246 3583 1828 1923 77 2577 4423 2297 1801 4797 4328 109 4301 2609 523 2259 779 3023 1720 3279 4759 4220
Route 202 : 1940 775 796 3275 3296 4440 1551 1862 4051 4362 151 540 2651 3040 2335 2110 4835 2221 4721 4610 2001 4501 2359 2064 4859 4564
Route 203 : 890 1436 3936 1743 3390 2123 4243 4623 2486 2499 4999 4986 1808 1081 868 3581 4308 1534 3368 1991 450 4491 2950 4034 541 229 2729 3041
