Instance name : poa-n200-2
Authors       : Isaiah Reimer (isaiah.reimer@rideco.com). RideCo (rideco.com)
Date          : 2023-03-21
Reference     : Rideco PDPTW Solver
Solution
Route 1 : 42 8 108 91 142 92 48 148 192 87 191 100 187 29 200 129
Route 2 : 16 116 46 146 19 119 65 89 189 165 21 73 173 121 62 162
Route 3 : 76 66 176 59 159 166 17 83 183 117 38 41 138 58 158 141
Route 4 : 82 60 64 160 164 69 182 94 169 95 194 33 53 26 195 133 153 126
Route 5 : 45 2 102 145 36 79 25 136 125 54 179 154 24 90 190 124 56 156
Route 6 : 15 27 13 127 37 115 113 67 137 31 131 86 186 167
Route 7 : 68 5 105 168 88 188 35 75 135 23 175 123 22 122 52 20 120 152
Route 8 : 47 70 147 170 97 18 50 118 1 101 197 150 55 44 155 144
Route 9 : 71 171 63 163 11 111 74 39 34 139 10 110 72 134 174 172 7 107
Route 10 : 40 80 96 180 140 30 130 43 143 196 3 85 103 185
Route 11 : 6 106 28 49 128 61 98 161 93 198 193 149 84 9 109 99 199 184
Route 12 : 78 57 178 157 81 181 12 32 77 132 177 51 14 112 151 114 4 104
