Instance name : poa-n3000-5
Authors       : BIG3 - Dmitriy Yampolskiy, Egor Nikolaev and Daria Savina. Smart Logistics Point by the BigThree team (big3.ru).
Date          : 2025-04-22
Reference     : BigThree team (big3.ru)
Solution
Route 1 : 669 976 1253 2476 2169 1444 2753 735 2235 1299 2944 248 825 1748 2325 693 2799 2193 715 2215
Route 2 : 1418 2918 436 829 1936 273 457 2329 1957 1773 937 89 1589 358 2437 1409 1858 661 2909 2161
Route 3 : 403 1292 2792 579 832 2332 791 1903 913 2291 1080 109 2079 2413 130 1609 2580 1630
Route 4 : 1095 1073 2573 444 2595 1944 1229 1252 1456 2729 2956 2752 772 1042 2542 2272
Route 5 : 1057 1040 2540 1424 2557 438 1938 2924 854 847 2347 2354
Route 6 : 662 824 2324 2162 671 1472 563 2063 2972 297 2171 752 294 116 2252 1797 1616 1794
Route 7 : 969 1128 2469 768 1366 2268 2866 2628 258 841 2341 806 1758 2306 1488 2988 630 2130
Route 8 : 845 428 286 1786 335 2345 978 2478 1835 1928 475 1103 2603 1975
Route 9 : 169 136 115 1669 892 2392 72 1636 1572 1615 650 435 1935 346 2150 936 32 1846 2436 1532
Route 10 : 1009 668 60 2168 1560 222 466 2509 1966 766 2266 1722
Route 11 : 377 1174 120 1877 1414 2674 1620 170 2914 1670 145 1325 567 1645 2825 2067
Route 12 : 885 159 1659 1228 2385 553 2053 405 2728 1905 1373 142 2873 1642 1151 2651
Route 13 : 380 188 1880 1688 296 672 1796 336 1289 1836 2172 2789
Route 14 : 308 541 1808 175 2041 1675 1451 1464 916 2951 2964 2416 708 312 2208 1812 460 1960
Route 15 : 839 681 2339 2181 78 1186 2686 314 888 1578 2388 1266 1814 2766
Route 16 : 686 1169 2669 624 2124 2186 573 205 660 1705 2073 369 2160 688 1869 725 2188 1398 2225 2898
Route 17 : 848 2348 621 2121 712 783 948 2283 2448 2212 1236 353 558 2058 2736 1853
Route 18 : 705 711 2211 663 2163 190 2205 319 1690 858 863 1819 1374 1326 2358 2363 422 2874 1922 2826
Route 19 : 552 1305 2052 164 1664 1075 2805 924 2575 1020 2424 2520
Route 20 : 1004 2504 42 265 1765 473 1542 1973 584 521 1279 2021 1046 2779 2084 2546
Route 21 : 1206 1295 743 2795 2706 118 1351 2851 1618 2243 129 555 1629 830 2055 1154 2654 125 2330 1625
Route 22 : 1257 1474 2757 327 1827 757 1324 2257 2974 472 1972 137 2824 1637
Route 23 : 748 1382 2882 2248 148 1248 1156 1648 2656 495 2748 691 807 2307 1995 55 1555 2191
Route 24 : 266 1110 828 2328 337 2610 1198 1837 172 1766 2698 344 153 1672 1844 1653
Route 25 : 740 253 2240 1076 1476 477 2576 745 1977 199 1753 529 2976 2029 1699 2245
Route 26 : 935 1021 632 2435 601 2132 2101 812 2521 1309 2312 774 38 2274 1538 2809
Route 27 : 3 487 406 1906 1987 500 1006 1503 2000 1268 2506 2768 230 178 1730 1678 707 2207
Route 28 : 1244 2744 1321 1437 2937 2821 957 196 1194 1696 1086 139 2457 1639 2694 2586
Route 29 : 1195 1412 2912 2695 763 1281 1357 2857 1471 2781 2263 1407 1477 2907 2971 2977
Route 30 : 1159 2659 424 310 1810 646 1924 1176 2146 1379 2879 2676 1085 147 485 2585 1647 1985
Route 31 : 860 7 376 794 2360 1507 28 1528 676 1876 1419 2294 1131 2631 701 2176 2919 2201
Route 32 : 1118 991 476 1976 2618 168 2491 703 1141 1668 2203 2641
Route 33 : 162 1447 1662 24 2947 1166 1524 1089 2666 144 534 2589 1644 1455 2034 2955
Route 34 : 1435 1183 2683 281 912 2412 1781 640 2140 1093 2935 232 2593 97 623 1597 1732 2123
Route 35 : 1018 445 2518 599 2099 544 1945 2044 1359 947 2859 692 2447 963 2192 2463
Route 36 : 482 345 1982 532 1307 2032 546 1845 813 2807 1158 2658 287 2046 1787 2313
Route 37 : 454 792 1387 1954 2887 1220 950 2450 2292 871 2720 585 2085 2371
Route 38 : 1291 859 200 1153 2359 2791 1700 2653 446 869 1946 547 1377 2877 2047 2369 1254 2754
Route 39 : 542 1436 920 2420 439 2936 2042 224 1129 1939 1724 613 1445 2629 161 2945 1661 925 2113 2425
Route 40 : 16 270 1516 1770 727 1296 2227 184 1684 2796 311 717 1811 2217
Route 41 : 656 569 2156 2069 1099 185 2599 1685 171 966 1671 999 1134 610 2466 2110 2634 2499
Route 42 : 1196 225 2696 1493 1725 1231 113 644 2144 1613 2731 2993 470 985 2485 1970
Route 43 : 317 1473 1817 176 1421 1676 724 2224 2921 244 626 2973 878 2126 2378 1744
Route 44 : 85 1264 2764 1585 119 1440 1619 2940 515 1215 2015 300 836 397 1897 2715 140 2336 591 1800 1640 2091
Route 45 : 155 1401 689 751 2189 2901 47 1655 241 1741 2251 2 1547 928 2428 587 2087 1502 313 1813
Route 46 : 905 71 620 1571 1160 896 2405 1497 2120 2660 2997 11 1333 2396 1511 571 2833 619 2071 2119
Route 47 : 1091 2591 1370 679 1094 2179 364 2870 526 2594 413 1864 2026 1913 820 2320
Route 48 : 392 1892 1028 1312 814 2528 1433 2812 1071 2933 1395 2895 2571 822 2314 742 2322 2242 1207 2707
Route 49 : 20 1520 1126 102 2626 857 589 2089 1602 972 2357 2472
Route 50 : 1152 217 2652 917 1717 980 776 995 2417 678 2480 2178 2495 2276
Route 51 : 849 785 2285 726 2226 2349 75 443 352 243 1852 1743 1575 1943
Route 52 : 1300 5 2800 631 1505 400 254 1 2131 1900 1415 2915 1501 1754
Route 53 : 527 458 2027 1958 417 57 195 1695 1557 187 1917 1172 1687 201 737 2237 1701 2672
Route 54 : 318 1462 1818 2962 1037 572 1139 2072 2639 357 331 611 2537 1831 900 2400 1403 2903 1857 2111
Route 55 : 1070 37 1537 2570 1163 1053 2663 746 540 2553 2246 52 1552 899 2399 2040
Route 56 : 1277 447 777 2777 1947 474 2277 615 1974 1114 2115 2614 1033 1308 901 2808 2401 2533
Route 57 : 303 1803 921 927 2421 543 1054 2043 2554 370 2427 1870 1191 1135 2635 659 2159 2691
Route 58 : 341 984 2484 332 1061 1188 1841 1832 562 2561 2688 2062 404 593 1904 2093
Route 59 : 1235 26 2735 1526 6 539 179 1164 2664 108 1506 1454 2039 1679 2954 234 1734 1608
Route 60 : 90 1410 220 1590 2910 851 1720 2351 15 566 1515 2066
Route 61 : 158 1485 1658 690 2190 2985 1353 519 2019 1270 2770 702 2853 2202
Route 62 : 1446 1290 2790 371 221 1871 430 2946 486 1032 1930 302 1802 2532 1721 1986
Route 63 : 633 396 1896 2133 375 1875 658 1239 2739 1319 2158 826 1181 2681 2819 2326
Route 64 : 152 889 1652 1117 2617 2389 665 1478 2978 189 2165 628 1689 577 2077 2128
Route 65 : 359 1024 2524 501 2001 93 1859 902 1593 603 2402 360 292 1860 2103 1792 1500 3000
Route 66 : 883 128 687 2187 223 1628 1723 734 2234 283 1303 2383 1273 2803 106 1783 1606 1221 2773 462 1962 2721
Route 67 : 1302 971 867 2471 2367 675 2802 1059 324 2175 736 1824 2559 2236
Route 68 : 415 1336 1915 816 2836 247 233 1747 1733 14 2316 801 1514 2301 793 2293
Route 69 : 239 1739 879 193 939 2439 1342 2379 62 1693 268 1112 1768 2612 2842 1562
Route 70 : 1263 1469 2969 1492 2763 1352 2992 461 2852 642 1961 2142 819 1328 2828 653 1275 2153 2319 2775
Route 71 : 908 1044 251 2408 194 1751 2544 22 1694 1479 827 1522 2327 13 2979 1513
Route 72 : 35 1315 2815 1187 2687 1155 938 1535 46 2655 1546 51 291 2438 1551 1791
Route 73 : 463 135 1635 1481 1963 213 183 416 2981 1185 2685 1713 1683 1916 1146 786 2646 2286
Route 74 : 987 780 2487 2280 998 1143 2498 2643 1388 1259 2888 441 1941 506 2759 2006 625 2125
Route 75 : 1171 218 906 2671 1718 918 478 2406 1978 112 2418 805 583 1612 2083 516 2305 2016
Route 76 : 1484 943 2443 2984 53 1463 1286 1553 338 1838 134 2963 2786 491 1634 535 2035 1991 389 1889
Route 77 : 23 1269 1523 1142 2642 323 2769 453 1495 1823 2995 884 1953 887 2384 2387
Route 78 : 968 530 361 1079 1861 1346 2468 2030 2846 1147 1498 2579 2998 2647
Route 79 : 602 309 1809 810 2310 2102 722 595 518 2095 2222 2018
Route 80 : 381 1204 2704 442 1881 347 638 304 305 1847 1805 1942 385 1885 1804 2138
Route 81 : 578 1136 2636 12 1512 1200 1491 2700 1470 2078 467 2970 1967 2991 652 904 870 2370 2152 2404
Route 82 : 1341 493 1993 1349 2841 2849 840 1066 2566 1064 92 2564 2340 1010 880 1592 2510 2380
Route 83 : 730 274 1774 2230 1108 29 1529 1007 2608 4 1494 181 2507 1681 1504 2994
Route 84 : 1149 2649 1047 410 1250 2547 1030 954 2750 2530 1486 2454 1910 17 2986 1026 2526 1517
Route 85 : 131 293 1631 700 773 1055 1793 1121 1216 2273 2716 2621 882 2200 2555 1102 2382 2602
Route 86 : 755 2255 284 1361 1784 154 714 2861 1429 1654 2214 1287 1288 2929 36 2788 2787 1536
Route 87 : 795 2295 1256 1116 2616 282 2756 76 1576 44 1782 1105 1544 684 2184 2605
Route 88 : 612 1179 383 2679 1883 1249 1022 240 2112 1083 1740 2522 2583 379 2749 1879
Route 89 : 1345 99 2845 973 2473 1123 1599 278 2623 133 1778 1320 894 1633 481 2820 1981 2394
Route 90 : 387 996 1887 580 2496 764 2264 2080 677 180 1680 280 2177 1780
Route 91 : 1422 1168 2668 1391 2891 339 2922 891 576 1839 2391 464 2076 384 1884 1964
Route 92 : 639 1386 798 1298 2298 2139 550 2798 804 2050 2304 2886 886 729 2386 2229 399 1247 2747 1899
Route 93 : 1330 1443 2830 79 2943 414 1579 124 94 1332 1594 1914 861 2832 648 1624 2148 2361
Route 94 : 228 489 1728 1989 103 1313 1490 2990 1603 970 2470 2813 431 88 1931 1588
Route 95 : 654 559 2154 831 2331 227 2059 1119 1727 1182 1127 2682 2619 586 2627 2086
Route 96 : 1449 1034 781 844 2534 2949 2281 1378 2344 1339 2878 588 2839 2088 1015 818 2515 2318
Route 97 : 95 45 449 1545 1595 549 421 1949 1921 507 2049 2007 930 955 2455 2430
Route 98 : 1274 744 456 1104 2604 2774 110 2244 1392 2892 1610 799 1956 1260 2760 2299
Route 99 : 893 98 2393 1148 1598 1027 2527 326 2648 509 1826 2009 1077 1280 2577 2780
Route 100 : 956 802 2456 907 2407 1314 2302 940 1063 2440 330 2563 2814 214 1830 1714
Route 101 : 565 682 490 1990 1242 2065 1113 2182 674 408 1908 2174 2613 953 2742 2453
Route 102 : 402 342 1056 1842 1902 1355 2556 272 2855 503 1772 146 2003 1646 1084 2584
Route 103 : 946 259 1088 2446 2588 1082 276 1776 2582 1759 607 2107 520 151 2020 1651
Route 104 : 1397 651 2151 2897 1381 82 1582 788 2881 2288 301 498 1801 1998
Route 105 : 698 977 2198 320 2477 1262 1820 574 2074 355 2762 1316 2816 1855
Route 106 : 1337 865 2837 452 2365 1285 838 2785 837 2338 1184 1952 2337 2684
Route 107 : 779 126 1626 1035 237 2535 2279 58 122 1737 83 1011 1558 2511 127 1622 1583 1627
Route 108 : 231 1731 862 429 141 1929 1641 2362 1434 479 782 2934 1979 2282
Route 109 : 440 990 1940 502 298 2002 138 1798 2490 469 1969 197 1638 1697
Route 110 : 575 1369 2075 2869 455 203 657 1955 1703 68 592 1568 2092 2157
Route 111 : 1284 77 2784 1106 1577 420 2606 426 1920 398 1926 760 1898 2260
Route 112 : 210 157 1710 434 264 1657 1764 19 1062 1934 989 2562 1519 2489
Route 113 : 1051 1144 2551 340 2644 1217 1840 2717 1400 759 2900 2259 41 1541
Route 114 : 255 536 2036 1457 1755 511 629 2957 2011 219 2129 54 1554 1719
Route 115 : 754 471 1971 655 2254 582 2155 1243 1338 2743 2082 1364 2864 2838
Route 116 : 226 215 1715 1726 1016 412 2516 1393 1912 560 150 1650 2060 2893
Route 117 : 1165 2665 1019 329 2519 1265 1000 2500 1001 1829 390 432 1890 994 2501 328 1932 1828 2765 2494
Route 118 : 738 897 2238 1442 1122 1060 1347 2560 2942 70 2397 2622 1376 1570 2847 1101 2876 2601
Route 119 : 1205 749 1408 2249 1487 2908 1365 2705 2987 2865 105 198 1698 1605
Route 120 : 279 1459 2959 1779 465 459 1965 933 517 2433 2017 1959 797 2297
Route 121 : 1452 407 91 1907 1591 2952 1439 322 48 1822 2939 1548
Route 122 : 156 811 1656 160 2311 261 614 1660 1761 1427 2114 2927
Route 123 : 1097 1068 1043 2543 873 2568 944 2597 504 2373 2004 2444
Route 124 : 1278 107 864 1607 1343 2364 2778 1065 1213 2565 2713 2843
Route 125 : 43 388 680 1543 1350 2850 1390 2180 1888 1052 2890 2552
Route 126 : 1323 997 1416 2823 2916 2497 694 81 2194 525 1581 2025
Route 127 : 25 1525 723 767 262 2223 1762 1069 2267 962 1111 2462 2611 2569
Route 128 : 1025 1175 2675 427 1927 245 1157 2525 645 1745 2145 149 1649 2657
Route 129 : 1150 1226 919 2726 508 551 2419 2650 2008 1413 910 2051 1356 2913 1096 2410 2856 2596
Route 130 : 1130 1233 2630 842 363 1863 242 2342 1081 1742 2581 2733 1224 1162 2724 362 1862 2662
Route 131 : 941 18 981 1518 2481 325 123 34 2441 1049 1825 2549 1534 1623 1372 74 2872 1574
Route 132 : 942 61 263 67 1561 2442 1763 1358 852 1354 2352 2858 697 2854 1567 2197
Route 133 : 683 451 2183 378 1214 1951 1878 2714 64 1219 1564 1031 2531 1334 2719 965 2834 556 2465 2056
Route 134 : 1384 696 246 2884 2196 770 1271 1746 974 2771 2270 975 2474 2475
Route 135 : 1466 1255 2966 1036 2755 1133 2536 853 2633 756 2256 2353 959 1173 2459 2673
Route 136 : 165 1468 949 1665 1482 2982 295 2449 2968 1795 367 1867 855 1394 494 2355 2894 1994
Route 137 : 1406 1109 2906 1192 835 2692 2335 468 2609 211 1968 1090 1711 719 186 2590 1223 2723 2219 1686
Route 138 : 285 1785 874 598 2374 484 2098 480 1980 833 2333 1137 1984 349 926 2637 1849 741 2426 2241
Route 139 : 1145 1475 641 2975 2645 1045 1301 1048 2801 2141 1237 2545 2737 39 2548 208 1708 1539
Route 140 : 50 594 2094 1550 257 114 1757 817 1450 1614 2950 1460 557 2960 275 2057 2317 1775
Route 141 : 876 2376 209 1120 1709 2620 643 409 395 236 1909 448 2143 1895 1948 1736
Route 142 : 1098 2598 277 800 1777 622 2300 59 2122 30 1559 1180 1530 2680
Route 143 : 548 1222 2048 2722 616 1441 348 2116 2941 1848 1067 2567
Route 144 : 982 775 250 1750 1306 2275 2482 510 2806 425 2010 177 1677 1925 986 488 1988 2486
Route 145 : 1140 393 2640 1115 961 1893 2461 1232 2615 533 173 1673 2732 2033
Route 146 : 1367 111 664 496 2164 834 2867 182 1329 1611 1682 2334 718 1996 2218 2829
Route 147 : 1012 492 1992 1327 2512 1246 733 914 2827 2746 334 1834 2233 2414
Route 148 : 316 1404 1816 2904 1405 709 2905 1348 2209 1202 2848 2702
Route 149 : 846 2346 1005 875 2505 84 423 1923 1584 2375 903 765 2265 2403 1430 212 2930 1712
Route 150 : 1340 739 2840 2239 1431 1276 2931 1480 1209 2980 290 2709 1790 2776
Route 151 : 895 2395 911 372 1872 96 2411 1596 983 636 2483 2136 850 2350
Route 152 : 132 809 923 1632 2309 1107 437 260 1937 1132 2423 2607 945 2632 1760 2445
Route 153 : 1294 784 2794 538 2284 204 373 1873 2038 808 1704 2308
Route 154 : 249 922 1749 2422 1074 2574 1317 1311 366 2817 450 1866 2811 1017 1950 1100 2600 2517
Route 155 : 1210 866 2710 386 1304 2366 505 1886 1489 2804 86 2005 605 2989 2105 1586
Route 156 : 1138 1245 299 2745 2638 958 1799 351 2458 821 2321 1851 354 321 1854 1821
Route 157 : 796 271 1771 1399 2296 1375 2899 523 2875 2023 235 666 1735 637 2137 2166
Route 158 : 590 1050 1014 1368 2090 2550 2514 1363 2868 2863 537 706 2206 2037
Route 159 : 167 747 1203 670 1667 2170 2247 1238 2703 1189 2738 561 2061 2689
Route 160 : 191 815 2315 604 1691 1402 2104 1428 1190 2902 1423 2928 1058 2690 964 2464 2558 1241 2923 2741
Route 161 : 522 647 931 391 2147 1891 877 2377 1389 627 2022 856 2127 2431 1453 2953 65 2889 1565 1438 2356 2938
Route 162 : 1420 252 732 1752 2232 306 699 2920 2199 993 2493 100 1806 1199 2699 803 2303 1600
Route 163 : 1467 1039 1078 2578 2967 365 1865 2539 1008 881 2381 2508 174 960 685 2185 2460 778 2278 1674
Route 164 : 117 1023 1617 289 1038 2523 1789 143 2538 1465 1170 2965 1643 2670
Route 165 : 497 1448 1193 2693 2948 1997 992 1483 418 2983 2492 1208 1918 2708 382 1882
Route 166 : 238 713 1738 2213 256 597 2097 649 1756 545 2149 2045 728 1230 2228 49 1549 1197 2730 2697
Route 167 : 843 716 528 2028 216 2216 315 1815 202 2343 1261 1702 898 207 2761 2398 1212 1707 2712 1716
Route 168 : 401 932 721 2432 1293 1901 27 1527 2221 2793 731 1092 343 1380 2592 2880 2231 1843 1161 2661
Route 169 : 909 33 1234 988 2734 2409 2488 8 1533 368 1508 1041 2541 206 1868 753 1706 2253 9 1509
Route 170 : 307 710 1807 1458 2210 269 1371 2871 2958 1769 762 608 350 1850 2108 2262
Route 171 : 1318 2818 635 512 2135 31 333 2012 951 1833 967 1531 2467 531 1178 2451 2031 2678
Route 172 : 596 1385 2096 2885 1218 609 2718 229 2109 1272 2772 1729 267 192 979 1767 1692 2479
Route 173 : 419 1919 1411 934 2911 87 1587 121 163 2434 1621 929 667 2429 789 2167 2289 1663
Route 174 : 790 769 394 1894 1227 2269 2290 2727 356 1002 1396 1856 2896 2502 69 1283 1322 2783 2822 1569
Route 175 : 80 673 524 1580 1013 1335 2835 2024 1383 2173 2513 1344 2883 634 2134 2844
Route 176 : 1258 2758 1282 1167 2667 823 750 2782 21 2323 2250 1029 1521 1297 1496 2797 2529 2996
Route 177 : 1211 952 1499 2452 872 2999 2711 1331 2372 695 2831 1310 2810 2195
Route 178 : 1267 56 1556 1177 483 2767 1201 2677 1360 1983 2860 2701 581 1417 2917 2081
Route 179 : 787 1072 618 2287 288 1788 1432 2932 2118 2572 606 720 1461 2220 2961 2106 1362 411 2862 1911
Route 180 : 771 104 1604 2271 890 433 2390 1933 1240 166 1251 1666 2740 704 2751 2204
Route 181 : 1125 564 2625 73 2064 570 2070 1573 915 2415 868 2368 514 554 2054 1003 2503 2014
Route 182 : 40 1225 1540 2725 1087 761 2587 101 1601 2261 758 1425 2925 2258
Route 183 : 63 10 499 1563 1124 600 513 1510 617 2624 568 2013 2068 1999 66 2117 2100 1426 374 1874 2926 1566
