Instance name : poa-n800-3
Authors : Simen T. Vadseth, Henrik Andersson, Jean-Francois Cordeau and Magnus Stålhane
Date : 10.07.2023
Reference : TBA
Solution
Route	1 :  242 257 657 642 35 122 435 399 317 799 717 522
Route	2 :  13 25 425 339 413 258 739 658 347 47 447 747 364 764
Route	3 :  326 726 243 17 643 324 417 176 724 576 394 342 794 225 742 625
Route	4 :  305 312 705 712 188 367 767 298 588 698 208 608 281 392 681 792
Route	5 :  245 645 70 328 728 383 783 470 349 51 132 451 749 532
Route	6 :  166 226 626 144 566 355 544 256 6 656 406 755 304 704
Route	7 :  381 781 344 137 744 537 27 150 246 427 646 78 550 148 548 478 155 555
Route	8 :  197 597 227 68 202 602 468 376 776 373 773 290 690 627 385 127 785 527
Route	9 :  244 102 502 644 97 189 46 497 589 446 15 57 457 356 756 415 107 507
Route	10 :  85 21 485 29 421 429 54 175 575 454 199 307 707 599 297 309 697 709
Route	11 :  62 214 229 462 629 614 115 159 515 559 332 22 732 422
Route	12 :  316 341 716 368 741 768 43 63 233 463 443 633 163 185 563 585
Route	13 :  59 126 11 459 526 190 133 590 533 100 500 4 254 209 404 654 609 411 275 675
Route	14 :  77 250 477 650 286 686 121 521 120 520 164 173 73 564 473 573 44 444
Route	15 :  269 138 669 538 203 218 361 603 618 761 56 456 134 206 534 606
Route	16 :  270 217 158 617 670 314 558 340 740 714 76 18 390 476 418 790
Route	17 :  251 113 513 651 291 691 318 331 718 283 731 302 683 296 702 696
Route	18 :  393 280 680 793 131 95 495 531 108 201 508 345 745 601 60 235 635 460
Route	19 :  311 303 703 711 80 480 140 540 26 55 207 455 426 607 323 723
Route	20 :  397 313 713 797 38 104 174 438 574 504 369 769 32 432 265 219 665 619
Route	21 :  9 238 638 409 325 379 779 725 177 198 577 598 370 395 770 334 734 795
Route	22 :  240 162 562 49 123 449 523 276 282 640 676 682 336 384 784 736
Route	23 :  139 136 539 319 327 719 536 727 272 387 672 787 64 182 582 464 192 592
Route	24 :  382 178 782 211 611 72 186 472 578 586 335 735 154 554 191 36 167 567 591 436
Route	25 :  230 179 579 630 285 252 685 145 652 545 377 363 777 763
Route	26 :  310 103 142 542 503 710 237 79 170 637 479 570 84 10 410 484
Route	27 :  337 365 737 765 37 169 437 338 569 114 277 738 514 677 184 584
Route	28 :  308 708 181 39 581 439 273 673 294 694 124 19 419 524 380 391 791 780
Route	29 :  239 93 375 493 639 775 106 506 119 180 221 580 519 621 210 16 416 610
Route	30 :  28 428 205 129 605 193 135 529 593 7 535 407 388 788 288 688
Route	31 :  329 353 729 753 33 105 505 433 278 678 350 262 750 662
Route	32 :  118 20 518 400 420 800 109 52 509 295 452 371 695 386 786 771
Route	33 :  306 34 706 434 212 612 61 274 674 461 352 362 762 752
Route	34 :  194 300 220 594 620 700 187 92 301 587 492 701 267 667 53 396 453 796
Route	35 :  99 111 511 266 499 125 525 666 130 196 530 596
Route	36 :  358 146 758 546 71 116 241 471 516 641 141 41 541 45 445 88 441 488
Route	37 :  165 565 389 321 789 721 346 299 746 699 91 292 692 491
Route	38 :  151 551 200 171 1 571 600 401 157 2 557 268 402 74 474 231 668 631
Route	39 :  343 743 320 330 720 730 112 153 284 684 553 58 458 128 236 528 512 636
Route	40 :  247 143 215 543 354 647 615 754 315 224 624 715 234 156 556 634
Route	41 :  223 248 152 552 648 623 40 440 357 757 264 147 664 547 42 442
Route	42 :  359 98 759 216 498 616 232 3 632 403 14 89 489 414
Route	43 :  90 48 101 448 490 501 360 279 679 760 110 82 75 510 475 482
Route	44 :  372 772 348 748 81 351 751 481 12 253 263 412 663 653 50 87 487 450
Route	45 :  24 183 424 583 67 249 467 213 204 649 366 604 766 374 774 86 613 486
Route	46 :  149 322 549 722 83 483 23 168 423 568 94 31 8 431 494 408
Route	47 :  65 66 195 465 466 595 172 161 561 293 572 96 496 271 671 693
Route	48 :  69 255 469 117 655 517 259 261 659 661 378 260 30 660 430 778
Route	49 :  160 287 560 398 687 798 222 228 5 622 405 628 289 333 689 733
