Instance name: poa-n600-1
Authors      : CUHKSZ_HWGTS
Date         : 2024-12-02
Reference    : Unpublished
Solution
Route 1 : 208 279 282 508 72 579 582 131 431 372 237 537
Route 2 : 11 118 311 225 6 306 418 210 525 510
Route 3 : 15 31 315 197 201 501 242 497 261 561 331 542
Route 4 : 24 22 278 186 322 486 324 578 221 236 521 536
Route 5 : 260 80 560 69 192 215 369 380 492 515
Route 6 : 253 254 554 258 187 553 9 558 309 487
Route 7 : 107 32 93 407 65 365 263 393 563 332
Route 8 : 165 273 465 244 573 285 190 544 490 23 585 323
Route 9 : 297 256 106 276 406 576 556 597
Route 10 : 161 164 154 461 143 454 102 464 443 234 534 402
Route 11 : 243 233 218 26 533 326 543 518
Route 12 : 43 39 339 259 343 224 524 559 82 382
Route 13 : 96 396 170 8 308 44 40 344 340 470
Route 14 : 135 108 29 329 172 408 151 139 435 439 472 451
Route 15 : 88 388 16 13 196 496 84 313 316 130 228 384 528 430
Route 16 : 292 289 592 589 189 159 51 459 351 489
Route 17 : 37 270 266 7 337 307 566 570
Route 18 : 162 30 462 295 330 288 595 264 564 588
Route 19 : 83 195 495 383 216 232 149 105 532 449 516 405
Route 20 : 290 590 45 299 21 345 158 458 599 321
Route 21 : 35 74 374 335 18 267 168 567 284 468 318 584
Route 22 : 252 173 205 552 75 52 473 375 505 352
Route 23 : 171 471 204 87 38 54 211 504 338 387 511 354
Route 24 : 48 5 209 509 305 117 191 491 212 348 417 512
Route 25 : 296 112 101 412 128 401 49 596 428 349 235 535
Route 26 : 50 207 19 507 214 20 350 514 182 319 482 320
Route 27 : 110 177 410 3 167 169 477 140 467 303 469 440
Route 28 : 271 126 248 571 548 226 426 268 526 568
Route 29 : 155 455 100 184 124 424 484 97 400 71 371 397
Route 30 : 61 134 98 361 398 434 1 188 70 301 370 488
Route 31 : 246 145 176 76 376 64 364 476 546 445
Route 32 : 77 68 368 137 377 265 565 81 437 381 262 562
Route 33 : 255 99 399 281 174 581 294 474 594 555
Route 34 : 277 206 238 506 283 577 538 217 36 583 336 517
Route 35 : 114 67 56 356 203 414 147 367 157 447 457 503
Route 36 : 58 10 59 358 310 293 138 359 438 17 593 317
Route 37 : 245 229 529 193 25 545 325 493
Route 38 : 133 433 183 89 14 389 483 314 91 42 342 391
Route 39 : 239 153 41 34 453 341 257 334 539 557
Route 40 : 286 132 119 179 419 432 175 586 475 479
Route 41 : 150 450 163 463 227 144 444 527 219 33 519 333
Route 42 : 92 247 180 200 547 480 500 146 103 85 446 385 403 392
Route 43 : 62 46 104 404 94 346 362 300 394 120 600 420
Route 44 : 111 156 411 166 456 95 466 53 395 57 353 357
Route 45 : 274 574 178 63 123 363 78 423 478 378 269 569
Route 46 : 109 250 409 113 125 181 550 160 481 413 460 425
Route 47 : 220 116 416 136 520 436 280 199 499 27 327 580
Route 48 : 127 185 213 513 148 241 427 231 531 485 448 541
Route 49 : 28 115 415 328 122 422 287 152 452 587
Route 50 : 142 240 442 540 223 523 55 12 141 312 441 355
Route 51 : 198 60 360 47 4 347 202 272 572 502 304 498
Route 52 : 86 90 390 249 79 386 549 379 73 251 551 373
Route 53 : 230 275 291 298 591 530 575 598
Route 54 : 194 129 2 494 121 429 421 222 302 522 66 366
