Instance name : poa-n600-1
Authors : Simen T. Vadseth, Henrik Andersson, Jean-Francois Cordeau and Magnus Stålhane
Date : 24.06.2023
Reference : TBA
Solution
Route	1 :  292 39 129 592 2 168 339 429 302 284 468 584
Route	2 :  251 247 154 551 71 547 141 441 202 454 502 371
Route	3 :  239 137 165 465 104 404 177 477 81 437 381 539
Route	4 :  229 12 529 312 183 51 135 138 483 351 435 438
Route	5 :  218 14 184 124 518 314 91 484 97 424 391 397
Route	6 :  213 127 20 513 320 18 427 222 318 522 19 319
Route	7 :  196 13 496 122 203 313 422 287 157 457 587 503
Route	8 :  163 463 279 72 579 56 132 356 143 372 432 443
Route	9 :  145 31 185 201 191 501 491 212 331 512 485 445
Route	10 :  142 17 317 240 442 540 223 523 224 144 444 524
Route	11 :  136 206 238 506 436 277 267 567 577 538 269 569
Route	12 :  134 273 79 285 573 434 182 379 482 66 585 366
Route	13 :  112 60 153 360 412 3 167 140 467 303 453 440
Route	14 :  110 62 410 362 94 52 394 120 139 352 420 439
Route	15 :  109 30 113 409 181 263 295 330 595 481 413 563
Route	16 :  86 199 386 244 499 544 1 228 27 301 528 327
Route	17 :  47 107 101 407 347 152 89 401 389 9 452 309
Route	18 :  286 174 281 581 474 226 586 268 526 568
Route	19 :  274 29 329 574 166 466 193 187 493 487
Route	20 :  271 126 248 571 548 254 426 554 237 537
Route	21 :  260 164 560 54 293 464 102 402 593 354
Route	22 :  258 246 289 125 589 558 90 425 390 546
Route	23 :  253 230 275 553 208 530 575 508 280 580
Route	24 :  252 53 552 37 179 34 353 337 334 479
Route	25 :  198 80 111 192 411 272 380 492 572 498
Route	26 :  11 311 178 75 375 160 478 231 531 460 235 535
Route	27 :  176 173 473 16 476 249 549 316 95 395
Route	28 :  162 186 486 106 217 517 462 294 406 594
Route	29 :  161 461 108 93 38 151 408 338 451 393
Route	30 :  118 195 495 225 6 306 418 210 525 510
Route	31 :  96 63 396 170 8 363 78 308 378 470
Route	32 :  299 76 21 376 49 321 599 349
Route	33 :  28 115 415 328 67 147 367 73 447 373
Route	34 :  24 276 324 283 256 583 576 257 556 557
Route	35 :  296 243 233 596 533 543 130 430
Route	36 :  88 194 200 388 500 146 103 494 85 92 446 403 385 392
Route	37 :  35 74 99 399 335 374 219 33 519 149 333 449 131 431
Route	38 :  300 180 278 600 121 421 578 221 480 521 150 450
Route	39 :  259 227 264 564 55 527 559 82 382 23 355 323
Route	40 :  250 116 416 550 214 158 514 26 40 326 458 340
Route	41 :  220 205 128 22 322 520 428 36 505 262 336 562
Route	42 :  197 497 216 190 114 105 414 215 490 515 516 405
Route	43 :  171 471 133 433 59 32 211 359 148 448 511 332
Route	44 :  156 69 255 119 456 369 10 419 310 175 475 555
Route	45 :  155 83 455 100 64 364 242 383 232 532 400 542
Route	46 :  77 68 368 377 189 265 159 459 565 236 489 536
Route	47 :  61 46 98 361 346 398 44 188 70 344 370 488
Route	48 :  58 42 358 25 342 65 234 534 365 4 325 304
Route	49 :  15 87 209 509 315 84 172 384 241 472 387 541
Route	50 :  50 207 350 169 507 245 57 545 469 357
Route	51 :  48 5 204 305 117 417 261 348 561 504
Route	52 :  43 290 45 590 291 298 598 345 591 343
Route	53 :  288 588 282 297 582 41 341 597
Route	54 :  123 270 266 423 7 570 566 307
