Instance name:	poa-n2500-3
Authors:		Carlo Sartori and Luciana Buriol
Date:			2019-2-11
Reference:		A matheuristic approach to the PDPTW (to be submitted)
Solution
Route 1 : 579 694 1243 1829 2493 1242 1944 849 2099 972 2492 1217 2222 978 2467 170 468 1420 2228 238 133 1383 1718 358 1608 1488
Route 2 : 286 202 1536 378 1452 142 1628 1236 1231 1392 2486 1215 2481 1019 2465 923 2173 2269 1168 929 2179 992 2418 2242 212 137 1462 1387
Route 3 : 598 1216 1848 151 800 1401 764 2050 410 2014 266 684 2466 1660 666 127 1516 1916 1934 1377 373 503 1623 1753 444 545 346 1795 1694 562 1596 838 1812 2088
Route 4 : 1183 1069 2319 2433 749 1999 716 1966 628 424 565 1878 636 459 1674 1886 586 1815 668 404 1709 1836 1165 1654 846 2415 1918 2096
Route 5 : 1052 547 617 1797 1867 441 1691 903 2302 1006 772 2256 2153 560 1133 1810 1202 2022 210 910 2160 2452 2383 375 1460 1625
Route 6 : 1098 955 1235 2205 2348 2485 951 2201 1008 886 711 2258 1961 2136 1004 32 1246 1282 2254 260 1169 2496 1510 412 330 2419 1662 1172 1580 96 1346 2422
Route 7 : 105 1030 1355 355 2280 705 1001 593 1843 2251 1605 1209 1233 2459 101 1955 181 727 1351 964 1977 2483 936 1431 848 2214 2186 197 140 1390 39 1289 1447 2098
Route 8 : 356 719 577 1827 1969 553 131 1606 985 1381 1228 2235 2478 1803 419 199 1669 1449 1059 2309 290 157 1540 453 1407 1703
Route 9 : 68 450 1318 188 343 1593 1700 552 1802 1438 160 102 1352 988 18 2238 819 2069 885 2135 111 1268 1361 1410 414 340 338 1664 26 1276 1590 837 759 2087 2009 1588
Route 10 : 253 370 1503 754 721 1971 1185 2435 318 1620 7 2004 1257 489 788 2038 1739 881 1568 888 2138 2131 1119 2369 801 912 2051 652 2162 899 1902 887 2137 2149
Route 11 : 907 16 589 1266 2157 608 1839 892 1858 321 2142 814 2064 1011 1571 1104 2354 639 851 948 2198 2261 209 1889 2101 1459 56 834 1306 2084
Route 12 : 900 1082 2150 147 1397 806 2056 605 2332 1855 551 704 217 1801 825 1467 1954 931 701 2075 1951 869 706 1956 2181 2119 1151 2401 430 462 1680 1712
Route 13 : 353 570 513 1763 1820 641 1603 823 765 2073 522 1014 1772 557 2264 2015 1170 1891 1807 1048 2298 695 2420 776 1099 600 1945 1850 805 2349 2055 2026
Route 14 : 139 734 1126 2376 1984 1130 1389 797 1009 2047 662 1912 2380 2259 273 911 558 479 1729 1523 1108 2358 647 2161 1092 2342 916 998 1897 811 1808 2166 2061 1125 2248 2375
Route 15 : 326 710 1960 979 1576 1181 2229 2431 868 595 2118 549 1799 14 376 1626 1076 1845 2326 1264 821 2071 334 530 1584 485 1735 723 1780 546 1973 1796
Route 16 : 780 1118 875 2030 2125 732 2368 1071 882 702 1982 2321 2132 54 1952 1304 296 1018 866 2116 1546 368 654 2268 372 189 1618 1622 1904 750 1439 269 1519 2000
Route 17 : 420 1062 1670 745 149 2312 1995 1399 109 697 839 1947 456 73 2089 1359 576 1323 429 1679 1174 1706 1826 1131 987 591 2237 300 1550 2381 2424 1841
Route 18 : 466 781 1716 588 138 2031 1388 1190 1838 288 1538 685 452 2440 440 1690 1935 381 1702 78 689 1939 1328 1631 731 443 1028 1693 2278 572 999 1981 2249 1166 1822 2416
Route 19 : 640 521 1890 1162 1771 301 2412 969 29 1551 815 2219 1279 2065 938 531 1781 722 1972 637 904 976 2154 2226 213 2188 1463 1887 36 784 31 1281 2034 1286
Route 20 : 250 252 1153 1213 1502 490 1500 1740 284 1154 2463 2404 2403 1534 884 323 1573 927 2134 2177 1240 299 43 2490 1293 1549 1155 191 799 1441 2405 2049
Route 21 : 423 405 218 1673 1655 794 2044 173 1423 693 1468 737 399 1943 626 1876 1649 1987 554 1804 982 512 502 2232 1752 1762 508 917 1758 2167
Route 22 : 660 566 1816 1910 942 758 2192 76 682 2008 1064 1932 983 1326 2314 1036 774 2286 1080 2330 292 2024 2233 971 1542 2221
Route 23 : 1050 1045 2300 523 227 2295 1477 475 215 1465 1725 1773 1245 915 850 2495 2165 2100 847 980 2097 5 1132 2230 1255 467 768 1717 1067 2382 2317 1039 2289 2018 1084 2334
Route 24 : 862 64 2112 1314 294 1544 312 172 385 1635 1422 1160 2410 1562 876 516 2126 1766 411 396 1646 1040 1661 40 738 2290 1290 524 1988 1774
Route 25 : 167 134 1417 1384 1055 185 248 2305 649 1435 592 1899 1056 1842 1094 1498 2344 1250 2306 922 2500 1156 2172 590 1065 2406 354 1604 107 663 2315 77 1357 1840 454 1913 1327 1704
Route 26 : 974 435 2224 1685 1054 2304 481 426 1731 1237 1676 1173 2423 406 2487 956 1656 214 2206 729 115 1979 1464 472 1722 1365 926 193 1026 2176 2276 1443
Route 27 : 6 206 327 1456 1021 1577 1256 103 1003 2271 2253 38 1353 615 1288 403 325 630 1653 1865 438 714 264 256 1880 1514 1575 367 1688 1617 809 653 1903 1506 1964 2059
Route 28 : 234 1484 442 272 1522 817 2067 1692 1247 994 2497 2244 1222 757 2472 369 580 1619 2007 433 1830 471 1721 1211 1683 644 2461 482 1894 158 470 1732 1720 1408
Route 29 : 391 275 1641 1141 2391 853 1525 632 168 1418 2103 324 1882 496 1746 448 1574 525 1775 1698 945 1091 2195 1218 2341 2468 526 377 1776 1627 1201 2451
Route 30 : 124 486 1736 1035 1374 1220 1101 2470 303 2285 1553 947 2351 398 1648 1205 2455 993 164 2197 1414 793 2243 940 1175 2043 2425 623 1873 2190
Route 31 : 476 455 1705 277 1726 612 1527 1087 1862 62 504 2337 1002 1312 2252 1754 1090 756 778 2340 12 55 2028 2006 1161 1262 1305 1044 2294 2411 1152 2402
Route 32 : 1187 1107 2357 2437 773 627 678 648 1928 2023 328 1877 192 1578 1442 395 28 1645 117 1367 94 1898 1344 1219 390 1640 1278 1208 2469 2458
Route 33 : 397 1046 1647 113 457 2296 1363 25 1707 53 254 1504 1275 1303 665 505 21 1915 864 1755 871 679 842 1271 2121 2114 1929 1000 1204 2250 46 2092 2454 1296
Route 34 : 1195 121 771 2021 1371 2445 874 709 2124 550 1959 1800 91 735 659 1341 1909 1186 1112 2436 1985 718 408 1658 1968 2362 298 625 1548 304 1225 2475 1875 1554
Route 35 : 27 413 1129 1277 1663 798 1144 41 2394 1291 114 2379 2048 873 1364 688 1938 596 578 1846 236 2123 872 1828 1486 891 1070 2122 2320 829 2141 2079
Route 36 : 1053 707 1957 680 2303 844 1930 643 416 1893 1666 642 2094 47 267 1517 223 1892 1473 895 537 1297 2145 1787
Route 37 : 609 401 1651 1859 1029 981 2279 2231 826 2076 511 246 1761 371 388 1638 1248 2498 263 1621 1496 1115 2365 195 1513 1445 968 461 1711 1093 2218 2343
Route 38 : 965 171 2215 1109 1421 1 2359 316 1251 494 136 1386 1566 1120 1744 257 2370 58 1507 198 1308 1448 569 564 389 1819 603 365 1814 1639 425 1675 753 1853 2003 1615
Route 39 : 52 559 120 1302 1114 2364 1370 276 1809 89 567 1817 1526 1339 48 1051 2301 311 1298 255 1505 432 1682 818 1561 966 528 2216 950 1778 1038 383 2200 1140 2288 2068 2390 1633
Route 40 : 331 1206 1110 2360 2456 1142 1058 1581 2308 1061 2392 2311 422 1135 317 2385 339 1672 1567 744 242 1589 1492 720 1994 746 132 1382 548 1970 1996 1798
Route 41 : 123 715 436 178 1965 1686 835 1428 1373 2085 1085 2335 932 487 49 1737 477 1177 1299 344 2182 2427 392 1594 852 1642 1727 2102 1086 1031 2336 2281
Route 42 : 544 480 305 1555 1794 1730 699 152 1402 1949 447 177 22 1427 1697 1158 1272 2408 65 604 439 1854 1198 1689 631 1315 775 2448 2025 1881 352 1602
Route 43 : 289 1179 1539 2429 1163 1207 59 2413 1176 1309 33 2426 2457 364 1614 1157 1283 57 1307 2407 897 2147 106 95 1356 683 1933 896 1345 2146
Route 44 : 986 1210 1100 2236 2460 359 484 1734 2350 1194 2444 1171 1609 961 2421 786 2036 243 219 2211 380 755 1493 1469 141 274 1630 700 1391 1950 2005 1524
Route 45 : 156 1022 1406 724 2272 50 1300 1974 1227 556 2477 607 741 1806 1223 2473 1229 1857 229 1479 342 1991 633 1592 1232 2479 2482 1883
Route 46 : 125 190 1375 11 1440 87 1337 902 2152 1203 2453 736 1261 225 1475 1986 1034 2284 240 1490 878 92 1342 179 1429 995 220 1470 2245 977 2128 2227 1138 2388
Route 47 : 536 386 75 669 1919 934 624 1786 1325 2184 1874 184 889 2139 1636 1023 2273 1184 919 1434 2434 1016 960 2169 2210 824 2266 2074
Route 48 : 619 335 1585 935 2185 1096 2346 1869 696 766 1106 1946 2356 1047 1063 2016 498 2297 726 1748 1976 224 382 2313 533 1632 1474 287 387 1637 451 1537 541 1783 1791 1701
Route 49 : 529 740 23 1273 1079 1990 1095 1779 2329 491 1117 86 2345 19 1269 1741 200 1336 939 810 2189 1450 90 539 1789 1340 2060 2367 676 445 1926 249 1695 84 1499 1334
Route 50 : 306 587 1556 360 1610 1837 474 182 1432 791 1724 17 1267 602 449 543 2041 534 1852 1793 366 918 2168 1616 1699 1784 74 518 792 1324 1768 2042 51 656 1301 1906
Route 51 : 909 1221 2471 1102 144 1394 859 63 2159 2352 2109 1313 110 1121 2371 1360 575 840 1825 349 1599 989 2239 2090 226 80 1476 517 70 1330 1320 1767
Route 52 : 159 1027 2277 347 1409 222 1597 1472 501 803 393 1751 952 155 2053 1643 1405 1113 2202 279 2363 1529 329 1579 497 571 561 1747 802 1821 2052 9 1811 1259
Route 53 : 469 599 297 1849 1547 135 1719 863 1385 1124 2113 2374 1057 787 2307 2037 708 930 1958 646 2180 186 1896 97 658 145 1908 1347 1395 1436
Route 54 : 879 762 2012 2129 428 1083 1678 959 2333 532 2209 997 1782 350 2247 1178 165 1600 2428 1088 79 898 1415 1329 691 2338 1941 2148
Route 55 : 1167 991 1182 2241 2417 8 37 473 1258 2432 1287 845 1244 2095 1723 2494 651 748 150 1998 1400 1901 813 100 519 1350 1769 507 538 1757 2063 1788
Route 56 : 308 877 1558 1103 211 2353 2127 1020 1461 207 2270 1457 520 542 1249 1770 1792 2499 1128 483 830 1733 2378 769 1077 2019 2080 2327
Route 57 : 672 510 1922 259 126 655 1905 1376 1760 914 1509 1078 2164 996 1214 2246 2464 1148 2328 464 2398 271 1714 1075 2325 1521 924 686 20 2174 674 493 1743 1924 1270 1936
Route 58 : 828 313 93 2078 1343 492 1563 635 437 1742 1885 1122 1687 954 2204 460 1710 2372 664 280 1530 1914 351 237 1601 673 1007 83 1487 60 1923 1066 1333 2316 2257 1310
Route 59 : 785 2035 1043 362 1612 622 2293 230 1872 1010 1480 2260 901 1105 2151 2355 247 613 1863 1497 1068 958 2208 671 2318 239 1489 1921
Route 60 : 509 1196 1759 166 2446 15 1139 1416 514 417 2389 180 1764 88 1430 1667 1265 1164 957 1338 2414 196 687 2207 1189 1937 761 310 2011 2439 667 1917 1560 1446
Route 61 : 348 216 712 1466 1598 905 1199 1962 2449 291 2155 285 1541 841 894 1535 629 2144 1879 860 2091 112 130 1362 611 400 1224 2110 856 1380 1861 1650 2474 2106
Route 62 : 293 337 777 1543 233 2027 1483 30 314 742 1587 1564 767 2017 733 1280 1116 1992 1983 204 1454 281 582 1531 1033 1832 2366 2283
Route 63 : 2 739 1989 597 645 1252 1017 1895 1847 937 44 795 1294 2045 789 2267 2187 657 2039 650 1900 379 81 1331 725 703 1629 1953 1907 1975
Route 64 : 585 843 1241 1835 730 2093 1192 2442 1980 2491 1193 963 2213 232 2443 621 1482 244 1871 153 1494 3 415 1403 1239 1253 1665 2489 933 333 1583 2183
Route 65 : 1005 1060 2310 677 361 1611 235 1927 1485 309 2255 535 908 1559 616 1785 970 2220 2158 1072 146 1866 855 763 2105 1396 2322 832 2013 98 1348 2082
Route 66 : 920 2170 1212 770 2462 2020 975 1137 1025 2275 2387 2225 203 116 515 1765 1366 1042 1453 1037 2287 2292 1041 634 2291 1884 779 681 827 2077 890 2140 1931 2029
Route 67 : 384 883 194 2133 1634 1111 2361 944 1444 1143 278 201 2194 743 2393 698 1948 1993 1528 854 1074 1451 1150 2400 2324 2104 35 176 4 1254 1285 1426
Route 68 : 67 42 1292 161 1317 1073 251 1501 1188 1411 2323 2438 315 1565 984 463 2234 143 1713 804 82 2054 1393 174 1332 928 2178 1149 1424 183 2399 1433
Route 69 : 66 129 1316 1379 24 906 594 2156 1844 1274 943 941 2191 1013 2263 104 2193 506 1354 1756
Route 70 : 1024 2274 1032 614 2282 261 1864 10 175 1425 1260 34 499 1511 1234 1284 1159 2409 2484 1749 618 402 946 1652 661 2196 1868 867 2117 1911
Route 71 : 488 812 1738 861 2062 2111 783 336 2033 1586 128 584 1834 295 1378 71 418 1321 1545 1146 1668 1180 2396 2430 953 925 2175 495 967 1081 1745 2331 2203 2217
Route 72 : 320 221 1570 1471 241 1191 1491 728 2441 446 1978 154 465 1238 1404 374 2488 1624 1715 1696 1134 816 2066 2384 921 893 2143 2171
Route 73 : 319 782 2032 962 1569 99 1349 2212 1226 822 2072 1012 1197 2476 1015 2262 13 2265 1263 2447 85 581 1335 205 1831 1455
Route 74 : 638 434 751 2001 345 1888 790 1595 1684 2040 870 1127 2377 265 2120 692 1136 1515 1089 2339 583 2386 858 1833 2108 1942
Route 75 : 796 747 1145 1997 2046 2395 713 421 1671 258 1508 1963 1097 1200 2450 2347 163 282 1532 208 1413 574 1824 555 1458 187 1805 1437
Route 76 : 807 2057 228 458 760 1708 409 2010 1478 1659 307 527 1777 1557 620 540 268 1790 108 913 1870 478 1728 1518 831 1358 973 2081 2223 270 2163 118 1520 1368
Route 77 : 1123 72 752 2373 262 2002 1322 322 1512 1572 231 357 606 1607 1481 69 1856 836 332 1319 1582 2086 283 341 1533 407 573 1823 833 2083 563 1813 1657 1591
Route 78 : 857 990 2107 1049 45 2299 2240 363 1295 1613 302 500 1552 717 1750 880 2130 1967 61 122 1311 427 1372 431 1681 820 1677 1230 2070 865 2480 119 2115 1369
Route 79 : 675 690 1925 169 1940 148 1419 601 610 1851 1398 1860 568 162 1412 1147 1818 949 2397 245 670 2199 1920 394 808 2058 1495 1644
