Instance name:	poa-n600-7
Authors:		Carlo Sartori and Luciana Buriol
Date:			2019-2-11
Reference:		A matheuristic approach to the PDPTW (to be submitted)
Solution
Route 1 : 168 267 247 468 547 206 567 506 161 149 449 461
Route 2 : 202 502 182 482 27 37 327 252 552 337
Route 3 : 30 197 110 330 497 136 410 436
Route 4 : 288 588 226 83 383 164 526 464 212 57 357 512
Route 5 : 217 58 517 130 290 430 358 146 590 446
Route 6 : 19 141 176 319 244 441 476 257 150 544 450 557
Route 7 : 132 124 424 95 432 395 195 495
Route 8 : 200 113 413 500 125 28 425 224 328 524
Route 9 : 133 272 12 312 433 2 199 572 302 499
Route 10 : 59 43 343 359 216 208 516 18 318 508
Route 11 : 253 229 291 553 109 529 591 97 409 397
Route 12 : 55 63 241 355 363 24 541 54 324 354
Route 13 : 245 137 84 545 437 71 384 154 371 454
Route 14 : 173 221 473 521 118 49 349 72 418 372
Route 15 : 207 34 334 142 507 254 3 554 442 256 303 556
Route 16 : 264 564 213 26 513 91 326 391 192 492
Route 17 : 80 380 52 98 398 352 183 483 79 379
Route 18 : 31 331 114 281 414 581 184 139 439 484 300 600 283 583
Route 19 : 25 325 6 1 191 301 22 306 322 491
Route 20 : 246 546 16 104 316 404
Route 21 : 218 518 155 46 455 10 310 5 346 115 305 415
Route 22 : 39 11 339 286 311 235 586 198 535 498
Route 23 : 275 60 360 120 575 42 342 420
Route 24 : 285 89 276 585 576 92 128 389 428 392
Route 25 : 203 503 240 540 292 134 434 592 121 294 421 594
Route 26 : 123 234 423 180 534 177 480 29 329 477
Route 27 : 162 62 362 462 107 14 85 314 407 102 402 385
Route 28 : 81 103 50 403 147 381 190 447 490 350
Route 29 : 106 406 131 297 431 119 597 143 419 443
Route 30 : 23 323 170 4 470 201 501 304 251 551
Route 31 : 135 435 8 126 308 82 426 44 382 344
Route 32 : 74 374 296 178 596 15 315 478 228 528
Route 33 : 90 152 231 452 390 531 189 181 489 481
Route 34 : 238 278 538 48 7 307 578 348 66 366
Route 35 : 255 94 159 555 394 100 459 400 219 519
Route 36 : 53 295 67 595 211 353 367 511
Route 37 : 117 165 417 465 77 377 215 515
Route 38 : 196 78 163 496 378 263 463 99 172 563 399 472
Route 39 : 65 153 75 453 365 41 282 375 341 582 249 549
Route 40 : 260 560 13 185 313 69 369 485 169 469
Route 41 : 248 193 548 493 232 127 427 64 364 116 532 416
Route 42 : 35 96 148 335 448 396 259 559 111 411
Route 43 : 187 70 68 370 487 368 93 393
Route 44 : 105 280 20 580 405 320 101 243 543 401
Route 45 : 38 86 386 338 289 242 61 589 361 542
Route 46 : 40 205 505 32 340 270 570 332 236 536
Route 47 : 266 156 271 571 456 566 145 279 445 579
Route 48 : 250 209 550 225 509 144 525 444
Route 49 : 299 220 599 227 527 520 186 486
Route 50 : 258 268 558 160 568 237 537 140 460 440
Route 51 : 21 321 171 210 471 112 510 412
Route 52 : 284 584 223 298 523 158 458 598
Route 53 : 151 293 451 87 593 387
Route 54 : 167 157 467 273 573 262 33 562 457 333 56 356
Route 55 : 265 73 51 373 565 166 351 466
Route 56 : 230 194 530 239 108 494 539 88 408 204 388 504
Route 57 : 233 533 287 179 479 587 122 422
Route 58 : 261 188 274 488 574 561 277 577
Route 59 : 17 269 174 569 317 175 129 474 429 475
Route 60 : 9 214 222 309 514 76 376 522
Route 61 : 45 47 36 138 347 438 336 345
