Instance name:	poa-n5000-3
Authors:		Carlo Sartori and Luciana Buriol
Date:			2019-2-11
Reference:		A matheuristic approach to the PDPTW (to be submitted)
Solution
Route 1 : 2386 2232 4732 1459 1897 4886 2229 3959 4729 2057 4397 2241 4557 1332 633 3832 4741 3133
Route 2 : 1802 339 2839 2427 4927 486 4302 1937 4437 16 2094 2986 2389 2516 2098 4594 2297 4889 4598 4797
Route 3 : 1334 1410 285 762 3834 3262 3910 2785 1214 3714 1865 4365 1536 1367 642 3142 4036 3867
Route 4 : 1953 516 4453 1786 603 3103 4286 3016 1708 1342 3842 2447 4947 4208 620 1418 3120 3918 1703 4203
Route 5 : 2363 4863 1773 1916 1306 1671 4273 3806 978 4416 4171 3478 54 1237 3737 2554 1723 1700 4200 4223
Route 6 : 527 3027 868 939 901 3368 3401 1017 3517 3439 2273 4773 1487 2178 4678 665 3987 3165
Route 7 : 493 2993 1085 3585 502 1533 3002 4033 291 2791 361 154 2861 2294 145 2654 2645 4794
Route 8 : 1713 4213 2167 4667 1809 1876 4376 1993 4309 4493 659 3159 1089 1795 547 4295 3589 3047
Route 9 : 1130 1912 3630 2005 412 4505 4412 1549 2912 4049 854 1740 896 3396 985 3354 4240 3485
Route 10 : 149 2649 1360 1347 2252 3860 4752 2240 3847 1731 2420 4740 4920 4231 458 1128 2958 3628
Route 11 : 387 2887 126 2626 57 2557 522 3022 1449 3949 1311 3811 1210 450 209 595 2950 2709 3095 114 2614 3710
Route 12 : 320 1027 3527 2404 4904 2820 86 2586 2409 1677 2065 4909 4565 4177 1570 510 3010 4070
Route 13 : 1991 4491 1791 1455 1458 3955 4291 3958 2068 4568 1212 1343 3843 965 3712 1927 4427 3465
Route 14 : 1942 1267 4442 2284 4784 2076 3767 4576 116 1220 3720 31 2616 394 2531 968 2894 3468
Route 15 : 943 2130 3443 1599 1345 1033 4099 4630 3533 432 3845 977 3477 1028 14 2514 2932 3528
Route 16 : 1840 598 924 3098 4340 1725 84 3424 342 4225 1429 2842 994 2584 1768 3494 3929 2095 4595 4268
Route 17 : 912 3412 185 2685 1093 3593 1707 392 2892 1039 1653 3539 4207 4153 1742 1951 4451 284 4242 2784
Route 18 : 23 1015 1979 3515 4479 2523 1241 413 2913 945 3445 1504 3741 4004 1945 4445 2125 4625
Route 19 : 1687 1394 3894 247 363 4187 2863 1313 3813 2747 681 1037 3181 1744 3537 825 4244 237 2737 3325
Route 20 : 1300 2220 4720 1119 1751 3619 4251 736 644 3236 3144 1256 1215 1153 3756 1777 3653 3715 3800 2077 4577 4277
Route 21 : 806 296 2796 1880 419 3306 2919 4380 1662 4162 1709 1667 4167 4209 938 1014 3438 3514
Route 22 : 277 82 1532 4032 2777 80 1181 2582 678 2580 616 3178 3681 3116 1898 2334 4834 4398
Route 23 : 69 2569 863 1209 3709 3363 366 2025 1655 1661 4161 4525 2866 1634 4155 692 3192 4134 1944 4444
Route 24 : 1756 168 4256 2668 612 3112 643 239 686 3186 3143 406 2254 1051 2906 2739 4754 3551
Route 25 : 1496 2364 2052 3996 4552 1400 3900 4864 129 452 614 2952 2629 605 3114 330 477 2830 3105 2977
Route 26 : 118 838 3338 337 213 2618 2837 2713 2195 62 559 4695 3059 1745 2562 7 2507 2058 4245 4558
Route 27 : 431 273 1435 954 2773 3454 2931 730 3935 3230 42 5 2542 2505 1303 3803 609 304 3109 4 2804 2504
Route 28 : 1294 426 2926 3794 180 2680 327 373 263 913 2873 3413 2763 658 3158 1629 1794 2827 4129 4294
Route 29 : 1413 1469 1421 3921 3969 1070 148 3913 189 3570 198 2648 2698 1714 2689 474 2974 1606 4214 1180 3680 4106
Route 30 : 2155 663 4655 1129 39 3163 3629 2539 1475 455 2955 3975 1232 528 1133 3028 3633 3732
Route 31 : 1556 4056 1462 1852 3962 1839 4339 492 2992 4352 785 287 220 1747 3285 2720 2787 4247
Route 32 : 1760 2135 4260 1097 4635 2160 43 3597 128 1605 2543 2071 1952 4571 4660 2628 4452 4105 73 2573
Route 33 : 2463 2183 1830 4330 4683 1738 4963 1814 276 4314 2776 4238 2392 1346 3846 4892
Route 34 : 2044 4544 767 746 3267 461 1264 2961 1260 3246 244 3764 2744 1666 3760 1416 4166 3916
Route 35 : 2482 4982 1171 3671 786 3286 817 3317 1784 1479 351 4284 2179 2851 3979 4679 969 1109 3609 3469
Route 36 : 878 829 1965 4465 3329 518 3378 3018 816 1247 498 3316 3747 2015 2998 4515 119 1440 2619 3940
Route 37 : 2215 4715 708 841 3208 567 1720 3067 3341 4220 1660 282 2782 4160 2006 4506
Route 38 : 491 2991 2110 4610 1398 3898 727 238 3227 549 3049 2344 4844 2738 1283 3783 2445 982 3482 4945
Route 39 : 695 2134 4634 596 3195 21 2521 2159 2121 3096 4621 4659 1161 626 2080 3661 4580 3126
Route 40 : 1059 1387 3887 1730 1302 3559 2337 4230 4837 1989 3802 731 4489 1572 861 3231 4072 3361
Route 41 : 2353 1225 689 3189 1574 1603 4074 4103 852 3352 4853 1518 2402 4018 4902 3725 1980 4480
Route 42 : 1736 1695 4195 2146 4236 4646 2378 4878 1712 632 3132 4212 2226 4726 920 2045 3420 4545 2084 4584
Route 43 : 1378 3878 147 470 2647 214 583 2714 3083 1434 3934 169 233 1626 1412 2970 2669 2733 4126 3912
Route 44 : 1520 566 688 445 4020 3188 2945 3066 1896 1538 485 4396 4038 574 2985 3074 1365 3865
Route 45 : 26 1769 890 2526 4269 568 2170 3390 4670 3068 1580 4080 1860 1590 936 4360 3436 4090 177 2677
Route 46 : 231 2731 409 941 3441 1524 2909 2210 4024 385 235 2885 1011 3511 1559 2735 4710 4059
Route 47 : 2408 4908 1252 808 759 3259 3308 749 91 3752 3249 1388 2591 1118 3618 2416 4916 3888
Route 48 : 1146 3646 2267 1812 1869 4312 1166 4369 4767 2313 4813 3666 1292 3792 1239 3739
Route 49 : 2133 76 411 4633 2576 656 726 2911 347 3226 3156 2847 1704 56 4204 2556 1887 4387
Route 50 : 2172 196 4672 1305 3805 2696 1564 186 1359 4064 2686 3859 671 3171 143 2643 469 2969 252 2752
Route 51 : 2430 4930 2304 2191 1012 4691 4804 3512 660 1073 791 3160 3573 3291 1101 2390 3601 4890
Route 52 : 2307 2104 2280 4780 4807 2156 4656 525 1672 1286 4604 4172 3786 1076 3576 144 2644 3025
Route 53 : 1193 188 1785 3693 331 2688 2831 4285 879 628 3128 3379 1878 397 4378 2897
Route 54 : 1831 687 4331 3187 1494 1958 264 122 3994 2764 4458 2622 1113 1964 3613 764 1326 3826 4464 3264
Route 55 : 573 1967 4467 1977 3073 4477 1330 1739 4239 3830 858 1026 3358 639 3526 3139 1072 3572
Route 56 : 1515 998 1451 898 3951 3398 4015 2412 2343 4912 4843 1679 3498 2029 50 4179 2550 4529
Route 57 : 1301 3801 418 1325 2918 110 3825 2288 2610 4788 880 369 2869 946 3380 3446
Route 58 : 1103 2483 4983 1775 3603 891 205 815 4275 3315 3391 2705 565 90 3065 2590 569 3069
Route 59 : 268 2142 4642 685 3185 2768 124 1622 17 4122 2517 2624 97 1259 2470 3759 2597 4970
Route 60 : 425 2371 2925 748 4871 2410 4910 3248 907 2038 1280 3780 3407 651 4538 2037 4537 3151
Route 61 : 2011 1801 77 1009 3509 4301 4511 2202 2577 2471 4971 4702 2413 1611 4111 4913
Route 62 : 1422 3922 395 2895 355 2855 2000 4500 155 2655 101 1208 2601 1275 828 344 3328 3775 2844 3708
Route 63 : 704 991 3491 1042 3542 3204 2376 827 140 4876 655 2640 3327 281 981 571 3155 2781 3071 3481
Route 64 : 2046 1308 1339 2440 3839 3808 4940 2486 1324 4986 3824 4546 2274 358 2858 2128 4774 4628
Route 65 : 904 613 459 1046 3113 3546 3404 2959 171 2398 2208 4708 4898 2671 778 303 3278 2803
Route 66 : 824 2214 1788 93 4714 2593 4288 1780 537 3037 396 4280 497 2997 130 338 2896 3324 2630 2838
Route 67 : 2072 4572 2277 75 2575 4777 1579 1734 83 2583 4079 1140 152 3640 2652 377 2877 4234
Route 68 : 664 1182 754 3164 3682 3254 1125 553 3053 3625 207 1436 2707 3936 741 780 646 3241 877 3146 3377 3280
Route 69 : 884 3384 539 826 3039 3326 1121 3621 740 526 3240 3026 234 64 2564 728 2734 3228
Route 70 : 586 3086 523 3023 1594 2082 1864 4582 4094 28 4364 543 3043 2528 594 3094 953 3453
Route 71 : 1010 624 673 3124 1350 3850 3173 3510 2049 4549 927 436 447 3427 2936 2947 2495 4995
Route 72 : 1861 1978 1879 4379 4361 4478 1961 4461 1617 295 2795 4117 290 1907 2790 1641 4141 4407
Route 73 : 957 990 103 1894 2603 2437 4394 3457 2485 4985 4937 1112 2415 3612 3490 4915
Route 74 : 2374 2351 2070 4570 4874 1488 1372 3988 316 3872 2272 4851 4772 1493 2816 2431 3993 4931
Route 75 : 153 811 2653 3311 1911 1824 4411 4324 1609 581 4109 1508 1578 4008 3081 4078 635 3135
Route 76 : 298 1529 2798 2061 4029 2217 4561 4717 2305 1696 4805 4196 2066 724 4566 157 2657 3224
Route 77 : 1797 4297 1122 1376 1884 2349 4384 3622 4849 3876 910 475 315 3410 2043 2975 2815 4543
Route 78 : 1843 343 4343 2097 4597 2843 560 259 2759 2474 407 3060 2907 4974 1604 4104 1505 4005
Route 79 : 1903 2358 4403 2278 4858 996 3496 4778 777 3277 737 215 1000 3500 3237 2715
Route 80 : 1223 482 2982 3723 423 309 2036 2809 922 2923 1144 4536 3644 2002 3422 4502
Route 81 : 1438 812 1571 3312 4071 3938 1497 961 9 2509 3997 1718 1681 3461 4218 4181 1187 3687
Route 82 : 747 1447 3947 3247 515 2293 3015 506 1132 4793 228 1200 3006 3700 2728 989 3489 3632
Route 83 : 2081 183 1484 2249 4749 4581 2683 2018 3984 2311 4811 4518 1486 3986 1312 3812
Route 84 : 448 1467 1633 2948 3967 4133 531 3031 1921 2377 4421 2320 4820 4877 1509 1749 4249 4009
Route 85 : 1045 3545 2460 900 1145 3400 1808 4308 4960 162 561 3061 1099 1095 2662 3645 3599 3595
Route 86 : 20 2520 1701 170 1297 2670 4201 3797 272 2197 2772 4697 1100 3600 2300 4800 703 3203
Route 87 : 556 636 1748 3056 1375 3136 4248 3875 1309 871 1842 3809 3371 164 4342 2664 1833 4333
Route 88 : 790 3290 467 2967 1974 4474 1457 1854 292 4354 2792 3957 1194 3694 225 2054 4554 2725
Route 89 : 2500 2449 5000 2225 1968 4725 4949 789 1207 4468 3707 3289 1971 1036 4471 3536 1257 3757
Route 90 : 797 1885 4385 3297 1446 2292 2493 3946 1632 4993 4792 2051 2318 4132 4818 4551
Route 91 : 1845 4345 2164 1886 1939 1762 4664 4262 4386 4439 388 604 135 3104 2888 2635
Route 92 : 1820 1732 4320 4232 1685 735 4185 1705 2114 4614 2499 4999 3235 4205 2042 4542
Route 93 : 468 376 2876 1582 503 2968 3003 1776 4082 4276 876 546 3376 326 2826 3046 2301 4801
Route 94 : 2338 4838 1281 1111 71 3611 3781 1411 1287 2571 3787 2383 3911 4883 2096 33 2533 4596
Route 95 : 1616 821 1472 3321 4116 3972 1501 916 4001 1882 1204 4382 1798 3416 3704 1565 4298 4065
Route 96 : 2028 2314 4528 4814 2436 2024 4936 2004 4504 4524 2255 1847 4755 4347 311 2811
Route 97 : 1102 1355 3602 1717 3855 428 1955 4217 2928 4455 885 693 2180 3193 1098 3598 3385 4680
Route 98 : 2309 870 1152 4809 3370 1126 2330 3626 3652 2131 4830 4631 698 1806 386 2886 4306 3198
Route 99 : 1688 4188 610 3110 1650 4150 585 3085 1511 4011 589 357 245 2857 1426 3089 2745 3926
Route 100 : 1789 2369 2315 4869 4815 4289 364 2864 176 317 1183 2676 2817 3683 1060 360 2860 3560
Route 101 : 1322 3822 1162 925 3425 1263 630 3763 3662 307 2807 442 2942 3130 2141 4641 402 2902
Route 102 : 1544 4044 1781 4281 2261 4761 2193 2010 2468 4510 4693 4968 899 3399 66 1935 4435 2566
Route 103 : 335 2835 615 3115 1920 932 640 3432 499 275 3140 2775 578 4420 2999 600 3078 305 3100 2805
Route 104 : 1077 2359 2147 4859 4647 3577 1021 212 2712 403 3521 940 3440 2233 1918 2903 4418 4733 1537 4037
Route 105 : 1513 151 2365 4013 4865 2651 1318 3818 1558 776 4058 1541 1265 4041 3765 3276
Route 106 : 87 1437 1196 3937 2587 3696 638 1586 3138 4086 2382 4882 1499 696 3196 2291 3999 4791
Route 107 : 1323 3823 873 3373 251 738 1041 3238 2256 2751 4756 2034 3541 2462 4962 4534
Route 108 : 798 359 1004 3504 2433 4933 2859 3298 750 40 520 2540 3250 3020 133 714 3214 2633
Route 109 : 230 2730 2020 993 1514 4520 2421 3493 4014 4921 1213 200 3713 517 2700 3017
Route 110 : 2118 131 4618 1500 4000 2053 2631 4553 1506 4006 1726 1782 674 4226 4282 3174
Route 111 : 2112 1829 2115 1433 4329 4612 979 4615 3933 3479 758 3258 1006 3506 2035 1651 4151 4535
Route 112 : 489 535 1048 2989 3035 78 2227 3548 2578 53 2553 4727 1936 1684 1428 4184 3928 4436
Route 113 : 1933 2472 4433 4972 713 501 2268 4768 3213 3001 1276 1460 668 3776 3960 3168
Route 114 : 1813 1628 1356 4128 4313 1001 3856 3501 872 2469 3372 4969 742 117 3242 2617
Route 115 : 1227 2393 3727 4893 430 2930 1107 563 3063 1482 3607 2219 3982 4719 2379 4879
Route 116 : 60 2560 217 2458 1442 2717 3942 4958 666 3166 38 986 2538 3486 260 648 2760 3148
Route 117 : 1585 4085 1198 3698 1868 4368 265 1068 3568 2765 1450 380 3950 2880 1996 4496
Route 118 : 2299 1007 4799 3507 223 903 1159 921 2723 3421 3403 1143 3659 3643 1512 4012 1327 2339 4839 3827
Route 119 : 1234 2150 4650 1465 3734 3965 2414 203 4914 106 2703 2606 512 895 3395 3012
Route 120 : 1729 4229 836 3336 2275 4775 1542 1384 4042 3884 967 422 621 2 3467 2922 3121 2502
Route 121 : 1754 1230 3730 2457 832 719 4254 3332 410 2910 4957 1832 3219 1402 1929 3902 4429 4332
Route 122 : 1370 1583 112 3870 1192 4083 3692 2612 772 1635 1957 4135 4457 3272 947 1551 3447 4051
Route 123 : 1598 240 4098 1932 4432 2740 429 345 2845 580 1871 174 4371 2929 3080 2674
Route 124 : 2222 4722 1075 1148 3575 1464 3648 1348 3964 229 2729 1354 336 2836 3848 3854
Route 125 : 202 2702 964 1827 1938 4327 3464 4438 959 222 3459 1395 219 2722 3895 2719 105 2605
Route 126 : 2196 312 1043 1088 2812 4696 3588 109 3543 1722 2609 1992 4222 4492 85 2585 1407 3907
Route 127 : 629 931 3431 3129 1539 521 3021 1320 4039 3820 1850 1044 2361 4861 1787 3544 4350 4287
Route 128 : 1631 524 3024 4131 1502 1917 4002 4417 577 3077 1693 1899 1047 4399 2356 4193 4856 3547
Route 129 : 300 1796 4296 2800 324 49 27 2527 2375 2824 552 2549 4875 3052 328 2828
Route 130 : 918 1216 3716 3418 1836 4336 348 676 505 3176 894 2848 3005 3394 599 1915 4415 3099
Route 131 : 1858 1856 1527 1495 2335 4027 4358 4356 3995 716 483 3216 4835 1404 3904 2983
Route 132 : 680 1092 44 3180 3592 2544 807 257 2757 383 3307 2177 2883 1115 4677 1600 3615 4100
Route 133 : 1675 146 2646 1337 4175 3837 1926 1081 4426 266 1826 4326 2766 3581 255 860 3360 2755
Route 134 : 1990 2182 4490 2276 4682 4776 1250 3750 1526 1299 3799 4026 707 332 3207 2832
Route 135 : 504 1038 1477 3977 551 3004 253 2753 3051 463 3538 1764 2963 4264 1983 1420 4483 3920
Route 136 : 550 1818 4318 3050 1195 365 995 2865 3695 3495 669 1507 3169 915 1390 3890 3415 4007
Route 137 : 1904 4404 2192 1618 4118 4692 1023 3 156 2030 2656 4530 3523 197 2503 2697 662 3162
Route 138 : 1987 405 4487 1151 487 2987 2905 2329 3651 1637 4829 1498 1114 4137 2062 3614 3998 4562 1427 3927
Route 139 : 2087 271 839 4587 2285 2771 1519 2207 4707 3339 4785 4019 929 1822 1392 3429 4322 3892
Route 140 : 831 1828 4328 1168 1534 3331 3668 173 1676 4034 4176 2673 2360 2453 4953 1405 3905 4860
Route 141 : 2488 2282 4988 1490 4782 2040 3990 2067 4567 2442 4540 1597 1553 4097 4942 2021 4053 4521
Route 142 : 1976 1825 840 4476 3340 4325 1783 4283 1924 4424 1329 1805 3829 1587 4087 4305
Route 143 : 1238 1067 582 3738 3082 3567 480 983 1772 2980 3483 855 308 4272 2808 1985 3355 4485
Route 144 : 1816 4316 1855 4355 1454 690 1763 3954 4263 3190 2168 1290 1415 3790 4668 3915
Route 145 : 2321 1573 115 1919 2615 1563 4419 4821 4063 2237 4073 760 4737 1307 533 3807 3033 3260
Route 146 : 1682 1244 4182 3744 2206 702 2063 4706 4563 3202 1221 3721 654 3154 2346 4846
Route 147 : 187 2687 2271 4771 2100 2317 4817 4600 1399 810 3899 318 2818 923 3423 3310 1189 3689
Route 148 : 548 353 3048 1461 2853 3961 1750 1521 1874 12 4374 4250 2464 2406 4021 2512 4906 4964
Route 149 : 653 15 2515 421 1643 2921 4143 3153 1645 579 3079 1261 3761 4145 1116 59 2559 3616
Route 150 : 2328 4828 2357 473 4857 107 2342 2607 1083 3583 1960 4842 4460 2973 36 1630 4130 2536
Route 151 : 1289 1627 3789 4127 120 1755 4255 2620 1149 814 2140 3649 1997 3314 4640 4497 1074 3574
Route 152 : 479 509 3009 2979 1160 3660 2350 2016 34 4850 2534 4516 534 462 723 2962 3034 3223
Route 153 : 160 672 960 3172 2660 3460 2124 1406 809 3906 1623 4624 3309 974 3474 4123
Route 154 : 2032 4532 2205 794 3294 4705 414 1525 4025 2914 2075 370 216 2716 2870 4575
Route 155 : 843 3343 134 833 2634 1799 933 3333 699 4299 3433 279 3199 2354 4854 2779
Route 156 : 2138 1678 4638 325 2496 683 4178 3183 4996 2825 787 649 3149 2316 4816 3287
Route 157 : 2050 4550 721 1510 3221 25 4010 1737 2525 637 1948 3137 2401 4237 4901 4448 1531 4031
Route 158 : 1431 24 2524 1380 2396 4896 3931 2101 3880 4601 1881 1692 975 4381 4192 3475
Route 159 : 818 47 3318 2432 2547 2473 4973 4932 404 1362 1310 2904 3862 3810
Route 160 : 29 2296 4796 478 1569 2529 4069 464 1016 1203 2978 3516 3703 1620 2964 438 4120 2938
Route 161 : 1988 4488 301 2801 1080 779 3580 3279 341 2352 2841 175 538 3038 4852 2675
Route 162 : 1771 4271 766 68 94 2594 3266 2568 883 191 3383 1379 10 2691 3879 2510
Route 163 : 1262 842 3762 3342 606 897 3397 725 3106 971 3225 1800 4300 2003 4503 3471
Route 164 : 958 2064 3458 4564 2253 4753 930 650 400 2900 3430 1848 3150 584 4348 2391 3084 4891
Route 165 : 1005 481 645 3145 3505 1414 1061 2981 3914 3561 1445 1253 3753 1930 1270 3770 3945 4430
Route 166 : 1480 227 3980 1439 2727 1255 3939 1191 3755 2498 3691 4998 1086 1417 3586 2123 4623 3917
Route 167 : 1528 72 4028 1770 2572 1478 4270 2411 2111 3978 4911 4611 1285 1353 3853 3785
Route 168 : 1711 744 623 4211 2455 4955 3244 3123 322 1369 1698 2822 4198 2289 3869 1674 4789 4174
Route 169 : 2213 2090 4713 4590 2423 2438 4923 1963 4938 4463 194 2694 709 1321 3209 3821
Route 170 : 136 1269 3769 2636 555 1946 4446 1474 3055 3974 96 694 2596 2258 667 3167 4758 3194
Route 171 : 675 3175 1018 1062 3518 399 306 2806 2899 909 3409 1873 1792 3562 4373 1136 4292 3636
Route 172 : 2340 4840 2190 4690 1891 4391 1444 52 2122 4622 3944 2166 2552 4666 1503 4003
Route 173 : 997 3497 771 289 3271 2789 88 1658 1053 393 1278 3553 2893 3778 4158 2588 765 3265
Route 174 : 2203 297 2797 1664 4164 4703 2088 2454 4954 2033 4588 1471 4533 782 2424 3282 3971 4924
Route 175 : 1131 1607 1201 3701 2056 3631 4107 439 1895 443 4556 2939 1767 4395 4267 2480 2943 4980
Route 176 : 1142 1793 4293 3642 2461 2370 2400 4961 1810 4310 622 4870 4900 3122 711 3211 1870 4370 1235 3735
Route 177 : 2243 1759 4259 2247 2333 4833 4747 2047 1706 2007 4547 4206 2091 4507 4591 774 4743 3274
Route 178 : 1185 1271 3685 2451 51 3771 1401 4951 3901 1288 803 2551 3788 3303 593 1013 3513 3093
Route 179 : 2120 1875 4620 4375 1994 2269 4769 1364 4494 3864 472 2972 558 1441 3941 3058
Route 180 : 1029 2397 1481 706 3981 3529 3206 4897 2366 4866 743 3243 496 701 1566 3201 2996 4066
Route 181 : 718 1473 3973 1120 3620 3218 1851 2362 4351 657 1453 3157 4862 3953 98 519 2598 3019
Route 182 : 55 2242 2555 1173 4742 471 3673 881 2971 3381 751 987 3251 3487 453 2953
Route 183 : 2443 2151 2174 4674 4651 2157 4943 2223 4657 4723 1432 3932 1233 92 3733 2592
Route 184 : 2263 1177 3677 4763 1108 1646 3608 1135 608 1224 4146 3108 3635 3724 1575 1914 4075 4414
Route 185 : 976 3476 2426 4926 1106 1966 4466 1242 179 3606 3742 2679 254 597 1608 3097 4108 2754
Route 186 : 1733 1094 4233 3594 1595 269 2769 4095 845 1055 2452 3345 206 3555 4952 2706
Route 187 : 1901 1167 333 1008 4401 2833 2336 3667 3508 4836 2283 2465 4965 2418 4918 4783
Route 188 : 2022 2417 4917 857 163 4522 1170 3357 3670 2663 562 81 3062 2439 4939 2581
Route 189 : 905 2444 3405 867 121 3367 4944 2105 2621 1778 1258 4605 3758 2153 4278 4653
Route 190 : 314 2814 801 3301 1815 1970 1613 4470 4315 2388 4113 4888 2200 4700
Route 191 : 2494 1552 1408 3908 4052 2385 4994 4885 2270 1409 2319 4770 4819 3909 753 3253
Route 192 : 926 22 3426 1328 2522 3828 2212 1659 1699 4712 4199 4159 1452 3952 150 2650
Route 193 : 1030 937 368 3437 3530 2868 1719 853 2145 3353 4219 4645 697 3197 1296 417 3796 2917
Route 194 : 449 1670 4170 2949 1492 3992 2188 4688 2181 1758 4258 4681 1344 1922 4422 3844
Route 195 : 1245 3745 1251 18 3751 1669 2518 4169 1123 1680 3623 2456 4180 1197 4956 3697
Route 196 : 2116 2106 4606 2260 4616 948 761 3261 232 4760 3448 942 2732 3442 773 3273
Route 197 : 1561 2239 1863 788 4739 4363 4061 1057 3288 542 3557 1096 972 3042 3472 2137 3596 4637
Route 198 : 1385 3885 591 3091 956 3456 2235 391 476 4735 2891 1560 2976 329 1228 4060 2829 3728
Route 199 : 1430 1025 3930 847 3525 3347 2132 2407 4907 1867 141 1188 2641 4367 3688 684 4632 3184
Route 200 : 1366 575 3866 2484 3075 952 4984 3452 2259 1844 4759 4344 1174 500 3674 3000
Route 201 : 830 3330 2048 4548 102 2602 262 2762 602 444 1331 3102 3831 2944 866 299 2799 3366
Route 202 : 1910 4410 796 1892 4392 2236 3296 2373 888 4873 4736 3388 1774 4274 2185 4685
Route 203 : 1715 1277 166 4215 1341 1391 3777 2666 1741 3891 4241 381 1468 2881 627 3841 3127 3968
Route 204 : 554 1314 3814 1091 420 3054 3591 2920 988 1621 4121 3488 1710 2149 456 4210 4649 2956
Route 205 : 1981 4481 1697 908 3408 4197 2228 4728 1058 451 564 3064 2951 3558 313 2813
Route 206 : 278 1064 2778 389 3564 1349 1941 2889 3849 4441 382 530 2882 1124 3030 3624
Route 207 : 2257 2127 4757 2244 4744 1340 3840 4627 1485 1673 869 1610 3369 3985 4173 4110
Route 208 : 2238 1003 4738 3503 805 1823 4323 1562 1358 4062 3305 356 1190 2856 3858 3690
Route 209 : 1753 1557 4253 4057 1090 2487 3590 1969 4469 1656 4987 4156 2399 2250 4750 4899
Route 210 : 274 712 3212 1589 100 2491 2774 4089 2013 2600 4991 4513 398 184 2898 2684
Route 211 : 137 917 2637 3417 199 625 783 911 2699 3411 3125 1134 3283 1266 3634 1063 3563 3766
Route 212 : 226 2726 1923 2231 4423 4731 1548 208 835 4048 1397 2708 3897 3335 670 819 3319 3170
Route 213 : 1984 2287 1890 619 4390 2325 4484 4825 4787 2026 3119 4526 2117 4617
Route 214 : 242 334 2742 2834 1205 795 1905 3705 4405 3295 2298 4798 1169 3669
Route 215 : 1657 514 4157 3014 1226 2176 1811 4311 4676 3726 544 30 3044 1389 2530 1049 3549 3889
Route 216 : 1913 1154 4413 3654 165 513 710 3013 2477 2665 3210 4977 378 408 2908 2878
Route 217 : 1954 280 2780 4454 1652 679 4152 3179 1642 1463 618 3118 4142 3963 1373 1959 4459 3873
Route 218 : 167 2667 1186 1071 1545 1155 4045 3655 3571 3686 1591 1523 4091 1456 4023 906 3956 3406
Route 219 : 1550 4050 1104 928 3604 3428 2450 2367 2055 1999 4499 4867 4555 4950 950 3450
Route 220 : 2218 2184 415 4718 4684 1002 2915 634 2403 3134 3502 4903 1612 862 2425 4925 4112 3362
Route 221 : 2089 4589 1150 3650 1199 1614 2211 3699 4711 4114 2234 1176 944 4734 3676 3444 1596 4096
Route 222 : 1466 3966 2434 4934 1483 1031 74 1716 3983 4216 67 2574 720 2567 3220 2262 4762 3531
Route 223 : 2347 2103 4847 2308 4808 4603 756 955 3256 261 3455 2761 846 3346 541 2326 181 3041 4826 2681
Route 224 : 511 3011 495 2306 2995 2099 4806 874 3374 4599 935 3435 2368 2395 4895 4868
Route 225 : 1371 440 889 3871 2940 3389 1317 158 2658 2405 1962 3817 4462 1615 1374 4115 4905 3874
Route 226 : 1158 2380 1956 4456 3658 4880 813 384 2884 1686 4186 3313 1640 823 4140 3323
Route 227 : 733 3233 1282 1689 2085 3782 4585 374 4189 2199 2874 4699 1649 1069 4149 3569
Route 228 : 849 800 1807 529 3349 1157 3300 3029 2264 4764 4307 3657 2079 1584 4579 4084
Route 229 : 2290 99 844 4790 3344 2599 2419 1943 4443 104 4919 2604 1079 3579
Route 230 : 2148 4648 745 1567 4067 3245 1363 768 3268 2012 4512 3863 1752 4252 340 892 2840 3392
Route 231 : 2279 4779 35 856 2535 1934 256 3356 4434 2323 159 2756 4823 2659 1229 3729
Route 232 : 2027 4527 2230 1624 4124 4730 1925 962 3462 2086 4586 4425 270 2039 2770 4539
Route 233 : 2059 647 3147 2312 4812 1087 362 3587 2001 4559 2862 4501 45 864 2545 3364
Route 234 : 893 1078 3393 3578 434 1491 2934 1593 89 3991 4093 2589 1381 3881 2246 4746
Route 235 : 540 914 2102 3414 4602 3040 1336 799 545 3045 970 3836 3299 3470 587 1577 3087 4077
Route 236 : 691 3191 1638 705 1721 4138 3205 4221 1206 570 3070 3706 834 3334 241 2741 2324 4824
Route 237 : 2119 4619 1476 142 1846 2642 3976 4346 2198 2069 4698 2327 4569 1175 4827 2163 4663 3675
Route 238 : 41 2541 715 3215 1757 4257 2109 2216 1034 1602 3534 4102 4609 4716 1127 3627 1761 4261
Route 239 : 2248 859 992 3492 4748 1319 3359 1211 3819 1254 3711 1900 1746 3754 2129 4400 4629 4246
Route 240 : 1022 63 3522 1554 2563 1052 1218 3552 4054 3718 1906 1172 3672 4406 2092 4592
Route 241 : 588 1383 3883 3088 732 246 1164 3232 3664 2746 2331 350 61 4831 2561 2850
Route 242 : 2073 4573 2302 4802 1333 3833 949 221 951 2721 3449 3451 108 851 2608 427 3351 2927
Route 243 : 752 3252 1889 1619 2341 4841 4119 4389 1872 4372 95 1246 1377 3877 3746 2595
Route 244 : 1147 224 1156 2724 3647 3656 1998 2435 4935 2031 4498 4531 2083 804 4583 3304
Route 245 : 1419 113 1817 2613 3919 2189 4317 4689 1335 2209 4709 2171 3835 2019 4519 4671
Route 246 : 1691 4191 1139 886 3639 1425 2310 3386 1268 416 1694 3925 2916 3768 4810 4194
Route 247 : 1690 1448 3948 249 2749 508 3008 4190 2479 1841 4341 4979 1248 984 3748 820 3484 1236 3320 3736
Route 248 : 390 2489 4989 2890 193 201 2693 460 2303 4803 2701 2960 70 2570 1834 4334 802 3302
Route 249 : 934 132 3434 1724 293 4224 2632 182 2793 1178 3678 1056 3556 2682 1647 4147
Route 250 : 1403 3903 2158 2009 1857 1163 4357 4509 4658 607 3663 1648 1530 4148 3107 4030
Route 251 : 2143 2008 2108 4643 1547 1351 4608 4047 3851 822 4508 2017 2169 3322 4669 4517
Route 252 : 319 1424 3924 2819 1054 507 1020 3007 3554 3520 1821 1019 354 4321 3519 294 2794 2854
Route 253 : 1995 963 4495 3463 1470 3970 1295 454 3795 2332 2954 2187 4687 4832 763 3263
Route 254 : 2113 4613 1396 1184 1950 3896 323 2823 4450 3684 204 1361 1853 3861 4353 2704
Route 255 : 2345 4845 302 2802 58 1298 3798 2459 4959 2558 1546 1137 875 1636 4046 3375 3637 4136
Route 256 : 2152 4652 1803 4303 1202 1024 2162 3702 1849 3524 192 4662 2139 4349 2692 1588 4639 4088
Route 257 : 1522 4022 1040 601 1663 3101 3540 4163 2372 4872 1819 1940 729 4440 3229 4319
Route 258 : 2266 424 2322 2924 4766 4822 494 1315 2221 4721 3815 2994 793 8 3293 2508
Route 259 : 446 2946 310 2810 286 465 2786 1065 1357 1279 3779 2965 1291 3565 3791 3857 2476 4976
Route 260 : 2186 1765 4686 4265 211 966 717 3466 3217 837 2711 3337 2201 1274 3774 592 4701 3092
Route 261 : 37 1084 3584 2537 677 1284 1883 4383 3177 3784 1243 32 2532 2387 1117 3743 4887 3617
Route 262 : 1908 19 4408 2519 2429 48 4929 1683 2548 267 2767 371 1273 3773 4183 2871
Route 263 : 1909 1931 4431 611 4409 3111 1293 3793 734 2107 3234 739 2224 4607 4724 3239
Route 264 : 1352 1443 3852 3943 1972 1222 682 1727 4227 4472 3182 2204 1543 4704 775 3275 4043 3722
Route 265 : 1790 4290 1576 1581 1986 4076 4486 4081 2428 980 3480 1862 4928 4362 2466 4966
Route 266 : 536 2161 4661 3036 433 2933 2467 4967 1110 352 2852 1601 3610 1240 210 2710 4101 3740
Route 267 : 770 3270 1804 850 4304 3350 2074 4574 572 3072 1393 2165 111 3893 4665 2611
Route 268 : 11 2511 437 2937 2251 1066 4751 3566 1035 1888 3535 4388 401 1982 4482 2901
Route 269 : 902 3402 161 1728 2394 652 123 4228 4894 3152 349 2623 2849 631 3131 2661
Route 270 : 2286 1165 1835 3665 139 4335 2639 4786 757 999 3499 1639 3257 590 4139 3090
Route 271 : 367 792 3292 2867 488 2988 1837 700 2194 1272 4694 4337 3772 3200
Route 272 : 1779 1141 1138 4279 3638 3641 755 865 2422 3365 4922 1568 3255 379 4068 2879
Route 273 : 2481 617 4981 3117 973 1219 1975 3473 248 2748 4475 3719 2355 2490 4855 4990
Route 274 : 466 1555 4055 484 2984 2966 557 3057 1386 3886 372 887 1304 3387 2872 2173 3804 4673
Route 275 : 138 1535 4035 2478 2638 4978 2492 2175 4992 4675 250 172 195 2695 2672 1735 2750 4235
Route 276 : 127 1516 490 4016 2093 4593 2627 2990 1032 321 3532 2821 1893 4393 13 1665 2513 4165
Route 277 : 1644 2136 4144 4636 2078 2265 4578 1179 882 457 4765 2957 1668 3679 3382 4168
Route 278 : 2041 1 769 2446 4946 4541 2501 3269 2144 1423 2023 4644 3923 1973 4523 4473
Route 279 : 1877 4377 1866 2381 4366 4881 784 1082 3582 3284 2384 4884 218 2718
Route 280 : 1489 375 2875 3989 532 3032 1382 435 178 3882 2935 79 2678 2475 4975 576 3076 2579
Route 281 : 46 2546 1859 4359 1766 2014 1625 4514 4266 4125 1316 1050 3550 3816 1743 4243
Route 282 : 1368 3868 2060 4560 283 1105 3605 2783 1592 1928 4428 1338 4092 3838 441 1654 2941 4154
Route 283 : 641 1838 4338 2448 2245 3141 4948 4745 1249 1517 3749 125 258 2625 4017 2758
Route 284 : 1702 4202 1949 722 2441 661 4941 3222 3161 4449 346 2846 919 3419 236 243 2743 2736
Route 285 : 1217 288 2126 2788 3717 848 4626 2348 3348 2295 2281 4781 4795 4848 2497 4997
Route 286 : 65 2565 1540 6 190 1231 4040 2154 2506 2690 3731 4654 1902 781 1947 3281 4447 4402
