Instance name : poa-n4000-5
Authors       : BIG3 - Dmitriy Yampolskiy, Egor Nikolaev and Daria Savina. Smart Logistics Point by the BigThree team (big3.ru).
Date          : 2025-04-23
Reference     : BigThree team (big3.ru)
Solution
Route 1 : 1048 3048 502 877 2877 250 2502 2250 727 454 2454 2727
Route 2 : 863 1623 1846 3846 3623 184 1545 3545 2184 2863 1070 3070
Route 3 : 1926 1100 3100 3926 1778 467 1001 3778 3001 2467
Route 4 : 1464 1253 1064 3464 3253 3064 1136 831 547 3136 2831 2547
Route 5 : 1091 1477 757 3477 3091 841 2757 321 2841 2321
Route 6 : 364 2364 1331 67 1708 1625 2067 3331 854 3708 3625 2854
Route 7 : 1602 1544 3602 3544 1042 110 3042 2110 449 2449
Route 8 : 538 1782 3782 2538 1327 314 710 2314 2710 3327
Route 9 : 1952 1938 3952 1157 1771 3938 3771 3157 685 2685 1351 3351
Route 10 : 1688 1587 1911 3911 3688 411 3587 160 40 2411 2040 2160
Route 11 : 1452 1957 324 3452 1497 2324 3957 3497
Route 12 : 410 2410 969 1269 147 2969 1982 2147 3269 3982
Route 13 : 1155 3155 1006 609 3006 879 2879 717 2609 904 2904 2717
Route 14 : 1121 933 1691 3121 2933 1212 3691 1151 3212 3151
Route 15 : 1654 3654 1390 1180 1126 3390 3126 8 3180 2008
Route 16 : 370 2370 477 640 2640 2477 84 1028 3028 2084
Route 17 : 120 2120 266 159 2266 2159 114 464 2114 2464
Route 18 : 1896 1088 1035 3035 3896 3088 1260 3260 32 2032
Route 19 : 979 230 724 177 2230 2724 2979 2177
Route 20 : 1576 3576 326 1171 2326 565 2565 12 2012 1188 3188 3171
Route 21 : 670 1310 3310 1653 2670 1077 1491 3653 3491 3077
Route 22 : 483 269 1925 2483 876 2269 3925 716 2876 2716
Route 23 : 207 1099 2207 3099 572 737 1529 2572 3529 2737 1207 3207
Route 24 : 1230 1102 3102 3230 756 1737 1152 2756 3737 3152
Route 25 : 1874 1055 3055 1893 3874 3893 1389 852 2852 3389
Route 26 : 223 2223 1067 3067 1486 1341 1294 3486 3294 3341
Route 27 : 1163 571 58 3163 2571 1662 3662 2058 1274 3274
Route 28 : 425 642 2425 1744 2642 1405 1755 3405 3744 3755
Route 29 : 842 790 2790 1986 2842 1629 3986 1791 3629 1996 3996 3791
Route 30 : 1160 164 3160 2164 1840 992 3840 1139 2992 3139
Route 31 : 352 2352 1306 1143 784 2784 3306 1388 3143 604 2604 3388
Route 32 : 1761 1562 1065 3761 3065 1630 3562 959 3630 2959
Route 33 : 279 1927 2279 3927 412 1233 3233 1024 2412 990 2990 3024
Route 34 : 200 1059 2200 1712 1835 3835 1850 3059 3712 3850 1111 3111
Route 35 : 1871 3871 1336 544 2544 11 3336 2011 953 2953
Route 36 : 118 276 894 1504 2276 2118 2894 3504 1571 3571
Route 37 : 1974 1680 3974 1295 857 231 2857 2231 3295 161 3680 2161
Route 38 : 603 1415 3415 835 2603 1766 2835 1399 3399 457 3766 2457
Route 39 : 763 1133 75 39 2075 1218 2039 3133 533 3218 2763 2533
Route 40 : 1449 1205 1943 3205 3943 3449 415 1304 654 3304 2654 2415
Route 41 : 1448 189 1979 3448 3979 2189 25 1987 3987 2025
Route 42 : 555 258 2555 1014 3014 1176 2258 545 3176 2545
Route 43 : 102 955 1085 2102 2955 804 3085 162 2804 2162
Route 44 : 1707 1939 3939 570 3707 765 2570 2765
Route 45 : 836 856 2856 1738 2836 3738 822 63 2822 2063
Route 46 : 919 1729 3729 1550 2919 1932 3550 1597 3932 3597
Route 47 : 1252 566 188 487 2188 2566 2487 3252
Route 48 : 818 1808 3808 1416 2818 1955 426 3416 3955 2426
Route 49 : 1370 938 1851 3370 1890 1543 3890 3851 3543 2938
Route 50 : 1210 682 1397 2682 3210 1409 3397 524 3409 2524
Route 51 : 5 1057 2005 3057 691 466 2466 2691 1759 1092 3092 3759
Route 52 : 1779 3779 675 10 2010 2675 24 117 1482 2024 2117 3482
Route 53 : 1951 3951 1271 970 1468 2970 3468 3271 64 680 2064 2680
Route 54 : 829 1907 1709 3709 3907 2829 617 1244 2617 560 3244 2560
Route 55 : 427 1340 274 2427 3340 1318 3318 2274 21 354 2354 2021
Route 56 : 901 2901 347 2347 144 961 2144 2961 432 71 2432 2071
Route 57 : 1309 1894 3309 3894 1863 1110 3863 3110
Route 58 : 1613 1740 3613 1962 3962 287 3740 2287
Route 59 : 1125 1479 3479 3125 1398 1453 1235 3398 3235 3453 1487 3487
Route 60 : 1772 3772 1513 3513 490 393 1810 2490 2393 3810
Route 61 : 1219 619 2619 861 47 2861 2047 1554 46 3554 3219 2046
Route 62 : 985 2985 1520 480 2480 179 3520 463 2179 1325 2463 3325
Route 63 : 1758 1 3758 498 2001 1972 2498 1229 3229 3972
Route 64 : 1396 1062 1118 3062 3396 1881 3118 256 3881 2256
Route 65 : 1578 1828 3578 3828 558 897 1776 2897 2558 3776
Route 66 : 392 2392 1501 1831 552 3831 612 3501 2552 1246 2612 3246
Route 67 : 891 444 513 616 2513 1469 2444 2616 3469 2891
Route 68 : 1236 1129 3236 1967 1619 3129 3619 3967 623 56 2623 2056
Route 69 : 475 394 2475 2394 858 1990 2858 3990
Route 70 : 439 1913 3913 2439 318 255 1892 2255 3892 2318
Route 71 : 797 1127 823 2797 289 3127 2823 2289 920 447 2920 2447
Route 72 : 1645 1923 3645 922 713 3923 1582 2922 3582 2713
Route 73 : 1539 880 2880 1319 3539 1473 3319 459 2459 3473
Route 74 : 523 414 1636 2414 2523 1419 125 3636 3419 2125
Route 75 : 270 725 2270 1145 2725 3145 1552 3552 1930 3930
Route 76 : 1025 445 622 2445 3025 7 2622 658 2658 2007
Route 77 : 143 152 2152 1683 2143 3683 377 1154 3154 2377
Route 78 : 1945 1754 3945 3754 1069 951 704 3069 2704 2951
Route 79 : 707 1561 3561 2707 1822 1533 3822 1007 3533 3007
Route 80 : 1439 3439 57 360 1526 2057 3526 2360
Route 81 : 1579 3579 1568 386 3568 636 455 2386 2636 2455
Route 82 : 1921 1637 192 2192 813 3921 3637 2813 812 2812
Route 83 : 561 1997 448 2561 3997 2448 435 2435 1964 2 2002 3964
Route 84 : 113 79 2079 807 469 2113 351 2807 2469 2351
Route 85 : 988 2988 306 1565 284 2306 3565 172 2284 2172
Route 86 : 1290 1941 3290 1211 3941 3211 780 1108 3108 2780
Route 87 : 413 1032 2413 706 2706 1134 3032 1566 3566 3134 768 2768
Route 88 : 1616 3616 395 759 194 2194 1298 2395 2759 3298
Route 89 : 1915 3915 1736 1115 3736 1884 3884 1113 3115 974 2974 3113
Route 90 : 329 1953 2329 3953 1173 777 1676 3173 2777 3676
Route 91 : 723 1924 1320 705 3924 3320 2705 2723
Route 92 : 168 645 1217 2645 3217 720 2168 878 1564 2720 3564 2878
Route 93 : 241 399 2241 1322 2399 793 3322 1195 2793 3195
Route 94 : 869 2869 1553 1605 3605 1005 3553 1875 3875 1072 3005 3072
Route 95 : 993 2993 1457 452 536 3457 441 2536 2452 2441
Route 96 : 1417 1444 1801 3417 3801 3444 1751 1083 3751 3083
Route 97 : 1820 1664 678 3820 3664 371 629 450 2450 2371 2678 2629
Route 98 : 1255 1335 3335 3255 893 1502 3502 2893 251 1792 3792 2251
Route 99 : 1289 1431 1213 3289 3431 597 3213 1189 2597 3189
Route 100 : 257 512 2512 1864 582 2257 3864 2582
Route 101 : 1944 1106 3944 1146 3106 1257 1643 3643 3146 3257
Route 102 : 578 873 265 2578 816 2873 2265 2816
Route 103 : 1231 311 3231 584 2311 958 2584 2958 1315 3315
Route 104 : 952 1826 913 296 2913 2296 509 3826 2509 1763 3763 2952
Route 105 : 1011 196 3011 2196 1488 607 911 2607 3488 2911
Route 106 : 1768 3768 881 1249 2881 3249 128 224 2128 1790 3790 2224
Route 107 : 999 91 1307 2999 402 2402 2091 1824 3307 3824 1507 3507
Route 108 : 939 615 2615 2939 1196 643 3196 766 2643 2766
Route 109 : 803 1765 1980 3765 3980 2803 590 1276 1280 2590 3280 3276
Route 110 : 1886 139 451 2139 2451 3886 1225 233 3225 2233
Route 111 : 1898 1476 3898 1684 3476 963 3684 1411 2963 1097 3411 3097
Route 112 : 1572 973 1425 3425 3572 2973 1400 3400
Route 113 : 166 1428 2166 1537 3428 1494 3494 1560 3537 3560 345 2345
Route 114 : 185 1356 294 3356 2185 2294 1965 3965
Route 115 : 416 2416 732 1634 1577 3577 2732 1259 3634 576 3259 2576
Route 116 : 663 301 2301 2663 1075 696 2696 456 2456 3075
Route 117 : 1167 3167 203 272 288 2288 2203 2272 239 472 2472 2239
Route 118 : 745 283 1305 83 2083 2745 3305 339 2283 2339 1393 3393
Route 119 : 74 89 2074 277 2089 1266 1190 2277 3266 1410 3410 3190
Route 120 : 1624 205 3624 1438 2205 1391 3438 687 3391 2687
Route 121 : 1795 3795 648 2648 1847 535 2535 3847 762 1352 2762 3352
Route 122 : 697 1829 3829 874 2697 1777 2874 138 3777 1002 3002 2138
Route 123 : 595 517 2517 2595 95 888 1591 3591 2095 853 2888 2853
Route 124 : 1291 2000 867 4000 3291 2867 1287 462 3287 783 2462 2783
Route 125 : 1297 1968 3297 1366 3968 3366 627 1371 3371 2627
Route 126 : 1174 1797 3174 3797 374 1652 2374 1279 3652 1880 3279 3880
Route 127 : 557 520 2557 2520 51 2051 1573 1916 3573 3916
Route 128 : 1362 3362 1877 744 3877 186 742 2744 2742 2186
Route 129 : 641 602 532 2641 1338 2532 2602 1503 3338 3503
Route 130 : 423 824 2423 2824 1977 1201 3977 3201 936 383 2936 2383
Route 131 : 606 1017 109 3017 2109 1019 1086 3019 3086 2606
Route 132 : 503 996 2503 2996 537 1299 2537 1222 3299 1301 3222 3301
Route 133 : 563 122 1435 2563 2122 169 2169 3435 208 2208
Route 134 : 1326 190 2190 50 3326 1589 1081 3081 3589 213 2213 2050
Route 135 : 574 382 2382 2574 1043 299 1666 3043 2299 3666
Route 136 : 372 76 2372 2076 259 1673 1485 2259 3485 3673
Route 137 : 1288 630 1203 3288 2630 1480 3203 1175 3175 781 2781 3480
Route 138 : 649 1354 2649 1538 1087 3354 3087 3538 1976 928 3976 2928
Route 139 : 115 1377 889 3377 2115 1049 1604 3049 3604 2889
Route 140 : 1588 3588 129 721 679 180 2721 2180 2679 214 2129 2214
Route 141 : 1678 1675 3678 534 1135 3135 3675 2534
Route 142 : 1816 935 2935 3816 1878 442 1369 3878 2442 1581 3369 3581
Route 143 : 1681 3681 1739 193 1574 3739 2193 3574 1601 541 3601 2541
Route 144 : 342 1199 2342 3199 323 1237 3237 1450 2323 1224 3450 3224
Route 145 : 600 2600 1030 3030 1811 1392 3811 1334 3392 3334
Route 146 : 625 728 872 2872 1243 2728 3243 2625 1197 3197
Route 147 : 916 1094 2916 1690 3094 3690 1993 795 1437 3993 3437 2795
Route 148 : 788 1869 3869 2788 309 805 2309 367 2805 335 2367 2335
Route 149 : 997 525 2525 2997 390 2390 373 30 2373 506 2506 2030
Route 150 : 90 2090 1603 646 637 3603 482 2646 2637 2482 406 2406
Route 151 : 1614 400 2400 3614 100 794 2100 885 2885 2794
Route 152 : 94 1989 3989 892 2892 2094 1936 712 183 2183 3936 2712
Route 153 : 36 810 2810 181 2036 2181 1950 375 2375 3950 529 2529
Route 154 : 1746 1931 3746 941 2941 1767 3931 3767 1029 1179 3029 3179
Route 155 : 171 1200 2171 1992 3200 1699 3992 750 3699 2750
Route 156 : 1818 1661 3661 3818 1475 817 3475 830 1753 2830 2817 3753
Route 157 : 1655 3655 1917 1112 3917 1928 3112 3928 216 791 2216 2791
Route 158 : 699 2699 227 1702 2227 1484 3484 1141 3702 3141
Route 159 : 1441 1185 3441 1107 3185 126 1120 3120 3107 2126
Route 160 : 983 285 1900 3900 2285 2983 408 87 2087 2408 356 2356
Route 161 : 246 2246 631 1519 2631 3519 1385 1781 3385 3781
Route 162 : 1250 3250 1814 1445 586 1451 3445 3814 3451 2586 1098 3098
Route 163 : 917 2917 851 942 1687 2942 1689 2851 1626 3687 3689 3626
Route 164 : 653 2653 1747 1353 302 3353 1505 3747 2302 3505 770 2770
Route 165 : 199 611 2611 2199 924 683 2924 2683
Route 166 : 972 1423 2972 3423 883 960 1517 2883 1265 3517 3265 2960
Route 167 : 1546 1430 3546 1159 3430 384 3159 341 2384 2341 1204 3204
Route 168 : 890 1909 2890 1003 3909 542 3003 1443 3443 2542
Route 169 : 944 1879 2944 3879 1812 510 3812 476 2510 2476
Route 170 : 1882 1261 3882 1499 3261 3499 1214 1861 3214 1177 3861 3177
Route 171 : 661 1599 18 3599 2661 2018 989 1090 1181 2989 3090 3181
Route 172 : 1592 3592 1775 3775 943 1715 2943 1710 3715 1270 3270 3710
Route 173 : 1590 3590 789 1140 3140 1365 2789 3365 1248 1883 3883 3248
Route 174 : 1595 1251 1041 3595 1960 3251 3041 3960 971 2971
Route 175 : 1286 146 2146 1663 3286 731 2731 3663
Route 176 : 1971 1471 1783 3971 3471 838 3783 918 2918 2838
Route 177 : 746 2746 217 1421 2217 907 3421 1382 2907 3382 80 2080
Route 178 : 1567 588 3567 2588 1455 349 2349 453 3455 2453 1198 3198
Route 179 : 1569 1282 3569 3282 521 1383 1328 3328 2521 3383
Route 180 : 1166 1804 3166 1713 3713 440 2440 1887 3804 3887 1557 3557
Route 181 : 666 240 2666 1012 2240 701 1303 3012 3303 2701 719 2719
Route 182 : 1283 1647 3283 3647 1611 553 3611 747 2747 2553 987 2987
Route 183 : 669 965 1693 2669 3693 601 2965 1885 3885 2601
Route 184 : 1836 1241 3836 1940 3241 1695 1854 3940 3695 3854
Route 185 : 821 527 2527 1570 112 3570 2112 317 760 2317 2821 2760
Route 186 : 1937 31 2031 1216 3216 225 332 2225 2332 3937
Route 187 : 417 1534 2417 1447 3534 142 3447 175 2142 2175
Route 188 : 1973 59 3973 1422 3422 1209 2059 16 3209 2016
Route 189 : 1644 3644 88 2088 1948 148 2148 3948 1321 1033 3321 3033
Route 190 : 540 1442 1432 3442 964 2964 3432 1142 446 2540 2446 3142
Route 191 : 1559 312 910 325 2312 3559 2910 2325
Route 192 : 210 2210 1910 676 3910 1642 401 2676 995 3642 2401 2995
Route 193 : 1278 3278 260 1026 1827 2260 3026 3827 1178 3178 902 2902
Route 194 : 709 1285 2709 940 2940 3285 1832 3832
Route 195 : 1172 1817 573 2573 3817 865 3172 733 2733 2865 19 2019
Route 196 : 1429 599 170 2599 3429 1096 2170 182 3096 2182 613 2613
Route 197 : 1984 1117 3984 585 1162 2585 3162 702 769 2769 2702 3117
Route 198 : 1329 912 1264 2912 1724 3264 1530 3329 3724 945 3530 2945
Route 199 : 1395 3395 92 882 2882 1868 3868 2092 1220 839 3220 2839
Route 200 : 99 1292 2099 1929 3292 145 1258 3929 2145 3258
Route 201 : 1458 526 2526 1541 3541 1904 3458 516 3904 2516
Route 202 : 518 2518 798 1060 319 2798 2319 3060 1082 3082
Route 203 : 1631 1657 3631 1227 3657 814 3227 60 165 2060 2165 2814
Route 204 : 22 247 2247 2022 369 1296 2369 3296
Route 205 : 1426 3426 834 714 2834 2714 355 659 2355 554 2659 2554
Route 206 : 1191 738 1922 2738 3191 1192 3922 751 2751 3192
Route 207 : 932 2932 55 1727 391 2055 3727 2391 1711 3711
Route 208 : 1956 1187 1038 3187 3038 1548 908 3956 2908 3548
Route 209 : 1009 93 1380 3009 2093 3380 1262 291 3262 2291
Route 210 : 886 1374 3374 2886 718 48 778 2718 2048 2778
Route 211 : 1080 1730 3080 244 3730 2244 1942 1387 3387 3942
Route 212 : 575 1821 3821 2575 1413 1895 3895 3413 140 1313 3313 2140
Route 213 : 1119 730 419 3119 1350 2419 3350 773 2730 2773
Route 214 : 421 1646 1524 2421 3646 1656 3524 1640 3640 3656
Route 215 : 1525 1844 3525 3844 1555 69 3555 508 2069 2508
Route 216 : 1947 674 3947 1316 471 219 2674 1735 3735 2471 3316 2219
Route 217 : 667 1346 3346 2667 1615 282 1342 2282 3615 3342
Route 218 : 497 618 2618 2497 328 610 2328 594 2610 2594
Route 219 : 141 1764 2141 1116 3764 782 3116 638 2782 2638 1330 3330
Route 220 : 1870 1612 3612 290 3870 2290 4 1773 1919 3773 3919 2004
Route 221 : 298 2298 1586 1018 3586 1046 3018 1044 1966 1202 3966 3044 3202 3046
Route 222 : 1412 1756 3412 3756 1302 986 2986 3302 1284 906 3284 2906
Route 223 : 1462 174 3462 1833 2174 1394 3394 3833 167 2167 692 2692
Route 224 : 389 752 2752 2389 202 494 909 2909 2202 2494
Route 225 : 1061 1535 3535 514 500 2500 1889 2514 3889 3061
Route 226 : 493 228 1208 2493 1068 2228 3068 1635 3208 3635 1855 3855
Route 227 : 1741 1872 150 3872 3741 2150 1856 741 2741 3856
Route 228 : 1414 45 1472 3414 3472 2045 764 1813 3813 2764
Route 229 : 740 1039 2740 3039 252 1170 3170 2252 1498 3498
Route 230 : 66 430 2430 1918 2066 568 3918 914 2914 2568
Route 231 : 1888 1123 3888 3123 1650 1384 3650 758 378 3384 2378 2758 1404 3404
Route 232 : 977 689 792 2792 2977 505 54 2689 2505 2054
Route 233 : 1156 3156 136 811 2811 6 2006 2136 1483 3483
Route 234 : 946 173 2946 1089 2173 3089 275 2275
Route 235 : 111 898 2111 1364 316 3364 2898 2316 130 1786 2130 3786
Route 236 : 621 1670 3670 926 2621 2926 1031 338 2338 3031
Route 237 : 657 700 2657 2700 62 796 278 2796 2062 1512 2278 3512
Route 238 : 135 221 2135 485 2221 754 1667 2485 3667 2754
Route 239 : 1074 1101 3101 3074 931 151 1063 3063 2931 2151 1245 3245
Route 240 : 1509 1800 3509 3800 1076 461 504 1424 3076 2461 3424 2504
Route 241 : 42 1769 2042 3769 1698 254 3698 1427 2254 3427
Route 242 : 153 1463 1677 3463 2153 850 3677 1805 3 2850 3805 2003
Route 243 : 1027 107 2107 1981 1983 3027 3981 3983 486 2486 930 2930
Route 244 : 934 1247 1403 703 2934 3247 2703 3403 1221 86 2086 3221
Route 245 : 1862 1124 799 3124 3862 327 2799 243 2243 2327
Route 246 : 1272 3272 1618 313 2313 3618 1273 68 2068 698 2698 3273
Route 247 : 322 2322 954 1521 3521 132 2954 1718 3718 2132
Route 248 : 496 1685 2496 767 3685 2767 1492 232 330 3492 2330 2232
Route 249 : 743 2743 567 2567 119 116 693 2119 1372 2116 2693 3372
Route 250 : 343 785 2343 1725 2785 1506 3725 3506 340 870 2340 2870
Route 251 : 569 531 2531 336 736 1277 3277 2336 2569 2736
Route 252 : 1071 489 2489 38 3071 868 677 2038 2677 2868
Route 253 : 133 1649 3649 2133 860 236 1130 2860 2236 739 3130 2739
Route 254 : 1169 925 2925 1079 3169 163 3079 1348 2163 1122 3122 3348
Route 255 : 1456 104 2104 3456 492 1226 2492 580 3226 2580
Route 256 : 1105 82 2082 3105 729 1508 1912 2729 3912 3508
Route 257 : 1470 1674 3674 967 2967 1723 3470 1478 3723 681 2681 3478
Route 258 : 108 1317 899 2108 2899 1020 3317 1034 3020 3034
Route 259 : 947 1933 2947 3933 1078 429 3078 1716 2429 1240 3240 3716
Route 260 : 501 1547 651 2501 3547 2651 1360 1186 3360 3186
Route 261 : 749 308 2749 771 2308 261 2261 2771 905 357 2905 2357
Route 262 : 1985 3985 1515 201 1194 2201 3194 1580 3515 3580
Route 263 : 1648 1015 3648 3015 1834 843 895 3834 2843 37 2895 2037
Route 264 : 438 1628 3628 1584 2438 1641 1731 3584 3731 3641
Route 265 : 949 639 1256 2949 3256 2639 626 1593 519 2626 3593 2519
Route 266 : 633 1867 154 3867 2154 2633 614 431 2431 2614
Route 267 : 262 826 2262 1095 847 3095 2847 2826
Route 268 : 53 137 2137 2053 1705 1345 3705 405 655 2655 3345 2405
Route 269 : 1093 1223 3093 3223 1859 1806 3806 3859
Route 270 : 556 1446 2556 3446 1323 1489 1671 3671 3323 3489
Route 271 : 264 900 2900 2264 859 644 2644 362 2859 396 2396 2362
Route 272 : 1183 176 2176 3183 1897 1300 3300 3897 1563 3563
Route 273 : 1975 1339 3975 3339 98 81 1144 2098 1542 2081 3144 3542
Route 274 : 984 2984 1621 819 2819 238 3621 2238 1780 3780 551 608 2551 2608
Route 275 : 1995 1149 825 2825 3149 1873 1536 3995 3873 1988 3988 3536
Route 276 : 1023 1841 3023 248 3841 52 2248 215 2052 422 2422 2215
Route 277 : 647 2647 263 2263 672 1454 1733 2672 3733 3454
Route 278 : 134 722 1949 2134 1367 3949 1609 2722 3367 3609
Route 279 : 458 1694 2458 3694 848 1434 3434 49 2848 1268 2049 3268
Route 280 : 1481 589 2589 245 2245 684 41 2684 1474 2041 3474 3481
Route 281 : 187 690 229 2229 2187 583 2583 1748 686 2686 2690 3748
Route 282 : 1823 320 2320 3823 1787 28 2028 3787 833 29 2029 2833
Route 283 : 286 665 1148 2286 2665 271 2271 3148 1373 957 3373 2957
Route 284 : 222 591 2591 1697 2222 1686 3686 3697
Route 285 : 1770 3770 1717 1514 3514 1522 3717 1788 3788 3522
Route 286 : 204 1858 2204 3858 1803 13 2013 3803 333 434 2333 2434
Route 287 : 832 220 2832 344 2220 353 2344 315 2315 2353
Route 288 : 786 1128 3128 1037 2786 3037 293 481 2481 2293
Route 289 : 903 433 2903 708 2433 1794 3794 2708 632 1732 3732 2632
Route 290 : 1359 1703 3703 3359 385 2385 1853 779 3853 2779
Route 291 : 1022 1793 3022 3793 1784 1459 862 3784 3459 2862
Route 292 : 1837 1281 1073 1466 3281 3837 3466 1994 3073 948 2948 3994
Route 293 : 292 2292 1876 1774 3774 3876 473 331 2331 2473 1523 3523
Route 294 : 806 1906 3906 2806 1036 1902 1899 3036 3899 956 3902 2956
Route 295 : 968 1337 2968 1460 1638 3460 3337 3638 1672 927 3672 2927
Route 296 : 864 2864 209 253 2209 1343 1848 2253 1551 3343 3551 3848
Route 297 : 515 2515 776 1720 2776 3720 70 1254 3254 2070
Route 298 : 694 443 592 2443 2694 44 2592 866 1228 2044 2866 3228
Route 299 : 1206 688 1726 3206 3726 937 2688 772 2772 2937
Route 300 : 787 2787 1137 195 3137 1418 1332 2195 3332 605 3418 2605
Route 301 : 840 1617 2840 249 3617 295 2295 2249 72 664 809 2072 2809 2664
Route 302 : 1700 1600 3700 3600 820 2820 846 1920 2846 3920
Route 303 : 1701 3701 460 1585 2460 3585 671 1575 2671 3575
Route 304 : 1606 1381 3381 1147 1842 3606 1891 3147 3891 3842 1785 3785
Route 305 : 550 358 2358 2550 17 929 2017 2929
Route 306 : 388 2388 855 1651 1436 2855 1610 3651 3436 3610
Route 307 : 77 334 2077 2334 1991 546 96 3991 2096 2546
Route 308 : 268 350 379 2350 1495 3495 2268 1184 2379 3184 409 2409
Route 309 : 884 1531 2884 23 3531 2023 1762 237 3762 2237
Route 310 : 1908 994 1532 2994 3908 1809 1467 3532 3809 3467
Route 311 : 20 2020 1679 828 2828 3679 1660 1696 3660 628 2628 3696
Route 312 : 403 559 2559 1420 2403 1312 849 3420 2849 3312
Route 313 : 1047 1406 3406 3047 124 33 2124 668 2668 2033
Route 314 : 1728 1054 499 3728 1131 3054 2499 1234 3131 3234
Route 315 : 61 1293 3293 1045 2061 978 2978 3045 1745 3745
Route 316 : 1682 1719 1510 652 2652 3719 3510 3682 97 2097
Route 317 : 1164 548 1594 2548 3164 226 3594 2226 1263 1722 3722 3263
Route 318 : 1734 1349 3734 27 3349 1659 1760 2027 3659 3760
Route 319 : 549 2549 711 2711 420 436 543 2420 2543 2436
Route 320 : 815 673 2673 359 2815 1743 2359 479 2479 998 3743 2998
Route 321 : 1914 3914 1752 1051 3051 1518 3752 1789 726 2726 3518 3789
Route 322 : 1556 85 2085 1596 577 3556 1008 2577 3596 3008
Route 323 : 191 1527 3527 1433 3433 2191 1496 871 3496 2871
Route 324 : 522 1857 2522 305 101 2101 43 3857 2305 2043
Route 325 : 206 2206 1540 1052 1016 3540 896 3052 3016 2896
Route 326 : 1860 620 755 2755 2620 887 3860 1010 2887 1013 3013 3010
Route 327 : 1242 1665 3242 3665 337 748 530 2337 2530 2748 346 2346
Route 328 : 366 1361 2366 131 3361 695 2131 365 2695 2365 218 474 2474 2218
Route 329 : 300 1978 3978 2300 1839 844 1040 3839 2844 3040
Route 330 : 1969 1358 3969 106 2106 3358 127 155 2155 2127
Route 331 : 281 468 178 2178 1802 579 2468 3802 2579 2281
Route 332 : 267 307 735 2267 1168 3168 2735 2307 1999 3999
Route 333 : 598 398 1378 3378 2398 2598 1658 156 3658 2156
Route 334 : 1490 235 3490 1742 3742 2235 211 1056 921 3056 2211 2921
Route 335 : 1363 3363 1692 418 2418 975 1193 3692 2975 3193
Route 336 : 1053 404 635 2404 3053 2635 407 197 2197 2407
Route 337 : 1901 310 2310 1843 1958 3958 3843 3901
Route 338 : 656 149 273 2273 2656 662 2149 837 2837 2662
Route 339 : 495 980 2495 2980 1239 1357 121 3357 3239 2121
Route 340 : 158 15 2015 2158 1798 1407 3407 303 2303 3798
Route 341 : 1749 3749 1815 3815 775 437 2775 1324 2437 3324 381 2381
Route 342 : 1721 1375 3375 3721 1905 1084 3905 3084
Route 343 : 465 650 1368 2465 2650 9 3368 2009 801 2801
Route 344 : 1493 34 3493 478 1333 2034 3333 2478 1838 3838
Route 345 : 1158 1500 3158 1633 3500 1275 3633 280 3275 2280
Route 346 : 1961 1954 3954 1267 1114 3961 991 3267 3114 2991
Route 347 : 212 376 2376 1704 2212 624 3704 2624
Route 348 : 1866 3866 507 966 1150 2507 2966 1347 3150 845 2845 3347
Route 349 : 1830 3830 1461 105 2105 14 3461 2014 1021 3021
Route 350 : 564 2564 511 1402 962 2962 2511 1232 3402 3232
Route 351 : 123 348 2123 2348 1401 1627 1050 3401 3627 3050
Route 352 : 634 1238 2634 3238 1132 1632 3132 3632
Route 353 : 1004 1852 3852 774 3004 2774 397 1796 2397 3796
Route 354 : 1706 976 3706 1165 1103 65 3165 2065 3103 2976
Route 355 : 103 800 539 2539 2800 2103 157 950 2950 2157
Route 356 : 1865 1849 3865 3849 1058 3058 528 1440 2528 3440
Route 357 : 734 2734 368 2368 361 981 2981 2361 234 808 2808 2234
Route 358 : 1314 1750 3314 304 470 2470 3750 827 2304 2827
Route 359 : 982 1970 2982 387 3970 1386 2387 3386
Route 360 : 1598 1935 3935 3598 875 581 2875 1714 78 2581 2078 3714
Route 361 : 1903 3903 915 1549 3549 1153 3153 2915 1408 484 3408 2484
Route 362 : 1819 1607 3607 3819 1182 802 3182 491 2802 2491
Route 363 : 1963 3963 753 596 2753 715 2715 2596 35 2035
Route 364 : 1669 3669 1511 1355 3511 1516 3355 1558 1138 3558 3516 3138
Route 365 : 1998 3998 587 1311 3311 1215 1161 2587 3215 363 2363 3161
Route 366 : 1757 380 2380 562 198 3757 2562 297 2198 2297 1000 3000
Route 367 : 1845 1825 3845 3825 1959 3959 1308 1066 3066 3308 1344 3344
Route 368 : 1465 424 2424 593 3465 1109 3109 2593 1934 3934
Route 369 : 923 73 2073 2923 1620 3620 1376 1946 3946 3376
Route 370 : 1807 1799 3799 242 3807 1104 2242 1379 3104 3379 428 2428
Route 371 : 1639 3639 1668 488 2488 3668 1622 761 2761 26 3622 2026
Route 372 : 660 1583 3583 2660 1608 1528 3528 3608
