Instance name : poa-n4000-7
Authors : Hiermann, G. and Schiffer, M.
Date : 2024-04-30
Reference : arXiv:2405.00230
Solution
Route 1 :  1214 1588 1211 3588 3214 1157 1800 221 3800 2221 1581 3157 3581 3211 1970 1802 3970 1730 1379 1120 3802 189 2189 3120 628 3730 2628 3379 1245 1989 3989 472 3245 1791 2472 924 3791 2924
Route 2 :  681 650 382 265 2265 2650 1042 3042 2382 1016 1780 2681 3016 1374 656 3374 349 3780 1085 2656 3085 1341 2349 1551 3551 1108 3341 757 201 3108 336 2336 2201 1642 2757 3642
Route 3 :  916 794 2916 1482 553 3482 1259 1622 3259 2553 3622 2794 713 330 2713 1825 275 2330 1011 3011 2275 3825 1807 1671 813 3807 2813 1902 1940 884 2884 3940 314 3671 3902 2314
Route 4 :  458 962 1217 2458 2962 543 3217 2543 1459 894 1350 2894 3459 3350 625 1864 1234 2625 3864 1218 3234 1487 3218 1334 3487 3334 424 1977 3977 1960 2424 918 2918 981 3960 2981
Route 5 :  818 1308 2818 1617 3308 3617 313 516 2313 1196 288 3196 2516 987 1778 3778 2288 2987 859 857 1248 2859 775 2775 35 3248 433 2857 2433 177 98 2035 2177 2098 22 2022
Route 6 :  351 1891 2351 402 1052 18 2402 1504 3504 3891 38 3052 2018 877 807 2038 2877 1705 2807 3705 1412 673 322 2673 3412 356 1824 1038 2322 1304 2356 3038 731 3304 3824 2731
Route 7 :  1432 1242 1105 1254 3242 3432 645 3105 1773 2645 1498 3254 1386 3773 1670 3386 1834 3498 3670 1453 3834 550 3453 1631 2550 670 3631 1923 1696 3923 2670 1598 905 2905 3598 3696
Route 8 :  1609 1397 3397 576 865 3609 121 2576 1837 2121 3837 1111 27 3111 1613 3613 1621 2027 3621 379 1648 2379 1769 1027 3769 3648 2865 3027 1804 1293 3293 209 151 2151 3804 2209
Route 9 :  287 613 2613 134 2287 1658 3658 1031 1607 2134 3031 917 3607 1541 2917 77 2077 268 3541 494 1203 3203 594 2494 2268 81 1703 3703 2081 2594 1555 1886 3886 64 3555 2064
Route 10 :  965 143 1082 3082 2143 1246 2965 417 3246 1344 2417 468 1232 2468 1716 3344 395 248 2395 1119 3716 2248 3232 502 1238 1937 3119 3937 2502 3238 1905 1131 3131 3905 190 2190
Route 11 :  1712 3712 1273 1515 3515 3273 308 763 2763 1360 3360 1051 2308 1380 3051 320 3380 399 2320 617 1608 2399 2617 1611 3611 3608 132 851 2851 1160 2132 3160
Route 12 :  541 1606 270 1838 868 2541 2868 1032 3838 3606 2270 1204 3032 3204 1243 1040 1535 3040 278 3243 2278 3535 580 1861 2580 836 3861 176 2836 956 2956 39 2176 2039
Route 13 :  1936 1713 1352 3713 3352 557 969 3936 2557 930 1684 2930 1394 2969 3394 157 3684 153 1086 3086 933 2157 2153 474 2474 752 183 2752 2183 2933 932 4 2004 1276 3276 2932
Route 14 :  1198 1249 3249 3198 1348 272 2272 1371 3348 3371 695 234 2234 2695 1913 508 3913 1740 1626 2508 175 3626 3740 2175 1876 1495 3876 1880 3880 672 362 2672 89 2362 3495 2089
Route 15 :  1398 1469 1765 434 3469 2434 1674 160 2160 3765 3674 245 3398 620 2620 945 2245 804 2945 1963 2804 3963 1212 899 2899 1690 1569 3569 1313 3313 1335 3212 3335 3690
Route 16 :  846 1790 3790 1986 3986 1417 3417 120 2120 1768 2846 232 3768 1918 2232 3918 88 1629 951 3629 464 2464 880 2951 929 2880 1688 3688 1146 2929 2088 19 3146 2019
Route 17 :  527 1300 2527 715 3300 849 1349 3349 2715 1662 610 3662 438 476 2849 2476 2438 239 2610 662 1946 978 2239 2978 2662 1285 1025 3285 3946 180 3025 1266 2180 3266
Route 18 :  864 2864 2 1930 1984 2002 231 3984 425 3930 281 124 2231 2425 2281 687 76 1874 2687 890 3874 2076 440 2124 2890 2440 159 2159 1429 363 2363 389 2389 3429
Route 19 :  966 1134 1240 3134 225 1992 3992 2225 2966 3240 321 467 2467 1396 1281 3396 1593 3281 1437 2321 3437 1306 1672 3593 3672 307 3306 691 1888 2691 2307 733 2733 3888
Route 20 :  727 1152 759 2727 2759 1692 1566 3152 1562 3692 193 3566 3562 1993 3993 837 1383 2193 2837 3383 1209 881 578 1771 3209 2578 3771 2881 47 998 2998 2047
Route 21 :  1447 980 1736 3447 2980 3736 1228 1458 3228 365 3458 1283 1786 2365 1381 3283 310 3786 1307 1711 3381 2310 667 471 1833 3307 2667 3711 2471 123 678 3833 2123 2678
Route 22 :  1959 546 333 2546 226 2333 173 3959 2226 1297 2173 3297 1615 65 680 3615 675 2680 2675 793 549 2065 795 2793 116 2116 178 2795 2549 572 2178 623 2623 2572
Route 23 :  187 822 2822 811 772 2811 1071 2187 828 3071 2772 1783 562 2562 666 2828 1210 3210 824 2666 1676 3676 408 3783 2408 1539 1095 3095 913 3539 1479 2824 2913 3479
Route 24 :  1282 415 1731 2415 3282 3731 491 1525 760 3525 2491 2760 1126 1170 698 3126 2698 950 2950 569 3170 1330 2569 1066 1687 3687 1545 3066 1556 1484 3484 3330 3545 3556
Route 25 :  852 641 2852 1351 2641 1722 603 3351 2603 1435 1635 3435 368 2368 3722 1235 3635 3235 420 777 2420 1872 1008 3872 914 2914 1158 3158 405 1073 2405 3008 2777 3073
Route 26 :  1602 1278 1036 3278 3602 1183 1443 1719 3183 3719 559 3443 1761 3036 2559 1895 3895 3761 200 912 2200 1424 2912 622 1969 2622 3969 3424 359 1745 2359 1122 3122 3745
Route 27 :  112 2112 1478 1737 3737 3478 355 91 2091 967 2967 923 2355 1811 2923 1701 1803 3811 383 3803 2383 1627 3701 1145 1418 3627 3145 3418
Route 28 :  601 2601 693 544 2544 2693 1475 1118 3475 499 1022 2499 1318 3022 1584 3118 419 1177 3318 2419 83 3584 1859 2083 3859 1557 3177 1483 3557 296 3483 506 2296 2506
Route 29 :  567 1320 2567 1579 378 3320 2378 3579 974 1914 3914 1531 2974 285 2285 435 2435 873 3531 1258 164 2873 1921 3921 3258 461 2164 1967 2461 1468 3967 3468
Route 30 :  821 677 2821 2677 357 1511 1618 948 943 3511 2948 1359 3359 2357 2943 326 1516 2326 3516 1822 3618 1666 3822 236 2236 1062 3666 3062 409 1591 2409 3591 1060 3060
Route 31 :  1481 1840 767 3481 3840 212 2767 1140 2212 882 2882 3140 1165 32 3165 1619 3619 2032 798 1406 3406 2798 318 2318 555 1190 3190 968 2555 2968 465 2465
Route 32 :  1605 3605 1012 230 1799 3799 3012 414 2230 1192 1650 3192 3650 2414 1656 1542 3656 1592 973 3542 315 3592 62 2315 1337 2973 3337 2062 441 850 2850 2441
Route 33 :  346 588 2346 1998 105 2588 1253 3998 634 1664 3253 2634 3664 1750 2105 1289 3289 1382 454 3750 1451 3382 3451 455 874 2454 2874 1695 2455 1050 3050 3695 396 2396
Route 34 :  1353 3353 1076 3076 778 1836 2778 1966 3836 1393 335 3966 741 3393 2335 1845 2741 806 3845 683 2806 1856 1659 33 3659 3856 615 2033 2683 2615
Route 35 :  1953 418 271 2418 697 1979 2271 2697 3979 233 3953 515 711 2515 762 2711 2233 632 2632 1260 1465 2762 729 3465 1715 3260 908 2908 2729 1426 3426 3715
Route 36 :  1794 984 2984 3794 195 2195 184 590 2590 1255 3255 768 2184 293 1661 1763 3661 2293 3763 970 171 2768 2970 1860 1065 2171 487 3065 3860 922 2922 2487
Route 37 :  1633 1528 1373 3528 3373 1316 3316 1187 1589 3187 3633 264 1325 2264 1640 3589 3640 447 3325 927 2447 975 2927 911 2975 24 2024 1180 2911 949 3180 2949
Route 38 :  485 1079 1563 2485 1756 3563 428 3079 103 3756 2103 1231 2428 1123 3123 616 1077 3231 2616 489 3077 961 876 280 2876 2961 1315 2280 3315 457 2489 2457
Route 39 :  609 1997 297 2609 1870 2297 805 127 2805 3870 1138 3138 3997 1430 989 2127 2989 3430 1084 1603 3084 75 3603 1409 3409 11 2075 1221 1139 3221 2011 3139
Route 40 :  92 1199 1074 2092 41 3199 3074 2041 222 583 2222 790 2790 2583 1369 1310 3369 947 1707 3310 971 2971 1547 2947 1747 3547 1866 3747 1784 3707 3866 3784 1677 3677
Route 41 :  54 198 452 2198 1404 3404 364 2054 2452 1013 2364 639 393 3013 1149 2639 174 3149 138 964 2393 2138 2964 621 2621 80 2174 1941 1059 3941 2080 3059
Route 42 :  1858 329 1532 902 3532 2902 3858 1116 782 2782 2329 1805 3116 816 2816 3805 1493 3493 1706 863 3706 1920 801 2863 3920 422 2422 871 2801 1965 2871 3965
Route 43 :  158 1068 2158 503 3068 605 115 2503 8 2008 410 2605 1820 2410 3820 1638 2115 55 3638 2055 1433 738 2738 3433 624 938 2624 2938
Route 44 :  957 1096 1014 2957 30 3014 2030 358 2358 1159 3096 808 3159 1000 2808 52 2052 1364 3000 1143 1975 3364 1452 3452 915 3975 513 352 3143 2915 2513 2352
Route 45 :  1628 1654 810 3628 2810 3654 1422 448 2448 3422 1236 910 3236 282 861 2282 2910 2861 784 1072 2784 3072 1033 309 3033 1944 443 3944 306 2309 2443 2306
Route 46 :  1480 9 2009 1847 3480 3847 86 1548 152 3548 1863 2086 1454 2152 939 3454 3863 925 2939 2925 1767 40 3767 208 323 2323 2208 722 2040 1117 3117 2722
Route 47 :  1774 858 3774 1909 993 3909 2858 1503 2993 3503 1574 1102 3102 67 1857 3574 716 2716 2067 1423 214 2214 3423 3857 466 1680 3680 2466 631 1500 3500 2631
Route 48 :  1090 1718 1982 1683 3718 3982 571 3090 3683 1517 2571 1174 3174 3517 1104 582 3104 488 2582 963 2963 2488 862 1164 345 2862 3164 131 649 2345 2131 2649
Route 49 :  369 2369 117 566 719 2566 712 2117 2712 1239 2719 542 618 563 2542 1932 3239 490 2618 2563 3932 1801 97 2490 3801 780 2780 1991 2097 118 3991 2118
Route 50 :  1175 3175 638 1256 1908 3256 3908 1741 3741 2638 182 1625 2182 3625 404 70 2404 1321 2070 3321 1015 529 302 2302 427 3015 2427 2529 95 1402 2095 3402 1054 3054
Route 51 :  451 139 545 2545 154 2451 2139 1280 3280 496 2154 1950 2496 3950 325 1999 3999 2325 1527 1597 565 3527 1883 2565 255 3597 3883 101 2255 68 2068 2101
Route 52 :  799 743 482 2743 2799 2482 1029 480 1568 3029 1002 3568 1702 3002 1641 3702 2480 1700 3641 903 2903 885 653 3700 2653 2885 766 587 2766 754 2587 2754 1456 387 2387 3456
Route 53 :  1195 1464 3195 3464 470 789 1831 2789 842 2842 3831 748 2470 904 2904 2748 1746 1855 3746 3855 1599 1570 3570 1057 3599 1877 1312 3057 353 3312 3877 2353
Route 54 :  1764 202 165 2202 1020 2165 1473 3764 3473 940 3020 2940 218 1565 3565 1549 262 3549 2262 2218 1717 3717 1912 955 979 3912 2955 1340 1818 2979 3340 3818
Route 55 :  1934 684 2684 1751 3751 1850 3850 3934 1277 1862 3862 3277 997 1098 2997 1268 1419 3098 3268 714 216 3419 2714 2216 1646 1623 3646 1777 3777 3623
Route 56 :  1957 1124 3124 3957 1699 3699 907 1753 2907 1729 3753 3729 436 235 2436 2235 197 1115 2197 1355 3355 1915 3115 534 3915 856 1708 3708 2534 2856
Route 57 :  141 737 1368 2141 3368 528 2737 439 2439 2528 685 1651 2685 1772 3651 3772 612 1125 3125 1590 384 2384 2612 133 581 3590 1637 2133 597 3637 2581 2597
Route 58 :  558 2558 1795 1612 3795 906 732 2732 1154 3612 2906 607 3154 585 2585 1075 3075 66 2066 2607 59 2059 1366 845 1137 3137 1088 2845 3088 1488 3366 3488
Route 59 :  1462 988 3462 510 1472 2988 1370 300 2300 17 2510 3472 3370 844 2017 1510 148 2844 3510 1163 2148 3163 1299 373 2373 626 2626 1332 3299 3332 398 2398
Route 60 :  1693 1106 3693 213 3106 2213 1476 1755 3755 781 2781 377 2377 3476 94 1427 708 2708 2094 614 3427 1049 599 3049 2599 1808 3808 855 2614 429 2855 2429
Route 61 :  1023 3023 724 2724 179 1952 284 3952 564 2179 128 2284 2564 561 931 2128 2561 1843 2931 1327 539 3327 2539 192 3843 1538 2192 1583 3538 3583
Route 62 :  104 1400 2104 3400 1935 826 2826 3935 1463 350 788 2788 2350 3463 1634 896 3634 2896 1509 228 2228 3509 267 2267 109 726 1727 2726 1878 3727 2109 3878
Route 63 :  442 2442 1910 286 473 3910 872 2473 898 2286 2898 983 2872 1826 388 2388 2983 1694 3826 1421 1113 3113 3421 3694 829 2829 1728 1009 3728 3009
Route 64 :  43 705 1580 2705 2043 518 3580 397 332 704 2397 2332 661 2704 2661 304 1911 2518 1552 2304 3552 29 2029 3911 181 1436 3436 2181 700 2700 635 2635
Route 65 :  1345 162 2162 375 3345 1882 14 3882 2014 1141 168 2375 303 725 3141 1647 2168 3647 2725 2303 1893 170 445 2445 172 2170 2172 1207 3893 1109 3109 3207
Route 66 :  1271 145 960 537 2960 2145 3271 627 1987 2537 2627 146 3987 1440 2146 1686 1208 3208 1091 3686 3440 1019 3091 747 1181 2747 3019 3181 655 2655
Route 67 :  1389 1046 3046 1890 3890 3389 1523 3523 1053 1292 3053 1732 3732 3292 1189 860 122 2860 2122 1291 3189 519 2519 3291 93 664 2093 1889 2664 3889
Route 68 :  257 1176 1262 385 3176 2257 985 2385 1244 1003 3262 3244 3003 1663 2985 1559 3663 696 3559 430 2430 1333 1529 3333 2696 391 3529 835 2835 2391
Route 69 :  1976 1200 3200 1787 3976 273 3787 2273 870 25 2870 386 412 2412 2386 2025 758 1903 295 2758 1296 3903 787 1571 2295 3296 958 2787 3571 2958
Route 70 :  1554 3554 400 652 2400 1604 3604 1457 689 2652 3457 78 130 150 2689 99 2099 2150 1136 2130 2078 1842 23 3842 3136 1376 1287 2023 3376 3287
Route 71 :  219 1620 2219 79 3620 205 2205 982 2079 676 477 2676 2477 1667 2982 1796 3667 3796 764 449 2449 1789 2764 1301 3789 792 2792 1205 3205 3301
Route 72 :  1752 647 3752 2647 953 166 1925 3925 636 2953 1485 3485 1055 2636 1601 2166 1572 3572 3601 1723 3723 3055 1823 977 3823 1798 2977 3798
Route 73 :  374 1639 2374 1434 431 3639 194 2194 2431 560 3434 1322 2560 648 3322 937 207 2937 1770 2648 1797 2207 3770 838 2838 1813 3813 1817 3797 3817
Route 74 :  1391 1197 1101 3391 3197 1135 3101 246 2246 682 3135 1649 2682 651 2651 1224 3649 3224 60 1460 2060 1288 3460 1782 1900 3782 371 3288 3900 2371
Route 75 :  1064 1279 3064 3279 266 343 2266 1748 3748 2343 1924 1894 1749 3894 3924 888 3749 1496 2888 344 2344 1215 3215 3496
Route 76 :  769 1403 2769 771 2771 3403 1576 1081 3576 1685 3081 1314 3685 986 3314 1087 2986 1357 3087 283 1812 2283 3357 3812 840 1947 1766 3766 2840 3947
Route 77 :  1929 1513 3929 107 3513 12 1951 2107 2012 1506 3506 1682 380 3682 2380 1678 3951 3678 1428 444 2444 453 3428 832 2832 2453 547 2547
Route 78 :  298 521 2298 833 2833 1653 1407 3407 1395 2521 3653 1028 113 3395 3028 1919 3919 1294 2113 390 2390 3294 1226 3226 1269 360 669 3269 260 2669 2360 2260
Route 79 :  1229 934 686 2934 3229 366 2686 1697 2366 48 3697 1849 319 3849 640 2048 1974 2640 459 3974 644 2319 2459 2644 263 227 2227 258 2263 2258
Route 80 :  316 2316 1508 538 3508 2538 1573 589 1916 317 3916 3573 1781 2589 2317 3781 1132 125 1311 3132 3311 736 2125 1645 2736 668 3645 1809 3809 2668
Route 81 :  479 156 2479 2156 1814 394 1610 3610 2394 3814 671 1114 3114 492 2671 1492 1530 2492 1973 3530 3973 1041 1 2001 3041 1168 3492 1958 710 2710 3168 3958
Route 82 :  1735 928 866 1904 2928 276 2276 1384 3735 728 3384 3904 1446 3446 2728 761 2866 1167 1265 2761 1298 3298 841 3167 2841 3265 1865 909 3865 2909
Route 83 :  1439 3439 820 694 21 2021 745 2820 2745 770 2694 1339 2770 554 2554 1762 3339 1575 3762 526 3575 658 802 646 2646 2526 1739 2658 2802 3739
Route 84 :  1336 460 3336 1852 3852 895 2460 135 1896 2135 484 2895 1949 630 742 2484 990 2742 2990 2630 774 3949 3896 1875 301 2774 1179 2301 3875 3179
Route 85 :  839 2839 1448 1083 1461 3448 1879 3879 1220 50 3461 108 3220 3083 1898 2050 1489 2108 3898 1558 1665 3489 3 3558 423 2003 1887 2423 3665 1110 709 3110 3887 2709
Route 86 :  167 1851 3851 376 2376 2167 312 1410 1689 3410 1133 2312 663 3133 5 3689 2663 1596 16 2005 3596 361 1343 2361 3343 598 2016 1161 2598 875 3161 2875
Route 87 :  140 2140 746 1587 137 1420 2137 2746 3420 996 3587 2996 6 1927 2006 1726 3726 1034 999 3927 2999 944 3034 100 254 2100 2254 500 2944 497 2497 834 2834 2500
Route 88 :  247 1901 42 3901 1675 976 2247 3675 2042 1721 2976 469 1534 3534 136 2136 1964 3721 2469 203 2203 1810 1148 3810 3964 556 3148 2556 367 2367
Route 89 :  507 2507 815 1387 1156 3156 2815 1835 3835 3387 1871 593 1939 2593 237 3871 3939 1720 2237 1931 3931 1788 3720 338 3788 2338 1151 1257 3257 3151
Route 90 :  825 186 87 2186 847 2825 2087 2847 1067 1093 1972 20 2020 3067 3972 3093 1577 1290 3577 854 2854 1988 3290 1471 936 3988 1056 3056 1356 3471 2936 3356
Route 91 :  1514 892 3514 1358 2892 779 58 2058 1186 3358 1182 3186 3182 629 339 2779 2629 579 509 2339 2509 2579 1990 954 2954 1760 3990 3760
Route 92 :  1099 1544 665 2665 3099 196 3544 1536 3536 848 2196 707 2848 2707 224 1233 2224 1169 3169 3233 823 1704 2823 3704 1943 1917 3943 1524 3524 3917
Route 93 :  642 1733 3733 1378 2642 734 2734 3378 1595 1202 718 3202 3595 2718 1390 1537 169 3390 2169 3537 717 15 250 2250 2717 348 403 2015 2348 2403
Route 94 :  1775 1037 3037 1945 3945 305 3775 1005 1519 2305 1247 3005 568 1094 3094 2568 3247 1392 1968 3519 921 2921 3968 1540 191 3392 2191 3540
Route 95 :  1829 1906 3906 3829 744 421 1058 2421 3058 591 2744 536 2536 114 2591 1302 523 2523 2114 199 3302 2199 211 1816 2211 3816
Route 96 :  501 61 2501 2061 1375 1978 879 1365 2879 3978 992 1274 3375 3365 573 3274 2573 249 2992 1045 2249 3045 1216 1295 3295 3216 1127 3127
Route 97 :  1758 946 1408 3758 2946 3408 1100 26 3100 1521 2026 1201 1377 3521 1828 1614 3828 1942 3942 1933 3377 1792 3792 1010 3201 3614 3010 3933
Route 98 :  463 504 2463 1173 217 2504 3173 1710 1954 2217 84 3710 3954 1150 1815 619 3815 2084 994 2994 2619 660 3150 1616 1172 3616 3172 2660
Route 99 :  185 1899 1450 3899 1980 1227 3450 2185 1017 3980 611 3227 739 2611 751 2739 952 2952 3017 1501 2751 3501 1326 56 1107 3107 3326 2056
Route 100 :  786 82 505 2505 493 2786 2082 511 2511 1830 2493 893 1698 3830 1725 2893 3698 889 765 2889 2765 755 3725 432 2755 2432 1043 3043
Route 101 :  941 37 2037 1213 3213 1806 3806 2941 785 1063 1494 1884 2785 3494 3884 574 188 1411 2574 2188 3063 886 3411 1956 2886 1363 3956 3363
Route 102 :  720 2720 1839 327 3839 456 2456 1759 2327 814 1399 2814 869 3759 2869 995 531 3399 2531 1526 2995 1832 3526 3832 407 1121 3121 2407
Route 103 :  1385 1185 3385 1044 3185 1582 773 3044 3582 570 2773 90 2570 1907 2090 3907 1470 3470 277 2277 1039 1342 3342 1995 3995 1564 3039 1223 3564 3223
Route 104 :  1502 1286 1785 3785 3286 261 3502 1669 3669 2261 791 637 2637 1329 2791 3329 1594 606 1225 3594 551 2606 3225 437 2437 1961 2551 3961
Route 105 :  1652 279 495 2279 1241 2495 3652 3241 730 1431 3431 803 2730 406 2406 161 2161 2803 450 1491 1425 3491 481 3425 2481 2450 897 2897
Route 106 :  797 73 2797 1004 106 3004 530 2073 2106 2530 486 878 2486 111 533 2878 2111 290 1486 2290 3486 2533 45 1346 71 2045 3346 2071
Route 107 :  1586 3586 1270 299 575 2299 3270 827 2575 31 604 2604 341 2031 1561 2341 347 3561 69 2827 2069 2347 942 1317 2942 3317 1263 3263 657 2657
Route 108 :  1585 1709 3585 608 3709 252 2608 241 2252 1948 2241 1955 342 3948 3955 478 1441 2478 1881 2342 220 3881 1142 3441 1600 3142 2220 3600
Route 109 :  1657 901 2901 7 3657 2007 935 1438 1250 2935 3438 44 3250 2044 340 1512 2340 517 3512 674 2674 2517 1267 1819 3267 462 2462 3819
Route 110 :  1284 291 3284 381 1097 1024 3097 3024 53 2381 2053 1660 2291 817 2817 809 3660 1724 3724 1827 2809 3827 72 392 2392 2072
Route 111 :  1714 1006 3714 831 3006 1467 1474 2831 3467 1499 1490 3474 2000 3499 446 3490 2446 1128 3128 1303 4000 274 3303 900 2274 2900
Route 112 :  401 1644 3644 1237 2401 372 1092 3237 2372 3092 147 776 1021 2776 522 3021 2522 2147 920 1416 706 2706 2920 1047 3416 204 2204 3047
Route 113 :  1030 1497 416 3497 2416 1444 3030 1388 3388 1445 3444 1668 3445 28 210 2210 535 2028 1251 2535 3668 887 1367 3367 3251 2887
Route 114 :  1455 3455 49 1846 2049 3846 1184 1776 3776 1305 483 3184 3305 1518 498 2498 2483 1323 3518 800 2800 3323 584 413 223 1144 2584 2413 2223 735 3144 2735
Route 115 :  1061 3061 1112 1078 1477 3477 1415 1885 3112 3885 3415 1129 740 2740 532 3078 3129 142 2532 1793 2142 3793 85 311 2085 2311
Route 116 :  959 36 2036 721 2721 2959 1194 688 3194 13 2688 1630 2013 3630 34 702 2034 595 2702 46 2046 703 2595 51 2051 2703
Route 117 :  63 1981 102 3981 2102 1681 2063 1018 1922 3922 229 3681 328 2229 1261 3018 2328 783 3261 1272 334 2334 3272 243 2243 2783
Route 118 :  240 1331 1754 3331 2240 3754 1553 1868 3868 1219 3219 269 2269 659 3553 1414 2659 1844 525 1361 3844 3414 1779 2525 3361 3779
Route 119 :  1543 1347 883 2883 633 2633 3543 3347 1546 1328 3328 1757 3546 3757 524 144 2524 1867 2144 1520 3520 3867 1372 129 3372 2129
Route 120 :  600 238 2600 2238 1162 540 2540 1275 3162 3275 514 2514 426 155 2426 2155 1089 1821 3821 3089 1550 1070 749 3550 1869 3070 2749 3869
Route 121 :  1673 10 2010 602 2602 3673 1338 1222 1193 3222 3193 289 3338 2289 96 548 2096 1928 2548 1994 3928 1309 3994 3309 1413 3413
Route 122 :  411 1853 3853 2411 701 1507 324 2701 370 2370 3507 812 2324 1001 1962 3001 1854 2812 3962 3854 1744 1026 3026 3744 126 1048 163 2126 2163 3048
Route 123 :  1401 1178 3401 3178 843 1938 1734 2843 110 3938 723 3734 2110 891 1892 3892 1560 1153 2891 2723 1996 3560 1103 3153 3996 1252 1188 3252 3188 3103
Route 124 :  1926 3926 1230 1738 3230 991 2991 819 2819 3738 215 1324 1035 1319 3319 3324 3035 2215 206 1578 3578 2206 1442 1466 3442 1522 3466 3522
Route 125 :  1632 1624 1841 3624 1983 3632 1971 3841 3983 3971 1166 1643 3166 1742 3643 354 2354 1505 643 3742 2643 3505 337 57 2337 2057
Route 126 :  592 251 2592 2251 853 1362 119 3362 2853 2119 1985 1655 3655 654 3985 972 2654 1130 3130 2972 919 1679 3679 244 2919 2244
Route 127 :  830 926 2830 253 2926 753 2253 2753 1080 586 690 2586 475 1354 3080 2690 750 2475 3354 1691 2750 256 3691 2256
Route 128 :  1873 3873 692 1069 292 2292 2692 3069 1567 1155 1533 3533 3567 1206 3155 512 3206 74 2512 577 2074 2577 520 2520
Route 129 :  756 1848 3848 1897 2756 149 2149 242 2242 3897 1171 3171 796 596 1147 2796 1743 2596 1636 3743 3147 1405 3636 3405
Route 130 :  331 1007 2331 259 3007 1264 294 679 3264 2259 2294 1191 2679 552 3191 867 2867 2552 1449 699 3449 2699
