Instance name : poa-n600-7
Authors       : Dmitriy Demin, Mikhail Diakov (msd@veeroute.com), Ivan Ilin, Nikita Ivanov, Viacheslav Sokolov (vs@veeroute.com) et al. VRt Global (https://veeroute.com/)
Date          : 2023-04-24
Reference     : veeroute.com
Solution
Route 1 : 38 86 386 338 300 242 600 143 542 443
Route 2 : 255 94 30 555 394 330 109 101 409 401
Route 3 : 10 310 185 7 307 22 485 322 219 519
Route 4 : 21 32 321 98 332 294 121 398 421 594
Route 5 : 288 588 188 222 83 488 383 522 57 357
Route 6 : 31 331 182 482 274 37 166 574 466 337
Route 7 : 23 179 323 272 298 479 572 122 598 422
Route 8 : 230 530 76 170 470 85 376 215 515 385
Route 9 : 233 533 240 540 213 513 16 104 316 404
Route 10 : 239 539 68 292 368 18 318 592 195 495
Route 11 : 275 223 523 158 458 575 236 536
Route 12 : 258 264 558 160 564 140 460 228 440 528
Route 13 : 56 245 356 84 545 246 546 71 384 371 154 454
Route 14 : 218 13 518 48 297 313 597 169 348 469
Route 15 : 153 207 453 227 507 87 527 387
Route 16 : 238 538 278 1 301 578 161 149 449 461
Route 17 : 19 319 180 124 480 29 424 329 50 350
Route 18 : 173 221 521 473 100 130 430 400 102 402
Route 19 : 260 560 296 14 596 314 199 2 499 302
Route 20 : 106 12 312 49 406 349 72 28 372 328
Route 21 : 123 110 423 289 136 410 436 177 477 589
Route 22 : 220 80 380 285 520 186 585 486
Route 23 : 168 247 280 547 468 270 580 95 570 395
Route 24 : 192 492 47 132 432 347 277 577
Route 25 : 135 157 435 271 254 571 290 554 590 257 457 557
Route 26 : 39 253 339 286 46 553 144 346 586 444
Route 27 : 55 269 355 569 174 134 129 434 429 474
Route 28 : 226 75 526 41 282 375 582 341 5 305
Route 29 : 53 295 67 595 211 353 367 511
Route 30 : 133 6 159 433 306 459 61 284 361 584
Route 31 : 9 214 309 514 287 210 587 510
Route 32 : 8 308 131 197 497 119 431 249 419 549
Route 33 : 62 162 462 362 15 178 315 478 128 428
Route 34 : 266 156 176 244 456 566 476 146 150 544 450 446
Route 35 : 103 63 403 147 363 70 370 447
Route 36 : 248 193 137 493 548 4 437 304 198 97 397 498
Route 37 : 196 496 126 82 426 382 243 92 543 392
Route 38 : 202 17 502 58 317 262 33 358 562 333
Route 39 : 65 365 78 163 378 164 463 464 212 91 391 512
Route 40 : 117 165 417 465 77 190 377 490
Route 41 : 276 229 291 576 529 99 591 172 399 472
Route 42 : 265 171 241 565 471 24 541 54 324 354
Route 43 : 231 152 90 452 390 531 189 181 489 481
Route 44 : 250 209 550 225 509 235 535 525
Route 45 : 59 194 359 494 216 88 516 259 559 204 388 504
Route 46 : 114 281 414 108 139 581 184 439 408 66 484 366
Route 47 : 203 25 503 325 273 573 142 3 442 256 303 556
Route 48 : 175 74 374 475 263 125 425 206 506 111 563 411
Route 49 : 40 268 340 568 127 112 427 237 537 412
Route 50 : 45 261 36 138 438 561 336 345
Route 51 : 200 113 413 118 500 107 418 115 407 251 551 415
Route 52 : 11 105 51 405 20 320 351 44 311 344
Route 53 : 60 360 155 455 120 42 342 420
Route 54 : 34 334 217 151 451 26 517 69 283 369 326 583
Route 55 : 43 343 27 234 534 64 364 327 116 416 93 393
Route 56 : 267 567 96 148 293 396 593 448 183 483 79 379
Route 57 : 89 52 191 352 224 389 491 524
Route 58 : 141 73 373 441 208 279 508 579
Route 59 : 299 35 187 599 335 201 487 501 205 505
Route 60 : 167 81 467 232 381 145 532 252 445 552