Instance name:	poa-n800-3
Authors:		Carlo Sartori and Luciana Buriol
Date:			2019-2-11
Reference:		A matheuristic approach to the PDPTW (to be submitted)
Solution
Route 1 : 251 113 513 651 291 691 318 331 718 283 731 302 683 296 702 696
Route 2 : 151 136 551 319 327 719 536 727 272 672 357 757 32 432 265 219 665 619
Route 3 : 25 142 425 341 542 741 237 79 170 637 479 570 84 192 592 484
Route 4 : 66 195 368 466 595 768 43 63 233 463 443 633 163 185 563 585
Route 5 : 165 139 539 565 38 104 174 438 574 504 387 787 82 75 482 475
Route 6 : 230 179 579 630 285 252 685 145 652 278 678 545 377 777
Route 7 : 24 183 424 583 137 537 27 150 246 427 646 550 78 148 548 478 155 555
Route 8 : 118 518 103 123 503 523 276 282 676 682 385 127 785 527
Route 9 : 9 238 638 409 325 379 779 725 177 274 674 577 366 766 374 774 86 486
Route 10 : 194 310 594 400 710 800 109 52 509 295 452 371 695 386 786 771
Route 11 : 149 322 549 722 83 483 23 168 423 568 268 31 30 431 430 668
Route 12 : 308 28 428 708 205 129 605 193 135 529 593 535 7 407 388 788 288 688
Route 13 : 326 726 243 17 643 324 417 176 724 576 394 342 794 225 742 625
Route 14 : 85 21 485 29 421 429 54 175 454 199 575 307 707 599 297 309 697 709
Route 15 : 99 111 511 266 499 240 125 525 666 130 196 530 596 363 763 640
Route 16 : 126 312 526 712 188 367 767 298 588 698 208 608 281 392 681 792
Route 17 : 166 226 626 144 566 544 355 256 6 656 406 755 304 704
Route 18 : 397 797 389 321 789 721 198 346 746 598 91 292 692 491
Route 19 : 102 244 502 644 97 189 46 497 589 446 15 76 476 356 756 415 107 507
Route 20 : 269 138 669 538 203 218 361 603 618 761 60 94 235 460 635 494
Route 21 : 217 49 158 617 449 314 558 340 740 714 264 147 664 547 42 442
Route 22 : 69 255 469 117 655 517 259 261 659 661 378 260 110 660 510 778
Route 23 : 223 48 248 448 648 623 40 369 440 769 112 18 390 512 418 790
Route 24 : 247 143 215 543 354 647 615 754 315 224 624 715 16 210 416 610
Route 25 : 270 300 220 670 620 700 187 92 301 587 492 701 267 667 53 396 453 796
Route 26 : 313 306 713 34 706 434 212 612 57 61 457 461 352 362 752 762
Route 27 : 13 160 560 339 413 258 739 658 347 47 447 747 364 764
Route 28 : 152 250 650 286 552 686 121 521 120 520 164 173 73 564 473 573 44 444
Route 29 : 382 178 782 211 611 72 186 472 578 586 335 735 154 554 191 167 36 567 591 436
Route 30 : 372 772 348 748 81 351 751 481 12 253 263 412 653 663 50 87 487 450
Route 31 : 337 365 737 765 67 249 467 204 649 604 370 395 770 334 734 795
Route 32 : 358 146 758 546 71 116 241 471 516 641 141 41 541 45 445 88 441 488
Route 33 : 239 93 375 493 639 775 106 506 119 180 221 580 519 621 234 156 556 634
Route 34 : 343 743 320 330 720 730 153 284 684 553 58 349 458 128 236 528 636 749
Route 35 : 305 214 229 705 629 614 115 159 515 559 332 22 422 732
Route 36 : 227 68 202 602 468 376 776 373 773 290 690 627 384 336 784 736
Route 37 : 181 39 581 439 273 673 294 694 124 19 419 524 380 391 791 780
Route 38 : 381 781 344 37 744 169 437 569 338 114 277 738 514 677 184 584
Route 39 : 90 62 101 462 490 501 360 279 679 760 10 410 182 64 464 582 197 597
Route 40 : 329 353 729 753 33 105 505 433 350 299 699 262 750 662
Route 41 : 213 200 613 171 1 571 600 401 157 2 557 402 74 474 231 8 631 408
Route 42 : 162 562 20 242 420 642 122 35 399 435 317 799 717 522
Route 43 : 77 59 477 459 11 190 133 590 533 100 500 4 254 209 404 654 609 411 275 675
Route 44 : 311 303 703 711 80 140 540 480 26 55 207 455 426 607 323 723
Route 45 : 393 280 680 793 131 95 495 531 108 201 508 345 745 601 134 206 534 606
Route 46 : 245 645 70 328 728 383 783 470 56 51 132 456 451 532
Route 47 : 359 759 216 257 657 616 232 3 632 403 14 89 489 414
Route 48 : 65 98 465 498 172 161 561 293 572 96 496 271 671 693
Route 49 : 316 287 716 398 687 798 222 228 5 622 405 628 289 333 689 733
