Instance name : poa-n1500-6
Authors       : Dmitriy Demin, Mikhail Diakov (msd@veeroute.com), Ivan Ilin, Nikita Ivanov, Viacheslav Sokolov (vs@veeroute.com) et al. VRt Global (https://veeroute.com/)
Date          : 2023-07-09
Reference     : veeroute.com
Solution
Route 1 : 744 746 1494 1496 191 175 120 941 870 925
Route 2 : 64 14 814 193 540 505 764 1290 678 943 1255 1428
Route 3 : 48 339 798 229 199 949 979 1089 729 1479
Route 4 : 670 347 686 8 1097 300 1436 1420 758 1050
Route 5 : 400 424 15 1150 581 765 1331 1174 150 900
Route 6 : 417 29 1167 194 709 944 779 325 1075 636 1459 1386
Route 7 : 171 520 698 336 921 610 1086 1270 486 1360 1236 1448
Route 8 : 455 623 62 812 1373 466 1205 438 1188 1216
Route 9 : 394 36 1144 35 490 94 1240 786 844 785
Route 10 : 312 530 531 1280 1062 328 1281 26 643 1393 776 1078
Route 11 : 641 513 387 1263 459 1137 1391 1209
Route 12 : 549 529 1299 1279 98 406 557 848 1156 1307
Route 13 : 288 1038 373 164 1123 715 1465 914 378 280 1128 1030
Route 14 : 429 483 742 1233 1179 30 1492 358 780 1108
Route 15 : 382 153 327 1132 1077 903 344 59 1094 809
Route 16 : 177 119 869 124 927 236 986 501 874 162 912 1251
Route 17 : 638 612 23 1388 1362 60 773 239 810 95 989 845
Route 18 : 739 121 158 871 1489 908 666 606 570 1320 1416 1356
Route 19 : 661 1411 241 439 297 1189 454 991 1047 1204
Route 20 : 583 652 689 1402 639 1439 234 984 470 197 947 1389 1220 1333
Route 21 : 507 281 343 1257 224 277 1031 1093 1027 974
Route 22 : 340 451 467 1090 1217 27 1201 498 777 659 1409 1248
Route 23 : 292 444 435 1194 542 43 793 654 291 1042 1404 1185 1041 1292
Route 24 : 76 366 826 372 1116 1122 87 650 1400 837
Route 25 : 536 266 1286 75 825 135 885 3 1016 753
Route 26 : 244 179 251 994 1001 442 677 156 929 1192 1427 906
Route 27 : 699 495 1449 688 499 63 625 1438 1245 813 1249 1375 57 807
Route 28 : 202 596 161 183 952 1346 933 911
Route 29 : 319 127 877 298 707 1069 1457 1048
Route 30 : 617 405 446 1155 1196 1367
Route 31 : 375 1125 130 421 880 591 1171 553 723 1341 1473 1303
Route 32 : 136 228 886 370 587 978 238 1337 1120 988
Route 33 : 331 517 582 1267 264 1332 1081 1014 680 1430
Route 34 : 672 379 603 1353 67 354 817 1129 381 1131 1104 1422
Route 35 : 411 341 649 1161 1399 674 1091 20 770 575 1424 1325
Route 36 : 720 25 1470 611 284 775 1034 657 1361 1407
Route 37 : 740 157 691 714 1464 1441 1490 37 907 745 787 1495
Route 38 : 489 609 1359 82 1239 346 832 628 1096 564 1378 1314
Route 39 : 256 101 1006 736 374 1124 295 851 1045 1486
Route 40 : 399 287 116 79 1149 1037 829 655 866 525 1275 1405
Route 41 : 481 450 1200 1231 472 10 218 1222 645 968 1395 760
Route 42 : 223 185 935 973 213 352 216 963 1102 966
Route 43 : 648 154 422 143 1398 1172 904 893
Route 44 : 359 685 497 1247 684 1435 1434 182 1109 932
Route 45 : 34 784 141 673 594 1423 66 891 1344 816
Route 46 : 318 620 1068 461 1370 607 1211 682 1357 1432
Route 47 : 431 369 1181 418 377 1127 1119 38 788 1168
Route 48 : 296 554 637 1304 1387 527 1046 407 1277 1157
Route 49 : 651 211 1401 480 307 961 510 1230 1057 1260
Route 50 : 383 1133 693 404 653 616 1443 1366 1154 1403
Route 51 : 504 437 1254 624 555 1374 1187 403 196 1305 946 334 1153 1084
Route 52 : 629 214 112 55 805 1379 667 964 862 100 1417 850
Route 53 : 726 1476 386 138 1136 463 436 888 72 1213 822 1186
Route 54 : 568 52 669 1419 186 514 330 936 1318 802 1080 1264
Route 55 : 708 144 618 515 1458 326 894 1265 1368 1076 33 783
Route 56 : 743 31 1493 781 81 681 565 1315 1431 831
Route 57 : 434 1184 303 630 306 1056 566 1053 1316 1380
Route 58 : 254 263 269 1013 1004 1019 232 85 50 982 800 835
Route 59 : 502 184 748 934 356 1498 713 1252 1463 1106
Route 60 : 552 1302 317 722 412 656 1472 1162 1067 1406
Route 61 : 65 357 1107 663 1413 410 425 493 1243 1175 1160 815
Route 62 : 180 159 930 122 731 872 46 909 314 796 1481 1064
Route 63 : 398 365 1115 543 324 1293 1074 1148
Route 64 : 588 142 558 1308 516 1338 892 302 1266 192 1052 942
Route 65 : 675 640 1425 392 1390 290 1142 1040 265 1015
Route 66 : 252 39 428 45 795 80 830 789 1002 1178
Route 67 : 573 272 414 1323 448 1198 738 1164 1022 42 1488 792
Route 68 : 360 259 578 5 140 1328 1110 890 1009 755
Route 69 : 462 329 1212 704 1079 433 574 1454 51 801 1183 1324
Route 70 : 208 73 74 22 823 772 958 316 824 1066
Route 71 : 69 380 441 1130 1191 420 819 679 1170 1429
Route 72 : 131 690 176 541 1440 881 1291 237 926 987
Route 73 : 475 560 126 642 492 1310 876 1225 1242 1392
Route 74 : 368 129 402 879 1152 335 1118 230 1085 980
Route 75 : 321 569 1071 1319 598 170 687 920 1348 1437
Route 76 : 427 605 1355 1177 482 315 1065 106 613 1232 1363 856
Route 77 : 363 146 896 695 1113 632 1382 145 1445 895
Route 78 : 367 393 1117 741 1143 204 1491 275 1025 954
Route 79 : 551 545 1301 1295 332 1082 532 345 696 1446 1095 1282
Route 80 : 68 733 619 818 1483 732 1482 267 1369 635 1017 1385
Route 81 : 40 333 111 160 910 658 1408 861 1083 102 852 790
Route 82 : 592 338 694 1088 1444 523 276 1273 323 1342 1073 1026
Route 83 : 702 465 301 1215 108 1452 706 253 1051 1003 1456 858
Route 84 : 487 692 580 1330 289 88 1039 445 1237 1442 1195 838
Route 85 : 468 1218 716 474 1466 626 633 1224 1383 1376
Route 86 : 245 561 242 1311 995 992 219 671 969 1421
Route 87 : 395 384 1134 207 957 243 1145 1 751 993
Route 88 : 151 91 364 408 1114 841 1158 96 901 846
Route 89 : 452 479 178 249 1229 1202 999 518 928 1268 305 1055
Route 90 : 103 361 853 1111 107 724 519 1474 857 1269 9 759
Route 91 : 548 1298 644 371 676 409 1159 1121 1394 1426
Route 92 : 273 97 416 847 1023 471 168 918 1221 1166
Route 93 : 683 32 1433 458 348 730 631 1208 1098 1480 1381 782
Route 94 : 634 476 385 128 1226 1135 7 1384 757 226 878 976
Route 95 : 17 703 1453 767 509 477 1259 1227
Route 96 : 195 28 778 945 747 308 1497 1058 388 250 1138 1000
Route 97 : 701 712 1462 491 1451 524 1241 349 1274 1099
Route 98 : 734 1484 432 247 1182 563 1313 537 1287 646 1396 997
Route 99 : 84 550 460 577 1300 834 1327 1210
Route 100 : 189 447 258 939 173 1008 1197 535 923 426 1176 1285
Route 101 : 456 205 47 90 840 955 797 1206 172 922
Route 102 : 86 209 836 959 257 117 528 1007 867 1278
Route 103 : 152 53 310 902 803 1060 579 105 855 1329
Route 104 : 174 503 1253 924 110 137 860 887
Route 105 : 217 99 967 600 538 1350 1288 500 849 299 1250 1049
Route 106 : 19 769 396 601 622 282 1146 1372 1032 1351
Route 107 : 621 203 953 149 1371 705 351 899 1455 1101
Route 108 : 54 212 804 697 1447 210 198 962 948 960
Route 109 : 457 71 415 231 821 309 1207 1165 1059 981
Route 110 : 155 508 905 737 1487 261 1258 464 1214 313 1011 1063
Route 111 : 749 58 134 808 449 279 1199 884 1499 576 1029 1326
Route 112 : 711 593 293 260 1043 1461 1010 89 283 1343 839 1033
Route 113 : 286 608 1358 304 1036 133 883 201 1054 951
Route 114 : 190 270 2 1020 940 469 752 728 181 1219 1478 931
Route 115 : 77 521 423 1271 1173 721 440 827 83 1190 1471 833
Route 116 : 132 586 488 353 1103 1238 882 589 1336 1339
Route 117 : 278 222 735 1028 16 766 602 49 1352 972 1485 799
Route 118 : 413 567 727 662 1163 1317 337 1477 1087 1412
Route 119 : 526 512 1262 78 391 828 1276 700 1141 1450
Route 120 : 6 125 756 390 875 1140 660 572 1410 1322
Route 121 : 615 599 562 571 311 1365 1312 294 1321 1044 1349 1061
Route 122 : 114 285 262 864 342 1035 320 1012 274 1092 1024 1070
Route 123 : 24 350 774 1100 506 627 717 1467 1377 1256
Route 124 : 148 539 898 215 1289 109 859 443 1193 965
Route 125 : 104 496 854 70 1246 820 235 397 21 985 771 1147
Route 126 : 522 584 750 246 1272 163 139 1500 1334 889 996 913
Route 127 : 12 494 233 762 556 362 1244 1112 614 983 1306 1364
Route 128 : 665 255 647 1005 167 917 419 1169 1397 1415
Route 129 : 56 544 271 355 1105 1294 4 754 806 1021
Route 130 : 453 1203 604 534 585 1354 1284 1335
Route 131 : 597 478 1228 248 93 998 1347 227 977 376 1126 843
Route 132 : 220 725 473 1223 118 1475 13 868 970 763
Route 133 : 200 115 664 1414 950 166 147 897 865 916
Route 134 : 668 547 188 938 1418 533 1297 484 1234 1283
Route 135 : 169 710 206 187 1460 18 92 919 956 768 842 937
Route 136 : 430 221 971 401 595 389 1345 41 1139 1180 1151 268 791 1018
Route 137 : 546 718 123 1468 511 873 165 1296 1261 915
Route 138 : 719 11 225 559 761 113 975 1469 1309 863
Route 139 : 240 322 990 44 61 485 1235 794 1072 590 811 1340