Instance name : poa-n3000-6
Authors       : Dmitriy Demin, Mikhail Diakov (msd@veeroute.com), Ivan Ilin, Nikita Ivanov, Viacheslav Sokolov (vs@veeroute.com) et al. VRt Global (https://veeroute.com/)
Date          : 2023-04-24
Reference     : veeroute.com
Solution
Route 1 : 1214 979 677 387 2714 2177 1887 1144 1291 2479 2791 799 2299 2644
Route 2 : 279 1779 550 1474 1475 1298 2798 402 2050 2975 1463 2974 2963 1902
Route 3 : 642 346 477 2142 1393 1327 1846 2827 975 1977 2893 860 2360 2475 684 2184
Route 4 : 468 1212 341 1968 2712 669 2169 890 1147 1841 2390 2647
Route 5 : 615 2115 1346 214 2846 693 1714 1078 338 2578 743 1838 750 2243 2250 2193
Route 6 : 450 644 2144 442 439 1950 1335 1942 2835 1303 46 2803 1104 1546 1480 1939 2604 2980
Route 7 : 380 79 1880 260 1579 742 2242 1760 1465 1168 988 2488 2668 2965
Route 8 : 1239 75 874 1018 1575 2739 2374 1048 2548 82 1116 2518 884 2616 2384 1582
Route 9 : 418 1396 1918 993 848 2896 1231 901 2401 2493 1023 2523 2348 2731 583 2083
Route 10 : 1241 224 1724 697 2741 246 284 1746 2197 732 1269 1784 2232 2769
Route 11 : 26 218 1156 1526 1287 1718 2787 1129 2656 916 2629 960 2416 1488 2988 2460
Route 12 : 1373 326 2873 103 74 1826 1603 1574 654 1099 2599 1352 2154 2852
Route 13 : 831 530 142 1642 2030 2331 625 2125 539 1456 529 2956 2029 2039
Route 14 : 215 913 619 1715 1481 1186 2413 2119 2981 33 1280 2686 2780 1533
Route 15 : 132 415 1339 1915 1632 673 1080 2839 1354 2173 712 2580 941 2441 2854 2212
Route 16 : 375 881 1875 731 815 2381 2231 2315 1143 180 2643 362 1680 231 125 1731 1625 1862
Route 17 : 1159 1043 272 1772 2543 119 2659 71 1619 1076 1571 2576
Route 18 : 937 1454 2437 242 2954 1742 805 210 1477 2305 2977 1710
Route 19 : 1300 484 970 1984 2470 64 1564 1125 1240 2800 2625 1472 2972 2740
Route 20 : 1282 1163 67 2663 2782 1567 560 797 354 2060 1289 158 2789 1854 1658 2297
Route 21 : 261 503 2003 1761 420 1343 2843 1305 1920 168 2805 1668
Route 22 : 173 298 1277 1673 2777 1798 485 1310 630 2130 1985 2810
Route 23 : 861 1441 2361 918 2418 687 2187 2941 1336 14 824 1038 2538 1514 2324 2836
Route 24 : 592 887 1049 538 2387 2549 908 2092 959 2038 2408 2459
Route 25 : 738 856 2238 971 2471 2356 1493 1067 34 2567 1534 633 2993 1345 2845 52 2133 1552
Route 26 : 518 998 2018 90 2498 1342 1590 689 454 2842 148 1954 1459 190 2189 1648 2959 1690
Route 27 : 1365 2865 1314 1371 1492 1132 2814 2871 2992 999 2499 2632 507 2007
Route 28 : 1409 222 1722 1347 2909 1264 2847 902 1087 169 2764 383 2402 1669 2587 1883
Route 29 : 510 240 2010 591 1740 2091 95 620 1595 904 344 1844 1210 2120 2710 2404
Route 30 : 22 1425 1522 73 2925 138 1638 18 1573 501 2001 1518 1007 343 1843 2507
Route 31 : 718 828 2218 661 2328 892 2161 2392 1033 1202 2533 932 2432 2702
Route 32 : 681 263 97 1763 85 2181 288 1585 1788 754 1597 1140 2254 2640
Route 33 : 124 777 1624 2277 462 1262 1201 846 2701 2346 460 2762 1290 1962 1960 2790
Route 34 : 978 1098 1111 2598 2611 595 2478 99 179 2095 1679 1599
Route 35 : 1131 2631 1296 1134 1457 2957 2796 593 2634 616 2116 2093 690 2190 154 1136 2636 1654
Route 36 : 465 1088 1965 1016 2588 367 2516 8 772 1867 2272 1508
Route 37 : 249 1450 1749 961 880 2950 2380 2461 1253 1112 1174 2674 2612 2753
Route 38 : 989 118 1618 2489 66 1566 1464 481 244 2964 1981 1744 1005 691 2505 2191
Route 39 : 1172 694 1469 2194 37 1537 535 1312 2035 2969 2672 1011 1216 2511 2716 2812
Route 40 : 571 602 419 1919 2071 2102 1100 309 1306 938 2438 1809 2806 2600
Route 41 : 251 506 809 2006 2309 1751 3 400 1503 1900 541 239 2041 1739 177 1677
Route 42 : 345 302 1802 421 1845 411 1921 872 1911 194 2372 1433 1694 2933
Route 43 : 202 1702 695 1400 1356 2195 2856 768 2900 508 2008 2268 285 1785
Route 44 : 152 39 974 1652 1155 648 2148 2474 2655 640 1061 2561 1539 2140 647 273 2147 1319 2819 1773
Route 45 : 1081 1121 683 2581 2183 91 2621 1417 962 2462 1591 2917
Route 46 : 899 306 509 2009 1806 622 1108 2399 674 2122 579 2608 2174 1404 2079 2904
Route 47 : 166 1031 584 1324 2084 2824 576 2531 1027 2076 869 1666 2527 2369 401 1901
Route 48 : 1123 163 2623 1663 896 1069 2569 234 2396 1165 281 1781 1734 2665
Route 49 : 448 1948 546 774 532 1228 2274 2032 2046 2728 829 29 1529 2329
Route 50 : 182 1682 956 359 680 2180 1859 566 2456 1003 1348 2848 2066 2503
Route 51 : 699 623 741 2241 2123 2199 1127 928 2627 2428 747 499 1486 1999 2247 2986
Route 52 : 15 310 1515 1122 1810 1106 2622 2606 1195 392 2695 181 1681 1892
Route 53 : 1250 748 573 2248 2750 2073 114 608 2108 652 2152 1082 1614 159 2582 1659 651 2151
Route 54 : 438 452 767 1938 2267 857 1952 377 1470 1877 985 2357 1063 2563 2485 2970
Route 55 : 191 617 2117 1691 717 603 2103 2217 793 160 364 2293 1864 1660 355 942 2442 1855
Route 56 : 1171 30 2671 1177 1530 1350 2850 92 2677 844 544 1592 706 2344 2044 2206 1293 2793
Route 57 : 1050 2550 783 1460 2283 534 1321 2960 724 2034 2821 2224
Route 58 : 227 150 1650 727 1727 2227 1496 675 1447 2996 461 2947 2175 575 2075 1961
Route 59 : 129 205 1301 1629 41 1705 1541 2801 1414 740 2914 1418 2240 2918
Route 60 : 61 330 1830 1561 31 365 984 478 1531 36 1536 2484 1978 1865
Route 61 : 986 323 1252 2486 1823 1097 2752 598 361 1861 2098 2597
Route 62 : 1500 850 1468 1380 3000 102 1602 2968 2880 2350 500 1363 1126 2863 2000 2626
Route 63 : 247 382 707 1747 495 2207 1249 1882 1014 496 2749 1995 2514 1996
Route 64 : 388 1059 2559 466 1888 578 771 1966 2078 561 282 2271 1782 2061
Route 65 : 1175 2675 1401 2901 812 763 2312 2263 434 618 726 1934 2118 2226
Route 66 : 12 126 1626 203 817 1512 920 1292 2317 2420 745 232 1703 2245 2792 1732 936 2436
Route 67 : 371 1871 94 574 1594 2074 151 1651 752 2252 1151 1476 1220 2976 2720 2651
Route 68 : 176 35 1535 457 581 1676 313 2081 1813 627 1957 2127 1124 577 2077 294 1794 2624
Route 69 : 875 1485 2375 635 758 2258 2135 2985 565 241 1741 555 540 2055 2040 2065 19 1519
Route 70 : 7 111 1507 1611 412 1479 479 1979 1062 2979 1276 1912 2776 410 2562 1910
Route 71 : 659 2159 867 1197 374 121 1621 1874 822 2367 2697 2322 1120 2620
Route 72 : 204 770 1704 657 2270 1006 492 2157 192 2506 1692 1992
Route 73 : 443 676 1943 2176 1204 1426 2926 1357 2857 2704
Route 74 : 366 1866 804 894 304 2304 1102 2394 1804 109 964 2602 1609 2464
Route 75 : 139 611 463 1639 914 1963 2414 1317 2111 2817 977 428 2477 1928
Route 76 : 122 997 2497 789 335 1622 134 982 1634 766 1835 2482 2266 2289 115 1615
Route 77 : 135 147 1635 1437 1647 1353 2937 1137 2637 2853 201 217 1717 889 1701 2389
Route 78 : 322 324 1001 736 2501 1824 1822 2236 536 441 785 1941 101 2285 1601 2036
Route 79 : 278 1176 373 2676 1161 1778 440 2661 1873 704 1384 1940 2884 2204
Route 80 : 5 721 2221 444 1505 1039 1944 1333 2539 851 1374 2874 2351 2833
Route 81 : 487 1272 1987 1232 352 2772 1852 1325 2732 277 287 2825 1787 1777
Route 82 : 839 184 563 757 2063 1684 2339 779 2257 646 2146 870 2279 2370
Route 83 : 586 2086 1386 6 1506 1435 2886 2935 802 1071 349 1849 2571 2302
Route 84 : 1040 1415 318 1818 2915 1494 764 830 1361 2264 1226 2994 2330 2540 2726 2861
Route 85 : 734 728 505 780 2234 2228 852 2005 146 795 1646 2280 2295 2352
Route 86 : 1205 1455 2705 2955 120 542 2042 1032 1620 952 714 705 2532 2452 527 1223 2027 2723 2214 2205
Route 87 : 995 2495 958 1270 2458 59 926 2770 833 2426 1559 613 2333 1187 2113 2687
Route 88 : 106 93 1606 130 1593 1422 599 2922 1630 96 631 2131 537 2099 1596 2037
Route 89 : 1315 609 1035 2815 76 2109 389 1576 1889 2535 1434 976 2934 2476
Route 90 : 1405 2905 1072 2572 698 553 2198 980 2053 994 2494 2480
Route 91 : 128 276 1054 624 1628 1776 2554 713 2124 1326 2826 798 2213 2298 837 2337
Route 92 : 1376 1179 1000 2500 370 594 1870 2679 653 69 2876 1569 2094 2153
Route 93 : 567 612 2112 2067 1029 885 2385 2529 1055 2555
Route 94 : 564 1092 2592 2064 753 1498 1044 237 2998 813 2313 2253 1737 2544
Route 95 : 1436 1157 2936 2657 1389 1217 1095 2595 1103 2717 2889 413 2603 1913
Route 96 : 9 1047 2547 295 1795 256 1390 185 1509 339 2890 1756 1839 1685
Route 97 : 821 2321 476 682 1976 2182 1160 610 1077 879 2379 2577 2110 2660
Route 98 : 262 489 853 427 1045 1927 1989 1013 2353 2513 2545 667 445 2167 1945 665 1762 2165
Route 99 : 394 113 1613 291 634 868 557 2134 2057 1385 2885 1791 494 2368 259 1894 1759 1994
Route 100 : 911 178 2411 685 1678 1391 826 2185 2891 2326 582 2082
Route 101 : 847 472 2347 1972 558 405 2058 1010 1905 517 782 2282 2017 2510
Route 102 : 186 660 1370 1686 1375 2870 2160 678 751 2251 2178 2875
Route 103 : 781 275 983 1775 1406 930 2281 2906 548 2483 2048 836 2430 2336
Route 104 : 855 1086 590 2355 2586 700 1430 2200 2090 49 2930 967 1549 65 1565 2467
Route 105 : 915 1200 2415 407 2700 639 1170 1907 688 2670 2188 2139
Route 106 : 823 596 597 78 1578 2097 2323 2096 641 269 2141 1064 2564 1769
Route 107 : 1295 83 1583 2795 199 692 1091 1153 2591 543 2192 1699 417 1917 2653 2043
Route 108 : 1207 2707 1230 776 2730 470 2276 28 1970 1528 990 1028 2528 2490
Route 109 : 865 488 2365 1194 1988 816 2316 2694 1368 729 2229 2868
Route 110 : 280 48 1548 1020 238 2520 1780 1089 1738 1278 1323 2823 2778 2589
Route 111 : 1478 554 348 2978 398 1848 1898 1349 2054 614 2114 290 1243 2743 1790 2849
Route 112 : 252 513 482 2013 1752 174 1982 1674 1308 368 381 1881 1167 2808 172 2667 1868 1672
Route 113 : 1394 350 1850 2894 1189 888 123 931 1198 2431 2689 2698 2388 1623
Route 114 : 895 45 436 1344 1545 720 2844 2395 430 1936 2220 1930 1359 972 2472 2859
Route 115 : 299 4 164 1664 589 1193 2089 1799 1504 605 424 2105 2693 376 1924 1273 2773 1876
Route 116 : 1267 788 1294 1209 2767 784 2284 2709 917 2288 604 2794 2417 1036 2536 2104
Route 117 : 1395 756 1015 2515 1497 523 2997 2256 906 2023 1004 2895 2504 2406
Route 118 : 628 2128 749 1316 2249 156 2816 1487 1656 483 2987 1983
Route 119 : 1467 447 545 1218 2045 1482 2982 2967 841 331 1191 1947 2718 955 2341 1831 2455 2691 336 1836
Route 120 : 297 1017 556 1797 2056 1367 516 1279 2867 2016 11 498 2779 337 2517 1511 1998 1837
Route 121 : 131 1166 1631 1366 2666 2866 404 406 769 1906 1904 296 1796 2269
Route 122 : 760 1169 2669 2260 733 1285 2233 649 2785 791 2149 431 1328 1458 2958 2291 1931 2828
Route 123 : 515 84 356 1584 2015 672 668 2172 1429 2168 2929 133 1856 1633
Route 124 : 155 607 1211 2107 1655 923 422 2711 1922 658 2423 2158
Route 125 : 395 1895 1473 963 2973 2463 512 1440 426 702 1926 2012 951 2940 2202 2451
Route 126 : 1079 643 626 2579 2126 2143 814 1056 2314 53 1553 2556
Route 127 : 1251 1428 2751 1084 2928 2584 137 1224 2724 1188 996 1637 2496 2688
Route 128 : 835 446 2335 1236 1946 21 1521 157 2736 1041 1410 2541 1657 2910
Route 129 : 236 954 722 1736 2222 2454 303 475 42 1975 208 1542 810 2310 1803 1708
Route 130 : 1259 320 212 2759 1712 1820 1382 268 198 161 1768 1698 1661 2882
Route 131 : 437 981 312 2481 1812 319 1937 1283 1819 2783 992 2492
Route 132 : 1471 2971 136 423 1636 1299 897 1923 910 2410 2799 2397
Route 133 : 1192 1423 2692 270 1452 1770 1178 2923 283 171 2952 1783 2678 1671
Route 134 : 531 1265 258 353 2031 1758 2765 1021 905 1853 739 2405 2521 2239
Route 135 : 947 358 2447 453 528 2028 730 1858 1953 2230 735 1388 2888 2235
Route 136 : 987 863 1221 2363 2487 1242 519 2721 2742 2019
Route 137 : 58 1338 794 2838 292 51 1558 2294 1551 219 1792 429 1392 2892 1929 1719
Route 138 : 1219 206 2719 762 2262 1706 100 1600 433 1256 360 1933 2756 1860
Route 139 : 696 105 801 2196 315 2301 1135 1605 1815 2635 1446 2946 919 2419
Route 140 : 143 1643 1451 842 1213 2951 655 2713 843 2342 1199 2343 2699 2155 761 2261
Route 141 : 1445 1268 2945 2768 183 351 1019 145 2519 900 1683 1851 1645 384 2400 1884
Route 142 : 1383 1105 195 2605 2883 305 1695 933 50 1805 2433 1550
Route 143 : 211 1711 886 845 632 1288 2386 1443 929 2132 2943 2429 2788 2345
Route 144 : 221 1721 490 1364 1990 940 230 1730 2440 1490 2864 2990 1162 873 2373 2662 547 2047
Route 145 : 1222 1407 2907 2722 321 162 1662 1411 1821 876 396 1896 2376 2911
Route 146 : 1311 386 719 1886 245 2219 1331 1745 1101 233 759 2811 2601 2831 2259 1733
Route 147 : 568 1297 2068 893 2393 1238 520 104 2797 1149 2020 2738 414 1604 2649 1914
Route 148 : 1046 197 1697 56 1355 2546 193 2855 1693 1556 572 2072
Route 149 : 1158 511 2658 1030 1196 2530 2011 1184 2696 663 2163 2684
Route 150 : 1022 666 2166 2522 637 765 1377 1438 2877 2265 2938 23 2137 340 1150 2650 1840 1523
Route 151 : 70 1420 98 1598 1570 467 1266 2766 1967 2920
Route 152 : 307 464 811 1807 1964 1286 2311 778 2786 175 1675 2278
Route 153 : 588 1109 969 2088 2469 474 2609 20 1520 1974
Route 154 : 77 357 1577 650 1857 116 1379 2150 709 1616 2879 965 1412 2465 271 1771 2209 524 2912 2024
Route 155 : 408 187 1424 1908 1687 1281 456 2781 2924 1956
Route 156 : 2 1448 1502 1173 2673 2948 834 141 562 1641 1461 1183 2683 934 2062 2334 2434 2961
Route 157 : 580 1362 2080 1397 2862 871 2897 250 209 1750 2371 1709
Route 158 : 47 820 1248 2320 2748 1154 2654 170 1547 60 1670 1180 1560 2680
Route 159 : 1332 859 1090 1133 2832 1206 2359 2633 600 2590 216 2706 2100 1716
Route 160 : 223 13 1723 1513 1322 226 1726 1369 1085 2822 2869 2585
Route 161 : 907 2407 266 1247 2747 1766 832 1146 2332 883 2646 878 2378 2383 363 1863
Route 162 : 948 334 2448 332 1834 1832 301 1801 1096 786 1237 2596 112 2286 2737 1612
Route 163 : 300 1800 229 1117 1302 2617 1729 708 924 2802 493 1068 2208 1993 2568 2424
Route 164 : 144 1145 1644 1128 2645 1074 2574 1012 2628 2512
Route 165 : 1065 2565 526 17 1517 1263 2763 1025 2026 409 662 2525 1909 2162
Route 166 : 1260 38 827 2760 877 2377 950 2450 636 2136 2327 10 1538 1182 1510 2682
Route 167 : 1215 1255 1341 2755 43 2715 2841 110 1543 80 1580 1408 1610 200 2908 1700
Route 168 : 909 2409 1399 1257 638 953 2757 293 1793 2138 1024 2899 2453 703 2524 2203
Route 169 : 1309 701 1313 2809 108 858 2201 54 1608 2358 1402 2813 1229 1554 2729 2902
Route 170 : 16 188 228 1432 2932 1688 1728 314 1516 1360 1814 939 1051 2439 2860 2551
Route 171 : 521 451 1271 459 2771 2021 1959 949 1951 818 2318 2449 1057 927 559 2427 2557 2059
Route 172 : 1246 1058 274 393 1774 2746 1261 2761 2558 1893 1234 40 1540 2734
Route 173 : 1442 1449 2942 1107 1340 2949 1275 790 2775 1002 2607 2840 882 2290 2502 2382
Route 174 : 399 670 1491 2991 1148 2648 27 807 1899 2170 587 2307 1419 1527 68 2919 1568 2087
Route 175 : 255 316 1042 1755 1816 1245 1372 243 2872 2542 1743 2745 1489 2989
Route 176 : 514 891 2391 107 2014 1142 2642 1607 1026 140 117 1640 1617 369 2526 1869
Route 177 : 1053 213 1713 248 2553 945 1748 549 629 533 2445 2049 2129 2033 385 1885
Route 178 : 328 1329 1093 686 2593 325 1828 2829 1227 898 522 2727 2022 1825 391 2398 2186 1891
Route 179 : 254 189 1689 1754 1421 390 787 2921 1890 473 1190 2287 2690 1973
Route 180 : 32 1439 455 1955 1118 2939 1378 2618 397 2878 1066 1897 775 2566 1532 2275
Route 181 : 601 1318 1274 2818 2774 87 2101 333 1587 264 1833 922 1764 2422
Route 182 : 149 1152 1649 1208 311 2652 372 1811 2708 1872 946 2446 1307 1444 2944 2807
Route 183 : 1413 711 1138 2211 2638 127 425 308 2913 1627 1 1925 1808 1501
Route 184 : 207 679 1403 2179 55 1330 1555 773 2903 1707 552 2830 2273 2052
Route 185 : 1358 1337 2858 1070 2837 1416 1034 2570 2534 1203 1130 808 2630 2916 1225 2308 2725 2703
Route 186 : 167 1466 838 1667 2966 825 196 2338 2325 89 1381 1387 1696 435 1589 1935 2881 2887
Route 187 : 317 379 671 72 1817 2171 1334 471 1572 1971 2834 1879
Route 188 : 1139 1060 2639 1284 2784 2560 737 504 2004 921 991 2491 2421 2237
Route 189 : 1484 621 1351 342 2121 525 2984 62 2851 1842 2025 1562
Route 190 : 220 1431 973 2473 1720 1115 2931 1320 2615 664 1083 2583 2164 2820
Route 191 : 551 2051 267 645 1767 1254 1453 2754 2145 165 943 1665 2953 2443
Route 192 : 806 1233 2306 2733 416 1495 1916 289 1008 2508 944 2995 1789 2444
Route 193 : 862 569 2362 327 725 2069 1235 1827 2735 866 2225 486 1986 2366
Route 194 : 803 235 1398 1735 2898 2303 1499 1075 2575 1114 755 63 2614 1563 2255 24 1524 2999
Route 195 : 257 1462 935 1757 1181 723 2962 2435 2223 854 2681 25 2354 1525
Route 196 : 458 1119 86 1958 1009 1586 840 2619 2509 966 286 1786 2466 2340
Route 197 : 1185 2685 449 225 1725 1052 1258 1949 432 2552 2758 864 1932 469 2364 1969
Route 198 : 849 88 819 2349 1073 1588 491 2573 265 2319 1164 1765 1991 2664
Route 199 : 710 2210 570 796 2070 1304 1141 1483 2983 2641 2296 2804 925 2425
Route 200 : 968 1037 2468 1113 2537 329 800 2613 57 1110 2300 957 2610 1829 2457 1557
Route 201 : 1427 403 2927 1903 502 378 44 2002 1878 656 2156 716 1544 2216
Route 202 : 744 792 2244 585 2292 153 480 2085 606 1653 347 2106 1847 1980 1244 2744
Route 203 : 253 715 2215 912 497 1753 81 1997 1094 2412 1581 2594 746 903 2246 2403