Instance name:	poa-n4000-1
Authors:		Carlo Sartori and Luciana Buriol
Date:			2019-2-11
Reference:		A matheuristic approach to the PDPTW (to be submitted)
Solution
Route 1 : 1026 3026 800 2800 183 937 2937 69 2183 2069
Route 2 : 230 707 2230 2707 1016 3016 70 2070
Route 3 : 1059 258 665 3059 2258 2665 1052 3052
Route 4 : 144 2144 1824 1422 3422 3824 1906 3906
Route 5 : 1224 1655 3224 3655 1448 1607 3448 3607
Route 6 : 1778 1948 3778 302 3948 571 2302 2571
Route 7 : 1699 1196 3196 1306 1296 3306 3699 3296
Route 8 : 1908 1841 3908 3841 1064 31 3064 2031
Route 9 : 1795 959 3795 2959 170 1593 3593 2170
Route 10 : 841 572 2572 2841 358 897 2897 2358 1159 3159
Route 11 : 478 2478 816 1294 2816 520 2520 3294
Route 12 : 856 165 2165 2856 1562 161 3562 2161
Route 13 : 416 431 2416 217 2431 2217
Route 14 : 156 394 2394 509 2156 1293 2509 3293 348 2348
Route 15 : 1485 3485 801 246 2801 11 2246 2011
Route 16 : 1979 1858 3979 352 2352 496 2496 734 2734 3858
Route 17 : 389 872 2389 396 2872 1525 2396 3525
Route 18 : 140 2140 82 242 880 2242 2082 2880
Route 19 : 981 808 2808 2981 775 737 2775 2737
Route 20 : 970 1335 2970 71 3335 2071 1540 3540
Route 21 : 8 2008 976 1080 3080 2976 851 2851
Route 22 : 5 834 1513 3513 376 552 2834 2376 2005 2552
Route 23 : 626 2626 1553 531 2531 3553 454 2454 1177 3177
Route 24 : 382 2382 172 2172 433 1820 3820 2433 945 2945
Route 25 : 1460 1982 3982 3460 462 566 2566 2462
Route 26 : 993 274 463 2274 2463 604 2604 1604 3604 2993
Route 27 : 1443 3443 1198 368 1138 3198 3138 2368
Route 28 : 1389 766 1860 3860 3389 1851 2766 3851
Route 29 : 1110 470 39 3110 2039 1647 3647 2470
Route 30 : 1237 3237 1102 359 3102 414 2359 2414
Route 31 : 962 2962 794 1205 3205 1235 3235 1869 3869 2794
Route 32 : 1614 3614 1678 691 2691 3678 549 2549
Route 33 : 1250 1216 3250 1507 3216 1591 3591 3507
Route 34 : 1985 1445 3985 809 3445 2809 500 2500
Route 35 : 752 757 2757 1127 2752 1631 3631 3127 1075 3075
Route 36 : 1393 3393 1014 3014 1923 1566 3566 3923
Route 37 : 1848 1812 1995 3812 3848 3995
Route 38 : 773 421 708 2773 1698 2708 2421 3698
Route 39 : 36 285 2036 1152 2285 3152 1561 3561
Route 40 : 1341 3341 2000 456 4000 1677 2456 3677
Route 41 : 290 647 2647 601 2601 2290 1366 541 2541 3366
Route 42 : 45 417 2045 2417 392 166 2166 2392
Route 43 : 1105 3105 538 100 2100 2538 1473 231 3473 2231
Route 44 : 1308 1 2001 3308 19 65 2019 2065
Route 45 : 949 673 2949 771 2673 322 2771 2322
Route 46 : 799 1703 3703 1758 265 3758 2265 2799
Route 47 : 1987 14 2014 1217 690 3217 2690 3987
Route 48 : 1665 3665 1888 1010 3888 3010 349 2349
Route 49 : 1005 3005 564 362 2564 330 2330 2362
Route 50 : 1619 3619 782 175 2782 2175
Route 51 : 337 1082 397 2397 3082 1937 2337 3937
Route 52 : 1994 1720 3720 1536 211 2211 3994 3536
Route 53 : 1186 967 2967 109 3186 2109 369 2369
Route 54 : 579 228 2579 2228 1777 294 3777 2294
Route 55 : 1442 3442 1469 1503 1350 3469 3503 3350
Route 56 : 103 1524 725 2725 672 2103 268 2672 2268 3524
Route 57 : 321 817 2817 2321 263 992 598 2992 2263 2598
Route 58 : 998 2998 650 1120 540 2540 2650 3120
Route 59 : 1528 3528 1073 325 3073 1555 3555 2325
Route 60 : 995 2995 1378 92 3378 198 2092 2198
Route 61 : 822 1426 2822 3426 1717 1132 3717 3132
Route 62 : 365 735 1474 2365 1359 3474 3359 2735
Route 63 : 933 2933 1661 1718 255 3661 3718 2255
Route 64 : 1907 3907 1189 846 3189 1930 3930 2846
Route 65 : 1264 3264 947 756 2947 861 2756 2861
Route 66 : 1752 3752 1823 1867 3867 3823 446 2446
Route 67 : 438 2438 917 313 2917 843 2313 2843
Route 68 : 636 2636 726 271 1209 2271 2726 3209
Route 69 : 1889 3889 293 1574 2293 3574 41 2041
Route 70 : 208 2208 1789 3789 1046 1251 3251 3046
Route 71 : 1990 3990 1864 918 2918 1874 3874 3864
Route 72 : 1796 1993 3796 1285 3993 26 3285 2026
Route 73 : 1065 696 2696 1413 669 2669 3413 3065
Route 74 : 1011 639 3011 2639 475 968 1600 3600 2475 2968
Route 75 : 788 913 501 2788 2501 1872 2913 3872
Route 76 : 1735 3735 591 1362 2591 3362 1931 3931
Route 77 : 879 153 256 2879 393 2153 2393 2256 1086 3086
Route 78 : 78 180 2078 2180 1787 227 2227 3787
Route 79 : 829 110 793 2829 2110 1584 2793 3584
Route 80 : 1438 1704 3704 3438 336 467 2336 2467
Route 81 : 1807 3807 1303 826 2826 3303 138 2138
Route 82 : 1651 637 3651 2637 701 361 2701 2361 1846 3846
Route 83 : 119 1643 123 3643 200 2123 2200 2119
Route 84 : 342 581 2342 420 1323 3323 2420 2581
Route 85 : 1822 1714 1922 3714 3922 3822
Route 86 : 1733 3733 1459 97 2097 1101 3459 3101
Route 87 : 413 2413 868 731 1325 2731 2868 3325
Route 88 : 1304 3304 1958 1991 3958 1814 3814 3991
Route 89 : 1334 203 3334 453 2203 1270 2453 3270
Route 90 : 890 120 2120 2890 1834 1863 3834 3863
Route 91 : 1821 3821 798 364 678 2798 2364 2678
Route 92 : 1870 1970 3870 306 2306 3970 1950 3950
Route 93 : 641 2641 934 729 2934 2729 333 2333
Route 94 : 1857 3857 37 29 1256 2037 3256 2029
Route 95 : 643 1959 3959 2643 1879 3879 1225 3225
Route 96 : 1109 1725 1729 3725 3109 3729
Route 97 : 67 1164 2067 3164 440 309 2309 2440
Route 98 : 1676 3676 1081 1547 1831 3547 3831 3081
Route 99 : 1640 792 1516 3640 1980 2792 3516 3980
Route 100 : 1267 387 2387 1886 3886 511 3267 2511
Route 101 : 1312 53 3312 1024 2053 1349 3024 3349
Route 102 : 1573 1498 3498 1644 779 2779 3644 3573
Route 103 : 1229 3229 1558 1415 3415 3558 1522 3522
Route 104 : 409 2409 635 443 2635 870 2443 2870
Route 105 : 1653 786 1690 1805 2786 3805 3690 3653
Route 106 : 178 2178 455 1289 2455 3289 1252 3252
Route 107 : 1188 1439 3439 187 2187 1865 3865 3188
Route 108 : 1371 1684 3371 3684 1007 1314 3314 3007
Route 109 : 1953 3953 1382 1495 262 3382 3495 2262
Route 110 : 47 316 1347 2316 2047 576 3347 2576
Route 111 : 748 2748 1318 924 3318 2924 1201 3201
Route 112 : 1319 1565 247 3319 2247 1134 3134 1131 3131 3565
Route 113 : 551 2551 447 167 216 2216 2447 2167
Route 114 : 1343 3343 979 1478 1383 3478 3383 2979
Route 115 : 847 2847 1595 3595 865 1125 2865 3125
Route 116 : 1192 3192 1668 1268 3668 3268
Route 117 : 402 2402 743 1687 3687 2743 789 2789
Route 118 : 716 2716 715 273 2715 521 2273 2521
Route 119 : 1989 3989 410 1307 2410 3307 1702 3702
Route 120 : 966 2966 891 1084 2891 3084 1502 3502
Route 121 : 1420 911 3420 2911 1133 1954 3133 3954
Route 122 : 805 1467 2805 3467 360 173 2360 2173
Route 123 : 329 2329 630 2630 278 1054 3054 2278
Route 124 : 513 790 2790 2513 1852 1840 3852 3840
Route 125 : 961 1621 2961 3621 830 2830 661 2661
Route 126 : 1351 269 1514 2269 3351 3514
Route 127 : 1901 1738 3901 1146 3738 580 3146 2580
Route 128 : 849 1856 1997 3997 3856 130 2130 2849
Route 129 : 1373 852 1830 2852 3830 3373 1838 3838
Route 130 : 481 2481 587 2587 570 2570 1842 3842
Route 131 : 1545 3545 1058 1639 3058 3639
Route 132 : 1464 3464 163 1419 2163 493 3419 2493
Route 133 : 1358 3358 1220 1199 3199 3220 442 2442
Route 134 : 530 2530 1551 1301 3551 3301 1915 3915
Route 135 : 1672 585 1031 3672 2585 1187 3031 3187
Route 136 : 1625 152 2152 1447 717 3447 2717 3625
Route 137 : 895 2895 1816 1602 3816 3602 1410 938 2938 3410
Route 138 : 1078 3078 803 1559 1674 2803 3559 3674
Route 139 : 1712 3712 27 1944 2027 3944 1340 3340
Route 140 : 346 2346 1275 1815 3275 3815 1918 3918
Route 141 : 1670 404 3670 1849 2404 1456 3849 3456
Route 142 : 214 609 2609 1004 296 2214 3004 2296
Route 143 : 1512 22 344 2022 2344 1115 3512 3115
Route 144 : 1862 569 3862 2569 985 118 2118 2985
Route 145 : 1943 425 3943 2425 1380 261 2261 3380
Route 146 : 1598 781 3598 2781 567 270 2270 2567
Route 147 : 733 2733 1430 1636 3636 1769 3769 3430
Route 148 : 680 1876 2680 3876 476 883 2476 2883
Route 149 : 1025 30 559 3025 1002 2559 3002 2030
Route 150 : 1465 1431 1803 3465 3431 3803
Route 151 : 1394 1801 3394 3801 1731 1843 3731 3843
Route 152 : 1213 3213 807 90 2090 1633 2807 3633
Route 153 : 1557 339 3557 1283 164 3283 2164 2339
Route 154 : 57 723 2057 91 2723 2091 1376 3376
Route 155 : 233 83 2083 2233 758 881 2881 2758
Route 156 : 517 887 2517 2887 1342 1800 3800 3342
Route 157 : 712 1391 2712 3391 1501 1586 3586 3501
Route 158 : 1466 3466 1926 1692 3926 3692 1167 3167
Route 159 : 1882 1730 3730 3882 1035 1089 3089 3035
Route 160 : 1569 15 866 2866 2015 85 2085 3569
Route 161 : 1244 371 3244 2371 523 124 2124 2523
Route 162 : 1761 1579 3579 1744 3761 1750 3744 3750
Route 163 : 1368 1974 3974 3368 60 1409 3409 2060
Route 164 : 1480 3480 1412 287 842 3412 2287 2842
Route 165 : 106 168 2106 1765 1215 3215 2168 3765
Route 166 : 1590 1913 3913 3590 1681 3681
Route 167 : 534 558 468 2534 2558 2468
Route 168 : 116 1332 2116 948 1003 3003 2948 3332
Route 169 : 747 1234 52 2747 3234 2052 632 2632
Route 170 : 854 528 1615 2528 853 3615 2853 2854
Route 171 : 312 226 2312 975 2226 1477 2975 3477
Route 172 : 1686 761 132 3686 2761 2132 48 2048
Route 173 : 694 646 514 2694 2646 2514 1265 3265
Route 174 : 505 2505 1912 1656 1336 3656 3912 3336
Route 175 : 374 335 49 2335 2049 2374 1377 3377
Route 176 : 1309 3309 1916 1798 3798 508 2508 3916
Route 177 : 1592 3592 1654 1928 3654 3928
Route 178 : 1434 480 2480 1836 3434 1185 3185 3836
Route 179 : 1866 1148 3866 3148 54 2054 1891 3891
Route 180 : 999 1333 3333 2999 1298 751 3298 2751
Route 181 : 1271 1599 1603 3271 3603 1151 3599 3151
Route 182 : 1709 17 3709 815 2017 1539 2815 3539
Route 183 : 356 1425 2356 3425 1179 98 3179 2098
Route 184 : 1482 1173 3482 3173 763 159 2763 2159
Route 185 : 1691 1124 3124 1878 95 2095 3878 3691
Route 186 : 1605 1068 3068 1193 3193 1770 3605 3770
Route 187 : 327 1440 3440 2327 1817 977 3817 2977
Route 188 : 1259 3259 1160 640 3160 1736 2640 3736
Route 189 : 1755 1756 1722 3756 3755 3722
Route 190 : 518 487 2518 2487 63 2063
Route 191 : 1009 586 3009 297 2586 2297 804 2804
Route 192 : 1279 3279 488 2488 1401 3401 1949 3949
Route 193 : 1715 3715 13 618 2013 2618
Route 194 : 1030 298 3030 12 2298 2012 370 2370
Route 195 : 536 2536 450 860 1000 2450 2860 3000
Route 196 : 202 1810 3810 2202 767 2767 1066 3066
Route 197 : 34 2034 958 366 2958 1231 2366 3231
Route 198 : 1210 1233 3210 3233 1282 1140 3282 3140
Route 199 : 1390 1632 435 3632 2435 3390
Route 200 : 902 190 2902 2190 1754 3754 192 2192
Route 201 : 88 7 461 2461 2007 602 2088 2602
Route 202 : 1788 3788 662 2662 1254 3254 1648 3648
Route 203 : 1170 1779 3779 240 3170 797 2240 2797
Route 204 : 1708 3708 1771 3771 1346 1184 3346 3184
Route 205 : 1924 3924 1157 1310 3157 1518 3310 3518
Route 206 : 485 2485 857 1281 2857 1450 3281 3450
Route 207 : 275 279 2279 2275 162 340 2340 503 2162 2503
Route 208 : 1826 3826 1533 1091 3091 3533
Route 209 : 728 2728 1829 1083 687 2687 3829 3083
Route 210 : 1541 621 3541 1929 3929 2621 722 2722
Route 211 : 248 2248 79 398 2398 2079
Route 212 : 419 2419 610 936 2936 2610
Route 213 : 353 1070 2353 3070 1582 6 2006 3582
Route 214 : 923 1257 3257 2923 893 143 2893 2143
Route 215 : 806 996 378 2996 326 2378 2326 2806
Route 216 : 486 2486 1424 550 1241 2550 3424 3241
Route 217 : 1018 1218 471 3018 3218 2471 1809 3809
Route 218 : 820 55 2820 629 2055 1960 2629 3960
Route 219 : 1103 3103 483 727 2483 2727 1853 3853
Route 220 : 229 2229 1242 582 437 2582 2437 3242
Route 221 : 1195 3195 1190 1001 3190 266 2266 3001
Route 222 : 1542 3542 1206 1313 3206 20 3313 2020
Route 223 : 1611 3611 553 259 526 2553 2526 2259
Route 224 : 777 2777 1292 692 3292 207 2692 2207
Route 225 : 1808 1911 3911 3808 1214 1029 3214 3029
Route 226 : 588 2588 215 390 688 2215 2390 2688
Route 227 : 628 1589 3589 1176 1032 3032 3176 2628
Route 228 : 1128 250 3128 2250 1764 574 3764 2574
Route 229 : 244 2244 1986 3986 1638 1475 3475 3638
Route 230 : 535 693 2535 1933 2693 3933
Route 231 : 237 1395 2237 3395 464 2464
Route 232 : 1226 235 2235 498 2498 3226 288 2288
Route 233 : 405 2405 245 2245 1145 206 209 2206 3145 2209
Route 234 : 1941 1019 932 3941 3019 2932
Route 235 : 357 1608 2357 3608 1249 3249
Route 236 : 1978 3978 117 2117 75 1706 3706 2075
Route 237 : 10 46 2046 2010 1570 3570 452 2452
Route 238 : 512 2512 1468 3468 80 620 2620 2080
Route 239 : 502 280 2502 824 195 2824 2195 2280
Route 240 : 1108 308 1243 3243 1255 3255 2308 3108
Route 241 : 1900 702 2702 3900 1899 155 3899 2155
Route 242 : 1917 1379 3917 3379 311 2311 1532 3532
Route 243 : 129 1166 603 2129 2603 3166 84 2084
Route 244 : 191 186 2191 2186 2 182 2182 2002
Route 245 : 28 1868 3868 2028 1174 1895 3895 3174
Route 246 : 845 1462 1099 2845 537 3099 2537 3462
Route 247 : 111 2111 1240 291 436 2436 2291 3240
Route 248 : 1694 1910 3694 1835 3835 3910
Route 249 : 1713 1790 3713 3790 1802 3802
Route 250 : 548 213 2548 126 2213 1984 2126 3984
Route 251 : 1417 1634 3417 3634 469 93 2469 2093
Route 252 : 685 122 2685 2122 939 1492 3492 2939
Route 253 : 741 1245 2741 3245 133 1365 2133 3365
Route 254 : 695 87 1629 3629 2087 956 2956 2695
Route 255 : 1697 3697 1568 3568 928 2928 1972 3972
Route 256 : 1905 1898 3898 3905 251 1311 2251 3311
Route 257 : 439 2439 1280 3280 760 1022 3022 2760
Route 258 : 234 1610 1277 2234 3277 1261 3610 3261
Route 259 : 850 2850 299 1191 3191 1163 2299 3163
Route 260 : 720 2720 1737 1402 1104 3737 3402 3104
Route 261 : 912 2912 882 33 2033 2882 1352 3352
Route 262 : 905 1554 3554 2905 1721 3721 289 2289
Route 263 : 9 745 2009 2745 1883 1027 3883 3027
Route 264 : 1967 1427 1051 1696 3051 3427 3696 3967
Route 265 : 1161 1028 3161 3028 704 1093 3093 2704
Route 266 : 840 1435 3435 2840 506 1399 2506 3399
Route 267 : 373 1291 3291 2373 749 1742 2749 3742
Route 268 : 1560 1833 1847 3847 3560 3833 921 2921
Route 269 : 927 2927 334 791 150 2334 2791 2150
Route 270 : 199 1183 2199 595 3183 2595 1180 3180
Route 271 : 1418 307 3418 2307 74 2074
Route 272 : 1799 532 3799 987 2532 1098 2987 3098
Route 273 : 713 127 272 2127 2713 2272 677 2677
Route 274 : 606 1859 2606 1652 3859 3652
Route 275 : 577 50 2050 1527 2577 1549 3527 3549
Route 276 : 859 252 2859 2252 58 645 2058 2645
Route 277 : 555 2555 973 1326 1262 2973 3326 3262
Route 278 : 1428 3428 1337 3337 787 201 2201 2787
Route 279 : 1111 739 3111 2739 974 2974
Route 280 : 1508 1141 1784 3141 3784 1728 3728 3508
Route 281 : 721 1759 1909 3759 1247 3909 3247 2721
Route 282 : 1782 953 2953 524 2524 1071 3782 3071
Route 283 : 1033 3033 1338 267 3338 367 2267 2367
Route 284 : 1962 608 3962 910 2608 2910 1384 3384
Route 285 : 1060 3060 1645 3645 802 848 2848 2802
Route 286 : 863 838 1045 3045 2863 516 2838 2516
Route 287 : 980 1624 1222 3624 3222 2980
Route 288 : 597 1726 2597 3726 611 1295 3295 2611
Route 289 : 24 622 491 2024 2622 2491 1144 3144
Route 290 : 858 2858 744 1372 2744 1320 3372 3320
Route 291 : 873 2873 638 568 2638 2568 944 2944
Route 292 : 784 1594 1416 2784 3594 3416 1772 3772
Route 293 : 510 589 2589 655 1741 3741 2655 2510
Route 294 : 783 546 2783 1061 3061 1047 2546 3047
Route 295 : 210 955 2955 1290 1112 3112 3290 2210
Route 296 : 151 2151 383 1286 2383 525 2525 3286
Route 297 : 1154 72 395 3154 2395 2072
Route 298 : 1544 960 3544 2960 1276 1526 3276 3526
Route 299 : 422 1381 2422 1056 1344 3381 3056 3344
Route 300 : 1659 3659 899 1288 1408 2899 3288 3408
Route 301 : 139 177 2177 1062 241 2241 3062 2139
Route 302 : 1370 1453 3370 3453 1757 1258 3757 3258
Route 303 : 563 2563 1564 1791 3564 631 2631 3791
Route 304 : 1049 3049 1077 1707 3707 3077 1263 3263
Route 305 : 964 994 1538 2994 2964 1794 3538 3794
Route 306 : 1583 59 2059 1136 1403 3136 3403 3583
Route 307 : 1854 1785 3854 3785 1123 3123 935 2935
Route 308 : 105 2105 1964 1685 3685 3964
Route 309 : 1169 3169 1451 612 3451 2612
Route 310 : 1042 305 1329 3042 21 2305 2021 1050 3329 3050
Route 311 : 1767 1975 3767 254 2254 3975
Route 312 : 472 943 2472 1122 2943 3122 762 2762
Route 313 : 599 667 2599 1585 3585 2667 1710 3710
Route 314 : 1762 3762 1942 3942 1232 3232 1792 3792
Route 315 : 1147 941 3147 77 2941 1649 2077 3649
Route 316 : 121 2121 839 2839 1411 1266 3266 3411
Route 317 : 1956 1832 1945 3945 3956 3832
Route 318 : 68 2068 714 351 2351 1072 2714 3072
Route 319 : 1968 3968 1135 738 3135 1119 2738 3119
Route 320 : 1454 1669 3454 1479 3669 1999 3999 3479
Route 321 : 867 1580 1129 3580 3129 2867 1753 3753
Route 322 : 212 831 2831 2212 1212 1724 3212 3724
Route 323 : 1723 986 1284 3723 2986 3284
Route 324 : 1150 3150 1040 3040 1228 1219 3228 3219
Route 325 : 169 821 2169 176 2176 1548 2821 3548
Route 326 : 1386 1021 3386 942 3021 2942 158 2158
Route 327 : 1510 3510 44 2044 1253 742 3253 2742
Route 328 : 40 2040 649 1775 2649 3775
Route 329 : 644 1446 1436 2644 3446 3436
Route 330 : 1509 3509 1260 3260 684 2684 411 2411
Route 331 : 141 2141 341 1819 3819 1880 2341 3880
Route 332 : 709 317 2709 963 2317 2963 1421 3421
Route 333 : 429 18 2018 1057 347 3057 2429 2347
Route 334 : 115 2115 1998 1149 3149 3998 1746 3746
Route 335 : 380 2380 1932 1747 3932 1894 3747 3894
Route 336 : 1455 3455 218 221 2218 1711 3711 2221
Route 337 : 1520 982 2982 810 1488 2810 3520 3488
Route 338 : 1236 1106 3106 3236 61 2061 1006 3006
Route 339 : 1299 3299 1168 1626 3168 1646 3626 3646
Route 340 : 1578 292 2292 1013 3578 1682 3013 3682
Route 341 : 1489 892 3489 2892 399 2399 1936 3936
Route 342 : 1367 3367 1641 3641 593 2593 519 2519
Route 343 : 1121 3121 903 823 2823 2903 1230 3230
Route 344 : 1165 833 3165 2833 1884 3884 1760 3760
Route 345 : 43 2043 686 243 2686 2243
Route 346 : 557 205 2557 2205 1397 184 3397 2184
Route 347 : 1437 1617 3437 3617 1740 3740
Route 348 : 769 1837 920 3837 2920 2769
Route 349 : 1881 3881 449 2449 617 544 2544 2617
Route 350 : 1828 1116 434 3828 2434 3116
Route 351 : 1043 197 2197 1355 1036 3355 3036 3043
Route 352 : 1749 1845 3749 3845 375 1126 3126 2375
Route 353 : 224 1635 1041 2224 3041 619 2619 3635
Route 354 : 1158 3158 1100 1793 3793 1037 3100 3037
Route 355 : 1407 3407 499 2499 1861 1689 3861 3689
Route 356 : 1505 3505 1504 1804 3804 3504
Route 357 : 909 2909 490 2490 303 497 2497 2303
Route 358 : 1973 1902 3973 983 3902 2983
Route 359 : 1074 300 2300 3074 282 2282 1935 3935
Route 360 : 1354 3354 1388 1357 827 2827 3357 3388
Route 361 : 86 457 194 2086 2194 2457 96 2096
Route 362 : 1200 3200 1983 1745 3745 1739 3983 3739
Route 363 : 1414 1940 3414 3940 345 1181 2345 3181
Route 364 : 573 2573 284 1375 2284 3375 1239 3239
Route 365 : 507 657 2657 2507 1628 193 3628 2193
Route 366 : 855 1716 877 2855 3716 2877
Route 367 : 1919 951 1662 2951 3662 1107 3107 3919
Route 368 : 1090 764 3090 1114 2764 1369 3369 3114
Route 369 : 1511 3511 372 1328 2372 3328 310 2310
Route 370 : 1938 1797 1783 3783 3938 3797
Route 371 : 253 2253 1405 3405 1353 3353 1020 3020
Route 372 : 730 1939 2730 104 2104 3939 1552 3552
Route 373 : 1688 874 3688 1364 3364 257 2257 2874
Route 374 : 189 2189 869 1601 754 2869 2754 3601
Route 375 : 89 1675 1087 2089 3675 3087 682 2682
Route 376 : 1612 185 699 3612 2185 2699 1472 3472
Route 377 : 1575 770 1330 3575 971 3330 2770 2971
Route 378 : 1663 3663 1977 965 1622 3977 2965 3622
Route 379 : 926 42 2042 236 2236 2926 1339 3339
Route 380 : 1890 3890 835 492 2835 2492
Route 381 : 660 2660 16 2016 1875 1490 3490 3875
Route 382 : 1976 430 3976 1609 2430 904 3609 2904
Route 383 : 634 1534 3534 1660 3660 2634 1637 3637
Route 384 : 1904 3904 1324 1238 1780 3238 3324 3780
Route 385 : 1988 3988 1461 1572 125 3461 3572 2125
Route 386 : 157 1470 3470 2157 219 2219 796 2796
Route 387 : 1117 700 3117 2700 888 128 2888 2128
Route 388 : 1748 1893 3893 3748 1118 3118
Route 389 : 1531 277 3531 2277 113 315 2315 2113
Route 390 : 565 616 2565 1203 2616 1957 3203 3957
Route 391 : 527 484 2527 1273 2484 3273 408 2408
Route 392 : 324 2324 1597 1444 423 2423 3597 3444
Route 393 : 583 319 2583 813 2319 2813 1871 3871
Route 394 : 1966 1766 3966 1530 3766 3530
Route 395 : 415 2415 584 2584 607 1642 2607 3642
Route 396 : 836 2836 142 896 2142 2896 1934 3934
Route 397 : 1925 3925 386 718 2718 2386 1317 3317
Route 398 : 615 2615 666 736 1458 2666 2736 3458
Route 399 : 1494 814 2814 3494 1693 1223 3693 3223
Route 400 : 1396 3396 264 181 2264 2181 746 2746
Route 401 : 94 578 2578 1345 2094 3345
Route 402 : 1211 3211 465 1500 2465 3500
Route 403 : 1543 1038 1204 3543 3038 3204
Route 404 : 711 2711 1155 907 703 3155 2907 2703
Route 405 : 1515 1576 922 3576 698 2922 3515 2698
Route 406 : 407 990 2407 2990 705 220 2220 2705
Route 407 : 112 1348 1463 3463 3348 2112 837 2837
Route 408 : 1657 3657 1079 1153 3153 3079 281 2281
Route 409 : 1398 3398 1523 388 871 2871 3523 2388
Route 410 : 66 1096 171 3096 2171 473 2473 2066
Route 411 : 148 2148 1012 1142 3012 1331 3142 3331
Route 412 : 355 2355 812 379 314 2812 2379 2314
Route 413 : 1171 304 2304 73 3171 135 2073 2135
Route 414 : 332 179 2332 2179 504 1481 3481 2504
Route 415 : 466 23 2466 428 2428 2023 1499 3499
Route 416 : 1951 670 3951 2670 1680 1732 3680 3732
Route 417 : 1297 3297 642 900 2642 1302 2900 3302
Route 418 : 196 1981 2196 906 2906 249 3981 2249
Route 419 : 560 2560 950 2950 1095 3095 1178 3178
Route 420 : 1892 1113 3892 719 3113 575 2719 2575
Route 421 : 556 1700 2556 1673 3673 3700
Route 422 : 1457 539 3457 2539 1844 3844 697 2697
Route 423 : 1965 3965 753 2753 444 160 2160 2444
Route 424 : 283 2283 679 1506 331 2331 3506 2679
Route 425 : 1202 3202 1400 930 3400 2930 134 2134
Route 426 : 772 1577 2772 3577 412 2412 1743 3743
Route 427 : 418 145 946 2946 2145 724 2724 2418
Route 428 : 664 1246 3246 99 323 2323 2099 876 2876 2664
Route 429 : 1449 3449 32 605 2605 2032 1705 3705
Route 430 : 1946 3946 954 2954 1039 819 3039 2819
Route 431 : 448 651 62 2448 2062 2651 1546 3546
Route 432 : 1094 3094 590 101 276 2101 2276 2590
Route 433 : 343 683 2683 2343 1671 1719 3719 3671
Route 434 : 778 1627 3627 2778 1887 3887
Route 435 : 477 875 2477 1387 2875 3387
Route 436 : 1433 384 984 2384 3433 2984 460 2460
Route 437 : 1927 3927 445 795 561 2795 2561 2445
Route 438 : 1182 238 2238 406 3182 2406 381 2381
Route 439 : 1620 137 3620 2137 972 1305 2972 3305
Route 440 : 1781 1207 3781 3207 1897 732 3897 2732
Route 441 : 495 1519 554 2495 529 2554 2529 3519
Route 442 : 1130 3130 451 901 2901 2451 957 2957
Route 443 : 862 675 1452 432 3452 2862 2432 2675
Route 444 : 1269 3269 149 1471 222 2149 3471 2222
Route 445 : 1825 3825 1092 652 2652 3092
Route 446 : 886 2886 1839 320 3839 1156 2320 3156
Route 447 : 1356 3356 482 188 154 2482 2188 2154
Route 448 : 624 2624 1404 668 3404 1618 2668 3618
Route 449 : 1996 1776 3996 1971 3776 706 3971 2706
Route 450 : 1048 1667 3667 3048 108 3 2003 2108
Route 451 : 56 114 2056 1727 3727 2114 765 2765
Route 452 : 1896 1811 3811 1786 3896 3786
Route 453 : 479 898 1076 2479 3076 1616 3616 2898
Route 454 : 1813 1873 3873 825 3813 2825 776 2776
Route 455 : 1162 391 2391 1137 3137 885 3162 2885
Route 456 : 929 1044 35 2035 146 2146 3044 2929
Route 457 : 363 1327 2363 3327 884 1374 2884 3374
Route 458 : 1063 1695 3063 3695 427 2427 1630 3630
Route 459 : 1885 3885 1734 991 3734 659 2991 2659
Route 460 : 1550 915 295 2915 656 2295 3550 2656
Route 461 : 1172 648 3172 916 1017 2648 2916 3017
Route 462 : 1272 260 978 2978 2260 908 2908 3272
Route 463 : 1537 1194 3537 3194 1850 1596 3596 3850
Route 464 : 1423 818 1535 3423 2818 3535 1197 3197
Route 465 : 1097 3097 894 338 1521 2338 2894 3521
Route 466 : 653 400 2400 2653 1496 600 3496 2600
Route 467 : 1085 3085 543 1487 1529 2543 3529 3487
Route 468 : 750 1664 1385 2750 489 3385 3664 2489
Route 469 : 1613 3613 919 2919 64 1491 2064 3491
Route 470 : 878 1806 3806 1992 674 2674 3992 2878
Route 471 : 623 1563 1486 3486 3563 562 2562 2623
Route 472 : 1023 328 3023 2328 1517 3517
Route 473 : 1361 3361 1855 3855 1316 1623 3623 3316
Route 474 : 889 1947 3947 2889 1679 3679
Route 475 : 76 1034 2076 676 3034 1768 2676 3768
Route 476 : 301 864 2301 2864 997 740 2740 2997
Route 477 : 174 2174 4 1441 3441 2004 1903 3903
Route 478 : 689 940 232 2232 2689 1701 3701 2940
Route 479 : 107 633 2633 426 844 2107 2426 2844
Route 480 : 204 1143 51 2051 3143 625 2625 2204
Route 481 : 1248 1683 3248 3683 1955 3955
Route 482 : 1774 3774 969 2969 239 2239 1483 3483
Route 483 : 81 2081 533 1321 2533 3321
Route 484 : 1751 3751 1274 811 3274 2811 441 2441
Route 485 : 1877 1606 25 3877 2025 3606 494 2494
Route 486 : 1429 613 2613 3429 547 1763 3763 2547
Route 487 : 1432 458 403 989 3432 2458 2989 2403
Route 488 : 931 1053 1650 2931 3053 3650 136 2136 223 2223
Route 489 : 596 2596 925 2925 147 1088 2147 3088
Route 490 : 522 38 354 2038 2522 2354 1484 3484
Route 491 : 1392 3392 1055 1556 3556 832 2832 3055
Route 492 : 658 1961 459 755 2755 2459 3961 2658
Route 493 : 1588 614 2614 3588 318 671 2318 2671
Route 494 : 1360 1139 385 3360 3139 2385 1581 3581
Route 495 : 1497 592 3497 710 102 2102 2710 2592
Route 496 : 1008 542 1287 3287 1406 3406 2542 3008
Route 497 : 1969 3969 1666 1658 3666 3658
Route 498 : 1476 1067 3067 681 3476 2681
Route 499 : 1175 3175 1322 1315 3322 3315
Route 500 : 1069 594 3069 1278 2594 1571 3278 3571
Route 501 : 1914 1963 3914 1952 3963 780 2780 3952
Route 502 : 286 663 2286 2663 1827 3827
Route 503 : 988 828 545 2828 2988 2545 1015 3015
Route 504 : 1208 3208 131 1567 2131 785 3567 2785
Route 505 : 515 627 2627 2515 1221 914 3221 2914
Route 506 : 1921 3921 1227 1920 3227 3920 377 2377
Route 507 : 1363 654 2654 3363 1493 768 3493 2768
Route 508 : 350 1300 3300 952 774 2350 2952 2774
Route 509 : 1587 3587 474 2474 424 225 2424 2225
Route 510 : 401 1818 2401 759 2759 3818 1773 3773
