Instance name:	poa-n3000-2
Authors:		Carlo Sartori and Luciana Buriol
Date:			2019-2-11
Reference:		A matheuristic approach to the PDPTW (to be submitted)
Solution
Route 1 : 368 128 1628 400 1868 1151 289 1900 1228 2651 315 2728 3 1789 963 1503 1815 2463
Route 2 : 493 469 1993 4 1969 286 1786 1054 347 2554 1504 892 556 1847 2392 207 1707 2056
Route 3 : 293 453 863 1953 2363 109 1793 740 515 2015 2240 356 1856 31 1609 657 47 41 1531 2157 1541 1547
Route 4 : 49 744 2244 721 2221 1191 2691 1070 1549 1493 2993 1335 2570 2835 879 662 2162 1017 2379 2517
Route 5 : 1284 2784 383 1883 1354 852 2352 686 2854 1423 1345 2186 2845 1388 2888 2923 1443 2943
Route 6 : 1026 153 1038 1653 782 2526 2538 2282 1498 2998 575 2075 1101 621 2601 1016 2516 2121
Route 7 : 6 1506 1300 723 2223 656 2156 2800 73 364 1864 1573 1128 1179 2628 691 2679 618 2191 2118
Route 8 : 158 989 694 2194 1658 1211 2489 2711 200 241 1700 40 1741 196 1696 1149 1540 161 1661 389 2649 1889
Route 9 : 149 1112 742 2242 1649 652 2612 2152 591 1145 373 2091 2645 1873 1075 1142 2575 2642
Route 10 : 1215 171 1213 2715 2713 1232 1671 1395 1303 2732 2895 668 232 806 2803 1732 2168 2306 1099 2599
Route 11 : 1452 1393 893 2952 2393 2893 503 2003 1223 499 15 423 1515 2723 1923 1999 204 116 1616 1704
Route 12 : 932 1396 2432 1439 2939 1206 2896 804 2304 183 2706 501 316 1816 1683 941 2001 2441
Route 13 : 472 77 1972 382 1882 1577 251 825 2325 1751 767 619 2119 2267 1285 2785
Route 14 : 425 403 634 1903 2134 1925 984 838 2484 213 2338 504 828 1713 314 2004 1814 2328
Route 15 : 1008 1356 975 2475 2856 2508 1318 2818 927 651 2427 2151 387 889 2389 393 1887 1893
Route 16 : 331 1831 988 953 2488 2453 70 234 982 1196 1570 170 2696 2482 1734 1670 711 1116 2211 2616
Route 17 : 577 2077 878 445 1945 1055 2378 471 2555 1275 2775 172 1971 1041 1117 2541 1672 2617 563 2063
Route 18 : 942 967 2442 137 2467 291 1791 788 1637 1159 2659 2288 392 928 2428 593 1892 561 2061 2093
Route 19 : 168 897 1668 2397 1241 1218 2741 124 2718 142 1624 13 1642 1446 1513 2946
Route 20 : 321 1220 696 2720 2196 1821 302 1802 964 402 2464 1902 121 695 2195 1092 1621 2592
Route 21 : 409 244 1744 1909 624 292 1792 1475 2124 994 2975 2494 681 983 2483 2181
Route 22 : 72 1572 539 239 83 1739 1583 977 2039 869 2477 2369 1294 1436 2936 628 697 2128 2794 2197
Route 23 : 296 1265 2765 1796 1402 2902 1339 2839 1059 1078 2578 2559 785 1062 797 2297 2285 2562
Route 24 : 1167 84 2667 610 2110 812 1584 1087 2312 1181 2587 2681 1306 965 2806 1061 2465 2561
Route 25 : 1020 299 2520 278 436 1799 1936 1448 763 2948 1400 2900 2263 1264 1778 447 2764 1947
Route 26 : 1344 2 2844 1502 727 860 2360 710 2227 177 2210 1000 1677 868 2500 2368 288 1788
Route 27 : 216 1716 408 1365 1908 1138 320 2865 2638 915 2415 1361 1427 1820 2861 1034 2927 2534
Route 28 : 502 2002 1342 308 2842 658 1130 1808 2630 833 2158 756 1271 1216 2256 2771 2333 2716
Route 29 : 748 703 2248 664 2164 1084 2203 2584 530 2030 1288 1176 961 2461 2788 2676 1465 2965
Route 30 : 582 1478 487 2082 1987 2978 92 644 1364 2144 353 2864 1592 203 1853 1703 811 2311
Route 31 : 210 1360 1710 1231 2860 1488 2988 2731 1236 1035 145 1645 2535 2736 361 39 911 2411 1861 1539
Route 32 : 129 905 81 1581 2405 1629 1268 898 612 2112 416 2768 1916 993 2493 28 354 1528 616 1854 2398 2116
Route 33 : 413 461 1040 1961 585 1913 663 2540 2163 261 690 1761 2190 2085 230 1491 418 2991 1918 1730
Route 34 : 151 334 1651 470 1362 1970 1177 79 2862 2677 1579 1834 1369 587 2869 90 163 1243 2087 1663 1590 2743
Route 35 : 50 21 1198 1136 1550 2636 1521 2698 876 925 856 2376 2425 877 669 2356 2169 1363 2377 1417 2917 2863
Route 36 : 817 1419 2317 2919 1320 87 2820 1587 633 857 2357 2133 719 490 2219 841 1990 2341
Route 37 : 1381 1407 2881 215 222 1715 2907 820 1722 192 2320 38 1163 1692 783 2663 2283 88 290 1538 1790 1588
Route 38 : 1253 1348 2753 367 551 854 2848 2051 1867 2354 1212 1121 2621 1287 2787 2712 1341 2841
Route 39 : 133 1633 1044 692 2544 406 1462 2962 2192 1372 902 1906 2872 2402 1292 674 267 1767 2174 2792
Route 40 : 1496 2996 670 620 1309 2120 2809 1487 2170 74 164 2987 1574 1664 1222 2722 419 1919
Route 41 : 258 1458 294 45 1794 2958 650 2150 184 1545 1684 1479 764 2979 1126 1758 827 2264 2626 324 2327 1824
Route 42 : 1013 574 1289 2074 1317 2789 2513 1326 637 2826 2817 554 102 2054 2137 380 1602 1880
Route 43 : 178 520 1678 103 1135 2020 1444 2944 1603 412 1912 802 855 2635 2355 2302 1314 792 2292 2814
Route 44 : 193 1002 1693 786 2502 2286 1259 660 2160 1237 2759 1349 2737 1466 2849 115 565 2065 1615 2966
Route 45 : 1319 999 328 1828 2499 2819 1376 1255 2755 2876 95 962 1595 317 1817 890 508 2462 479 1979 2008 2390
Route 46 : 52 189 717 1552 43 2217 1543 1689 125 306 1366 1286 2866 78 1806 1578 2786 1625
Route 47 : 958 341 339 2458 1839 1235 1202 1841 2735 2702 642 138 2142 830 913 2413 1638 2330
Route 48 : 1170 54 2670 9 1554 110 672 1610 713 1509 849 2349 2172 2213 700 307 2200 1807
Route 49 : 1406 165 427 2906 846 1665 338 1927 1210 635 1838 2346 2710 2135 775 2275 1057 2557
Route 50 : 1263 2763 1225 677 596 2725 2177 1003 2096 25 1525 724 1500 2224 3000 1324 2503 2824
Route 51 : 112 729 1612 2229 766 525 2266 1418 2025 1437 2918 214 1714 2937
Route 52 : 271 1771 496 640 773 2273 256 1996 2140 1430 1756 2930 661 509 2161 27 2009 647 1527 2147
Route 53 : 337 1837 567 2067 1091 882 2591 1336 2382 2836 1157 1104 2604 2657
Route 54 : 1217 2717 246 949 772 1746 2272 1039 2449 2539 495 903 2403 823 2323 1995
Route 55 : 273 1132 1773 777 2632 285 2277 507 2007 1467 1785 157 795 1657 2967 2295 1338 2838
Route 56 : 770 835 2270 631 48 2335 1548 2131 1261 2761 938 309 2438 771 2271 1097 2597 1809
Route 57 : 980 648 2480 2148 464 972 1964 1118 2472 2618 1468 2968 1201 1426 2701 666 2166 2926
Route 58 : 1184 2684 1355 156 2855 274 1656 63 1774 805 1563 974 2305 614 750 2114 2250 2474
Route 59 : 1377 335 122 1835 2877 226 53 1553 560 1622 968 152 1726 1119 2060 2468 1652 2619
Route 60 : 594 2094 233 842 602 1733 853 2102 2342 2353 534 2034 920 444 2420 1944
Route 61 : 381 388 933 1881 1888 2433 1025 680 2525 1433 2180 2933 1103 473 1973 2603
Route 62 : 1082 2582 1185 2685 1347 918 2847 366 2418 1420 1405 1866 2920 126 2905 202 1626 1702
Route 63 : 1258 535 2035 2758 702 64 1564 2202 745 1071 1464 2571 2964 2245 789 2289
Route 64 : 457 1114 2614 1192 1957 175 2692 1382 1675 298 1798 272 32 2882 398 1772 1532 1898
Route 65 : 1183 1018 2518 2683 99 117 1599 1617 231 371 1731 201 1141 1871 603 2641 2103 217 1701 1717
Route 66 : 936 474 2436 414 1974 1207 1914 1146 2707 2646 1476 123 1623 263 1763 410 2976 1910 1194 2694
Route 67 : 1195 543 2043 2695 991 549 2049 2491 36 709 2209 955 1536 996 2455 297 2496 1797
Route 68 : 826 665 2165 2326 1321 56 2821 326 1826 1556 1009 948 135 2448 2509 343 1635 1843
Route 69 : 459 236 1736 1959 1088 944 2444 2588 1247 645 2145 218 2747 437 1718 401 1937 1901
Route 70 : 1408 2908 80 1580 98 1598 559 1204 2059 1312 2812 212 2704 100 682 1712 1600 2182
Route 71 : 176 649 1676 434 2149 82 1934 1582 26 1302 865 1526 1461 2365 822 2961 2802 2322
Route 72 : 119 1619 483 482 1047 1982 1983 887 2387 2547 1438 1270 2938 2770
Route 73 : 739 2239 769 793 1311 2293 2811 2269 399 1431 1899 220 1720 2931 960 992 2492 2460
Route 74 : 407 844 458 2344 1958 973 909 2473 394 1907 2409 1894 442 477 1942 180 1680 1977 505 2005
Route 75 : 590 257 2090 1757 765 867 2265 2367 939 861 19 2439 1519 1033 2361 2533 1166 2666
Route 76 : 1106 488 1072 1988 542 2606 924 2424 1379 2572 2879 2042 1173 481 1981 1455 1200 2955 2700 2673
Route 77 : 448 1948 1168 55 1077 2668 1555 2577 255 1755 1313 959 985 2459 2485 2813
Route 78 : 85 526 1585 760 2026 1281 2260 1304 2781 951 2451 91 478 1591 1978 2804
Route 79 : 995 346 1064 2495 699 2564 281 1846 1781 570 922 2422 1037 2070 604 2537 269 2199 2104 1769
Route 80 : 1098 86 1586 720 1068 2568 1485 2220 1283 2598 2985 497 1997 2783 848 2348
Route 81 : 531 581 2031 606 2081 1004 2504 375 733 2106 1875 569 883 2383 931 2069 2233 2431
Route 82 : 529 1282 2029 1245 2745 2782 1074 761 2574 2261 1221 611 2721 379 1879 2111 906 2406
Route 83 : 1469 1186 684 2686 2969 2184 360 1860 998 247 2498 840 1747 737 2237 240 1740 2340
Route 84 : 685 872 2185 24 1524 2372 1021 1110 242 2521 762 1742 2262 1276 2610 2776
Route 85 : 365 66 1124 2624 1566 1042 2542 1358 1865 1299 2799 875 2858 359 1238 2375 1058 2558 2738 1859
Route 86 : 870 468 2370 1111 438 1968 1938 391 2611 396 1896 159 1023 1891 601 2101 1659 678 2178 2523
Route 87 : 440 75 1076 1940 162 1575 2576 546 2046 1662 1169 580 1483 584 2669 2983 2084 2080
Route 88 : 498 1391 14 1998 2891 698 1514 834 2198 101 2334 758 1601 1463 2963 2258 787 2287
Route 89 : 1293 2793 260 225 1760 287 659 1725 923 248 2423 1748 667 2167 885 2159 1787 2385
Route 90 : 896 323 1090 2396 1823 417 2590 1917 259 1123 2623 329 491 1829 1759 1991
Route 91 : 819 463 1297 2797 815 1963 940 114 1614 2440 2319 206 2315 160 1706 411 1660 1244 2744 1911
Route 92 : 592 2092 1015 2515 89 1373 1589 864 547 2873 2364 2047 415 1915 600 1301 2801 2100
Route 93 : 465 1440 1965 803 2940 978 2478 2303 1269 2769 96 348 1596 1848 843 615 2115 2343
Route 94 : 111 449 1611 579 1248 2748 2079 1949 912 363 832 2332 1863 2412 716 35 426 2216 1926 1535
Route 95 : 705 671 2171 2205 937 708 2437 790 2208 2290 578 568 1022 2078 2068 2522
Route 96 : 1368 2868 1424 997 2924 1024 2524 2497 1457 2957 1390 2890
Route 97 : 1150 2650 276 966 907 725 2466 1776 638 1384 2407 2225 154 2884 2138 1001 1654 431 2501 1931
Route 98 : 167 1667 689 521 2189 46 1546 738 2238 1250 2021 16 2750 1178 2678 312 1812 1516
Route 99 : 976 2476 831 1069 345 2569 910 2410 1845 1323 2331 1280 2823 2780 1153 1190 2690 2653 1453 2953
Route 100 : 1254 370 1459 2754 405 2959 1905 1870 1481 351 5 1505 2981 1851 774 2274
Route 101 : 630 1 1501 2130 573 952 1180 2073 2680 2452 452 1219 2719 1952 352 516 1852 2016
Route 102 : 1416 2916 538 476 1976 2038 954 588 873 2088 108 2454 916 2373 1209 1608 2709 2416
Route 103 : 421 971 1921 2471 528 432 1387 2887 1932 2028 1425 2925 139 1045 1639 1137 2545 2637
Route 104 : 759 2259 1490 2990 1470 653 2970 42 1279 2153 1189 1542 2779 1182 1307 2689 1330 2807 2830 2682
Route 105 : 155 776 2276 484 1984 1122 1655 1256 2622 1389 2889 757 2756 2257 107 1607 1477 349 2977 1849
Route 106 : 552 562 265 2052 2062 350 197 238 1697 1765 450 1049 1950 1738 1156 1850 424 2549 2656 1924
Route 107 : 1392 132 837 2892 1632 548 2337 2048 11 282 1511 462 1782 1962 921 1120 2620 2421
Route 108 : 1471 2971 1144 384 814 1884 2644 134 2314 794 1634 1421 629 2921 688 2188 2294 2129
Route 109 : 810 327 2310 751 734 2251 1007 2234 1827 1226 926 2507 2726 2426 37 1537
Route 110 : 97 284 1597 1331 1784 1351 2831 2851 1449 2949 1063 1158 2563 2658
Route 111 : 778 20 2278 1029 1520 372 2529 224 1872 169 1724 1669 1266 500 2000 2766 566 2066
Route 112 : 639 1399 2899 2139 1056 1429 2929 2556 195 8 1695 1508 1442 796 2296 2942
Route 113 : 485 1985 1278 300 1105 2605 2778 1800 675 2175 1298 1329 429 2829 1929 2798
Route 114 : 1473 894 2394 741 2241 188 891 2973 1688 2391 687 899 1081 2399 2581 1006 358 2506 2187 1858
Route 115 : 746 1359 2859 731 2246 625 357 2231 2125 7 1857 1089 1093 2589 1397 1507 2593 2897
Route 116 : 564 1050 2064 395 1435 1895 2935 23 2550 683 1523 541 2183 540 969 2040 2041 800 2300 2469
Route 117 : 532 104 1604 2032 1434 362 2934 1862 1036 519 2019 1027 2536 2527 511 874 1334 2374 2834 2011
Route 118 : 1031 1414 2531 1242 243 2914 2742 513 1743 1165 2013 182 809 2665 2309 1682
Route 119 : 914 446 2414 62 140 1640 1083 1946 523 1562 1134 2634 2583 2023 441 185 1685 1941 970 2470
Route 120 : 851 2351 704 544 646 2204 2044 821 2146 198 608 2108 1698 2321 1164 2664
Route 121 : 33 22 1367 1533 12 1522 2867 1053 250 2553 1512 1032 1750 904 18 1518 2532 2404
Route 122 : 223 1305 1257 2805 1277 2777 2757 1723 900 245 1095 2595 1171 2400 390 1745 2671 1890
Route 123 : 1451 1385 1332 2832 2951 1428 2885 1193 2693 1411 2928 1346 2911 2846 93 1593
Route 124 : 1046 1327 2546 2827 131 947 706 2447 1631 2206 65 707 1565 1322 2207 466 2822 1966
Route 125 : 607 512 2012 1096 2107 2596 732 386 636 626 2136 1886 2126 2232 714 342 330 2214 1842 1830
Route 126 : 1240 2740 1260 130 1010 2760 136 1630 2510 1412 1636 1296 229 2912 2796 1729
Route 127 : 934 871 2371 935 2434 533 2435 2033 609 1308 2109 1357 2857 2808 1208 1432 2932 2708
Route 128 : 1447 1380 2880 2947 1291 1353 2853 148 2791 655 1648 59 228 1559 69 1569 2155 1728
Route 129 : 340 1203 1840 730 2230 2703 1325 310 1810 318 2825 572 622 1818 2122 2072 325 1825
Route 130 : 10 506 1067 2006 807 1510 2567 254 2307 1754 917 1043 266 2417 1108 2543 1766 2608
Route 131 : 1143 480 146 1980 1486 1161 2643 2661 2986 1646 1480 2980 641 1272 2141 728 2228 2772
Route 132 : 718 1484 1214 2218 120 929 2984 2429 1620 2714 443 617 385 1943 2117 597 1885 2097
Route 133 : 374 397 1897 249 1874 1749 1246 2746 1492 1162 801 2301 2662 2992 1052 673 779 2173 2552 2279
Route 134 : 492 1394 1992 754 2894 1274 2254 1460 2774 17 2960 679 2179 1517
Route 135 : 283 1188 1783 34 813 1534 376 2688 1876 303 2313 1803 105 486 454 1605 1986 1954
Route 136 : 336 467 451 1836 1967 71 1571 1197 632 583 930 2697 1951 2430 2083 2132
Route 137 : 605 743 2105 2243 749 67 295 1795 1350 2850 1567 2249 599 1014 2099 919 2419 2514
Route 138 : 884 1139 545 2045 2384 1019 908 2639 2519 2408 1370 1295 2795 736 1230 2870 2236 2730
Route 139 : 752 712 1085 2212 1140 2585 2640 313 722 2222 1813 1410 1374 2910 2874 2252
Route 140 : 319 1454 1819 824 1403 2324 2954 2903 1131 1012 1441 2631 2941 2512
Route 141 : 880 460 839 798 1960 2380 2339 2298 1152 221 799 2299 2652 1721 1100 1127 2627 191 1691 2600
Route 142 : 1273 979 943 2443 2773 2479 1375 1415 2875 369 1869 68 2915 1205 1568 2705 589 264 1764 2089
Route 143 : 753 1249 555 2253 2749 2055 61 44 1561 1404 1544 1290 2904 2790 1398 2898 1154 2654
Route 144 : 1489 237 816 2989 1737 2316 404 322 1904 113 1822 1613 1456 1086 2956 858 2586 2358
Route 145 : 818 2318 1115 30 2615 1530 1107 780 475 2280 768 1975 2268 2607
Route 146 : 166 1371 1343 1666 2871 435 2843 187 1935 1079 1687 2579 859 627 2127 2359 527 2027
Route 147 : 1474 715 1028 2215 2528 1251 2751 2974 1199 2699 791 1267 199 2291 301 2767 1801 1699
Route 148 : 981 57 2481 1065 1557 211 2565 1711 118 1155 1618 1262 1333 2655 1030 2833 2530 2762
Route 149 : 576 2076 219 304 1804 1160 1719 1148 430 735 2648 1239 1930 2739 2235 150 344 1650 1844 2660
Route 150 : 1187 1094 2687 553 2594 1125 558 2058 2625 886 2053 1378 1337 2386 2837 557 2878 957 2057 2457
Route 151 : 1450 60 2950 1080 1560 252 1051 1752 2580 1310 2551 2810 676 1340 2840 2176
Route 152 : 268 1768 518 456 1233 2018 2733 1224 847 2347 1422 1494 2724 2922 1113 2613 2994 1956
Route 153 : 586 2086 550 1497 2050 2997 174 275 571 1674 986 1775 2486 881 277 2071 428 1928 1777 2381
Route 154 : 1073 1495 2573 1102 2602 2995 1445 1413 2945 143 1643 2913 1383 866 2883 990 2366 2490
Route 155 : 1499 2999 420 850 106 1920 2350 1606 643 2143 1005 623 1174 2123 2505 1252 2674 1472 2752 2972
Route 156 : 439 1939 1175 2675 305 510 332 2010 613 2113 1805 693 2193 1832 808 141 1641 2308
Route 157 : 956 378 1133 1878 2456 179 522 1679 205 2633 2022 1705 1066 598 2566 194 1694 2098
Route 158 : 747 946 2247 2446 208 173 422 1708 1922 1673 1352 845 2345 2852 862 1316 190 1690 2362 2816
Route 159 : 524 654 2154 2024 537 726 2037 2226 311 517 595 2095 1811 253 2017 262 1762 1753
Route 160 : 1129 1147 829 2647 2329 2629 1315 1328 2828 1227 2815 209 1709 455 29 2727 270 1770 1955 1529
Route 161 : 755 1234 1048 2255 1409 2548 2909 2734 895 494 2395 1994 280 514 1780 2014
Route 162 : 186 1686 144 489 1989 1644 1109 58 2609 433 950 1933 2450 1558 945 76 1576 2445
Route 163 : 1482 536 836 2336 2036 1401 279 2982 2901 888 1779 1172 181 1229 2388 1681 2672 2729 781 2281
Route 164 : 94 987 784 1594 701 2487 51 2284 377 1877 1386 2201 1551 2886 901 2401
Route 165 : 355 235 1855 333 1735 227 1833 1011 1727 147 2511 1060 1647 2560 127 1627
