Instance name : poa-n2000-5
Authors       : Dmitriy Demin, Mikhail Diakov (msd@veeroute.com), Ivan Ilin, Nikita Ivanov, Viacheslav Sokolov (vs@veeroute.com) et al. VRt Global (https://veeroute.com/)
Date          : 2023-07-09
Reference     : veeroute.com
Solution
Route 1 : 952 40 1952 828 780 1828 561 1780 118 1118 629 1629 1561 478 1040 1478 647 706 1647 455 1706 1455
Route 2 : 59 318 1318 1059 597 1597 142 835 1835 1142 418 1418 834 554 1834 1554
Route 3 : 900 186 1900 1186 543 704 842 1704 237 1842 1543 121 1237 1121 987 326 1326 1987 100 451 1100 1451
Route 4 : 289 193 882 1289 1193 192 1882 1192 467 216 1467 1216 910 1910 264 246 1246 811 1264 259 1811 1259
Route 5 : 398 96 1096 691 1691 489 1398 634 1489 1634 7 908 889 1007 562 1908 1889 1562 306 1306
Route 6 : 868 430 750 1868 1430 381 139 1139 824 207 1824 754 1207 178 1381 1178 1754 769 1750 1769
Route 7 : 379 962 1379 1962 46 1046 735 1735 810 1810 360 300 1360 1300 128 856 1856 1128
Route 8 : 255 1255 310 134 1310 1134 825 268 1825 1268 641 1641 71 809 1809 195 1071 1195 436 1436
Route 9 : 959 280 1959 612 556 1280 1612 89 1556 9 1089 676 235 1009 1235 1676 753 1753 190 506 1506 1190 521 1521
Route 10 : 361 1361 751 1751 296 869 42 1296 1042 1869 903 904 1903 495 1904 1495 474 1474 598 757 1598 1757
Route 11 : 541 1541 176 201 1176 1201 173 1173 683 820 1820 1683 798 367 1367 736 1798 619 1619 1736 885 1885
Route 12 : 658 1658 198 1198 539 263 1539 1263 274 785 1785 1274 413 1413 356 1356 305 617 1305 1617
Route 13 : 240 15 1240 680 1015 1680 689 616 1616 1689 162 911 224 1162 1911 637 1224 1637 426 1426
Route 14 : 870 498 1870 918 1918 1498 841 1841 76 526 1076 1526 304 649 1649 1304 1000 2000
Route 15 : 410 347 1347 1410 632 1632 876 1876 369 538 1369 1538 403 973 25 1403 95 1095 1025 988 1973 1988
Route 16 : 611 915 890 1915 1890 1611 185 1185 534 875 1534 1875 243 1243 380 1380 352 515 1515 1352
Route 17 : 81 1081 209 580 1209 758 1580 1758 159 508 1159 1508 329 1329 917 1917 183 974 1183 1974
Route 18 : 984 1984 577 434 220 1577 603 1220 1434 502 1603 1502 282 396 1282 1396 409 414 1414 1409 215 1215
Route 19 : 887 963 1887 1963 648 1648 740 464 1464 161 1740 238 1161 35 1238 1035 333 446 1333 901 1446 1901
Route 20 : 586 1586 355 977 1977 1355 320 630 1320 1630 301 1301 524 624 1524 1624 752 1752 709 783 1709 1783
Route 21 : 620 935 994 1935 331 1994 510 1510 1331 621 788 1621 1620 315 1788 1315 332 814 1332 1814
Route 22 : 481 1481 275 1275 705 1705 103 1103 968 932 1932 1968 533 230 1533 926 1926 1230 312 463 1312 1463
Route 23 : 995 1995 520 694 1520 801 1694 499 905 1801 1499 1905 247 234 1247 950 1234 109 1950 1109
Route 24 : 545 272 916 1272 1916 1545 921 248 1921 44 1 1248 1001 1044 338 1338 955 571 1571 1955
Route 25 : 116 1116 98 1098 203 372 1203 1372 197 759 940 1759 1197 1940 399 459 1399 1459 747 1747 685 1685
Route 26 : 615 70 1615 1070 892 566 1892 1566 881 719 115 1719 1115 607 957 1957 1607 376 1376 1881 718 1718
Route 27 : 105 130 1105 1130 623 812 1623 1812 342 292 966 1342 122 1292 1966 1122 518 1518 990 1990
Route 28 : 133 1133 277 1277 204 1204 843 257 1257 1843 564 1564 535 402 1535 1402 119 523 1523 1119
Route 29 : 764 232 1764 1232 770 912 659 1912 1770 1659 132 1132 789 1789 732 385 1732 1385 840 1840
Route 30 : 462 137 1137 594 1462 1594 423 1423 77 943 1943 48 1077 802 1048 1802 144 447 1447 359 1144 1359
Route 31 : 179 500 1179 1500 604 1604 557 1557 155 194 939 1194 1155 1939 111 1111 631 241 1631 1241 63 1063
Route 32 : 94 1094 494 1494 120 1120 249 452 1249 844 1452 88 1088 1844 847 1847 10 1010
Route 33 : 269 693 1269 1693 348 1348 363 1363 200 800 1200 1800 501 651 1651 1501 729 1729 442 149 1442 1149
Route 34 : 505 548 1505 465 1548 1465 386 529 563 1386 1563 1529 837 1837 334 544 1544 1334 866 1866 951 1951
Route 35 : 330 1330 345 281 32 1281 1345 513 896 287 1513 1896 427 1427 773 1287 1773 710 1032 1710 944 1944
Route 36 : 913 958 1958 1913 599 1599 27 350 1027 1350 792 141 1792 823 1141 1823 756 686 1756 1686
Route 37 : 895 1895 285 1285 568 797 1568 1797 669 813 335 1813 1669 1335 662 924 1662 1924 888 779 1888 1779
Route 38 : 49 1049 387 1387 692 1692 602 737 431 1602 1737 1431 626 91 1091 703 1703 720 1626 874 1720 1874
Route 39 : 509 886 1509 1886 749 845 1749 1845 537 532 1532 1537 551 1551 831 1831 503 999 1503 1999 389 1389
Route 40 : 483 1483 665 104 1104 319 1665 491 1491 1319 583 435 1583 384 1435 1384 480 1480 212 1212 946 1946
Route 41 : 836 949 1836 1949 838 1838 31 1031 419 439 1439 1419 663 174 1663 1174 202 471 424 1424 1471 1202
Route 42 : 265 1265 56 787 1787 1056 972 1972 878 816 1816 1878 223 270 708 1223 1708 1270 570 1570
Route 43 : 992 166 1166 1992 929 78 540 1078 1929 1540 555 993 1555 126 1993 1126 519 1519 496 217 1496 1217
Route 44 : 872 1872 807 643 1807 1643 38 1038 314 461 1461 1314 218 1218 2 170 1170 1002 175 1175 308 1308
Route 45 : 87 57 622 851 1057 1851 311 1311 677 690 1677 1690 1622 288 1087 818 1818 1288 766 1766
Route 46 : 441 1441 862 1862 358 590 1358 1590 711 171 1711 1171 468 567 1468 1567 47 1047
Route 47 : 522 1522 227 472 1472 701 1701 656 214 1214 456 1656 1456 672 1672 124 177 1177 1124 140 1140 1227 861 1861
Route 48 : 101 1101 187 364 922 1187 1364 1922 30 206 879 1030 1206 1879 14 62 1014 1062 748 1748
Route 49 : 763 1763 317 938 1938 1317 395 579 760 1395 1579 1760 421 83 1083 1421 29 1029 784 1784 316 1316
Route 50 : 596 1596 702 408 1408 657 1702 154 1657 600 1154 1600 404 1404 106 1106 273 373 1273 1373
Route 51 : 928 1928 440 712 1440 1712 26 547 1026 1547 714 717 1717 1714 125 1125 250 668 1250 1668
Route 52 : 790 996 1996 20 1790 1020 374 295 1374 1295 699 422 1699 1422 205 1205 923 948 1923 1948 258 1258
Route 53 : 343 1343 716 1716 487 806 1487 767 1806 425 1767 5 299 1425 1005 1299 156 873 492 1156 1873 1492
Route 54 : 68 1068 279 941 1279 11 1941 791 1011 925 1791 1925 516 986 1986 1516 859 1859 546 796 1546 1796
Route 55 : 143 768 1768 412 1412 1143 251 1251 826 1826 41 1041 527 1527 575 1575 17 328 444 1328 1444 1017
Route 56 : 470 64 584 1584 1470 1064 36 453 1453 700 1036 1700 438 208 1438 1208 642 213 1213 1642 927 1927
Route 57 : 97 645 1645 226 1097 1226 254 45 1254 585 1045 1585 82 1082 336 581 1581 108 1336 1108
Route 58 : 942 1942 477 136 225 1477 1136 1225 61 781 1061 52 1052 1781 795 964 833 1795 1964 1833
Route 59 : 210 1210 588 1588 221 857 1221 1857 107 365 1365 1107 378 1378 741 1741 182 1182 883 733 1733 891 1883 1891
Route 60 : 613 1613 375 54 1375 1054 8 511 1511 1008 244 1244 614 517 1517 69 610 1069 1614 525 1610 1525
Route 61 : 761 112 1112 1761 65 1065 697 1697 721 12 1721 290 635 1012 1290 1635 899 349 1349 1899 37 1037
Route 62 : 786 74 1786 1074 664 1664 84 724 1084 392 1724 135 1392 1135 391 39 933 1391 1933 1039
Route 63 : 242 123 1123 1242 266 1266 184 989 983 1184 157 1983 1157 497 1989 1497 58 985 1058 1985 164 1164
Route 64 : 771 1771 542 698 1542 1698 66 558 1066 1558 417 1417 322 43 1322 1043 777 853 1777 1853
Route 65 : 574 606 1574 1606 830 804 1804 1830 228 4 1228 1004 432 1432 341 762 1341 1762 852 1852
Route 66 : 147 1147 576 528 1576 765 1528 1765 325 1325 390 1390 357 569 1357 1569 601 782 1601 377 1377 1782
Route 67 : 117 734 1117 589 153 1734 1589 772 1772 1153 723 1723 633 897 1633 776 1897 1776 827 72 1072 1827
Route 68 : 745 1745 695 222 1222 1695 188 1188 794 591 1794 1591 687 1687 131 1131 405 362 1405 1362
Route 69 : 638 110 1110 1638 969 229 28 1028 1969 1229 746 191 1746 1191 744 1744 666 1666 675 755 1675 1755
Route 70 : 236 79 1079 382 1236 148 1382 1148 778 829 1778 1829 906 609 1609 90 1906 1090 92 1092 262 1262
Route 71 : 971 1971 953 1953 902 1902 553 1553 420 1420 670 793 1670 33 1793 849 1033 1849 23 1023 22 1022
Route 72 : 406 1406 936 805 1805 114 1114 180 1936 1180 13 1013 850 1850 196 1196 560 1560 707 514 1707 1514
Route 73 : 618 482 1618 1482 19 75 1075 832 1019 1832 582 172 1172 1582 485 493 1485 713 1493 1713
Route 74 : 302 368 1302 1368 354 1354 18 146 1018 346 1146 1346 863 458 1863 981 1458 1981 189 433 1189 1433
Route 75 : 976 1976 284 151 1151 1284 276 1276 294 970 572 1294 1970 449 1572 821 1821 53 1449 848 1848 1053
Route 76 : 321 1321 961 674 1961 1674 113 1113 877 965 934 1877 1965 1934 552 293 1552 1293 894 1894 457 1457
Route 77 : 466 930 1466 1930 371 846 628 1371 1628 1846 684 1684 578 291 1578 1291 450 817 1817 1450 181 1181
Route 78 : 595 731 1595 1731 211 531 1211 416 1416 1531 445 411 1411 1445 727 855 1855 1727
Route 79 : 819 1819 231 1231 864 167 1864 1167 507 1507 490 893 1490 512 86 1893 1086 1512 150 1150
Route 80 : 909 1909 160 313 1313 1160 165 1165 199 1199 73 975 1073 1975 252 67 1252 865 822 1067 1865 1822
Route 81 : 867 1867 407 1407 884 1884 102 129 954 1102 1954 1129 16 1016 650 1650 486 945 1486 1945
Route 82 : 327 50 1050 1327 80 653 1080 660 1653 1660 34 1034 627 1627 774 1774 715 127 1715 1127
Route 83 : 688 565 1565 1688 725 260 1725 1260 854 997 1854 1997 646 473 1473 1646 298 667 1298 742 1742 1667
Route 84 : 55 309 1055 1309 739 85 1739 1085 937 919 1937 644 476 1919 1476 1644 256 344 1344 960 1256 1960
Route 85 : 233 914 1914 339 1233 1339 808 1808 351 1351 728 1728 860 297 1860 1297 592 947 1592 1947
Route 86 : 21 24 1024 1021 898 401 1898 625 1401 1625 437 1437 931 1931 253 145 1253 383 1145 1383 799 1799
Route 87 : 673 1673 991 1991 978 479 1479 1978 278 1278 340 1340 307 1307 475 1475 982 738 1982 1738
Route 88 : 370 353 1370 400 1400 1353 652 397 1652 3 1397 550 1003 271 1550 394 1394 1271 469 815 1469 1815
Route 89 : 428 504 1428 245 1504 1245 980 1980 839 1839 168 639 1168 1639 803 979 1803 1979 323 967 1323 1967
Route 90 : 429 1429 261 1261 722 1722 484 549 1549 587 1484 1587 998 1998 388 871 1388 1871 51 536 1051 1536
Route 91 : 671 573 1671 6 1573 956 1006 488 219 1956 1488 415 1415 655 1655 1219 99 1099 682 1682 337 1337
Route 92 : 530 696 1530 1696 654 1654 920 1920 158 324 1158 608 1608 460 661 1324 1460 138 1661 1138
Route 93 : 286 1286 775 163 1163 679 1775 60 1060 1679 726 1726 640 393 1393 1640 678 152 1152 1678
Route 94 : 636 730 1636 1730 593 1593 681 907 303 1681 1907 1303 743 1743 267 1267 93 169 1169 1093
Route 95 : 239 448 1448 454 1239 605 1454 1605 443 1443 858 1858 366 1366 283 1283 880 1880 559 1559