Instance name : poa-n4000-4
Authors       : BIG3 - Dmitriy Yampolskiy, Egor Nikolaev and Daria Savina. Smart Logistics Point by the BigThree team (big3.ru).
Date          : 2025-04-22
Reference     : BigThree team (big3.ru)
Solution
Route 1 : 902 483 2483 1393 3393 1526 1890 651 3526 2902 1220 3890 2651 3220
Route 2 : 1500 1405 3500 480 3405 1020 2480 317 1547 3547 3020 842 2317 2842
Route 3 : 912 741 2741 2912 172 234 1763 2172 2234 986 3763 2986
Route 4 : 818 220 833 1360 3360 2220 2818 2833 1655 1394 3655 3394
Route 5 : 1624 1803 3624 297 2297 1659 3803 805 3659 2805
Route 6 : 1033 1505 3033 296 2296 1492 1721 3721 3505 3492
Route 7 : 1720 73 1098 3720 2073 3098 1515 3515 1546 3546
Route 8 : 40 1704 2040 34 1561 3704 2034 3561 708 1838 3838 2708
Route 9 : 1745 1538 158 2158 3745 929 3538 2929 1454 1400 3400 3454
Route 10 : 216 918 1363 2216 605 2605 2918 1075 1274 3075 3274 3363
Route 11 : 1706 1473 849 3706 2849 240 792 3473 1625 2792 3625 1617 3617 2240
Route 12 : 253 1335 677 3335 395 1339 2253 2395 2677 1732 3339 3732
Route 13 : 742 1486 2742 718 3486 1701 1177 2718 1872 3701 3177 3872
Route 14 : 430 1354 668 643 3354 2668 2643 2430 1188 701 3188 2701
Route 15 : 1551 425 3551 1101 1106 2425 3106 3101 1983 629 3983 2629
Route 16 : 25 252 1419 2252 3419 1959 2025 1880 3880 3959
Route 17 : 1194 1388 3194 964 3388 1494 2964 1179 3494 1567 478 2478 3179 3567
Route 18 : 1597 1286 461 2461 200 725 3597 3286 545 2725 2200 2545
Route 19 : 1127 445 3127 1023 2445 322 2322 3023 1794 1406 3406 3794
Route 20 : 488 2488 1884 1151 578 3151 390 2578 1708 3884 3708 2390
Route 21 : 1404 3404 1809 1686 324 3809 3686 2324
Route 22 : 360 2360 1277 1792 1834 585 2585 3792 3277 3834
Route 23 : 1384 1750 1174 3384 3174 1984 1954 3750 1331 3984 3954 3331
Route 24 : 32 655 1739 2655 386 1580 2032 983 2983 2386 3739 3580
Route 25 : 1916 3916 1753 1994 3994 1078 3078 3753 1284 361 2361 3284
Route 26 : 1637 1993 1359 3637 1578 3993 1748 3748 3578 982 3359 2982
Route 27 : 1725 992 3725 680 256 2680 2256 2992 737 1408 3408 2737 969 2969
Route 28 : 1844 681 335 2335 1528 2681 3844 1217 1877 3217 3528 3877
Route 29 : 131 1295 2131 1028 3295 3028 1852 1805 3852 3805
Route 30 : 640 606 1828 2640 372 813 2813 1924 3828 2606 724 2372 2724 3924
Route 31 : 676 580 1355 2676 665 1204 2580 3204 3355 2665 1653 3653
Route 32 : 1203 1076 3203 812 523 3076 2812 2523 656 2656
Route 33 : 1804 1187 3804 1892 3187 1709 47 3892 2047 3709
Route 34 : 403 2403 1433 704 348 1785 2348 2704 3433 3785 74 2074
Route 35 : 219 502 2219 899 92 450 2502 2450 2899 2092 1554 3554
Route 36 : 757 1222 2757 1325 3222 1240 3240 3325 1087 1811 3087 3811
Route 37 : 23 1511 1965 2023 633 1197 1379 3511 3965 2633 3197 3379
Route 38 : 915 249 1092 3092 1071 841 2915 2249 3071 2841
Route 39 : 1182 1255 248 3182 908 2248 2908 1036 3255 476 2476 959 3036 2959
Route 40 : 150 1840 3840 154 3 507 836 2507 2150 2836 2154 2003
Route 41 : 164 1737 250 1126 998 2998 2164 3737 2250 1517 3517 3126
Route 42 : 1430 1150 3150 456 3430 304 2456 1858 623 2304 2623 1403 3858 3403
Route 43 : 1969 156 853 980 3969 2156 1038 2853 1839 3839 3038 2980
Route 44 : 1386 709 1153 1472 2709 414 3153 3386 1237 2414 3237 3472
Route 45 : 1821 695 1885 2695 3821 134 3885 517 2134 1922 2517 3922
Route 46 : 13 1402 1779 3402 3779 2013 1416 3416
Route 47 : 33 785 2033 2785 557 1456 2557 241 1787 3456 2241 3787
Route 48 : 1891 1342 1192 3192 3342 3891 527 860 2860 2527
Route 49 : 1451 8 1530 906 3451 1774 2906 1825 2008 3530 3774 3825
Route 50 : 1282 96 2096 1207 3207 621 1358 3282 598 3358 2621 1664 2598 3664
Route 51 : 130 272 1765 3765 114 771 2130 2272 2771 2114
Route 52 : 500 30 388 2030 2388 1029 809 2500 2809 3029
Route 53 : 991 1730 1684 3730 2991 239 3684 1599 692 3599 440 2692 2440 2239
Route 54 : 394 236 2236 1806 2394 1930 1381 3806 3381 762 3930 2762
Route 55 : 1483 400 1276 1979 3483 3276 1185 3185 3979 2400
Route 56 : 1091 88 3091 1017 2088 971 671 3017 1889 2671 2971 3889
Route 57 : 14 1079 327 2014 2000 3079 4000 2327 83 2083
Route 58 : 976 2976 1417 429 563 746 3417 2429 530 2746 2563 2530
Route 59 : 1553 1951 238 3553 1034 3951 2238 265 3034 2265
Route 60 : 213 1487 51 205 3487 2205 2213 409 171 2051 897 2409 2171 2897
Route 61 : 1253 343 3253 1712 3712 800 2343 1338 146 2800 3338 2146
Route 62 : 255 321 2255 1953 955 2321 928 185 3953 2955 1027 2928 3027 2185
Route 63 : 837 29 2029 1519 2837 1727 3519 1082 3727 3082
Route 64 : 5 1429 2005 1565 3429 1688 979 3688 1689 670 2979 3689 3565 2670
Route 65 : 179 1676 3676 715 1673 2715 177 2179 1875 45 2177 3875 3673 2045
Route 66 : 1581 3581 1247 3247 279 1112 963 2963 3112 2279
Route 67 : 68 904 2904 1110 3110 2068 139 487 2487 2139
Route 68 : 1831 1509 933 3831 3509 443 2933 143 254 2443 2254 2143
Route 69 : 1504 1527 1986 3527 1162 3504 3986 3162 191 224 2191 2224
Route 70 : 1000 1171 3171 1368 3368 1435 3000 1395 3435 1650 3650 3395
Route 71 : 984 753 444 2753 446 2444 2446 237 24 1053 2984 2024 3053 2237
Route 72 : 687 584 1691 2687 2584 711 3691 2711 1594 843 56 2843 3594 2056
Route 73 : 1007 3007 1264 1244 1510 3264 796 2796 3244 3510 1229 3229
Route 74 : 1390 399 686 2399 2686 354 349 2354 3390 2349
Route 75 : 1914 947 1815 773 3914 2947 3815 2773
Route 76 : 1961 3961 285 1382 350 2285 1558 2350 865 3382 2865 3558
Route 77 : 1966 3966 1894 1062 180 3894 3062 966 2180 2966
Route 78 : 1482 1991 1268 1329 3991 3482 3268 3329 1646 3646
Route 79 : 1670 1997 3670 1270 12 2012 3270 1238 3997 1837 3238 3837
Route 80 : 1726 482 1623 559 2559 3623 3726 2482
Route 81 : 243 2243 144 183 2144 949 2183 2949 1267 1770 3267 3770
Route 82 : 1577 37 2037 320 3577 257 2320 941 1425 2257 3425 2941
Route 83 : 1856 627 1470 552 2627 3856 1571 2552 3571 1980 3470 3980
Route 84 : 369 1496 100 2369 1790 1859 3496 3790 2100 1850 3850 3859 1525 3525
Route 85 : 684 1705 434 2684 925 1070 3070 2925 2434 3705 1773 1591 3591 3773
Route 86 : 1186 1373 954 314 3186 2314 1687 2954 3373 3687 1469 3469
Route 87 : 137 2137 1848 516 3848 577 944 2516 2944 2577
Route 88 : 261 626 49 2626 2049 1614 2261 1040 1440 3040 3440 3614
Route 89 : 1679 1333 3679 1714 3333 1777 1873 3714 766 3873 2766 3777
Route 90 : 767 1499 3499 1626 2767 3626 1789 408 662 3789 2662 2408
Route 91 : 402 840 2402 2840 246 2246 120 155 2155 514 2120 1375 2514 3375
Route 92 : 1452 1054 3452 3054 1656 3656 462 1956 942 3956 1900 2942 2462 3900
Route 93 : 1981 1250 3981 3250 1230 1039 3230 3039 654 787 2654 2787
Route 94 : 169 1768 3768 2169 540 1771 3771 2540 1369 1090 678 3369 3090 1448 2678 3448
Route 95 : 1564 573 956 2573 2956 3564 1449 1442 3449 3442
Route 96 : 1118 110 3118 1995 3995 1412 2110 664 2664 3412 465 2465
Route 97 : 41 1975 1242 2041 3242 919 3975 2919 262 267 1465 3465 2262 2267
Route 98 : 1328 1529 3529 823 1609 564 2564 58 2823 3328 3609 2058
Route 99 : 1115 1236 3115 697 1935 3236 3935 379 2697 2379
Route 100 : 1190 958 3190 2958 1306 1608 3306 1307 242 3608 3307 2242
Route 101 : 555 79 2079 1326 1782 673 2555 3782 2673 3326 1513 3513
Route 102 : 1252 3252 641 730 2641 582 1172 2730 2582 3172 871 2871
Route 103 : 948 1343 2948 1836 827 3836 3343 628 2827 634 2628 1415 3415 2634
Route 104 : 1941 3941 436 802 631 389 2631 619 2436 2619 2802 2389
Route 105 : 733 469 2733 903 891 1263 2469 3263 2903 2891
Route 106 : 1051 142 1911 1572 404 3051 3572 2142 2404 900 3911 2900
Route 107 : 536 864 2864 1467 145 2145 302 2536 1988 182 2182 3467 3988 2302
Route 108 : 811 1923 38 59 2038 1353 2059 857 3353 2857 3923 1557 2811 3557
Route 109 : 618 184 2618 597 819 620 952 2819 2597 1322 2952 2184 2620 3322
Route 110 : 163 588 856 396 2588 2396 2163 1507 2856 1030 3507 3030
Route 111 : 1089 587 2587 1767 3767 1474 1522 1444 3089 3522 3474 3444
Route 112 : 926 1064 1775 2926 3775 3064 881 882 2882 1211 2881 1011 3011 3211
Route 113 : 468 472 506 2468 2472 1615 1949 2506 3949 4 2004 970 2970 3615
Route 114 : 1902 1123 1534 1389 3123 3534 3902 1633 3633 3389
Route 115 : 922 1141 2922 1729 1121 3121 3141 3729 1132 519 3132 2519
Route 116 : 1086 1216 3086 3216 835 1620 1304 1139 2835 3304 3139 3620
Route 117 : 554 162 1908 3908 1055 2554 734 2734 2162 3055 570 208 2208 2570
Route 118 : 15 1697 905 2015 2905 1662 3697 1269 3662 3269
Route 119 : 1136 405 1298 1863 3136 377 3863 2405 3298 2377 1621 3621
Route 120 : 1108 1943 3943 3108 1318 854 1460 3318 729 1520 2854 3520 2729 3460
Route 121 : 614 490 935 2490 736 2614 2935 1364 3364 2736
Route 122 : 1802 648 2648 538 646 3802 231 2538 2646 2231 1982 3982
Route 123 : 1925 1593 1808 3925 3593 3808 607 1066 3066 544 2544 2607
Route 124 : 406 1301 2406 3301 94 1898 1736 89 2094 3736 2089 3898
Route 125 : 511 683 1797 93 419 3797 2093 2683 2419 2511 1170 3170
Route 126 : 1824 26 2026 3824 1973 1227 357 2357 1313 3973 3227 1738 3313 3738
Route 127 : 1632 235 2235 1317 3632 1361 2 532 3361 2002 1917 3317 2532 3917
Route 128 : 1734 3734 1888 3888 1584 333 76 2333 3584 416 962 2076 2416 2962
Route 129 : 449 1604 3604 592 2449 1257 345 2592 95 2345 3257 2095 165 2165
Route 130 : 875 1168 638 2875 417 1915 2417 3168 3915 308 2638 1221 2308 3221
Route 131 : 1202 1031 3202 645 2645 617 1309 22 3031 2022 1006 2617 3309 3006
Route 132 : 1423 848 548 3423 2848 1667 271 3667 2548 1783 2271 3783
Route 133 : 698 428 748 2428 2698 87 277 657 2748 2087 2657 2277
Route 134 : 1518 1193 3193 650 3518 334 463 2334 1944 2463 2650 3944
Route 135 : 299 1283 2299 3283 381 214 2214 2381 1191 1002 3002 3191
Route 136 : 996 872 2996 2872 1853 60 2060 479 3853 1272 858 3272 2479 2858
Route 137 : 397 281 11 2397 2281 553 2553 838 2011 2838 1735 3735
Route 138 : 1347 3347 1352 3352 801 1385 2801 3385 1464 682 3464 2682
Route 139 : 1345 498 181 2181 3345 863 1319 2498 1683 2863 3319 3683
Route 140 : 1820 632 2632 990 55 229 2229 3820 1428 3428 2055 2990
Route 141 : 1026 3026 1138 418 3138 1909 2418 913 21 2021 3909 2913
Route 142 : 201 878 2201 226 2878 622 2226 1266 2622 1539 3539 3266
Route 143 : 1938 3938 601 1870 1003 3003 1010 3870 1165 2601 290 3165 2290 3010
Route 144 : 1639 1497 318 3497 2318 393 2393 1050 3639 1261 3261 3050
Route 145 : 649 2649 965 2965 1533 129 2129 3533
Route 146 : 1321 1897 1146 3146 3897 1401 3321 3401
Route 147 : 1576 230 1166 3576 2230 1143 3166 209 3143 2209 362 2362
Route 148 : 910 1940 3940 1919 2910 3919 791 2791
Route 149 : 306 2306 186 968 382 2382 2186 1422 2968 3422
Route 150 : 877 738 1099 1760 1137 2738 3099 3137 3760 2877 1159 542 2542 3159
Route 151 : 426 1514 1350 258 593 2426 3514 1550 3350 3550 2258 1672 3672 2593
Route 152 : 1692 814 1710 1035 3692 2814 3710 341 3035 166 2341 2166
Route 153 : 731 286 652 2731 815 2286 1122 2652 2815 3122
Route 154 : 358 798 2358 473 2798 985 1374 3374 2985 2473
Route 155 : 1516 732 2732 1366 3516 1032 3366 3032 1699 458 3699 270 2458 2270
Route 156 : 159 1740 2159 1867 3740 3867 1447 876 3447 707 2876 1869 3869 2707
Route 157 : 1074 596 3074 2596 1658 1371 1978 3978 3658 3371
Route 158 : 1294 1868 70 448 3868 3294 2070 720 210 2210 2448 2720 52 2052
Route 159 : 690 1016 636 1297 97 2636 3016 3297 2690 2097
Route 160 : 453 1812 451 2453 528 3812 2451 1999 1009 3009 2528 3999
Route 161 : 624 2624 675 1945 2675 323 316 609 2323 3945 2609 50 2316 2050
Route 162 : 1056 36 2036 3056 861 1312 3312 2861 780 138 2780 2138
Route 163 : 1149 1638 3149 1367 3638 3367 1651 1372 3372 3651
Route 164 : 694 1780 3780 1096 475 2475 189 2694 3096 2189
Route 165 : 1239 1549 3239 1613 195 3613 1968 3968 2195 3549
Route 166 : 562 328 535 2562 541 2328 2535 2541 571 1273 550 2550 3273 2571
Route 167 : 1376 3376 1287 415 3287 1431 2415 3431
Route 168 : 1461 637 569 3461 342 2342 1458 3458 2569 2637
Route 169 : 424 1544 604 2424 152 2604 1409 1105 3544 2152 1992 3105 3992 3409
Route 170 : 1453 565 2565 168 3453 1195 352 3195 2352 2168
Route 171 : 960 830 1231 2830 1148 2960 3148 3231
Route 172 : 376 484 2376 581 2484 1067 2581 1960 3067 3960
Route 173 : 1176 1901 3176 75 477 3901 839 2477 1208 3208 2839 10 2075 2010
Route 174 : 187 1562 1424 3562 2187 930 3424 1332 1871 3871 1532 2930 3332 3532
Route 175 : 1603 567 1963 368 2567 3603 315 1140 3963 2368 2315 3140
Route 176 : 351 658 2351 1316 1073 3073 3316 2658 961 1144 3144 2961
Route 177 : 1133 292 3133 1616 204 2292 65 2204 3616 2065
Route 178 : 1125 846 525 2846 2525 1989 3125 266 3989 2266 1601 1476 3601 3476
Route 179 : 993 1641 3641 940 869 2940 1441 1068 2993 147 2869 3068 3441 2147
Route 180 : 1104 1365 3104 1265 1152 3265 3152 1810 3365 77 3810 2077
Route 181 : 1766 1046 3766 3046 1866 194 583 2194 3866 951 2583 2951
Route 182 : 1466 447 3466 1644 311 3644 2311 2447 920 2920
Route 183 : 586 223 72 556 2223 264 2586 2556 2264 247 2072 420 2420 2247
Route 184 : 1057 3057 1407 653 108 1588 2108 2653 160 3407 3588 2160
Route 185 : 1475 987 3475 192 2987 688 2688 1607 1462 3607 2192 3462
Route 186 : 644 615 2644 2615 1161 760 1503 1021 3021 2760 3161 3503
Route 187 : 259 1958 3958 873 2259 1817 3817 1575 2873 3575
Route 188 : 1324 1733 1209 3324 309 1506 3733 3506 1213 3209 1711 3213 2309 3711
Route 189 : 795 1212 3212 630 1421 2795 2630 1947 3421 3947
Route 190 : 509 1920 1037 2509 273 2273 1521 1310 3920 1713 3037 3310 3713 3521
Route 191 : 1314 1598 3598 3314 1128 852 3128 595 2852 822 2595 2822
Route 192 : 1541 1124 3541 1392 1320 3124 612 526 3392 1610 3320 2612 3610 2526
Route 193 : 1156 294 777 2777 2294 3156
Route 194 : 19 2019 1864 167 2167 3864 1346 1905 3905 547 3346 1060 2547 3060
Route 195 : 312 1362 2312 1109 3362 280 2280 3109 1833 599 2599 3833
Route 196 : 883 2883 660 2660 820 608 2820 566 1893 2566 3893 1665 3665 2608
Route 197 : 1391 1605 1746 3391 16 3746 3605 1627 2016 3627 703 2703
Route 198 : 520 222 2520 914 1583 1702 2222 3583 149 2914 3702 2149
Route 199 : 885 1134 1061 2885 1642 3061 3642 3134 1758 176 3758 2176
Route 200 : 1160 104 2104 3160 1643 298 521 3643 1799 3799 2298 2521
Route 201 : 133 1291 3291 1652 3652 1042 1145 3042 1931 2133 3931 3145 1855 3855
Route 202 : 867 198 1439 3439 2867 953 2198 1798 2953 1095 3798 3095
Route 203 : 331 1443 1315 3443 1512 1524 3512 916 3315 2331 3524 2916
Route 204 : 600 269 2269 975 2600 524 728 2728 2524 770 2975 2770
Route 205 : 485 1438 276 1249 173 2485 3438 806 2806 2173 2276 3249
Route 206 : 611 1094 3094 2611 1005 716 1478 3005 1219 2716 3219 3478
Route 207 : 325 81 2081 2325 66 1015 3015 2066 1860 689 539 2539 2689 3860
Route 208 : 293 1555 1523 2293 3523 141 6 2006 2141 3555
Route 209 : 1772 1998 3998 1022 1446 380 3772 3446 2380 3022
Route 210 : 1835 3835 384 590 1540 2384 2590 721 2721 3540
Route 211 : 1757 1742 332 3757 3742 2332 589 804 2589 2804
Route 212 : 347 1215 3215 2347 1755 1262 3755 303 3262 2303 109 2109
Route 213 : 116 126 1481 3481 2116 401 2126 1967 1693 3693 3967 2401
Route 214 : 574 1990 3990 2574 1764 218 3764 274 2218 866 2274 2866
Route 215 : 1508 1759 3759 3508 1397 859 227 3397 2859 2227
Route 216 : 669 868 2669 810 2810 1559 2868 3559 1585 1018 3585 3018
Route 217 : 1816 3816 512 1130 3130 799 2512 1678 2799 1928 3678 3928
Route 218 : 667 366 855 2667 2366 1876 1113 2855 78 3876 3113 1887 3887 2078
Route 219 : 1357 1434 3357 1445 3445 1300 1622 3622 1618 3618 3434 339 3300 2339
Route 220 : 127 508 1241 2508 435 370 2435 2127 2370 3241 46 1573 2046 3573
Route 221 : 917 211 2917 763 2211 679 2763 2679 790 2790
Route 222 : 1934 470 291 1049 3934 685 3049 2470 768 2291 2685 2768
Route 223 : 1308 28 422 2028 3308 1751 288 2288 3751 2422 263 289 2289 2263
Route 224 : 206 747 1671 2206 2747 1648 3671 493 3648 151 2493 2151
Route 225 : 1178 383 392 3178 1631 2392 2383 3631 9 2009 988 2988
Route 226 : 112 1302 433 2433 765 2112 2765 1157 3302 3157 1832 98 3832 2098
Route 227 : 744 337 2744 778 2337 1502 2778 3502 338 743 2743 2338
Route 228 : 1418 1937 439 3418 3937 2439 1654 35 2035 3654
Route 229 : 579 1846 2579 534 3846 1948 1933 3933 3948 2534
Route 230 : 1793 103 1012 471 3012 2103 1542 3793 2471 3542 808 957 2808 2957
Route 231 : 1351 909 1013 486 3351 221 3013 207 2486 2909 2221 2207
Route 232 : 307 2307 1649 1545 3649 1587 1874 1484 3587 3874 3484 3545
Route 233 : 1111 1795 3111 3795 503 340 1169 2503 1414 3414 2340 3169
Route 234 : 754 1103 2754 1278 1716 3278 3103 1752 3716 3752
Route 235 : 1814 1489 1413 3814 3413 1004 533 3004 2533 3489 924 1942 3942 2924
Route 236 : 661 1119 3119 995 2661 1962 1666 3666 2995 305 2305 3962
Route 237 : 943 2943 1761 1791 3761 1348 3348 3791
Route 238 : 911 1677 1043 91 3677 203 2091 2911 1468 3468 3043 2203
Route 239 : 776 432 2432 751 2776 2751 359 494 2359 1256 2494 3256
Route 240 : 7 531 2531 2007 1628 423 474 2474 3628 2423
Route 241 : 1337 410 190 1210 2190 3210 934 3337 2410 2934
Route 242 : 702 115 2702 275 1463 889 3463 2115 2889 2275
Route 243 : 125 1861 3861 1501 2125 759 3501 2759
Route 244 : 726 2726 892 782 1234 2782 2892 3234 1619 3619
Route 245 : 44 499 1045 82 2044 2082 2499 1436 3045 824 2824 3436
Route 246 : 1568 831 2831 1288 3568 888 3288 2888
Route 247 : 779 1717 2779 893 3717 879 1455 3455 2879 1336 2893 3336
Route 248 : 1201 464 2464 1380 1939 3201 3939 481 3380 1698 1882 3698 3882 2481
Route 249 : 1903 1563 3903 3563 1410 700 2700 330 3410 17 2017 2330
Route 250 : 613 699 1254 2613 1756 1936 3254 1829 2699 3756 3936 3829
Route 251 : 442 411 371 2411 1976 2371 2442 740 896 2740 2896 63 3976 2063
Route 252 : 844 107 244 2244 80 2844 2107 356 2356 967 2080 2967
Route 253 : 1663 3663 1696 546 591 2546 3696 48 1480 2591 3480 1457 2048 3457
Route 254 : 1778 1293 3778 755 510 3293 727 2510 1275 2727 3275 2755
Route 255 : 832 2832 1248 1259 1862 1080 3862 3080 3259 3248 1226 932 2932 3226
Route 256 : 575 712 2712 1896 2575 513 132 3896 2132 2513
Route 257 : 1163 1218 3163 1602 3218 1129 1741 3741 3602 3129
Route 258 : 691 816 2691 1490 459 2459 2816 1258 3490 1008 3258 3008
Route 259 : 1851 1477 1668 3851 69 2069 1566 3668 666 3477 2666 495 3566 2495
Route 260 : 228 2228 188 884 42 2188 39 2884 981 2042 2981 2039
Route 261 : 1485 3485 549 1560 2549 1647 3560 756 2756 3647
Route 262 : 1747 1088 3747 1895 3088 3895 1826 1180 3826 3180
Route 263 : 492 1356 346 2492 2346 3356 1225 558 1857 2558 3857 3225
Route 264 : 387 1574 2387 1233 505 2505 365 3233 1579 3574 363 2363 3579 2365
Route 265 : 1800 313 3800 994 2313 2994 1707 3707
Route 266 : 121 295 1703 2121 1813 1807 2295 3807 1450 3813 373 3703 3450 2373
Route 267 : 895 945 2945 2895 1334 887 3334 2887
Route 268 : 278 1731 122 212 3731 2122 2212 2278
Route 269 : 674 1657 504 3657 2674 284 1535 3535 2284 1886 2504 3886
Route 270 : 1183 1927 1243 3183 1349 1612 128 3349 3243 3927 2128 3612
Route 271 : 1232 413 1754 3232 1974 2413 749 3754 2749 3974
Route 272 : 1592 1531 761 3592 64 3531 1878 2064 2761 3878 378 2378
Route 273 : 431 999 1674 2431 283 3674 750 2999 1762 3762 2283 2750
Route 274 : 54 2054 561 789 374 1184 2789 3184 2374 2561
Route 275 : 784 135 2135 1841 407 2784 140 2407 2140 3841
Route 276 : 1214 1842 3214 642 3842 2642 1072 3072 102 1881 3881 2102
Route 277 : 1085 1556 3556 3085 1083 3083 117 1493 2117 3493
Route 278 : 1142 1044 3044 1913 3142 886 3913 2886
Route 279 : 1971 1865 62 3971 518 153 2062 3865 2153 2518
Route 280 : 786 1819 2786 1690 391 1600 2391 3600 3690 1611 3819 3611
Route 281 : 1694 466 772 2466 1977 1488 3488 3977 3694 1014 2772 3014
Route 282 : 1682 99 496 1281 3682 2099 3281 1818 2496 890 2890 3818 551 2551
Route 283 : 594 826 1854 2826 3854 217 2594 2217
Route 284 : 1749 764 71 3749 1189 467 2764 696 2071 3189 2467 2696
Route 285 : 807 1120 113 2807 3120 90 2090 85 2113 2085
Route 286 : 1383 834 3383 705 175 2834 2705 1077 2175 3077
Route 287 : 1117 845 3117 1260 2845 215 3260 329 2329 1084 3084 2215
Route 288 : 1292 491 3292 978 353 2491 1131 2353 2978 3131 927 2927
Route 289 : 1058 1069 1537 3069 1723 3058 3537 457 1344 3723 3344 2457
Route 290 : 367 1459 1107 2367 300 2300 31 3459 3107 2031
Route 291 : 1955 1048 3955 1196 1198 3048 3196 287 1426 2287 3198 3426
Route 292 : 1921 1926 3921 136 398 3926 1987 3987 2136 1 2398 2001
Route 293 : 745 603 2745 251 2603 931 2251 124 2931 2124
Route 294 : 989 950 2989 1175 2950 3175 1827 1883 610 3827 2610 3883
Route 295 : 1025 174 1081 3025 1411 2174 3081 3411
Route 296 : 923 1396 3396 260 735 2923 2735 2260
Route 297 : 1661 1135 3135 1964 1251 3661 3251 336 199 3964 2199 2336
Route 298 : 1299 1303 3299 769 3303 2769 880 572 2572 2880 1323 3323
Route 299 : 1491 3491 310 974 870 2310 1164 2974 2870 898 3164 2898
Route 300 : 1290 118 3290 2118 717 1715 196 2717 1100 1495 3495 2196 3715 3100
Route 301 : 758 2758 1957 1822 803 3957 788 2788 3822 1932 3932 2803
Route 302 : 706 86 2086 2706 602 1728 2602 1849 3728 3849 939 2939
Route 303 : 375 973 639 2639 2375 2973 454 2454
Route 304 : 43 1102 319 3102 2043 2319 659 1206 2659 1116 3206 3116
Route 305 : 27 1047 901 2901 1228 2027 501 3228 3047 1796 2501 3796
Route 306 : 1801 3801 344 282 2344 719 2719 1719 1635 2282 3635 3719
Route 307 : 1536 663 3536 2663 1340 412 1606 3340 2412 972 1680 3606 3680 2972
Route 308 : 821 781 2781 616 2821 2616 1907 1167 3167 3907
Route 309 : 111 123 1700 3700 2111 829 2123 2829 1271 3271
Route 310 : 774 460 2774 148 794 2148 1378 2460 2794 1173 3378 3173 1722 3722
Route 311 : 53 713 2713 355 1041 2053 576 2355 67 3041 2576 2067
Route 312 : 1437 1685 1744 3437 101 3685 938 2101 907 3744 1847 3847 2938 2907
Route 313 : 1743 1660 301 3743 1776 3776 119 2301 3660 2119
Route 314 : 817 2817 797 1996 497 3996 2797 2497
Route 315 : 364 1972 1327 3327 2364 1330 1879 3972 3879 1181 3330 3181
Route 316 : 1246 1952 427 3952 3246 2427
Route 317 : 1223 1059 3223 170 3059 1097 202 2170 2202 3097
Route 318 : 233 1093 2233 268 693 568 2568 2268 2693 862 2862 3093
Route 319 : 1590 783 1377 2783 421 3590 2421 225 1154 2225 3377 1570 3154 3570
Route 320 : 1823 18 3823 1052 1498 2018 1910 3498 3052 3910
Route 321 : 1636 1024 3636 522 625 2522 193 1681 2625 3024 2193 3681
Route 322 : 1063 847 1285 57 3285 2847 1065 3063 2057 3065
Route 323 : 828 515 2515 1420 537 1205 2828 3420 1695 3205 2537 3695
Route 324 : 1906 61 1147 2061 232 3906 1552 2232 1280 3552 3147 3280
Route 325 : 1296 3296 543 489 2543 1675 1929 2489 1630 3675 3929 3630
Route 326 : 1769 3769 1399 1784 3399 3784 245 106 2245 1640 3640 2106
Route 327 : 1279 722 529 3279 2529 2722 647 2647
Route 328 : 937 2937 710 775 1918 2775 3918 2710
Route 329 : 20 2020 1843 3843 825 1589 560 2825 3589 1596 2560 1019 3596 3019
Route 330 : 452 1245 2452 739 3245 437 2437 2739 874 2874
Route 331 : 1970 1786 3970 850 3786 197 2850 1370 894 2894 2197 3370
Route 332 : 936 1479 1645 2936 3645 3479 161 326 1224 3224 1950 3950 2326 2161
Route 333 : 1432 851 3432 1569 3569 157 2851 1001 3001 2157
Route 334 : 752 1629 3629 2752 1235 1830 3235 3830 714 2714
Route 335 : 1114 3114 1595 635 84 3595 1548 2635 3548 1387 1912 3387 3912 2084
Route 336 : 672 1669 2672 1634 1845 3845 3669 178 3634 2178 1904 3904
Route 337 : 793 1200 2793 1781 1586 3200 3781 1199 997 1724 3199 3586 3724 2997
Route 338 : 1985 946 1471 3471 1946 2946 1305 3305 3985 3946 1158 3158
Route 339 : 1788 1289 3289 3788 1582 1899 1155 3899 3155 3582
Route 340 : 977 1543 2977 105 1341 2105 3543 385 3341 2385
Route 341 : 1427 3427 455 438 441 2438 1398 2441 2455 3398
Route 342 : 1718 921 1311 723 2921 2723 3718 3311
