Instance name : poa-n600-1
Authors : Alexander Yuskov (a.yuskov@g.nsu.ru), Igor Kulachenko (ink@math.nsc.ru), Yury Kochetov, Igor Vasilyev, Zhangdong, Chenjuan, Huanghaohan, Wanglongfei
Date : 28.05.2025
Reference : HGIM
Solution
Route 1 : 162 112 412 281 581 462 294 594 226 526
Route 2 : 273 46 201 191 346 491 573 232 242 501 532 542
Route 3 : 290 45 590 254 298 554 268 568 598 345
Route 4 : 83 195 383 495 190 216 215 490 272 515 516 572
Route 5 : 24 43 106 324 256 343 217 517 406 556
Route 6 : 299 76 21 376 129 429 599 321
Route 7 : 88 30 200 388 295 330 500 17 317 595 269 569
Route 8 : 142 240 442 540 223 523 55 279 579 141 441 355
Route 9 : 39 127 227 339 224 427 199 524 527 499 95 395
Route 10 : 274 29 329 574 120 172 6 78 306 420 472 378
Route 11 : 239 137 22 186 322 486 81 437 381 539 262 562
Route 12 : 258 175 289 558 589 248 475 548
Route 13 : 260 80 126 192 560 105 426 380 492 405
Route 14 : 96 396 170 8 308 44 40 344 340 470
Route 15 : 165 35 14 465 335 314 3 169 57 303 469 357
Route 16 : 136 278 206 436 121 506 421 578 221 235 521 535
Route 17 : 63 123 261 363 212 561 512 283 423 36 583 336
Route 18 : 292 246 176 592 277 168 577 546 476 284 468 584
Route 19 : 28 251 551 328 146 103 85 403 385 23 446 323
Route 20 : 5 108 11 311 408 305 182 117 482 267 567 417
Route 21 : 155 455 99 69 82 114 399 414 369 382 116 152 416 452
Route 22 : 247 161 547 122 461 51 422 138 70 370 351 438
Route 23 : 86 386 79 244 178 544 1 379 49 301 349 478
Route 24 : 252 173 205 552 75 180 473 375 480 505
Route 25 : 134 7 266 434 270 307 566 570
Route 26 : 61 90 390 249 33 361 549 149 333 449 66 366
Route 27 : 58 10 93 358 310 151 188 393 231 531 451 488
Route 28 : 60 194 31 360 125 185 494 238 331 485 538 425
Route 29 : 150 450 163 259 463 144 559 444 91 42 342 391
Route 30 : 193 101 89 401 118 389 167 418 210 467 493 510
Route 31 : 207 19 507 214 229 12 529 312 84 514 384 319
Route 32 : 110 158 458 410 177 225 477 525
Route 33 : 197 98 497 285 398 228 27 130 528 585 327 430
Route 34 : 250 109 113 409 181 263 550 160 481 413 460 563
Route 35 : 243 233 218 26 518 533 326 543
Route 36 : 77 104 404 68 368 265 159 377 189 459 565 489
Route 37 : 37 124 255 286 424 179 586 337 479 555
Route 38 : 48 59 204 20 148 359 320 241 348 448 504 541
Route 39 : 156 119 52 73 456 135 419 293 435 593 352 373
Route 40 : 196 13 16 496 203 313 316 147 157 447 457 503
Route 41 : 62 94 362 394 64 184 74 364 219 374 519 484
Route 42 : 253 296 71 553 596 202 371 502
Route 43 : 282 297 582 41 34 341 597 334
Route 44 : 50 276 350 174 271 571 474 576 257 557
Route 45 : 92 53 107 392 407 65 234 353 102 365 534 402
Route 46 : 300 100 400 600 72 132 131 431 372 237 537 432
Route 47 : 133 433 209 166 466 509 97 56 356 4 304 397
Route 48 : 111 213 513 67 411 367 139 183 128 483 428 439
Route 49 : 47 171 471 347 32 54 211 354 264 564 511 332
Route 50 : 115 220 2 415 18 520 222 302 318 522 236 536
Route 51 : 145 87 38 287 587 288 387 338 588 445
Route 52 : 153 198 9 140 309 245 498 545 453 440
Route 53 : 230 291 275 591 208 530 575 508 280 580
Route 54 : 15 154 315 164 143 454 25 464 443 187 325 487
