Instance name : poa-n200-7
Authors : Hiermann, G. and Schiffer, M.
Date : 2024-04-30
Reference : arXiv:2405.00230
Solution
Route 1 :  75 67 41 175 70 167 170 34 141 15 134 68 168 63 115 57 163 157 28 128 36 136
Route 2 :  54 9 3 154 47 109 147 103 62 162 86 69 169 186 56 156 42 37 137 142
Route 3 :  98 78 198 23 123 44 178 144 84 97 12 184 197 49 112 93 45 149 145 193
Route 4 :  85 99 185 199 65 2 165 58 102 158 18 82 74 64 118 87 174 164 187 182
Route 5 :  48 60 10 160 38 16 138 116 148 66 110 27 166 89 127 21 189 20 121 120
Route 6 :  17 117 7 32 107 90 132 190 6 72 172 106 71 39 171 4 139 19 119 104
Route 7 :  46 52 146 152 73 173 25 31 125 5 131 61 105 88 161 22 188 76 122 176
Route 8 :  33 77 177 92 55 192 81 133 83 183 26 155 79 126 179 181 40 24 124 140
Route 9 :  35 91 13 135 113 191 1 50 150 8 101 30 53 108 130 153 95 195
Route 10 :  100 94 194 200 96 80 180 196 14 51 114 151 29 43 143 11 111 129 59 159
