Instance name : poa-n2500-2
Authors : Simen T. Vadseth, Henrik Andersson, Jean-Francois Cordeau and Magnus Stålhane
Date : 10.07.2023
Reference : TBA
Solution
Route	1 :  1094 2344 269 422 1519 1672 288 953 1538 335 890 2203 431 1585 2140 509 1681 1759
Route	2 :  395 399 1649 1079 1058 2308 856 1645 673 2106 1923 723 366 457 2329 1616 1973 1707
Route	3 :  50 17 1300 1267 763 169 672 2013 1419 1052 1922 849 648 732 2302 1982 1898 2099
Route	4 :  114 468 209 1025 1459 1364 367 1617 2275 704 1718 469 645 1895 1719 1954 129 1379
Route	5 :  804 696 164 1221 1946 2471 347 1414 1597 2054 451 158 889 449 185 1699 1435 1701 2139 1408
Route	6 :  574 246 689 1496 109 1824 812 1359 695 494 2062 1945 1744 1939 20 136 1270 202 1452 1386
Route	7 :  141 1391 1112 32 1282 2362 1228 1158 2478 2408
Route	8 :  753 759 1156 2003 2406 2009 432 47 854 665 1297 1682 26 1915 1276 2104
Route	9 :  983 827 2077 1013 1239 2233 400 1650 959 2489 934 2209 2263 1202 2452 2184
Route	10 :  282 240 425 852 2102 1675 1532 355 563 61 1490 803 2053 1605 1311 1813
Route	11 :  1132 65 2382 415 576 1826 8 1315 1019 255 1258 1062 705 550 1800 1505 1665 2312 2269 1955
Route	12 :  1012 1093 1212 811 2061 729 2343 1979 1009 2462 2259 2262 52 863 1302 2113
Route	13 :  1129 1069 2379 843 393 2093 1089 2319 1643 572 2339 1822 105 613 1355 809 1863 2059
Route	14 :  631 583 1833 1881 220 36 1470 439 459 195 1445 1286 1709 1689 691 1941 496 911 1746 2161
Route	15 :  1211 746 1996 421 1671 588 2461 1090 1838 250 262 1512 1048 1500 2340 813 2298 2063
Route	16 :  820 9 683 1259 2070 1933 1155 791 2405 946 769 2041 2196 654 2019 1904
Route	17 :  1140 1023 866 234 2116 2273 2390 1484 664 579 1914 1003 1829 438 597 1688 1847 2253
Route	18 :  103 940 392 1642 1353 2190 1186 1215 2436 568 1818 2465 1164 772 2022 2414
Route	19 :  1237 1010 2487 2260 1065 139 1389 2315 266 1516 793 785 977 2035 2227 2043
Route	20 :  595 1845 75 86 1325 1336 521 800 2050 1771 976 662 891 192 1442 2226 2141 1912
Route	21 :  754 506 1756 2004 1226 1103 2476 2353
Route	22 :  1120 104 871 2121 1354 1030 1250 771 2280 1099 2500 2021 2349 2370
Route	23 :  801 721 2051 1971 1223 560 1810 357 2473 1150 1607 2400 38 1288
Route	24 :  1145 1092 2395 874 290 463 2124 1540 2342 126 641 1891 1376 1086 1713 2336
Route	25 :  941 634 33 2191 1283 952 77 1884 264 1514 1327 2202
Route	26 :  939 365 714 1615 119 1964 1369 1081 338 2189 2331 1038 197 54 1588 2288 1304 1447
Route	27 :  1144 322 2394 1572 1232 232 1482 1097 2482 1046 2296 2347
Route	28 :  708 635 684 1885 296 297 1934 1546 1958 1138 1547 644 1894 542 1792 2388
Route	29 :  1049 994 2299 2244 1222 121 440 1371 931 147 2181 2472 1690 1064 774 1397 2314 2024
Route	30 :  327 1087 1577 526 1001 757 251 1501 2007 2251 1206 582 1776 2337 1832 2456
Route	31 :  1 658 101 1908 1179 2429 190 1251 1351 951 2201 1440 117 1059 2309 1367
Route	32 :  927 171 724 606 1974 1421 178 1856 2177 975 2225 712 1428 1962
Route	33 :  586 43 594 1844 537 413 1836 478 1787 1220 1293 1728 1057 2470 2307 1663
Route	34 :  55 256 1305 56 319 1306 1569 1506 124 767 954 2204 5 1374 1255 148 265 1398 2017 1515
Route	35 :  386 552 1055 236 1802 660 1636 639 1486 2305 1889 191 1910 408 362 1612 1658 1441
Route	36 :  1243 1231 2493 2481 612 875 703 1862 1235 2125 1953 777 945 2027 2195 2485
Route	37 :  479 716 868 189 384 1966 1729 2118 1439 348 1634 490 872 1598 1740 1248 2122 2498
Route	38 :  848 390 1109 458 2098 1640 1708 1100 2359 249 1499 1161 2350 2411
Route	39 :  45 795 904 2154 1197 1295 2045 2447 321 851 1571 2101
Route	40 :  1154 1053 2404 1124 133 2374 2303 398 841 956 1648 1383 567 2206 2091 1817
Route	41 :  825 528 713 2075 1101 1963 2351 1778 102 1352 545 1795 467 961 1717 2211
Route	42 :  88 166 179 1416 287 600 1338 770 1429 515 1537 2020 1765 1850
Route	43 :  301 817 1551 2067 858 2108 1098 536 19 1269 2348 1786
Route	44 :  225 1022 1475 1020 2272 1113 1219 2363 2270 2469
Route	45 :  867 177 485 98 1348 2117 242 1427 1492 254 248 1244 2494 1498 1504 1735
Route	46 :  135 805 1385 2055 352 734 955 1602 1066 2205 1984 2316 444 1119 1694 2369
Route	47 :  589 1091 1839 2341 1148 2398 1137 299 1549 743 1993 2387 1249 10 2499 616 1866 1260
Route	48 :  34 460 291 835 285 950 323 1535 1710 1541 1573 1284 533 943 1783 2193 2200 2085
Route	49 :  864 992 508 2114 1758 501 1751 895 896 2146 972 277 1527 2145 2242 2222
Route	50 :  1116 203 180 1430 2366 947 862 2197 1453 2112 157 258 342 1407 824 1592 1508 2074
Route	51 :  1073 617 1867 138 680 1388 1930 2323 454 768 2018 229 1479 1704
Route	52 :  938 2188 1167 108 29 978 1043 429 2417 1679 1279 1358 1011 2228 2261 2293
Route	53 :  1095 781 2345 281 1531 153 596 2031 1846 417 1403 80 146 1667 881 1330 2131 1396
Route	54 :  779 456 127 2029 1706 1377 913 217 278 2163 471 1721 308 1558 622 1528 1467 730 1980 1872
Route	55 :  1076 42 62 2326 1292 1312 89 304 539 879 571 1554 2129 1339 241 1821 523 1789 1491 1773
Route	56 :  1026 1194 2276 2444 1085 2335 857 1163 2413 2107 656 737 900 1987 2150 1906
Route	57 :  84 893 2143 317 1334 106 204 1356 1454 838 1567 222 375 2088 894 1625 1472 2144
Route	58 :  531 685 655 1905 1096 1781 1159 1935 1181 2346 628 2409 2431 1878 1024 2274
Route	59 :  756 637 2006 1887 855 694 2105 1944 466 284 1147 1534 1178 1716 1183 2433 2428 2397
Route	60 :  693 128 1378 359 216 1609 548 7 681 1943 1931 1041 1798 1257 1466 144 1394 2291
Route	61 :  309 958 318 1559 760 1568 433 2208 140 633 2010 1683 1883 1390 618 1868
Route	62 :  1018 267 731 932 901 387 2268 1517 1149 2151 2182 2399 1981 1637 1185 919 2435 2169
Route	63 :  739 786 2036 1210 1989 715 1965 337 1587 2460 551 332 1801 1582
Route	64 :  1044 1126 632 2294 2376 728 676 1882 1926 1234 2484 214 865 1464 842 274 1978 2115 2092 1524
Route	65 :  247 435 1685 968 401 1497 1651 823 420 2073 2218 578 973 193 1670 1443 381 1631 260 2223 1510 1828
Route	66 :  181 21 120 122 1431 1370 211 1461 353 837 1271 1603 1372 2087 614 701 1864 1951
Route	67 :  1139 293 790 610 909 1543 1860 601 428 196 2389 1678 2040 1851 364 1446 2159 559 238 1809 1614 1488
Route	68 :  371 376 1626 481 1621 735 1731 541 1985 64 1314 698 1791 699 1948 920 516 1766 2170 1949
Route	69 :  453 176 1703 312 1426 1562 547 762 748 1998 1797 1200 815 2012 608 2450 1858 2065
Route	70 :  1115 22 591 1272 302 349 2365 1841 1552 163 719 1413 83 443 1333 1599 1969 1693
Route	71 :  259 722 1509 902 2152 1972 87 884 330 482 2134 1337 1068 2318 1580 1732
Route	72 :  668 68 517 883 1318 1918 960 1767 711 2133 1961 2210 553 74 1803 1324
Route	73 :  991 100 1350 2241 378 861 1628 2111 280 1530
Route	74 :  649 404 742 663 1992 1899 51 346 1654 1913 134 1596 1384 131 1301 592 1381 279 1842 707 1529 530 1780 1957
Route	75 :  473 1723 472 289 933 1539 2183 1247 1241 1722 2491 1040 388 2497 2290 1638
Route	76 :  926 391 1641 651 2176 897 69 298 922 2172 1901 2147 1548 822 16 1319 2072 1266
Route	77 :  1015 30 382 512 1280 1632 1214 1762 2464 2265 1204 2454
Route	78 :  1067 447 584 766 1834 1697 2317 535 1080 2016 1785 188 2330 845 2095 1438 916 2166
Route	79 :  1014 609 1125 2264 948 590 996 2375 2198 1859 1180 2246 418 2430 581 1831 1840 1668 63 1313
Route	80 :  93 544 455 1343 1705 1794 1192 903 2153 2442
Route	81 :  908 936 937 2186 2187 2158 286 718 1968 489 1536 31 1739 1281
Route	82 :  700 1008 821 2071 2258 132 78 1328 1950 1382
Route	83 :  987 200 341 2237 1450 878 1591 175 620 1870 1425 2128
Route	84 :  396 99 1051 1208 1349 1072 2301 1646 2458 2322 566 334 1816 1584
Route	85 :  350 1005 727 2255 414 1977 1600 1664 410 808 788 1660 2038 2058 113 990 107 2240 1363 1357
Route	86 :  218 237 1468 377 257 1507 495 798 669 1487 480 1745 1627 2048 339 125 1919 1589 1375 1730
Route	87 :  434 1227 1684 2477 37 1287 1021 1016 2271 1153 2403 2266 344 27 1594 1277
Route	88 :  652 720 1902 776 887 1970 565 839 208 2089 2137 1815 2026 6 1458 1256
Route	89 :  1029 2279 1136 245 270 1495 412 963 2213 2386 587 1520 1662 522 1837 1772
Route	90 :  957 502 150 1400 540 1752 570 320 1820 1570 1790 2207 72 487 1322 1737
Route	91 :  227 1195 1477 627 2445 1877 995 833 2245 316 2083 143 1566 1393 295 206 1456 1545
Route	92 :  853 761 2011 1225 2103 184 1434 602 653 1852 1117 1903 2475 2367 394 1644
Route	93 :  740 1174 165 1415 1990 2424 1142 186 507 2392 1436 1757
Route	94 :  292 351 406 1601 1542 679 215 1656 585 1835 1465 1929
Route	95 :  28 354 1278 151 14 1401 1604 1264 1233 356 981 2483 2231 13 1606 1263 49 1299
Route	96 :  224 806 580 1474 758 2056 1830 2008 210 448 243 1698 1493 962 1460 2212
Route	97 :  1128 886 2378 1224 2136 363 2474 1613 372 1622
Route	98 :  643 123 379 198 1629 1448 1893 155 71 311 1373 1042 1405 1561 2292 1321
Route	99 :  226 194 173 514 647 1764 57 1897 95 1423 1476 1307 741 1991 1444 1345 70 1160 1320 2410
Route	100 :  407 25 419 603 543 1275 513 966 1763 1669 1657 1793 1853 2216
Route	101 :  860 859 561 629 2110 1879 2109 1102 1811 2352 411 1004 873 2254 646 1896 2123 1661
Route	102 :  657 228 520 1907 1770 1478 1110 1242 2492 2360 1006 870 2256 1238 2488 2120
Route	103 :  717 3 888 1253 914 1967 2138 2164 1166 667 702 1952 430 1917 2416 532 1680 1782
Route	104 :  885 692 558 1942 2135 90 493 1808 1743 802 1340 877 231 2052 2127 172 40 1422 1290 1481
Route	105 :  999 1130 2249 2380 736 850 599 784 1849 2034 2100 1986
Route	106 :  205 46 1002 60 1296 2252 328 1063 970 23 1455 1310 1578 2220 1273 389 2313 964 1639 2214
Route	107 :  892 828 619 984 2142 2078 573 1823 368 511 360 2234 1618 1610 1869 1761 844 2094
Route	108 :  369 986 115 1365 1619 2236 831 621 783 1871 1054 989 2033 2304 2081 2239 168 1418
Route	109 :  906 221 333 971 650 1583 1900 2221 2156 1471 1184 219 980 2434 2230 1469
Route	110 :  710 923 529 1193 1779 1960 1169 2443 2173 2419 1143 2393 834 789 436 2084 2039 1686
Route	111 :  1035 310 149 402 1652 1560 491 1399 263 154 1741 110 1513 2285 918 2168 1404 674 383 1360 1924 1633
Route	112 :  899 283 519 91 1769 557 675 965 1341 1533 2149 1807 1045 2295 2215 1162 1925 2412
Route	113 :  604 385 764 562 1812 1854 1635 935 492 2014 930 556 1806 2185 1742 2180
Route	114 :  598 271 1521 326 796 1576 905 1146 2396 1848 2155 2046 1000 1205 2455 2250
Route	115 :  160 706 882 1410 1246 2132 1956 1017 1122 2496 2372 2267 374 624 1874 1624
Route	116 :  749 1176 1999 1078 2426 1199 207 2449 488 1457 985 2328 1738 876 497 2235 1747 688 2126 1938
Route	117 :  470 836 677 1720 213 1039 2086 1463 1927 2289 1188 1027 79 2438 145 1329 2277 1395
Route	118 :  549 187 1799 306 744 1994 780 462 2030 1712 1437 1189 1556 1177 2439 2427
Route	119 :  450 1141 773 1700 2391 111 2023 910 1361 752 2160 2002
Route	120 :  1157 2407 405 661 39 1655 498 1911 1289 640 73 1748 1323 53 1890 524 1303 1774
Route	121 :  944 476 818 2068 807 2194 1131 370 782 2057 2032 1726 2381 1620 1240 2490
Route	122 :  223 1173 48 1298 2423 1104 1473 1105 2355 2354 880 697 1083 1947 2130 303 2333 1553
Route	123 :  974 979 2224 499 2229 1034 426 409 1749 2284 1659 199 1676 924 2174 1449
Route	124 :  787 230 276 1526 305 2037 1555 268 1480 799 361 794 1518 2049 869 2044 261 1611 2119 1511
Route	125 :  1071 2321 709 527 1777 1959 465 829 733 1715 2079 1217 1983 832 2467 2082
Route	126 :  577 686 1203 1827 1936 687 625 112 1362 1937 24 1875 929 2179 1216 294 1274 1544 2453 2466
Route	127 :  998 252 452 2248 15 12 1702 569 1502 1265 477 1819 928 1727 2178 159 1262 1409
Route	128 :  1236 1060 2486 2310 830 1135 315 2080 1201 1565 2385 682 445 2451 1932 1695
Route	129 :  345 1165 1595 1056 2306 925 2175 2415
Route	130 :  967 272 1522 666 484 1916 750 41 1734 2217 1175 2425 1291 2000
Route	131 :  898 85 2148 538 1335 500 915 1788 1036 2165 1750 2286 1106 446 1696 2356
Route	132 :  437 726 1976 755 1687 778 636 2005 1886 1127 1133 2383 2377 2028
Route	133 :  424 1007 2257 1674 170 275 1420 575 1525 1825 314 555 826 1805 1564 678 2076 1928
Route	134 :  273 201 18 1523 564 1111 1451 1082 2332 1187 2361 1814 2437 1268 58 300 1550 1308
Route	135 :  325 917 67 2 244 605 2167 982 1855 1123 1252 1317 1075 1575 1494 2373 2325 593 1843 2232
Route	136 :  1037 738 810 2287 2060 66 397 525 1988 1316 1647 329 1775 1579
Route	137 :  1152 416 474 1070 2320 1666 1230 1724 1061 816 2311 2402 2066 2480 1170 2420
Route	138 :  92 183 1433 949 751 161 2001 1411 747 1342 2199 1997
Route	139 :  182 1031 1432 1047 2297 162 2281 1074 2324 1050 1412 343 2300 1593
Route	140 :  534 1191 554 2441 1804 638 1888 152 1784 1402 1134 2384
Route	141 :  503 340 331 1753 1590 1229 1581 167 1417 2479
Route	142 :  253 518 775 1503 993 1033 611 2025 1768 623 2283 1861 2243 1873
Route	143 :  792 142 690 546 510 1796 2042 1760 239 988 81 1940 1392 1331 607 1857 1489 2238
Route	144 :  1118 671 76 137 44 1921 427 997 1326 1294 2368 1387 765 2247 2015 1677
Route	145 :  307 1557 1108 441 814 2358 2064 907 464 1691 174 1714 233 1424 2157 1483
Route	146 :  1028 94 1344 1196 2446 1171 2278 1198 442 423 2421 2448 118 1692 1673 1368
Route	147 :  486 97 373 1736 1623 1114 1347 2364 659 725 1975 96 1909 475 1346 1725
Route	148 :  336 847 942 2097 212 461 1586 797 1711 1462 819 1172 2192 2047 840 2422 2090 2069
Route	149 :  313 670 1563 1121 1920 35 2371 1285 1209 921 116 2459 2171 1366
Route	150 :  59 626 1309 1077 1876 2327 358 1168 1608 2418
Route	151 :  745 380 130 1380 1995 1084 1630 1245 2495 2334 1207 82 1332 2457
Route	152 :  1107 483 4 324 912 1254 1218 2162 1733 1574 2357 1088 2468 504 1754 2338
Route	153 :  1182 1032 630 2432 846 1880 1151 1213 2096 2282 1190 2440 2401 235 2463 1485
Route	154 :  403 615 11 1653 1261 642 1865 156 1406 1892 505 969 1755 2219
