Instance name:	poa-n200-7
Authors:		Carlo Sartori and Luciana Buriol
Date:			2019-2-11
Reference:		A matheuristic approach to the PDPTW (to be submitted)
Solution
Route 1 : 38 16 13 138 70 116 170 26 113 126 74 18 64 118 77 174 164 177
Route 2 : 3 47 147 92 192 31 103 62 162 5 131 105 79 179 40 24 124 140
Route 3 : 54 81 154 65 2 165 58 102 158 181 15 61 161 115 57 157 28 128 36 136
Route 4 : 67 60 33 160 48 167 148 66 166 133 8 9 89 108 21 189 109 121
Route 5 : 34 80 134 180 7 56 107 156 42 90 190 76 142 176
Route 6 : 46 52 55 146 152 73 173 25 125 27 127 39 71 171 4 139 19 119 104 155
Route 7 : 91 41 96 196 191 1 141 88 101 30 53 188 130 153 95 195
Route 8 : 85 75 175 185 78 23 123 44 178 144 84 97 12 184 197 49 112 93 45 149 145 193
Route 9 : 98 35 198 135 72 6 106 172 68 168 50 10 150 20 59 120 159 110
Route 10 : 17 82 117 32 99 199 132 83 183 182 86 69 169 186 37 63 22 163 137 122
Route 11 : 94 100 200 194 14 51 114 151 29 43 143 11 111 129 87 187
