Instance name : poa-n2500-1
Authors       : Dmitriy Demin, Mikhail Diakov (msd@veeroute.com), Ivan Ilin, Nikita Ivanov, Viacheslav Sokolov (vs@veeroute.com) et al. VRt Global (https://veeroute.com/)
Date          : 2023-07-09
Reference     : veeroute.com
Solution
Route 1 : 889 402 2139 409 1652 987 2237 1659
Route 2 : 143 781 2031 805 935 2055 1393 2185
Route 3 : 139 523 1389 9 756 1773 454 1259 2006 1704
Route 4 : 692 669 1919 797 2047 1009 1942 2259
Route 5 : 765 881 493 2015 1743 186 1436 2131
Route 6 : 663 140 900 1390 1913 1075 2150 67 2325 1317
Route 7 : 890 220 2140 563 147 1397 277 1470 1527 1813
Route 8 : 1127 166 2377 209 596 1416 1459 1846
Route 9 : 167 509 1417 179 1759 1429 97 1347
Route 10 : 129 201 388 1379 345 1451 1638 361 1595 1611
Route 11 : 291 1541 212 787 1462 15 2037 792 1265 2042
Route 12 : 708 93 202 1343 1958 870 445 1695 1452 2120
Route 13 : 45 1047 2297 938 2188 1295 142 249 1499 1392
Route 14 : 810 477 1727 622 922 1872 2060 2172
Route 15 : 580 835 632 2085 1882 1830 51 1301
Route 16 : 205 680 854 2104 929 1930 1455 2179 1243 2493
Route 17 : 668 1101 1918 1236 2351 1188 2486 2438
Route 18 : 540 860 1790 296 208 2110 1458 647 1897 1546
Route 19 : 583 711 1961 204 1454 1833 385 760 1635 2010
Route 20 : 1033 1202 398 126 2283 1115 1376 2452 1648 2365
Route 21 : 241 520 673 1491 500 1923 1770 1750
Route 22 : 1016 372 518 2266 503 1622 1753 1768
Route 23 : 1045 578 819 2069 2295 187 1828 1437
Route 24 : 258 636 1508 1249 162 2499 1886 1412
Route 25 : 1078 310 2328 315 799 1565 2049 82 1560 1332
Route 26 : 104 853 1354 930 704 1954 2103 2180
Route 27 : 931 413 664 1914 1663 746 2181 1996
Route 28 : 981 34 1284 877 2231 549 261 1799 2127 1511
Route 29 : 396 1646 1157 642 403 1892 1119 1653 2369 2407
Route 30 : 2 247 1497 582 796 1832 2046 1252
Route 31 : 914 2164 1223 861 2473 392 2111 1642
Route 32 : 1229 2479 136 751 2001 1386 865 2115
Route 33 : 909 1183 2159 84 676 2433 1926 1334
Route 34 : 620 1870 896 541 1791 305 49 1555 2146 1299
Route 35 : 770 986 2236 224 2020 22 1474 1272
Route 36 : 1244 607 1123 2494 90 1340 2373 1857
Route 37 : 440 1690 569 1012 1819 820 2262 2070 74 1324
Route 38 : 33 990 2240 794 1283 887 2044 2137
Route 39 : 281 262 1531 11 228 464 1261 1512 1478 1714
Route 40 : 617 519 1867 46 175 1296 1425 1769
Route 41 : 35 538 1027 927 1788 2277 1285 2177
Route 42 : 516 135 1766 337 1135 2385 1587 1385
Route 43 : 952 1181 2431 1065 2202 2315
Route 44 : 314 498 1748 1564 816 958 2066 2208
Route 45 : 272 737 1987 1208 2458 1522
Route 46 : 270 38 1288 1005 1520 62 2255 1312
Route 47 : 978 1004 124 1214 1374 2254 2228 2464
Route 48 : 612 1862 539 316 1789 1566 365 148 1398 1615
Route 49 : 1079 234 185 1484 773 985 2329 1435 2023 2235
Route 50 : 269 344 1594 244 1519 568 1494 717 1818 1967
Route 51 : 602 1182 572 1822 2432 1852 749 1999
Route 52 : 521 470 1720 1771 684 883 1934 2133
Route 53 : 483 287 1733 75 443 1325 1537 1693
Route 54 : 31 77 1327 845 948 1281 2198 2095
Route 55 : 332 545 1582 1076 1795 1 1251 2326
Route 56 : 988 2238 416 678 1666 325 1928 1575
Route 57 : 300 584 1550 330 1580 1834
Route 58 : 487 1737 27 814 874 2124 1277 2064
Route 59 : 400 1650 1227 2477 950 604 2200 1854
Route 60 : 828 944 2078 1166 1121 2194 2371 2416
Route 61 : 1087 1207 1052 2337 2302 886 2457 2136
Route 62 : 214 338 1464 650 1588 88 1900 1338
Route 63 : 719 461 1969 1711 451 683 1933 1701
Route 64 : 648 399 859 1649 1898 2109 23 567 1273 1817
Route 65 : 1054 106 17 2304 1356 112 1267 514 1362 1764
Route 66 : 696 1210 1946 1195 427 2460 2445 1677
Route 67 : 515 983 79 1156 1765 2233 2406 1329
Route 68 : 1062 824 837 2312 299 2087 1549 2074 13 1263
Route 69 : 788 478 375 1728 2038 649 1625 1899
Route 70 : 1092 901 974 2151 1124 2374 2342 2224
Route 71 : 912 2162 165 266 1516 906 1415 2156
Route 72 : 1046 785 2035 587 709 1959 2296 1837
Route 73 : 741 401 1991 1651 674 250 1924 178 1428 1500
Route 74 : 603 771 1853 1060 2021 168 2310 1418
Route 75 : 87 435 700 1685 102 1337 1950 1352
Route 76 : 373 444 1694 924 831 1623 109 2174 2081 1359
Route 77 : 263 1513 407 595 1080 2330 1845 1657
Route 78 : 1043 1149 2293 639 1068 1889 271 2399 1521 2318
Route 79 : 1098 173 436 1423 1686 1095 2348 2345 130 1380
Route 80 : 218 1205 233 80 1468 2455 1483 1330
Route 81 : 486 50 1736 1300 558 273 1523 897 2147 1808
Route 82 : 1201 921 2451 903 2153 2171 1023 2273
Route 83 : 576 730 1185 1980 1826 339 1589 2435
Route 84 : 382 1632 141 1014 1391 2264
Route 85 : 661 160 1911 1133 1410 1163 2413 2383
Route 86 : 1031 32 2281 1282 712 1035 16 1962 1266 2285
Route 87 : 116 1366 107 347 1357 973 2223 862 1597 2112
Route 88 : 1030 685 425 706 1935 1675 2280 1956
Route 89 : 54 376 283 1304 1626 1533 70 564 1320 1814
Route 90 : 144 1394 57 491 1741 614 1307 1864
Route 91 : 536 688 1786 198 1938 182 1448 544 1432 1794
Route 92 : 537 949 368 2199 656 1787 1906 508 1618 1758
Route 93 : 1073 159 1184 2323 2434 1409
Route 94 : 694 1105 827 1944 2077 2355
Route 95 : 864 869 591 2114 1250 2119 2500 1841
Route 96 : 629 979 1879 840 1148 2229 2090 2398
Route 97 : 777 42 1292 898 2027 352 2148 989 2239 1602
Route 98 : 1114 441 1691 2364 226 758 1476 122 2008 1372
Route 99 : 1162 317 2412 1222 1174 1567 2472 2424
Route 100 : 811 552 379 2061 738 448 1802 1698 1988 1629
Route 101 : 1145 1152 24 2402 2395 1019 2269 1274
Route 102 : 83 598 20 966 1848 1270 1333 1055 2305 2216
Route 103 : 221 1108 200 1471 991 2358 2241 1450
Route 104 : 5 1112 119 1369 1255 2362
Route 105 : 1070 2320 940 885 378 2135 2190 724 1628 1974
Route 106 : 1036 964 626 2286 2214 1876
Route 107 : 381 245 235 1495 1485 894 1631 2144
Route 108 : 1180 1049 2299 394 2430 783 618 2033 1644 1868
Route 109 : 1122 1011 264 2261 2372 1514 61 1093 2343 1311
Route 110 : 188 769 750 1438 192 251 2019 2000 1442 1501
Route 111 : 1238 384 2488 274 1634 592 1040 1524 2290 1842
Route 112 : 1237 324 736 2487 1037 1986 1574 2287
Route 113 : 307 485 1735 1557 121 1371 693 1943
Route 114 : 171 1230 1421 196 1173 1446 2480 2423
Route 115 : 240 1490 857 2107 848 919 2169 2098
Route 116 : 839 855 2089 350 570 1600 2105 1233 1820 2483
Route 117 : 836 1089 2086 334 1584 59 2339 977 1309 2227
Route 118 : 1097 151 2347 473 1401 95 1723 1345
Route 119 : 447 752 1697 723 1973 624 2002 1874
Route 120 : 1090 428 2340 1191 1678 1218 2441 2468
Route 121 : 506 1083 2333 217 550 1467 1800 1756
Route 122 : 971 81 2221 1331 1021 386 2271 1636
Route 123 : 41 1242 1171 1291 2492 2421 1155 2405
Route 124 : 705 72 1955 1322 367 466 941 1617 1716 2191
Route 125 : 1179 446 2429 1044 1696 2294
Route 126 : 1170 1136 1131 2420 2386 2381
Route 127 : 1020 1235 2270 2485 996 1015 2265 2246
Route 128 : 313 1026 1563 651 916 2276 1901 2166
Route 129 : 733 346 1983 252 369 1502 1619 1596
Route 130 : 822 928 288 945 2072 2195 1538 2178
Route 131 : 501 731 1751 867 1981 720 1970 65 2117 1315
Route 132 : 94 875 554 2125 78 1344 1804 1328
Route 133 : 517 117 1767 511 1367 53 1761 1303
Route 134 : 260 6 1510 1256 397 100 1647 1350
Route 135 : 236 818 133 1486 1383 190 2068 1091 2341 1440
Route 136 : 716 318 1966 757 1568 1103 2007 2353
Route 137 : 926 571 105 1821 1355 469 2176 1719
Route 138 : 893 58 2143 1308 681 581 1931 1831
Route 139 : 389 725 1639 414 999 1975 2249 1664
Route 140 : 714 433 557 1964 153 1683 767 1807 1403 2017
Route 141 : 915 2165 383 26 10 1276 1633 1260
Route 142 : 145 359 1395 390 1059 2309 1609 1640
Route 143 : 331 812 1581 863 2062 627 2113 1877
Route 144 : 707 789 2039 880 524 1957 2130 1774
Route 145 : 710 1234 873 790 1960 2123 2484 2040
Route 146 : 803 1178 2053 791 257 1507 2428 2041
Route 147 : 404 189 1439 47 1654 494 1744 1297
Route 148 : 1041 137 1387 207 2291 1457 199 715 1449 1965
Route 149 : 665 154 1915 1094 472 1722 1404 2344
Route 150 : 1024 2274 682 939 2189 1932 1164 2414
Route 151 : 322 8 1258 357 1607 1572 227 1477
Route 152 : 1187 297 203 1547 282 1532 2437 1453
Route 153 : 808 546 2058 279 1796 36 1529 1286
Route 154 : 128 152 497 726 1402 1976 1378 1747
Route 155 : 847 363 994 2244 2097 1613
Route 156 : 728 507 1978 96 348 1757 410 1598 1660 1346
Route 157 : 1100 1063 1206 2350 267 28 2456 1517 2313 1278
Route 158 : 181 599 1849 943 194 1444 2193 972 2222 1431
Route 159 : 834 1106 2356 2084 588 804 1838 766 2054 2016
Route 160 : 415 615 1865 1665 718 623 1873 1968
Route 161 : 177 551 1427 1109 1801 2359
Route 162 : 308 131 1381 1558 543 631 1881 1793
Route 163 : 110 1360 25 619 492 1275 1742 1869
Route 164 : 1025 1028 329 2275 1579 2278
Route 165 : 951 146 2201 1140 115 2390 1396 1365 866 2116
Route 166 : 268 784 1518 462 2034 1000 2250 1712
Route 167 : 542 1081 1792 2331 424 474 1724 1674
Route 168 : 326 1576 134 377 1034 2284 1627 1384
Route 169 : 123 1144 1212 2394 2462 1373 1117 2367
Route 170 : 905 703 1953 702 843 2155 1952 2093
Route 171 : 1175 560 616 2425 1866 779 1810 2029
Route 172 : 222 180 1472 68 69 1318 1319 1430
Route 173 : 976 732 238 341 2226 1488 1591 1982
Route 174 : 522 1247 1772 1167 2497 1151 2417 2401
Route 175 : 14 1264 366 565 527 1777 1815 195 1616 1445
Route 176 : 1169 364 351 1614 992 2419 1601 2242
Route 177 : 405 174 1655 1048 484 1734 1424 2298
Route 178 : 1221 634 2471 759 432 1884 2009 1682
Route 179 : 206 429 1456 1679 851 292 2101 1542
Route 180 : 904 211 1461 2154 601 747 490 1851 1997 1740
Route 181 : 1226 2476 802 937 575 1825 2052 2187
Route 182 : 954 327 600 242 2204 1850 1492 1577
Route 183 : 772 2022 158 1408 294 1056 2306 1203 2453 1544
Route 184 : 888 73 547 2138 1323 610 1797 1860
Route 185 : 442 1032 891 2282 660 2141 1692 1910 1153 2403
Route 186 : 450 1700 1248 1099 2349 2498 833 2083
Route 187 : 917 2167 216 962 467 1717 2212 1466
Route 188 : 248 1498 1228 807 2478 2057 504 1754
Route 189 : 1177 1211 284 1132 2427 1534 2461 2382
Route 190 : 434 499 452 48 1749 1684 1067 1702 1298 2317
Route 191 : 1217 276 2467 476 628 1526 959 1726 1878 2209
Route 192 : 957 695 306 1945 913 2163 2207 1556 1200 2450
Route 193 : 1197 40 1128 86 2378 2447 1290 1336
Route 194 : 387 1637 66 3 495 1745 1029 1316 1253 2279
Route 195 : 775 340 1590 475 1224 2025 2474 1725
Route 196 : 633 654 1904 1194 1883 1113 2363 2444
Route 197 : 1129 1116 744 2366 858 2379 1994 2108
Route 198 : 380 533 1783 640 1001 1630 2251 1890
Route 199 : 4 91 1341 1254 371 830 2080 7 1621 1257
Route 200 : 1241 1102 2491 740 968 2352 1990 2218
Route 201 : 1137 980 2230 754 2387 573 2004 149 1399 1823
Route 202 : 19 761 1269 2011 722 285 1535 1972
Route 203 : 742 1003 2253 1002 1143 2252 1992 2393
Route 204 : 548 729 1798 1213 183 1979 2463 1433 675 1925
Route 205 : 89 528 1339 513 1193 1763 1778 2443
Route 206 : 1130 677 2380 1050 1927 908 2300 1246 2158 2496
Route 207 : 637 690 1887 1940 813 254 2063 1504
Route 208 : 687 255 689 1505 85 1937 1335 1939
Route 209 : 1066 370 1190 2316 468 2440 1718 1620
Route 210 : 120 652 1902 111 1361 878 1370 2128
Route 211 : 745 1995 197 1447 421 850 1671 2100
Route 212 : 44 1118 1294 1057 393 2307 2368 1643
Route 213 : 1192 232 453 2442 1051 1703 2301 1482
Route 214 : 762 868 734 2012 844 2094 2118 1984
Route 215 : 795 164 1058 2045 553 2308 1803 1104 2354 1414
Route 216 : 1074 336 193 1586 253 2324 1443 1503 800 2050
Route 217 : 449 265 975 2225 1699 1515 412 1662
Route 218 : 856 1186 2436 2106 764 118 1368 1219 2014 2469
Route 219 : 809 1198 2059 1215 2448 2465
Route 220 : 942 460 2192 1710 1061 1138 2388 2311
Route 221 : 774 1125 2375 638 1888 666 2024 1916
Route 222 : 635 311 1885 586 1561 1836 155 590 1405 1840
Route 223 : 431 526 1776 1681 1134 1245 2384 2495
Route 224 : 319 934 1569 1039 2184 30 1280 2289
Route 225 : 355 1006 1605 686 295 2256 1936 219 1545 1469
Route 226 : 806 2056 1231 391 2481 776 1641 2026
Route 227 : 360 832 2082 1610 320 641 1570 1891
Route 228 : 481 593 1731 782 138 1843 2032 471 1721 1388
Route 229 : 670 1146 1920 882 2132 2396 1199 2449
Route 230 : 1086 531 1781 2336 256 672 1506 1922
Route 231 : 697 947 2197 39 1947 895 2145 1289
Route 232 : 463 1713 362 184 611 1612 502 1861 1434 1752
Route 233 : 374 395 798 1645 993 2243 1624 2048
Route 234 : 662 290 925 1540 103 2175 1353 1912
Route 235 : 286 1085 1536 846 430 1680 2335 2096
Route 236 : 933 574 465 562 1824 2183 1715 1812
Route 237 : 561 455 1705 1811 920 76 2170 1326
Route 238 : 1216 418 2466 1668 1240 643 1893 2490
Route 239 : 609 969 312 353 2219 1859 1562 1603
Route 240 : 157 12 1407 275 1262 1018 1525 2268 1010 2260
Route 241 : 1147 1158 1196 2397 2408 2446 1053 2303
Route 242 : 910 2160 535 210 1785 1150 577 2400 1460 1827
Route 243 : 763 579 817 2013 2067 18 1829 1268
Route 244 : 321 821 125 1571 1172 2071 671 1375 2422 1921
Route 245 : 176 505 1755 71 793 786 1321 1426 2043 2036
Route 246 : 113 838 2088 1168 1013 2263 1363 2418
Route 247 : 1165 2415 64 739 1314 646 1989 1896
Route 248 : 768 333 1583 1008 2018 1111 2258 2361
Route 249 : 963 534 482 406 2213 1784 1732 1656
Route 250 : 480 1730 354 426 1604 1676 1096 37 1287 2346
Route 251 : 778 92 2028 229 358 1342 512 1608 1479 1762
Route 252 : 56 657 1306 150 1907 1120 488 2370 1738 1400
Route 253 : 489 871 323 1739 1573 995 2121 2245
Route 254 : 356 1606 1084 655 2334 936 1905 2186
Route 255 : 328 625 645 1895 823 1578 1875 2073
Route 256 : 967 613 2217 1072 1863 1204 2322 2454
Route 257 : 457 169 1707 1232 1419 713 1963 2482
Route 258 : 458 955 1708 1022 2205 585 2272 1835
Route 259 : 953 918 667 2168 1917 2203 699 1949
Route 260 : 108 298 1358 1548 984 743 1993 335 1585 2234
Route 261 : 982 566 1816 530 293 2232 1543 1780
Route 262 : 621 727 1871 597 237 1977 191 1847 1487 1441
Route 263 : 899 408 2149 555 748 1658 1805 1998
Route 264 : 691 608 1220 1858 60 2470 1941 1310 841 2091
Route 265 : 556 349 1806 459 911 1709 1599 2161
Route 266 : 658 1908 301 1551 114 161 1364 801 1411 2051
Route 267 : 1069 1042 2292 1077 2327 2319 1154 2404
Route 268 : 961 225 303 2211 1475 1553 127 423 1377 1673
Route 269 : 302 825 606 1552 1225 2075 2475 1017 1856 2267
Route 270 : 101 1351 422 1082 2332 309 1672 132 1382 1559
Route 271 : 496 559 172 1422 1809 1746 1189 2439
Route 272 : 1142 998 1107 2248 2357 965 2392 2215
Route 273 : 55 907 1305 1141 2157 246 2391 439 1689 1496
Route 274 : 902 2152 1064 701 2314 1088 1951 2338
Route 275 : 63 1007 1313 2257 525 1176 2426 1775
Route 276 : 879 213 2129 343 1463 932 1593 2182
Route 277 : 278 289 1159 1539 1528 852 2102 2409
Route 278 : 29 829 438 420 1279 1688 2079 1670
Route 279 : 892 1110 243 2360 2142 21 1493 721 1271 1971
Route 280 : 52 956 970 1239 2206 1302 2220 2489
Route 281 : 884 163 231 1413 2134 1209 1481 2459
Route 282 : 156 510 1760 659 1406 780 605 2030 1909 1855
Route 283 : 849 479 2099 826 1729 842 2092 2076
Route 284 : 437 1687 653 99 1349 1903 304 1554
Route 285 : 456 411 946 1661 259 2196 1706 1509
Route 286 : 1038 1071 2321 1160 2288 753 2003 2410
Route 287 : 170 1161 698 1420 1948 1139 2411 2389
Route 288 : 529 230 532 1779 1480 815 1782 630 2065 1880
Route 289 : 280 923 1530 2173 223 594 1844 1473
Route 290 : 755 98 644 1348 960 2005 876 2210 1894 2126
Route 291 : 342 1592 239 997 2247 1489
Route 292 : 215 1465 735 1126 1985 419 2376 1669
Route 293 : 679 872 1929 589 2122 417 1839 43 1667 1293