Instance name:	poa-n1500-4
Authors:		Carlo Sartori and Luciana Buriol
Date:			2019-2-11
Reference:		A matheuristic approach to the PDPTW (to be submitted)
Solution
Route 1 : 479 62 42 1229 114 812 173 923 792 864 506 469 1219 32 782 1256 299 116 125 866 875 1049
Route 2 : 749 1499 352 170 127 1102 213 877 920 23 3 753 264 773 575 1014 1325 329 410 1160 146 963 1079 896 178 928
Route 3 : 494 1244 141 327 1077 536 891 229 450 979 1286 149 131 1200 899 881 381 1131
Route 4 : 265 540 1290 1015 222 393 252 972 1143 1002 517 34 384 1267 1134 784 361 475 49 799 189 1111 358 1225 1108 59 939 809
Route 5 : 590 245 259 367 995 1340 1009 294 1117 1044 449 446 1199 88 493 1196 1243 466 838 174 1216 570 1320 279 1029 924
Route 6 : 607 397 350 244 1100 1357 994 606 1356 1147 165 488 184 1238 295 915 514 934 1264 75 1045 11 825 761
Route 7 : 404 360 1110 268 613 1154 1363 468 1018 1218 284 223 77 1034 973 421 602 827 546 452 1202 1352 1171 1296
Route 8 : 8 496 226 297 758 1246 353 1103 629 1047 322 581 104 976 1379 366 854 1331 511 1116 1072 586 471 1336 1261 1221
Route 9 : 408 634 349 1099 1384 1158 118 379 391 868 1141 90 1129 592 840 370 356 1120 1342 1106 103 151 901 505 853 1255
Route 10 : 559 313 1309 407 378 1063 1157 1128 501 1251 638 82 1388 123 591 873 832 615 345 293 1043 1341 1095 1365
Route 11 : 311 639 277 1061 1027 187 1389 937 413 19 176 769 620 1370 470 1163 419 198 459 926 1220 435 1209 948 1185 1169
Route 12 : 240 138 105 605 888 499 855 424 1249 1355 990 1174 647 453 206 1397 956 302 1203 1052 467 1217
Route 13 : 363 1113 429 203 447 953 1179 1197 348 1098 319 1069 652 569 1402 346 1319 394 637 1387 330 1096 1080 382 1132 1144 298 1048
Route 14 : 233 362 983 71 422 1172 821 238 1112 578 1328 171 921 663 150 988 258 1008 1413 58 29 900 779 808
Route 15 : 205 30 955 624 780 156 225 906 975 635 1374 1385 219 130 880 497 1247 664 969 619 1414 143 154 1369 893 904
Route 16 : 101 851 107 519 1269 16 228 857 122 766 978 872 667 1417 257 668 1007 583 53 1333 1418 119 472 869 401 803 1222 1151
Route 17 : 113 593 670 275 1420 1025 1343 863 600 336 1086 1350 502 139 1252 889 274 1024
Route 18 : 66 816 250 20 1000 770 588 676 1426 603 1338 335 1085 31 1353 640 781 271 1390 1021 417 111 1167 861 704 1454
Route 19 : 431 290 1040 420 1181 1170 444 106 1194 474 390 1140 856 1224 402 614 533 1364 406 561 1152 1283 320 1311 1156 1070
Route 20 : 317 1067 430 461 211 1180 289 1211 2 961 1039 752 585 126 1335 679 876 1429
Route 21 : 683 276 1433 654 85 462 1404 1026 308 1212 44 794 835 1058 36 623 6 1373 283 525 786 610 756 1360 1275 1033
Route 22 : 587 684 180 1434 930 1337 628 95 1378 231 845 612 981 681 1362 52 802 1431 120 555 373 513 870 1263 1305 1123
Route 23 : 168 280 296 1030 918 1046 365 687 1115 1437 574 566 331 132 1324 483 882 1081 521 1316 1271 622 1233 1372
Route 24 : 442 645 392 1192 1142 64 596 1395 814 693 1443 398 22 1148 1346 485 1235 498 772 456 1206 524 1248 1274
Route 25 : 542 332 694 342 376 1292 1092 1444 1082 369 1119 1126 648 440 24 774 515 1190 359 1398 584 1334 1109 1265
Route 26 : 38 133 788 383 597 1347 883 1133 310 532 1282 688 1060 697 660 1438 1447 1410 74 425 564 824 1314 1175
Route 27 : 650 409 305 1159 338 1055 1088 1400 700 121 1450 169 871 278 185 183 935 1028 919 933 630 1380 528 1278
Route 28 : 490 270 78 1020 701 537 1451 1287 218 828 968 221 543 971 673 68 1423 98 848 1293 81 818 831 1240 83 833
Route 29 : 481 1231 73 604 1354 823 656 705 659 1406 1455 1409 246 996
Route 30 : 204 65 706 954 249 666 815 316 999 1066 478 164 1456 1228 347 914 437 1187 1097 5 755 625 489 1375 147 1416 1239 897
Route 31 : 291 386 642 1392 266 1041 315 1016 1136 1065 414 577 1164 217 251 1001 707 1327 387 967 1137 567 1317 337 1457 1087
Route 32 : 380 86 708 1458 836 263 160 1013 1130 696 910 1446 136 886 181 573 931 273 1023 1323 33 306 9 783 759 56 1056 806
Route 33 : 93 843 646 192 200 1396 371 942 1121 950 710 61 811 558 357 651 1460 1401 1107 109 572 1308 859 1322
Route 34 : 451 301 1051 434 1201 15 711 1184 765 535 108 1461 324 858 1074 354 655 1104 1285 674 486 1405 1424 1236 377 1127
Route 35 : 21 287 771 714 1037 37 787 565 1464 538 1288 374 594 1315 626 1124 1344 1376 339 712 427 1462 1089 1177
Route 36 : 344 476 405 1226 1155 1094 621 220 551 14 970 1301 35 1371 715 1465 709 764 785 689 272 1439 1459 1022
Route 37 : 57 243 677 993 807 288 1038 260 426 1427 1010 45 395 795 1145 1176 216 300 966 562 1050 236 716 1312 986 1466
Route 38 : 557 196 1307 399 13 763 464 946 1149 458 1214 92 1208 237 987 504 1254 842 617 1367
Route 39 : 692 17 1442 675 232 982 719 767 1425 554 1469 321 323 1304 691 1073 1071 269 1441 87 837 1019
Route 40 : 641 508 41 791 1258 598 1391 599 576 1349 723 1473 1326 28 318 778 1348 312 1062 1068
Route 41 : 256 201 389 1139 951 608 40 1358 463 1006 790 1213 368 671 1118 79 658 725 1408 1475 94 829 1421 844
Route 42 : 340 724 1474 1090 657 682 1407 1432 627 726 96 846 432 1377 46 1182 1476 796 510 491 1260 1241 560 1310
Route 43 : 25 423 775 727 55 1477 333 805 1173 539 541 1291 50 1083 495 157 800 1245 1289 907
Route 44 : 698 534 1284 47 797 1448 155 239 905 100 850 989 680 728 1430 314 355 1478 1064 480 1230 1105
Route 45 : 91 416 550 1300 841 209 959 1166 396 194 247 944 261 1146 89 616 526 1366 1276 997 662 1011 140 1412 839 890 255 1005
Route 46 : 193 175 713 943 925 142 455 1463 1205 152 418 902 892 717 1467 690 1440 1168 731 579 1481 1329
Route 47 : 158 137 685 908 148 887 898 1435 186 372 732 1482 1122 936 643 1393 556 210 1306 124 484 1234 960 874
Route 48 : 733 388 1138 618 1483 343 1368 1093 69 601 97 412 847 644 1162 819 1351 530 1394 1280
Route 49 : 527 309 1059 1277 549 441 518 112 1191 1299 351 1101 262 1012 1268 516 862 734 326 699 1266 1484 553 1449 1076 1303 665 1415
Route 50 : 227 199 977 722 1472 179 949 500 1250 197 929 341 482 1232 947 1091 735 159 110 860 1485 909
Route 51 : 242 992 448 736 1486 1198 215 303 965 166 916 411 1161 580 1053 438 1330 492 286 1242 304 1036 1188 1054
Route 52 : 129 879 254 102 1004 609 428 852 1359 737 145 611 895 1178 1487 1361 503 678 1253 1428
Route 53 : 163 248 548 913 998 54 134 1298 547 457 153 884 804 1207 1297 903 738 212 544 202 962 1294 952 1488
Route 54 : 188 938 487 162 568 912 1237 1318 552 1302 545 563 364 1295 739 1489 1114 1313 702 1452
Route 55 : 167 741 695 1491 436 1445 917 307 1186 507 1257 1057 400 334 1150 512 631 1084 1262 1381
Route 56 : 730 51 1480 177 742 927 182 1492 60 932 128 878 241 810 991 801 214 63 813 964 172 285 10 922 1035 375 760 1125
Route 57 : 529 84 834 443 1279 135 885 729 1193 1479 230 744 1494 454 1204 980 703 27 777 39 1453 789
Route 58 : 465 721 4 1471 1215 754 571 745 523 1495 292 1321 403 1273 653 1042 1153 76 1403 826 473 1223
Route 59 : 460 281 1 191 1031 751 99 1210 941 746 1496 743 849 72 235 822 1493 985
Route 60 : 195 234 945 325 984 520 1075 740 595 1490 433 747 1270 253 1003 1183 672 1497 632 1422 589 1382 1345 1339 477 686 1227 1436
Route 61 : 224 582 1332 669 974 748 1419 1498 636 70 1386 820 12 48 762 415 1165 798 720 1470
Route 62 : 208 531 439 18 958 207 768 957 1189 385 161 1135 328 1078 522 911 661 1272 144 1411 115 894 282 865 1281 1032
Route 63 : 43 509 793 190 940 1259 80 750 830 1500 26 445 7 718 633 1195 757 1468 267 649 1017 1383 117 67 776 817 867 1399
