Instance name:	poa-n600-4
Authors:		Carlo Sartori and Luciana Buriol
Date:			2019-2-11
Reference:		A matheuristic approach to the PDPTW (to be submitted)
Solution
Route 1 : 193 183 493 483 128 56 428 114 165 465 356 414 67 85 367 219 116 385 416 519
Route 2 : 61 361 16 252 552 316 28 21 328 321 32 147 332 447 191 36 491 158 336 221 521 458
Route 3 : 62 3 362 175 303 65 475 254 365 105 554 98 51 398 351 136 113 405 413 92 436 213 513 392
Route 4 : 167 467 115 179 415 479 140 24 238 538 211 324 230 144 444 511 256 171 471 556 205 530 505 440
Route 5 : 96 1 301 396 81 125 192 425 170 381 492 269 153 569 453 9 8 309 308 470 19 212 319 512
Route 6 : 260 13 313 184 189 560 127 489 484 427 209 70 509 370 201 135 18 501 318 270 435 570
Route 7 : 159 459 249 549 272 45 345 186 572 180 486 42 480 342 72 271 194 31 372 571 494 331 202 502
Route 8 : 275 575 6 68 368 306 166 26 47 326 188 347 466 55 488 197 355 497 148 448
Route 9 : 103 80 403 208 508 380 276 576 104 200 500 29 329 237 404 537 157 161 461 457
Route 10 : 259 100 400 559 277 243 122 543 160 577 460 422 152 452 23 155 455 162 462 111 411 323
Route 11 : 40 110 340 262 410 234 53 353 562 278 131 534 431 253 578 247 146 446 547 553 255 195 495 555
Route 12 : 273 174 474 573 279 57 163 579 203 176 463 357 476 503 282 240 582 235 168 540 535 73 468 373
Route 13 : 283 95 395 109 583 409 99 84 384 242 399 236 121 421 542 536 154 220 156 520 454 456
Route 14 : 226 526 123 124 423 37 196 337 17 496 424 112 317 412 91 90 284 390 584 391 27 327
Route 15 : 30 330 79 258 379 558 63 224 524 363 7 225 307 286 525 586 210 510 239 539
Route 16 : 149 33 333 287 449 20 263 320 143 587 151 443 563 12 451 187 267 487 64 312 567 364
Route 17 : 15 173 117 417 315 473 59 359 119 248 5 548 305 118 419 198 418 216 516 288 498 181 588 481
Route 18 : 251 207 204 507 25 504 551 94 325 206 93 394 506 393 291 591 138 438 190 490 130 430
Route 19 : 292 101 592 401 241 145 445 83 285 541 383 245 585 54 545 261 354 139 265 561 565 439
Route 20 : 89 389 293 74 374 274 574 593 132 22 432 322 244 544 11 281 311 222 10 581 522 310 231 531
Route 21 : 250 134 550 49 434 150 349 450 289 218 518 294 594 589 50 350 232 223 523 532
Route 22 : 214 514 71 133 433 169 371 102 469 402 44 344 88 52 388 229 48 352 82 529 348 295 595 382
Route 23 : 58 41 358 129 429 246 341 43 343 546 182 164 464 296 596 69 482 369
Route 24 : 280 580 297 77 39 339 597 60 360 141 215 515 377 441 76 66 376 366 38 107 407 120 420 338
Route 25 : 298 228 528 199 598 499 75 375 142 442 268 568 35 106 335 406 87 387 217 233 517 533
Route 26 : 185 78 378 227 46 527 14 346 314 86 126 386 485 4 304 177 477 2 299 599 426 302 266 566
Route 27 : 34 172 334 472 290 590 300 178 478 600 97 137 264 397 437 564 108 257 557 408
