Instance name:	poa-n1500-6
Authors:		Carlo Sartori and Luciana Buriol
Date:			2019-2-11
Reference:		A matheuristic approach to the PDPTW (to be submitted)
Solution
Route 1 : 68 195 34 784 818 129 879 150 945 900
Route 2 : 16 281 343 766 224 277 1031 1093 1027 974
Route 3 : 38 373 1123 292 1042 304 788 232 982 388 1138 1054
Route 4 : 395 384 1134 207 1145 957 313 243 1063 993
Route 5 : 154 422 404 143 1154 1172 904 893
Route 6 : 252 332 1082 428 39 266 1016 1178 789 1002
Route 7 : 398 390 1140 446 1148 1196
Route 8 : 452 1202 368 105 855 335 1118 230 1085 980
Route 9 : 456 205 369 955 377 1119 1127 1206 201 951
Route 10 : 231 123 215 873 459 965 1209 981
Route 11 : 465 429 1215 303 306 1056 3 1053 1179 753
Route 12 : 53 310 803 1060 75 466 825 135 885 1216
Route 13 : 151 91 293 408 1043 470 841 1158 901 1220
Route 14 : 273 97 847 213 471 1023 352 963 1221 1102
Route 15 : 476 385 380 128 1130 1135 7 1226 757 226 976 878
Route 16 : 171 360 259 5 480 921 1110 1009 1230 755
Route 17 : 241 209 297 329 1079 959 486 1236 991 1047
Route 18 : 394 36 1144 35 490 94 1240 786 844 785
Route 19 : 245 389 137 126 492 1139 876 995 1242 887
Route 20 : 431 155 1181 508 905 261 2 1258 752 464 1214 1011
Route 21 : 178 249 119 999 869 518 234 1268 305 928 57 984 807 1055
Route 22 : 223 439 1189 117 973 528 867 250 1000 1278
Route 23 : 189 447 258 939 173 1008 1197 535 923 426 1176 1285
Route 24 : 534 541 1284 237 1291 987
Route 25 : 531 338 1088 544 271 355 1105 1281 1294 442 1192 1021
Route 26 : 495 545 1295 19 769 187 282 63 937 1245 813 1032
Route 27 : 485 549 1235 225 309 1299 523 1059 975 1273
Route 28 : 430 401 1180 1151 44 61 550 510 1300 1260 794 811
Route 29 : 114 40 64 864 814 130 421 880 790 1171 553 1303
Route 30 : 489 1239 82 346 832 537 1287 1096 70 564 820 1314
Route 31 : 52 568 263 1013 186 514 330 936 1318 802 1080 1264
Route 32 : 254 366 1004 569 1116 30 1319 358 1108 780
Route 33 : 572 102 55 852 67 106 1322 805 325 817 856 1075
Route 34 : 324 206 543 319 575 956 1293 1069 1074 1325
Route 35 : 577 539 1327 356 1289 168 109 859 918 1106
Route 36 : 424 15 333 581 765 1331 1174 402 156 1083 1152 906
Route 37 : 608 47 585 1358 118 797 362 1112 868 1335
Route 38 : 588 142 558 1308 1338 516 892 300 1266 302 1050 1052
Route 39 : 132 586 488 353 1103 1238 882 589 1336 1339
Route 40 : 592 56 481 556 294 1306 1342 1231 806 4 754 1044
Route 41 : 546 596 161 183 1296 1346 933 911
Route 42 : 375 599 449 311 1199 1125 365 1115 49 1349 1061 799
Route 43 : 217 99 967 600 538 1350 1288 500 849 133 883 1250
Route 44 : 578 601 396 212 1328 962 1146 566 1316 1351
Route 45 : 604 296 455 1046 1205 376 1354 93 1126 843
Route 46 : 427 605 1355 1177 400 41 1150 85 50 791 800 835
Route 47 : 229 474 512 1262 120 870 979 607 1224 1357
Route 48 : 22 157 612 23 907 1362 60 772 773 192 810 942
Route 49 : 6 494 233 1244 227 756 977 614 983 13 1364 763
Route 50 : 468 1218 617 147 897 78 828 1367
Route 51 : 144 618 567 463 515 894 1265 1368 33 1317 783 1213
Route 52 : 321 620 1071 1370 170 260 1010 920 381 1131
Route 53 : 115 200 54 622 804 166 950 865 916 1372
Route 54 : 504 437 1254 624 555 1374 1187 403 196 1305 334 946 1153 1084
Route 55 : 413 116 562 1312 1163 625 291 866 655 1041 1375 1405
Route 56 : 382 153 327 1132 1077 632 344 903 1382 1094
Route 57 : 453 479 475 1229 633 1225 1203 590 1383 1340
Route 58 : 348 336 318 636 1386 1086 1068 167 559 1098 917 1309
Route 59 : 623 554 637 1304 1387 527 27 1373 777 1277
Route 60 : 312 530 220 1280 970 1062 203 953 26 643 1393 776
Route 61 : 598 648 25 1398 284 775 1034 100 1348 850
Route 62 : 411 649 341 1161 1399 274 1091 20 770 1024
Route 63 : 561 308 1058 651 1401 211 642 961 1311 1392
Route 64 : 457 71 416 821 653 1207 145 1403 1166 895
Route 65 : 174 473 399 1223 657 1149 1407 96 924 846
Route 66 : 571 160 658 910 10 1321 1408 438 1188 760
Route 67 : 641 513 387 1263 1137 660 1391 1410
Route 68 : 240 322 14 990 764 370 662 1120 1072 1412
Route 69 : 665 286 647 1036 557 407 1415 1397 1157 1307
Route 70 : 640 392 1390 290 1142 1040 265 666 1416 1015
Route 71 : 629 214 379 112 1129 1379 667 964 862 197 1417 947
Route 72 : 668 547 188 938 1418 533 1297 484 1234 1283
Route 73 : 73 208 74 670 823 958 1420 316 824 1066
Route 74 : 104 496 672 854 1246 621 21 397 1371 771 1147 1422
Route 75 : 278 1028 141 673 594 1423 66 891 1344 816
Route 76 : 285 262 342 1035 628 1012 674 1092 1378 1424
Route 77 : 644 148 371 676 898 1121 1394 1426
Route 78 : 111 326 179 1076 328 677 861 929 1427 1078
Route 79 : 69 441 1191 435 819 420 679 1185 1170 1429
Route 80 : 331 517 582 1267 264 1332 1081 1014 680 1430
Route 81 : 45 536 795 1286 565 81 681 1315 1431 831
Route 82 : 503 1253 461 84 460 834 1211 682 1210 1432
Route 83 : 683 177 1433 124 927 315 1065 501 874 162 912 1251
Route 84 : 359 685 497 1247 684 1435 1434 182 1109 932
Route 85 : 686 8 419 443 1193 1436 602 758 1352 1169
Route 86 : 255 415 62 257 812 1007 687 1005 1165 1437
Route 87 : 340 688 664 1414 210 1090 79 631 1438 829 960 1381
Route 88 : 583 689 287 639 1439 152 1037 1389 276 902 1333 1026
Route 89 : 131 11 176 690 881 1440 926 95 761 845
Route 90 : 487 692 580 1330 289 88 1039 445 1237 1442 838 1195
Route 91 : 86 383 836 1133 693 90 616 840 1366 1443
Route 92 : 548 28 1298 694 299 1444 37 778 787 1049
Route 93 : 244 994 363 146 896 695 1113 59 1445 809
Route 94 : 450 1200 696 472 1 1222 354 751 1446 268 1104 1018
Route 95 : 597 560 1347 697 193 540 1447 505 1290 943 1255 1310
Route 96 : 698 520 483 242 1270 1233 626 1448 992 1376
Route 97 : 699 1449 248 239 451 989 659 998 1201 498 1409 1248
Route 98 : 526 634 661 1411 391 1276 700 1384 1141 1450
Route 99 : 701 669 1419 491 1451 524 1241 349 1274 1099
Route 100 : 702 434 301 1184 1452 591 323 1073 253 1051 1003 1341
Route 101 : 17 703 1453 767 509 477 1259 1227
Route 102 : 462 269 1019 1212 704 433 574 1454 51 801 1183 1324
Route 103 : 552 1302 29 779 705 351 149 899 1455 1101
Route 104 : 405 298 707 1155 1457 219 1048 969
Route 105 : 708 48 798 339 1458 80 199 949 1089 830
Route 106 : 507 467 709 345 1257 218 630 1217 1095 1459 968 1380
Route 107 : 169 710 194 1460 18 92 919 944 606 768 842 1356
Route 108 : 711 593 529 185 935 1461 1279 89 283 1343 1033 839
Route 109 : 654 603 251 1001 1353 712 1462 458 1404 1208
Route 110 : 65 357 1107 663 713 1413 410 493 1463 1243 1160 815
Route 111 : 478 1228 444 715 1194 542 1465 645 198 1395 948 1292
Route 112 : 24 350 774 1100 506 627 717 1467 1377 1256
Route 113 : 202 347 718 1468 511 1097 320 952 1261 1070
Route 114 : 719 221 425 971 386 1136 1175 378 280 1469 1128 1030
Route 115 : 720 364 1470 611 525 1275 98 1361 1114 848
Route 116 : 77 521 423 1173 1271 721 440 827 83 1190 1471 833
Route 117 : 417 317 722 1167 412 656 1472 1162 1067 1406
Route 118 : 288 723 1038 164 181 931 914 436 72 1473 822 1186
Route 119 : 609 361 1111 1359 107 724 519 1474 857 1269 9 759
Route 120 : 725 125 1475 579 875 165 1329 915
Route 121 : 136 228 886 978 587 727 238 1337 988 1477
Route 122 : 190 270 127 1020 940 469 728 877 532 1219 1478 1282
Route 123 : 372 610 1360 87 1122 729 1479 837
Route 124 : 573 272 414 1323 448 175 1198 1022 1164 730 925 1480
Route 125 : 180 159 930 122 731 872 46 909 314 796 1481 1064
Route 126 : 103 853 733 619 1483 732 1482 267 1369 635 1017 1385
Route 127 : 551 222 735 1301 706 1485 576 235 972 985 1456 1326
Route 128 : 256 101 1006 736 374 1124 295 1045 851 1486
Route 129 : 675 1425 482 236 737 1487 138 986 613 1232 888 1363
Route 130 : 726 76 418 1476 595 1345 738 42 826 1488 1168 792
Route 131 : 740 409 652 1402 691 714 1464 1441 1490 570 1159 1320
Route 132 : 367 393 1117 741 1143 204 1491 275 1025 954
Route 133 : 742 307 140 454 1057 1492 671 890 1204 1421
Route 134 : 743 31 1493 781 716 32 1466 782 650 1400
Route 135 : 158 744 908 1494 191 499 678 1249 941 1428
Route 136 : 734 745 1484 1495 432 247 1182 563 1313 646 1396 997
Route 137 : 739 121 746 406 1496 871 1489 43 793 108 1156 858
Route 138 : 638 12 1388 762 747 337 1497 110 860 1087
Route 139 : 502 184 748 934 216 1498 172 1252 966 922
Route 140 : 749 58 134 808 615 279 1365 113 884 1499 1029 863
Route 141 : 522 584 750 246 1272 163 139 1500 1334 889 996 913
