Instance name : poa-n4000-6
Authors       : Dmitriy Demin, Mikhail Diakov (msd@veeroute.com), Ivan Ilin, Nikita Ivanov, Viacheslav Sokolov (vs@veeroute.com) et al. VRt Global (https://veeroute.com/)
Date          : 2023-04-24
Reference     : veeroute.com
Solution
Route 1 : 111 1468 2111 3468 1292 3292 1491 3491
Route 2 : 347 1573 2347 1641 3573 63 3641 2063
Route 3 : 1177 1865 453 3177 242 3865 2453 2242
Route 4 : 1008 1712 1062 3712 3008 1067 3062 3067
Route 5 : 134 1268 2134 988 1448 3268 2988 3448
Route 6 : 1646 71 1396 2071 1808 3396 3646 3808 1881 3881
Route 7 : 622 528 2622 1786 2528 474 3786 2474
Route 8 : 1859 364 3859 1803 3803 2364 1962 1778 3962 3778
Route 9 : 930 1689 3689 2930 141 873 2141 2873
Route 10 : 1982 1953 84 3953 3982 2084
Route 11 : 1895 3895 596 1868 1349 3868 2596 3349
Route 12 : 522 1955 100 2522 3955 2100
Route 13 : 1142 624 2624 1437 3142 1781 3437 3781
Route 14 : 359 1867 730 2359 2730 3867 1298 3298
Route 15 : 397 390 968 2390 2397 616 2968 2616
Route 16 : 584 53 633 2584 2053 2633
Route 17 : 631 79 1133 2631 3133 2079 1293 3293
Route 18 : 192 196 2192 2196 186 1711 3711 2186
Route 19 : 833 1989 2833 3989 1206 1696 3696 3206
Route 20 : 1307 114 2114 3307 276 664 2276 2664
Route 21 : 1842 857 1386 3386 2857 972 2972 3842
Route 22 : 1095 1718 3718 3095 1752 1250 3250 3752
Route 23 : 418 2418 1684 1570 3684 3570
Route 24 : 1414 1925 3925 3414 511 1987 3987 2511
Route 25 : 763 1358 125 70 3358 2070 2125 2763
Route 26 : 39 913 2039 398 2913 2398 1774 3774
Route 27 : 1976 1897 3976 3897 807 750 2750 2807
Route 28 : 1980 321 997 3980 949 2321 2997 2949
Route 29 : 1191 419 297 3191 2297 2419
Route 30 : 300 1737 2300 13 1138 3737 2013 3138
Route 31 : 498 550 2498 2550 940 1266 3266 2940 239 2239
Route 32 : 961 340 2961 749 2340 2749
Route 33 : 1458 1354 1442 3354 3458 3442 537 2537
Route 34 : 1401 1967 1791 3401 3791 3967
Route 35 : 51 107 2051 1399 2107 3399
Route 36 : 1830 108 2108 3830 467 1407 2467 3407 530 2530
Route 37 : 1537 3537 881 356 1249 2881 2356 3249
Route 38 : 770 2770 733 2733 977 1898 2977 860 2860 3898
Route 39 : 193 1454 1502 3454 2193 3502
Route 40 : 1203 551 3203 761 2551 699 2699 2761
Route 41 : 1652 866 2866 959 3652 391 2959 2391
Route 42 : 515 632 27 2515 2632 2027
Route 43 : 218 597 875 2597 2218 520 2520 2875
Route 44 : 508 604 1571 3571 2508 2604 1745 3745
Route 45 : 1348 238 889 3348 361 2238 2889 2361
Route 46 : 22 476 2476 1687 2022 156 2156 3687
Route 47 : 1425 33 3425 2033 569 292 2292 2569
Route 48 : 911 549 1829 868 2549 3829 2911 2868
Route 49 : 1928 716 3928 2716 867 638 2867 2638
Route 50 : 1683 1827 1561 3561 3683 3827 245 2245
Route 51 : 166 694 2166 1355 2694 1599 3355 3599
Route 52 : 226 2226 1583 779 427 3583 2779 2427
Route 53 : 1703 240 2240 480 3703 1480 2480 3480
Route 54 : 1240 104 3240 2104 1188 382 3188 2382
Route 55 : 1906 1618 445 2445 345 3618 2345 3906
Route 56 : 595 1896 2595 1297 739 3896 3297 2739
Route 57 : 1303 1226 3303 611 837 3226 2611 2837
Route 58 : 686 753 2686 2753 1218 1361 3361 3218
Route 59 : 1629 3629 405 158 2158 281 2405 2281
Route 60 : 1415 572 3415 1222 3222 1469 2572 3469
Route 61 : 1759 872 464 3759 2872 2464
Route 62 : 662 1530 2662 1363 392 3530 2392 3363
Route 63 : 182 483 2182 1933 2483 3933 1814 3814
Route 64 : 1431 1937 3937 824 3431 507 2507 2824
Route 65 : 1864 3864 609 1521 189 2609 3521 2189
Route 66 : 1642 705 329 2705 2329 1066 3066 3642
Route 67 : 594 1139 6 2594 3139 2006
Route 68 : 176 888 642 2888 2176 2642
Route 69 : 1619 3619 1074 1497 3497 818 3074 2818
Route 70 : 1170 96 1939 3170 2096 3939
Route 71 : 485 1726 2485 306 906 3726 2306 2906
Route 72 : 1204 1341 3204 43 3341 741 2043 2741
Route 73 : 81 1474 1576 2081 3474 3576 675 2675
Route 74 : 26 2026 1310 72 2072 3310
Route 75 : 1189 1190 380 3190 3189 2380
Route 76 : 1891 1309 3309 3891 726 1757 3757 2726
Route 77 : 1057 3057 1677 272 136 2272 3677 2136
Route 78 : 703 1762 3762 1879 2703 3879
Route 79 : 1332 746 777 2746 3332 2777 1927 3927
Route 80 : 547 923 2923 2547 1862 346 3862 2346
Route 81 : 1747 510 3747 269 1595 2510 3595 2269
Route 82 : 966 1763 65 3763 1725 2065 2966 3725
Route 83 : 1550 448 3550 2448 1476 1121 3121 3476
Route 84 : 494 1985 2494 1026 1242 3985 3026 3242
Route 85 : 1875 3875 86 827 2827 2086
Route 86 : 654 1910 2654 1301 3910 1004 3301 3004
Route 87 : 401 1192 3192 1557 1221 2401 3221 3557
Route 88 : 1179 1428 1302 3428 3179 3302
Route 89 : 690 1547 313 2690 3547 687 2313 2687
Route 90 : 207 424 1334 2207 2424 950 3334 2950
Route 91 : 1201 780 3201 2780 991 2991
Route 92 : 1662 3662 1317 307 3317 918 2918 2307
Route 93 : 666 1484 1606 3484 2666 3606
Route 94 : 443 1730 2443 3730 892 2892
Route 95 : 492 1022 2492 665 3022 1809 3809 2665
Route 96 : 73 1080 2073 1533 3080 3533 836 2836
Route 97 : 2 1681 1130 2002 3130 3681
Route 98 : 1070 902 862 2902 3070 2862
Route 99 : 1663 935 2935 249 3663 2249 1048 3048 210 2210
Route 100 : 302 349 581 2302 2349 2581
Route 101 : 1467 223 3467 2223 1457 1771 3457 3771
Route 102 : 1639 3639 817 1090 1284 2817 3090 3284 293 2293
Route 103 : 1391 434 1873 3391 2434 3873 1215 3215
Route 104 : 1584 942 1588 3584 1592 2942 3588 3592
Route 105 : 781 1656 2781 1826 91 3656 2091 3826
Route 106 : 1371 3371 252 286 1117 2252 2286 3117
Route 107 : 139 1373 812 2139 3373 1797 2812 3797
Route 108 : 1788 143 2143 3788 925 653 2925 2653
Route 109 : 802 1877 1466 2802 3466 1006 1893 3877 3006 3893
Route 110 : 1205 472 793 2472 656 2793 2656 3205
Route 111 : 1736 1998 3736 1837 3998 3837
Route 112 : 1755 409 2409 3755 1944 1300 3944 3300
Route 113 : 112 1692 214 3692 2112 2214
Route 114 : 1699 1384 1863 118 3384 3863 2118 3699
Route 115 : 442 1167 2442 1940 3167 3940
Route 116 : 953 90 67 2090 2953 2067 1198 3198
Route 117 : 1818 372 1214 3818 3214 2372 165 1262 3262 2165
Route 118 : 756 1217 1966 3217 2756 3966 1704 3704
Route 119 : 1236 1385 809 3236 3385 838 2809 2838
Route 120 : 500 2500 1081 3081 1402 1911 3402 1574 3911 3574
Route 121 : 1812 1059 1182 3059 3812 3182 1492 354 3492 2354
Route 122 : 1764 1128 251 3764 3128 518 2251 2518
Route 123 : 368 691 2691 722 2368 2722 1097 3097
Route 124 : 311 765 2311 1705 639 2765 3705 2639
Route 125 : 697 2697 1722 1890 1637 3722 3890 3637
Route 126 : 591 374 1729 2591 2374 3729 1156 1140 3156 3140
Route 127 : 1118 1304 1148 3118 3304 1178 3148 3178
Route 128 : 385 495 983 2495 1819 2983 3819 2385
Route 129 : 1158 3158 1289 466 2466 3289
Route 130 : 209 1950 3950 2209 668 1643 3643 2668
Route 131 : 853 803 122 2803 2853 1486 2122 3486
Route 132 : 1327 1417 267 3417 2267 1543 3327 3543
Route 133 : 1098 1834 1990 3098 3834 3990 1283 3283
Route 134 : 562 142 682 2562 2682 2142
Route 135 : 140 1922 2140 97 3922 2097 324 2324
Route 136 : 696 1772 1952 2696 3772 3952
Route 137 : 301 1427 2301 3427 1011 717 2717 3011
Route 138 : 18 2018 1350 1105 1854 3350 3105 3854
Route 139 : 234 1379 513 3379 2234 2513
Route 140 : 806 1353 2806 1044 3353 1462 3462 3044
Route 141 : 1740 455 3740 947 2455 909 2909 2947
Route 142 : 1680 1430 979 3680 2979 3430 1 2001
Route 143 : 1901 1333 3333 3901 250 54 2250 2054
Route 144 : 505 1587 438 999 1760 2438 3587 2999 3760 2505
Route 145 : 1195 3195 1378 198 3378 470 2198 2470
Route 146 : 998 1832 2998 3832 479 1700 1713 3713 3700 2479
Route 147 : 1264 1548 3548 3264 1493 592 2592 3493
Route 148 : 1122 216 3122 261 2216 45 2045 2261
Route 149 : 205 2205 673 465 2465 41 2673 2041
Route 150 : 993 1735 2993 3735 1815 1871 3871 3815
Route 151 : 1429 236 2236 3429 738 1087 2738 3087
Route 152 : 856 509 1377 2509 2856 3377 1086 3086
Route 153 : 1127 676 497 2676 3127 1439 2497 3439
Route 154 : 506 1655 2506 995 3655 21 2021 2995
Route 155 : 367 2367 89 1728 1372 2089 3372 3728
Route 156 : 1974 1210 1630 3210 1659 3630 3974 3659
Route 157 : 516 76 2516 1149 1934 2076 3934 3149
Route 158 : 524 1463 719 2524 3463 2719 1184 3184
Route 159 : 1038 1506 684 3506 3038 2684
Route 160 : 471 973 657 747 2471 2657 2747 2973
Route 161 : 1282 1732 1456 3456 3282 3732
Route 162 : 1638 1913 1471 3913 3638 553 3471 2553
Route 163 : 1003 762 3003 1612 407 3612 2407 2762
Route 164 : 565 162 2162 227 2565 2227
Route 165 : 954 1500 3500 2954 177 406 2406 2177
Route 166 : 206 1800 2206 3800 294 1176 2294 3176
Route 167 : 731 575 1679 2731 2575 1551 3679 3551
Route 168 : 915 271 2915 1344 1900 3344 2271 3900
Route 169 : 1323 1977 2000 3323 4000 3977
Route 170 : 77 2077 1510 1296 3510 417 2417 3296
Route 171 : 832 963 1229 2963 2832 3229
Route 172 : 1109 59 617 2617 3109 2059
Route 173 : 919 1312 769 2769 3312 1055 2919 3055
Route 174 : 1092 737 3092 1633 1478 3633 2737 3478
Route 175 : 80 1765 1744 3765 2080 3744
Route 176 : 788 1376 2788 3376 692 314 2314 2692
Route 177 : 1611 608 3611 952 2608 1449 2952 3449
Route 178 : 851 1651 3651 2851 893 971 2893 2971
Route 179 : 1626 266 3626 1269 2266 3269 1356 3356
Route 180 : 1420 3420 1481 1116 3481 1636 3636 3116
Route 181 : 358 2358 1455 1228 3455 1949 3228 3949
Route 182 : 1485 195 1908 3485 2195 3908
Route 183 : 1056 237 3056 861 2237 2861
Route 184 : 1839 1159 150 928 2150 3159 3839 2928
Route 185 : 1845 1984 1270 3984 529 2529 3845 3270
Route 186 : 734 1398 1610 3610 2734 3398 15 2015
Route 187 : 1720 1766 451 3720 2451 3766
Route 188 : 1852 3852 1233 1390 1741 3233 3741 3390
Route 189 : 839 1418 3418 1841 2839 3841
Route 190 : 425 1424 2425 3424 1568 573 2573 3568
Route 191 : 641 944 11 2641 2011 2944
Route 192 : 1248 929 1965 3248 2929 3965 489 2489 1581 3581
Route 193 : 1029 1549 1426 3029 3549 3426 1649 3649
Route 194 : 844 574 2844 938 2574 1033 2938 3033
Route 195 : 599 1024 2599 68 488 3024 2068 2488
Route 196 : 871 1157 3157 1031 2871 3031 462 2462
Route 197 : 172 568 2568 2172 1435 1957 3435 3957
Route 198 : 1838 895 1013 3838 2895 323 3013 2323
Route 199 : 1357 228 3357 2228 1475 199 2199 3475
Route 200 : 431 1507 2431 1602 3507 744 3602 2744
Route 201 : 1534 527 3534 387 120 2527 2120 2387
Route 202 : 1034 1305 990 3034 3305 2990 1688 3688
Route 203 : 590 279 970 1878 2970 2279 3878 2590
Route 204 : 248 794 2794 2248 1758 1981 3981 3758
Route 205 : 404 1751 2404 1607 3607 3751 670 1631 2670 3631
Route 206 : 1572 1904 1716 3572 556 3904 3716 2556
Route 207 : 4 2004 1798 1263 800 3263 3798 2800
Route 208 : 1892 1351 3351 3892 1237 819 3237 2819
Route 209 : 1958 702 778 2702 3958 808 2778 2808
Route 210 : 655 1083 2655 126 1114 3083 2126 3114
Route 211 : 811 711 555 2711 2811 748 2555 2748
Route 212 : 62 614 2614 1526 2062 157 1673 3526 3673 2157
Route 213 : 1061 1876 876 3061 2876 3876
Route 214 : 1761 105 3761 1727 646 2105 3727 2646
Route 215 : 1247 3247 563 1947 2563 3947 1241 3241
Route 216 : 475 101 1287 2101 2475 3287
Route 217 : 339 2339 1337 1207 3207 3337 1545 3545
Route 218 : 1889 1253 219 787 3253 2219 2787 3889
Route 219 : 75 2075 1753 491 3753 2491
Route 220 : 167 992 2167 899 2992 235 2235 2899 1853 3853
Route 221 : 1935 1563 1404 3935 3563 3404
Route 222 : 1093 1496 1672 3093 3496 3672
Route 223 : 1051 1938 3051 1605 634 3938 3605 2634
Route 224 : 1912 3912 1495 273 815 2273 3495 2815
Route 225 : 1575 1007 3007 3575 1286 1465 3286 3465
Route 226 : 969 55 2055 1440 2969 1104 3440 3104
Route 227 : 169 437 1451 2169 3451 2437 1078 3078
Route 228 : 416 1590 3590 2416 1843 1888 3843 3888
Route 229 : 1054 1883 3883 3054 1522 1212 3522 3212
Route 230 : 1858 602 625 3858 2602 1211 2625 3211
Route 231 : 736 1181 3181 2736 707 1084 3084 2707
Route 232 : 1613 3613 1173 241 1197 2241 3173 3197
Route 233 : 1352 357 2357 3352 413 1256 2413 3256
Route 234 : 874 636 2874 1840 2636 3840
Route 235 : 663 2663 258 305 1669 2258 3669 2305
Route 236 : 987 1691 2987 3691 648 1861 1851 3861 2648 3851
Route 237 : 184 1719 1790 587 3719 2587 3790 2184
Route 238 : 921 586 2921 1419 2586 907 3419 2907
Route 239 : 1603 1994 3994 3603 589 1941 3941 2589
Route 240 : 496 180 1799 2180 2496 3799
Route 241 : 1108 1591 1254 3591 3254 3108
Route 242 : 1813 554 3813 2554 764 790 2764 674 2790 2674
Route 243 : 1844 771 2771 42 3844 1942 2042 3942
Route 244 : 211 1556 3556 2211 1397 1504 3397 3504
Route 245 : 629 1322 2629 1017 1509 3322 3509 3017
Route 246 : 326 984 2984 2326 927 1043 2927 3043
Route 247 : 393 1194 1701 2393 3701 3194
Route 248 : 137 1131 3131 2137 886 962 2962 2886
Route 249 : 288 1162 1319 2288 3162 1113 3319 3113
Route 250 : 1518 3518 36 2036 1936 1235 3936 3235
Route 251 : 386 256 2386 1316 2256 3316 1488 1150 3150 3488
Route 252 : 129 1783 1993 2129 3783 3993
Route 253 : 56 1479 2056 986 773 3479 2773 2986
Route 254 : 1930 1338 3338 649 3930 2649 224 2224
Route 255 : 1855 713 2713 3855 1887 896 2896 3887
Route 256 : 461 454 1996 2461 776 2454 3996 2776
Route 257 : 1273 282 1866 3273 2282 3866
Route 258 : 816 1450 2816 3450 19 2019 355 2355
Route 259 : 1359 319 2319 630 3359 2630
Route 260 : 412 1137 533 2533 2412 3137
Route 261 : 25 659 327 2025 2659 1063 2327 3063
Route 262 : 774 1632 3632 2774
Route 263 : 924 1225 1151 2924 3225 3151
Route 264 : 600 681 2600 1860 732 3860 2732 2681
Route 265 : 1661 1394 3661 202 3394 360 2202 724 2360 2724
Route 266 : 601 46 1578 2601 2046 3578
Route 267 : 99 1975 2099 299 3975 2299 823 170 2823 2170
Route 268 : 752 1769 1499 233 3769 2233 3499 2752
Route 269 : 1438 1413 1461 3413 3438 1299 3461 3299
Route 270 : 446 545 1155 155 2545 3155 2155 2446
Route 271 : 850 532 2850 1675 3675 2532
Route 272 : 1964 822 3964 743 2822 2743
Route 273 : 1714 232 1846 3714 2232 3846 1501 3501
Route 274 : 1405 1919 3405 3919 708 1345 3345 2708
Route 275 : 512 174 723 2174 2512 2723 1291 3291
Route 276 : 1511 3511 540 2540 60 1175 3175 1015 2060 3015
Route 277 : 1514 1784 3784 904 468 2904 3514 2468
Route 278 : 1801 3801 1724 231 3724 2231 1244 3244
Route 279 : 1125 3125 955 1969 546 2955 941 3969 2546 2941
Route 280 : 1739 402 3739 2402 433 1052 2433 1995 3052 3995
Route 281 : 640 2640 1503 188 2188 606 3503 2606
Route 282 : 1577 1695 3577 3695 980 1271 2980 3271
Route 283 : 378 1308 2378 863 3308 2863
Route 284 : 901 1697 1216 2901 1494 3494 3216 3697
Route 285 : 685 1647 882 1959 2685 3647 2882 3959
Route 286 : 1274 1380 830 3380 3274 2830
Route 287 : 1580 1971 447 2447 3971 254 3580 2254
Route 288 : 221 2221 917 1929 1554 2917 3929 3554
Route 289 : 408 2408 877 414 2877 1389 2414 3389
Route 290 : 932 1041 3041 2932 1314 727 2727 3314
Route 291 : 94 1329 3329 715 2094 865 2715 2865
Route 292 : 1835 1367 1723 3835 3367 3723 680 2680
Route 293 : 1604 1183 1393 3604 3183 3393
Route 294 : 1196 3196 1366 388 2388 3366
Route 295 : 1209 3209 757 2757 1708 123 2123 3708
Route 296 : 1598 1945 1053 3598 303 3053 2303 3945
Route 297 : 814 1793 2814 689 3793 82 2689 2082
Route 298 : 351 2351 544 883 1821 2883 2544 3821
Route 299 : 1529 1202 1136 3529 3136 503 1381 2503 3381 3202
Route 300 : 552 320 2320 1546 3546 1517 3517 2552
Route 301 : 429 1336 1444 2429 3336 57 3444 2057
Route 302 : 1364 1579 164 3364 2164 619 3579 2619
Route 303 : 121 197 2121 926 2197 2926
Route 304 : 58 1096 2058 3096 845 1124 2845 3124
Route 305 : 32 352 828 88 2352 2828 2088 2032
Route 306 : 1870 1954 3870 1738 78 3954 3738 2078
Route 307 : 922 1187 2922 3187 994 2994
Route 308 : 1915 280 1609 3915 3609 2280
Route 309 : 1487 1625 3625 1362 1997 3997 3362 3487
Route 310 : 1555 841 1060 3555 3060 2841 898 2898
Route 311 : 775 1596 605 3596 2775 2605 1392 3392
Route 312 : 1436 1536 1857 3436 1768 3536 3768 3857
Route 313 : 1593 1660 3593 526 133 3660 2526 2133
Route 314 : 542 298 2298 1886 394 2394 3886 2542
Route 315 : 1686 958 2958 3686 1126 309 3126 2309
Route 316 : 678 369 1824 2678 2369 3824 910 2910
Route 317 : 1796 1091 3796 1785 3091 801 2801 3785
Route 318 : 943 399 2399 2943 377 1483 2377 3483
Route 319 : 1016 621 452 3016 2621 2452
Route 320 : 740 151 363 2740 1019 2363 3019 1279 3279 2151
Route 321 : 456 2456 1508 3508 48 1335 2048 3335
Route 322 : 725 558 2558 330 539 2725 2330 2539
Route 323 : 651 1907 3907 2651 1640 1145 3145 3640
Route 324 : 543 1422 829 2543 3422 2829
Route 325 : 721 1193 989 2989 2721 3193 1071 3071
Route 326 : 1110 83 772 2083 3110 858 2772 2858
Route 327 : 1828 1805 3828 1223 3805 457 3223 2457
Route 328 : 751 268 52 1748 2751 2268 2052 3748 1616 3616
Route 329 : 628 1219 1088 3219 1321 3088 2628 3321 318 2318
Route 330 : 1620 64 3620 1331 2064 1030 3331 3030
Route 331 : 310 2310 1885 504 316 3885 2504 2316
Route 332 : 149 1795 1749 2149 3795 3749
Route 333 : 1567 1001 375 3001 3567 2375
Route 334 : 1594 885 284 3594 2885 2284 1135 3135
Route 335 : 1789 1770 3789 3770 1324 976 3324 2976
Route 336 : 435 85 493 2435 2085 2493
Route 337 : 128 421 577 2128 864 2577 2421 2864
Route 338 : 1756 265 2265 3756 1710 1010 3010 3710
Route 339 : 335 846 2335 2846 535 981 2981 2535
Route 340 : 1077 312 1443 3077 2312 3443 1482 3482
Route 341 : 1559 1239 3239 3559 767 564 2767 2564
Route 342 : 47 1685 1538 3685 2047 710 3538 148 2148 2710
Route 343 : 482 1255 2482 1519 1257 3255 3257 3519
Route 344 : 277 704 2277 1776 2704 1986 3776 3986
Route 345 : 644 2644 1970 289 3970 1037 2289 3037
Route 346 : 1464 3464 116 426 804 2804 2116 2426
Route 347 : 444 1750 2444 1423 3750 1477 810 3423 2810 3477
Route 348 : 615 834 2834 1968 102 2615 2102 3968
Route 349 : 805 956 14 2805 2956 1746 2014 3746
Route 350 : 153 1715 2153 3715 588 1285 3285 2588
Route 351 : 820 439 2439 2820 484 1382 3382 2484
Route 352 : 131 477 2131 1524 2477 3524
Route 353 : 290 1459 2290 1706 585 3459 3706 2585
Route 354 : 905 152 2905 2152 1260 338 2338 3260
Route 355 : 766 2766 440 283 2283 2440
Route 356 : 1347 459 3347 758 2459 1040 2758 3040
Route 357 : 661 948 2661 463 2948 1731 3731 2463
Route 358 : 1823 1676 869 138 2869 3676 2138 3823
Route 359 : 1566 1923 3566 1165 1849 3849 3165 3923
Route 360 : 637 16 2016 660 2637 2660 1111 3111
Route 361 : 1412 3412 1921 1884 12 3921 2012 3884
Route 362 : 1807 1562 3807 1792 3562 1782 3792 3782
Route 363 : 348 1261 3261 353 2348 103 2103 2353
Route 364 : 679 2679 514 87 2087 1615 2514 3615
Route 365 : 1634 132 371 3634 2371 2132 1623 3623
Route 366 : 1903 3903 557 458 939 2939 2557 2458
Route 367 : 1275 200 1166 3275 1311 2200 3166 3311
Route 368 : 212 410 2410 2212 146 1232 3232 2146
Route 369 : 1564 3564 1410 159 3410 1960 2159 3960
Route 370 : 1520 603 2603 1021 3520 1065 3021 3065
Route 371 : 1213 3213 40 1973 1036 2040 3036 3973
Route 372 : 1388 3388 1988 1558 3558 3988
Route 373 : 304 1146 759 2304 1328 3146 2759 3328
Route 374 : 1589 1671 1387 3589 3671 3387
Route 375 : 1924 1544 1143 3924 3544 3143
Route 376 : 278 1470 1617 191 3470 3617 2278 2191
Route 377 : 1914 10 1690 2010 3914 3690
Route 378 : 1224 274 3224 1014 1027 3027 2274 3014
Route 379 : 1917 1627 3917 119 1343 3627 2119 3343
Route 380 : 109 531 2109 1978 2531 1231 3978 3231
Route 381 : 598 583 2598 135 720 2135 183 2583 2720 2183
Route 382 : 317 1909 2317 3909 541 1370 2541 1047 3370 3047
Route 383 : 66 745 2066 2745 1804 536 2536 3804
Route 384 : 1453 1147 840 3147 3453 1664 2840 3664
Route 385 : 813 2813 1597 1802 1339 3802 3597 3339
Route 386 : 1258 487 964 3258 2487 2964
Route 387 : 469 2469 1045 490 98 3045 2098 2490
Route 388 : 1276 525 3276 2525 1313 332 3313 2332
Route 389 : 1717 571 3717 908 2571 1665 2908 3665
Route 390 : 1754 1246 1230 3754 3230 3246
Route 391 : 1670 620 3670 110 1238 2620 7 2110 3238 2007
Route 392 : 1168 878 2878 3168 1064 1115 3115 3064
Route 393 : 154 1820 3820 1654 2154 1446 3654 3446
Route 394 : 1505 1076 3505 3076 946 1272 3272 2946
Route 395 : 1882 3882 1532 912 1948 2912 3532 3948
Route 396 : 1614 1848 783 3614 3848 2783 1473 3473
Route 397 : 1628 1025 3628 50 1400 1527 2050 3400 3527 3025
Route 398 : 3 1810 945 3810 2003 2945
Route 399 : 1872 1099 178 2178 3872 3099
Route 400 : 1152 208 343 2343 1340 3340 3152 2208
Route 401 : 1523 259 560 3523 2259 2560
Route 402 : 1277 285 3277 384 328 2328 2285 2384
Route 403 : 1734 797 2797 1342 3734 3342
Route 404 : 1123 3123 1050 626 3050 1069 2626 3069
Route 405 : 848 1678 2848 3678 975 175 2175 2975
Route 406 : 891 897 1528 3528 2897 729 2891 1441 3441 2729
Route 407 : 849 677 2677 2849 1621 1490 3621 3490
Route 408 : 534 582 2534 2582 1325 8 3325 2008
Route 409 : 1288 3288 1032 1079 821 3032 3079 2821
Route 410 : 31 1227 1058 3227 887 3058 2031 2887
Route 411 : 1926 185 3926 2185 623 1816 3816 2623
Route 412 : 1693 1161 3693 3161 937 1916 2937 3916 295 2295
Route 413 : 1498 1856 3856 3498 1154 3154 420 2420
Route 414 : 1023 61 3023 2061 171 2171
Route 415 : 967 1992 2967 1539 350 2350 3539 3992
Route 416 : 1951 93 365 3951 1172 2093 2365 3172
Route 417 : 1666 400 607 2607 2400 1946 931 2931 3946 3666
Route 418 : 322 795 1806 2795 2322 3806
Route 419 : 499 1129 1794 3794 3129 1622 3622 2499
Route 420 : 712 593 2712 2593 798 843 548 2798 2548 2843
Route 421 : 855 124 2855 2124 1278 965 3278 2965
Route 422 : 789 222 2789 1956 2222 3956 561 2561
Route 423 : 1346 428 2428 3346 432 243 2432 2243
Route 424 : 1585 1306 1416 3585 3416 3306 1831 3831
Route 425 : 144 2144 291 1991 2291 275 2275 3991
Route 426 : 1674 1902 3902 3674 842 576 2842 2576
Route 427 : 370 627 2370 1160 1368 3160 3368 2627
Route 428 : 1489 831 3489 1259 2831 3259 900 2900
Route 429 : 1089 1961 1395 263 3961 2263 3395 3089
Route 430 : 1068 1112 3068 270 3112 2270
Route 431 : 650 403 2650 517 2403 2517 672 2672
Route 432 : 255 1899 1132 2255 3132 3899
Route 433 : 683 481 519 2481 2683 2519
Route 434 : 742 30 2742 1743 538 2030 3743 2538
Route 435 : 1383 3383 441 1472 760 2441 3472 2760
Route 436 : 1447 3447 799 2799 1049 28 3049 2028
Route 437 : 1000 884 2884 3000 1608 1460 3460 3608
Route 438 : 246 652 253 2246 2253 2652 1516 3516
Route 439 : 700 1280 449 635 2449 3280 2635 1833 3833 2700
Route 440 : 728 161 2161 2728 559 379 2379 2559
Route 441 : 1850 220 693 422 2220 2422 3850 2693
Route 442 : 982 106 147 2982 2147 1265 3265 2106
Route 443 : 1119 1046 3046 3119 213 786 2213 2786
Route 444 : 709 1009 2709 1267 3009 3267 342 2342
Route 445 : 381 204 618 2618 2381 2204 847 2847
Route 446 : 1825 996 1012 2996 3825 203 3012 2203
Route 447 : 113 145 49 2113 2145 1668 366 3668 2049 2366
Route 448 : 718 341 2718 2341 1072 579 3072 2579
Route 449 : 825 2825 1134 1600 201 3134 3600 2201
Route 450 : 24 2024 1682 115 1931 2115 3682 3931
Route 451 : 706 671 2706 2671 1880 792 2792 3880
Route 452 : 1972 1601 3972 1452 3601 3452 1657 3657
Route 453 : 35 376 2035 1565 2376 247 3565 2247
Route 454 : 1101 1082 3101 985 37 2985 3082 2037
Route 455 : 1707 859 2859 1295 3707 3295 1586 336 2336 3586
Route 456 : 478 95 486 2478 2486 2095
Route 457 : 1932 3932 1963 1434 389 3963 3434 2389
Route 458 : 501 1171 1817 3171 3817 1742 2501 3742
Route 459 : 1702 3702 1330 373 2373 3330
Route 460 : 890 2890 1648 460 2460 3648 1552 791 3552 2791
Route 461 : 960 1920 2960 3920 658 1421 2658 3421
Route 462 : 173 1560 2173 1512 3560 9 3512 2009
Route 463 : 436 1569 2436 1847 3847 160 2160 3569
Route 464 : 215 1874 2215 1164 3874 244 2244 3164 230 2230
Route 465 : 1515 1103 3515 578 3103 2578
Route 466 : 1541 570 3541 217 2570 331 2217 2331
Route 467 : 914 117 20 1085 2117 2020 3085 2914
Route 468 : 1199 1028 3028 325 698 2325 2698 3199
Route 469 : 1153 1513 3513 3153 1018 287 3018 2287
Route 470 : 1403 3403 523 1002 1777 2523 3002 3777
Route 471 : 934 920 1200 2920 3200 1445 2934 3445
Route 472 : 225 933 2225 92 755 2092 2933 2755
Route 473 : 229 190 2190 2229 430 1582 2430 3582
Route 474 : 1100 879 1432 2879 3100 3432
Route 475 : 44 647 2044 688 1281 2647 2688 3281
Route 476 : 194 333 2333 2194 1531 1822 3531 3822
Route 477 : 768 2768 1102 1698 3102 3698
Route 478 : 257 260 2260 2257 1650 1326 3326 3650
Route 479 : 1369 1979 17 3979 3369 2017 1767 3767
Route 480 : 1005 714 2714 3005 1779 5 3779 2005
Route 481 : 1035 1999 3999 3035 1234 1374 3374 3234
Route 482 : 1653 567 3653 2567 181 2181
Route 483 : 978 1408 3408 2978 1535 23 2023 3535
Route 484 : 916 179 2179 2916 566 835 2566 2835
Route 485 : 1220 38 1144 1721 2038 3144 3721 3220
Route 486 : 1644 1542 3542 1775 3644 880 3775 2880
Route 487 : 695 1869 521 951 3869 2695 2951 2521
Route 488 : 894 1252 3252 2894 1180 69 2069 3180
Route 489 : 1658 1540 3658 1094 610 3540 2610 3094
Route 490 : 667 1694 127 2667 3694 2127 473 2473
Route 491 : 344 612 2344 2612 1553 337 1290 3553 3290 2337
Route 492 : 1360 1320 1243 3320 1075 3360 3243 3075
Route 493 : 1645 782 3645 1943 2782 701 3943 2701
Route 494 : 1208 826 3208 2826 854 2854 1073 1020 3020 3073
Route 495 : 1174 1811 754 1120 3811 2754 3120 3174
Route 496 : 423 2423 1894 163 383 2163 3894 2383
Route 497 : 1251 852 308 3251 2852 2308
Route 498 : 1733 1039 1315 3315 3733 3039 262 2262
Route 499 : 1787 1245 3787 3245 1918 1635 3918 3635
Route 500 : 362 1411 34 3411 2362 2034
Route 501 : 396 784 2396 2784 936 2936
Route 502 : 1365 3365 1983 1294 3294 3983
Route 503 : 974 1780 2974 580 1525 3780 2580 3525
Route 504 : 334 903 2334 395 2903 1709 2395 3709
Route 505 : 796 1185 502 2796 74 2502 3185 2074
Route 506 : 735 29 2735 2029 315 2315
Route 507 : 1624 643 669 2669 2643 3624 1667 3667
Route 508 : 168 2168 1163 1773 1186 3163 3773 3186
Route 509 : 450 2450 1042 613 2613 3042 1433 1375 3375 3433
Route 510 : 1106 187 1406 645 3406 2187 2645 3106
Route 511 : 130 2130 1107 3107 1905 411 2411 3905
Route 512 : 296 785 2296 415 2785 2415
Route 513 : 1169 264 3169 957 1836 2264 2957 3836
Route 514 : 1318 1409 3409 870 1141 2870 3141 3318