Instance name:	poa-n4000-2
Authors:		Carlo Sartori and Luciana Buriol
Date:			2019-2-11
Reference:		A matheuristic approach to the PDPTW (to be submitted)
Solution
Route 1 : 52 1505 2052 189 2189 3505 1116 3116
Route 2 : 1456 3456 710 1694 3694 2710 1115 3115
Route 3 : 131 226 1200 2131 2226 3200 387 2387
Route 4 : 1820 3820 1631 3631 1201 633 3201 2633
Route 5 : 1410 3410 878 2878 1161 1175 3161 3175 575 2575
Route 6 : 941 903 2903 2941 1142 873 3142 2873
Route 7 : 1911 872 2872 3911 1406 3406
Route 8 : 1472 1799 1239 1947 3799 3239 3472 3947
Route 9 : 34 2034 1196 1259 3196 3259 1801 3801 906 2906
Route 10 : 1772 1354 3772 3354 46 85 2085 2046
Route 11 : 1529 835 89 3529 2835 2089 1276 3276
Route 12 : 774 564 2774 2564 1440 994 3440 2994
Route 13 : 1245 604 1474 181 3245 3474 2604 2181
Route 14 : 1365 1877 3365 1940 3877 3940 1725 3725
Route 15 : 1304 3304 1499 616 3499 2616 117 2117
Route 16 : 780 1340 1125 2780 3125 3340 483 2483
Route 17 : 1209 1858 192 2192 3858 883 2883 3209
Route 18 : 842 1174 887 3174 2842 2887 358 2358
Route 19 : 1492 1530 3530 3492 203 530 2530 2203
Route 20 : 896 657 223 1155 2896 2223 2657 3155
Route 21 : 1500 959 15 3500 2959 2015 382 2382
Route 22 : 1321 1363 1682 3363 3321 1521 3682 3521
Route 23 : 1509 3509 1224 935 2935 3224 1621 3621
Route 24 : 1088 892 2892 1703 3088 1488 3703 3488
Route 25 : 1338 760 2760 964 1193 2964 3193 3338
Route 26 : 712 342 1648 2712 3648 2342 567 2567
Route 27 : 1976 1484 3976 3484 343 2343
Route 28 : 986 2986 1622 222 790 3622 2790 2222
Route 29 : 1727 1435 1162 3727 3435 3162 1043 3043
Route 30 : 1846 1945 3846 23 3945 2023 993 2993
Route 31 : 1360 3360 1455 104 3455 1062 3062 2104
Route 32 : 696 274 640 2274 2640 1454 3454 2696
Route 33 : 936 944 2936 145 1137 2145 2944 3137
Route 34 : 970 2970 1675 3675 172 1693 2172 3693
Route 35 : 75 215 2215 2075 497 91 2091 2497
Route 36 : 221 644 2221 1384 2644 740 3384 2740
Route 37 : 177 2177 806 298 2806 2298 1581 1866 3581 3866
Route 38 : 1152 364 1269 2364 3269 3152
Route 39 : 659 504 2659 322 2504 78 2322 2078
Route 40 : 733 144 2733 574 2144 2574
Route 41 : 477 1555 2477 225 3555 562 2562 2225
Route 42 : 120 266 909 2120 2909 2266 136 2136
Route 43 : 1663 3663 1080 1126 3126 3080
Route 44 : 413 489 549 2413 2549 2489 1113 3113
Route 45 : 61 1185 2061 3185 1212 1910 3212 3910
Route 46 : 690 680 1824 3824 1450 2680 3450 2690
Route 47 : 1291 1208 230 3291 2230 3208
Route 48 : 1019 1580 3580 3019 1961 1721 3721 3961
Route 49 : 1199 591 3199 2591 496 370 2370 2496
Route 50 : 621 488 2488 2621 1728 668 3728 2668
Route 51 : 1437 528 2528 3437 1708 3708 877 2877
Route 52 : 1005 3005 306 2306 1743 1571 3743 3571
Route 53 : 534 2534 1988 1853 1464 3988 3853 3464
Route 54 : 544 1252 1006 2544 3252 3006 1287 3287 810 2810
Route 55 : 381 1218 2381 1382 3218 3382
Route 56 : 335 661 1497 2335 14 3497 2661 2014
Route 57 : 770 1541 2770 1783 3541 1334 3783 3334
Route 58 : 371 183 2371 2183 1874 3874 431 2431
Route 59 : 965 548 1388 2965 3388 2548 924 2924
Route 60 : 1397 392 1166 3397 3166 1836 2392 3836
Route 61 : 1645 3645 1870 566 3870 2566
Route 62 : 1171 1658 1050 3658 3050 1757 3171 3757
Route 63 : 1217 928 3217 1623 1894 2928 3623 3894
Route 64 : 1004 325 2325 846 2846 487 2487 3004
Route 65 : 831 1075 762 3075 2831 2762
Route 66 : 960 643 2960 836 2643 2836 334 2334
Route 67 : 1596 1449 3596 795 2795 3449 1664 3664
Route 68 : 1595 3595 361 1246 2361 3246 1173 3173
Route 69 : 1310 1272 791 3272 3310 2791 1780 3780
Route 70 : 513 529 2513 830 2529 967 2830 2967
Route 71 : 1895 1689 3895 3689 1487 3487
Route 72 : 1204 3204 1919 18 109 2018 3919 2109 1666 3666
Route 73 : 1263 1642 3263 1730 3730 3642 379 93 2093 2379
Route 74 : 727 1299 1346 1330 2727 3330 3346 3299
Route 75 : 16 2016 1827 1513 3827 3513
Route 76 : 1081 801 1835 3081 3835 494 2801 2494
Route 77 : 1181 3181 1297 486 2486 3297 1429 3429
Route 78 : 1923 1798 3923 1015 3798 3015 926 2926
Route 79 : 1933 284 3933 867 2284 2867 1597 3597
Route 80 : 1789 1746 3789 3746 21 2021 631 2631
Route 81 : 108 595 2108 2595 1949 1452 3949 3452 1426 3426
Route 82 : 450 235 2450 2235 1651 3651
Route 83 : 1235 3235 194 2194 254 445 2445 2254
Route 84 : 1568 3568 420 210 1307 2420 2210 3307
Route 85 : 1610 829 3610 2829 350 543 2543 2350
Route 86 : 840 2840 39 1286 3286 2039
Route 87 : 895 241 1143 2895 2241 3143
Route 88 : 703 587 2587 862 2703 1486 2862 3486
Route 89 : 1788 3788 1370 3370 1349 1704 3349 3704
Route 90 : 884 2884 396 2396 520 1679 3679 2520
Route 91 : 444 2444 1003 1010 1230 3003 3010 3230
Route 92 : 1149 1221 369 3149 3221 1698 2369 3698
Route 93 : 167 641 1738 3738 2641 2167 1913 3913
Route 94 : 1971 1830 3971 1385 3830 3385 1463 3463
Route 95 : 1264 788 393 2393 2788 1755 3264 3755
Route 96 : 584 1266 3266 1444 2584 1654 3444 3654
Route 97 : 1355 1973 1319 3973 3355 3319 1489 3489
Route 98 : 1761 3761 1909 1511 3909 3511 1812 3812
Route 99 : 605 1643 1954 3643 3954 2605 664 2664
Route 100 : 82 2082 1867 3867 58 13 2013 2058
Route 101 : 982 54 771 2982 2054 1086 2771 3086
Route 102 : 182 1957 3957 2182 671 811 2671 2811
Route 103 : 1172 861 3172 2861 521 2521
Route 104 : 302 2302 1311 3311 691 3 2003 2691 482 2482
Route 105 : 1925 3925 1303 1415 3415 1618 3303 3618
Route 106 : 1719 3719 1795 1398 3398 3795
Route 107 : 1656 3656 1921 1379 3921 1345 3345 3379
Route 108 : 1491 3491 904 2904 1649 626 3649 2626
Route 109 : 329 415 2329 2415 707 414 2707 2414
Route 110 : 297 527 2527 2297 925 2925
Route 111 : 301 2301 817 897 2817 2897 1604 3604
Route 112 : 1392 63 2063 429 68 1342 2429 2068 3342 3392
Route 113 : 768 2768 1831 1528 251 2251 3831 3528
Route 114 : 1592 1421 3421 313 3592 1197 2313 3197
Route 115 : 932 2932 287 839 915 2287 2839 2915
Route 116 : 217 440 253 2217 2253 2440
Route 117 : 832 2832 779 688 2779 1028 2688 3028
Route 118 : 1203 1102 512 2512 3203 3102 1341 3341
Route 119 : 1748 1129 3129 3748 1764 1389 3389 3764
Route 120 : 1470 902 2902 3470 1234 3234
Route 121 : 94 2094 28 1280 1093 3280 2028 3093 1024 3024
Route 122 : 1599 1567 3567 3599 1325 98 2098 3325 485 2485
Route 123 : 1808 3808 1032 777 2777 3032
Route 124 : 1483 1640 3483 3640 1900 3900 912 2912
Route 125 : 837 922 2922 124 430 2124 1907 2430 3907 2837
Route 126 : 826 1784 3784 2826 1404 3404
Route 127 : 999 746 1589 2999 3589 2746 1068 3068
Route 128 : 1228 3228 735 1504 3504 2735 279 2279
Route 129 : 280 2280 1251 3251 556 914 2914 2556
Route 130 : 1515 734 2734 3515 868 968 2868 2968
Route 131 : 1763 3763 434 658 332 2434 2658 2332
Route 132 : 1916 1035 3035 3916 1457 3457 234 726 2234 2726
Route 133 : 1920 3920 1646 1585 3585 3646
Route 134 : 1332 1232 3232 3332 1878 59 3878 2059
Route 135 : 1577 1122 1821 3577 3122 3821 1613 3613
Route 136 : 1929 3929 339 2339 942 2942 847 2847
Route 137 : 676 278 2676 185 2278 2185
Route 138 : 464 600 2464 2600 1561 3561
Route 139 : 43 1430 2043 980 3430 2980 834 2834
Route 140 : 966 1981 2966 3981 1608 3608
Route 141 : 706 639 1154 2706 2639 3154
Route 142 : 196 660 2660 729 2196 975 2975 2729
Route 143 : 1042 938 2938 3042 449 457 2449 273 2273 2457
Route 144 : 32 1538 2032 3538 1637 1838 3637 3838
Route 145 : 402 2402 1471 1977 1247 3471 3977 3247
Route 146 : 647 2647 337 865 1441 2337 2865 3441
Route 147 : 1506 1423 608 3506 1018 3423 3018 2608
Route 148 : 70 2070 29 951 2951 2029 436 2436
Route 149 : 260 110 2260 1242 2110 3242 1215 3215
Route 150 : 1899 1591 3591 3899 1762 3762 1083 3083
Route 151 : 1508 1665 138 62 3665 2062 3508 2138
Route 152 : 1522 3522 619 1127 3127 2619
Route 153 : 1368 3368 1244 632 2632 3244
Route 154 : 1144 3144 1540 3540 1607 242 2242 3607 212 2212
Route 155 : 1759 1932 3932 3759 1785 3785
Route 156 : 1353 1320 3353 1281 3320 3281 1373 3373
Route 157 : 1077 954 2954 3077 1405 1938 3405 3938
Route 158 : 373 122 2373 2122 818 480 2818 2480
Route 159 : 663 83 2083 293 2663 2293 320 2320
Route 160 : 738 2738 258 441 2258 1023 2441 3023
Route 161 : 743 1834 2743 1633 3834 3633
Route 162 : 1602 3602 394 377 894 2394 2377 2894 1811 3811
Route 163 : 607 949 763 2949 718 2763 2607 2718
Route 164 : 1734 3734 374 26 2026 2374 716 2716
Route 165 : 1963 3963 1978 92 97 3978 2092 2097
Route 166 : 610 2610 907 624 2907 467 2624 2467
Route 167 : 957 2957 948 1013 3013 2948
Route 168 : 76 2076 1371 3371 1563 6 3563 2006
Route 169 : 785 1948 3948 2785 160 56 2160 2056
Route 170 : 149 2149 1844 281 3844 1387 2281 3387
Route 171 : 1045 816 1677 3045 2816 3677
Route 172 : 141 2141 1458 812 3458 2812 637 2637
Route 173 : 649 821 2821 2649 667 1085 3085 2667
Route 174 : 1150 908 3150 825 2908 1560 2825 3560 849 2849
Route 175 : 1771 1461 3771 910 3461 2910
Route 176 : 1532 3532 920 1260 1715 3260 2920 3715
Route 177 : 1339 526 1752 2526 3752 3339
Route 178 : 570 879 2570 1537 2879 3537
Route 179 : 270 95 2270 705 2095 969 824 2969 2824 2705
Route 180 : 1267 1301 3267 3301 890 596 2596 2890
Route 181 : 1383 3383 129 1774 2129 3774
Route 182 : 1223 1 447 3223 2001 2447 1302 3302
Route 183 : 175 2175 184 1732 2184 1579 3732 3579
Route 184 : 48 819 1118 2048 2819 495 2495 3118
Route 185 : 1991 3991 191 1002 2191 3002 510 2510 154 2154
Route 186 : 72 921 2072 2921 766 1216 2766 3216
Route 187 : 471 2471 233 1685 1344 3685 3344 2233 988 2988
Route 188 : 1829 3829 218 1210 3210 2218
Route 189 : 276 2276 1451 3451 1128 3128 1889 3889 1524 3524
Route 190 : 119 398 2119 1804 2398 1690 3690 3804
Route 191 : 650 2650 737 2737 422 683 2422 2683
Route 192 : 1136 1543 1443 3136 3443 3543 470 2470
Route 193 : 739 2739 1710 3710 1578 257 2257 3578
Route 194 : 1336 352 3336 2352 1944 3944 228 201 2228 2201
Route 195 : 231 411 2231 2411 1781 3781
Route 196 : 437 979 2437 2979 395 333 2333 2395
Route 197 : 390 2390 1063 168 2168 996 3063 2996
Route 198 : 1575 1632 1980 3575 3632 3980 1190 3190
Route 199 : 769 1206 1570 3206 2769 3570
Route 200 : 711 635 2635 2711 1667 3667 250 2250
Route 201 : 843 2843 930 891 1460 2930 2891 3460
Route 202 : 685 2685 1477 1412 3412 3477 336 2336
Route 203 : 1657 3657 1153 3153 1709 1594 3594 3709
Route 204 : 1425 1138 3138 1367 3425 3367
Route 205 : 243 2243 704 2704 113 448 2113 2448
Route 206 : 1574 326 3574 2326 557 673 2557 2673
Route 207 : 656 1288 3288 2656 1009 102 3009 2102
Route 208 : 38 174 198 2198 2038 2174 1868 1278 3868 3278
Route 209 : 694 2694 1408 730 3408 2730 1558 3558
Route 210 : 100 2100 585 2585 1082 1952 3082 3952
Route 211 : 1875 3875 383 1191 2383 1908 3191 3908
Route 212 : 881 2881 1661 354 455 3661 2354 2455
Route 213 : 1347 901 3347 586 261 2901 2586 2261
Route 214 : 731 1141 472 2731 3141 2472 1534 3534
Route 215 : 170 2170 613 1021 833 2833 876 3021 2876 2613
Route 216 : 1586 3586 1918 1733 3918 1110 3110 3733
Route 217 : 151 2151 310 2310 598 389 2598 2389
Route 218 : 1293 572 2572 3293 1432 1057 3432 3057
Route 219 : 1714 1573 3714 1935 3573 3935 1194 3194
Route 220 : 1343 1417 193 2193 3417 10 2010 3343
Route 221 : 655 2655 952 2952 1990 1556 3556 3990
Route 222 : 1629 3629 1356 568 3356 2568 823 2823
Route 223 : 724 5 2724 2005 492 166 2492 2166 1934 3934
Route 224 : 796 1837 3837 1754 2796 299 3754 2299
Route 225 : 1997 3997 456 376 2376 49 2456 2049
Route 226 : 244 2244 84 2084 1052 3052 1182 1064 3064 3182
Route 227 : 728 159 2728 2159 1177 1140 3177 3140
Route 228 : 669 515 1255 2669 2515 3255 1418 3418
Route 229 : 1797 1636 3797 3636 1782 1751 3751 3782
Route 230 : 57 1020 2057 820 3020 992 2820 2992
Route 231 : 19 2019 1285 781 2781 3285
Route 232 : 522 155 2522 2155 236 340 2340 2236
Route 233 : 617 1001 2617 3001 1737 933 3737 2933
Route 234 : 289 2289 856 2856 96 1438 3438 2096
Route 235 : 956 905 2956 2905 1605 1823 3823 3605
Route 236 : 1448 3448 784 351 2351 2784 848 2848
Route 237 : 1760 532 2532 858 1195 3760 3195 2858
Route 238 : 1039 1096 3039 1832 3096 3832 1705 3705
Route 239 : 1628 3628 1022 972 3022 135 2972 2135
Route 240 : 1565 911 2911 3565 408 578 2578 2408
Route 241 : 1956 778 2778 3956 560 2560
Route 242 : 1818 1394 1736 3818 1326 3736 3326 3394
Route 243 : 428 1503 2428 3503 700 2700 461 2461
Route 244 : 804 998 535 2998 1198 2535 3198 2804
Route 245 : 1377 3377 303 200 629 2200 2303 2629
Route 246 : 1850 3850 1983 3983 950 127 2127 2950
Route 247 : 1049 3049 1533 1880 3880 3533 187 2187
Route 248 : 1683 453 3683 2453 1051 1333 3333 3051
Route 249 : 256 1953 3953 2256 366 1308 2366 3308 229 2229
Route 250 : 478 1226 916 2478 2916 3226 723 2723
Route 251 : 697 1366 3366 2697 1998 3998 569 2569
Route 252 : 1317 418 2418 3317 1145 1744 3744 3145
Route 253 : 772 1256 1165 3256 540 3165 2540 2772
Route 254 : 542 1559 268 3559 2542 2268 1095 3095
Route 255 : 294 646 2646 2294 73 71 2073 2071
Route 256 : 1407 1851 3407 3851 1891 3891
Route 257 : 1439 3439 589 927 2589 2927
Route 258 : 115 1482 2115 3482 1939 3939
Route 259 : 1609 3609 1671 776 3671 757 2776 2757 1031 3031
Route 260 : 1960 3960 1510 1030 1459 3510 3030 3459
Route 261 : 1070 3070 1120 1046 3120 3046 1462 3462
Route 262 : 1362 1322 3322 1467 3467 1872 3362 3872
Route 263 : 1036 582 1104 3036 2582 3104 1731 3731
Route 264 : 1296 1167 3296 3167 1514 3514 311 2311
Route 265 : 1481 713 751 3481 2713 2751 518 2518
Route 266 : 316 2316 1498 869 2869 3498 1863 3863
Route 267 : 634 2634 156 939 714 2714 2939 416 2156 2416
Route 268 : 1876 1157 3876 165 3157 1796 3796 2165
Route 269 : 799 2799 1620 1121 3620 3121 961 2961
Route 270 : 1066 1270 1442 3270 3442 3066 1261 602 2602 3261
Route 271 : 516 490 493 2493 2490 2516 827 2827
Route 272 : 601 852 1048 2601 245 2852 3048 2245
Route 273 : 22 1233 725 384 3233 2725 1893 2384 3893 2022
Route 274 : 60 1793 2060 3793 1309 885 2885 3309
Route 275 : 349 2349 1101 3101 1294 3294 1722 3722
Route 276 : 1400 648 2648 3400 1660 3660
Route 277 : 1277 458 2458 3277 1453 206 2206 3453
Route 278 : 945 802 2945 2802 1768 3768 1047 3047
Route 279 : 1778 1292 1135 3292 3778 3135 666 2666
Route 280 : 1501 1337 3337 1054 403 3054 2403 3501
Route 281 : 918 1254 2918 3254 1507 1131 3507 3131
Route 282 : 277 2277 1531 1262 899 3262 2899 3531
Route 283 : 977 1029 2977 3029 1914 3914
Route 284 : 1061 388 1717 3061 2388 3717 1852 3852
Route 285 : 169 1114 1720 2169 3114 1243 3720 3243
Route 286 : 1187 1465 3187 3465 1466 3466
Route 287 : 1351 1886 3886 3351 1512 3512 630 2630
Route 288 : 360 2360 636 775 2775 2636 1601 3601
Route 289 : 1375 1906 3375 1967 3906 1699 3967 3699
Route 290 : 1431 3431 164 86 2164 2086 1769 3769
Route 291 : 204 1106 345 2204 2345 3106
Route 292 : 307 2307 1094 130 3094 327 2327 2130
Route 293 : 1930 1841 435 3930 3841 2435
Route 294 : 407 900 2407 88 2900 2088 1687 3687
Route 295 : 1416 213 1873 3873 2213 1523 3416 1816 3523 3816
Route 296 : 1869 3869 121 331 2121 2331
Route 297 : 41 981 465 2041 2465 224 2981 2224 1231 3231
Route 298 : 702 446 2702 2446 503 1847 2503 3847
Route 299 : 1485 37 2037 378 559 2559 2378 3485
Route 300 : 797 2797 1912 3912 304 2304 1716 3716
Route 301 : 412 937 2412 2937 917 1966 2917 3966
Route 302 : 1016 3016 363 180 2363 653 2180 2653
Route 303 : 1493 3493 1329 1702 3329 3702 469 2469
Route 304 : 1753 1238 1756 3753 3756 3238 1393 3393
Route 305 : 987 2987 1298 681 2681 3298
Route 306 : 162 1072 3072 2162 80 2080 114 2114
Route 307 : 1146 3146 525 1786 2525 150 2150 74 3786 2074
Route 308 : 1059 3059 853 866 2853 1598 2866 3598
Route 309 : 963 1779 3779 2963 611 1644 2611 3644
Route 310 : 1984 3984 752 116 2752 2116
Route 311 : 207 662 2207 1819 2662 1898 3819 3898
Route 312 : 803 2803 112 1091 2112 3091
Route 313 : 237 2237 558 923 2923 1282 2558 3282 1792 3792
Route 314 : 642 262 197 2262 2642 2197
Route 315 : 219 1222 2219 3222 1627 3627
Route 316 : 793 1424 188 2793 3424 2188
Route 317 : 1305 1879 3879 3305 1119 3119
Route 318 : 161 2161 978 42 2978 2042 319 2319
Route 319 : 698 1974 2698 1711 3974 736 3711 2736
Route 320 : 990 1828 3828 2990 1160 1735 3160 3735
Route 321 : 283 498 2283 1414 1885 2498 3414 3885
Route 322 : 1026 1700 3700 3026 1519 1713 3713 3519
Route 323 : 1614 3614 397 580 2580 2397
Route 324 : 1928 3928 1078 1139 3078 3139 1986 3986
Route 325 : 1569 593 2593 3569 240 689 2689 2240
Route 326 : 176 612 2176 1380 3380 290 2290 2612
Route 327 : 347 2347 507 2507 1025 1550 77 2077 3550 3025
Route 328 : 679 1164 1065 3164 3065 2679 1562 3562
Route 329 : 1765 205 3765 2205 1111 745 3111 2745
Route 330 : 1017 391 844 3017 2391 2844 654 2654
Route 331 : 1494 1742 3494 3742 651 473 2473 2651
Route 332 : 419 2419 563 678 2563 2678 1188 3188 1227 3227
Route 333 : 1268 3268 1726 3726 64 2064 523 2523
Route 334 : 275 282 2275 2282 1813 1055 3813 3055
Route 335 : 1011 3011 1358 3358 323 1357 2323 3357
Route 336 : 1183 3183 783 2783 1445 132 3445 2132
Route 337 : 1372 341 17 3372 2341 2017 1476 3476
Route 338 : 208 2208 623 898 2623 209 2898 2209
Route 339 : 1776 1468 838 3468 1712 2838 3712 3776
Route 340 : 353 405 1982 2353 2405 3982
Route 341 : 1306 3306 597 267 90 2597 2090 2267
Route 342 : 758 365 2365 2758 1147 1273 3147 3273
Route 343 : 1729 1905 3729 3905
Route 344 : 500 2500 20 454 2020 1767 2454 3767
Route 345 : 1692 1652 3692 1413 3652 3413 670 2670
Route 346 : 615 2615 748 1883 3883 368 2748 2368
Route 347 : 1402 1859 3402 606 3859 2606 1130 3130
Route 348 : 1176 3176 35 1000 3000 2035
Route 349 : 1033 1236 158 3236 2158 699 2699 3033
Route 350 : 1809 1074 3074 3809 813 2813 1123 3123
Route 351 : 1248 27 3248 1564 2027 3564
Route 352 : 55 2055 1917 3917 385 157 2157 2385 317 2317
Route 353 : 66 1810 1619 3810 2066 3619 886 2886
Route 354 : 272 2272 247 1324 2247 1271 3324 3271
Route 355 : 1117 3117 1544 1989 3544 1840 3989 3840
Route 356 : 1985 1936 1312 3985 3312 3936
Route 357 : 2000 171 1557 4000 3557 2171 1662 3662
Route 358 : 1684 1369 1626 1806 3626 3369 3806 3684
Route 359 : 1707 1044 3707 3044 1545 1313 3313 3545
Route 360 : 764 2764 1053 3053 133 1159 3159 2133
Route 361 : 974 134 2134 67 2067 8 2974 2008
Route 362 : 857 2857 1274 1535 3274 1551 3535 3551
Route 363 : 551 747 2551 1718 2747 491 3718 2491
Route 364 : 1993 947 2947 808 2808 3993
Route 365 : 1650 1516 3516 1624 216 3624 2216 3650
Route 366 : 732 128 2128 2732 1427 286 3427 2286
Route 367 : 139 2139 1473 3473 863 1169 2863 3169
Route 368 : 1396 476 3396 2476 1915 3915
Route 369 : 463 2463 1845 1525 1109 3845 3525 3109
Route 370 : 761 2761 1315 1250 3315 3250 143 2143
Route 371 : 252 755 573 2755 2252 2573
Route 372 : 1817 3817 1148 1249 3148 3249
Route 373 : 1969 3969 1376 3376 1479 854 2854 3479
Route 374 : 1490 356 3490 1659 3659 1739 2356 3739
Route 375 : 466 2466 1547 3547 1787 1770 3787 3770 1034 3034
Route 376 : 1552 3552 805 1896 2805 3896
Route 377 : 288 1864 2288 1027 3864 3027
Route 378 : 1887 983 1361 3887 2983 1097 3361 3097
Route 379 : 1401 3401 99 919 2099 2919
Route 380 : 874 2874 214 2214 553 547 2547 2553 614 2614
Route 381 : 348 692 12 2692 2012 2348 1107 3107
Route 382 : 1447 1323 1478 3323 3447 3478
Route 383 : 65 1617 1518 2065 3518 3617 1279 3279
Route 384 : 481 1855 3855 2481 519 2519
Route 385 : 190 147 427 2147 2427 2190
Route 386 : 1937 3937 1903 1805 3805 1359 3903 3359
Route 387 : 173 2173 1970 677 406 3970 2406 2677
Route 388 : 1241 550 2550 1723 3723 962 2962 3241
Route 389 : 1814 1706 3706 3814 1747 1686 3747 3686
Route 390 : 1741 3741 618 2618 579 386 2386 2579
Route 391 : 106 2106 1258 1848 3848 3258
Route 392 : 1871 1987 3871 308 3987 2308 1979 3979
Route 393 : 1089 955 3089 2955 1156 841 2841 3156
Route 394 : 1253 330 3253 2330 1965 1826 3965 3826
Route 395 : 1968 3968 263 789 2789 871 2263 2871
Route 396 : 1133 51 1583 3133 2051 3583 1791 3791
Route 397 : 1931 1192 509 3192 3931 2509 1758 3758
Route 398 : 1069 1041 3069 1390 3041 1496 3390 3496
Route 399 : 1790 561 3790 2561 1214 163 3214 2163
Route 400 : 1395 792 1803 3395 2792 3803
Route 401 : 1108 3108 1391 1037 749 3391 3037 2749
Route 402 : 1100 3100 1904 851 3904 1600 2851 3600
Route 403 : 708 2708 153 105 2153 2105 767 2767 1219 3219
Route 404 : 1881 79 2079 687 1943 3943 2687 3881
Route 405 : 475 87 552 2087 2552 1959 3959 2475
Route 406 : 860 305 417 2860 2305 2417
Route 407 : 1615 1815 3615 815 3815 2815 50 2050
Route 408 : 554 720 929 2554 2720 2929 1548 3548
Route 409 : 1257 3257 1992 1655 1822 3992 3822 3655
Route 410 : 459 1399 2459 1590 3590 3399
Route 411 : 479 765 2765 2479 773 249 2773 2249
Route 412 : 1861 292 1888 3861 2292 3888
Route 413 : 536 2536 300 1647 2300 3647 111 2111 468 2468
Route 414 : 1058 3058 1681 3681 255 2255 81 1170 3170 2081
Route 415 : 30 674 2674 2030 1316 1856 3316 3856
Route 416 : 1611 227 1237 3611 2227 3237
Route 417 : 1134 3134 538 1927 2538 3927 1950 3950
Route 418 : 1403 3403 943 315 2315 2943 684 2684
Route 419 : 1884 782 3884 1825 3825 2782 1635 3635
Route 420 : 1566 1168 1653 3566 3168 3653
Route 421 : 539 2539 1056 3056 645 721 2721 2645
Route 422 : 1014 754 47 3014 2754 2047
Route 423 : 1669 3669 462 741 2462 2741
Route 424 : 4 178 1839 2004 2178 3839
Route 425 : 424 2424 295 1007 997 3007 2295 2997
Route 426 : 599 576 2576 2599 1098 1084 3098 3084
Route 427 : 1807 3807 1865 3865 1750 3750 984 2984
Route 428 : 179 2179 246 33 426 2246 2426 2033
Route 429 : 1469 3469 248 880 1079 2248 3079 2880
Route 430 : 1229 3229 421 1180 2421 3180 1890 3890
Route 431 : 1265 1331 1634 3331 3634 652 3265 2652
Route 432 : 346 2346 1639 638 3639 1678 2638 3678
Route 433 : 7 2007 399 1672 2399 870 3672 2870
Route 434 : 1670 1502 1374 3374 3670 3502
Route 435 : 1951 3951 625 1295 3295 2625
Route 436 : 425 581 1553 3553 2425 2581 524 2524
Route 437 : 220 142 2220 409 2142 2409
Route 438 : 976 1480 53 3480 2976 2053 719 2719
Route 439 : 1433 709 1854 3433 2709 3854 514 2514
Route 440 : 1994 3994 359 344 693 2344 2693 2359
Route 441 : 1701 1225 3225 3701 1314 1612 3314 3612
Route 442 : 1520 1335 620 3520 715 3335 2620 2715
Route 443 : 1833 1800 3833 1211 590 3800 3211 2590
Route 444 : 1328 3328 888 798 2888 2798
Route 445 : 531 1962 1087 2531 3962 3087 759 2759
Route 446 : 211 432 2432 1124 11 2011 3124 1892 3892 2211
Route 447 : 338 2338 118 2118 239 1673 2239 3673
Route 448 : 44 1958 3958 672 1638 2044 2672 3638
Route 449 : 372 2372 1283 36 541 2036 2541 3283
Route 450 : 1350 1411 3350 3411 1517 1582 3582 3517
Route 451 : 474 2474 140 296 864 2140 2296 2864
Route 452 : 953 2953 537 971 2971 2537 506 2506
Route 453 : 1616 3616 1546 1539 3546 3539 1038 3038
Route 454 : 1428 3428 822 665 2822 1318 3318 2665
Route 455 : 1668 3668 1922 1630 1773 3922 3630 3773
Route 456 : 1860 318 3860 2 2318 1158 2002 3158
Route 457 : 195 1593 2195 3593 123 2123 722 800 2722 2800
Route 458 : 148 502 675 2148 2502 2675 285 2285
Route 459 : 1352 3352 1436 946 3436 2946
Route 460 : 484 404 2484 2404 583 2583
Route 461 : 991 686 2991 545 2686 2545
Route 462 : 1060 3060 1924 3924 1179 3179 9 2009
Route 463 : 1946 137 3946 2137 859 1348 3348 2859
Route 464 : 1475 438 3475 501 202 2438 2501 2202
Route 465 : 1745 3745 744 1103 3103 1542 508 2508 3542 2744
Route 466 : 40 328 565 2328 2565 2040 1897 3897
Route 467 : 1842 3842 321 893 2321 1843 2893 3843
Route 468 : 1926 3926 1112 786 2786 3112 25 2025
Route 469 : 934 69 814 2934 2069 2814
Route 470 : 756 2756 186 1849 2186 1902 3849 3902
Route 471 : 126 2126 443 1995 3995 2443
Route 472 : 1536 1446 1696 1766 3696 3446 3766 3536
Route 473 : 855 452 2855 603 2452 958 2603 2958
Route 474 : 357 2357 1554 1163 995 1857 3163 3554 3857 2995
Route 475 : 1526 3526 1289 1802 3289 3802 1220 3220
Route 476 : 1882 882 2882 794 1067 2794 3067 3882
Route 477 : 1625 1012 146 3625 3012 2146 1775 3775
Route 478 : 24 2024 1691 850 2850 1572 3691 3572
Route 479 : 1076 875 989 2989 2875 1941 3941 3076
Route 480 : 533 2533 1419 3419 1697 1740 3697 3740
Route 481 : 931 973 2931 2973 985 1202 2985 3202
Route 482 : 1092 3092 1942 460 3942 2460
Route 483 : 1996 3996 1189 1073 1071 3189 3073 3071 1300 3300
Route 484 : 1975 400 2400 3975 1422 3422 940 2940
Route 485 : 1724 3724 577 546 2546 2577
Route 486 : 125 1099 2125 3099 809 627 2627 2809
Route 487 : 199 1381 3381 423 1495 2199 2423 3495
Route 488 : 355 2355 1284 1777 3284 1606 3606 3777
Route 489 : 269 238 2269 2238 1549 3549
Route 490 : 1527 571 3527 1676 2571 3676
Route 491 : 845 291 2845 2291 45 594 2594 2045
Route 492 : 1680 1603 3680 1178 3603 3178 1327 3327
Route 493 : 695 2695 828 1008 505 2828 3008 2505 1434 3434
Route 494 : 1862 3862 1151 1186 499 3186 3151 2499
Route 495 : 1999 3999 1420 1794 3420 3794
Route 496 : 1386 3386 107 1584 2107 3584 101 2101
Route 497 : 717 1290 609 2609 3290 1205 1364 3364 3205 2717
Route 498 : 401 259 2401 1674 2259 3674 742 2742
Route 499 : 787 1964 2787 442 750 2750 2442 3964
Route 500 : 588 2588 451 511 592 2451 2592 2511
Route 501 : 682 807 264 2264 2682 2807 701 2701
Route 502 : 1275 309 1040 2309 3275 3040 380 2380
Route 503 : 31 913 2913 622 410 2622 2031 2410
Route 504 : 271 1213 3213 2271 753 2753
Route 505 : 324 367 2367 433 2324 2433
Route 506 : 1576 1587 3587 375 517 3576 2375 2517
Route 507 : 1955 3955 555 1378 3378 2555
Route 508 : 265 1105 1090 2265 3090 3105 1588 3588
Route 509 : 1641 3641 152 1240 3240 2152 1132 3132
Route 510 : 1749 1409 3409 3749 889 232 2889 2232
Route 511 : 312 628 362 2628 2312 2362 1688 3688
Route 512 : 439 2439 103 314 2314 2103 1695 3695
Route 513 : 1207 3207 1184 1901 1972 3184 3901 3972
