Instance name : poa-n1000-5
Authors       : Dmitriy Demin, Mikhail Diakov (msd@veeroute.com), Ivan Ilin, Nikita Ivanov, Viacheslav Sokolov (vs@veeroute.com) et al. VRt Global (https://veeroute.com/)
Date          : 2023-07-09
Reference     : veeroute.com
Solution
Route 1 : 321 62 562 344 821 844 306 157 657 216 806 418 716 918 42 542 432 362 932 862
Route 2 : 389 889 142 217 642 717 428 928 408 908 451 485 951 985 449 294 949 165 794 359 665 859
Route 3 : 486 986 226 726 369 869 172 417 672 917 18 518 403 903 245 153 653 745 110 610
Route 4 : 189 689 500 38 538 1000 187 457 957 248 687 748 336 475 836 40 975 540 447 225 947 725
Route 5 : 372 265 872 765 280 780 450 950 149 282 782 649 101 168 668 601 492 992 285 113 785 613
Route 6 : 333 833 193 693 15 515 250 750 458 958 410 910 140 11 640 511 237 275 737 775
Route 7 : 489 446 989 946 258 758 58 200 700 558 370 330 830 870 166 666 90 223 141 723 641 590
Route 8 : 228 728 138 266 638 766 148 257 757 12 648 512 120 395 620 106 895 147 647 606 289 338 789 838
Route 9 : 244 181 744 681 51 416 424 924 551 916 97 382 597 882 454 402 954 317 817 902
Route 10 : 92 326 592 373 826 873 17 89 589 109 609 517 290 420 920 790 78 578 393 243 893 743
Route 11 : 16 82 173 582 673 286 516 786 32 394 532 894 47 163 663 547 251 751 28 103 603 528
Route 12 : 374 874 247 747 269 21 459 521 769 274 959 774 425 925 325 825 473 302 802 973 267 767
Route 13 : 10 229 131 631 455 729 955 439 387 939 887 350 54 510 465 850 554 965 240 377 740 877
Route 14 : 126 626 124 624 1 501 495 151 995 198 698 651 259 759 203 703 271 123 771 623 102 602
Route 15 : 199 460 960 7 288 507 788 414 2 502 914 319 238 738 819 261 483 983 761 396 896 699
Route 16 : 311 811 329 829 488 353 853 988 404 227 904 44 544 212 712 727 37 438 938 537
Route 17 : 383 76 883 576 433 413 913 933 30 530 474 176 974 279 676 779 204 26 704 526
Route 18 : 493 993 213 150 650 351 713 218 851 718 434 934 195 185 695 685 443 943
Route 19 : 79 579 295 114 614 795 146 293 646 793 85 233 585 733 3 347 503 277 777 847
Route 20 : 19 519 115 135 615 635 284 249 784 749 111 234 734 611 391 891 231 46 546 467 967 731
Route 21 : 5 505 327 827 188 688 358 390 858 69 890 569 121 184 621 684 407 907 236 436 936 736 136 636
Route 22 : 81 137 581 637 273 158 658 308 773 75 808 575 119 144 619 644 230 730 88 130 588 630
Route 23 : 175 675 341 56 342 841 556 842 252 409 752 909 48 207 707 469 969 83 548 583 180 680
Route 24 : 498 160 998 174 674 660 307 807 122 622 380 357 360 857 880 860 145 8 645 508 80 580
Route 25 : 339 52 552 23 162 839 523 241 662 741 281 781 55 555 63 563 196 696 239 313 739 813
Route 26 : 211 192 711 482 692 406 906 363 982 863 462 191 691 962 93 354 593 854 367 867 4 366 504 866
Route 27 : 379 879 105 67 605 567 27 73 573 315 527 815 116 405 616 34 534 905 348 848
Route 28 : 437 937 480 49 128 549 628 314 814 206 444 944 57 706 557 496 43 996 980 543 468 968
Route 29 : 304 322 804 822 41 381 541 881 208 60 708 560 453 45 953 545 132 232 632 732
Route 30 : 452 177 677 952 411 911 301 472 801 972 463 36 536 963 143 643 183 39 539 683
Route 31 : 440 263 763 940 287 787 441 25 464 376 525 876 964 365 161 661 865 941 253 753 235 385 885 735
Route 32 : 179 491 679 84 584 399 899 214 991 422 714 398 922 898 256 756 209 709 178 678 74 574
Route 33 : 335 375 190 835 690 875 297 262 797 426 926 762 283 783 484 984 456 956 201 72 572 701 298 798
Route 34 : 340 324 824 840 182 299 682 799 352 64 224 724 564 852 152 384 65 652 107 219 565 607 884 719
Route 35 : 386 334 886 197 834 697 155 476 976 655 343 843 461 481 499 961 981 171 999 430 276 930 671 776
Route 36 : 98 598 108 328 828 608 112 345 612 845 423 59 559 490 923 87 990 587 305 320 805 479 820 979
Route 37 : 331 412 831 349 912 849 35 24 535 524 401 901 316 816 442 421 942 921 94 419 919 594
Route 38 : 497 997 378 156 878 656 169 356 856 13 513 669 477 977 242 742 70 570 68 568 96 596 95 595
Route 39 : 471 971 210 487 987 710 33 91 591 533 117 53 553 617 400 900 6 470 970 388 506 888
Route 40 : 66 566 170 670 260 104 760 99 604 14 599 50 514 215 255 715 550 755 300 268 768 800
Route 41 : 222 29 77 529 722 392 577 892 205 494 705 994 397 897 61 272 772 561 220 720
Route 42 : 86 431 586 931 312 318 818 812 159 292 792 125 659 139 625 361 861 639 466 167 667 966
Route 43 : 309 337 809 837 9 509 445 945 127 332 627 832 221 291 791 371 721 323 364 871 864 823
Route 44 : 134 634 435 254 754 935 415 915 20 520 310 429 810 31 929 531 154 346 654 846
Route 45 : 246 746 22 522 164 202 664 702 427 927 186 100 686 600 194 694 71 448 948 571
Route 46 : 368 264 868 764 478 978 355 118 855 618 270 770 129 629 278 303 778 296 796 803 133 633