Instance name : poa-n400-6
Authors : Hiermann, G. and Schiffer, M.
Date : 2024-04-30
Reference : arXiv:2405.00230
Solution
Route 1 :  143 166 101 301 176 343 366 163 376 85 285 363
Route 2 :  103 179 303 50 122 250 379 79 322 39 279 239
Route 3 :  190 5 47 77 82 390 282 205 277 247
Route 4 :  165 365 22 159 222 121 55 321 255 359
Route 5 :  196 92 396 34 72 234 272 75 292 275
Route 6 :  43 148 6 348 206 178 243 188 378 388
Route 7 :  51 24 224 89 251 20 289 140 340 220
Route 8 :  86 7 98 286 298 168 207 112 312 368
Route 9 :  78 49 193 278 249 393 44 31 244 231
Route 10 :  40 151 66 173 147 351 347 240 266 373
Route 11 :  25 225 123 160 118 180 380 360 323 318
Route 12 :  104 96 304 64 108 296 308 264 74 274
Route 13 :  68 268 33 192 191 392 391 182 233 382
Route 14 :  109 309 91 38 157 291 357 67 267 238
Route 15 :  167 111 141 367 341 311 56 54 254 256
Route 16 :  128 48 248 171 36 236 371 113 313 328
Route 17 :  12 23 212 223 185 189 385 8 208 389
Route 18 :  187 387 138 175 80 280 338 375 154 354
Route 19 :  172 125 120 110 325 320 52 310 372 252
Route 20 :  184 126 200 87 384 400 83 287 283 326
Route 21 :  124 127 324 155 327 130 198 355 330 398
Route 22 :  18 169 13 213 174 218 374 150 369 350
Route 23 :  71 15 271 59 153 259 16 216 353 215
Route 24 :  62 164 27 116 227 65 265 364 262 316
Route 25 :  199 399 102 139 4 302 26 204 226 339
Route 26 :  35 133 170 235 183 333 383 370 32 232
Route 27 :  69 149 349 95 269 21 221 295 135 335
Route 28 :  29 14 214 229 84 88 156 356 284 288
Route 29 :  45 245 73 9 162 273 209 144 362 344
Route 30 :  197 161 137 361 132 117 337 397 317 332
Route 31 :  94 100 53 300 294 60 253 10 260 210
Route 32 :  181 145 381 119 319 28 345 63 228 263
Route 33 :  131 41 1 331 11 201 241 211 177 377
Route 34 :  58 76 276 90 290 258 57 257 70 270
Route 35 :  61 107 307 3 203 261 152 352
Route 36 :  146 134 97 297 346 142 334 342
Route 37 :  37 30 237 17 129 217 329 230
Route 38 :  115 315 186 158 358 194 394 386
Route 39 :  105 46 305 42 114 246 314 242
Route 40 :  81 195 19 93 281 219 293 395
Route 41 :  2 106 136 202 99 336 299 306
