Instance name : poa-n600-5
Authors : Alexander Yuskov (a.yuskov@g.nsu.ru), Igor Kulachenko (ink@math.nsc.ru), Yury Kochetov, Igor Vasilyev, Zhangdong, Chenjuan, Huanghaohan, Wanglongfei
Date : 28.05.2025
Reference : HGIM
Solution
Route 1 : 274 32 232 178 574 126 532 296 596 426 478 72 270 29 372 329 22 223 322 523 239 570 539 160 17 460 317 201 501 300 11 332 311 600
Route 2 : 269 71 371 26 569 243 117 292 592 417 96 326 396 250 168 468 550 170 470 276 155 576 543 455 48 94 132 348 394 54 432 354
Route 3 : 184 291 21 484 591 321 277 171 471 45 235 577 254 535 247 345 547 554 289 214 163 463 4 304 514 589 103 179 479 259 559 403
Route 4 : 145 268 16 316 283 445 568 583 131 138 431 211 511 438 230 149 530 176 449 476 56 356 218 265 186 518 271 486 565 571
Route 5 : 287 199 499 587 89 389 151 129 429 233 451 533 234 240 134 540 434 534 267 28 328 60 567 360 221 166 466 521
Route 6 : 102 113 402 413 97 397 147 59 447 359 213 513 77 119 377 293 419 593 65 365 27 104 404 327 188 53 353 488 258 558
Route 7 : 205 150 450 87 505 387 148 92 392 3 303 448 281 41 169 341 581 469 220 156 203 520 456 133 503 279 101 401 433 579 253 553
Route 8 : 137 68 50 105 368 437 33 333 350 245 299 599 23 25 545 219 519 325 278 323 578 212 405 180 226 480 512 238 526 249 538 549
Route 9 : 42 231 531 36 342 85 385 120 100 420 55 400 336 73 355 140 373 135 124 440 298 177 424 435 598 107 407 477 175 475 18 318
Route 10 : 19 237 319 537 173 286 473 294 586 128 9 309 182 594 428 482 30 330 288 115 588 24 74 324 374 415 46 35 346 335 15 197 497 315
Route 11 : 139 80 380 439 44 344 8 110 308 410 40 340 196 496 13 275 313 63 284 575 584 98 84 398 384 363 114 414 295 125 425 595
Route 12 : 161 158 297 5 458 597 305 273 142 442 183 483 573 99 187 399 266 566 487 257 557 172 461 472 282 127 427 582 255 210 154 510 454 555
Route 13 : 207 507 153 264 453 202 502 564 62 181 481 116 262 416 362 562 95 31 331 395 195 495 185 485 146 12 446 112 312 174 474 412
Route 14 : 246 165 546 465 83 10 383 198 310 58 498 79 358 236 379 261 536 109 561 157 409 14 194 457 314 225 525 494 64 364
Route 15 : 69 204 369 78 189 378 489 93 393 66 504 206 506 285 585 366 123 423 280 580 121 39 190 421 339 490 191 49 491 349 252 272 552 572
Route 16 : 81 20 320 381 91 1 391 51 301 200 500 351 47 347 244 76 544 136 376 436 192 34 492 144 334 37 444 337
Route 17 : 7 90 390 307 108 229 529 251 215 551 408 515 143 260 560 61 443 227 361 38 527 52 111 411 352 338 263 563 88 388
Route 18 : 75 217 517 152 375 141 452 167 122 422 467 6 162 306 441 193 462 43 228 343 493 528 222 164 522 159 70 464 370 459
Route 19 : 242 106 248 406 2 302 241 541 118 418 256 548 57 542 357 556 209 509 224 82 382 208 524 508 130 290 590 430 216 86 67 367 386 516
