Instance name : poa-n600-6
Authors       : Dmitriy Demin, Mikhail Diakov (msd@veeroute.com), Ivan Ilin, Nikita Ivanov, Viacheslav Sokolov (vs@veeroute.com) et al. VRt Global (https://veeroute.com/)
Date          : 2023-04-24
Reference     : veeroute.com
Solution
Route 1 : 244 116 416 86 544 156 456 386
Route 2 : 287 10 27 310 159 587 459 327
Route 3 : 61 213 513 216 361 99 516 399
Route 4 : 277 43 577 279 343 579 82 382
Route 5 : 270 44 570 109 344 185 409 485
Route 6 : 284 74 374 70 584 370 34 334
Route 7 : 153 453 230 294 235 594 535 530
Route 8 : 42 200 146 342 56 356 500 446
Route 9 : 125 276 249 425 576 549 92 392
Route 10 : 174 210 154 474 73 454 373 510
Route 11 : 265 261 565 561 69 115 415 369
Route 12 : 262 562 81 233 381 240 533 540
Route 13 : 274 223 574 19 523 118 319 418
Route 14 : 204 504 190 85 490 107 407 385
Route 15 : 119 6 306 131 264 431 419 564
Route 16 : 120 76 176 476 376 266 420 566
Route 17 : 59 242 542 124 359 8 308 424
Route 18 : 114 167 414 272 467 220 520 572
Route 19 : 130 170 470 175 430 475 41 341
Route 20 : 62 227 362 20 320 254 554 527
Route 21 : 248 15 548 241 541 315
Route 22 : 49 181 349 16 224 481 316 524
Route 23 : 163 286 586 463 108 135 435 408
Route 24 : 40 340 234 285 29 585 329 534
Route 25 : 214 71 514 93 371 393 63 363
Route 26 : 299 222 522 13 599 313 253 553
Route 27 : 251 1 211 551 301 511
Route 28 : 297 60 597 293 360 28 593 328
Route 29 : 239 5 168 305 256 539 468 556
Route 30 : 298 206 598 104 152 506 404 452
Route 31 : 94 141 441 14 54 354 394 314
Route 32 : 225 90 45 345 525 390 96 396
Route 33 : 292 25 325 592 113 22 413 322
Route 34 : 172 182 196 482 250 472 496 550
Route 35 : 97 128 397 243 543 126 428 426
Route 36 : 112 412 3 35 303 192 335 492
Route 37 : 129 271 219 429 12 519 312 571
Route 38 : 140 193 245 18 440 318 493 545
Route 39 : 215 80 515 77 377 37 337 380
Route 40 : 147 24 183 324 447 145 445 483
Route 41 : 57 283 191 583 111 491 411 357
Route 42 : 53 155 180 480 353 268 568 455
Route 43 : 296 160 460 246 95 596 546 395
Route 44 : 228 178 478 75 255 528 260 375 560 555
Route 45 : 179 161 117 461 479 417 207 507
Route 46 : 238 267 177 477 538 171 567 471 184 484
Route 47 : 110 269 4 410 32 569 304 332
Route 48 : 300 600 205 186 237 537 486 505
Route 49 : 2 302 50 46 346 173 350 473
Route 50 : 142 101 21 401 442 236 536 321
Route 51 : 164 166 464 466 282 212 512 582
Route 52 : 187 79 105 487 218 379 405 518
Route 53 : 78 103 123 403 87 378 387 423
Route 54 : 121 421 66 106 406 366
Route 55 : 199 499 38 58 72 358 372 338
Route 56 : 197 30 47 330 347 497 33 333
Route 57 : 83 149 201 449 290 383 590 501
Route 58 : 151 231 280 531 580 451
Route 59 : 259 188 488 36 100 559 336 400
Route 60 : 291 55 202 502 355 84 591 384
Route 61 : 252 17 552 295 317 221 521 595
Route 62 : 247 278 169 547 189 578 489 469
Route 63 : 132 136 436 48 348 432 139 439
Route 64 : 165 289 465 257 137 589 557 437
Route 65 : 133 89 143 433 443 389
Route 66 : 281 209 509 232 198 581 532 498
Route 67 : 39 52 67 367 127 339 352 427
Route 68 : 157 457 68 98 194 368 398 494
Route 69 : 122 11 311 162 422 263 563 462
Route 70 : 203 64 158 364 503 458
Route 71 : 31 273 331 226 195 526 495 573
Route 72 : 258 208 558 88 102 402 388 508
Route 73 : 51 229 351 134 529 26 326 434
Route 74 : 91 7 307 391 148 288 448 588
Route 75 : 144 444 150 65 450 275 365 138 575 438
Route 76 : 23 217 323 9 517 309