Instance name : poa-n2000-6
Authors       : BIG3 - Dmitriy Yampolskiy, Egor Nikolaev and Daria Savina. Smart Logistics Point by the BigThree team (big3.ru).
Date          : 2025-04-22
Reference     : BigThree team (big3.ru)
Solution
Route 1 : 31 887 1031 831 1831 1887 807 731 1807 1731 627 196 136 1196 1627 633 1136 163 1633 811 1811 74 1163 273 1074 164 1164 645 774 1273 990 1774 1990 1645
Route 2 : 551 576 1551 1576 849 398 501 1849 1501 1398 416 1416 2 683 395 1683 1002 231 785 1395 756 1756 1231 918 875 1785 236 140 1140 1875 1918 1236 370 1370
Route 3 : 250 524 1524 241 1250 612 1241 1612 821 301 1301 1821 973 696 1696 1973 248 1248 859 178 910 835 1859 697 1178 1835 272 385 1910 1697 160 1272 1160 1385
Route 4 : 441 711 1441 634 492 1634 1000 1711 434 1492 2000 1434 324 200 1200 737 1324 262 1737 500 73 1500 1262 428 41 1073 1041 1428
Route 5 : 215 691 351 1215 1691 1351 363 815 1363 1815 494 1494 600 952 1600 670 905 1670 306 1952 1306 296 1905 601 264 1296 1601 1264
Route 6 : 557 754 1754 1557 498 558 1498 734 1734 62 1062 198 1558 480 59 43 1480 1043 1059 617 1617 1198 60 371 784 1784 1060 1371 833 948 467 1948 1467 1833
Route 7 : 64 71 1071 761 1064 729 1761 275 1729 987 333 1275 265 1265 1987 98 1333 182 1098 904 763 1182 418 671 1763 564 1671 1564 1418 1904 695 1695
Route 8 : 280 749 1280 797 387 1749 1797 1387 508 893 1893 623 946 1623 1946 1508 876 951 708 1951 1876 882 1882 1708 8 65 996 1008 1065 1996
Route 9 : 478 151 1151 37 1478 412 1412 274 1037 537 381 1381 1274 1537 662 636 716 1662 328 1716 1636 1328 450 563 438 1450 897 1563 1897 975 1438 1975
Route 10 : 718 962 294 1962 1718 453 1294 1453 813 757 1813 427 1427 1757 130 738 1738 147 1130 267 495 1267 1147 810 1495 121 1121 1810 748 705 1705 1748 884 1884
Route 11 : 966 66 554 1966 431 1554 1431 991 1066 668 1991 726 1668 1726 917 1917 593 1593 4 205 1004 629 29 1629 1205 968 1968 707 1029 1707
Route 12 : 587 184 126 1587 1126 1184 405 863 224 1405 1224 827 330 1330 1863 1827 276 710 1276 349 253 1349 1710 1253 540 534 1540 1534
Route 13 : 736 1736 535 252 694 448 1535 1252 1694 365 605 1448 169 1605 1169 19 1365 1019 631 760 800 1631 1760 1800 606 368 1606 44 1044 83 1083 1368 967 1967
Route 14 : 475 1475 768 425 1768 509 920 1509 78 1425 70 1920 455 1078 1455 685 1070 755 1755 741 1685 783 1741 1783 10 11 1011 1010
Route 15 : 89 134 801 649 1134 1801 971 604 1649 1971 653 1604 9 1653 977 1089 1009 345 769 1977 26 1345 1769 133 1026 513 1133 239 394 1513 1239 245 1394 1245
Route 16 : 46 278 1046 985 1985 337 1278 1337 486 156 594 1486 1156 625 1594 181 1625 424 393 1181 1393 706 1424 396 1396 1706 660 931 1660 1931
Route 17 : 895 715 382 1715 13 1895 989 1382 622 829 1013 1622 1989 113 268 773 1113 499 1773 1268 61 1829 263 1499 209 1209 1263 999 1061 1999
Route 18 : 938 132 1938 72 1072 309 1309 85 1132 689 1689 983 1983 1085 109 798 1109 520 1798 348 1520 1348 958 1958 18 332 1018 1332 314 322 1322 1314
Route 19 : 211 751 1751 781 1211 525 709 1709 1781 961 111 1525 1961 144 1111 1144 949 341 1949 251 1251 1341 547 939 805 1805 1547 1939 411 864 1411 1864
Route 20 : 619 680 816 1816 569 1680 963 1619 1569 69 432 1069 1963 124 1432 572 932 1572 868 1124 256 1256 1932 1868 764 170 548 1548 1764 974 1170 607 1974 1607
Route 21 : 808 338 1808 850 767 1338 1850 1767 100 818 1100 129 901 1901 1818 1129 53 34 727 545 1545 1034 449 1053 1727 669 456 982 1449 1982 993 1456 1669 1993
Route 22 : 505 747 1747 817 1505 972 597 1597 1817 1972 414 40 1414 1040 137 830 916 462 1137 1916 1830 15 522 260 1462 1260 1015 472 1472 1522 125 1125
Route 23 : 602 1602 47 1047 883 293 1293 1883 141 539 584 1539 1584 1141 320 77 440 269 1077 1320 1269 583 1440 474 771 1771 1474 1583 180 921 1180 663 1921 536 246 1663 1536 1246 24 1024
Route 24 : 379 249 1249 30 258 1258 1030 1379 953 512 1953 514 1512 642 469 1514 1469 1642 552 55 1552 32 1032 1055 870 1870
Route 25 : 193 1193 212 3 1212 555 1003 862 878 1862 442 1555 1442 906 1878 580 93 1906 1580 191 221 567 1191 1093 1221 1567 25 217 703 1025 1703 1217 175 1175
Route 26 : 287 684 1684 326 1287 1326 216 997 1997 743 1216 489 854 542 1854 465 1489 1743 1542 609 1609 507 222 1465 1222 286 1507 1286
Route 27 : 521 22 1521 651 894 1894 1022 1651 506 1506 112 288 1112 553 1288 122 57 1122 687 1553 1057 793 104 1793 1687 959 1104 232 1959 599 1232 1599 58 1058
Route 28 : 546 208 679 1208 457 1546 446 1679 1457 960 21 1446 1021 502 1960 1502 903 637 532 1532 1637 1903 344 504 295 1504 1344 1295
Route 29 : 114 776 1776 889 1114 836 809 1836 1809 1889 230 541 1541 1230 451 242 560 1242 766 1451 1560 1766 795 823 995 1795 1995 1823
Route 30 : 92 857 752 1857 116 155 1092 573 1116 744 965 1155 1752 611 1965 1744 1573 956 855 1956 1855 362 610 1610 1362 891 350 1611 1891 336 283 503 1503 1350 1283 1336
Route 31 : 613 1613 647 400 1400 598 1647 103 1598 640 845 1845 1103 1640 297 690 1297 86 1086 1690 591 877 254 1591 838 527 1838 1254 1527 1877 82 315 1082 1315
Route 32 : 681 1681 281 713 1713 837 1281 1837 415 298 1298 791 1415 1791 523 207 1523 171 1207 1171 108 574 303 1574 1108 493 1493 1303 832 1832
Route 33 : 142 313 1313 568 1142 1568 980 51 621 1980 589 586 1051 1589 1586 510 1621 158 1510 1158 404 166 701 1404 1701 929 1166 1929
Route 34 : 657 719 1657 869 1719 48 1048 937 1869 430 244 1244 1937 390 1430 372 1390 759 1372 898 1759 1898 6 153 1153 1006 49 998 1049 1998
Route 35 : 650 933 1650 856 1856 117 1933 206 559 1206 692 1559 484 1117 1692 1484 291 483 1483 417 1291 1417 518 312 491 1518 1491 1312
Route 36 : 775 145 1775 1145 392 853 1392 1853 871 728 1871 28 150 149 1149 1028 80 1728 1150 873 1080 128 468 1873 531 1128 603 1468 616 1531 1603 1616 704 1704
Route 37 : 644 922 777 1644 1777 380 1922 565 841 1841 1380 27 912 1565 436 1912 724 1027 310 851 1310 1851 1724 152 1152 778 911 1911 459 1459 772 1778 101 1772 1436 517 1101 1517
Route 38 : 143 934 1934 1143 626 444 1626 219 1444 988 1219 357 1357 926 1988 577 1577 1926 187 1187 676 360 1360 549 1676 1549 806 421 1806 1421
Route 39 : 353 308 1308 119 302 1353 1119 585 63 1302 1585 110 1110 185 17 1017 1185 1063 488 307 1488 340 1340 282 652 1307 1652 135 496 1282 1135 1496
Route 40 : 334 23 1334 1023 422 842 1842 722 702 1422 1722 401 1401 391 678 331 1678 1331 1391 99 814 1814 1702 289 1099 909 1289 890 1890 1909 848 839 1839 1848
Route 41 : 881 779 526 1526 1881 1779 861 544 373 1544 1861 1373 146 443 796 661 1443 1661 1146 1796 12 879 1012 1879 528 630 1630 247 1528 1247
Route 42 : 950 118 1118 33 667 1950 259 530 1033 1530 1667 88 1259 67 138 325 1088 1067 1138 1325 376 1376 902 940 355 1355 1940 317 1902 581 1581 1317
Route 43 : 812 820 305 1820 1812 290 161 1305 1 284 1290 279 1279 1284 1161 664 717 1664 615 1717 1001 1615 635 367 479 1635 1479 195 1367 1195 429 271 1271 1429
Route 44 : 447 176 682 860 1176 1447 1682 402 1402 388 202 115 1202 1115 1388 172 358 204 1172 1204 1358 485 1485 490 866 1490 1860 1866
Route 45 : 844 218 1218 1844 347 765 1347 733 407 87 1087 1733 148 1148 1407 1765 419 515 1419 1515 533 1533 354 243 1243 1354
Route 46 : 261 954 1261 183 739 1183 1954 1739 189 655 300 233 1300 1189 1233 1655 672 433 1672 1433 39 646 1039 908 620 1908 1620 1646
Route 47 : 643 1643 318 56 673 1673 1318 1056 235 186 1235 75 1186 257 285 1075 369 1285 1369 1257 822 194 1822 570 714 1570 91 1091 1714 1194
Route 48 : 935 686 316 1686 1316 529 1935 1529 892 270 1892 361 1361 888 1270 550 1888 957 1550 1957 723 342 1342 1723 466 292 1292 409 1466 1409
Route 49 : 162 1162 203 106 1106 852 981 1852 1203 782 666 1981 45 1782 915 1666 1915 1045 846 220 1846 38 1220 1038 941 329 595 1941 1329 1595
Route 50 : 225 588 969 1225 665 1588 1969 339 858 1339 1665 575 1575 1858 159 131 1159 566 1131 1566 473 107 1473 1107 458 955 1458 624 190 1624 1190 1955
Route 51 : 802 886 578 1886 1578 1802 36 452 698 1036 1452 914 1698 482 1914 1482 127 543 720 925 1720 1543 1127 1925 979 420 374 1979 389 1420 1374 1389
Route 52 : 16 1016 596 304 240 384 1596 1304 1240 834 1384 516 1516 352 1834 386 423 1423 214 1214 1386 1352 674 582 1582 173 1674 618 1173 1618 788 874 42 1788 1042 945 123 1874 1945 1123
Route 53 : 464 648 614 1464 238 1648 579 1238 139 266 1614 1266 1139 1579 470 699 1699 1470 154 335 1154 1335 346 192 321 1321 1346 1192
Route 54 : 740 454 408 1454 476 1740 120 1408 1476 35 628 1035 1628 1120 50 76 658 942 1658 1050 885 1076 1942 1885 725 52 1052 923 1725 1923 900 68 179 1900 1179 1068
Route 55 : 872 20 1020 497 1872 255 437 1437 1255 343 403 828 1497 1343 1828 847 1403 907 1847 1907 102 397 1397 608 1102 1608 712 656 1712 1656 157 1157
Route 56 : 742 399 978 1399 1742 843 460 1460 227 1843 7 1978 1227 210 944 1007 1210 789 1789 919 1944 1919 439 168 976 1439 840 1976 786 1840 1786 1168 986 410 1986 1410
Route 57 : 406 790 1406 880 1790 366 700 1880 590 787 1366 1700 1590 277 1787 471 826 1471 213 1277 1213 896 1826 1896 750 197 730 319 1730 1197 1750 1319
Route 58 : 228 356 1356 592 1228 167 1592 426 753 1167 1753 735 1426 943 1943 721 1721 1735 463 199 1463 780 1199 94 1094 992 1780 1992 481 519 930 1481 165 226 1519 1226 1930 1165
Route 59 : 413 364 435 1435 1364 327 799 1327 1413 1799 299 865 899 1299 1899 323 1865 654 641 1654 487 188 1323 928 1487 1188 1928 90 359 1090 1359 1641
Route 60 : 746 1746 461 924 1461 1924 5 223 1005 201 1223 762 804 1201 1762 1804 792 1792 632 95 561 1561 477 1095 1632 84 1084 675 1477 693 1675 571 819 1693 1571 1819
Route 61 : 758 96 1758 1096 984 378 1984 770 1378 825 1770 913 1825 639 1639 562 1913 1562 867 659 803 1803 1659 1867 174 824 1174 1824
Route 62 : 964 1964 383 234 375 377 1383 1234 1375 54 1377 1054 970 1970 511 81 677 1511 1677 947 927 1081 1927 445 688 1947 1688 794 1445 732 1794 1732
Route 63 : 14 237 994 1014 1994 177 1237 105 1177 745 1105 229 311 1745 1229 97 936 1311 1936 538 1538 1097 79 1079 556 1556 638 1638
