Instance Name : poa-n1000-7
Authors       : Shobb<shobb@narod.ru>
Date          : 2023-03-04
Reference     : My solver test (SA + LNS)
Solution
Route 1 : 495 301 995 304 801 804 496 417 996 917 261 225 761 725 334 1 834 501
Route 2 : 469 107 148 969 607 648 16 409 516 909 406 229 391 906 891 729 30 530
Route 3 : 468 51 551 968 121 347 621 152 196 847 183 696 683 652 471 374 874 971
Route 4 : 320 420 405 920 820 106 248 748 35 905 82 535 582 606 265 422 922 765
Route 5 : 303 114 614 71 571 85 803 585 94 369 118 618 594 42 869 312 542 812
Route 6 : 19 497 464 117 997 193 519 964 333 364 617 864 317 693 833 17 817 517
Route 7 : 7 385 141 885 641 507 384 393 893 884 379 879 445 442 945 942 297 797
Route 8 : 459 418 959 918 144 259 15 759 644 322 515 175 822 675 280 780
Route 9 : 429 138 198 95 638 929 698 217 595 222 717 498 72 998 722 572
Route 10 : 365 146 646 865 203 195 703 438 65 695 565 938 180 680 386 886
Route 11 : 340 4 194 694 840 230 504 75 575 388 485 730 132 985 632 888
Route 12 : 321 116 616 821 39 21 539 319 521 257 819 439 757 939 245 745
Route 13 : 277 240 353 853 777 740 109 11 292 511 609 189 792 239 739 689
Route 14 : 218 500 363 323 718 863 823 224 1000 724 252 232 752 83 732 583
Route 15 : 208 708 478 401 901 978 268 370 184 684 474 870 768 164 664 974
Route 16 : 201 419 701 76 919 394 424 576 324 824 894 348 360 924 860 848
Route 17 : 192 110 610 692 331 244 831 744 255 491 170 991 390 670 890 755
Route 18 : 178 678 86 216 103 586 227 716 603 12 727 179 512 679 293 793
Route 19 : 73 354 380 854 396 573 880 134 896 126 626 634 451 295 951 795
Route 20 : 452 447 313 947 952 813 62 286 28 786 528 487 562 987
Route 21 : 428 480 928 352 980 852 241 458 958 53 741 483 553 983
Route 22 : 413 335 913 56 556 835 233 38 538 733 213 481 981 713
Route 23 : 407 135 490 990 907 454 635 174 954 108 674 182 608 682
Route 24 : 383 37 537 883 325 344 68 844 568 281 188 825 688 781
Route 25 : 382 153 653 882 91 133 168 668 633 290 142 591 790 642
Route 26 : 330 9 283 509 830 157 783 426 657 425 160 925 660 926
Route 27 : 327 235 214 714 827 453 437 953 735 361 460 861 937 960
Route 28 : 287 36 343 787 536 843 444 294 794 207 944 462 707 962
Route 29 : 279 305 779 805 326 156 656 119 84 619 403 584 826 903
Route 30 : 272 54 772 308 808 554 336 187 836 98 687 40 598 540
Route 31 : 269 412 769 112 291 912 612 212 169 791 669 712 299 799
Route 32 : 262 136 762 318 636 818 436 936 357 473 59 973 559 857
Route 33 : 231 731 176 60 392 560 14 676 892 373 873 494 514 994
Route 34 : 228 186 686 728 32 532 482 197 145 697 982 90 645 590
Route 35 : 226 266 431 726 766 147 931 647 163 263 663 457 763 957
Route 36 : 181 191 681 434 691 430 930 934 433 315 466 933 815 966
Route 37 : 151 31 651 531 467 209 967 70 709 341 570 841 358 858
Route 38 : 92 298 592 476 798 131 356 631 316 282 976 782 856 816
Route 39 : 80 120 278 415 620 915 580 250 29 778 529 89 750 589
Route 40 : 77 220 577 204 720 74 704 402 574 223 723 902 158 658
Route 41 : 58 558 267 50 767 395 105 895 258 550 758 205 705 605
Route 42 : 46 399 899 359 859 455 546 955 423 139 923 271 639 771
Route 43 : 20 389 520 400 338 34 366 889 534 838 866 47 900 547
Route 44 : 499 104 350 850 332 111 604 8 611 832 508 999
Route 45 : 489 155 989 177 655 166 666 677 375 446 875 946
Route 46 : 477 24 524 57 557 276 977 432 776 932 25 525
Route 47 : 435 123 935 623 493 210 128 993 710 398 898 628
Route 48 : 427 284 206 784 346 927 706 846 159 13 513 659
Route 49 : 378 161 661 238 878 63 563 237 738 737 190 690
Route 50 : 368 465 87 965 868 247 587 33 747 61 561 533
Route 51 : 355 461 162 662 149 961 855 342 649 475 842 975
Route 52 : 307 470 807 165 44 200 970 665 544 367 700 867
Route 53 : 274 26 526 234 774 734 154 416 236 654 916 736
Route 54 : 254 18 302 802 215 518 5 754 251 715 751 505
Route 55 : 185 125 625 404 685 81 904 300 800 129 581 629
Route 56 : 173 3 673 113 613 488 503 351 851 988 243 743
Route 57 : 143 643 97 448 597 273 948 249 440 940 773 749
Route 58 : 124 2 624 52 502 127 552 449 328 627 828 949
Route 59 : 102 602 10 484 510 984 172 288 339 672 788 839
Route 60 : 100 314 329 600 814 387 829 27 414 527 887 914
Route 61 : 99 246 599 310 746 69 810 411 569 421 911 921
Route 62 : 93 593 23 371 48 486 986 523 548 463 871 963
Route 63 : 79 579 199 256 756 699 372 872 306 410 910 806
Route 64 : 67 43 543 567 376 41 541 876 211 101 601 711
Route 65 : 64 167 264 564 296 667 78 270 764 796 578 770
Route 66 : 49 311 285 811 549 785 472 140 275 775 972 640
Route 67 : 456 6 956 309 809 260 506 362 760 862
Route 68 : 397 171 221 897 492 721 992 479 671 979
Route 69 : 337 202 96 837 702 596 450 130 950 630
Route 70 : 253 150 349 753 345 849 650 122 845 622
Route 71 : 137 441 941 637 381 377 88 881 877 588
Route 72 : 66 115 408 22 522 566 443 615 908 943
Route 73 : 45 219 55 719 555 545 289 242 742 789
