Instance name : poa-n200-6
Authors : Hiermann, G. and Schiffer, M.
Date : 2024-04-30
Reference : arXiv:2405.00230
Solution
Route 1 :  76 96 176 196 86 11 12 186 111 112
Route 2 :  31 131 20 17 120 49 117 149
Route 3 :  54 154 19 79 119 179
Route 4 :  35 135 73 33 32 173 132 133
Route 5 :  85 88 188 47 42 147 142 185
Route 6 :  3 61 52 161 14 152 114 103
Route 7 :  84 38 138 25 125 51 184 151
Route 8 :  5 105 30 55 155 130 21 121
Route 9 :  44 41 141 8 144 40 108 140
Route 10 :  95 36 195 136 16 18 116 118
Route 11 :  13 113 60 160 100 75 200 175
Route 12 :  94 78 194 178 68 168 26 126
Route 13 :  74 29 174 71 129 82 171 182
Route 14 :  56 156 57 58 158 157 6 106
Route 15 :  80 180 4 34 24 104 134 124
Route 16 :  2 81 181 102 27 127 28 128
Route 17 :  69 169 9 48 90 109 148 190
Route 18 :  65 77 89 177 189 165 91 191
Route 19 :  53 99 153 46 199 146
Route 20 :  37 64 137 15 164 115
Route 21 :  66 166 93 7 193 98 107 198
Route 22 :  23 123 97 22 122 197
Route 23 :  67 39 1 167 139 101
Route 24 :  45 145 63 10 163 110
Route 25 :  92 87 192 43 143 187
Route 26 :  50 83 183 150 59 159
Route 27 :  72 70 170 62 162 172
