Instance name : poa-n4000-2
Authors : Simen T. Vadseth, Henrik Andersson, Jean-Francois Cordeau and Magnus Stalhane
Date : 24.06.2023
Reference : TBA
Solution
Route	1 :  269 777 2269 2777
Route	2 :  390 489 2390 809 2809 416 2489 2416
Route	3 :  260 401 1200 2260 2401 3200 1601 3601
Route	4 :  1425 1091 3425 3091
Route	5 :  298 1272 3272 1545 2298 1654 3545 3654
Route	6 :  947 546 2947 521 2546 2521
Route	7 :  1586 1921 3921 3586 1773 645 3773 2645
Route	8 :  1069 248 1236 3236 3069 2248 1302 3302
Route	9 :  585 137 2137 876 2585 612 2876 2612
Route	10 :  649 1185 2649 3185 378 741 2378 2741
Route	11 :  908 935 939 2908 2939 2935 1627 71 3627 2071
Route	12 :  173 2173 538 323 517 2538 2323 2517
Route	13 :  500 762 2500 1905 2762 3905
Route	14 :  708 32 1006 2708 3006 1885 3885 2032
Route	15 :  685 704 384 2704 406 1564 2384 2406 3564 2685
Route	16 :  1070 1835 3070 1558 3835 3558 975 2975
Route	17 :  1946 1620 1634 3620 3946 1649 3634 3649
Route	18 :  1033 459 1096 2459 3096 1880 3880 3033
Route	19 :  1575 938 768 2938 565 403 3575 2565 2403 2768
Route	20 :  195 2195 705 969 366 2366 2969 1560 3560 2705
Route	21 :  404 1147 752 2752 2404 3147
Route	22 :  1439 1669 3669 3439 503 1847 2503 3847
Route	23 :  1515 1659 3515 820 3659 2820 759 2759
Route	24 :  437 1168 2437 1211 1839 3168 3211 3839
Route	25 :  1481 1420 3481 1637 3420 3637
Route	26 :  1149 868 3149 750 1098 3098 2750 2868
Route	27 :  698 471 2698 2471 789 2789 1287 358 3287 2358
Route	28 :  888 798 2798 2888
Route	29 :  79 591 2079 2591 245 343 2343 2245
Route	30 :  1956 178 549 3956 2549 2178 382 2382
Route	31 :  1668 3668 1000 1080 3080 3000
Route	32 :  513 12 152 2513 2152 2012 77 2077
Route	33 :  934 754 814 2934 2754 2814
Route	34 :  663 481 2663 627 2481 1032 2627 3032
Route	35 :  1807 1616 3807 3616 359 616 1733 2616 2359 3733
Route	36 :  1931 1074 3074 995 3931 1024 3024 2995
Route	37 :  1522 338 87 2338 3522 1785 2087 3785 1534 3534
Route	38 :  1492 526 435 3492 2435 2526
Route	39 :  115 1285 1378 2115 3378 3285
Route	40 :  1996 1196 1135 3996 3196 64 2064 3135
Route	41 :  819 29 686 2686 2819 2029 518 2518
Route	42 :  155 1428 3428 2155 1082 583 2583 3082
Route	43 :  892 2892 1870 566 2566 3870
Route	44 :  1552 1336 1917 3336 3552 3917 495 224 2224 2495
Route	45 :  40 1824 779 766 3824 2779 2766 2040 849 2849
Route	46 :  126 1323 2126 163 3323 2163
Route	47 :  1293 945 2945 3293 1747 1686 3747 3686
Route	48 :  826 1172 3172 2826 1561 1487 3487 3561
Route	49 :  724 797 1161 721 1071 3071 2721 2797 3161 2724
Route	50 :  281 1178 3178 2281 1767 3767
Route	51 :  966 464 818 2966 2464 2818
Route	52 :  1734 1738 1483 3734 3483 3738 1866 1313 3313 3866
Route	53 :  1960 3960 1497 1727 1940 3727 3497 3940 143 2143
Route	54 :  297 1468 3468 2297 74 117 2117 2074
Route	55 :  147 364 417 2147 2364 2417
Route	56 :  802 1408 1180 3180 2802 3408 1986 3986
Route	57 :  902 692 1675 2902 2692 3675 1604 3604
Route	58 :  1296 1141 1865 3296 3141 3865 1898 3898
Route	59 :  891 757 2757 668 2891 2668
Route	60 :  1536 310 2310 3536 606 111 2111 2606 1588 3588
Route	61 :  1925 3925 197 448 2197 2448
Route	62 :  957 204 2957 2204 1123 1182 3123 3182
Route	63 :  1779 1449 1919 3779 3919 3449
Route	64 :  1396 1092 3092 3396 1781 3781
Route	65 :  1347 587 3347 2587 1283 689 2689 3283
Route	66 :  312 362 2362 1463 2312 1769 3463 3769
Route	67 :  1500 1388 1732 3500 3388 1034 3732 3034
Route	68 :  1991 3991 1877 1661 1453 3877 3661 3453
Route	69 :  1953 1263 1184 3263 3953 1342 3184 1979 3342 3979
Route	70 :  1520 998 2998 3520 1097 273 2273 3097
Route	71 :  1862 3862 1371 1018 104 3018 3371 2104
Route	72 :  1407 1320 3320 3407 1175 3175
Route	73 :  82 2082 1451 1265 3451 961 3265 409 2409 2961
Route	74 :  2000 472 1670 4000 2472 3670
Route	75 :  835 2835 1303 1874 3874 1618 3303 3618
Route	76 :  1884 1650 1723 1658 3884 3658 3723 321 2321 3650
Route	77 :  264 807 713 2264 2713 2807 654 2654
Route	78 :  801 365 730 2365 2801 2730 1571 3571
Route	79 :  855 2855 107 1943 181 2107 3943 2181
Route	80 :  831 861 743 2831 2743 2861
Route	81 :  371 770 2770 2371 1326 1651 3326 3651
Route	82 :  450 1436 1717 2450 3717 3436 1902 3902
Route	83 :  106 428 2106 964 866 749 2866 2964 2428 2749
Route	84 :  1421 1790 3421 3790 590 1214 3214 2590
Route	85 :  1850 563 2563 3850 1972 59 3972 2059
Route	86 :  1435 1162 1015 3435 3015 3162 1826 3826
Route	87 :  1753 916 1192 3753 3192 2916 154 2154
Route	88 :  352 393 2352 1053 2393 3053 76 884 2076 2884
Route	89 :  121 1249 2121 3249
Route	90 :  570 792 580 2570 2792 2580
Route	91 :  787 2787 246 1023 320 2246 3023 2320
Route	92 :  1610 3610 1298 1613 3613 3298
Route	93 :  1366 840 2840 3366 1495 303 2303 3495
Route	94 :  1867 1295 3867 745 3295 2745
Route	95 :  744 609 2609 81 854 2854 2744 2081
Route	96 :  280 1113 2280 1685 263 899 3685 2263 2899 3113
Route	97 :  19 1888 2019 545 3888 2545
Route	98 :  217 69 2069 1450 2217 3450
Route	99 :  37 1546 2037 1539 3546 3539 1775 3775
Route	100 :  1969 1565 3565 3969 830 200 2200 1132 2830 3132
Route	101 :  1656 1266 3656 3266 193 449 2193 2449 1758 3758
Route	102 :  415 174 894 2894 2415 172 2172 2174 653 2653
Route	103 :  1055 5 192 2005 2192 1496 1504 3504 3496 3055
Route	104 :  349 1108 2349 1766 3108 1697 3766 3697
Route	105 :  1331 3331 1191 1262 1220 3262 3191 3220
Route	106 :  1911 1505 1502 3911 3505 3502
Route	107 :  1359 1222 1361 230 3222 3361 2230 3359
Route	108 :  213 1277 3277 1103 2213 3103 1891 1950 3891 3950
Route	109 :  1337 1511 1787 3337 3511 3787 1083 3083
Route	110 :  225 1640 3640 1718 3718 2225 556 2556
Route	111 :  702 903 2702 1499 2903 414 3499 950 2414 2950
Route	112 :  706 1248 397 2706 3248 2397
Route	113 :  1253 1 822 3253 2001 1989 2822 3989
Route	114 :  1017 703 3017 2703 1216 1064 3216 3064
Route	115 :  1155 215 2215 1072 870 3072 3155 2870
Route	116 :  1491 1541 3541 3491 624 1878 2624 3878
Route	117 :  895 1137 527 2895 2527 482 2482 3137
Route	118 :  1860 479 3860 2479 445 480 2445 2480
Route	119 :  529 330 328 2330 2529 2328 379 93 2093 2379
Route	120 :  782 99 2782 1635 2099 3635
Route	121 :  1099 1075 3099 1022 3075 3022 135 2135
Route	122 :  63 2063 928 499 487 2928 2499 2487
Route	123 :  804 880 889 626 2889 2626 2804 2880
Route	124 :  920 1260 1715 3260 2920 3715
Route	125 :  1136 1543 509 3136 3543 2509 1231 3231
Route	126 :  1532 1763 3763 3532 351 150 2351 1364 2150 3364
Route	127 :  1906 1380 1967 3967 3906 3380 1579 3579
Route	128 :  941 803 2803 2941 251 630 877 2251 2630 2877
Route	129 :  1625 1573 1632 3625 3632 3573 1666 3666
Route	130 :  1199 944 372 3199 2372 865 2944 2865
Route	131 :  1403 1926 3926 3403 1037 468 201 3037 2468 2201
Route	132 :  613 711 295 2711 1624 2295 3624 2613
Route	133 :  275 921 2921 1007 2275 1131 3007 3131
Route	134 :  986 300 2986 1647 1630 2300 3647 1709 3630 3709
Route	135 :  1971 1759 1793 3971 3759 3793 1429 3429
Route	136 :  516 131 959 535 2131 2535 2959 2516
Route	137 :  149 191 2149 385 967 2191 722 2385 2967 2722
Route	138 :  748 1982 1210 2748 3210 3982
Route	139 :  1026 237 1284 2237 239 3284 1581 3581 2239 3026
Route	140 :  694 256 2694 314 2256 354 2314 13 2013 2354
Route	141 :  1933 1765 3765 3933 1941 1344 3941 3344
Route	142 :  30 258 1855 2030 2258 426 3855 2426
Route	143 :  221 763 2221 1079 997 2763 2997 3079
Route	144 :  1599 18 3599 2018 58 14 2014 2058
Route	145 :  1424 793 1848 2793 3424 3848
Route	146 :  1721 1329 1652 3329 1452 3652 3452 3721
Route	147 :  182 733 2182 1427 2733 469 3427 2469
Route	148 :  1433 709 3433 2709 1352 1085 3352 3085
Route	149 :  1480 1696 1922 3480 3696 1881 3922 234 2234 3881
Route	150 :  1005 528 3005 2528 1644 1582 3582 3644
Route	151 :  905 168 88 2905 2168 1938 2088 3938
Route	152 :  1076 110 456 2110 1319 2456 3319 3076
Route	153 :  1386 576 3386 2576 1633 1735 3735 3633
Route	154 :  1576 1869 3869 1145 873 3576 3145 2873
Route	155 :  1833 1861 867 3833 3861 2867 496 2496
Route	156 :  845 1580 1636 2845 3580 1776 3636 3776 1116 3116
Route	157 :  536 1963 2536 558 3963 2558 1479 1693 3479 3693
Route	158 :  119 2119 1842 3842 1623 1673 3673 3623
Route	159 :  244 2244 38 1065 1159 2038 1309 3065 3159 3309
Route	160 :  429 1845 1525 2429 1893 3845 3525 3893
Route	161 :  407 54 2054 2407 327 91 2327 2091
Route	162 :  637 1829 1836 3829 1444 3836 1426 3444 3426 2637
Route	163 :  1516 1726 3516 3726 919 740 2740 2919
Route	164 :  57 2057 188 927 2927 2188
Route	165 :  291 1756 838 2291 1819 3756 2838 3819
Route	166 :  1397 1238 1040 3397 3238 3040 1261 3261
Route	167 :  1338 1419 1811 3811 1512 3419 1107 3512 3107 3338
Route	168 :  478 341 17 2478 2341 2017
Route	169 :  1328 134 3328 2134 841 574 2574 2841
Route	170 :  288 696 622 410 2288 2622 2410 2696
Route	171 :  1088 1974 3088 3974 1346 1698 3346 3698
Route	172 :  276 533 28 2276 2533 242 2028 1318 2242 3318
Route	173 :  1617 274 1957 2274 1563 3957 3617 3563
Route	174 :  1035 3035 846 858 1002 2846 3002 575 2858 2575
Route	175 :  1916 1729 3916 1983 3729 3983 1897 3897
Route	176 :  1574 3574 640 443 2640 1551 3551 2443
Route	177 :  1392 316 2316 1442 430 3442 897 2897 2430 3392
Route	178 :  1219 151 3219 2151 805 331 2331 2805
Route	179 :  1984 3984 555 781 2781 2555
Route	180 :  1014 512 769 3014 2512 2769
Route	181 :  1365 1375 3375 1542 3365 1840 3542 3840
Route	182 :  756 504 1768 2756 3768 2504 1868 906 3868 2906
Route	183 :  1714 1859 3714 1432 1246 3859 3246 3432 988 2988
Route	184 :  1831 1528 1247 3831 3247 3528
Route	185 :  1400 648 3400 2648 715 723 2715 2723
Route	186 :  1566 3566 1981 1995 3981 3995
Route	187 :  1593 532 2532 146 3593 123 2146 2123
Route	188 :  1409 657 223 3409 1856 2223 2657 3856
Route	189 :  1760 1369 1585 3369 3760 541 3585 2541
Route	190 :  601 852 2601 1864 1915 2852 3864 3915
Route	191 :  1741 1645 3741 3645 408 389 2408 2389
Route	192 :  712 189 586 2712 2189 114 2586 2114
Route	193 :  1003 53 737 3003 2053 2737 6 2006
Route	194 :  271 1203 1102 2271 3203 3102
Route	195 :  1932 1830 3830 3932 21 2021 810 2810
Route	196 :  664 900 559 1705 2559 2900 3705 2664
Route	197 :  1657 3657 794 1391 3391 633 2794 2633
Route	198 :  444 139 2444 1195 790 2139 3195 2790
Route	199 :  108 817 2817 2108 619 1230 2619 3230
Route	200 :  1968 1458 23 3968 1350 3458 2023 3350
Route	201 :  1873 3873 505 454 2505 1762 2454 3762
Route	202 :  930 775 1109 2775 2930 3109
Route	203 :  634 272 2634 2272 547 962 1457 3457 2547 2962
Route	204 :  20 1010 1126 2020 3126 3010
Route	205 :  1527 1013 3527 1676 3013 3676
Route	206 :  982 1288 1267 1471 3288 3267 3471 2982 1812 3812
Route	207 :  739 446 2739 1806 2446 3806 1605 3605
Route	208 :  400 2400 1353 1422 3353 3422 701 1562 2701 3562
Route	209 :  169 394 2394 2169 1679 1740 3679 3740
Route	210 :  1019 1125 3019 1853 1803 3125 3853 3803
Route	211 :  474 1181 3181 863 2474 687 2863 2687
Route	212 :  1615 1813 3615 568 2568 3813
Route	213 :  531 1592 2531 1316 1739 3592 3316 3739
Route	214 :  61 1473 2061 3473 261 116 2116 2261
Route	215 :  7 554 2007 361 1385 2554 2361 3385
Route	216 :  507 2507 1903 812 1198 2812 3903 3198
Route	217 :  125 732 2125 2732 422 665 2422 2665
Route	218 :  1259 3259 218 1127 3127 2218
Route	219 :  16 1827 2016 1478 3827 3478
Route	220 :  960 1577 2960 3577 1460 925 2925 3460
Route	221 :  1603 1121 257 3121 3603 2257 1531 3531
Route	222 :  1355 1973 1674 3973 3355 3674 940 2940
Route	223 :  301 2301 1111 1777 1271 3111 3777 3271
Route	224 :  635 1039 3039 1488 2635 1299 3488 3299
Route	225 :  1066 911 1050 2911 1345 3066 317 3050 3345 2317
Route	226 :  1724 1849 3724 1289 3289 3849
Route	227 :  211 595 2211 1001 1927 2595 3001 3927 1662 3662
Route	228 :  153 980 2153 2980 1801 3801
Route	229 :  175 1871 2175 1949 3871 3949 1170 187 3170 2187
Route	230 :  1918 11 1028 3918 1058 2011 3028 3058
Route	231 :  1611 440 1465 3611 3465 2440
Route	232 :  1951 1596 3596 3951 8 1043 2008 3043
Route	233 :  402 325 2325 1485 1122 3122 508 2402 2508 3485
Route	234 :  282 103 2282 620 1327 2103 2620 3327
Route	235 :  542 1987 2542 1713 1990 3987 3713 3990
Route	236 :  599 869 2599 1498 2869 3498 1389 3389
Route	237 :  24 987 2987 2024 718 1744 3744 2718
Route	238 :  220 345 1535 2220 2345 3535 924 2924
Route	239 :  857 746 2857 1193 1507 2746 3507 3193
Route	240 :  913 438 2913 442 395 2438 2442 2395
Route	241 :  977 411 231 2231 2977 2411
Route	242 :  647 2647 951 185 494 2951 2185 2494
Route	243 :  1332 564 3332 716 2564 473 2473 2716
Route	244 :  360 2360 1778 1544 3778 3544 127 2127
Route	245 :  307 2307 760 2760 836 594 684 2594 2836 2684
Route	246 :  1317 418 2418 3317 1720 1325 3720 334 3325 2334
Route	247 :  1059 832 3059 2832 1156 1537 3537 3156
Route	248 :  1206 548 60 3206 2060 2548 1031 3031
Route	249 :  100 593 2100 625 2593 673 2625 2673
Route	250 :  1475 324 3475 33 27 2027 2324 2033
Route	251 :  600 991 2600 2991 1404 3404
Route	252 :  283 1171 198 2283 2198 133 1215 3171 2133 3215
Route	253 :  725 1682 550 1821 2725 2550 3821 3682 1725 3725
Route	254 :  761 2761 1710 3710 1578 1387 3387 3578
Route	255 :  1700 1186 3700 1600 1998 3186 3998 3600
Route	256 :  1207 3207 618 105 2618 2105 1695 1521 3521 3695
Route	257 :  656 2656 266 1051 296 2266 2296 3051
Route	258 :  1628 1256 3628 972 3256 540 2972 2540
Route	259 :  1928 199 3928 1311 3311 290 2199 250 2290 2250
Route	260 :  373 293 2373 2293 1273 2 2002 3273
Route	261 :  1993 828 1315 2828 3315 1606 3606 3993
Route	262 :  1808 1834 3808 145 2145 3834
Route	263 :  243 720 306 636 2636 2720 2306 1852 3852 2243
Route	264 :  1183 3183 1691 113 304 2113 3691 2304
Route	265 :  1290 3290 1944 598 3944 1234 2598 3234
Route	266 :  1683 1020 1954 3020 3683 3954 1910 3910
Route	267 :  1134 764 2764 3134 1703 1594 1334 3703 3594 3334
Route	268 :  669 788 2788 2669 1690 1770 3770 3690 229 2229
Route	269 :  190 662 623 1212 2623 2190 2662 3212
Route	270 :  1310 65 1909 2065 3909 1441 3310 3441
Route	271 :  1254 747 2747 363 3254 996 2363 2996
Route	272 :  1501 1232 1550 3232 1282 3550 3282 3501
Route	273 :  1820 3820 1595 3595 228 1188 602 3188 2228 2602
Route	274 :  1844 1179 1966 3844 3179 3966
Route	275 :  731 534 641 2731 2534 2641 1514 3514 984 2984
Route	276 :  72 652 2072 833 1021 2833 1486 3021 2652 3486
Route	277 :  44 326 850 2326 2850 1572 2044 3572
Route	278 :  1417 1846 1308 3846 3417 3308 1130 3130
Route	279 :  539 2539 1510 1142 455 3510 2455 3142
Route	280 :  1786 492 98 2492 2098 926 2926 3786
Route	281 :  1306 3306 1470 1335 3470 3335
Route	282 :  1341 3341 923 493 156 2923 2493 523 2523 2156
Route	283 :  896 1948 160 2896 102 3948 2160 2102
Route	284 :  1229 3229 1104 186 1554 3104 2186 1394 3554 3394
Route	285 :  1245 196 1374 2196 3245 1438 3374 3438
Route	286 :  265 774 2774 2265 753 578 2578 2753
Route	287 :  1011 1078 3011 3078 1434 184 2184 485 2485 3434
Route	288 :  1882 1858 1742 3742 3858 1523 3523 3882
Route	289 :  981 355 2355 118 344 467 2118 2981 2344 2467
Route	290 :  1788 1540 3788 3540 1607 1201 1863 3607 3201 3863
Route	291 :  159 1087 2159 946 864 3087 2946 2864
Route	292 :  1383 367 3383 2367 1942 3942
Route	293 :  1526 3526 1746 1379 3746 514 3379 2514
Route	294 :  490 688 628 2628 2490 2688
Route	295 :  610 284 2610 2284 862 299 2862 2299
Route	296 :  1431 3431 853 90 915 2853 2090 2915
Route	297 :  1837 1591 3591 3837 1557 1780 3557 3780
Route	298 :  1016 226 3016 1314 2226 1908 3314 3908
Route	299 :  1508 3508 639 1154 530 2639 3154 2530
Route	300 :  1999 476 1286 3999 2476 3286
Route	301 :  1929 289 3929 2289 1140 249 3140 2249
Route	302 :  1340 1904 315 3904 1598 2315 3340 3598
Route	303 :  1797 3797 339 898 2339 886 2898 2886
Route	304 :  1264 929 552 1357 2552 2929 3264 3357
Route	305 :  475 1363 1321 2475 1750 3363 3750 3321
Route	306 :  84 421 2421 2084 671 736 2671 2736
Route	307 :  525 374 26 2525 2026 2374 631 2631
Route	308 :  162 427 1226 2162 2427 3226 1194 3194
Route	309 :  453 931 1694 2931 2453 3694 1454 3454
Route	310 :  1146 1875 3875 3146 1244 632 2632 3244
Route	311 :  1985 1936 1312 3985 3312 3936
Route	312 :  413 425 1677 2413 2425 3677
Route	313 :  419 1163 2419 3163 45 78 2045 2078
Route	314 :  463 1719 2463 3719 1802 1519 1382 3802 3519 3382
Route	315 :  1061 388 3061 577 2388 596 2596 2577
Route	316 :  1213 778 3213 2778 933 1190 2933 3190
Route	317 :  1228 679 158 3228 166 2679 2158 9 2166 2009
Route	318 :  1772 1626 1761 3772 3761 3626 1804 3804
Route	319 :  208 399 2208 2399 96 1084 2096 3084
Route	320 :  1895 66 3895 2066 240 56 2240 2056
Route	321 :  1217 922 2922 3217 73 457 2073 834 2834 2457
Route	322 :  1117 1805 1825 3117 3825 3805 1343 1743 3743 3343
Route	323 :  75 1368 3368 1619 3619 2075 203 2203
Route	324 :  214 2214 423 677 1660 2423 3660 2677
Route	325 :  544 1642 3642 2544 308 279 1227 2308 2279 3227
Route	326 :  1472 697 2697 262 332 2262 2332 3472
Route	327 :  1490 1094 3490 3094 1333 1218 3218 3333
Route	328 :  405 1672 985 3672 2405 2985
Route	329 :  294 42 1269 2294 2042 3269
Route	330 :  1235 122 3235 2122 1119 1160 3160 3119
Route	331 :  1152 391 1372 1027 3372 2391 3027 3152
Route	332 :  970 138 2970 681 1384 3384 2138 2681 380 2380
Route	333 :  86 1112 49 2086 3112 1664 2049 3664
Route	334 :  1569 1978 658 3978 3569 2658 209 2209
Route	335 :  1976 1518 1800 3976 3518 3800 1716 3716
Route	336 :  1004 973 2973 1202 36 3004 2036 3202
Route	337 :  651 638 210 1678 2638 3678 2210 2651
Route	338 :  1899 1443 3899 1584 1667 3443 3667 3584
Route	339 :  1339 1841 1484 3841 3484 3339
Route	340 :  1798 1639 562 3639 3798 848 2562 2848
Route	341 :  1081 3081 901 1754 603 2901 2603 3754
Route	342 :  177 642 2177 511 592 2642 2592 2511
Route	343 :  1920 727 1270 3920 2727 3270 1047 871 2871 3047
Route	344 :  1538 1129 3538 1570 3129 136 3570 2136
Route	345 :  728 734 2734 2728 460 519 2460 2519
Route	346 :  765 2765 1063 856 2856 729 3063 2729
Route	347 :  39 1258 3258 2039
Route	348 :  874 2874 1114 784 1980 3114 2784 3980
Route	349 :  1939 1494 247 3494 2247 1900 3900 3939
Route	350 :  347 432 2432 2347 735 851 2735 1934 2851 3934
Route	351 :  1887 305 1275 3887 3275 2305 436 2436
Route	352 :  1360 1988 3360 1961 1464 3988 3464 3961
Route	353 :  1923 1622 3923 1977 3977 3622 1782 3782
Route	354 :  1176 643 989 3176 893 2643 2989 2893
Route	355 :  738 2738 1052 829 3052 2829 1348 286 3348 2286
Route	356 :  979 1423 1711 667 2979 3423 3711 2667
Route	357 :  1962 161 2161 942 3962 2942 1197 3197
Route	358 :  41 1411 1555 2041 3555 3411 666 1038 3038 2666
Route	359 :  1529 1879 943 3529 3879 1608 2943 3608
Route	360 :  52 1166 844 2052 1115 3166 2844 3115
Route	361 :  796 268 2268 85 2796 497 2085 2497
Route	362 :  238 227 1553 3553 2238 2227
Route	363 :  1268 3268 1832 1405 3832 1935 3935 3405
Route	364 :  1143 1291 1653 3291 3653 3143
Route	365 :  1354 1684 1854 3854 3354 1418 3418 3684
Route	366 :  112 1148 2112 1367 3148 3367
Route	367 :  1955 1784 3784 3955 1794 3794
Route	368 :  1883 1324 3883 1589 3324 3589 25 2025
Route	369 :  1937 1707 3707 3937 124 2124 767 2767
Route	370 :  1144 1008 3144 1139 629 3008 3139 2629
Route	371 :  179 1274 2179 3274 129 557 2129 2557
Route	372 :  1992 1655 1822 3992 3822 3655
Route	373 :  120 1815 369 2120 1597 3815 2369 3597
Route	374 :  1042 617 1547 3042 2617 1737 3547 800 3737 2800
Route	375 :  825 458 2458 1907 2825 1792 3907 3792
Route	376 :  335 937 2937 2335 1704 1728 3728 3704
Route	377 :  932 783 2932 2783 1445 1731 3445 3731
Route	378 :  1377 1448 3448 3377 579 386 2386 2579
Route	379 :  780 821 2821 2780 46 958 2046 2958
Route	380 :  1469 3469 1048 672 350 2672 3048 2350
Route	381 :  682 965 486 2965 2682 2486 311 2311
Route	382 :  1886 1631 3886 3631 1373 1843 3843 3373
Route	383 :  1447 1771 3771 912 3447 2912
Route	384 :  502 148 675 2148 2502 2675
Route	385 :  676 581 816 2676 2816 2581
Route	386 :  346 1012 2346 3012 1699 1621 3621 3699
Route	387 :  1509 1416 3509 678 1093 1857 2678 3416 3093 3857
Route	388 :  1930 1614 3930 3614 948 2948
Route	389 :  1056 1124 971 3056 3124 815 2971 2815
Route	390 :  183 660 1474 2660 1095 2183 3474 3095
Route	391 :  1681 1901 917 3681 1549 3901 2917 3549
Route	392 :  424 1251 2424 506 3251 165 2506 2165
Route	393 :  1362 1138 954 2954 3138 1872 3362 3872
Route	394 :  170 447 2170 236 683 2447 2236 2683
Route	395 :  1482 1395 3395 3482 319 2319
Route	396 :  357 2357 164 806 2806 1688 2164 1466 3466 3688
Route	397 :  1749 1641 3641 3749 433 968 2433 2968
Route	398 :  881 1671 2881 700 714 3671 1110 2700 2714 3110
Route	399 :  55 1204 3204 1358 2055 3358 1054 1128 3128 3054
Route	400 :  572 206 2206 1462 2572 1764 3462 3764
Route	401 :  1381 1477 3381 1101 1278 3477 3101 3278
Route	402 :  219 751 2219 553 2553 2751
Route	403 :  860 646 2646 2860 50 101 2101 2050
Route	404 :  904 537 67 2067 2904 2537 132 2132
Route	405 :  1818 498 1189 3189 3818 2498 1712 1890 3712 3890
Route	406 :  1437 43 2043 3437 520 1243 3243 2520
Route	407 :  842 1041 887 267 3041 2887 2842 1524 2267 3524
Route	408 :  1838 879 501 755 2755 2879 2501 3838
Route	409 :  1049 953 2953 3049 1894 1783 3783 3894
Route	410 :  522 439 2439 2522 180 597 859 2597 2180 2859
Route	411 :  872 4 1120 3120 2872 2004 1393 3393
Route	412 :  584 1151 786 3151 2584 2786
Route	413 :  1814 1401 3814 1702 3401 3702 910 2910
Route	414 :  772 259 607 604 2607 2259 2604 2772
Route	415 :  1493 1692 3493 3692 1706 3706 837 614 2614 2837
Route	416 :  70 381 2070 202 773 2381 2773 2202
Route	417 :  484 253 2484 2253 431 10 2010 2431
Route	418 :  353 375 1167 2353 3167 2375 1300 3300
Route	419 :  659 2659 963 383 2963 611 461 2383 2611 2461
Route	420 :  999 690 1164 15 2999 3164 2690 2015
Route	421 :  1456 1817 3456 1970 3817 3970 1068 1276 3068 3276
Route	422 :  843 51 621 2843 2051 1889 2621 3889
Route	423 :  1975 1322 3975 1823 3322 1959 3959 3823
Route	424 :  22 377 707 2022 1205 2377 2707 3205
Route	425 :  1446 92 97 3446 2097 2092
Route	426 :  1809 1455 3809 3455 1062 719 2719 3062
Route	427 :  1945 89 661 2089 1612 3945 2661 3612
Route	428 :  1701 1430 3701 1025 3430 3025
Route	429 :  1233 3233 1242 907 109 3242 2907 2109
Route	430 :  588 2588 1349 420 1517 2420 3349 3517
Route	431 :  1351 1292 3351 1708 3292 1294 3708 3294 524 2524
Route	432 :  978 235 337 2978 2235 2337 1722 3722
Route	433 :  466 396 2466 1556 693 2396 2693 3556 1476 3476
Route	434 :  83 171 1165 2083 3165 2171 1751 3751
Route	435 :  48 252 342 2048 2252 2342 285 2285
Route	436 :  1994 3994 1304 1533 3304 1755 3533 3755
Route	437 :  1252 3252 1646 1307 3646 3307
Route	438 :  278 1237 573 2278 3237 2573
Route	439 :  1241 141 1736 3736 2141 1330 1406 3330 3406 3241
Route	440 :  1851 1187 233 3187 3851 2233
Route	441 :  1105 1090 348 340 3105 3090 2348 2340
Route	442 :  452 605 194 2452 2605 1177 2194 3177
Route	443 :  758 1648 1297 2758 3648 3297
Route	444 :  561 144 2561 1009 313 2144 3009 2313
Route	445 :  974 650 1044 2650 3044 1876 2974 212 3876 2212
Route	446 :  582 1810 2582 1467 3810 370 3467 2370
Route	447 :  955 1223 128 3223 2955 2128 847 811 2811 2847
Route	448 :  990 1828 3828 2990 1208 1169 3208 3169
Route	449 :  1745 3745 1370 3370 776 1440 824 2776 3440 2824
Route	450 :  1174 680 2680 3174 1791 336 3791 2336
Route	451 :  1506 882 1629 2882 3629 3506 491 176 2491 2176
Route	452 :  329 2329 1795 1398 3795 3398
Route	453 :  309 1221 571 2309 3221 670 2571 2670
Route	454 :  1609 1665 3609 1030 1459 3665 3030 3459
Route	455 :  477 270 205 2270 2477 2205 1965 1057 3965 3057
Route	456 :  34 717 2034 1224 1281 1796 3224 3281 2717 3796
Route	457 :  277 2277 543 1774 1638 2543 3774 3638
Route	458 :  551 318 771 130 2551 2318 2771 2130
Route	459 :  412 1257 3257 2412 1896 1399 3896 3399
Route	460 :  1225 791 1250 3225 2791 3250 1548 3548
Route	461 :  1100 3100 1376 3376 1390 1153 3153 1489 3390 3489
Route	462 :  207 983 2207 2983 1687 993 3687 2993
Route	463 :  392 1046 140 909 2909 3046 2140 2392
Route	464 :  918 2918 1503 3503 691 742 2691 2742 726 2726
Route	465 :  1077 3077 1461 589 2589 3461 1279 3279
Route	466 :  356 1799 292 35 3799 2292 2035 2356
Route	467 :  1602 1567 3602 3567 883 1067 387 3067 2883 2387
Route	468 :  785 451 1414 2451 2785 1158 3414 3158
Route	469 :  1410 1559 3410 1413 3559 3413 569 1173 3173 2569
Route	470 :  1402 1663 3402 3663 510 2510 483 885 2885 2483
Route	471 :  1530 31 1689 3530 674 3689 2674 2031
Route	472 :  1150 1568 1583 3150 3568 1412 3583 1816 3412 3816
Route	473 :  1912 3912 3 68 2068 2003
Route	474 :  302 488 2488 2302 255 2255 1757 827 2827 3757
Route	475 :  434 1157 1239 1947 2434 3157 3239 3947
Route	476 :  1680 1643 3680 710 3643 2710 1914 3914
Route	477 :  655 1958 644 2655 2644 3958 232 376 2376 2232
Route	478 :  695 2695 62 1086 333 2333 2062 3086
Route	479 :  241 462 1045 3045 2241 2462 567 2567
Route	480 :  1133 1730 3730 3133 699 795 2795 470 2699 2470
Route	481 :  936 1106 2936 890 254 3106 2254 2890
Route	482 :  1089 1997 3089 3997 441 368 2441 2368
Route	483 :  1748 1305 222 3748 3305 1964 2222 3964
Route	484 :  1587 1356 3356 3587 813 914 2813 2914
Route	485 :  515 1255 398 2515 2398 3255 1913 3913
Route	486 :  956 1301 2956 3301 1118 808 2808 3118
Route	487 :  465 878 2465 2878 322 823 2322 2823
Route	488 :  95 1280 2095 216 3280 80 2080 2216
Route	489 :  1036 167 3036 608 1590 2167 3590 2608
Route	490 :  976 615 2615 1073 142 47 2976 3073 2142 2047
Route	491 :  1029 1752 3029 3752 1513 3513
Route	492 :  799 94 2799 2094 157 994 2157 560 2560 2994
Route	493 :  949 875 2949 287 1952 2875 2287 3952
Route	494 :  1789 1924 3789 3924 1415 1892 3415 3892 1209 3209
Route	495 :  1060 3060 952 2952 839 1240 992 3240 2839 2992
