Instance name : poa-n5000-1
Authors       : Dmitriy Demin, Mikhail Diakov (msd@veeroute.com), Ivan Ilin, Nikita Ivanov, Viacheslav Sokolov (vs@veeroute.com) et al. VRt Global (https://veeroute.com/)
Date          : 2023-04-18
Reference     : veeroute.com
Solution
Route 1 : 1347 684 3847 3184 138 1357 2638 717 3857 781 3281 1867 4367 3217 1114 3614 64 1728 2564 4228
Route 2 : 2042 152 1285 2652 3785 4542 157 2657 456 1859 2956 487 4359 1656 4156 1777 2987 4277
Route 3 : 2221 1680 569 4180 3069 4721 2077 1315 4577 587 3815 2041 986 3087 3486 218 4541 2718
Route 4 : 2154 182 2682 322 4654 348 108 2822 2608 1686 2848 4186 148 1062 3562 2648 528 3028
Route 5 : 287 1021 2787 3521 1261 1483 3983 775 3761 390 3275 2890 156 1771 4271 1817 4317 2656 1479 3979
Route 6 : 1858 393 2893 1974 4358 4474 116 576 3076 2616 2344 1943 4443 4844
Route 7 : 1568 4068 153 2653 1902 1376 3876 8 4402 2508 549 782 3282 3049 2165 1922 4665 4422
Route 8 : 2206 880 416 960 4706 3380 2916 2278 4778 1364 3460 1825 3864 938 4325 849 3438 3349
Route 9 : 258 1767 4267 2215 2758 1257 644 4715 3757 3144 1864 574 3074 82 4364 586 3086 2582
Route 10 : 1220 3720 1701 309 4201 1982 2809 4482 2495 2365 4995 2431 1271 4865 4931 3771
Route 11 : 1499 3999 1322 1761 1402 4261 3902 975 3822 1438 3475 1624 3938 174 4124 699 2674 3199 320 2820
Route 12 : 2082 2290 1760 4790 470 4582 2970 4260 2084 944 3444 1731 4584 4231 2338 1741 4241 4838
Route 13 : 787 444 2944 150 3287 2650 2451 1100 4951 3600 49 1247 2549 3747
Route 14 : 869 136 2636 1328 3828 3369 517 227 877 3017 3377 2727 765 1205 3705 144 2644 1254 3265 3754
Route 15 : 728 2175 3228 4675 570 239 2739 3070 2172 1566 4672 2069 4066 1692 4192 4569
Route 16 : 2294 1892 401 4794 4392 1632 2901 4132 133 1758 2633 4258 978 1331 3478 3831
Route 17 : 2108 4608 110 2610 2235 1333 3833 4735 1936 453 2953 4436 1034 3534
Route 18 : 317 254 1823 2817 2754 71 2571 4323 1654 954 4154 1527 3454 4027 2140 4640
Route 19 : 1101 1866 4366 3601 224 1443 3943 2724 1893 4393 1306 347 2847 2402 3806 4902
Route 20 : 268 294 2768 2794 698 3198 1186 1921 3686 2377 953 4421 1815 4877 4315 3453
Route 21 : 1165 3665 1429 1231 3929 3731 710 993 3210 3493 431 2931 819 543 3319 2056 3043 4556
Route 22 : 85 1783 2585 1395 4283 1754 4254 1946 1189 3895 4446 3689 1398 1242 207 3898 2707 3742
Route 23 : 701 2444 1958 4944 4458 101 1033 3533 1047 2601 289 3201 892 3547 2789 277 3392 2777
Route 24 : 1303 645 3145 3803 219 2719 522 2255 3022 2475 4755 4975
Route 25 : 386 801 831 3331 2886 1737 1445 3301 3945 1440 4237 1591 4091 3940 2176 4676
Route 26 : 1985 2114 4485 4614 2367 1774 4274 2270 4867 313 4770 2051 2813 4551
Route 27 : 1649 1935 4149 2462 4962 4435 2012 2262 4762 4512 1531 696 1628 3196 4031 4128
Route 28 : 2091 1834 4334 2193 1121 4693 4591 1496 720 3621 3220 3996 1639 242 2742 463 2963 4139
Route 29 : 319 546 2819 799 3299 3046 1562 521 360 2860 4062 1863 3021 4363 1538 1611 1530 4038 4030 4111
Route 30 : 2304 2063 4804 538 4563 2335 4835 3038 2089 2015 4515 4589 367 887 2867 167 3387 2667
Route 31 : 547 1869 2016 4516 4369 29 1069 2529 3047 2132 3569 1622 4632 1011 2201 3511 4701 4122
Route 32 : 1712 442 4212 554 3054 584 3084 113 1477 3977 561 2942 2613 1794 3061 105 234 4294 2734 2605
Route 33 : 1677 1001 4177 3501 1965 1959 1013 3513 4465 4459 1796 4296 2279 4779 1669 1848 4169 4348
Route 34 : 1818 1715 4318 4215 742 1360 805 3860 3242 2170 3305 4670 2259 2269 4759 691 4769 3191
Route 35 : 2410 2022 767 3267 4910 4522 947 1311 3447 964 3464 469 3811 1569 2969 4069 1548 4048
Route 36 : 1523 2035 1310 4023 102 780 3280 2602 4535 145 2645 3810 1176 1780 4280 3676 804 3304
Route 37 : 186 400 2900 2033 2686 4533 95 2595 2001 1278 2046 3778 4546 1872 4501 1082 3582 4372
Route 38 : 2299 1035 1534 3535 2244 4034 4799 1346 4744 1447 134 3947 1316 542 2634 3816 3846 3042
Route 39 : 525 1436 3936 3025 325 2825 2192 4692 1337 1096 3837 772 3596 3272 398 1513 2898 4013
Route 40 : 568 3068 1660 270 4160 1107 2770 1589 4089 511 3607 757 3011 2098 3257 1576 4076 4598
Route 41 : 314 1635 197 4135 2814 2697 605 1332 489 3832 2989 478 1843 3105 963 2978 3463 4343
Route 42 : 1757 920 2293 4793 3420 4257 498 193 2998 2424 1891 4924 2693 1136 4391 1510 3636 4010
Route 43 : 795 526 1266 3295 3766 3026 1779 837 3337 4279 45 475 2545 2214 2975 4714
Route 44 : 2055 4555 1609 42 1207 2542 4109 2080 3707 4580 2333 4833 652 2179 3152 2162 4679 4662
Route 45 : 565 3065 592 1824 2075 4324 267 4575 3092 1465 2767 3965 127 678 923 2627 1098 3423 3598 3178
Route 46 : 1972 4472 2168 2310 4810 4668 1066 3566 2058 820 2038 4558 1076 1793 3320 3576 4293 4538
Route 47 : 1149 1574 4074 417 3649 643 1407 2917 3143 354 3907 1849 2854 4349 1805 1717 4305 4217
Route 48 : 1073 2103 4603 1720 2337 3573 4220 4837 54 1191 2554 3691 2166 238 497 2738 4666 2997
Route 49 : 377 141 282 2641 210 2877 2782 2465 4965 2710 1705 15 4205 321 839 2515 3339 2821
Route 50 : 1996 1463 3963 2295 2072 4496 4795 1917 4572 1015 1515 3515 4015 4417
Route 51 : 1932 1990 4490 250 4432 1090 1782 2750 3590 4282 1236 3736 2292 1056 759 4792 3259 3556
Route 52 : 247 2747 293 1282 2793 3782 2472 4972 1590 817 4090 173 2673 3317 943 967 3467 3443 1113 3613
Route 53 : 2301 448 2948 2469 4969 2044 4801 4544 1211 1444 3711 2493 3944 1400 2177 4993 3900 4677
Route 54 : 616 664 3164 3116 707 1453 2400 4900 3953 3207 1925 47 6 1644 2506 2547 4425 4144
Route 55 : 425 243 206 2743 829 2706 100 2925 2439 2482 2600 3329 4939 2105 2021 4982 4521 4605
Route 56 : 241 1748 2741 1949 2323 4449 4248 4823 1903 4 4403 2504 816 3316 464 2964 2141 4641
Route 57 : 1518 700 3200 4018 904 752 3252 1338 3404 2366 3838 1379 3879 2327 4827 1853 4353 4866
Route 58 : 654 3154 121 2621 732 1382 3232 1456 3956 1318 3882 1613 3818 4113 1962 177 4462 2677
Route 59 : 1229 697 3729 1162 3197 1297 2283 4783 3797 3662 1016 1102 3602 3516
Route 60 : 1674 1664 4164 412 300 2800 4174 1914 2137 2912 4414 40 4637 1415 2540 3915
Route 61 : 1215 118 2618 3715 1094 2185 4685 3594 1478 119 2619 3978 864 693 3364 3193
Route 62 : 1909 126 1600 2626 4409 4100 1084 1168 859 3584 3668 3359 2000 4500 381 1713 1256 4213 2881 3756
Route 63 : 2213 1286 3786 4713 2446 1204 217 2717 2483 4946 1688 3704 625 2062 4188 3125 4983 4562
Route 64 : 1900 503 4400 1464 3964 3003 1198 1742 3698 1808 1139 4308 1993 4242 840 4493 3639 1467 3340 3967
Route 65 : 2243 1646 2117 4617 4743 1228 4146 2395 2362 2034 4895 3728 4534 2194 4694 4862
Route 66 : 860 1727 4227 3360 450 2950 668 3168 200 1108 868 236 3368 3608 2263 1813 2736 2700 4763 4313
Route 67 : 1068 1575 1931 3568 4431 884 4075 3384 1802 1059 4302 1326 3559 951 1516 3826 4016 3451 2068 4568
Route 68 : 341 499 2841 1145 2999 792 3645 3292 1795 120 4295 2620 931 447 1361 2947 3431 3861
Route 69 : 1791 851 4291 889 3351 2158 330 4658 3389 2830 2249 2447 4749 4947
Route 70 : 1995 2406 4495 1543 4043 1048 3548 2388 4906 4888 2200 1790 4700 838 4290 3338
Route 71 : 771 1765 4265 2153 3271 1820 4653 1049 4320 2484 3549 87 4984 2413 2587 4913 1778 4278
Route 72 : 2457 1665 4165 1930 4957 2398 90 4898 2590 4430 1766 927 3427 4266
Route 73 : 244 2744 2441 2180 4680 4941 1871 2065 2152 4371 4565 1241 4652 1636 3741 778 3278 4136
Route 74 : 70 598 1383 2570 2187 3883 4687 1 659 1752 2501 4252 3159 256 5 3098 2756 2505
Route 75 : 1317 1663 212 4163 2712 3817 1865 4365 370 1218 3718 2870 455 445 2955 2945
Route 76 : 790 1240 3740 3290 733 3233 579 1097 3079 682 3597 1152 3182 1804 3652 1298 3798 4304
Route 77 : 1378 2173 4673 3878 1594 4094 97 501 2597 548 3001 3048 57 2557 1230 647 2403 3730 3147 4903
Route 78 : 392 973 1380 3473 2430 2892 493 4930 1369 2993 3880 365 3869 2421 1904 4404 4921 2865
Route 79 : 883 1486 3383 2397 3986 88 2347 2588 4847 2216 2488 4716 4897 22 2354 4988 514 3014 4854 2522
Route 80 : 1803 328 2828 2468 4303 160 2660 1508 828 504 4968 1524 3328 4008 1528 4024 3004 4028
Route 81 : 1424 37 2537 68 3924 1750 4250 867 3367 1976 1473 2568 3973 1988 4476 2136 4636 4488
Route 82 : 344 2453 2844 2094 4594 4953 1334 178 3834 1143 3643 2466 2678 2146 2324 4824 4646 4966
Route 83 : 934 201 3434 1723 1877 2701 2427 4377 4927 4223 1846 4346 601 355 3101 1244 2855 3744
Route 84 : 52 1409 3909 2254 4754 2552 2425 4925 651 1393 3151 1852 3893 2373 2268 4873 4352 1197 4768 3697
Route 85 : 1061 3561 878 3378 1210 2128 3710 1769 1618 4118 1837 4269 1870 4337 1918 4418 4370 4628
Route 86 : 955 1046 1533 3546 3455 1671 1572 4033 516 4072 4171 888 436 3016 2936 3388
Route 87 : 1505 4005 1313 1883 2481 4981 2147 279 4383 265 2779 2765 600 909 4647 3100 1146 3646 3409 3813
Route 88 : 2017 2485 1103 3603 4517 4985 1365 3865 1458 505 3005 578 3078 3958 1992 240 4492 2740
Route 89 : 468 1238 3738 2968 996 1267 3496 1536 2223 4036 1071 4723 1886 1451 3571 4386 3767 3951
Route 90 : 2287 2350 4787 852 4850 658 3158 1042 3542 596 198 3352 3096 41 1929 4429 2698 2541
Route 91 : 1718 1418 2326 1973 4218 3918 588 4826 2164 885 3088 4664 891 3385 1029 3529 4473 3391
Route 92 : 619 1642 3119 1170 4142 2227 4727 3670 674 368 2460 3174 1193 2868 3693 4960
Route 93 : 1434 462 2962 1911 3934 1164 1245 4411 3745 3664 2459 1134 872 4959 3372 3634
Route 94 : 1810 155 4310 11 2655 131 667 2631 3167 2511 1474 278 1405 2778 3974 1413 3905 3913
Route 95 : 962 1060 3560 3462 158 2658 115 627 3127 1647 2615 1798 4147 1260 4298 3760 556 796 3296 3056
Route 96 : 1452 1411 3911 301 518 3952 181 2801 3018 2681 2086 51 2551 4586
Route 97 : 2420 2148 4920 734 3234 4648 632 3132 482 858 1998 4498 3358 2982
Route 98 : 1135 1619 622 4119 3635 296 3122 2796 874 656 2480 4980 3156 84 3374 1785 2584 4285
Route 99 : 2207 1670 4707 1422 4170 1208 3708 3922 2359 1915 2487 1067 4987 4859 3567 4415
Route 100 : 2048 1433 673 3933 4548 402 3173 952 2902 3452 76 558 1051 2576 3058 2456 4956 3551
Route 101 : 226 2025 2726 1325 1023 4525 3825 3523 719 1344 1744 3844 3219 737 4244 3237
Route 102 : 1596 908 1183 3683 4096 1314 3814 3408 773 1954 3273 1141 1420 4454 563 3641 3920 3063
Route 103 : 1708 4208 1648 1335 1202 3835 4148 1719 3702 1194 3694 4219 1442 508 1801 4301 3942 3008
Route 104 : 1545 78 229 500 2578 4045 2729 1544 3000 2321 4821 941 4044 2043 3441 4543
Route 105 : 1875 577 2246 3077 4375 2205 1224 4705 4746 1041 3724 2358 3541 1799 4858 4299
Route 106 : 439 406 2939 222 2722 2088 2906 1984 4588 4484 926 991 610 3491 3110 2057 3426 4557
Route 107 : 1251 1860 4360 1163 3751 945 1386 3445 3886 221 2721 1212 3712 3663 2238 1472 4738 3972
Route 108 : 423 1417 803 2923 539 3917 3303 2174 3039 1200 3700 4674 2050 4550 833 3333
Route 109 : 1763 750 4263 3250 937 873 606 1653 4153 3437 3106 2307 3373 4807 2474 2230 4974 4730
Route 110 : 741 1140 3241 3640 1906 1110 4406 3610 318 1072 3572 1276 2356 3776 2818 4856
Route 111 : 806 1729 2218 3306 4718 4229 261 641 2761 3141 615 914 3115 2060 1714 3414 4214 4560
Route 112 : 948 3448 815 3315 1026 1039 3526 1981 3539 4481 540 2461 380 2880 3040 4961
Route 113 : 950 1351 3450 3851 1125 1129 3625 3629 249 460 98 2749 2598 2960
Route 114 : 1040 836 3336 3540 1150 2150 4650 3650 183 2683 185 128 1055 2685 3555 709 2628 3209
Route 115 : 419 1616 2919 1768 4268 4116 1475 1546 3975 4046 1552 608 4052 451 3108 2951 832 3332
Route 116 : 484 1667 19 2984 2102 2519 4167 1623 786 4602 387 1722 3286 2887 4123 4222
Route 117 : 2319 774 541 53 3274 3041 2368 4868 1372 2553 111 2426 2611 3872 2181 4926 4681 4819
Route 118 : 992 1707 1137 4207 3492 1773 4273 2351 1957 4457 1937 4851 4437 3637 195 1842 2695 4342
Route 119 : 613 2257 3113 4757 890 81 602 3102 3390 12 2581 2512 618 143 932 3118 1964 3432 2643 4464
Route 120 : 251 2751 980 827 3480 703 3327 910 3410 3203 438 2389 4889 1138 3638 2348 2938 4848
Route 121 : 1283 2455 1602 4955 349 3783 2849 4102 2007 1235 3735 956 4507 961 2450 3461 4950 3456
Route 122 : 211 2711 266 2766 1657 1643 4157 4143 2252 109 2609 2232 4752 1655 1250 4732 3750 4155
Route 123 : 1882 940 2133 4382 3440 4633 2047 4547 2217 1971 1887 4717 4387 4471
Route 124 : 2186 2029 4686 305 1759 233 4529 2805 2733 4259 162 1920 2662 1020 4420 1366 3520 3866
Route 125 : 1916 4416 1293 140 582 2640 3793 3082 899 609 2184 3109 4684 3399 594 3094
Route 126 : 2448 1885 4385 918 2385 4948 4885 1070 3418 3570 777 524 3024 1626 3277 2277 4777 4126 2024 4524
Route 127 : 154 1895 2654 2433 4395 4933 2314 2090 4814 870 4590 965 3370 507 531 3031 3007 3465
Route 128 : 512 1838 4338 3012 1966 1606 4466 4106 1786 1792 1540 4286 4292 4040 1221 192 3721 1881 4381 2692
Route 129 : 1555 1627 4127 4055 2390 2126 4890 1158 3658 2305 4626 1384 4805 75 2575 3884
Route 130 : 3 770 2169 2503 3270 1206 4669 1022 372 3706 3522 213 2872 2713 1679 340 2840 99 2599 4179
Route 131 : 1876 1233 913 3733 2416 2199 4376 3413 2308 4808 274 4916 4699 2023 4523 2774
Route 132 : 562 2124 3062 2300 4624 4800 581 624 3081 1905 4405 202 3124 171 2671 2702
Route 133 : 1941 48 4441 2548 1585 2131 4085 1807 4631 4307 1862 4362 2087 1503 4003 4587
Route 134 : 1689 4189 1167 481 2496 3667 2074 2981 2289 4996 2085 4574 4789 302 2802 4585
Route 135 : 2003 2002 4502 378 4503 1227 3727 1038 3538 1028 2878 2106 351 4606 1014 3528 532 3514 2851 3032
Route 136 : 1147 1621 3647 893 4121 841 3341 611 3111 3393 69 33 2533 2569 2499 2190 4999 4690
Route 137 : 623 492 2992 3123 1844 55 2555 1185 1301 4344 2198 3801 407 4698 3685 2907 1275 3775
Route 138 : 2396 2251 4896 4751 353 2853 187 237 1554 2687 843 369 3343 4054 2737 2341 2869 2437 4937 4841
Route 139 : 1381 3881 1203 1899 3703 2374 4399 856 1983 4874 3356 1551 1944 4483 4444 746 4051 3246
Route 140 : 1835 1511 4011 4335 147 2647 1323 1392 3892 1450 3823 2229 1814 4314 3950 1414 2315 4729 3914 4815
Route 141 : 660 86 2586 1521 3160 2125 4021 190 2690 391 4625 810 861 2891 3310 3361
Route 142 : 2195 4695 1030 1620 3530 2357 4857 4120 1403 376 2876 3903
Route 143 : 374 834 687 3187 2874 3334 2316 459 2959 2418 4816 1159 4918 3659 2018 175 4518 2675 758 3258
Route 144 : 821 2401 1637 4137 3321 4901 715 3215 2422 1209 1268 3709 3768 4922
Route 145 : 823 1002 3323 1201 122 3502 3701 898 2622 3398 1593 1604 708 4104 4093 2112 3208 4612
Route 146 : 1960 863 4460 621 3363 665 865 3165 1614 3121 3365 4114 297 1340 404 2797 3840 2904
Route 147 : 2083 1553 4583 1065 3565 264 4053 298 2764 1307 2798 164 3807 2040 2664 1762 4262 4540
Route 148 : 168 2121 2668 495 1698 303 4621 4198 2803 876 995 3495 640 3376 3140 280 132 2995 2632 2780
Route 149 : 1345 3845 1560 1652 985 4152 3485 91 1305 2591 695 1329 21 3805 3195 3829 2521 4060
Route 150 : 2492 1559 4992 4059 1470 2414 1605 4105 3970 4914 1188 2306 3688 2053 4553 4806
Route 151 : 2258 1880 4758 1175 747 4380 1738 3247 3675 4238 1173 1087 3673 1809 3587 4309
Route 152 : 2360 1043 3543 2119 4860 1772 4619 2167 4272 1426 230 4667 2730 3926 527 603 3027 3103
Route 153 : 2409 2100 2470 4909 2371 4600 4970 764 4871 3264 34 269 2534 2769 2311 4811
Route 154 : 969 1144 1223 1280 3469 3780 1273 3644 3723 881 1535 3773 1095 3381 4035 3595 1912 4412
Route 155 : 307 1154 1855 2807 3654 533 146 4355 3033 2646 1181 2107 4607 1933 3681 1650 4150 4433
Route 156 : 1274 1371 3774 3871 461 358 2961 2858 1691 1658 44 4191 4158 357 2544 311 2811 2857
Route 157 : 2260 352 4760 2852 441 284 1726 1874 2784 4226 1178 4374 2941 215 3678 785 2715 3285
Route 158 : 414 2914 1036 1284 3784 671 3536 3171 1608 1032 4108 3532 304 636 2804 3136 2212 4712
Route 159 : 1319 2239 4739 3819 1938 2155 2408 725 4655 4908 1321 3225 4438 3821
Route 160 : 1514 4014 2353 745 4853 3245 473 2973 2369 1676 1490 4176 4869 3990 2120 4620
Route 161 : 2434 4934 1924 1582 1994 4424 4494 397 4082 2159 2897 4659 1157 337 2837 3657 1460 3960
Route 162 : 1625 2036 4536 4125 2253 4753 2247 1700 4747 1399 4200 2471 3899 4971
Route 163 : 225 281 2725 465 2781 1969 2386 2965 4886 844 3344 1968 4469 1702 4202 4468
Route 164 : 1913 4413 260 994 2760 3494 1132 1832 4332 1058 3632 590 3090 555 713 3558 2261 3213 4761 3055
Route 165 : 1851 1703 4351 2445 4203 2104 4604 2256 812 4945 422 3312 634 4756 3134 350 2922 2850
Route 166 : 30 1595 2530 1828 1879 4095 1928 4328 4379 43 4428 550 689 3050 3189 2543
Route 167 : 1833 730 3230 496 4333 2274 2222 4774 2996 4722 1027 3527 1262 1789 3762 104 4289 2604
Route 168 : 1764 970 4264 3470 356 2856 2346 751 283 2783 3251 4846 1861 4361 2498 2197 4998 4697
Route 169 : 259 415 2915 2759 2097 1868 4597 4368 338 1352 2838 2393 1784 3852 4284 4893
Route 170 : 1006 1495 50 3995 2550 3506 1485 933 3433 1487 3987 3985 1615 4115 1133 1751 3633 4251 2266 4766
Route 171 : 595 3095 1687 702 1077 3202 2142 4187 3577 957 560 4642 3457 3060
Route 172 : 63 2563 26 2526 534 3034 77 405 32 2532 2577 1978 2905 1556 4056 1192 1466 4478 3692 3966
Route 173 : 917 1675 1421 3417 336 2836 1004 4175 3921 346 3504 424 2846 2383 1449 4883 2924 3949
Route 174 : 1074 3574 2064 1455 4564 3955 1631 485 408 4131 1105 3605 2908 2336 4836 1822 4322 2985
Route 175 : 1884 735 3235 142 4384 123 2623 1031 1529 2642 749 3531 3249 1517 871 4017 825 3371 3325 4029
Route 176 : 1888 165 2665 4388 1394 1557 1512 4012 3894 2476 4057 4976 1111 2011 3611 430 2930 729 4511 3229
Route 177 : 1089 1161 3661 3589 998 1571 4071 744 3244 3498 188 900 2688 2429 4929 3400 486 2986
Route 178 : 388 418 2918 2888 1739 1934 4434 4239 1898 1131 649 4398 3631 3149 161 1179 3679 2661
Route 179 : 630 551 896 3396 3051 2189 3130 1476 4689 3976 753 1226 3726 1816 3253 530 4316 199 2699 3030
Route 180 : 2113 529 1277 3777 2237 3029 1945 4613 4737 2130 4445 4630 327 382 2882 2827
Route 181 : 866 3366 1939 2370 968 4439 4870 979 3468 232 3479 748 3248 2732 1592 1584 4084 4092
Route 182 : 1603 2109 2477 4609 4977 4103 1672 1435 3935 1288 4172 3788 203 661 2703 3161
Route 183 : 814 467 2967 663 3314 3163 1494 1341 1506 989 3841 3489 3994 2220 4006 2391 4891 4720
Route 184 : 1857 822 1461 4357 818 3318 1685 3322 3961 4185 1350 502 1075 3002 3850 3575
Route 185 : 754 1661 4161 797 3254 808 1336 3297 3836 2211 946 4711 635 3308 3446 3135
Route 186 : 2325 80 2415 4915 2580 4825 1704 597 4204 362 3097 2862 1845 2118 4345 4618
Route 187 : 1106 1153 3653 1375 275 3875 2775 1682 1296 4182 2079 4579 942 3796 3606 3442
Route 188 : 2423 988 4923 2182 4682 3488 1963 4463 2010 2078 4578 93 4510 1755 2593 1500 4255 4000
Route 189 : 1770 4270 919 235 3419 520 2735 1710 3020 901 1330 3401 253 4210 3830 1532 2753 2399 4032 4899
Route 190 : 788 2161 3288 1501 4001 4661 361 690 2861 413 2913 1234 3734 1955 3190 1462 3962 4455
Route 191 : 1363 1086 3586 1612 1025 3525 4112 3863 793 1847 4347 231 2731 3293 1092 3592
Route 192 : 1356 1497 3997 1324 483 1104 2983 3824 103 3604 1265 2603 2242 3765 4742 3856
Route 193 : 384 2438 2884 208 922 4938 2343 2196 3422 4843 4696 2145 783 2708 4645 676 3283 3176 811 3311
Route 194 : 593 2282 3093 1300 3800 4782 359 567 2859 1564 4064 2014 3067 1597 4097 4514
Route 195 : 727 3227 666 1416 638 3166 736 3916 3236 477 3138 2977 1678 4178 1826 2312 4812 4326
Route 196 : 2286 2500 5000 4786 2073 936 3436 4573 1967 4467 1269 2081 3769 4581 1252 575 3752 3075
Route 197 : 257 56 2757 1690 2556 894 3394 672 3172 292 4190 1079 1370 3579 2792 3870
Route 198 : 1368 2019 36 4519 2536 3868 1010 1683 3510 4183 1577 2248 2330 4830 4748 4077
Route 199 : 1120 3620 426 432 2926 794 3294 1725 4225 2932 743 1583 3243 4083 1733 223 2723 4233
Route 200 : 1148 1432 196 3932 2696 3648 639 3139 999 1829 509 18 3499 472 2518 4329 2972 3009 824 3324
Route 201 : 1607 74 4107 2574 1953 779 3279 4453 2345 2328 4845 4828 1889 1980 4480 4389
Route 202 : 345 2845 394 2494 2031 4994 977 2894 3477 1222 4531 3722 971 1806 3471 106 2606 4306
Route 203 : 1130 3630 1975 685 3185 935 4475 3435 2436 4936 2095 2392 4595 4892 1730 537 3037 1248 4230 3748
Route 204 : 333 409 2833 2352 2909 4852 1841 2381 4341 4881 738 1391 848 3891 3348 2171 3238 4671
Route 205 : 1578 290 2790 4078 1634 4134 216 2379 620 2716 4879 3120 519 769 1295 3019 3795 3269
Route 206 : 1291 67 2411 3791 2567 13 4911 2513 1410 506 1942 3006 3910 930 4442 3430
Route 207 : 1541 4041 626 585 3126 722 3085 3222 1457 1469 886 3386 421 3969 3957 1567 66 2921 4067 2566
Route 208 : 1579 214 2714 4079 642 458 3142 189 2958 854 3354 1565 2689 4065 830 1580 4080 3330
Route 209 : 433 895 3395 399 2899 2933 73 1024 3524 2573 1840 1156 316 4340 3656 1109 3609 2816
Route 210 : 984 724 2123 3224 427 3484 4623 2927 800 997 248 3497 3300 1484 3984 2412 2030 2748 4912 4530
Route 211 : 1255 24 2524 631 3755 3131 343 2284 4784 2843 536 1299 3799 3036 1225 3725
Route 212 : 766 583 3266 3083 434 2076 2934 1563 1126 3626 2209 4576 4709 4063 2157 1166 4657 3666
Route 213 : 2322 1507 4822 1694 4194 4007 1666 446 4166 342 2334 2946 4834 2842
Route 214 : 1986 1174 4486 1839 3674 1558 4339 4058 255 1292 2755 928 3792 791 3428 3291 1177 3677
Route 215 : 1348 79 2129 3848 2579 4629 286 1919 2786 1091 683 4419 3183 3591 1390 692 3192 3890
Route 216 : 1721 915 4221 3415 1052 897 3397 1923 3552 4423 1430 479 3930 1482 2979 3982
Route 217 : 1050 3550 552 170 1117 3617 1454 3052 921 1441 3941 3421 3954 2670 1640 1374 3874 4140
Route 218 : 591 366 1169 580 3080 2866 3669 3091 1115 191 2691 1598 646 3615 2281 4781 3146 4098
Route 219 : 1263 3763 457 875 2957 768 3268 3375 1542 572 2467 571 4042 3072 2071 3071 4967 4571
Route 220 : 1481 2407 3981 1083 4907 3583 1290 179 2679 826 3790 1831 4331 1401 3326 124 2624 1745 3901 4245
Route 221 : 879 1573 4073 204 2704 3379 440 1610 1428 2940 4110 1489 3928 1724 263 2763 4224 3989 1952 4452
Route 222 : 312 515 2812 1926 2151 3015 650 4651 2463 4963 4426 1749 3150 1697 4249 4197
Route 223 : 403 972 3472 1561 2903 4061 850 614 686 3186 2143 3114 3350 107 2607 4643
Route 224 : 1196 1270 1709 1811 4209 3770 4311 1281 3781 1651 3696 648 4151 1753 3148 681 3181 4253
Route 225 : 324 2824 1099 1406 3599 3906 711 2419 846 4919 3211 1339 3839 2298 1151 1431 4798 3651 3346 3931
Route 226 : 395 2387 1987 2895 835 4887 1991 4487 59 2092 4491 4592 1856 2559 3335 1788 4356 4288
Route 227 : 1253 1005 3753 523 1127 3505 3627 1498 3023 452 2952 3998 1681 1112 3612 1354 4181 566 3066 3854
Route 228 : 2067 1716 4216 4567 2443 4943 1217 1216 1142 3642 1258 3717 3716 1187 1629 3687 3758 2188 4129 4688
Route 229 : 990 428 3490 2139 4639 252 2928 2059 2752 2202 4702 4559 2204 716 4704 545 3045 3216
Route 230 : 1377 2317 966 3877 3466 2183 4817 1423 2417 4683 2020 3923 4917 553 4520 61 3053 2561
Route 231 : 1408 2342 2440 4842 271 3908 4940 1397 166 1537 2771 4037 488 2666 2988 3897
Route 232 : 1502 1259 4002 2245 3759 339 1581 1124 2839 4081 3624 2208 4745 706 4708 958 3458 3206
Route 233 : 1343 3843 1373 329 802 3873 1878 3302 2829 4378 1776 1695 4276 4195
Route 234 : 655 1522 3155 4022 326 704 383 2826 3204 906 2883 3406 2210 784 3284 882 7 3382 2507 4710
Route 235 : 137 25 2525 62 2637 513 2562 2052 3013 1448 3948 2280 4552 58 1237 4780 3737 1659 2558 4159
Route 236 : 617 1854 1480 3117 437 4354 2937 3980 1249 544 3749 3044 813 3313 228 1388 2728 3888
Route 237 : 1312 3812 1355 3855 2313 4813 295 1219 379 2879 1119 2795 1821 3719 3619 4321
Route 238 : 798 435 2935 3298 2276 135 847 4776 38 2538 1550 4050 1003 3347 2096 2635 3503 4596
Route 239 : 2302 4802 1587 139 2639 4087 220 2432 2720 983 3483 633 3133 4932 1907 4407
Route 240 : 72 27 2572 657 2527 1389 3157 3889 2329 491 688 2991 1155 637 3137 3188 3655 4829
Route 241 : 2061 474 4561 2974 1009 3509 288 2288 4788 1977 1362 4477 2788 2380 1662 4880 3862 2404 4162 4904
Route 242 : 680 2039 4539 2442 3180 2127 1800 4300 4627 721 3221 739 4942 3239 285 564 2134 2785 4634 3064
Route 243 : 1948 4448 1190 1123 1735 3690 4235 3623 60 335 1053 2835 2560 3553 1732 4232
Route 244 : 480 2980 1684 1358 4184 3858 2464 987 3487 4964 1693 420 2920 1746 4193 4246
Route 245 : 1044 2026 3544 4526 2116 1045 4616 1830 4330 925 396 3545 2099 2896 3425 4599
Route 246 : 1195 1349 2149 3695 1696 3849 1979 4649 2093 4593 4196 4479 1492 2340 4840 714 3992 3214
Route 247 : 1446 675 1199 3175 3946 3699 2178 1894 4678 2452 4394 1630 4952 1999 4499 4130 194 262 2694 2762
Route 248 : 1997 117 4497 2617 10 1756 2510 2004 4504 4256 1673 4173 1272 2273 1601 3772 4101 4773
Route 249 : 83 2138 1180 4638 3680 2583 209 1359 2709 1425 3859 905 3925 3405 2372 4872
Route 250 : 2364 4864 35 2535 1419 740 1294 3919 3794 28 3240 628 974 2528 3128 3474
Route 251 : 2490 1743 1439 4243 3939 1547 911 4047 1122 4990 3622 1057 3411 2318 3557 4818 2405 1638 4138 4905
Route 252 : 1525 1302 4025 96 2596 1037 3802 2225 4725 2066 3537 2291 315 4566 2815 4791 2320 4820
Route 253 : 718 2355 1617 3218 4855 163 669 2663 4117 466 3169 389 2966 23 149 2889 2523 2649
Route 254 : 1085 1171 3585 172 2672 3671 2226 2497 939 3439 4726 1287 2233 4997 1309 3787 4733 3809
Route 255 : 2394 2006 4894 2489 4989 809 3309 2376 449 2458 2949 1088 4506 4876 4958 3588 1064 331 2831 3564
Route 256 : 112 1387 3887 2612 2028 1827 4528 857 371 3357 2871 4327 2265 2231 4765 912 4731 3412
Route 257 : 1008 3508 789 1213 3289 3713 2339 1947 4839 4447 705 1736 756 4236 3256 1080 3205 3580
Route 258 : 2428 1404 4928 2363 2160 4660 1927 4863 2156 4427 2219 4656 4719 272 1017 3904 3517 2772
Route 259 : 959 1519 276 4019 375 760 2013 4513 2875 3260 2776 3459 2054 4554 306 1819 4319 2806
Route 260 : 2032 807 723 4532 3223 3307 731 726 3231 924 3226 3424 476 159 2659 151 2976 2651
Route 261 : 557 3057 1243 443 2943 559 3059 92 2592 2382 2110 4882 776 3743 4610 3276 14 2514
Route 262 : 2271 853 308 2808 454 4771 2954 3353 2384 4884 1599 1264 4099 3764
Route 263 : 677 334 604 2834 3104 3177 1493 2240 1797 4740 3993 1118 4297 2449 4949 3618
Route 264 : 2378 1951 4451 4878 1081 2435 1437 3937 1956 1093 3581 2473 3593 4456 4973 4935
Route 265 : 1549 9 4049 130 2509 2630 385 94 2070 2885 2285 2594 46 4570 4785 364 2546 2864
Route 266 : 1787 1910 1711 2049 4287 4211 2331 4549 4410 2491 4831 2203 4991 1897 4397 4703
Route 267 : 2478 903 4978 1812 3403 4312 1184 2005 3684 981 4505 2267 125 3481 2625 4767
Route 268 : 1747 2111 4611 471 4247 510 2971 39 2539 2224 3010 4724 1520 2264 4020 4764
Route 269 : 2275 916 629 3129 982 3416 4775 3482 2228 4728 599 310 1586 3099 4086 2810 323 2309 2823 4809
Route 270 : 1459 1019 2008 3519 3959 2349 1509 4849 4508 4009 129 2629 1054 1699 3554 4199
Route 271 : 410 1304 3804 2910 1668 1116 679 4168 3616 862 3179 1279 3362 573 3073 3779
Route 272 : 2037 4537 1896 761 4396 1320 3820 1645 3261 842 1526 4145 3342 4026 2361 4861
Route 273 : 1491 205 3991 1289 2705 1908 1989 3789 4408 4489 1836 1367 4336 2 3867 2502
Route 274 : 1961 184 762 4461 2250 4750 373 2684 3262 2873 2486 1706 4986 65 4206 2565 332 2832
Route 275 : 2375 1890 4875 712 4390 1734 4234 3212 363 1239 2863 1246 1901 3739 3746 411 4401 855 2911 3355
Route 276 : 1488 2163 176 4663 3988 1781 1539 2676 4039 4281 2236 2454 4954 2027 4736 114 4527 2614
Route 277 : 1775 1128 3628 4275 2241 429 4741 535 3035 2929 180 20 2680 949 2520 3449 2272 755 4772 3255
Route 278 : 17 1018 169 2517 3518 299 2669 490 612 2799 845 2135 3112 3345 1063 3563 2990 4635
Route 279 : 1950 1427 494 2994 4450 3927 1471 607 1182 3971 3682 907 3107 3407 1641 2296 273 4796 4141 2773
Route 280 : 589 1007 1385 3507 3089 1740 3885 4240 89 1940 2589 4440
Route 281 : 1468 2101 245 4601 763 3968 1970 2745 2303 3263 4803 4470 1342 3842 1012 1172 1588 3512 3672 4088
Route 282 : 2297 662 3162 4797 2234 1000 4734 3500 2009 16 4509 2516 2045 1160 3660 4545 291 2791
Route 283 : 1353 1504 1570 4004 3853 1078 3578 2332 929 4070 3429 31 4832 976 3476 2479 2531 2191 4979 4691
Route 284 : 1633 1412 4133 3912 2122 4622 2144 246 2746 1214 1232 4644 1850 3732 3714 4350 694 670 3170 3194
Route 285 : 1308 902 3808 3402 653 2115 3153 4615 1873 1396 3896 1327 4373 3827