Instance name : poa-n1000-6
Authors       : Dmitriy Demin, Mikhail Diakov (msd@veeroute.com), Ivan Ilin, Nikita Ivanov, Viacheslav Sokolov (vs@veeroute.com) et al. VRt Global (https://veeroute.com/)
Date          : 2023-04-24
Reference     : veeroute.com
Solution
Route 1 : 15 169 419 669 102 919 333 515 602 833
Route 2 : 75 206 575 172 706 672 203 187 703 448 687 948
Route 3 : 26 360 113 526 860 122 613 228 622 728
Route 4 : 485 985 264 496 317 996 450 764 817 950
Route 5 : 439 473 973 208 939 19 519 708 229 233 729 733
Route 6 : 178 115 678 615 63 92 294 592 563 794
Route 7 : 443 441 941 943 58 370 870 413 558 913
Route 8 : 176 319 33 533 50 550 819 290 676 790
Route 9 : 335 835 210 13 433 933 79 710 579 247 747 513
Route 10 : 289 40 789 540 283 7 783 212 507 129 712 629
Route 11 : 453 438 344 844 938 304 804 953 214 714
Route 12 : 21 94 407 907 594 377 521 412 877 912 36 536
Route 13 : 268 260 760 12 768 11 511 345 512 845
Route 14 : 353 402 902 270 853 389 770 404 889 422 922 904
Route 15 : 281 171 781 218 114 382 614 718 671 882
Route 16 : 372 219 492 872 719 992 133 112 633 471 612 971
Route 17 : 107 607 95 595 374 874 43 543 358 391 858 891
Route 18 : 256 300 398 756 159 800 659 494 488 898 988 994
Route 19 : 215 128 628 497 997 61 253 715 561 286 753 786
Route 20 : 174 495 674 995 265 191 765 137 186 691 686 637
Route 21 : 436 100 37 936 537 600 408 193 693 908
Route 22 : 52 301 207 801 131 552 59 707 631 559
Route 23 : 136 167 667 421 636 280 921 780
Route 24 : 406 460 906 276 263 776 6 149 506 960 649 763
Route 25 : 236 54 298 554 458 81 736 958 798 581
Route 26 : 410 306 148 648 238 806 432 910 478 978 932 738
Route 27 : 284 364 76 146 646 348 576 462 962 864 784 848
Route 28 : 93 202 593 8 702 508 35 383 883 535
Route 29 : 223 181 244 723 89 134 744 589 681 83 583 634
Route 30 : 201 399 338 701 91 899 195 838 591 308 695 808
Route 31 : 32 442 532 144 942 86 420 586 164 920 664 644
Route 32 : 449 368 470 868 272 772 949 465 310 970 810 965
Route 33 : 44 447 135 635 544 464 964 947
Route 34 : 119 416 619 342 42 916 456 542 956 842
Route 35 : 479 979 343 65 565 400 381 881 843 900
Route 36 : 459 320 77 959 577 820 153 141 641 468 968 653
Route 37 : 330 72 51 198 551 155 830 655 698 572 103 603
Route 38 : 411 71 911 188 571 688 47 235 547 735
Route 39 : 261 761 45 545 222 361 226 861 491 726 722 991
Route 40 : 466 271 966 328 118 771 828 179 618 285 679 785
Route 41 : 347 847 484 427 429 929 984 213 927 713
Route 42 : 110 127 610 627 20 520 132 27 527 632
Route 43 : 334 183 834 105 683 354 326 854 605 227 826 727
Route 44 : 287 266 787 315 766 139 639 815
Route 45 : 90 293 590 336 97 405 793 597 836 905
Route 46 : 384 117 617 220 720 469 884 969 352 852
Route 47 : 351 396 224 120 851 896 724 620
Route 48 : 454 29 954 529 392 130 892 49 630 549 151 651
Route 49 : 388 60 560 331 888 28 831 246 746 528
Route 50 : 158 275 55 658 209 555 709 357 1 857 775 501
Route 51 : 216 716 175 423 3 675 10 923 299 503 510 799
Route 52 : 34 414 258 170 670 39 534 758 914 539
Route 53 : 69 126 569 417 57 557 323 917 823 626
Route 54 : 386 379 886 879 106 350 48 606 548 850
Route 55 : 177 677 249 84 327 749 279 779 827 584
Route 56 : 242 490 387 990 67 742 567 887
Route 57 : 98 165 598 665 31 38 538 168 531 668
Route 58 : 243 121 743 428 621 99 928 446 946 599
Route 59 : 430 225 930 474 109 725 200 700 974 609
Route 60 : 53 316 282 782 553 74 816 500 255 1000 574 755
Route 61 : 259 451 318 951 759 463 818 346 963 369 846 869
Route 62 : 182 221 245 682 745 124 721 624
Route 63 : 82 252 752 373 582 313 873 288 813 788
Route 64 : 277 138 638 257 70 162 757 662 777 375 875 570
Route 65 : 185 394 267 894 685 24 767 481 152 981 652 524
Route 66 : 390 349 46 849 890 425 546 395 322 895 925 822
Route 67 : 371 205 467 871 967 376 705 876
Route 68 : 311 365 811 269 472 865 88 769 192 692 972 588
Route 69 : 461 140 961 640 204 385 885 145 704 332 832 645
Route 70 : 321 325 825 16 821 355 855 516 278 778
Route 71 : 292 157 431 5 505 931 305 657 792 805
Route 72 : 295 241 795 741 64 455 9 955 564 509
Route 73 : 314 378 499 999 337 814 837 25 878 142 525 642
Route 74 : 262 232 762 197 732 329 829 697 163 663
Route 75 : 173 477 673 437 480 937 977 980
Route 76 : 274 78 578 457 41 774 541 307 957 807
Route 77 : 273 2 161 773 661 211 502 125 711 482 625 982
Route 78 : 487 23 523 17 987 22 87 517 587 522
Route 79 : 14 85 104 585 380 514 880 604 234 734
Route 80 : 184 180 684 680 309 96 452 809 596 952 359 859
Route 81 : 251 296 123 796 68 751 568 623 403 483 983 903
Route 82 : 297 797 366 4 440 303 866 504 940 803 190 690
Route 83 : 324 824 393 108 101 608 166 666 601 893
Route 84 : 196 363 409 863 696 231 909 362 731 862
Route 85 : 150 160 660 426 650 143 926 643 66 566
Route 86 : 80 367 580 230 867 340 730 840
Route 87 : 397 341 897 476 841 237 976 30 737 18 530 518
Route 88 : 291 339 791 62 250 839 312 254 812 754 750 562
Route 89 : 489 401 56 989 901 194 694 415 498 556 915 998
Route 90 : 356 486 986 239 248 739 217 856 717 748 435 935
Route 91 : 424 111 475 975 240 445 611 924 740 945 199 699
Route 92 : 156 444 944 189 656 493 434 934 689 154 993 654
Route 93 : 147 73 116 573 302 616 647 418 802 918