Instance name : poa-n5000-2
Authors       : BIG3 - Dmitriy Yampolskiy, Egor Nikolaev and Daria Savina. Smart Logistics Point by the BigThree team (big3.ru).
Date          : 2025-04-23
Reference     : BigThree team (big3.ru)
Solution
Route 1 : 120 671 3171 2620 2070 4570 441 2398 2941 899 3399 4898 1874 330 4374 2830 55 1307 1735 3807 2555 4235 2404 1675 4904 4175 1396 1267 3896 3767
Route 2 : 927 98 1822 3427 2598 1912 1751 1239 4251 1744 4412 4244 4322 3739 874 256 3374 1023 698 3523 3198 1198 2756 3698 1750 291 2791 210 4250 1820 2710 1266 3766 1746 4246 4320
Route 3 : 827 873 3327 728 3373 2113 677 3228 1341 3177 1902 4613 623 3841 795 3295 1730 4230 4402 821 3123 166 3321 349 2849 2061 2666 2053 1866 4366 4553 4561
Route 4 : 1870 1981 4481 2293 4793 2284 2428 2125 4928 4784 4370 4625 1663 773 4163 3273 1682 759 2137 4637 4182 3259 340 2840 1061 1235 3561 1946 3735 4446 848 2268 4768 3348
Route 5 : 1625 1073 1951 4125 3573 1493 1742 4242 3993 4451 1859 1568 329 4068 2829 650 606 4359 3106 1221 498 522 3721 3150 2998 967 3022 333 2833 1067 3467 3567 626 3126 197 683 317 2697 1037 3537 3183 247 2817 2747
Route 6 : 1434 2300 1781 4800 2153 4653 1595 2456 3934 2303 236 4095 4803 2736 4956 127 2468 2235 4281 4968 4735 1245 1167 2627 3745 3667 745 3245 1842 2296 1485 3985 2426 4926 2353 4853 4342 4796
Route 7 : 2231 4731 1921 4421 1126 1816 1102 458 3626 1773 4316 3602 2958 939 4273 1405 1064 3439 3564 1188 1022 3688 1161 3905 3522 1210 1255 3755 913 1593 4093 3710 3661 1975 3413 2038 262 1356 3856 2762 4475 4538 1542 4042
Route 8 : 828 1498 3998 2179 3328 1971 4679 405 2905 1169 3669 4471 1469 1880 1898 4380 3969 4398 947 491 3447 453 839 2953 1864 3339 2144 1896 2991 2469 4364 4969 468 4396 2968 4644
Route 9 : 1495 999 3499 1280 196 3995 2160 237 3780 2737 2696 230 2730 4660 1782 398 910 2898 1999 4282 4499 2100 3410 1297 4600 434 3797 929 840 2934 303 3429 3340 446 2803 2946
Route 10 : 265 1179 2166 4666 2765 793 3679 358 1976 2858 3293 1668 1561 4476 2107 4168 4061 593 559 3059 3093 168 4607 50 2550 1306 1855 2668 808 971 3471 3806 3308 4355 723 432 3223 2932
Route 11 : 2493 2219 4993 1575 4719 4075 2132 1521 1008 4021 1504 4632 438 2938 4004 3508 1511 923 4011 233 1442 3942 2733 1953 3423 2322 4453 2022 1819 4522 445 4822 4319 2945
Route 12 : 2315 4815 1900 1700 4400 1767 252 2752 4200 4267 2139 1142 629 3642 4639 3129 1397 2059 4559 1431 3897 350 2850 3931 1016 1553 3516 4053
Route 13 : 1354 108 2608 834 3854 1342 1140 3334 3640 3842 900 2295 3400 2042 4795 2379 374 4879 2488 2874 2174 4988 362 4542 4674 631 2234 2862 2146 4646 4734 3131 1471 269 2769 3971
Route 14 : 423 2487 2043 4987 4543 648 2923 2413 3148 1618 1340 4913 1409 4118 1543 3840 4043 2222 3909 1962 4722 2264 4462 1514 4764 1463 4014 2050 885 4550 3963 3385
Route 15 : 1546 2030 1527 113 4027 4530 2420 4046 355 2613 4920 2335 2855 722 1234 4835 666 3734 1094 3594 3166 3222 780 1108 3608 600 3280 130 959 2630 3459 17 3100 2517
Route 16 : 665 2095 1484 3165 4595 1545 4045 584 3984 1242 3084 938 414 3742 3438 2914 1834 1991 4334 1558 1736 4491 701 4236 951 3201 3451 1394 1004 4058 3894 1335 24 2524 1784 4284 3835 3504 1263 193 2693 3763
Route 17 : 1655 1461 4155 2014 3961 2464 4514 2205 4964 1576 1254 1677 1065 4705 4177 1718 981 4218 3481 3754 3565 1748 720 4248 1359 1614 3859 4076 632 3132 4114 3220
Route 18 : 35 1439 964 3464 2131 2535 1525 4631 3939 4025 617 1592 4092 429 282 3117 1795 2929 2185 4295 1911 4685 2062 4411 1791 1017 2782 4562 3517 4291
Route 19 : 1657 2463 4157 536 4963 3036 444 2018 4518 2944 266 1544 2766 4044 1798 67 2567 1957 592 4298 2031 3092 4457 153 4531 769 2653 1482 226 2726 3269 3982
Route 20 : 1048 815 3548 274 3315 2774 1766 1719 1671 4266 4171 1334 4219 1650 3834 4150 1889 2217 4717 1426 4389 1732 1128 4232 3926 3628 607 3107 1262 3762 2117 4617
Route 21 : 1252 390 1411 38 3911 1836 2890 2538 3752 1895 4336 201 4395 99 2701 243 2599 420 2920 2743 662 426 2926 1144 3644 3162 1474 3974
Route 22 : 43 898 1247 2543 928 877 3398 2491 3377 3428 4991 1027 3527 1103 1406 3906 3603 2465 1713 3747 4213 2451 4965 1800 4300 4951 564 548 3048 3064 2310 1182 4810 1473 3682 1199 3973 335 3699 2835
Route 23 : 1810 2089 1536 1540 4589 4040 4036 4310 1731 2401 4901 4231 114 1890 2614 4390 1823 2410 2212 4323 4712 447 118 2947 4910 179 2679 1549 2618 433 630 4049 2933 3130
Route 24 : 418 20 2520 2918 731 1344 1313 3813 483 2983 3231 3844 2108 361 2861 4608 2041 1992 4541 2316 4492 494 2347 2994 2494 4816 1505 4005 4994 4847
Route 25 : 2282 149 2649 2189 4782 1680 1154 3654 1113 4689 1201 4180 2485 3701 1709 3613 1853 4353 1747 1418 4247 4985 2332 4209 1567 2362 3918 1892 4862 1369 4067 4392 4832 3869
Route 26 : 422 527 932 2922 3027 1984 931 4484 3432 3431 608 2357 341 4857 3108 1180 3680 2374 2841 1159 4874 1246 3659 163 2663 144 2644 318 3746 2818 1049 3549 997 3497
Route 27 : 1328 1403 3903 430 1959 4459 2377 4877 1138 2930 3828 2305 3638 2390 1043 4890 2080 4805 1185 1291 3543 3685 4580 2286 3791 4786
Route 28 : 205 705 2705 3205 2006 1457 837 3337 3957 4506 478 1115 3615 2285 2978 757 244 2744 4785 1590 1615 3257 4090 4115 1532 4032 1654 1292 4154 3792 171 186 2686 2671 694 427 2927 3194 222 1270 3770 2722
Route 29 : 297 2449 2797 803 3303 2453 4949 2421 1922 4953 787 3287 909 852 4422 4921 3352 3409 475 310 2308 2810 2975 1535 4808 1556 4035 995 3495 1659 4159 1872 4056 2402 1588 1381 4088 3881 4902 4372
Route 30 : 1667 1095 1839 4339 3595 2085 2327 4167 4827 1168 3668 2170 228 2728 4585 175 4670 2675 2260 1229 1739 1216 3716 845 3345 1494 4760 4239 3994 3729 2229 2388 4888 4 2504 4729
Route 31 : 724 185 1174 2685 3674 777 3224 1421 443 3921 1580 3277 1943 4080 2943 1690 1026 4443 3526 524 4190 1296 1717 3024 3796 4217 107 2607 211 200 863 3363 1320 1173 2700 2711 3820 1581 3673 4081
Route 32 : 1259 582 3759 3082 2276 4776 2158 2350 234 4850 1932 1114 4658 2734 2330 4432 4830 370 3614 2870 1966 4466 1351 1611 4111 3851 556 283 853 3056 2783 1964 4464 3353
Route 33 : 2119 1501 4619 539 3039 2497 4001 2098 2024 2016 4997 1678 4598 4524 4516 4178 188 1274 2688 1371 3774 1670 3871 191 2691 2184 1738 1208 4684 4170 3708 220 4238 2720
Route 34 : 1060 560 3560 1249 419 2919 3749 1520 4020 513 3060 1555 2369 3013 4055 2370 4869 442 203 2942 4870 2703 1728 819 3319 4228 2346 2288 4846 4788 779 3279 1792 4292
Route 35 : 663 1395 1970 3163 3895 542 1350 4470 3850 460 3042 1740 2960 708 2403 4903 3208 4240 2395 11 4895 2459 2511 1279 4959 1985 3779 4485
Route 36 : 332 696 1012 2832 111 3512 2611 2256 3196 89 546 883 3046 3383 4756 2075 371 4575 2159 2589 2871 4659 2281 2176 2172 4781 4676 1854 4672 2458 4354 4958
Route 37 : 752 3252 1225 377 686 3186 1112 2877 3612 1571 3725 1569 1716 4071 4069 1127 4216 3627 2069 1269 481 3769 1772 4569 651 2981 4272 117 19 3151 1557 2519 523 2617 1584 4057 3023 4084 1240 1109 3740 3609
Route 38 : 693 165 41 3193 2541 1205 135 2665 3705 2635 1129 3629 63 1499 3999 2563 893 2382 3393 8 2082 846 4882 2508 3346 1438 1360 4582 763 3263 189 2689 319 755 3860 2819 785 3255 3938 1631 3285 4131
Route 39 : 1883 1934 4434 500 3000 4383 3 1385 3885 424 1069 3569 613 2924 2097 2503 934 3113 3434 4597 2161 4661 1961 4461 727 36 903 2536 2019 3403 3227 25 2525 457 2957 4519
Route 40 : 1401 3901 714 2210 3214 1626 2364 4710 4126 1083 2211 4864 1990 4490 3583 215 4711 2130 1522 4630 2715 797 4022 2175 711 1987 4487 3297 1949 4675 3211 4449
Route 41 : 391 158 322 2658 290 2891 2790 1507 2822 195 4007 1503 624 2695 4003 3124 289 380 2789 1228 2880 532 119 2619 3032 1903 3728 598 3098 1785 4285 4403 1045 2376 461 3545 1357 4876 3857 2961
Route 42 : 2323 1998 4823 1299 4498 1873 3799 2372 4373 4872 2477 1362 4977 2150 2317 4650 6 1367 3867 2506 4817 1364 3862 739 3864 2140 4640 1847 3239 2252 2422 4347 1793 4922 4293 1566 4752 4066
Route 43 : 605 436 2936 1093 3105 486 3593 2474 2027 4974 4527 1808 2986 384 2035 2884 1629 4308 92 4535 681 2592 2325 4825 3181 4129 1915 729 4415 449 3229 2949
Route 44 : 2047 206 1606 794 2706 4106 209 3294 2009 4509 2709 2445 1948 4547 103 2603 139 4945 4448 1332 3832 2475 4975 1729 775 2639 1528 4229 4028 640 3275 1101 3140 3601
Route 45 : 2238 855 1942 4738 4442 3355 875 962 3375 2314 2039 4814 2253 3462 4539 2187 4753 2470 625 4687 1927 4970 3125 214 2714 1479 110 1449 4427 3979 2354 4854 2215 3949 4715 2610 31 2531
Route 46 : 180 2680 2279 2368 4868 4779 1666 2263 4166 4763 1217 3717 574 2462 314 504 4962 3004 2814 3074 618 1317 1399 3817 1755 3899 4255 3118 825 336 2836 381 3325 167 2881 1519 2667 4019
Route 47 : 849 413 3349 881 2913 822 3322 1261 3381 1379 2073 2371 4871 4573 2101 3879 1481 1462 3962 4601 3761 3981 968 955 3455 2434 3468 591 3091 4934 1867 174 4367 2674
Route 48 : 192 1075 3575 2319 2692 2365 4819 996 3496 4865 1885 2360 4860 2083 4385 1788 4288 878 4583 1440 832 3940 2455 1841 4955 3378 4341 3332 730 3230
Route 49 : 1408 1082 3582 328 3908 1818 2828 4318 1796 2237 4737 1876 4376 2201 2304 4701 4296 4804 96 1679 2596 97 1638 1318 4179 3818 2597 264 4138 2120 4620 646 2764 3146 412 2912
Route 50 : 1933 1330 1053 3553 4433 3830 1832 2467 1531 4332 4031 1628 4967 2384 1116 3616 4884 1191 3691 4128 541 95 241 3041 526 2595 2741 2225 3026 4725 823 3323
Route 51 : 1054 516 3016 2298 2004 4798 1468 4504 3554 1665 4165 3968 476 2331 4831 2976 1597 1486 4097 3986 2393 2196 1835 4893 4696 4335 1133 3633 1856 554 1091 3591 4356 157 1572 3054 2657 4072
Route 52 : 1150 1183 3683 1529 1189 3689 4029 3650 2343 51 1172 2064 2551 4843 1764 4564 4264 2437 1601 1794 3672 4937 988 3488 679 4294 3179 4101
Route 53 : 2134 767 577 4634 3267 2090 3077 892 4590 1973 91 2591 1881 4381 4473 3392 320 48 2548 2820 1802 1256 1264 4302 3756 2190 615 3115 4690 3764
Route 54 : 337 1088 2837 979 1029 3588 634 3529 3479 1604 4104 2239 3134 529 3029 2324 2378 4739 4878 1425 3925 573 4824 280 3073 690 1422 3922 1538 2780 3190 2223 4723 2088 4038 4588 190 1200 2690 692 3700 3192 1181 3681
Route 55 : 1119 1031 3619 1011 3531 3511 1644 1760 4144 2191 4260 949 172 1087 4691 3449 2067 2672 1647 3587 4567 1733 610 4147 1537 4233 758 7 2507 3258 3110 4037 1222 221 2721 3722
Route 56 : 1797 415 4297 1851 4351 2915 2471 916 2380 3416 4971 4880 958 1599 647 3458 4099 1447 1564 3947 2277 4064 2221 3147 4777 4721 298 1125 519 2798 766 3266 3019 3625
Route 57 : 791 1079 3291 906 3406 1586 4086 1047 3579 351 3547 2181 2851 2490 4681 4990 136 1446 993 2636 3493 3946 1541 973 4041 726 85 2585 3226 3473 1689 334 4189 1166 2269 4769 2834 1391 3666 3891
Route 58 : 1621 309 4121 2809 1376 331 2831 1524 3876 248 1277 914 4024 1470 3777 1096 3414 2748 703 3203 3970 3596 451 1427 2951 1844 3927 1829 4329 1137 4344 3637
Route 59 : 586 1120 3086 2033 3620 496 2996 28 872 3372 2528 4533 2173 1664 4164 306 2417 4673 1685 4185 894 740 4917 3240 1694 3394 293 2806 2793 535 3035 4194 1605 4105
Route 60 : 382 678 1164 2111 3178 4611 3664 2882 674 1698 1539 4198 4039 278 1326 2778 1560 3826 3174 2355 4060 2058 4558 160 4855 807 145 3307 1578 2660 1598 4078 2645 4098
Route 61 : 1697 2017 407 2110 4197 4610 403 2907 2387 2903 354 4517 4887 435 2854 1000 1003 1224 2935 488 3724 841 3503 2988 3341 410 10 3500 2910 664 2510 1134 3164 2479 2029 4529 4979 3634 53 1636 680 2553 3180 4136
Route 62 : 1157 1036 702 3202 2168 3536 3657 1831 636 4668 1414 3136 231 3914 4331 1799 1721 2731 4221 4299 1804 1919 4304 2251 4419 737 1607 1454 3237 3954 4751 4107
Route 63 : 778 121 2621 3278 1380 1630 4130 369 3880 2869 786 1496 3286 1040 3996 348 961 2848 3461 753 550 3540 343 2843 3253 2391 3050 1845 4891 4345 1901 788 3288 1177 558 3058 3677 4401
Route 64 : 1458 954 3454 1218 125 3718 360 2860 660 2625 2214 3160 3958 2194 2408 4694 352 4714 2852 4908 2001 2406 1897 394 4397 1021 2894 4906 609 59 3109 3521 4501 1827 2559 818 3318 4327
Route 65 : 1648 84 706 1745 2584 4245 1944 2338 4444 907 3206 4148 3407 4838 1908 1383 437 2937 1850 1530 3883 4350 4030 4408 1404 761 448 69 2569 2948 3904 3261
Route 66 : 1554 1639 1361 4139 3861 1552 4052 4054 800 957 3300 3457 493 18 1310 3810 2518 2054 2993 4554 768 1489 3989 890 3268 1178 3678 3390 1878 1956 4378 506 3006 4456
Route 67 : 1038 1517 3538 2034 4017 1432 3932 2193 4534 1368 4693 3868 1622 1617 4117 4122 561 2416 3061 2255 2177 4677 4755 4916 2081 2394 4581 643 3143 4894
Route 68 : 1652 1684 2013 2079 4579 1918 4184 4513 633 4152 943 3133 3443 4418 199 94 2594 1906 2699 1097 3597 2241 2118 4406 4741 4618 2105 2484 1547 4605 4984 1676 4047 4176
Route 69 : 697 389 1769 4269 3197 1741 2889 2003 835 4241 2048 4503 133 3335 176 2633 580 3080 2676 4548 1602 1465 3965 4102 1322 1464 1488 3988 3822 3964 1285 1430 3930 2499 3785 4999
Route 70 : 372 2872 388 1231 861 695 3731 3361 2888 1374 3874 2224 2220 3195 744 1042 4724 3542 4720 2265 1938 905 3244 2236 4765 4736 4438 3405 452 469 2952 1417 3917 2969 1325 645 3825 1583 4083 3145
Route 71 : 984 260 3484 1467 781 3281 2000 2760 3967 1348 3848 802 4500 1706 3302 1002 1186 3502 2136 4206 4636 3686 219 254 2719 919 417 2754 2917 3419
Route 72 : 1453 1776 4276 2124 3953 1333 1286 4624 551 3833 3786 2396 1696 3051 4196 57 4896 977 3477 2557 732 1443 842 3232 970 1613 3470 3943 3342 850 4113 760 3350 3260
Route 73 : 976 178 3476 2678 45 267 2767 245 2545 104 1402 2745 1596 2604 3902 2247 129 4747 4096 2629 2208 487 4708 858 2987 3358 553 3053
Route 74 : 946 601 3446 1674 901 3101 2063 4174 3401 628 3128 4563 2419 4919 154 621 1014 1623 4123 3121 83 2654 347 3514 599 3099 1336 2583 2480 3836 2847 805 4980 1343 1251 3305 3843 3751
Route 75 : 2481 4981 2199 68 300 2055 2800 4699 2180 1207 813 2568 4680 3707 4555 3313 1272 904 1563 3772 3404 4063 1894 338 1491 4394 653 3991 3153 2838 762 2078 3262 4578
Route 76 : 1958 864 4458 73 3364 1646 2573 571 3071 2138 4638 1510 4010 4146 80 966 3466 1649 1339 2580 409 2909 4149 3839 838 255 3338 2026 2755 1472 242 3972 4526 2742
Route 77 : 1857 1030 1807 4307 3530 2186 4357 1849 4349 4686 2145 1637 70 4137 1041 2570 4645 2094 184 3541 1778 4594 2461 4278 2195 4961 2684 2155 4655 4695
Route 78 : 29 1441 3941 1686 1448 2529 1761 1770 1105 4261 1826 4186 3948 4270 3605 4326 1298 572 3072 1152 1487 3652 3798 2151 4651 276 2776 1662 3987 1986 2206 4162 4706 4486
Route 79 : 676 1106 3176 1028 1214 3606 3528 143 590 2643 273 3090 1219 3714 2773 799 3719 325 3299 261 281 2825 1868 2781 396 2761 2896 39 612 4368 3112 2539
Route 80 : 1759 1294 4259 1236 3736 1089 3794 1814 1475 4314 492 271 2771 3589 3975 2087 4587 1565 1331 4065 3831 2992 1884 2366 4384 1923 4423 2333 4866 570 3070 4833
Route 81 : 1104 2312 3604 4812 1250 1244 926 3750 3426 3744 512 1715 3012 563 4215 1006 3063 515 3506 3015 1837 4337 2400 1930 2358 4430 4858 345 1887 4387 987 1492 3487 4900 3992 2845
Route 82 : 1997 1412 4497 1589 284 3912 2784 2287 4089 4787 1456 1346 1289 3789 652 3956 1591 1290 3846 4091 2446 3790 1076 3152 992 3492 2375 3576 4875 140 4946 975 2640 3475
Route 83 : 473 1640 2973 1681 4181 1384 4140 2149 585 3884 4649 2257 3085 270 4757 1813 2770 1046 4313 3546 879 804 1955 4455 1977 3304 3379 942 1861 4361 3442 1582 4082 668 544 4477 3168 3044
Route 84 : 1321 2424 3821 4924 288 990 2788 385 3490 2885 1055 552 2204 3555 1314 4704 2361 4861 2143 4643 3814 3052 1995 4495 2427 2273 4927 4773 2270 4770 1111 339 3611 2839
Route 85 : 656 1661 3156 1123 3623 1936 2289 4161 1577 972 4077 4789 1209 3472 183 1634 3709 4436 865 654 3365 4134 2683 3154 1375 287 2129 3875 2787 688 4629 1124 3188 3624
Route 86 : 1752 2213 4713 4252 2472 93 4972 2593 1508 1300 4008 3800 2086 1753 4586 518 4253 3018 820 3320 1579 1774 2425 4274 4925 1435 1967 3935 4079 2230 4730 4467
Route 87 : 2077 1139 301 1273 2801 1483 3773 4577 1550 3983 356 3639 978 3478 4050 566 851 2856 2015 162 2662 2202 3351 471 3066 4702 1196 2971 2246 4515 4746 918 3696 602 3102 3418
Route 88 : 1466 101 1600 2601 346 2254 3966 4100 4754 1787 1226 49 2846 2102 3726 2244 4602 2549 2423 4287 4923 1347 603 3847 2441 1032 3103 4941 4744 1197 3532 1812 2299 4312 3697 4799 1323 3823
Route 89 : 257 1275 2757 439 3775 2492 2939 4992 1147 1983 1783 3647 4283 1500 4483 4000 1081 3581 866 217 2717 3366 859 1515 4015 982 3359 3482 1044 2407 798 3544 3298 1039 4907 1502 3539 4002
Route 90 : 684 1232 3184 87 3732 533 2587 619 3033 86 1033 2586 156 3533 2656 1175 3119 1610 3675 327 4110 393 2827 2893 1917 2430 4417 2261 4761 4930 2356 2128 4856 4628 342 1450 2498 12 2512 2842 4998 2405 3950 4905
Route 91 : 2306 2076 4806 4576 917 857 3357 649 1526 3149 4026 1926 4426 3417 2496 1349 1620 3849 4120 1281 508 4996 3008 944 3781 1337 1817 3837 1135 3444 4317 3635
Route 92 : 699 3199 2010 275 4510 1941 1714 2775 4441 860 4214 2148 4648 876 3376 3360 854 102 3354 1366 3866 305 2602 543 2805 3043 1877 1612 4112 1415 4377 3915 1725 4225
Route 93 : 870 1833 1954 4333 871 4454 1130 147 3370 3371 2313 3630 2647 2409 4813 2163 771 3271 4909 1824 4663 764 4324 2351 3264 1107 3607 4851 1388 285 2785 3888
Route 94 : 941 888 3388 3441 1705 689 673 4205 669 1608 4108 3189 2092 3173 3169 1811 4311 4592 1372 321 2821 1779 294 3872 1416 4279 2352 3916 1050 4852 2794 2457 3550 4957
Route 95 : 1707 1407 1702 4207 3907 2197 2072 4202 250 4697 2750 1805 4572 4305 2046 1265 3765 2389 812 4546 1233 4889 3312 82 2582 1052 3552 3733 641 2271 4771 3141 1001 2473 4973 3501
Route 96 : 2483 2262 4762 4983 986 408 3486 1642 2908 4142 1363 47 1699 3863 466 2547 4199 2066 218 2966 510 4566 2718 2154 3010 1312 4654 945 3812 3445
Route 97 : 897 868 3368 1899 3397 1978 27 4399 4478 2527 2226 704 4726 531 1587 3031 4087 3204 296 611 1860 4360 1708 2796 406 2906 3111 4208 2328 4828
Route 98 : 721 1352 3221 3852 1015 1271 3515 657 1308 3771 37 3808 2537 1098 3157 3598 131 921 2631 2337 2104 3421 4604 4837 159 746 579 507 2659 3079 1960 3246 3007 397 4460 2897
Route 99 : 880 1057 3380 3557 1945 316 4445 155 2816 2099 2386 2655 790 4599 132 4886 2321 869 4821 3290 1165 3369 2632 1477 3665 3977 937 404 930 259 3437 2759 2904 479 3430 2979
Route 100 : 26 886 2526 65 3386 1965 2565 908 911 960 3460 3411 142 4465 3408 2642 2336 134 4836 308 2634 71 2571 1771 2808 4271 1377 258 3877 2758
Route 101 : 1419 685 3185 642 32 3919 2532 922 3142 2258 2373 1195 3422 227 2727 2248 4758 4873 814 4748 3695 240 3314 2399 33 2142 4642 2533 2740 4899 1293 1301 3793 3801
Route 102 : 682 1533 1660 161 2661 4160 3182 4033 2209 1695 4709 4195 42 1765 4265 1656 1056 3556 4156 1386 2542 313 3886 2813 2482 1988 4982 4488 1480 1516 4016 3980 829 3329
Route 103 : 2443 115 2615 1947 1743 4243 4943 4447 718 302 2802 3218 2381 2278 4881 2415 2044 4778 1338 3838 489 4544 4915 208 2989 1846 1886 4346 2708 856 4386 639 3139 3356
Route 104 : 1815 534 2216 4315 3034 502 587 4716 661 477 3002 1929 4429 3087 3161 2414 2977 2152 4914 2329 4652 2232 4829 1559 4732 749 4059 2021 1865 3249 238 4521 4365 2023 4523 2738
Route 105 : 1478 545 3045 141 3978 2339 2641 1909 4409 1777 4839 4277 465 1393 1206 3706 1726 2965 3893 4226 1278 224 15 3778 450 2515 2724 373 2950 2873
Route 106 : 1445 109 3945 472 2609 2103 4603 2476 2972 792 1609 4976 655 3292 4109 232 182 3155 2732 712 2682 1653 765 3212 1506 4153 3265 14 2432 4006 2165 4932 4665 2514
Route 107 : 2290 375 4790 2002 2326 2875 784 4502 2411 4911 2156 4826 3284 2084 4584 4656 1570 1146 4070 56 2556 3646 1241 1789 3741 528 3028 4289 2363 1110 4863 3610
Route 108 : 1905 1920 4405 4420 1658 733 1392 3233 4158 588 3892 2114 3088 4614 1387 1436 3887 3936 1512 1459 4012 2341 3959 4841 1202 709 1712 4212 3702 3209
Route 109 : 1840 1013 4340 700 3513 2169 3200 455 4669 326 2955 2198 2826 4698 576 3076 1302 811 3311 1143 3643 920 578 3802 1848 3078 3420 2460 4348 1875 994 3494 4960 4375
Route 110 : 1551 540 3040 138 4051 658 1243 2638 3158 1345 3743 1005 3505 3845 235 5 2735 421 2921 2505 2245 2007 4507 2109 1828 4609 4745 2309 4328 4809
Route 111 : 1059 1204 1423 3559 3704 2266 2348 3923 4848 474 1389 2974 1643 3889 4143 4766 1025 54 3525 170 2554 344 2844 90 1809 2670 2590 2342 4309 887 4842 3387
Route 112 : 1176 2452 1852 3676 399 965 4952 2899 716 128 3465 4352 776 3276 181 2628 1548 202 2702 3216 4048 2681 622 884 3122 2183 4683 2065 3384 60 462 2560 751 3251 4565 2962
Route 113 : 1806 1153 936 3436 3653 4306 950 1907 691 3191 1996 4407 3450 1074 2292 3574 635 1370 4496 4792 2056 3135 4556 148 3870 198 1413 2698 3913 2648 2349 715 4849 3215
Route 114 : 896 40 2540 1780 3396 1937 4437 4280 1704 867 3367 4204 187 1801 2687 4301 2171 2167 1058 3558 4667 948 3448 1163 4671 1071 3571 112 3663 359 2431 4931 2859 2612 1253 567 3753 3067
Route 115 : 1703 2275 4203 4775 1305 1754 1952 1009 4452 4254 3509 2240 3805 569 1268 3069 223 3768 4740 2723 2207 935 2243 4707 1843 4743 1019 3519 3435 364 1775 4343 126 2864 735 2626 4275 386 1641 3235 4141 2886
Route 116 : 2164 484 2984 4664 1066 2274 1132 3632 3566 895 4774 2182 3395 1309 2141 4682 263 2763 509 4641 940 3809 1288 3440 3788 3009 400 2900 1287 707 1063 3563 3207 2318 3787 1476 4818 3976
Route 117 : 1084 3584 277 2228 4728 2777 1562 1390 3890 1151 1451 4062 1724 4224 1145 3951 3651 3645 1513 1378 4013 824 3324 124 1916 2624 4416 1790 3878 4290
Route 118 : 555 1429 3055 675 3929 2192 3175 2096 4692 1910 4410 1324 4596 3824 741 756 3241 1010 3510 1141 3256 77 2489 16 3641 2359 4989 4859 2516 2577 1925 4425
Route 119 : 1720 1651 4151 1891 4220 2162 4662 806 4391 1935 963 3306 659 3463 4435 173 1353 3853 1433 3159 3933 670 2673 2344 3170 1 2501 2442 4942 4844 1211 3711
Route 120 : 1085 1497 3997 1080 3585 3580 817 105 3317 387 530 2605 620 2887 614 3030 3114 1687 3120 1420 4187 1768 3920 581 3081 4268 251 204 2751 1315 2704 23 3815 1969 1190 3690 79 2523 4469 924 2579 3424
Route 121 : 1619 1437 2397 4119 1830 4897 4330 1914 3937 4414 1276 2227 1077 4727 3776 3577 1051 137 3551 30 299 2530 2637 2799 311 1737 2811 1121 4237 3621 2486 1452 454 3952 2954 4986 537 3037
Route 122 : 1316 1645 3816 1722 4222 1993 4145 816 1155 1358 4493 3316 3655 3858 1382 2093 4593 3882 891 1573 4073 3391 2444 463 1092 4944 2963 882 3592 3382
Route 123 : 1018 912 3412 1989 3518 1940 4489 4440 13 106 2606 357 2857 2513 229 225 1460 3960 2729 1160 378 1194 3694 2878 2725 3660 1838 933 3433 4338 1117 66 2566 3617
Route 124 : 2200 1248 672 3172 379 4700 2879 246 3748 2746 151 2651 1007 1223 34 772 3272 2534 3507 3723 2060 974 754 3474 4560 3254 1863 177 538 4363 953 2677 3453 3038 367 2867
Route 125 : 774 1131 1633 3274 1192 3692 1444 2020 3631 58 4520 4133 2558 312 268 2812 323 2768 3944 22 2823 637 2522 3137 122 1118 2068 1227 3618 4568 1869 52 2622 3727 2552 467 1282 2967 517 3782 4369 3017
Route 126 : 1871 2233 4371 315 2815 1534 216 4733 4034 9 2509 2716 1913 505 4413 78 1979 3005 366 2454 4479 2578 2866 1024 667 4954 3167 1284 810 3524 3784 3310
Route 127 : 1203 1156 2036 3656 3703 565 4536 1821 431 4321 480 3065 2931 1158 2980 3658 2448 1373 1068 3873 3568 782 980 272 3480 2005 4948 3282 4505 2772 2334 2008 4508 4834 503 1701 4201 3003
Route 128 : 1428 1355 3855 952 1994 3452 3928 4494 1727 521 3021 783 4227 3283 801 1136 3636 1786 3301 2297 353 4286 470 710 1734 2853 3210 2438 4234 2970 2436 4936 4797 1939 4938 2116 4439 416 725 2916 4616 3225
Route 129 : 983 1213 3483 1616 3713 2045 4545 2074 4116 1424 4574 3924 2112 2307 4807 604 3104 4612 1257 1950 3757 525 3025 1758 4450 4258 2135 1924 4424 2091 4635 4591
Route 130 : 1215 514 3715 2127 3014 2123 4627 1398 4623 2178 4678 3898 2392 568 3068 644 368 4892 146 2868 3144 2249 4749 2646 2311 1711 4211 1311 4811 3811
Route 131 : 1148 501 3648 100 3001 734 2600 2466 4966 3234 1632 638 3138 4132 253 1035 2259 4759 2028 3535 2753 4528 1020 1034 3534 2250 3520 2283 4750 4783 2301 2011 4511 497 4801 2997
Route 132 : 324 392 2892 2824 239 831 1693 44 3331 2133 4193 2739 304 616 3116 2280 2544 4633 4780 2804 597 482 3097 2439 2982 1972 847 1258 3758 3347 4939 2440 4472 4940 2052 4552
Route 133 : 2049 889 213 2713 1683 3389 2121 4549 4183 4621 2051 2 2218 2502 4551 4718 2447 1260 3760 4947 2435 1904 4935 4404 1928 1931 4428 2418 4918 4431 76 1283 2576 3783
Route 134 : 1400 74 2574 583 2385 3900 1888 3083 4388 719 464 3219 2964 123 150 2623 279 2650 925 2779 4885 2012 736 4512 3425 3236 1882 1825 2320 4382 2433 4325 4933 4820 956 1220 3456 2429 3720 4929
Route 135 : 307 1122 3622 1603 4103 1090 3590 1756 395 2294 2807 4256 286 511 2786 3011 376 2895 1523 4794 459 4023 2876 88 2959 1803 589 3089 1672 2588 2115 4615 4303 4172 2071 2340 4571 4840
Route 136 : 1963 1762 4262 1212 4463 594 743 3712 3243 915 3094 295 3415 1100 2795 989 3600 1490 3990 2267 4767 3489 411 1319 2911 2500 2367 5000 3819 2302 4867 4802
Route 137 : 1624 1968 4468 4124 383 2345 2883 456 713 1635 4135 2956 4845 3213 365 1187 1518 3687 64 2564 4018 2865 1099 207 2707 72 2572 2242 3599 826 3326 4742
Route 138 : 485 75 2575 499 2985 401 2999 1749 4249 2901 2291 1862 4362 4791 1980 1237 3737 4480 770 440 3270 2272 836 3336 2940 830 557 3330 1162 4772 1327 3662 3827 3057
Route 139 : 1982 1171 2106 3671 4606 1329 1974 3829 4482 2478 4474 1193 3693 4978 747 717 809 3247 3217 169 3309 2669 833 1627 3333 4127 562 1365 3062 2412 3865 1078 4912 3578 2032 1455 4532 3955
Route 140 : 2025 1303 4525 3803 2122 2495 1594 4995 4622 1070 4094 194 3570 595 2694 495 62 2995 1879 2562 4379 687 61 3095 549 3049 21 2561 3187 2521
Route 141 : 1295 796 3296 998 3795 1230 363 402 3730 2863 1692 212 3498 2712 2157 4657 116 2616 425 2902 520 4192 1691 4191 3020 1585 2925 575 862 3075 596 902 3362 3096 4085 3402 547 3047
Route 142 : 738 1072 3238 2147 3572 748 4647 490 3248 2188 4688 2990 1238 164 2126 4626 3738 1673 844 4173 81 292 2664 3344 1509 2581 1086 2792 4009 1710 1763 4263 3586 4210
Route 143 : 152 1184 2652 1304 1757 3804 3684 4257 985 1858 4358 1574 1170 4074 1149 3485 1410 3670 3649 969 428 742 3242 3910 3469 2040 2928 627 4540 3127 2450 1062 3562 4950
Route 144 : 2203 2057 4703 2037 4537 4557 1688 843 3343 789 3289 4188 1669 46 2546 4169 750 991 3491 3250 1723 249 2383 4223 4883 1893 2749 4393
