Instance name : poa-n2500-7
Authors : Simen T. Vadseth, Henrik Andersson, Jean-Francois Cordeau and Magnus Stålhane
Date : 10.07.2023
Reference : TBA
Solution
Route	1 :  687 522 1937 246 171 1496 1772 1421 585 413 1663 869 1835 642 2119 607 1892 147 906 1397 1857 665 192 2156 1915 277 1527 1442 51 626 1876 43 516 1301 1766 1293
Route	2 :  293 1543 888 22 2138 1272 1104 2354 849 2099 768 894 273 2144 1523 2018 606 17 1856 605 1267 892 645 1855 2142 618 1895 1047 1868 2297 209 1459
Route	3 :  1194 845 2444 1155 2095 2405 227 1477 94 1344 1247 697 301 1551 2497 1947 397 839 1647 941 2089 721 2191 651 1971 660 772 1901 1910 2022
Route	4 :  876 2126 1045 2295 715 436 1686 1965 321 901 1571 2151 590 867 2117 613 1840 1863 179 194 1429 367 1444 1617 782 378 2032 550 1800 1073 1628 2323
Route	5 :  812 2062 1014 835 2264 2085 333 1583 33 587 477 1283 1046 1837 1727 195 2296 173 1445 1423 332 1142 1582 859 499 2392 170 1749 2109 1420
Route	6 :  444 534 1694 1118 2368 1784 1195 2445 129 435 1685 1379 193 1443 1168 843 2093 19 2418 1269 346 680 1930 185 1596 815 2065 1435 337 1587
Route	7 :  706 1956 400 720 472 1650 1722 638 1970 229 1479 274 53 1888 1303 765 1524 913 2015 2163 455 275 1705 762 1525 998 2012 555 787 1805 2037 2248
Route	8 :  130 861 1380 498 2111 963 1748 2213 143 1393 974 280 702 1530 1952 2224 41 559 1291 818 488 1738 2068 1809 249 1071 760 977 2010 2321 1499 2227
Route	9 :  419 1114 384 2364 1669 1149 2399 1634 780 142 743 2030 20 1993 1392 1270 1061 857 2107 544 200 1794 460 2311 989 1450 2239 445 1695 1710
Route	10 :  83 375 509 1759 356 1625 1606 1333 345 1595 360 1097 1610 1098 2347 935 2348 1029 2279 2185 936 442 1692 621 2186 831 2081 493 1743 1871
Route	11 :  582 1832 292 1542 769 2019 1212 368 2462 1618 177 451 1701 1020 1427 1102 2352 262 1512 5 2270 412 3 1662 1255 1253 61 912 1311 2162
Route	12 :  1074 2324 748 458 1708 828 1998 199 2078 1128 542 1449 2378 1792 15 724 1265 1974 467 438 1688 1717 479 1068 2318 881 2131 122 1729 994 1372 1065 2244 2315
Route	13 :  1209 2459 684 575 1934 1825 1147 325 2397 983 2233 1575 111 1361 1078 2328 1025 819 661 2069 1911 2275 655 1905 1034 2284 279 852 730 1529 2102 1980
Route	14 :  547 304 1797 440 1554 1690 49 362 1299 1612 928 201 2178 1451 305 548 1798 1555 399 496 1649 1746 939 1159 2189 2409 747 1997 1230 214 1464 2480
Route	15 :  1005 385 1635 2255 1006 221 2256 1081 1471 388 2331 667 833 1638 2083 686 1936 1917 1009 54 1304 2259 600 1850 1076 1145 2395 870 745 2120 1995 2326
Route	16 :  789 158 2039 1408 1198 689 268 1518 2448 915 1039 2289 1939 191 2165 1178 1052 2428 1441 2302 46 1296 1134 868 2384 952 2118 593 2202 1843
Route	17 :  329 1579 538 377 1788 875 1627 2125 105 1186 1066 1355 2436 956 2316 2206 964 391 1641 60 603 1853 379 1629 1310 632 1176 2426 1882 2214
Route	18 :  736 382 1632 1986 298 657 1907 1548 850 2100 404 711 1961 1654 328 636 1214 1578 2464 599 1886 1103 1849 695 2353 219 1945 1469 1170 1154 2404 2420
Route	19 :  294 1544 535 212 1462 248 1785 223 1498 1 186 1251 1473 1436 24 1274 1037 429 1679 2287 1129 604 2379 1854 453 792 1703 2042
Route	20 :  299 961 1028 1549 2278 2211 874 373 449 2124 1095 1699 2345 781 1139 2031 2389 916 7 1257 2166 809 380 1623 2059 1192 1630 571 2442 1821
Route	21 :  628 822 1878 2072 823 462 1712 2073 1157 855 1181 2105 2431 2407 1162 425 2412 1675 85 556 1335 1806 29 553 1279 1803
Route	22 :  778 2028 109 77 1327 65 1228 1359 846 2478 1315 322 532 2096 1782 76 1572 1326 533 659 1909 900 1783 448 1698 1108 2150 648 2358 797 2047 1898
Route	23 :  858 138 2108 1388 6 100 156 1406 1256 1206 1350 1202 2452 2456 693 1031 1943 576 2281 1826 312 281 1562 1531 886 121 1371 2136 145 666 1395 1916
Route	24 :  243 718 863 1968 1493 893 2113 656 1906 315 2143 1167 1153 1565 2417 2403 1201 25 2451 1275 306 1556 108 1358 1131 825 1085 2075 2381 2335
Route	25 :  972 2222 1007 731 437 2257 1981 601 675 1687 616 1851 1925 1200 890 1866 1130 2140 31 2380 732 1982 543 2450 42 1281 536 1786 1793 1292 975 719 1969 2225
Route	26 :  944 254 1504 2194 749 339 1589 1999 79 1158 1329 476 2408 26 1726 389 1639 1276 1248 1072 973 2322 2498 376 1013 1626 1000 2263 2250 2223
Route	27 :  882 1077 2132 2327 1055 2305 1165 151 2415 439 1401 1689 16 1266 282 216 528 1532 1466 1778 236 688 1486 810 485 1735 427 2060 761 1677 2011 1938
Route	28 :  353 1603 1021 931 2271 261 309 1511 2181 1559 459 1709 157 1407 1152 2402 904 1051 2301 87 2154 308 1558 649 1337 318 1899 942 1568 344 1594 132 2192 1382 1169 2419
Route	29 :  1050 2300 1189 878 2128 552 1802 140 767 205 2017 1390 1455 163 1413 2439 1191 394 1644 840 793 2441 2043 2090 56 263 1513 406 1306 1656
Route	30 :  646 951 1896 37 2201 1287 1238 255 2488 1505 897 1232 270 2482 1520 526 2147 1120 1776 278 2370 1528 517 1015 1767 2265 206 1456 418 723 1973 507 1668 1757
Route	31 :  494 1744 1038 1234 2484 415 2288 1665 188 1236 183 2486 1438 764 1433 1225 2014 2475 269 926 1519 816 2176 2066
Route	32 :  611 1861 155 968 979 2229 784 1405 2218 2034 654 641 1904 1891 733 584 1983 154 1834 1404 940 464 1226 1714 166 2190 877 1416 2127 316 2476 1566
Route	33 :  739 561 289 1539 1989 320 1570 602 1852 1811 490 423 1740 1673 631 794 1881 1222 2044 2472 470 1720 256 1506 401 512 1651 1762
Route	34 :  486 1736 546 74 1324 358 1796 884 1608 995 99 2134 2245 1349 713 1079 1963 1166 2329 740 2416 682 1990 1932 920 717 2170 1022 1967 253 1503 317 2272 1567
Route	35 :  127 1057 2307 896 1377 1094 596 1846 1185 2344 2146 2435 1249 426 503 2499 1676 1753 790 10 2040 178 198 1260 620 1428 115 1448 1870 149 1365 487 1399 1737
Route	36 :  1127 124 2377 946 1374 873 2196 2123 431 788 714 1681 392 2038 1964 1244 1642 1137 2387 407 2494 1657 454 497 1704 1058 2308 1747
Route	37 :  960 1141 2391 1032 2210 2282 734 1240 2490 1984 1119 2369 1213 230 2463 258 1508 1480 64 411 1314 1661 1146 81 1331 213 2396 1463
Route	38 :  1027 967 1101 2277 2351 2217 297 144 52 1394 1043 2293 1033 1547 1302 106 359 1356 2283 1144 2394 1609 971 563 1813 1227 2221 2477
Route	39 :  68 420 1318 847 1670 2097 62 169 1312 597 1419 1190 1847 2440 795 139 2045 692 1389 1942 1151 624 1874 2401 302 1552 284 1534 1246 2496
Route	40 :  1040 2290 393 168 1643 708 1418 1958 853 909 671 2159 2103 2 159 1921 1409 1252 722 90 1340 1972 1184 97 481 1731 2434 1347
Route	41 :  1229 414 239 2479 1489 540 1664 1790 1123 291 403 1653 2373 1541 372 1215 1622 162 2465 1412 872 614 1864 313 1563 1204 2122 148 1217 2467 1398 146 1396 2454 417 1667
Route	42 :  557 707 1807 1957 691 324 1941 1574 443 647 1897 1693 608 741 1991 276 1858 588 1526 1838 1126 758 2376 2008 363 421 1613 225 1475 1671
Route	43 :  1063 311 2313 1561 595 1845 73 1138 1323 865 2388 2115 752 2002 932 1016 2182 2266 1024 1017 1175 2267 2425 2274 1086 2336 1110 2360
Route	44 :  1239 744 463 50 1994 2489 1300 1713 832 409 807 1659 468 2057 2082 1718 520 737 1987 1770 1211 264 2461 1514 303 63 770 1313 1553 2020 1179 2429
Route	45 :  21 696 1946 694 1944 57 1271 1307 775 1125 2025 527 2375 408 1777 574 1824 1658 578 222 1828 112 1472 864 2114 1362 565 48 1815 685 1298 1935
Route	46 :  902 830 2080 505 923 2173 2152 189 1755 1049 1439 2299 1224 447 2474 461 1711 1697 1112 2362 452 1702 930 2180 290 457 1540 390 1707 1640
Route	47 :  958 1082 2332 1219 2208 1111 541 2361 2469 95 1345 1791 351 899 2149 1199 1601 307 2449 1557 251 567 545 1501 1795 1817 245 1495
Route	48 :  125 837 1231 2087 2481 1375 471 726 11 1721 1261 326 1976 1576 1122 343 1593 808 2058 668 2372 1918 615 725 1865 523 1975 9 1773 1259
Route	49 :  152 1402 482 187 1732 617 1867 1193 1437 2443 848 371 383 1621 446 2098 1633 1048 1696 2298 1171 950 2421 981 2231 2200 89 67 1339 1317 1207 1080 2330 2457
Route	50 :  947 2197 562 521 1812 895 2145 1771 986 1161 2236 1059 2411 2309 1216 228 1478 181 2466 639 1889 763 2013 1183 2433 1431 558 1808 330 1580
Route	51 :  120 738 1370 729 1988 1180 1979 1044 2430 2294 1148 271 2398 184 1521 898 1434 58 2148 1308 699 908 1949 701 2158 773 1951 650 92 1900 2023 1342
Route	52 :  224 1474 285 1535 1174 2424 829 474 2079 98 1724 841 1348 2091 502 1752 352 1182 2432 1602 1242 78 934 2184 2492 1328
Route	53 :  410 698 1948 1026 1660 514 1764 2276 259 751 1509 891 2001 119 381 2141 1369 1631 473 524 1723 1774 663 1150 2400 1913 817 2067
Route	54 :  954 2204 622 295 1872 1545 842 1135 2092 1210 1003 2385 2460 288 2253 1002 1538 2252 86 948 2198 1336 766 365 1615 629 2016 1879 801 670 2051 1920
Route	55 :  32 101 1282 1351 1223 1075 2473 2325 885 1233 354 1604 2135 2483 804 799 2049 681 2054 38 1288 1931 774 2024 1093 627 1877 2343 500 919 1750 2169
Route	56 :  1197 257 2447 1196 1507 2446 728 1978 1140 484 2390 1734 39 1289 658 637 1908 1887 609 1859 370 1220 1163 1620 296 2413 2470 118 1546 969 2219 1368
Route	57 :  709 1083 1188 2333 1959 2438 756 36 2006 1136 1286 925 2386 2175 511 594 1761 1844 23 1030 2280 1273 207 1060 2310 1457 927 970 2177 2220
Route	58 :  232 242 1492 357 1482 643 1607 980 805 1893 2230 2055 549 103 210 1353 1799 834 1460 2084 59 506 113 1756 1309 176 1363 1426 386 102 1636 1352
Route	59 :  428 1250 985 2500 1023 1678 2235 2273 570 1820 990 982 2240 2232 700 1221 2471 933 1950 2183 640 340 1890 116 1366 1124 1590 2374 984 2234 218 1468
Route	60 :  456 537 1706 1787 1090 783 2033 2340 539 70 1320 1173 1789 2423 287 824 1537 2074 1109 820 2070 2359 924 579 1829 2174 860 1042 2110 2292
Route	61 :  674 965 2215 350 1924 735 55 1600 1305 1985 1010 283 2260 653 1533 554 508 1903 525 1775 1804 1758 1019 175 2269 1425 591 1841 914 2164
Route	62 :  75 515 1325 1765 862 2112 319 47 1569 610 1297 1860 492 395 1742 35 796 1285 2046 1645 625 137 1387 237 1875 475 1487 215 1725 677 1465 1927
Route	63 :  551 1801 1087 746 88 1996 1338 2337 889 566 2139 569 1816 424 1819 174 851 1424 1674 2101 844 672 826 1922 267 1517 2094 2076 623 91 1873 957 2207 1341
Route	64 :  361 197 252 1447 1611 260 1502 1510 583 922 880 1833 2130 2172 996 798 2246 133 1383 2048 182 12 1432 1099 1262 244 1494 2349 1172 2422
Route	65 :  1241 917 2167 180 2491 879 1430 123 2129 208 161 1373 1458 1411 14 272 1522 1264 976 786 750 2036 2226 907 978 2157 612 1862 937 2228 2187 2000
Route	66 :  167 644 1012 1894 2262 1417 1235 2485 1113 955 131 2363 2205 1381 402 678 1652 1100 1928 4 2350 560 1254 1810 153 1245 2495 988 2238 1403 369 1619
Route	67 :  683 1933 705 962 690 2212 1955 811 2061 1940 501 905 2155 999 226 1476 2249 1751 1092 72 1322 331 2342 1581 1115 679 1929 2365 1208 2458 1105 2355
Route	68 :  1062 2312 1218 430 1117 2468 1680 110 266 1360 1516 2367 529 568 1779 1818 469 1088 1719 480 1730 2338 327 1577 592 581 586 1842 1831 1156 2406 1836
Route	69 :  1203 887 953 2453 759 495 2137 1745 2009 513 2203 27 1763 827 1132 2382 2077 1277 84 866 2116 1334 710 1070 1960 530 883 2320 141 2133 1780 1391
Route	70 :  1121 1067 2371 2317 1001 2251 374 323 580 1624 1573 348 1830 664 1914 1041 1598 2291 44 704 241 1294 1954 1491
Route	71 :  791 987 2041 630 1880 2237 347 1096 1597 966 34 2346 2216 1284 945 489 803 2053 2195 938 190 1440 2188 1739 785 2035 432 1682 93 1343 1069 2319
Route	72 :  854 634 1884 2104 217 465 1715 1467 821 2071 134 1116 2366 1384 771 997 2247 929 2021 117 2179 1367 573 1823 1008 1004 491 2254 2258 1741 69 1319
Route	73 :  336 231 1586 1084 2334 531 1781 1481 71 335 1321 1585 676 673 1926 1923 114 1035 1364 136 1386 2285 871 2121 422 203 1453 202 1672 450 1452 1700
Route	74 :  128 856 1378 2106 405 40 1290 1655 466 247 1497 235 1160 1716 2410 992 1485 265 802 2242 1107 2357 1515 504 2052 800 1754 2050 82 441 1691 1332
Route	75 :  755 2005 959 949 2209 2199 434 1684 589 1839 126 742 1992 1376 310 806 1560 1018 2056 712 1962 220 2268 813 1470 1143 2393 2063
Route	76 :  943 286 2193 387 1536 1637 727 814 1977 572 233 2064 1822 836 652 1483 2086 1902 910 349 1599 921 2160 2171 250 8 1500 633 1883 1258
Route	77 :  1036 1205 2286 2455 364 478 1614 160 1728 1410 1053 619 2303 1177 2427 398 1869 1648 13 341 18 1263 1591 1268 1091 314 2341 334 1564 1584
Route	78 :  564 1814 716 757 1966 635 2007 1885 1164 164 1237 2414 1414 2487 338 483 1733 1588 1089 196 1446 1056 2339 104 2306 1354
Route	79 :  1133 2383 355 238 433 1488 172 1605 366 1683 1422 918 96 1616 2168 1346 342 28 1592 234 1278 30 1484 211 662 1280 1461 1912 1064 911 2314 2161
Route	80 :  776 777 2026 2027 753 1011 519 2003 993 1769 779 2029 2243 66 1316 2261 1187 903 300 2437 991 1550 45 1295 165 2153 2241 1415 598 1848 107 240 1357 1490
Route	81 :  1106 135 2356 754 2004 1385 577 1827 518 703 1054 204 2304 1768 150 1400 1454 396 669 1646 838 1919 510 2088 416 1760 1666 1243 1953 80 2493 1330
