Instance name : poa-n2500-5
Authors       : Dmitriy Demin, Mikhail Diakov (msd@veeroute.com), Ivan Ilin, Nikita Ivanov, Viacheslav Sokolov (vs@veeroute.com) et al. VRt Global (https://veeroute.com/)
Date          : 2023-04-24
Reference     : veeroute.com
Solution
Route 1 : 779 875 2029 1170 2420 2125 839 241 2089 142 1237 1491 1392 575 2487 561 1825 85 1335 950 1811 573 23 1823 840 1273 2200 2090 205 572 1455 238 193 1822 1488 1443
Route 2 : 330 1202 696 1580 1946 303 16 2452 1266 668 1553 1918 626 246 764 1876 715 2014 1496 1965 442 1028 948 1692 2198 2278 176 984 1426 584 2234 694 856 778 1834 118 1368 2028 178 1944 294 1428 1544 2106
Route 3 : 463 107 1357 200 1713 454 636 1450 826 1704 1886 760 2010 2076 65 114 1364 1315 69 177 1427 285 613 1535 711 1863 1961 1319 137 865 1387 1120 2115 1149 2399 2370
Route 4 : 808 390 2058 343 1640 1014 2264 864 1593 1182 2432 2114 121 748 682 1998 1371 488 1738 1932 292 453 1542 1703 968 210 2218 1460 310 926 570 2176 1820 1038 1560 458 1708 2288
Route 5 : 1221 387 253 1074 2324 1637 2471 1503 14 527 594 1264 278 1528 1071 1844 1777 2321 1093 964 2343 269 2214 1519 771 392 784 2034 1642 2021
Route 6 : 780 2030 133 412 1662 1383 734 493 1984 148 882 1743 521 1771 2132 733 1983 296 1546 755 1398 720 744 1970 1994 2005 1228 1095 248 1020 2345 2478 1498 12 2270 131 1262 1172 1381 796 2422 2046
Route 7 : 683 629 1933 95 1879 1345 1027 954 398 1648 2204 2277 754 234 21 432 2004 868 1271 2118 526 1682 1484 1776 1108 939 2358 1214 2464 2189
Route 8 : 346 723 1596 26 884 289 1973 1539 920 2134 2170 1276 1040 607 1857 1008 2290 1045 1059 500 1208 2295 1750 2458 2309 2258
Route 9 : 334 494 1584 889 1124 1744 2139 2374 806 461 1711 921 2171 998 2248 367 1617 1130 2056 1220 2380 786 2470 2036 164 707 1957 1414 67 1317 985 910 2160 2235 1147 664 545 1914 2397 1795
Route 10 : 759 171 2009 1421 288 799 569 1538 438 2049 1819 443 1688 440 1693 772 24 1690 2022 1274 1033 2283 132 112 1382 153 508 1758 1362 619 1403 139 1869 1389 157 1057 667 655 1905 1407 1917 2307
Route 11 : 254 933 1504 384 762 219 1469 1634 2183 1168 2012 1231 2481 741 2418 1991 359 841 1194 2091 13 1263 1609 2444 341 648 1591 414 1898 1664
Route 12 : 97 3 1253 331 1347 188 1581 651 1438 1901 1053 1146 746 2303 721 2396 828 1971 635 2078 1885 111 354 260 1604 1510 1361 1996 1050 1125 942 2300 2375 2192
Route 13 : 388 1030 745 1638 2280 1186 1995 2436 516 601 957 364 2207 1851 1766 1049 1614 2299 1107 982 1081 2232 2331 2357
Route 14 : 812 609 724 890 1859 1974 2140 1245 2062 1043 1230 2293 2495 271 731 2480 1981 1521 710 243 563 1493 1142 2392 1813 1960 154 1404
Route 15 : 382 978 1012 1632 2262 2228 68 943 663 1318 339 323 1913 1573 578 2193 894 1589 645 375 1828 1895 2144 1173 1625 620 2423 1870 34 946 2196 423 1284 124 1374 1673
Route 16 : 693 393 726 1643 1064 1943 700 2314 1976 535 83 1950 1785 1333 450 523 1773 1700 768 844 2018 332 286 1582 2094 705 57 1307 1536 80 1955 751 1330 196 2001 202 170 1446 1420 447 1697 1452
Route 17 : 783 240 822 2072 544 1490 2033 791 2041 1794 1232 1029 2279 1241 757 2482 2007 525 2491 322 1572 680 1775 1930 517 473 1723 1767 974 319 1569 2224 1233 2483
Route 18 : 229 1479 630 304 1880 1554 566 548 581 1798 1816 1034 1145 1831 2395 1215 119 2284 36 2465 1369 665 938 2188 1286 551 1200 2450 1915 1801 831 72 1322 184 2081 1434
Route 19 : 104 159 1354 1131 1409 1157 2381 712 56 2407 800 108 1358 747 1306 2050 1997 1101 1962 1247 725 1075 2325 2497 2351 1975 503 93 1343 1753 48 235 1298 152 27 1402 1485 1277
Route 20 : 484 924 2174 1122 1734 1248 2372 2498 1116 166 2366 792 2042 1416 237 1487 1137 618 2387 1868 1250 1069 2319 2500 976 2226 479 873 1729 439 2123 1689 1065 990 2315 718 2240 1968
Route 21 : 478 475 1087 1728 1725 400 2337 1650 936 949 2199 101 81 2186 704 1331 801 1954 2051 979 2229 92 383 929 1633 2179 1351 1342 994 773 2244 722 2023 1133 172 2383 1972 1422
Route 22 : 767 716 1966 220 428 1470 904 2017 1678 1197 2154 190 492 1440 2447 1056 565 805 2306 1815 1742 2055 1243 175 1117 2493 1425 2367 867 1160 2117 824 2074 2410
Route 23 : 168 143 258 1508 1211 1418 337 1587 66 1393 2461 1316 1227 1118 2477 225 2368 836 1475 623 1873 410 2086 549 1799 1660 866 266 2116 903 1516 834 2153 204 1454 2084
Route 24 : 802 817 513 2052 580 2067 1830 52 186 1436 1763 1302 692 1002 881 2252 1942 2131 1113 785 1201 2035 927 2177 1174 2451 2363 2424
Route 25 : 180 301 1551 110 861 2111 1360 854 1430 1218 2104 1184 2468 1041 2434 642 302 1892 2291 1552 134 273 1523 1384 556 1806 163 424 1413 1674 125 993 653 1375 1903 89 1339 2243
Route 26 : 688 878 1938 30 2128 295 1280 895 1545 2145 728 457 1707 1978 937 353 481 394 2187 1731 1644 908 2158 995 100 1603 1350 2245 691 699 1941 880 1949 593 2130 231 1843 376 1626 1481 787 7 1257 2037
Route 27 : 509 813 1759 2063 987 441 1691 2237 1132 1141 2391 604 2382 1854 830 2080 829 816 2079 182 1432 401 2066 1651 312 46 327 1577 434 1296 1684 1562
Route 28 : 42 886 1292 606 2136 952 2202 756 1856 615 2006 43 106 1865 1293 1356 218 915 1468 1051 2301 130 622 2165 429 1380 77 1872 1679 386 1327 1636 84 1073 1334 435 78 1685 2323 144 1394 1328
Route 29 : 577 1091 1827 838 2088 227 2341 909 1477 1148 2159 1171 807 2057 329 1579 2398 1181 568 1818 2431 1111 969 2219 2361 2421 351 1601 672 681 502 1922 18 1752 1931 1268
Route 30 : 596 660 1846 1910 727 832 1086 2082 239 758 1977 902 2008 1489 2336 2152 1155 1129 557 1052 2405 2302 1807 2379 956 167 965 2215 1417 1140 1060 2390 2206 1005 2255 2310
Route 31 : 33 1249 252 1502 1283 2499 532 45 542 1782 70 1320 935 742 2185 1083 1992 2333 1088 1295 558 1792 1062 2338 1102 2352 2312 1808 342 460 1592 732 1982 1710 1007 2257
Route 32 : 90 356 1098 1606 1340 553 1803 483 1733 975 2348 2225 40 1019 1290 1 2269 1251 1114 1080 2364 708 1958 2330 803 872 2053 1238 389 2488 2122 1639
Route 33 : 600 823 673 2073 1923 1850 496 1746 223 1473 187 88 698 1948 1437 546 300 1338 1550 1796 782 2032 47 879 2129 1297 1068 147 2318 922 1397 1178 2428 2172
Route 34 : 117 891 1367 2141 261 539 1511 263 1789 669 1513 1919 597 970 896 1847 2146 1206 2220 2456 11 550 1800 403 675 1261 1925 658 242 1492 1653 1908 528 25 1778 1275
Route 35 : 627 1877 543 297 217 1547 1793 679 1467 214 657 1929 1907 1464 1203 1134 2453 369 2384 1619 281 195 670 1920 602 1445 1531 1852 1011 1085 2261 2335 676 467 1926 1717
Route 36 : 913 185 2163 1139 2389 1054 1435 333 1583 2304 1234 2484 320 869 1570 291 313 2119 265 1541 1515 1563 371 160 1410 1621 1128 2378 729 646 1896 391 1979 1641
Route 37 : 776 825 396 1646 1119 1100 1115 750 2350 2075 2000 2369 2026 2365 1099 1126 2349 1031 2376 932 735 2281 2182 1985 652 1902 31 357 1281 1607
Route 38 : 501 511 1751 421 405 1671 1761 1655 1036 60 1310 930 2180 2286 141 279 1391 1035 1529 1144 2394 2285 853 1089 298 2339 1548 1032 2103 365 321 2282 1571 377 1627 850 146 2100 1396 1615 512 1762
Route 39 : 598 650 280 1848 1900 91 1530 1341 1239 931 947 2181 2197 2489 885 2135 366 209 1616 1459 845 966 2095 1079 2216 2329 431 284 1151 1681 1534 2401
Route 40 : 1106 1246 2496 1162 2356 2412 277 98 1527 123 1348 1373 249 74 1324 1499 311 777 1561 9 2027 1259 1136 1138 2386 898 899 2388 2149 2148
Route 41 : 482 4 1732 632 1254 1882 109 1359 352 852 2102 1602 586 316 1566 945 1836 649 1899 2195 41 541 1291 980 2230 1791 1004 274 189 1439 1524 2254
Route 42 : 814 51 169 1419 2064 1301 955 491 2205 1741 1229 2479 29 638 1279 1223 1196 2446 1888 2473 647 1897 917 763 2167 2013 105 1355 1177 373 17 1623 871 2427 1267 2121
Route 43 : 199 211 654 1461 408 1904 1183 1449 1658 876 2433 433 1683 1003 2126 2253 689 1939 446 1696 644 531 1894 8 76 1326 639 1258 1889 1219 1781 2469
Route 44 : 1044 244 2294 1494 1070 2320 308 559 1558 862 1809 641 149 959 1891 2112 1399 1016 2209 215 2266 37 1465 287 1537 404 1287 1654 192 276 1094 1442 1526 2344
Route 45 : 614 743 633 1883 307 1864 1993 1199 1557 2449 222 579 1829 1472 207 1457 206 849 1456 2099 136 49 1386 860 893 1299 2143 2110 811 522 2061 1236 1772 2486 583 115 1833 1365
Route 46 : 212 589 1462 326 1839 1112 1576 259 1509 165 2362 158 1415 350 916 1408 1096 2166 1600 1023 2346 1017 2273 678 2267 216 1466 1928
Route 47 : 967 402 1652 928 2217 32 971 2178 1282 1127 2221 1156 2377 1039 2406 547 2289 1797 685 485 138 1735 1935 336 1388 1586 628 986 1878 470 1720 2 1252 2236 445 340 140 1590 1390 1695
Route 48 : 1067 236 406 1656 270 1486 456 2317 437 1706 567 1520 1817 953 1687 677 420 1670 1927 2203 436 1686 690 71 1321 631 1881 381 1940 28 348 1006 1598 1631 1278 407 1657 753 2256 2003
Route 49 : 418 659 585 1668 983 413 2233 1663 1198 1009 2259 268 1518 1835 2448 1010 1909 2260 634 640 1884 1890 582 625 1832 1875 1176 415 1665 155 1405 35 2426 1285
Route 50 : 961 564 835 1814 498 2085 1748 2211 766 538 666 1916 555 1805 2016 1788 472 991 530 1722 2241 1780 232 977 1482 637 1887 2227 1190 587 1837 888 2440 361 2138 1611 621 1871
Route 51 : 1109 2359 1225 201 2475 449 1451 934 2184 1699 1092 709 2342 1959 863 605 2113 714 426 1855 1964 62 1676 612 1209 1312 2459 1862 257 226 1507 1476 671 905 1921 2155
Route 52 : 1152 299 1192 2402 1549 703 847 1953 2442 2097 1191 256 608 349 1599 2441 1506 1858 1058 1154 2404 1055 1169 749 2419 2305 2308 145 1395 1999
Route 53 : 1061 203 1453 224 2311 355 151 1474 858 1605 2108 809 1401 102 1352 595 468 1845 2059 10 1260 505 1755 1718 534 518 1768 1078 2328 1784 1024 1235 64 2274 1314 2485
Route 54 : 324 686 1574 497 486 1736 328 1578 1747 1936 859 815 2065 2109 363 1613 533 504 1783 981 901 1754 474 1724 2231 61 2151 1311 317 617 1567 687 1210 1867 2460 1937
Route 55 : 250 1500 870 1188 2438 2120 5 314 1166 1255 590 2416 1840 1564 427 1677 55 306 1305 1556 588 82 1838 411 282 1332 1532 874 1661 409 1659 1242 2124 96 973 2492 2223 1346
Route 56 : 892 770 940 2142 524 2020 2190 1774 230 1480 662 451 1185 1912 2435 1701 128 179 1378 1429 466 489 1739 997 1716 2247 459 63 1313 996 941 2191 1709 2246
Route 57 : 962 769 2212 761 2019 624 397 1647 2011 1874 221 795 925 2175 2045 1471 1212 1226 2462 1047 2476 1104 2297 197 702 1952 1447 2354
Route 58 : 325 963 818 2213 897 1575 2068 552 1802 1123 2147 883 2373 2133 1037 305 643 2287 1893 1163 1555 1015 2413 54 906 1304 44 2156 2265 1294
Route 59 : 857 50 480 537 2107 1787 1300 1143 2393 1730 1110 1021 318 1568 2360 2271 774 338 1588 851 2024 2101 419 1224 20 2474 1270 1669
Route 60 : 912 272 919 1522 2169 2162 918 448 2168 999 2249 1698 1159 730 1980 2409 1025 1121 736 2275 2371 1986 430 540 515 1790 1680 75 1765 1325
Route 61 : 717 507 1757 1967 213 1463 208 372 1150 1622 1018 2400 58 1458 877 2268 2127 1308 1180 293 2430 275 1543 1525 944 804 2054 819 591 2194 1841 2069 1013 827 2263 2077
Route 62 : 129 848 1379 2098 368 574 576 1618 1824 370 79 1826 1620 1329 1187 719 1969 520 611 2437 1770 464 1714 1164 2414 1861 379 251 1501 960 2210 1629
Route 63 : 911 422 2161 1672 740 103 335 1990 1585 1353 191 810 1441 444 603 2060 1853 1158 1694 2408 487 837 2087 395 1645 1737 99 477 1349 798 1727 181 1431 2048
Route 64 : 344 842 1594 2092 1175 1222 697 2425 162 1412 2472 1947 1066 752 2002 2316 416 87 122 1666 1372 247 562 1337 1497 1076 1812 2326
Route 65 : 737 843 2093 706 173 1987 39 684 1956 1289 417 529 1779 1667 514 1423 1764 1934 469 1719 738 536 1786 425 914 1988 2164 1675 820 347 1597 378 2070 1042 1628 1077 2327 674 2292 1924
Route 66 : 358 571 156 1406 1608 1821 1001 2251 194 1444 116 846 1366 2096 1161 94 1026 2411 2276 1344 126 887 1376 972 2137 797 2222 1167 2047 855 2417 471 2105 198 1721 127 790 1377 1448 2040
Route 67 : 290 53 228 161 1411 1303 1478 1540 22 793 1272 1090 2043 283 1533 1205 2340 2455 1135 1022 2272 2385 713 958 1963 2208 992 86 2242 1336 519 599 1769 907 2157 1849
Route 68 : 399 1103 1649 1216 2353 490 1740 592 362 1612 1842 788 2466 1097 2347 2038 120 19 1370 695 616 1945 989 1866 1269 739 360 2239 923 1989 610 1860 499 1610 2173 506 1749 1756
Route 69 : 309 452 1702 1559 264 315 1193 1565 2443 1189 1063 1514 2439 374 1153 1624 2313 2403 262 1000 1512 1084 2250 661 1911 2334 781 245 2031 462 1712 1495
Route 70 : 73 1323 1204 554 2454 1804 1105 775 2025 2355 1046 510 1760 2296 495 465 1715 1745 1207 2457 1048 233 1217 2298 2467 1483
Route 71 : 701 6 1256 476 1951 1165 1726 2415 656 560 765 1810 1906 135 2015 1385 183 15 1265 1195 1433 1179 2445 1244 900 2429 2150 1072 2494 1213 2322 267 38 2463 789 1288 2039 1517
Route 72 : 794 380 59 1630 2044 150 1309 1400 833 988 113 2238 2083 1363 385 821 1635 2071 1082 951 174 1424 2332 2201 1240 345 2490 255 1595 455 1705 1505