Instance name : poa-n400-5
Authors : Hiermann, G. and Schiffer, M.
Date : 2024-04-30
Reference : arXiv:2405.00230
Solution
Route 1 :  33 10 133 210 333 178 378 153 353 76 276 164 233 364 188 5 205 104 388 304 122 169 148 151 322 369 348 22 351 111 311 222
Route 2 :  150 13 127 213 113 82 327 313 25 282 160 29 225 51 79 360 251 98 279 298 229 30 100 230 15 215 350 300 77 277
Route 3 :  130 88 330 159 288 101 359 301 58 81 258 106 281 156 193 356 393 93 90 290 306 293 57 126 108 257 11 326 308 211
Route 4 :  170 162 370 200 400 362 116 134 316 185 385 334 62 262 171 166 9 209 371 80 366 280 56 256 66 266 144 157 357 344
Route 5 :  37 192 237 392 86 63 286 35 263 97 235 297 190 67 390 267 168 368 65 44 244 12 212 173 265 196 396 120 373 320
Route 6 :  71 50 271 53 253 250 189 389 117 152 352 73 317 83 273 283 3 203 198 110 398 310 31 231 143 184 384 343
Route 7 :  161 154 8 354 361 208 75 72 27 275 227 123 323 103 136 272 303 36 336 236 16 40 1 216 201 240 121 119 319 321
Route 8 :  74 69 17 274 217 131 269 331 118 149 318 180 349 195 380 395 47 177 139 339 247 377 155 147 41 347 241 355
Route 9 :  112 179 379 135 335 109 312 309 182 99 382 146 299 346 124 167 367 324 78 48 278 248 199 191 399 391 105 305
Route 10 :  138 68 84 268 338 21 284 172 221 107 372 307 45 183 383 70 245 20 34 220 234 270 28 228
Route 11 :  32 194 232 197 394 132 49 332 397 176 376 249 87 92 292 287 158 4 358 91 204 291 7 128 207 328
Route 12 :  39 46 239 141 341 246 96 296 52 89 38 289 18 218 14 238 55 214 140 102 302 181 255 24 340 252 381 224
Route 13 :  145 345 43 19 60 260 219 174 243 374 186 386 2 165 114 202 365 59 314 175 259 54 254 85 375 285 115 315
Route 14 :  94 294 137 163 363 337 129 329 64 6 206 264 187 95 387 142 42 295 26 342 61 242 261 23 223 226 125 325
