Instance name : poa-n2000-4
Authors : Simen T. Vadseth, Henrik Andersson, Jean-Francois Cordeau and Magnus Stålhane
Date : 24.06.2023
Reference : TBA
Solution
Route	1 :  775 255 726 1255 1726 990 740 1990 1740 1775 498 1498 864 1864
Route	2 :  116 331 1116 1331 599 1599 882 161 1161 1882 834 271 1834 1271
Route	3 :  828 158 1828 246 1158 1246 528 69 1528 295 1069 361 1361 1295
Route	4 :  409 1409 647 696 699 1696 1699 1647 72 900 1072 880 1900 1880
Route	5 :  291 964 325 1964 1291 1325 258 155 221 1221 1155 1258 844 729 1844 1729
Route	6 :  583 995 1995 1583 320 378 1320 1378 127 150 1150 1127
Route	7 :  84 794 1084 53 1794 1053 598 1598 101 776 749 1749 1101 1776
Route	8 :  435 345 1435 483 1483 777 1345 940 846 1940 918 1777 1918 1846
Route	9 :  737 616 1737 1616 427 925 44 1427 1044 927 25 1927 1025 1925
Route	10 :  693 679 1679 558 1693 359 277 1359 1277 1558 382 1382 159 1159
Route	11 :  66 1066 105 858 1105 206 1858 210 1206 1210 380 174 1380 750 1174 220 1220 1750
Route	12 :  555 254 1555 654 1254 1654 234 431 1234 1431 425 64 1425 1064
Route	13 :  218 33 1033 852 1218 1852 778 1778 827 1827 563 394 1563 1394 944 1944
Route	14 :  457 45 1045 478 410 1457 1478 974 434 1410 568 1974 1434 1568
Route	15 :  937 1937 762 541 1762 1541 36 517 1036 623 61 1517 1623 1061
Route	16 :  6 95 128 1128 1095 366 530 1006 1530 1366 276 910 1910 1276
Route	17 :  85 763 1085 1763 93 1093 278 684 881 1278 281 1684 1281 1881 818 1818
Route	18 :  54 487 1054 317 1487 99 607 1317 1607 825 1099 106 1825 1106
Route	19 :  799 1799 264 872 571 1872 697 1697 1571 959 422 1422 1264 112 1959 1112
Route	20 :  930 916 1930 1916 619 37 1619 1037 465 413 1413 1465 847 559 1559 1847
Route	21 :  962 407 1407 792 1962 21 942 1792 1021 68 1942 1068 867 1867
Route	22 :  657 227 1227 183 1657 511 1183 837 1511 898 1837 1898
Route	23 :  866 1866 79 428 1079 921 1428 826 1921 855 1826 589 1589 1855 140 1140
Route	24 :  760 593 1760 489 20 854 1020 476 1489 1854 1476 1593
Route	25 :  107 179 1107 196 1179 421 1196 1421 748 108 114 1748 1108 1114
Route	26 :  875 554 1875 994 1994 197 1554 712 1712 231 1197 913 1231 1913
Route	27 :  796 327 1796 1327 169 951 1169 1951 719 96 821 1821 1719 1096
Route	28 :  808 545 1808 738 1545 1738 365 819 1365 1819 23 905 1905 1023
Route	29 :  141 1141 798 1798 677 28 1028 1677 671 1671
Route	30 :  305 211 381 1381 1211 1305 502 1502 734 341 1734 773 90 1341 1090 348 1773 1348
Route	31 :  223 117 560 1223 1117 1560 686 975 1686 477 1477 1975 592 1592
Route	32 :  772 765 842 1772 1765 638 1842 50 581 1638 1050 22 1581 1022
Route	33 :  178 406 1178 74 1074 1406 506 552 523 1552 1506 1523 526 1526
Route	34 :  939 89 1089 1939 55 714 1055 1714 594 960 1594 1960
Route	35 :  387 163 800 1163 1387 580 1800 229 165 1580 444 1229 1444 1165
Route	36 :  400 627 310 1400 1627 680 374 1680 1374 2 1310 929 1002 1929
Route	37 :  585 692 1585 354 1692 1354 330 1330 733 104 1733 1104
Route	38 :  982 1982 373 233 1373 1233 418 259 1418 304 1259 1304 411 1411
Route	39 :  629 838 1629 385 1838 334 1334 645 121 1385 1121 1645 534 1534
Route	40 :  389 569 1569 1389 606 200 1606 938 1938 440 961 1440 1200 1961
Route	41 :  888 891 460 1460 1891 1888 574 172 715 1574 1172 1715
Route	42 :  395 1395 4 405 1405 1004 724 1724 322 999 71 1322 1999 42 1042 1071
Route	43 :  788 18 1788 1018 893 923 1893 917 1917 884 1923 1884
Route	44 :  703 1703 936 57 300 1057 1936 1300 182 996 1182 1996 357 1357
Route	45 :  713 1713 142 853 1142 455 1853 404 1404 1455 695 253 1695 135 1253 1135
Route	46 :  396 1396 245 957 1245 849 1957 1849
Route	47 :  648 1648 415 1415 542 97 1542 970 1097 694 1970 949 1694 1949
Route	48 :  265 947 723 1947 968 1265 1723 1968 553 516 1516 1553
Route	49 :  343 609 216 1343 1609 261 1216 353 784 1261 1353 1784
Route	50 :  383 35 1383 238 1238 290 835 1835 1290 688 1035 1688 499 162 1162 1499
Route	51 :  47 878 1047 687 992 1878 1687 1992 841 379 1841 810 1379 1810
Route	52 :  536 1536 663 266 1663 1266 615 1615 503 572 392 1572 1503 1392
Route	53 :  540 919 1540 123 1123 420 1919 1420 573 943 1943 649 1573 1649
Route	54 :  781 771 1781 1771 492 154 640 1154 1640 148 1492 789 1148 1789
Route	55 :  301 268 1301 1268 215 269 1269 371 1215 198 8 1008 1198 1371
Route	56 :  839 1839 156 1156 832 12 1012 1832 364 283 391 1283 1364 1391
Route	57 :  423 482 667 1423 286 1667 1482 412 1286 19 1412 1019
Route	58 :  490 610 1610 934 1490 65 948 1934 40 1948 1065 1040 935 1935
Route	59 :  58 797 186 1058 1797 453 1186 1453 224 1224 9 676 1009 1676
Route	60 :  48 177 1048 1177 993 807 1807 515 417 1515 1417 836 1993 388 1836 1388
Route	61 :  60 731 1060 682 587 533 1682 1731 705 1587 1705 504 1533 1504
Route	62 :  721 87 1087 1721 469 292 1292 151 1469 1151 877 363 1877 1363
Route	63 :  323 613 1613 768 1323 716 1768 260 1260 1716 7 582 1007 1582
Route	64 :  299 1299 82 1082 510 513 567 1510 1567 1513 514 876 1876 1514
Route	65 :  912 1912 52 474 805 1052 1805 1474 612 237 1237 1612
Route	66 :  263 494 1263 244 1494 11 1244 153 1011 755 1153 1755
Route	67 :  981 770 1770 815 1815 1981 188 146 1146 368 1188 309 1368 1309
Route	68 :  34 958 1034 742 1958 1742 701 316 1316 293 1293 1701
Route	69 :  120 1120 212 115 1212 384 375 1115 1384 336 1375 314 1314 1336
Route	70 :  397 746 757 1746 1397 1757 586 167 1586 1167 338 38 1038 1338
Route	71 :  235 289 1235 242 294 1294 1242 871 1289 980 1871 129 1980 1129
Route	72 :  727 1727 669 652 1652 588 1669 1588 75 241 1241 1075
Route	73 :  631 175 1631 966 1175 1966 544 529 879 1529 1544 1879
Route	74 :  419 643 1419 1643 133 1133 908 725 1908 1725
Route	75 :  346 642 953 1953 1642 786 437 1786 1437 505 1505 1346
Route	76 :  464 1464 251 77 823 1251 1077 1823 739 651 1739 1651
Route	77 :  110 519 1110 1519 595 100 367 1595 1367 774 1774 1100 527 1527
Route	78 :  450 240 1450 899 1240 1899 311 1311 822 256 507 1822 1256 472 1507 1472
Route	79 :  972 1972 356 351 710 1356 633 1633 329 1710 1351 1329 335 512 1335 1512
Route	80 :  754 850 1754 1850 630 1630 257 1257 486 1486 928 152 1928 1152
Route	81 :  369 1369 969 1969 904 24 1024 214 1904 313 1214 1313
Route	82 :  634 145 1634 736 1145 1736 665 1665 743 26 1026 1743
Route	83 :  952 1952 660 608 1660 894 1894 1608 168 718 3 1168 1718 1003
Route	84 :  856 521 1856 1521 954 473 1473 973 1954 1973 59 1059
Route	85 :  783 447 1783 207 1447 562 892 1207 1892 1562 46 1046 655 1655
Route	86 :  438 187 1187 865 1865 1438 340 164 1164 1340 468 1468 756 1756
Route	87 :  984 1984 635 350 1350 1635 479 443 429 1443 551 1429 1551 1479
Route	88 :  933 463 890 1933 1463 30 1890 1030 806 282 1282 1806 824 920 1824 1920
Route	89 :  931 758 1758 1931 130 324 1130 709 1324 458 732 1709 1458 1732
Route	90 :  859 352 416 1416 1859 1352 976 279 570 1279 1976 377 1570 1377
Route	91 :  915 1915 539 1539 509 1509 683 333 1333 1683 274 217 1217 1274
Route	92 :  618 1618 67 717 1067 208 1717 78 1078 13 1208 1013 485 1485
Route	93 :  132 1132 604 1604 874 741 426 1874 1741 88 1088 1426 280 1280
Route	94 :  795 442 1442 1795 131 136 1131 1136 491 556 1491 1556
Route	95 :  500 967 1967 1500 321 548 1321 1548 650 861 1650 1861 5 1005
Route	96 :  625 171 1625 184 1171 869 1869 1184 658 204 272 1658 1272 1204
Route	97 :  49 997 181 1997 1181 1049 173 1173 895 1895 189 1 1001 1189
Route	98 :  126 185 1126 590 1185 144 1144 1590 203 249 393 1203 1249 1393
Route	99 :  83 1083 16 1016 998 735 1998 584 1735 1584 873 484 1873 332 1484 1332
Route	100 :  439 1439 285 816 1816 1285 228 722 199 1228 1722 1199
Route	101 :  192 641 700 1192 1700 1641 887 965 1887 17 1965 803 1803 1017
Route	102 :  328 1328 549 1549 403 628 1628 362 1403 535 1535 1362
Route	103 :  1000 386 2000 15 1015 537 1386 1537 753 766 1766 1753
Route	104 :  270 1270 924 1924 209 956 1956 1209 481 344 1344 546 1481 1546
Route	105 :  790 926 1926 1790 27 372 857 1372 1027 1857 666 339 1666 1339
Route	106 :  706 1706 690 342 1342 1690 273 70 1273 979 1070 1979 147 851 1147 1851
Route	107 :  459 678 1459 1678 319 248 337 1319 1248 820 1337 566 1820 1566
Route	108 :  863 1863 298 1298 441 1441 720 1720 576 205 791 1576 1205 80 1791 1080
Route	109 :  685 111 1685 1111 659 991 1659 308 597 1308 1991 1597 518 1518
Route	110 :  814 1814 883 1883 94 639 1094 1639 745 306 1306 1745 704 1704
Route	111 :  744 1744 195 983 1195 122 1983 98 1122 326 284 1098 1326 1284 672 1672
Route	112 :  578 809 222 769 1769 1578 1222 446 668 1809 1668 1446 424 532 1532 1424
Route	113 :  978 73 1978 1073 488 288 1488 1288 886 829 1886 160 1829 621 1160 1621
Route	114 :  531 603 1531 579 1603 779 1779 914 1579 176 1914 1176
Route	115 :  232 1232 287 624 1287 1624 673 1673 988 1988 831 493 1493 307 870 1831 1870 1307
Route	116 :  550 402 1550 1402 449 462 1462 315 1449 1315 119 896 1119 986 1986 1896
Route	117 :  109 617 1109 1617 636 817 1636 349 1817 963 1349 1963
Route	118 :  262 941 1262 433 1433 1941 702 656 902 1702 1902 1656 681 1681
Route	119 :  955 868 525 1868 1525 601 1955 664 1664 802 1601 1802
Route	120 :  134 470 1134 644 730 1470 1644 401 1401 1730 103 889 1889 1103
Route	121 :  811 318 1811 190 1318 932 1932 1190 312 398 767 1312 1767 1398
Route	122 :  139 1139 303 653 1303 698 1653 456 1698 646 219 1456 1219 1646
Route	123 :  430 602 1602 1430 989 1989 611 845 1611 860 1845 51 1051 1860
Route	124 :  497 708 1708 614 1497 1614 801 813 1801 1813 911 297 1297 1911
Route	125 :  501 461 1501 622 1461 728 1622 225 1728 691 125 1125 1225 1691
Route	126 :  302 561 1302 408 1561 785 1408 987 1785 1987 247 436 1436 1247
Route	127 :  275 632 102 1632 1102 782 471 761 1275 1782 1761 1471
Route	128 :  524 10 213 1524 31 1213 1010 81 1031 226 1081 787 1226 1787
Route	129 :  467 118 1467 885 1118 399 1885 564 1399 1564 751 1751 675 62 1675 1062
Route	130 :  830 267 358 1267 575 1575 1358 674 1674 543 1830 1543 138 1138
Route	131 :  637 1637 296 63 1296 508 202 1202 1063 522 1508 236 1236 1522
Route	132 :  376 1376 759 157 1759 946 1157 414 1946 1414 239 1239 124 1124
Route	133 :  764 76 1076 1764 547 32 1032 243 230 1547 1230 557 1243 1557
Route	134 :  370 1370 689 29 1689 843 1029 191 1843 661 1191 1661
Route	135 :  862 86 1862 92 1092 1086 812 833 390 1812 950 1950 1833 1390
Route	136 :  840 662 971 1840 1971 1662 945 985 1985 454 1945 1454 605 1605
Route	137 :  250 804 1804 1250 901 143 1143 538 1538 355 1355 1901 922 1922
Route	138 :  707 1707 14 1014 347 1347 670 1670 91 520 1091 907 1907 1520 906 1906
Route	139 :  466 620 1620 1466 113 445 1113 448 1448 897 1445 452 1452 1897 711 1711
Route	140 :  596 1596 600 166 1600 1166 41 170 1041 1170 780 1780
Route	141 :  149 747 1747 1149 360 1360 194 1194 39 432 1039 252 1432 1252
Route	142 :  496 565 1496 56 451 1451 475 1056 1475 43 1043 1565
Route	143 :  909 752 1909 1752 180 495 1495 193 201 1193 1180 903 1201 1903
Route	144 :  480 1480 977 848 1977 577 1577 591 1848 137 626 1137 1591 1626 793 1793
