Instance name : poa-n600-6
Authors : Alexander Yuskov (a.yuskov@g.nsu.ru), Igor Kulachenko (ink@math.nsc.ru), Yury Kochetov, Igor Vasilyev, Zhangdong, Chenjuan, Huanghaohan, Wanglongfei
Date : 28.05.2025
Reference : HGIM
Solution
Route 1 : 291 247 55 547 84 591 355 384
Route 2 : 66 248 15 548 315 366
Route 3 : 204 273 504 190 490 195 495 573
Route 4 : 95 101 106 401 72 406 372 395
Route 5 : 53 166 229 466 22 529 353 322
Route 6 : 214 128 514 222 428 184 522 20 320 484
Route 7 : 269 165 569 237 465 537 8 308
Route 8 : 151 231 143 443 531 451
Route 9 : 277 132 577 48 348 432 139 439
Route 10 : 133 259 89 433 559 389
Route 11 : 225 90 45 390 525 345 126 426
Route 12 : 51 351 30 192 492 330 266 566
Route 13 : 258 78 558 88 87 388 378 387
Route 14 : 163 286 586 463 108 135 435 408
Route 15 : 164 464 65 159 365 254 554 459
Route 16 : 215 275 93 575 393 56 515 356 138 438
Route 17 : 292 25 592 4 325 282 582 304
Route 18 : 262 562 109 185 409 242 542 485
Route 19 : 24 21 115 324 415 60 360 321
Route 20 : 172 280 206 472 32 580 506 332
Route 21 : 40 340 234 285 29 585 329 534
Route 22 : 284 80 296 584 77 596 377 380
Route 23 : 43 212 343 512 198 232 532 498
Route 24 : 170 47 470 175 475 347 96 396
Route 25 : 49 130 349 16 240 430 316 540
Route 26 : 23 217 323 9 517 309
Route 27 : 274 68 226 574 368 526 38 338
Route 28 : 129 216 429 136 436 99 516 399
Route 29 : 157 457 293 42 593 28 342 328
Route 30 : 83 26 326 125 288 383 425 588
Route 31 : 223 210 523 98 194 510 398 494
Route 32 : 182 188 196 482 488 171 496 471
Route 33 : 140 70 440 299 599 370 253 553
Route 34 : 289 279 257 579 137 589 557 437
Route 35 : 44 103 344 403 85 107 407 385
Route 36 : 189 202 169 502 278 578 489 469
Route 37 : 10 191 310 7 491 91 307 391
Route 38 : 220 94 520 14 54 354 394 314
Route 39 : 238 2 538 302 82 12 312 382
Route 40 : 300 104 186 600 152 404 486 452
Route 41 : 261 58 561 147 69 358 369 447
Route 42 : 265 81 565 233 381 533 41 341
Route 43 : 161 117 37 417 461 207 507 337
Route 44 : 298 59 359 598 124 271 424 571
Route 45 : 251 178 478 268 551 246 568 546
Route 46 : 97 397 141 243 543 441 46 346
Route 47 : 120 76 176 420 476 376 241 541
Route 48 : 228 224 180 480 528 524 250 255 555 550
Route 49 : 5 193 305 168 18 468 493 318
Route 50 : 199 118 499 19 319 63 418 363
Route 51 : 267 61 213 567 100 36 361 513 336 400
Route 52 : 144 444 256 272 181 481 556 572
Route 53 : 112 412 3 35 303 335 134 434
Route 54 : 244 116 416 86 544 156 456 386
Route 55 : 110 197 410 211 497 511
Route 56 : 11 263 311 162 563 113 462 413
Route 57 : 179 62 227 362 154 454 479 527
Route 58 : 142 208 183 442 236 536 483 508
Route 59 : 57 287 114 414 357 146 587 446
Route 60 : 219 149 201 449 290 519 590 501
Route 61 : 203 64 123 364 503 423
Route 62 : 174 75 74 375 260 374 474 33 560 333
Route 63 : 119 6 306 131 264 431 419 564
Route 64 : 270 570 167 27 467 73 373 327
Route 65 : 239 283 111 583 218 539 518 411
Route 66 : 155 1 160 460 301 455
Route 67 : 252 150 450 71 371 552 92 392
Route 68 : 31 50 331 17 350 317
Route 69 : 39 52 67 367 127 339 352 427
Route 70 : 294 230 34 334 594 177 477 530
Route 71 : 276 148 576 448 102 158 402 458
Route 72 : 297 121 421 221 597 145 445 521
Route 73 : 79 122 422 205 379 173 505 473
Route 74 : 249 200 13 500 313 549
Route 75 : 153 295 453 235 245 595 535 545
Route 76 : 187 281 105 209 487 581 509 405
