Instance name:	poa-n1000-4
Authors:		Carlo Sartori and Luciana Buriol
Date:			2019-2-11
Reference:		A matheuristic approach to the PDPTW (to be submitted)
Solution
Route 1 : 244 744 442 942 431 493 931 366 993 230 730 866 151 469 969 318 651 363 134 863 376 818 365 876 367 634 364 864 865 485 985 867 132 277 632 404 904 777 239 253 739 753 336 27 836 427 90 927 527 590 140 150 640 650 42 542 189 689
Route 2 : 397 288 788 187 897 122 687 425 622 351 925 370 851 870 95 147 23 595 201 523 462 647 291 962 348 701 848 416 916 457 93 957 593 76 415 576 791 225 915 410 182 725 682 82 582 910 335 835
Route 3 : 286 786 206 59 559 403 903 44 544 262 479 238 706 762 309 979 738 809 315 316 815 116 161 816 467 616 967 435 452 57 557 935 952 661 20 260 21 406 520 521 471 411 760 118 906 911 971 109 346 609 102 602 846 618 483 461 961 983
Route 4 : 243 100 743 445 218 945 19 104 604 453 600 519 434 953 718 488 988 352 852 219 934 91 139 719 591 639 240 235 177 735 159 659 395 245 745 247 895 55 677 740 747 555 222 722
Route 5 : 89 283 783 589 324 97 464 824 964 438 597 476 976 355 47 938 547 127 342 627 855 185 842 685 384 92 884 37 592 537 9 325 825 314 437 509 175 675 814 937 418 204 704 319 819 918
Route 6 : 248 748 275 142 642 3 495 775 439 939 503 176 374 676 995 874 320 420 446 920 80 820 344 946 580 844 149 129 54 649 554 359 155 629 181 681 859 655 350 850 29 529
Route 7 : 103 145 645 85 603 15 585 121 621 466 515 83 966 407 383 883 165 583 378 907 313 878 214 714 665 414 211 813 914 455 711 955 264 764 114 257 757 614 195 354 251 854 368 695 868 267 751 767 77 577
Route 8 : 194 25 525 694 13 153 221 653 298 721 513 193 798 265 693 209 765 252 709 88 752 588 7 156 507 158 658 207 707 224 656 31 531 138 170 670 724 38 394 538 98 305 894 638 449 805 949 598
Route 9 : 73 164 573 393 371 664 893 178 429 871 678 929 186 273 459 686 146 303 646 773 110 803 61 480 561 959 334 980 610 46 458 834 34 534 546 958 496 213 996 375 713 357 875 857 99 43 599 332 543 832
Route 10 : 491 71 991 571 317 817 173 69 673 208 569 282 782 413 708 41 541 913 304 141 804 641 259 321 821 759 405 255 330 830 755 905 345 274 845 154 654 774 361 310 810 861 33 135 533 163 635 663
Route 11 : 436 474 112 974 612 113 936 152 613 381 881 223 652 75 575 723 35 399 535 36 899 198 536 387 698 401 887 322 901 402 822 902 294 136 636 794 301 801
Route 12 : 490 990 296 72 796 492 572 269 769 166 666 992 32 353 532 389 289 789 889 290 119 619 790 101 853 601 66 566 280 200 700 780 215 489 715 53 553 87 587 11 989 511
Route 13 : 67 261 761 268 567 18 768 518 197 697 360 390 890 236 424 736 347 924 847 421 860 246 106 921 500 606 746 328 1000 828 372 463 872 400 232 900 963 732
Route 14 : 125 293 338 625 249 838 130 749 62 191 562 793 494 691 388 630 888 448 356 948 994 49 302 549 56 856 802 556 481 373 873 981 263 763 475 210 710 975 107 190 690 607
Route 15 : 306 806 226 128 726 498 628 250 120 750 620 39 998 217 539 184 684 1 501 266 766 126 717 52 552 81 581 626 131 308 808 30 631 188 530 688 279 779
Route 16 : 329 10 199 699 829 433 933 510 78 578 58 341 558 295 391 841 326 891 143 795 643 307 441 807 826 428 928 172 349 941 672 137 849 637
Route 17 : 24 398 22 358 524 858 94 898 196 111 611 522 594 696 285 337 837 785 311 333 833 284 16 784 499 999 108 811 608 426 516 473 926 192 973 692 51 423 60 923 216 560 716 551 40 465 171 965 540 450 950 671 174 674
Route 18 : 79 4 504 478 978 50 579 412 133 550 74 912 312 633 454 574 812 227 954 727 234 484 734 482 984 323 272 823 982 339 124 772 839 624 440 160 456 297 940 956 660 382 882 233 797 733 105 605
Route 19 : 205 447 299 705 144 947 254 644 169 754 343 669 799 6 843 506 167 460 667 432 932 468 960 183 331 831 451 683 968 68 568 951 392 892
Route 20 : 327 63 563 148 827 70 570 168 668 648 409 237 12 909 5 512 379 505 879 228 737 728 444 203 258 944 758 212 703 276 712 17 300 776 800 231 517 8 157 731 162 508 486 662 986 377 877 657
Route 21 : 362 487 862 385 987 885 422 271 771 408 922 908 256 242 2 742 472 14 514 756 117 617 502 48 972 548 292 396 896 792 443 45 943 417 28 545 528 270 770 917 65 430 565 930
Route 22 : 229 386 729 340 886 840 477 115 241 977 64 741 564 287 380 615 880 202 787 281 123 470 702 623 781 419 84 970 584 278 778 179 679 919 369 869 220 720 497 180 96 596 26 997 680 86 586 526
