Instance name : poa-n800-5
Authors       : Dmitriy Demin, Mikhail Diakov (msd@veeroute.com), Ivan Ilin, Nikita Ivanov, Viacheslav Sokolov (vs@veeroute.com) et al. VRt Global (https://veeroute.com/)
Date          : 2023-04-24
Reference     : veeroute.com
Solution
Route 1 : 227 321 346 627 313 746 713 721 206 606
Route 2 : 355 191 755 53 211 591 83 453 611 101 483 501
Route 3 : 257 308 63 657 293 693 708 463 116 352 516 752
Route 4 : 316 324 716 378 112 724 778 152 512 552
Route 5 : 143 302 64 29 464 292 702 543 429 692
Route 6 : 351 234 374 751 634 58 294 774 120 458 520 694
Route 7 : 46 309 709 446 204 326 726 604 149 114 549 514
Route 8 : 9 409 301 84 197 340 597 701 484 740
Route 9 : 144 221 621 544 195 136 536 595 20 420 155 555
Route 10 : 335 312 712 291 735 691 233 167 633 75 567 475
Route 11 : 81 481 239 88 266 488 666 639 69 272 672 469
Route 12 : 21 421 205 276 605 283 676 334 683 734 100 500
Route 13 : 386 180 82 786 580 482 295 68 695 468
Route 14 : 383 783 300 10 700 410 381 336 781 736 311 711
Route 15 : 130 391 530 260 660 182 582 123 263 523 663 791
Route 16 : 314 307 714 1 44 707 444 401 289 305 689 705
Route 17 : 396 268 390 796 259 668 23 790 659 423 285 685
Route 18 : 169 569 278 38 137 678 537 105 438 505
Route 19 : 165 565 303 360 760 71 471 262 662 703 349 749
Route 20 : 380 780 98 498 270 126 185 585 255 526 655 670
Route 21 : 273 166 673 566 320 318 13 90 413 490 720 718
Route 22 : 32 282 432 265 665 327 682 290 727 79 690 479
Route 23 : 119 377 777 135 519 535 11 77 241 641 477 411
Route 24 : 219 24 91 619 124 424 36 491 436 238 524 638
Route 25 : 368 323 768 723 172 50 175 226 626 575 572 450
Route 26 : 384 103 118 503 518 784 385 224 785 624
Route 27 : 184 584 379 49 779 449 200 400 600 800 141 541
Route 28 : 235 315 147 635 715 237 547 637 99 499
Route 29 : 192 592 61 19 461 35 154 554 435 419 109 509
Route 30 : 6 229 22 422 40 629 440 406 297 214 697 614
Route 31 : 339 42 739 442 4 222 404 231 631 188 622 588
Route 32 : 397 163 563 189 797 345 162 589 745 562 357 757
Route 33 : 121 183 521 333 733 12 583 412 246 646
Route 34 : 150 252 550 212 612 325 652 248 725 648
Route 35 : 117 517 361 16 416 230 304 704 761 630 30 430
Route 36 : 178 106 158 558 506 138 538 578
Route 37 : 251 392 140 540 359 651 370 759 792 210 770 610
Route 38 : 134 395 795 236 636 242 642 39 65 439 465 534
Route 39 : 232 127 527 632 218 618 247 240 640 647
Route 40 : 60 122 460 102 522 502 317 717 343 743
Route 41 : 48 280 376 680 776 448 199 599 264 664 45 445
Route 42 : 338 225 181 581 85 738 625 87 485 217 487 617
Route 43 : 31 27 159 431 399 559 427 799 190 590 341 741
Route 44 : 74 244 474 644 51 171 451 358 758 70 470 571
Route 45 : 298 253 653 174 574 698 198 330 369 730 598 769
Route 46 : 161 157 142 557 86 561 486 382 782 153 542 553
Route 47 : 322 722 57 457 243 176 576 279 643 679
Route 48 : 299 364 699 284 684 764 76 67 467 256 476 656
Route 49 : 363 186 763 110 331 731 145 510 586 545 261 661
Route 50 : 47 28 215 615 89 428 310 447 710 55 489 455
Route 51 : 250 80 480 17 160 560 170 417 66 570 466 650
Route 52 : 267 193 593 667 8 371 388 788 771 408
Route 53 : 356 296 173 573 696 108 756 7 508 407
Route 54 : 208 213 15 608 613 132 415 532 177 577
Route 55 : 179 579 156 104 43 556 443 504 207 607 187 587
Route 56 : 94 277 18 97 418 677 249 494 649 497 3 403
Route 57 : 220 72 387 787 14 472 414 620 373 773
Route 58 : 54 139 454 129 529 26 539 426 332 228 732 628
Route 59 : 92 78 394 133 533 492 478 794 95 495
Route 60 : 151 551 286 372 62 772 93 493 462 686
Route 61 : 128 113 366 111 513 511 329 528 729 766 148 548
Route 62 : 365 194 765 196 596 287 594 687 34 434
Route 63 : 73 52 473 375 452 319 258 775 719 658
Route 64 : 168 131 568 254 107 654 507 531 223 623
Route 65 : 393 353 793 753 347 328 201 601 728 96 747 496
Route 66 : 367 767 37 437 41 337 441 737 274 674
Route 67 : 59 459 362 216 164 564 616 762 350 125 525 750
Route 68 : 275 398 798 146 675 245 546 342 115 645 742 515
Route 69 : 281 288 271 688 25 681 671 5 33 405 425 433
Route 70 : 306 706 209 348 56 202 609 748 602 456
Route 71 : 389 354 789 203 603 269 2 754 344 669 402 744