Instance name:	poa-n4000-5
Authors:		Carlo Sartori and Luciana Buriol
Date:			2019-2-11
Reference:		A matheuristic approach to the PDPTW (to be submitted)
Solution
Route 1 : 938 148 1374 992 3374 2148 1630 2992 3630 2938
Route 2 : 923 264 2923 744 2264 2744 794 1228 2794 3228
Route 3 : 1866 3866 548 2548 365 805 2365 1592 2805 3592
Route 4 : 94 1305 104 2104 1687 3305 941 2941 3687 2094 214 2214
Route 5 : 322 1514 2322 530 304 3514 2530 801 2304 2801
Route 6 : 306 1862 1124 2306 3124 3862 215 2215
Route 7 : 842 2842 157 1076 1499 3499 702 3076 2157 2702
Route 8 : 111 1752 452 2111 302 3752 2302 1993 3993 2452
Route 9 : 1837 1185 1747 3747 3185 3837 357 2357 1276 3276
Route 10 : 1984 3984 1378 970 1136 3378 3136 2970 971 2971
Route 11 : 697 1531 2697 876 3531 453 2453 1861 3861 2876
Route 12 : 458 2458 1750 1384 3750 3384 822 1176 2822 3176
Route 13 : 308 1927 3927 676 40 2676 461 2308 1424 2461 2040 3424
Route 14 : 1117 1278 3117 835 3278 1005 2835 1972 3005 3972
Route 15 : 497 2497 1003 3003 1345 1056 1776 3345 3776 3056
Route 16 : 625 598 2598 371 2625 701 2371 2701 1536 3536
Route 17 : 1261 3261 714 1267 756 2714 1194 3267 2756 3194
Route 18 : 1015 379 1783 3783 3015 857 2379 2857 1785 3785
Route 19 : 1951 1764 1978 1264 3978 3764 3264 1440 3951 3440
Route 20 : 204 2204 1041 1475 3475 3041 303 1141 2303 3141
Route 21 : 286 2286 1318 1904 1625 3318 3904 340 3625 2340
Route 22 : 738 2738 1878 1538 3538 1371 3878 3371
Route 23 : 285 2285 1115 720 2720 1777 3115 3777 1344 3344
Route 24 : 301 1886 2301 1420 3886 1296 3420 63 3296 2063
Route 25 : 977 1561 825 3561 2977 2825 1028 505 2505 3028
Route 26 : 1286 3286 534 1312 849 2849 2534 3312
Route 27 : 1998 1381 3998 3381 617 817 2617 601 446 2817 2446 2601
Route 28 : 1169 1283 3283 1921 3169 9 3921 2009 1248 3248
Route 29 : 1648 3648 76 1991 816 2076 3991 2816 197 2197
Route 30 : 99 660 2099 2660 512 2512 8 2008
Route 31 : 1631 1910 3631 640 3910 1940 736 2640 3940 2736
Route 32 : 149 1682 884 2884 1073 3682 878 3073 2149 2878
Route 33 : 869 2869 912 2912 875 2875 1096 182 3096 2182 936 2936
Route 34 : 709 1649 2709 3649 14 828 2828 2014
Route 35 : 669 257 1693 2669 3693 1658 3658 2257
Route 36 : 1500 1281 3500 1107 3281 255 2255 3107 1330 3330
Route 37 : 1816 1241 1725 3241 1455 3816 3725 3455 1483 3483
Route 38 : 665 1825 851 2665 3825 2851 1990 528 3990 2528
Route 39 : 788 2788 1794 3794 435 2435 330 613 2330 2613
Route 40 : 1961 1903 3903 3961 1114 926 2926 1274 3114 3274
Route 41 : 1613 3613 118 186 2118 373 2186 2373
Route 42 : 1590 3590 1702 1822 3822 70 3702 2070
Route 43 : 1734 818 1225 3734 2818 377 1485 3225 2377 3485
Route 44 : 615 1736 3736 2615 1324 3324 1552 1409 3552 3409
Route 45 : 1749 139 3749 646 2139 1958 2646 3958 1427 3427
Route 46 : 1359 1413 3359 3413 24 1763 3763 1902 2024 3902
Route 47 : 667 1067 3067 282 2667 1615 3615 2282 902 2902
Route 48 : 1559 1583 3559 3583 287 742 2742 2287
Route 49 : 189 1979 3979 2189 765 1920 2765 3920
Route 50 : 589 2589 1645 3645 1425 1864 3425 462 3864 2462
Route 51 : 1362 3362 966 2966 715 885 2885 213 2715 2213
Route 52 : 827 294 1744 1043 3744 2294 3043 2827
Route 53 : 1945 3945 622 319 2622 866 2319 1142 2866 3142
Route 54 : 892 2892 337 1460 1036 3460 3036 2337 533 2533
Route 55 : 85 899 2899 2085 397 1157 3157 1753 2397 3753
Route 56 : 2000 235 2235 4000 1112 1543 254 3112 2254 3543
Route 57 : 575 1867 2575 3867 686 2686 4 408 2408 2004
Route 58 : 1661 1599 3661 3599 412 1638 3638 2412 990 2990
Route 59 : 815 1746 3746 2815 485 1892 1033 2485 3033 3892
Route 60 : 984 2984 1032 1611 3032 3611 761 1555 3555 1619 2761 3619
Route 61 : 1163 910 325 3163 256 2910 2325 2256
Route 62 : 207 673 2673 359 2359 1447 1635 3635 3447 2207 26 2026
Route 63 : 1375 776 3375 2776 426 1186 3186 2426
Route 64 : 1612 1148 3612 3148 1773 1564 3773 1964 3564 3964
Route 65 : 1579 3579 1568 1960 655 3568 3960 2655 216 2216
Route 66 : 1417 3417 839 1768 3768 355 2355 2839 1303 1122 3122 3303
Route 67 : 342 1535 3535 323 2342 852 2852 2323 19 2019
Route 68 : 1700 3700 88 2088 1560 1698 693 3560 3698 2693 606 2606
Route 69 : 1160 1820 3160 3820 98 1083 2098 71 3083 2071
Route 70 : 343 2343 1456 3456 58 265 2058 2265 134 2134
Route 71 : 515 2515 292 386 2292 460 2460 2386 1563 3563
Route 72 : 1819 1828 3828 3819 1673 1548 1020 3673 3548 3020
Route 73 : 1465 414 2414 1051 3051 432 1026 3026 2432 3465
Route 74 : 188 404 2188 369 2404 454 2369 2454
Route 75 : 982 1713 3713 1416 2982 3416 351 2351
Route 76 : 502 1370 3370 2502 1213 1334 3213 381 2381 3334
Route 77 : 1894 1128 3128 3894 1081 3081 808 2808 1188 3188
Route 78 : 1851 3851 1799 1570 3799 887 3570 2887 1759 3759
Route 79 : 240 1943 3943 1398 2240 3398 1988 3988
Route 80 : 1493 1100 3493 570 3100 577 1401 3401 2570 2577
Route 81 : 1099 943 3099 1328 2943 844 1772 3772 2844 3328
Route 82 : 223 2223 1952 784 3952 2784 1388 23 2023 628 2628 3388
Route 83 : 999 73 2999 2073 1653 1491 3653 3491 86 2086
Route 84 : 268 419 1055 3055 1218 2419 3218 1766 3766 2268
Route 85 : 1995 1933 3933 789 1812 3812 3995 2789 1379 3379 428 2428
Route 86 : 1954 507 2507 3954 1516 1558 1029 3558 3516 3029
Route 87 : 1836 1463 3463 3836 339 1848 2339 1781 3781 3848
Route 88 : 939 1205 1449 2939 3205 3449 937 918 2918 2937
Route 89 : 246 159 2246 387 2159 1955 1942 2387 3955 3942
Route 90 : 1556 1852 3852 336 1863 2336 3863 3556
Route 91 : 1646 421 2421 3646 1459 1469 3469 3459
Route 92 : 483 2483 583 144 2583 49 2144 156 2156 2049
Route 93 : 212 1038 2212 897 3038 1881 3881 2897
Route 94 : 187 1953 2187 3953 1044 989 3044 1179 2989 3179
Route 95 : 1624 283 3624 1815 3815 180 2283 2180 780 2780 335 2335
Route 96 : 1199 266 3199 2266 1659 1760 547 2547 3659 3760
Route 97 : 1974 1578 3974 1607 3578 1787 3607 11 3787 2011 551 2551
Route 98 : 1914 137 3914 2137 565 2565 1308 1597 3308 3597
Route 99 : 143 358 2358 47 2143 2047 1234 3234
Route 100 : 410 1685 3685 150 2410 2150 1853 165 2165 1351 3853 3351
Route 101 : 1818 3818 51 1137 3137 2051 271 2271 1090 447 3090 2447
Route 102 : 1602 3602 93 442 2442 2093 441 2441
Route 103 : 1926 106 1877 2106 3926 3877 331 2331 1930 3930
Route 104 : 279 2279 20 1522 2020 6 28 2006 2028 1640 3640 3522
Route 105 : 746 2746 1841 100 2100 3841 52 2052 726 2726
Route 106 : 1101 3101 962 1402 2962 332 3402 2332
Route 107 : 1970 269 3970 2269 1433 3433 716 2716
Route 108 : 1546 3546 91 402 1875 3875 2091 2402 554 510 2510 2554
Route 109 : 1807 1707 1939 3807 3939 3707 1806 804 3806 2804
Route 110 : 1906 3906 1574 964 796 2964 2796 3574 1530 3530
Route 111 : 595 2595 1168 3168 846 127 2127 2846
Route 112 : 791 2791 1511 1295 3295 3511 741 1435 2741 3435
Route 113 : 1065 1869 907 3869 2907 3065 179 463 2179 1224 2463 3224
Route 114 : 1156 721 3156 1521 2721 341 3521 2341 1171 3171
Route 115 : 1291 3291 1445 1343 782 3343 3445 2782 795 2795
Route 116 : 1969 1720 3969 250 3720 2250 1254 871 3254 2871
Route 117 : 699 176 2699 334 2334 1572 96 2176 3572 2096
Route 118 : 1457 1547 245 3547 2245 3457 1405 576 3405 2576
Route 119 : 983 475 1594 2475 3594 773 1889 2983 3889 2773
Route 120 : 113 1975 3975 2113 114 604 2114 2604
Route 121 : 1288 59 919 3288 2919 1260 2059 422 3260 2422
Route 122 : 477 599 2599 1873 2477 3873 974 632 2974 2632
Route 123 : 115 1377 2115 3377 155 1360 2155 3360
Route 124 : 1588 227 3588 1709 3709 2227 314 459 2459 2314 472 2472
Route 125 : 1057 1804 3057 593 3804 1399 2593 3399 1138 3138
Route 126 : 563 1769 1439 3769 3439 1609 284 2284 2563 3609
Route 127 : 1470 1900 3900 3470 1967 3967 13 160 2013 2160
Route 128 : 433 2433 900 1317 2900 378 3317 1050 2378 3050
Route 129 : 1757 1628 3628 247 3757 914 2247 2914
Route 130 : 1865 1061 3865 110 3061 1040 147 2110 2147 3040
Route 131 : 120 2120 1208 867 2867 1519 234 3208 3519 1507 3507 2234
Route 132 : 934 917 2917 10 2934 2010 236 2236 1855 56 3855 2056
Route 133 : 1870 694 2694 3870 278 1722 2278 161 3722 2161
Route 134 : 185 1336 855 2855 2185 3336 1832 3832
Route 135 : 311 585 2311 1684 2585 469 291 3684 2469 2291
Route 136 : 840 1046 2840 572 1316 2572 1591 3591 1671 3046 3671 3316
Route 137 : 231 743 2743 344 2231 2344 658 1790 3790 2658 356 2356
Route 138 : 1242 1617 3242 811 3617 1249 3249 2811 1610 3610
Route 139 : 707 2707 360 1075 456 2360 2456 3075
Route 140 : 1183 573 3183 202 2573 662 2202 2662
Route 141 : 561 1223 2561 1085 3085 3223 1859 3859
Route 142 : 944 31 2031 1078 2944 3078 1244 3244 1838 3838
Route 143 : 267 2267 1576 3576 119 2119 758 2758 354 2354
Route 144 : 1329 1355 3355 3329 226 1689 2226 1505 3505 406 3689 2406
Route 145 : 1191 480 2480 3191 44 2044 1221 3221
Route 146 : 1944 210 2210 531 2531 580 3944 2580 545 2545
Route 147 : 168 1282 1992 3282 3992 2168 1723 175 3723 1263 3263 2175
Route 148 : 276 258 2276 494 2258 1512 2494 3512
Route 149 : 388 382 2388 684 2382 1473 2684 664 3473 2664
Route 150 : 1479 253 3479 2253 860 2860 1732 1002 3732 3002
Route 151 : 1779 3779 1911 203 1917 3917 3911 2203 956 2956
Route 152 : 935 36 2935 67 2036 1708 2067 516 3708 2516
Route 153 : 1569 1280 1471 3569 3471 838 1209 3280 3209 2838
Route 154 : 993 1808 3808 1432 2993 3432 1950 681 2681 3950 719 2719
Route 155 : 1923 755 3923 500 1063 2755 2500 3063 37 2037
Route 156 : 523 823 1605 3605 2523 2823 72 2072 476 2476
Route 157 : 976 262 1986 3986 2262 841 574 2841 2976 2574
Route 158 : 1843 1285 3285 3843 868 2868
Route 159 : 1238 501 2501 3238 490 1019 2490 3019
Route 160 : 1701 3701 996 581 2996 1714 1275 2581 3275 3714
Route 161 : 281 1675 1508 978 2978 2281 3508 3675
Route 162 : 1023 3023 931 1603 2931 3603 415 506 2415 2506
Route 163 : 985 1127 2985 194 3127 1699 2194 3 2003 3699
Route 164 : 135 898 2135 2898 126 1173 895 2895 3173 2126
Route 165 : 1133 1431 894 3431 81 1604 2894 3604 2081 3133
Route 166 : 1973 3973 1422 1366 3366 3422 1934 3934
Route 167 : 496 517 2496 309 2517 695 2309 739 2695 2739
Route 168 : 854 799 1712 1333 3712 140 2799 3333 2140 2854
Route 169 : 171 2171 969 196 542 2196 579 2969 2542 2579
Route 170 : 1022 651 1494 3022 3494 2651 25 582 2582 2025
Route 171 : 1896 933 3896 2933 1197 924 3197 2924
Route 172 : 630 1271 146 2630 2146 3271 138 2138
Route 173 : 200 2200 1037 1821 3821 1049 3037 3049 1342 3342
Route 174 : 1849 15 2015 260 3849 2260 945 509 2945 2509
Route 175 : 1363 3363 689 1337 650 3337 2650 1437 2689 3437
Route 176 : 1030 1513 3030 3513 1890 1008 393 3890 2393 3008
Route 177 : 555 611 2555 420 2611 2420 333 2333
Route 178 : 1525 92 3525 2092 1322 1385 3322 957 3385 2957
Route 179 : 821 1272 3272 1227 3227 850 1805 1232 2850 3805 2821 3232
Route 180 : 527 2527 1679 3679 57 1436 1376 2057 3436 3376
Route 181 : 364 2364 326 2326 390 2390 1111 3111 80 2080
Route 182 : 666 2666 1165 1383 1737 536 3737 3165 2536 3383
Route 183 : 619 2619 181 131 128 2181 2131 1323 1347 2128 3323 3347
Route 184 : 786 39 248 2248 2786 2039 321 833 2833 2321
Route 185 : 1247 241 511 2241 3247 590 1270 2511 2590 3270
Route 186 : 972 2972 1180 1103 3103 3180 1496 1034 3496 3034
Route 187 : 493 2493 1311 1066 3311 3066 1696 68 2068 3696
Route 188 : 430 549 2549 648 2430 297 116 2648 2116 2297 1523 3523
Route 189 : 1874 886 3874 830 2886 1809 1965 2830 3809 3965
Route 190 : 1655 3655 1938 3938 1367 696 2696 1327 3367 3327
Route 191 : 1166 3166 1721 836 2836 3721 928 2928 770 2770
Route 192 : 1423 1909 3423 1775 3909 3775 142 2142 30 853 2853 2030
Route 193 : 1458 872 1643 2872 3643 124 2124 3458 1177 3177
Route 194 : 1681 824 2824 3681 1495 3495 1369 434 275 2434 3369 2275
Route 195 : 1476 1106 3476 1257 3106 1237 3257 3237 889 2889
Route 196 : 1647 1674 3647 3674 1876 586 481 3876 2586 2481
Route 197 : 438 468 2438 1269 963 2468 2963 1097 3269 3097
Route 198 : 370 1039 2370 732 3039 958 2732 1791 2958 3791
Route 199 : 1080 1396 3080 244 3396 1300 2244 1190 3300 3190
Route 200 : 123 642 2123 1811 2642 3811 1755 929 3755 2929
Route 201 : 1846 562 1743 3846 1082 2562 3082 1092 3743 1450 3092 3450
Route 202 : 1729 544 2544 3729 896 1077 2896 3077
Route 203 : 1845 1011 3845 249 3011 915 2249 2915 29 132 2029 2132
Route 204 : 728 1411 1524 3411 3524 2728 1222 3222 1487 3487
Route 205 : 300 1403 797 2797 2300 3403 1192 1932 3932 3192
Route 206 : 1009 1095 3009 1778 3095 3778 43 2043
Route 207 : 1985 1412 3412 3985 1584 1641 1731 3584 3731 3641
Route 208 : 891 980 513 2980 908 2513 1279 3279 2908 2891
Route 209 : 690 1068 1989 3989 2690 1884 3884 1667 3068 698 2698 3667
Route 210 : 270 1719 2270 167 3719 367 2167 1301 2367 3301
Route 211 : 1390 1429 1585 3429 3390 3585 671 2671 486 2486
Route 212 : 108 1907 3907 1277 3277 2108 1372 1656 3372 3656
Route 213 : 1025 209 1704 2209 3025 624 3704 2624
Route 214 : 1830 164 3830 1461 2164 1484 3484 3461 1021 3021
Route 215 : 1219 1472 3472 847 774 2774 813 2813 2847 3219
Route 216 : 800 221 1466 3466 2800 1220 712 2221 3220 2712
Route 217 : 423 2423 1977 3977 349 1196 2349 3196 768 2768
Route 218 : 740 1614 2740 3614 112 1161 1229 2112 3161 3229
Route 219 : 1340 3340 1200 679 3200 2679 777 1348 2777 3348
Route 220 : 1346 1726 3726 3346 708 1834 12 2012 3834 2708 1325 3325
Route 221 : 1326 1302 3326 3302 251 1089 3089 2251 21 2021
Route 222 : 153 834 2153 967 2834 361 2967 1966 2361 3966 224 2224
Route 223 : 1598 3598 759 514 177 2514 2759 2177
Route 224 : 603 465 2603 2465 775 2775 998 1789 3789 2998
Route 225 : 1758 587 3758 2587 1784 1796 3784 3796
Route 226 : 633 1692 1695 2633 3692 713 3695 2713
Route 227 : 427 785 2785 2427 1891 668 2668 1489 3891 3489
Route 228 : 89 1691 2089 859 1243 2859 3691 3243 953 2953
Route 229 : 66 1918 1251 3918 2066 1803 3251 3803 64 1976 2064 3976
Route 230 : 1253 1216 3216 492 3253 2492 1031 338 2338 3031
Route 231 : 1129 1509 3509 3129 328 315 2315 2328 237 2237
Route 232 : 1335 3335 1155 195 3155 643 2195 508 2643 2508
Route 233 : 1093 521 3093 1962 3962 2521 1262 3262
Route 234 : 1125 792 814 3125 1365 2792 3365 2814 901 2901
Route 235 : 1464 1835 3464 1532 3532 3835 401 1202 1571 2401 3571 3202
Route 236 : 74 2074 83 2083 820 861 2820 2861 1357 3357 449 2449
Route 237 : 856 1126 1738 2856 3126 3738 1660 3660 1581 3581
Route 238 : 1426 3426 1434 843 3434 1184 1418 2843 1268 3184 3418 3268
Route 239 : 372 1380 3380 2372 407 543 2543 2407
Route 240 : 661 1541 3541 288 2661 610 2288 1839 3839 2610
Route 241 : 890 1442 3442 2890 748 629 1676 2748 2629 3676
Route 242 : 206 639 1256 2639 3256 27 2206 41 1666 2027 2041 3666
Route 243 : 620 753 1477 2620 3477 2753 1212 781 3212 2781
Route 244 : 1174 418 1767 2418 3174 3767 883 2883 837 2837
Route 245 : 946 444 2946 1550 2444 1113 3550 2 3113 2002
Route 246 : 220 1706 3706 737 2220 448 2448 1013 3013 2737
Route 247 : 1048 3048 1947 703 3947 316 2703 2316 870 683 2870 2683
Route 248 : 1782 1690 3690 3782 677 1259 3259 2677
Route 249 : 1059 688 1586 3586 1798 2688 3059 1110 3798 3110
Route 250 : 1490 1770 3490 3770 1774 636 3774 473 2473 2636
Route 251 : 1309 1901 637 3309 940 2637 3901 2940
Route 252 : 1606 1310 3310 3606 710 1332 3332 1573 2710 3573
Route 253 : 803 1680 2803 198 1735 1451 3735 2198 3451 930 3680 2930
Route 254 : 1694 3694 810 2810 537 1589 3589 2537 1245 3245
Route 255 : 1963 3963 757 1893 2757 1252 3893 597 405 2597 3252 2405
Route 256 : 1688 1935 3935 3688 163 1492 2163 778 3492 2778
Route 257 : 133 2133 488 807 2488 1045 3045 2807 1503 3503
Route 258 : 1164 489 2489 1899 3164 353 3899 2353 1883 3883
Route 259 : 1289 417 1968 3289 2417 3968 1824 3824 1072 3072
Route 260 : 1123 3123 882 1842 1307 3842 2882 69 2069 218 3307 2218
Route 261 : 90 2090 675 1515 2675 1419 1135 3135 3419 3515
Route 262 : 1654 3654 571 1814 559 2559 2571 3814 1000 1098 3098 3000
Route 263 : 95 2095 994 691 2994 1887 2691 3887 1557 3557
Route 264 : 1999 1088 55 277 3999 2277 2055 3088 529 2529
Route 265 : 392 2392 724 1948 1810 3948 2724 3810
Route 266 : 102 725 2102 1627 552 2725 2552 987 3627 2987
Route 267 : 1356 1740 3356 764 3740 2764
Route 268 : 1844 1922 1562 3844 3562 3922 717 2717
Route 269 : 1054 826 735 873 3054 2873 2735 2826
Route 270 : 141 2141 942 1353 3353 2942 1482 261 2261 760 3482 2760
Route 271 : 932 2932 1510 535 2535 762 3510 1352 2762 3352
Route 272 : 1765 1872 239 3765 1364 3364 3872 1298 295 2295 2239 3298
Route 273 : 647 2647 1756 3756 1802 201 975 2201 3802 2975
Route 274 : 416 2416 641 429 451 2451 2429 1582 3582 2641
Route 275 : 199 979 230 2199 2230 905 2905 2979
Route 276 : 1741 3741 499 1131 65 2499 2065 46 3131 2046
Route 277 : 1167 3167 1140 238 2238 3140 1467 1642 3467 3642
Route 278 : 916 1677 2916 1116 3116 1622 384 3677 2384 3622 409 2409
Route 279 : 1860 3860 1840 498 2498 437 2437 3840 1313 3313
Route 280 : 1481 424 1879 2424 3879 293 3481 48 2048 2293
Route 281 : 229 2229 913 1850 2913 3850 62 2062 981 2981
Route 282 : 79 2079 881 2881 1201 888 87 2888 3201 2087
Route 283 : 645 1230 2645 3230 1162 1144 3162 7 3144 2007
Route 284 : 193 1567 592 2592 290 2193 2290 375 184 2184 2375 3567
Route 285 : 222 591 2591 2222 1686 1697 3686 3697
Route 286 : 1669 107 3669 263 2107 2263 1518 289 3518 2289 920 904 2904 2920
Route 287 : 538 1817 2538 272 3817 1748 2272 1919 3748 3919
Route 288 : 880 1539 2880 3539 233 1104 3104 1207 2233 3207
Route 289 : 1358 1027 109 3027 3358 2109 644 2644 685 2685
Route 290 : 439 1119 3119 1502 2439 1170 3502 3170
Route 291 : 522 1931 2522 1544 3544 1566 3931 3566 1626 1181 3626 3181
Route 292 : 1623 1857 3623 1733 991 3857 3733 2991
Route 293 : 1206 1678 3678 3206 1705 3705 1382 1408 3382 3408
Route 294 : 347 874 2347 440 2440 2874 1215 3215 1024 608 2608 3024
Route 295 : 158 1703 2158 1506 3703 3506 60 1204 3204 2060
Route 296 : 1035 1761 973 3761 3035 986 2986 2973
Route 297 : 1829 1754 3829 1897 3754 1683 3683 1982 3897 3982
Route 298 : 1158 320 1414 1634 3414 2320 627 3634 3158 2627
Route 299 : 191 1486 3486 1528 2191 1392 3528 3392
Route 300 : 1657 178 3657 954 2178 1983 3983 2954 1718 3718
Route 301 : 1826 618 2618 3826 747 2747 1394 3394 97 2097
Route 302 : 988 2988 1540 3540 1145 3145 960 1321 3321 2960
Route 303 : 968 1339 2968 706 2706 3339 1284 1996 3284 3996
Route 304 : 1644 3644 532 602 955 2955 2532 2602 1745 3745
Route 305 : 350 2350 1780 3780 862 654 317 2654 2317 2862
Route 306 : 634 1448 1400 2634 3448 259 1387 2259 3400 3387
Route 307 : 1452 1957 324 3452 1497 2324 3957 3497
Route 308 : 556 1446 3446 2556 211 558 2558 2211
Route 309 : 600 2600 395 1016 464 2395 3016 2464
Route 310 : 1172 217 2217 1421 3421 396 3172 1175 3175 2396 345 2345
Route 311 : 77 1915 2077 767 2767 3915 948 995 2948 183 2183 2995
Route 312 : 1210 1600 682 3600 1350 3350 2682 3210 1710 1786 3710 3786
Route 313 : 557 1793 3793 2557 117 411 1120 2117 3120 2411
Route 314 : 1488 1549 1981 3549 1153 3153 1575 3981 3488 3575
Route 315 : 1795 3795 242 151 2242 363 733 2151 2733 2363
Route 316 : 763 1537 1771 3771 3537 252 383 2763 2252 2383
Route 317 : 1064 711 3064 2711 1338 17 802 2017 3338 812 2802 2812
Route 318 : 1047 274 3047 1650 3650 546 54 2274 2054 2546
Route 319 : 1231 1331 3331 1018 3231 3018 750 623 2623 2750
Route 320 : 42 2042 173 1636 2173 1788 3636 959 3788 2959
Route 321 : 1882 3882 45 2045 1716 491 2491 1240 3716 3240
Route 322 : 380 1587 3587 368 2380 1529 2368 130 3529 783 2783 2130
Route 323 : 1236 1997 1637 3236 487 3997 2487 3637 208 2208
Route 324 : 564 2564 1292 1929 3292 951 436 3929 2436 2951
Route 325 : 1314 1415 3314 3415 1130 1453 16 2016 3453 3130
Route 326 : 997 443 2997 374 2443 1299 2374 1545 3545 3299 1304 3304
Route 327 : 205 2205 787 2787 819 1854 2819 718 3854 2718
Route 328 : 413 1717 2413 170 3717 2170 431 612 2612 2431
Route 329 : 228 2228 893 2893 1928 769 2769 3928 32 2032
Route 330 : 1203 1239 652 3239 3203 1551 2652 455 3551 2455
Route 331 : 1480 790 2790 1833 3833 553 2553 1407 3407 1404 3404 3480
Route 332 : 952 1664 3664 525 2525 1058 1994 3058 3994 1885 3885 2952
Route 333 : 1871 3871 1727 391 2391 3727 1542 3542
Route 334 : 1800 376 2376 3800 568 1856 2568 3856
Route 335 : 389 2389 1 2001 731 1663 2731 3663
Route 336 : 366 832 2366 2832 169 318 232 2169 2318 2232
Route 337 : 1187 22 3187 2022 1258 145 2145 3258
Route 338 : 495 310 2310 626 2495 1593 519 2626 3593 2519
Route 339 : 1888 3888 1504 1060 1069 3060 3504 3069 1474 3474
Route 340 : 550 1924 1368 2550 3924 3368 1533 3533
Route 341 : 621 152 1956 2152 2621 594 1554 3554 3956 2594
Route 342 : 1553 3553 1012 450 793 2793 3012 2450 346 2346
Route 343 : 631 329 2631 2329 858 1443 2858 3443
Route 344 : 1091 1428 1306 3428 3091 3306 1287 3287 1711 3711
Route 345 : 1670 1293 3670 3293 1629 1925 3629 3925 1831 3831
Route 346 : 1102 3102 771 1715 2771 172 3715 1178 2172 3178
Route 347 : 730 526 398 2526 1235 2398 3235 2730 692 2692
Route 348 : 752 2752 1159 1147 3147 1134 3159 3134 541 2541
Route 349 : 1004 403 3004 2403 33 1526 2033 3526
Route 350 : 1616 1534 3616 1651 3534 3651 1139 1880 3880 3139
Route 351 : 947 2947 663 1438 2663 1632 3438 1498 3632 3498
Route 352 : 82 2082 609 584 2609 2584 687 2687
Route 353 : 1071 520 1397 3071 2520 1827 3827 1010 3397 3010
Route 354 : 1053 1730 3730 3053 1001 1608 3001 3608
Route 355 : 1143 400 2400 772 105 2105 3143 2772 1580 3580
Route 356 : 518 2518 1501 1182 1086 3182 3501 3086 1198 3198
Route 357 : 425 2425 1633 1211 3633 3211 1250 3250
Route 358 : 578 470 2470 2578 1946 1895 3895 3946
Route 359 : 1728 466 3728 1959 3959 2466 504 1265 3265 2504
Route 360 : 1121 478 3121 2478 457 2457 219 2219
Route 361 : 1105 1908 3908 3105 879 560 1151 3151 2879 2560
Route 362 : 700 657 2657 2700 848 2848 524 1007 2524 3007
Route 363 : 745 925 2925 1980 2745 1214 3980 1189 3214 809 2809 3189
Route 364 : 903 2903 1087 3087 1620 3620 1319 3319 1762 3762 1246 3246
Route 365 : 1971 567 2567 3971 670 1577 1393 3577 2670 3393
Route 366 : 129 2129 136 174 2174 1273 2136 484 3273 2484
Route 367 : 1094 1146 3094 1468 3468 3146 927 2927
Route 368 : 5 2005 1742 569 678 3742 2569 614 2678 2614
Route 369 : 649 588 2588 2649 305 125 1226 2305 3226 2125
Route 370 : 1255 749 3255 2749 607 911 2607 2911
Route 371 : 1406 192 3406 1341 1294 2192 3294 3341
Route 372 : 1354 1006 1668 3006 3354 3668 35 1108 3108 2035
Route 373 : 1441 1430 3441 3430 101 672 1454 2101 2672 3454
Route 374 : 1361 1062 3361 190 2190 3062 906 831 2831 2906
Route 375 : 751 1017 2751 3017 1662 467 3662 1154 3154 2467
Route 376 : 949 722 121 2949 798 2722 2798 845 2845 2121
Route 377 : 1898 1149 3898 154 1391 3149 2154 84 3391 2084
Route 378 : 1395 3395 539 1665 3665 2539 754 659 2659 2754
Route 379 : 1527 1014 1596 3527 1386 3014 3386 3596
Route 380 : 1074 829 18 2829 3074 1847 3847 2018 1916 327 2327 3916
Route 381 : 307 1118 312 2312 3118 2307 1987 3987
Route 382 : 1937 734 3937 2734 950 1517 2950 1672 3517 3672
Route 383 : 103 394 1941 2394 3941 2103 280 779 2280 2779
Route 384 : 53 1858 3858 2053 729 38 1912 2038 2729 3912
Route 385 : 445 1052 50 162 2445 2162 3052 243 2243 2050
Route 386 : 1595 1233 3595 3233 1079 3079 1652 3652 362 2362
Route 387 : 1297 1913 3297 3913 385 225 2385 2225 766 2766
Route 388 : 352 2352 75 2075 922 2922 727 299 2299 2727
Route 389 : 503 1621 2503 1724 3621 865 2865 3724 474 2474
Route 390 : 863 399 596 2863 2399 1936 2596 638 3936 2638
Route 391 : 166 1949 2166 1150 3949 909 1084 3150 3084 2909
Route 392 : 656 273 1520 2273 2656 3520 1193 1195 3195 3193
Route 393 : 540 296 961 2540 2961 2296 482 605 2482 2605
Route 394 : 1823 348 3823 2348 1132 1905 3905 3132
Route 395 : 1349 635 3349 1266 2635 1315 3315 3266 1410 3410
Route 396 : 1639 3639 877 1739 2877 3739 1601 471 3601 2471 680 2680
Route 397 : 1797 122 3797 1109 2122 1868 3868 3109 1373 3373
Route 398 : 1290 1565 3290 704 3565 2704 1070 479 2479 3070
Route 399 : 806 298 2298 1217 2806 3217 1042 1152 3042 3152
Route 400 : 864 2864 1444 653 2653 3444 1751 1389 3751 3389
Route 401 : 1462 674 3462 1801 2674 3801 921 1792 3792 2921
Route 402 : 61 1618 313 2061 3618 2313 1813 78 2078 3813
Route 403 : 723 566 1320 705 2566 3320 2723 2705
Route 404 : 34 965 616 2616 2034 2965 1478 3478
