Instance name : poa-n200-2
Authors : Alexander Yuskov (a.yuskov@g.nsu.ru), Igor Kulachenko (ink@math.nsc.ru), Yury Kochetov, Igor Vasilyev, Zhangdong, Chenjuan, Huanghaohan, Wanglongfei
Date : 28.05.2025
Reference : HGIM
Solution
Route 1 : 71 171 80 74 40 180 140 10 110 72 174 172 67 31 131 86 186 167
Route 2 : 6 106 96 27 13 113 127 196 62 3 162 85 103 185
Route 3 : 47 147 61 49 98 161 93 54 198 154 193 149 84 9 109 99 199 184
Route 4 : 76 11 111 176 5 39 139 105 30 23 130 123 24 20 120 90 124 190
Route 5 : 78 89 189 178 81 181 38 77 138 177 14 58 158 114 44 144
Route 6 : 70 60 64 15 164 160 170 97 115 50 1 101 197 150 53 26 153 126
Route 7 : 28 16 116 42 128 43 143 142 92 51 151 192 22 7 122 107
Route 8 : 63 66 163 166 79 35 135 75 175 95 179 195 83 183 56 55 155 156
Route 9 : 57 157 8 59 159 108 37 18 137 41 118 21 141 121
Route 10 : 82 46 146 19 119 69 182 94 169 194 32 33 132 133 100 29 200 129
Route 11 : 91 88 188 65 48 148 191 87 165 68 4 187 104 52 152 168
Route 12 : 45 2 102 145 36 25 17 136 125 12 34 117 112 73 134 173
