Instance name : poa-n200-7
Authors       : Isaiah Reimer (isaiah.reimer@rideco.com). RideCo (rideco.com)
Date          : 2023-04-04
Reference     : Rideco PDPTW Solver
Solution
Route 1 : 82 7 107 48 41 23 123 2 182 102 141 15 88 115 188 22 76 122 176 148
Route 2 : 85 33 185 92 192 81 133 83 183 13 181 113 74 18 64 118 20 174 164 120
Route 3 : 47 147 35 65 135 44 165 144 51 12 112 49 151 29 43 143 149 129 95 195
Route 4 : 17 117 32 99 199 132 72 5 172 26 105 79 126 179 40 24 124 140
Route 5 : 98 54 198 154 91 80 191 180 1 61 161 101 30 57 157 53 130 153
Route 6 : 90 67 16 9 190 167 116 66 166 27 86 127 186 21 121 109 28 128 36 136
Route 7 : 75 60 10 160 175 70 170 34 110 69 169 134 56 156 42 37 142 137 93 193
Route 8 : 46 52 55 146 152 73 173 25 125 62 162 6 106 39 71 171 4 139 19 119 104 155
Route 9 : 100 94 194 200 96 196 58 158 14 68 168 50 63 114 150 45 11 145 163 111
Route 10 : 77 38 3 177 78 138 103 31 178 84 131 97 184 8 197 89 108 189 59 87 187 159
