Instance name:	poa-n600-1
Authors:		Carlo Sartori and Luciana Buriol
Date:			2019-2-11
Reference:		A matheuristic approach to the PDPTW (to be submitted)
Solution
Route 1 : 154 180 92 73 392 454 51 351 236 480 536 373
Route 2 : 251 247 551 71 547 103 403 202 371 502
Route 3 : 171 471 29 108 183 329 408 26 6 44 326 344 483 306
Route 4 : 246 145 87 38 64 364 445 546 338 387
Route 5 : 150 450 245 229 198 529 4 498 304 545
Route 6 : 167 164 143 193 464 443 187 493 467 487
Route 7 : 163 238 264 463 282 564 55 538 582 85 355 385
Route 8 : 110 62 410 94 362 300 394 100 400 600 17 317
Route 9 : 53 155 156 455 119 456 215 272 419 353 515 572
Route 10 : 297 256 7 41 307 597 341 556
Route 11 : 86 142 146 277 442 577 144 386 444 42 446 342
Route 12 : 31 129 278 429 331 221 578 9 309 521
Route 13 : 90 241 390 541 249 222 549 56 522 356 66 366
Route 14 : 296 218 165 518 465 596 33 149 333 449
Route 15 : 11 311 69 82 91 179 382 369 175 391 475 479
Route 16 : 290 45 590 291 298 102 598 345 591 402
Route 17 : 289 162 589 248 462 294 548 594
Route 18 : 61 134 98 361 398 434 74 40 374 219 519 340
Route 19 : 239 137 158 46 458 346 177 477 81 437 381 539
Route 20 : 83 195 242 383 495 212 261 561 284 512 584 542
Route 21 : 252 112 412 84 552 1 184 228 384 301 484 528
Route 22 : 271 174 281 581 571 474 226 268 526 568
Route 23 : 213 111 20 320 513 72 132 411 432 237 537 372
Route 24 : 220 194 128 494 206 506 520 428 231 235 531 535
Route 25 : 178 14 124 123 99 399 424 49 314 423 349 478
Route 26 : 127 136 436 199 427 224 524 285 499 27 585 327
Route 27 : 28 209 205 509 225 328 505 525
Route 28 : 258 147 447 558 12 141 312 116 441 152 416 452
Route 29 : 24 43 2 343 16 316 117 324 417 302
Route 30 : 299 48 21 188 348 599 321 488
Route 31 : 227 259 244 559 527 190 544 490 23 65 323 365
Route 32 : 274 173 52 574 120 420 36 473 352 262 336 562
Route 33 : 109 39 113 409 181 200 500 269 413 339 481 569
Route 34 : 286 197 497 216 255 34 516 586 334 555
Route 35 : 101 5 89 401 305 114 389 67 414 367 166 95 466 395
Route 36 : 288 240 588 540 223 523 279 210 579 510
Route 37 : 60 153 88 360 388 161 140 461 57 453 440 357
Route 38 : 37 270 266 169 337 469 566 570
Route 39 : 50 106 79 276 379 350 257 576 406 557
Route 40 : 260 80 126 192 560 105 426 380 492 405
Route 41 : 254 243 233 554 234 533 543 534
Route 42 : 292 250 76 376 125 263 550 592 160 425 460 563
Route 43 : 208 22 186 322 486 280 508 131 431 25 580 325
Route 44 : 107 407 93 135 151 139 435 439 393 451
Route 45 : 47 58 10 347 358 310 293 172 78 593 472 378
Route 46 : 196 13 496 122 203 313 157 422 287 457 587 503
Route 47 : 15 75 207 375 214 507 19 315 514 130 319 430
Route 48 : 115 59 118 415 418 359 97 3 397 303
Route 49 : 253 230 275 553 168 575 530 121 421 468
Route 50 : 176 204 148 448 476 504 283 217 583 517
Route 51 : 133 433 32 54 211 138 438 354 511 332
Route 52 : 35 273 335 201 191 501 491 573 232 70 532 370
Route 53 : 77 104 404 68 368 377 189 265 159 459 565 489
Route 54 : 96 63 396 170 8 363 308 182 482 470
Route 55 : 30 185 295 330 595 267 18 318 485 567
