Instance name:	poa-n1500-5
Authors:		Carlo Sartori and Luciana Buriol
Date:			2019-2-11
Reference:		A matheuristic approach to the PDPTW (to be submitted)
Solution
Route 1 : 713 105 1463 438 411 855 203 953 1161 574 1188 676 1324 647 1426 29 779 126 1397 106 856 53 876 547 803 470 1220 741 498 1297 1491 389 1248 396 1139 283 492 1146 1033 1242 578 1328 453 1203 146 748 95 896 1498 845
Route 2 : 175 124 874 925 682 139 889 639 245 1432 995 1389 94 844 582 1332 264 1014 174 924 207 583 957 112 862 54 804 1333 310 1060 680 747 258 1497 1430 1008 304 1054 606 328 1356 135 1078 384 885 1134 280 1030 687 1437 226 976 275 1025
Route 3 : 295 502 1252 15 223 765 159 1045 269 1019 909 254 973 1004 730 1480 653 1403 667 674 17 1417 767 215 623 1373 1424 541 965 750 1291 242 992 589 236 1500 1339 986 533 273 33 783 1283 1023
Route 4 : 194 149 501 899 114 1251 221 193 944 864 444 943 153 903 1194 268 971 265 358 1018 425 1175 353 1103 1015 329 1079 494 1108 429 1244 569 612 1179 1362 1319 710 564 1460 715 1314 510 1465 177 745 1260 659 1495 1409 927
Route 5 : 163 913 579 350 125 1329 875 246 228 1100 996 978 19 669 769 1419 51 270 386 1020 801 87 291 1041 603 1136 837 1353 217 450 967 559 1200 526 529 1279 1309 1276 679 696 478 1446 133 883 1429 480 1228 132 882 1230
Route 6 : 239 989 485 496 303 490 351 1240 1235 1246 1101 523 1273 88 437 1187 838 413 495 479 1163 377 1245 187 937 1229 423 1053 72 277 1173 1027 509 1127 1259 154 904 822 165 260 915 567 1010 1317 292 445 1042 343 1093 540 1195 1290 708 684 1434 1458
Route 7 : 405 123 604 1155 1354 873 503 263 1253 1013 613 5 755 1363 643 714 348 1464 1393 252 140 1002 21 771 12 197 762 312 1098 890 947 650 1062 1400 354 585 296 1104 1335 1046
Route 8 : 220 970 216 188 455 938 966 82 1205 832 615 311 590 1061 1340 598 1365 332 145 614 1348 1082 518 1364 895 1268 434 171 712 921 81 1184 475 831 566 1225 633 232 1462 1383 1316 982 4 754 359 1109 325 1075
Route 9 : 227 977 521 656 18 1406 1271 435 768 677 219 1427 504 1254 969 1185 632 655 432 1405 1382 409 1159 1182 646 297 1396 109 563 1313 859 467 1047 645 1217 66 816 206 956 505 1395 447 198 1255 1197 948
Route 10 : 39 789 2 130 880 627 361 1111 752 315 1377 1065 331 400 1150 688 1438 1081 483 721 136 1233 1471 886 573 1323 671 1421 572 1322 522 560 170 1272 920 347 137 887 213 963 1097 1310 104 854
Route 11 : 678 391 601 1351 1428 1141 224 974 720 349 1470 47 1099 371 1121 797 288 67 668 817 734 1418 1038 370 108 1120 591 1484 497 367 1341 1247 1117 858 660 1410 685 345 1095 1435 267 164 1017 402 1152 914
Route 12 : 399 91 1149 701 841 584 553 462 1451 261 1334 1011 173 1212 1303 923 599 107 299 1349 1049 857 422 1172 605 436 446 141 1355 891 1196 290 1040 89 1186 225 839 722 571 975 1321 1472 555 545 1295 426 1176 1305
Route 13 : 274 686 1436 344 1094 1024 464 30 427 780 1214 460 178 537 1210 1177 928 1287 93 63 813 843 373 469 1123 440 705 1190 214 964 84 834 1219 190 1455 211 546 1296 940 961 121 871 448 185 408 935 1158 1198
Route 14 : 9 759 102 73 852 823 244 410 1160 50 800 689 621 994 1371 1439 183 933 515 60 1265 810 486 26 706 1456 517 1236 617 1367 1267 401 597 1151 147 897 398 316 1066 727 776 1347 575 1477 1325 1148
Route 15 : 552 155 70 905 820 23 1302 588 493 773 743 1243 1493 1338 241 991 580 704 1330 476 1226 1454 461 1211 602 466 56 1352 1216 482 806 341 1232 1091 68 818 538 430 726 1288 1476 32 1180 665 782 1415
Route 16 : 524 586 22 749 1274 1336 772 557 1499 237 987 179 1307 929 166 314 61 811 728 916 1064 380 1130 544 1478 1294 271 622 1021 1372 142 892 99 363 180 1113 661 1411 930 287 849 1037 129 690 879 388 1138 1440 740 1490
Route 17 : 52 352 1102 802 286 693 272 1443 616 1022 1036 74 1366 824 394 181 1144 472 648 65 1398 1222 732 285 195 945 815 1035 931 355 44 1482 1105 739 209 1489 959 794 156 906
Route 18 : 375 1125 630 212 162 1380 962 189 912 592 939 1342 122 300 1050 527 182 932 1277 38 872 116 788 866 235 681 985 364 454 1431 1114 1204 594 691 1441 229 1344 979 554 1304
Route 19 : 101 157 59 907 851 528 1278 809 731 41 1481 176 926 791 725 120 870 1475 90 262 1012 334 840 1084 733 143 152 1483 551 640 1301 893 902 208 958 641 1390 1391 138 473 330 1223 1080 888 192 942
Route 20 : 709 1459 83 707 609 1359 320 1457 1070 833 200 439 49 950 799 1189 416 231 243 1166 981 471 993 637 169 1221 1387 595 919 71 294 307 1044 1345 1057 821 40 790 683 333 1433 1083
Route 21 : 365 31 1115 781 694 393 1143 619 488 1238 1369 525 1444 542 1275 1292 318 587 240 119 1068 869 990 531 1281 309 1337 1059 626 85 196 1376 835 946 418 257 539 1289 424 1168 1174 412 1162 642 80 830 1392 1007 201 951
Route 22 : 742 620 1492 69 519 819 1269 1370 736 323 1073 1486 234 34 984 202 952 784 76 826 256 484 1006 1234 530 100 1280 562 58 1312 808 382 850 1132 158 134 337 1087 884 634 908 746 1496 474 1384 1224
Route 23 : 624 24 657 421 1374 1 1407 1171 536 774 751 111 1286 248 861 35 672 998 611 1422 449 1199 651 1401 1361 785 103 385 853 403 366 1135 356 1106 1153 1116 456 556 512 1206 1306 1262
Route 24 : 27 777 205 3 753 955 266 250 369 1119 1000 37 558 301 787 1308 673 1423 431 1181 1051 8 404 670 758 1420 374 1154 1124 276 10 1026 760 251 319 1016 1001 1069 36 786 13 763 406 1156
Route 25 : 279 1029 14 764 118 379 1129 698 700 868 489 1450 1239 238 1448 718 1468 199 949 988 64 814 441 697 1191 443 1447 638 1193 230 1388 980 635 313 1385 543 289 1293 1039 167 1063 664 729 428 1178 917 1479 1414
Route 26 : 565 253 1315 1003 561 481 663 1231 128 1311 878 1413 62 513 172 922 812 7 1263 757 419 550 459 1209 1169 1300 383 593 532 1282 1133 278 1343 327 1077 699 322 1072 1449 487 1028 1237 298 395 1048 1145
Route 27 : 16 96 846 465 766 420 1170 1215 600 186 936 113 1350 863 131 666 321 1071 1416 534 881 1284 339 98 628 1378 1089 346 848 362 433 1112 1183 407 1157 43 1096 793 520 1270 342 1092
Route 28 : 577 576 1327 1326 338 1088 636 168 1386 11 761 477 549 191 918 941 1299 631 42 1227 792 184 1381 506 934 535 336 1285 1086 1256 25 654 1404 775 117 92 842 247 997 867 738 452 376 1488 1126 1202 392 1142
Route 29 : 233 79 983 151 829 451 1201 372 901 302 500 1052 1122 204 468 954 1250 1218 507 340 249 387 1090 259 1257 57 999 1009 807 629 1137 508 1258 1379 368 305 1118 1055 55 692 548 1442 1298 360 805 1110 702 1452
Route 30 : 652 1402 284 649 1034 45 1399 491 1241 77 210 960 827 795 335 644 1085 499 1394 1249 719 1469 20 675 516 1425 770 48 282 1032 1266 357 798 607 625 1375 1357 222 735 86 836 46 972 1485 414 415 1164 717 796 1467 514 1165 1107 1264
Route 31 : 381 1131 6 28 778 756 724 1474 306 463 293 317 1056 1067 610 1043 1213 75 1360 825 326 1076 703 596 308 1346 127 1453 608 1058 877 97 458 1358 847 737 1208 568 1318 1487 378 115 1128 865
Route 32 : 711 570 1320 417 695 1445 1167 1461 161 78 110 911 828 860 744 160 910 218 255 1494 148 1005 662 968 898 390 1140 1412 658 581 1408 1331 324 1074 397 442 618 1192 1368 150 723 1473 1147 900 281 1031 511 1261 716 144 894 457 1207 1466
