Instance name:    poa-n1000-7
Authors:          Dmitriy Churilov (churilov@advantum.pro), Alexander Galko. Advantum Routing System (advantum.ru/route)
Date:             2025-04-02
Reference:        Advantum Routing System, advantum.ru/route
Solution
Route 1 : 287 349 150 343 849 650 787 5 29 529 843 122 622 505
Route 2 : 64 564 278 264 22 467 522 967 317 764 778 494 817 994
Route 3 : 171 66 115 408 671 566 82 443 615 908 582 943
Route 4 : 2 329 502 484 829 172 984 483 672 983
Route 5 : 185 465 685 81 204 581 965 704 375 446 875 946
Route 6 : 305 311 93 811 593 805 344 326 68 844 568 281 826 243 781 743
Route 7 : 105 176 309 809 392 676 605 373 892 873 322 822 205 705
Route 8 : 307 807 340 195 840 119 65 619 369 695 565 485 388 869 985 888
Route 9 : 269 769 476 74 80 574 976 333 145 421 833 580 645 921
Route 10 : 274 26 18 526 518 774 154 416 236 654 916 736
Route 11 : 124 418 918 624 259 197 15 759 697 417 917 312 515 491 991 812
Route 12 : 214 412 714 370 221 912 492 721 992 870 180 680 386 886
Route 13 : 24 131 524 6 631 239 133 739 633 506 481 190 981 690
Route 14 : 378 238 878 113 613 28 738 528 487 987
Route 15 : 19 464 493 9 285 964 519 34 993 785 534 471 374 509 874 971
Route 16 : 192 219 692 199 719 223 699 62 723 411 911 562
Route 17 : 262 44 762 177 677 544 130 13 630 513 286 786
Route 18 : 123 218 363 623 863 718 91 479 414 914 591 979
Route 19 : 469 107 194 694 110 969 610 607 496 324 996 824 86 271 280 586 780 771
Route 20 : 92 592 3 313 503 71 571 103 603 813 142 290 790 642
Route 21 : 178 37 537 678 325 234 215 734 251 715 825 751
Route 22 : 337 161 837 661 339 288 249 788 839 749
Route 23 : 77 79 577 579 135 256 187 635 126 756 626 207 687 707
Route 24 : 181 191 681 396 896 490 691 454 990 954 108 315 466 608 815 966
Route 25 : 45 397 200 897 700 458 958 545 98 40 598 540
Route 26 : 162 284 662 784 134 488 403 634 275 903 988 775
Route 27 : 100 470 441 970 941 600 300 242 800 129 629 742
Route 28 : 46 399 899 376 546 364 864 357 189 876 689 857
Route 29 : 477 447 116 616 335 977 393 893 835 398 390 890 898 947
Route 30 : 143 643 97 267 767 597 33 450 950 533
Route 31 : 128 354 380 854 95 109 595 880 628 475 391 891 609 164 664 975
Route 32 : 427 231 731 248 748 927 60 342 14 560 842 169 514 669
Route 33 : 206 314 814 706 310 69 569 423 810 139 923 158 639 658
Route 34 : 99 499 599 112 999 237 612 184 449 684 737 949
Route 35 : 428 480 928 448 486 986 948 241 980 295 741 451 951 795
Route 36 : 495 301 995 304 801 424 804 455 955 498 72 924 998 572
Route 37 : 58 87 558 404 346 904 587 53 846 159 553 659
Route 38 : 368 420 920 10 510 868 167 247 667 367 747 867 306 410 910 806
Route 39 : 217 73 144 573 717 160 425 644 361 861 925 328 828 660
Route 40 : 429 198 320 698 929 85 585 820 453 276 432 953 482 982 263 932 776 763
Route 41 : 497 356 117 997 244 302 802 617 16 516 25 744 175 856 675 525
Route 42 : 148 114 648 355 125 625 614 318 855 818 118 230 474 730 618 974
Route 43 : 102 246 602 746 127 319 819 460 298 627 960 798 462 962
Route 44 : 7 385 141 885 641 507 338 400 384 838 900 255 884 83 583 755
Route 45 : 272 772 353 52 853 372 21 521 552 61 872 212 42 561 712 542
Route 46 : 222 151 500 651 722 387 1000 27 527 887 334 1 834 501
Route 47 : 137 224 637 724 252 351 851 88 752 132 632 588
Route 48 : 173 323 823 352 852 673 440 296 377 270 770 796 940 877
Route 49 : 120 431 291 931 791 261 620 761 341 265 841 358 858 765
Route 50 : 165 220 720 273 665 78 402 902 773 578 299 799
Route 51 : 43 382 543 4 504 166 882 666 211 101 601 711
Route 52 : 321 821 39 193 539 409 258 909 693 348 758 360 860 848
Route 53 : 36 331 831 536 435 41 935 210 541 316 710 816
Route 54 : 266 456 415 956 209 766 709 426 915 336 836 926
Route 55 : 31 235 531 57 557 433 735 379 933 292 879 792 245 745
Route 56 : 459 327 827 50 959 56 556 163 366 550 457 866 663 250 750 957
Route 57 : 138 136 461 638 405 636 94 106 961 35 905 445 594 535 606 945 297 797
Route 58 : 468 968 153 434 653 934 436 395 936 282 168 895 668 782 422 922
Route 59 : 201 701 489 32 989 227 532 438 727 84 938 75 575 232 584 732
Route 60 : 413 54 913 186 554 294 686 147 11 794 442 942 647 182 511 682
Route 61 : 104 277 240 777 604 155 740 472 655 140 188 972 688 640
Route 62 : 67 253 753 359 859 567 47 225 725 257 149 649 757 547
Route 63 : 365 146 383 883 345 646 865 444 8 845 944 508
Route 64 : 226 254 726 76 754 203 576 703 12 179 512 679 293 793
Route 65 : 279 49 779 308 549 808 70 303 229 570 439 803 729 30 939 530
Route 66 : 283 389 228 889 783 233 728 38 538 733 174 213 674 713
Route 67 : 208 51 708 551 121 347 621 152 196 847 183 696 683 90 652 17 517 590
Route 68 : 419 202 96 332 919 111 596 63 702 832 611 563
Route 69 : 381 330 394 830 894 157 89 657 170 406 881 670 906 589
Route 70 : 350 850 478 216 716 401 901 268 978 430 930 59 768 473 559 973
Route 71 : 452 407 952 907 260 362 437 760 862 463 937 963
Route 72 : 20 520 55 23 156 656 371 48 555 523 548 871 289 789
