Instance name : poa-n1500-1
Authors : Simen T. Vadseth, Henrik Andersson, Jean-Francois Cordeau and Magnus Stålhane
Date : 24.06.2023
Reference : TBA
Solution
Route	1 :  373 191 941 500 203 1123 953 215 1250 371 1121 965
Route	2 :  623 67 209 47 817 1373 488 1238 797 959 433 1183
Route	3 :  369 149 1119 899 109 232 103 853 982 859
Route	4 :  237 141 987 82 486 832 1236 891 11 162 761 912
Route	5 :  538 1288 716 268 1018 124 427 1466 1177 874
Route	6 :  97 541 31 781 195 456 1291 945 847 718 1468 1206
Route	7 :  553 655 1303 1405 390 163 913 458 1140 1208
Route	8 :  221 971 695 171 638 1388 921 119 869 1445
Route	9 :  735 239 539 1485 989 183 493 933 1289 1243
Route	10 :  253 711 309 1059 170 920 1003 1461
Route	11 :  152 425 902 1175 441 292 1191 400 1150 1042 100 850
Route	12 :  202 228 952 405 1155 607 1357 978
Route	13 :  42 416 792 401 1151 289 1166 160 1039 910
Route	14 :  743 704 1493 684 745 1434 1 1454 1495 751
Route	15 :  666 35 1416 260 65 1010 785 320 815 1070
Route	16 :  189 939 326 54 1076 804 384 584 1334 180 1134 930
Route	17 :  648 636 643 1393 84 1386 426 1176 834 1398
Route	18 :  321 301 1051 1071 587 560 1310 1337
Route	19 :  280 499 377 1127 220 1249 80 830 1030 970
Route	20 :  706 461 55 478 1228 1211 805 1456 158 908
Route	21 :  699 12 261 1011 322 1449 1072 762 569 1319
Route	22 :  71 130 245 880 995 137 75 821 188 887 825 938
Route	23 :  475 376 1225 52 1126 802 668 720 1470 1418
Route	24 :  368 703 1118 722 1472 1453 56 61 811 806
Route	25 :  357 471 22 212 962 1107 772 1221 385 1135
Route	26 :  605 542 1355 224 1292 274 974 1024 99 543 1293 849
Route	27 :  397 246 1147 639 480 1389 1230 996 36 786
Route	28 :  490 740 1240 286 1490 596 1036 417 729 1479 1346 1167
Route	29 :  70 187 549 558 820 723 1308 1473 1299 937
Route	30 :  120 144 870 173 894 132 882 255 923 121 1005 871
Route	31 :  593 335 1343 657 1085 374 1407 87 1124 837
Route	32 :  302 231 489 1239 83 981 693 1052 516 833 1443 1266
Route	33 :  241 991 448 303 612 1053 1198 1362
Route	34 :  535 386 1285 254 1136 710 1004 7 1460 757
Route	35 :  234 984 244 314 502 1064 1252 994
Route	36 :  687 174 924 440 1437 1190 290 197 947 1040
Route	37 :  356 86 1106 591 836 8 758 730 1341 1480
Route	38 :  365 1115 23 422 1172 577 773 460 1210 1327
Route	39 :  469 66 128 1219 238 816 878 988
Route	40 :  712 1462 561 140 177 927 1311 430 890 33 1180 783
Route	41 :  299 77 342 827 281 247 1049 1092 1031 997
Route	42 :  351 175 1101 925 210 418 960 744 1168 1494
Route	43 :  715 1465 198 257 948 323 136 1073 886 504 1007 1254
Route	44 :  340 269 582 1090 1019 1332 678 1428
Route	45 :  273 566 1023 649 660 1399 554 1304 1410 1316
Route	46 :  236 81 477 1227 986 410 831 571 1160 1321
Route	47 :  46 378 112 796 576 1128 206 1326 862 956
Route	48 :  598 645 1348 315 1395 279 304 1065 1054 1029
Route	49 :  621 413 1371 1163 18 296 717 1046 768 1467 453 1203
Route	50 :  498 300 618 1050 505 1248 1368 1255
Route	51 :  41 91 297 438 1047 732 841 1188 791 1482 512 1262
Route	52 :  556 746 179 481 1306 1231 929 1496
Route	53 :  165 635 656 915 646 1406 1396 1385
Route	54 :  337 694 1444 544 360 1087 575 1110 1294 1325
Route	55 :  114 615 526 1276 1365 650 1400 864 39 789
Route	56 :  415 506 1165 734 700 1484 1256 583 1333 1450
Route	57 :  264 24 774 421 398 10 1014 760 1171 1148
Route	58 :  533 115 1283 595 1345 343 1093 865
Route	59 :  630 196 749 946 1380 1499 348 249 999 1098
Route	60 :  445 201 1195 951 672 167 1422 917
Route	61 :  396 444 1194 1146 559 474 545 1295 1309 1224
Route	62 :  750 567 697 1500 59 1447 436 1317 809 1186
Route	63 :  404 37 613 1154 585 1363 619 787 1335 1369
Route	64 :  107 355 123 857 1105 419 873 565 1169 1315
Route	65 :  447 295 266 1045 1016 602 1197 1352
Route	66 :  110 284 131 860 552 1034 1302 227 881 339 977 1089
Route	67 :  30 126 876 154 780 737 443 1487 1193 904
Route	68 :  570 19 1320 476 216 769 1226 256 966 1006
Route	69 :  739 611 1361 627 1489 747 1377 5 1497 755
Route	70 :  328 671 679 1421 1078 265 690 1440 1429 1015
Route	71 :  466 276 218 89 1216 839 1026 968 389 76 1139 826
Route	72 :  358 420 1108 252 1170 1002 73 823 347 199 1097 949
Route	73 :  291 394 62 1144 349 1041 101 1099 812 94 851 844
Route	74 :  68 391 1141 470 818 494 207 957 1244 1220
Route	75 :  609 1359 263 366 379 1116 143 1013 428 1129 1178 893
Route	76 :  43 333 172 1083 60 922 793 508 1258 810
Route	77 :  424 1174 243 479 362 993 503 1112 1229 1253
Route	78 :  597 1347 106 327 178 856 928 676 1077 1426 248 998
Route	79 :  138 317 888 16 632 766 1067 282 277 1027 1382 1032
Route	80 :  629 524 1379 733 563 1274 1313 1483
Route	81 :  168 392 546 918 1142 625 1296 271 1375 1021 240 990
Route	82 :  614 316 1066 1364 531 532 1281 1282
Route	83 :  217 139 889 967 578 483 1233 293 1328 1043
Route	84 :  311 1061 312 1062 330 564 1314 594 1080 1344
Route	85 :  707 742 620 1492 1457 1370 574 21 771 1324
Route	86 :  680 383 1430 1133 709 634 1459 1384
Route	87 :  34 403 784 2 464 150 1214 1153 900 752
Route	88 :  412 176 353 1162 408 1103 262 926 1158 1012
Route	89 :  653 661 1403 603 1353 465 1411 677 1215 1427
Route	90 :  72 283 822 589 153 1033 903 624 1339 1374 485 1235
Route	91 :  192 69 942 214 819 701 964 406 1451 463 1156 1213
Route	92 :  514 647 1264 57 807 250 1000 1397 6 756
Route	93 :  78 455 1205 689 828 530 513 1263 1439 1280
Route	94 :  380 450 528 1130 1200 659 1278 1409
Route	95 :  345 1095 319 452 1069 497 1202 92 1247 842
Route	96 :  551 294 1301 681 1044 1431 462 399 9 759 1212 1149
Route	97 :  307 102 683 852 222 972 1057 1433
Route	98 :  491 164 507 914 334 393 1241 1084 1143 1257
Route	99 :  156 169 435 1185 919 644 906 226 976 1394
Route	100 :  40 127 877 270 790 509 1020 259 1009 1259
Route	101 :  525 1275 134 402 1152 884 208 146 958 896
Route	102 :  147 235 588 985 181 897 193 1338 931 943
Route	103 :  336 341 1086 1091 251 211 1001 432 961 487 1237 1182
Route	104 :  13 664 741 1414 1491 763 204 705 1455 954
Route	105 :  275 64 652 1402 1025 468 814 439 186 1218 936 1189
Route	106 :  669 4 1419 166 754 27 429 777 916 1179
Route	107 :  93 161 44 843 633 135 1383 885 911 794
Route	108 :  728 359 1478 484 1234 354 617 1104 1109 1367
Route	109 :  332 219 3 521 1082 454 1271 1204 969 529 1279 753
Route	110 :  267 329 1017 205 955 562 1312 32 1079 278 782 1028
Route	111 :  658 604 1354 654 367 1117 184 1404 1408 437 934 1187
Route	112 :  344 534 1284 522 1094 731 517 1272 1481 1267
Route	113 :  748 713 640 1498 708 1463 1458 298 1390 1048
Route	114 :  308 28 778 1058 375 90 1125 79 213 840 829 963
Route	115 :  599 310 51 1060 686 1436 1349 801
Route	116 :  449 14 1199 764 242 642 719 1392 992 579 1329 1469
Route	117 :  409 610 1360 616 1159 382 1366 1132 467 1217
Route	118 :  527 1277 272 305 1055 287 1037 258 1022 511 1008 1261
Route	119 :  568 548 1318 600 1350 606 590 1340 1356 1298
Route	120 :  557 736 685 157 1307 446 1196 1435 907 1486
Route	121 :  98 58 641 808 848 1391 510 698 1448 1260
Route	122 :  151 901 95 670 845 1420 434 331 1184 1081
Route	123 :  637 688 1438 592 1342 387 1137 1387 547 1297
Route	124 :  325 155 905 225 38 473 1075 1223 350 788 1100 975
Route	125 :  285 145 388 895 88 838 313 1138 1063 1035
Route	126 :  306 45 795 573 674 1056 1424 1323
Route	127 :  628 667 1378 727 586 673 1336 1423 1417 1477
Route	128 :  682 662 519 663 1432 1412 1269 233 983 1413
Route	129 :  675 555 1425 50 1305 501 423 800 1251 1173
Route	130 :  550 523 1273 520 1300 608 1270 1358 381 1131
Route	131 :  702 122 148 898 580 1452 872 515 1330 1265
Route	132 :  738 725 631 601 1475 726 1351 1381 721 1488 1471 1476
Route	133 :  651 48 411 1161 798 714 1401 1464 626 346 1376 1096
Route	134 :  492 324 1074 25 53 775 691 1441 1242 803
Route	135 :  537 133 49 1287 883 665 518 1268 799 1415 581 1331
Route	136 :  190 940 457 1207 363 407 540 1113 451 1157 1290 1201
Route	137 :  414 111 338 442 1192 352 861 1164 1088 1102
Route	138 :  200 85 482 835 395 950 29 431 1181 1145 1232 779
Route	139 :  459 364 1209 1114 372 288 1122 361 1038 496 1111 1246
Route	140 :  536 724 622 1474 230 1372 1286 117 105 980 867 855
Route	141 :  495 96 118 846 868 142 194 116 866 1245 944 892
Route	142 :  74 696 824 1446 26 472 370 776 1222 1120
Route	143 :  17 125 875 108 767 858 692 572 1322 229 1442 979
Route	144 :  15 765 63 318 813 113 1068 863 20 223 973 770
Route	145 :  129 182 879 185 935 932 159 104 909 854
