Instance name : poa-n2000-1
Authors       : BIG3 - Dmitriy Yampolskiy, Egor Nikolaev and Daria Savina. Smart Logistics Point by the BigThree team (big3.ru).
Date          : 2025-04-22
Reference     : BigThree team (big3.ru)
Solution
Route 1 : 407 529 1407 535 224 1224 1535 1529
Route 2 : 595 139 606 1595 1606 1139
Route 3 : 357 490 424 1357 1490 187 1424 1187
Route 4 : 384 251 1251 909 1384 1909 383 945 1383 1945
Route 5 : 426 464 1426 474 1464 1474 737 25 1737 1025
Route 6 : 974 896 1896 516 1974 1516 689 50 1689 1050
Route 7 : 36 520 258 1036 1258 827 1520 623 1827 1623
Route 8 : 143 425 757 1143 672 1425 1672 657 1657 1757
Route 9 : 776 803 1803 1776 667 797 1667 1797
Route 10 : 893 978 1893 968 1978 322 1968 1322
Route 11 : 475 666 1666 200 1200 338 1475 369 1369 1338
Route 12 : 679 564 1679 561 1561 1564 423 403 1403 1423
Route 13 : 333 231 1333 1231 257 16 1016 1257
Route 14 : 924 856 1856 875 1924 410 1875 1410
Route 15 : 142 1142 572 597 226 297 1572 1297 1597 1226
Route 16 : 123 414 770 778 1414 1123 1778 1770
Route 17 : 718 457 533 1457 93 1093 1718 1533 371 1371
Route 18 : 957 834 1957 157 505 1834 1157 1505
Route 19 : 493 1493 277 813 647 1277 1813 362 1647 1362
Route 20 : 643 458 1643 392 328 613 1613 1458 1392 1328
Route 21 : 294 469 1294 1469 20 712 445 1445 1712 1020
Route 22 : 296 804 303 540 1296 1540 930 1804 1303 1930
Route 23 : 67 790 1790 237 1067 502 233 1237 1233 1502
Route 24 : 236 1236 112 565 865 1865 1565 1112 802 1802
Route 25 : 459 17 1459 621 1621 109 1017 1109 582 1582
Route 26 : 554 545 1554 37 592 1037 1545 347 1592 1347
Route 27 : 176 74 1176 653 1074 92 1653 1092
Route 28 : 641 866 1641 1866 947 830 1947 1830
Route 29 : 506 321 646 1646 1321 1506 214 180 1180 1214
Route 30 : 931 393 430 1393 1430 1931
Route 31 : 550 35 1550 211 88 1211 1035 741 1088 1741
Route 32 : 148 184 717 1148 199 1184 129 1129 1717 1199
Route 33 : 972 309 1309 1972 688 789 1789 1688
Route 34 : 519 284 399 1284 381 1399 1519 1381
Route 35 : 22 395 638 1022 1395 1638
Route 36 : 207 1207 480 611 1480 731 1731 1611
Route 37 : 220 118 1220 72 71 1118 491 1071 1072 1491
Route 38 : 530 571 329 902 1902 1571 1530 84 1329 1084
Route 39 : 514 10 532 620 1620 1010 1532 1514
Route 40 : 411 823 117 1117 1823 798 1411 1798
Route 41 : 435 453 1435 268 600 1453 1268 1600 857 1857
Route 42 : 77 1077 253 159 1159 1253 3 1003 116 1116
Route 43 : 341 134 1134 439 1341 927 1439 1927
Route 44 : 630 279 449 442 1449 1630 1442 1279
Route 45 : 509 574 1509 1574 495 879 1879 1495
Route 46 : 624 843 1843 128 750 1624 792 1128 1792 1750
Route 47 : 444 178 1444 951 1178 701 1701 1951
Route 48 : 405 1405 29 771 914 988 1029 1914 1988 1771
Route 49 : 503 660 549 1503 920 1549 836 1920 1660 1836
Route 50 : 57 969 626 1626 1969 1057 980 1980
Route 51 : 500 591 651 1591 1651 1500 367 727 1727 1367
Route 52 : 447 1447 704 429 304 1704 342 1304 1429 1342
Route 53 : 55 452 32 1055 1452 580 578 1580 1032 1578
Route 54 : 966 888 1966 1888 114 746 1746 1114
Route 55 : 979 566 645 604 1566 1645 138 1979 1604 1138
Route 56 : 908 46 1046 388 1908 772 1772 1388
Route 57 : 201 694 470 684 1694 1684 1201 397 1470 1397
Route 58 : 784 193 443 1784 110 1193 1110 1443
Route 59 : 935 867 1935 377 1377 887 1867 1887
Route 60 : 917 835 950 1917 1950 954 1954 1835
Route 61 : 551 793 24 275 1551 1793 1275 1024 758 1758
Route 62 : 812 90 796 1090 1812 913 1913 1796 756 1756
Route 63 : 487 320 522 4 728 1320 1522 1004 1487 1728
Route 64 : 421 177 59 1177 1059 1421
Route 65 : 370 42 83 1042 993 1370 394 1083 1394 1993
Route 66 : 140 570 1140 1570 409 787 1787 1409 687 1687
Route 67 : 955 1955 324 1324 762 391 203 1203 1762 1391
Route 68 : 782 33 788 567 1033 1782 923 1923 1567 1788
Route 69 : 120 78 1078 1120 285 218 1218 1285
Route 70 : 729 825 897 1897 1729 1825
Route 71 : 163 769 252 1163 135 299 1252 1769 1135 1299
Route 72 : 235 738 266 1738 1266 1235 137 1137
Route 73 : 269 536 767 860 1536 1269 526 1860 1526 1767
Route 74 : 807 719 1719 537 1807 476 1537 1476
Route 75 : 190 515 1515 1190 314 56 68 1056 1314 1068
Route 76 : 639 455 31 1455 1 1001 1031 1639
Route 77 : 460 311 1460 948 1311 1948 494 360 1360 1494
Route 78 : 562 398 385 1398 1562 1385 438 96 1096 1438
Route 79 : 351 364 1351 478 1364 668 1668 1478
Route 80 : 240 740 1240 1740 191 295 1295 599 1191 1599
Route 81 : 468 811 1000 1468 612 1811 2000 1612
Route 82 : 334 1334 27 596 735 1596 1735 1027
Route 83 : 654 751 632 1751 1632 1654 739 1739
Route 84 : 427 21 1021 402 1427 745 1745 1402 577 1577
Route 85 : 358 86 1358 1086 872 448 1448 1872
Route 86 : 54 70 593 1070 995 1995 1054 1593
Route 87 : 221 794 63 1794 1221 544 1063 40 1040 1544
Route 88 : 710 126 1126 378 1378 1710 374 197 1374 1197
Route 89 : 603 696 150 15 1696 1150 1603 1015
Route 90 : 629 760 1760 915 1629 161 1915 1161
Route 91 : 246 82 1082 663 1246 440 65 1440 1663 1065
Route 92 : 485 149 1485 1149 504 261 1504 1261
Route 93 : 999 131 158 23 1131 1023 1999 1158
Route 94 : 806 1806 204 709 1204 45 1709 855 1045 1855
Route 95 : 722 849 933 1722 511 1511 1849 1933
Route 96 : 413 171 1413 1171 372 249 169 1169 1372 1249
Route 97 : 102 610 1102 212 75 1075 1610 1212
Route 98 : 419 175 1419 379 450 1175 1379 1450 107 1107
Route 99 : 145 229 179 1229 1179 838 1145 863 1838 1863
Route 100 : 707 61 166 1061 185 313 1707 1313 1166 1185
Route 101 : 541 208 747 242 1242 1747 1541 1208
Route 102 : 937 373 337 721 1373 1937 1337 1721
Route 103 : 141 194 1141 525 730 501 1194 1501 1730 1525
Route 104 : 508 631 1508 472 1631 781 1472 1781
Route 105 : 254 864 198 1864 1254 1198
Route 106 : 186 80 363 1186 1080 18 1363 202 1202 1018
Route 107 : 396 245 1396 451 1451 111 809 1245 1809 1111
Route 108 : 463 462 1462 755 1755 884 1463 1884
Route 109 : 764 155 1155 1764 822 81 1822 79 1079 1081
Route 110 : 877 962 1962 977 996 1977 1877 1996
Route 111 : 714 518 1714 965 1518 848 1965 1848
Route 112 : 761 274 239 1274 428 1761 119 1239 1428 1119
Route 113 : 247 289 195 1195 234 1247 1289 1234
Route 114 : 774 1774 732 306 1306 1732 222 1222
Route 115 : 483 404 683 1404 1683 1483 885 1885
Route 116 : 627 1627 805 828 390 1805 1828 1390 989 1989
Route 117 : 19 601 1019 1601 967 744 1744 1967
Route 118 : 192 477 1477 64 345 1192 39 1039 1064 1345
Route 119 : 922 1922 814 658 26 1658 6 1026 1006 1814
Route 120 : 982 489 1982 986 1986 1489
Route 121 : 517 524 1517 724 1524 1724 318 1318
Route 122 : 241 650 1241 907 1650 676 1907 958 1676 1958
Route 123 : 339 401 703 1703 14 499 1339 1401 1014 1499
Route 124 : 28 1028 498 13 1498 1013
Route 125 : 734 325 720 1734 250 1720 1250 1325
Route 126 : 791 943 1791 964 1964 1943 985 1985
Route 127 : 196 594 1594 1196 552 346 1552 1346
Route 128 : 733 408 1733 891 1408 883 1883 1891
Route 129 : 573 386 1573 708 471 1386 763 1471 1708 1763
Route 130 : 886 496 1496 1886 842 1842 662 412 1412 1662
Route 131 : 273 479 1479 680 434 1273 1434 1680
Route 132 : 416 713 673 1673 1713 1416 634 686 1686 1634
Route 133 : 839 628 1628 181 1839 1181
Route 134 : 752 1752 160 94 1160 336 58 1336 1058 1094
Route 135 : 837 2 441 1837 48 1002 1441 9 1009 1048
Route 136 : 780 497 1780 858 1497 1858 649 105 1649 1105
Route 137 : 941 66 1941 1066 685 154 1154 1685
Route 138 : 853 276 100 749 1100 585 1853 1276 1749 1585
Route 139 : 523 1523 420 538 1420 911 1911 1538
Route 140 : 227 300 555 1300 99 1555 1227 1099
Route 141 : 290 949 510 1290 316 1949 635 1635 1316 1510
Route 142 : 223 348 1223 925 1348 698 1925 1698
Route 143 : 417 971 1417 869 1971 1869
Route 144 : 903 152 1903 1152 894 854 1894 1854
Route 145 : 331 910 991 878 1991 1878 1910 1331
Route 146 : 136 583 940 581 1583 1581 1940 1136
Route 147 : 652 264 1652 355 349 1264 1355 1349
Route 148 : 481 659 1659 1481 715 700 1715 1700
Route 149 : 656 225 898 1898 1656 1225 640 1640
Route 150 : 133 773 327 1133 1773 821 1327 1821
Route 151 : 376 633 272 997 1376 1272 1633 1997
Route 152 : 332 589 1332 1589 928 677 1928 1677
Route 153 : 786 711 1786 165 482 1165 1711 1482
Route 154 : 101 344 1344 1101 852 899 1852 625 1899 1625
Route 155 : 726 97 1097 60 800 1726 1060 1800
Route 156 : 87 890 847 1087 664 1847 1664 1890
Route 157 : 921 938 1921 946 1938 833 1833 1946
Route 158 : 312 262 602 1262 961 1602 1961 1312
Route 159 : 692 768 156 1156 1768 1692 929 1929
Route 160 : 681 43 959 1681 1043 7 1959 1007
Route 161 : 213 1213 817 661 352 934 1934 1817 1661 1352
Route 162 : 956 47 799 1799 1047 127 1956 1127
Route 163 : 153 1153 960 900 1900 1960
Route 164 : 73 850 736 1850 1736 1073 389 106 1389 1106
Route 165 : 992 889 1992 753 340 1340 1889 1753
Route 166 : 766 669 1766 534 844 1844 1669 1534
Route 167 : 699 543 1543 905 1905 1699 219 1219
Route 168 : 418 575 354 1575 1354 1418 122 1122
Route 169 : 906 1906 62 548 1062 103 1548 124 1124 1103
Route 170 : 824 990 981 1824 1990 244 1981 1244
Route 171 : 467 1467 368 387 11 1011 1387 1368 622 1622
Route 172 : 271 952 1952 818 1271 380 1380 1818
Route 173 : 108 615 263 1263 845 1108 1845 1615
Route 174 : 983 168 205 1168 319 815 1205 1319 1983 1815
Route 175 : 265 819 1265 840 1819 1840 723 644 1723 1644
Route 176 : 665 637 998 1637 1998 1665 904 1904
Route 177 : 292 298 1292 454 874 1454 1874 1298
Route 178 : 919 976 1919 1976 783 521 1521 1783
Route 179 : 188 281 1188 895 953 1281 1895 1953
Route 180 : 217 361 942 826 1826 1942 1361 1217
Route 181 : 85 422 1085 1422 182 291 1182 436 1291 1436
Route 182 : 162 584 301 691 1162 1584 1691 1301
Route 183 : 963 876 1963 870 1870 846 1846 1876
Route 184 : 115 465 1115 228 365 1228 69 1465 1069 1365
Route 185 : 512 382 1512 323 456 1382 607 1607 1323 1456
Route 186 : 492 121 1492 1121 617 748 1748 1617
Route 187 : 795 892 1892 1795 973 918 1973 1918
Route 188 : 302 697 1697 829 1302 1829
Route 189 : 278 206 466 1278 359 1206 1466 1359
Route 190 : 841 880 862 1841 765 1862 1880 1765
Route 191 : 944 243 682 609 1243 882 1682 1609 1882 1944
Route 192 : 576 547 1576 130 461 1130 1547 1461
Route 193 : 939 932 1939 994 1994 1932
Route 194 : 104 366 1366 488 30 1104 1488 1030
Route 195 : 816 350 1350 579 1579 871 1816 1871
Route 196 : 310 916 1310 326 76 1916 209 1326 1209 1076
Route 197 : 695 1695 147 598 716 1147 1716 1598
Route 198 : 873 616 287 1873 1616 255 513 1287 1255 1513
Route 199 : 742 1742 528 315 618 1528 1315 1618
Route 200 : 832 248 1832 1248 801 759 1801 1759
Route 201 : 151 216 1216 283 1151 779 1779 1283
Route 202 : 553 975 1553 230 1975 1230
Route 203 : 317 568 1568 926 1317 1926
Route 204 : 173 49 542 1173 671 1542 1049 1671
Route 205 : 605 556 1605 1556 330 810 1330 1810 375 1375
Route 206 : 546 238 619 189 1546 1189 1238 1619
Route 207 : 587 642 305 286 1642 1305 1286 1587
Route 208 : 670 53 431 146 1053 1670 1146 1431
Route 209 : 270 636 1270 1636 51 706 335 1706 1335 1051
Route 210 : 705 590 446 678 1705 1678 1590 1446
Route 211 : 563 280 539 1563 1280 8 1539 1008
Route 212 : 259 1259 675 1675 484 486 1484 1486
Route 213 : 970 881 1970 260 1881 1260 95 655 1655 1095
Route 214 : 164 293 282 1164 1282 912 674 1293 1674 1912
Route 215 : 215 754 98 1754 1098 1215 144 12 1012 1144
Route 216 : 256 41 1256 558 1041 172 1558 356 1356 1172
Route 217 : 38 725 1038 1725 775 831 1775 174 1174 1831
Route 218 : 132 353 89 1353 1132 1089 210 232 1232 1210
Route 219 : 560 415 1415 861 851 1560 1851 1861
Route 220 : 113 406 307 1113 1307 690 1406 820 1820 1690
Route 221 : 588 308 868 1308 859 1588 1868 1859
Route 222 : 648 1648 473 1473 702 808 1808 52 1052 1702
Route 223 : 437 693 1693 34 1034 614 1437 1614
Route 224 : 777 507 5 400 1777 1005 1507 743 1743 1400
Route 225 : 936 531 1531 901 1936 984 1901 1984
Route 226 : 167 170 1167 1170 288 527 1288 1527 183 1183
Route 227 : 586 559 1586 1559 557 432 1432 1557
Route 228 : 569 1569 433 987 44 1433 608 1044 1608 1987
Route 229 : 343 91 1343 267 785 125 1125 1091 1785 1267
