Instance name : poa-n600-7
Authors       : Dmitriy Demin, Mikhail Diakov (msd@veeroute.com), Ivan Ilin, Nikita Ivanov, Viacheslav Sokolov (vs@veeroute.com) et al. VRt Global (https://veeroute.com/)
Date          : 2023-07-09
Reference     : veeroute.com
Solution
Route 1 : 11 247 547 51 20 320 351 44 311 344
Route 2 : 135 157 435 271 240 571 540 290 69 457 590 369
Route 3 : 175 162 462 14 475 314 199 2 499 302
Route 4 : 151 132 451 87 432 387
Route 5 : 238 89 538 52 191 352 389 491
Route 6 : 9 214 309 514 287 210 587 510
Route 7 : 141 73 373 441 208 279 508 579
Route 8 : 21 321 110 289 136 410 436 177 477 589
Route 9 : 265 171 241 565 471 24 541 54 324 354
Route 10 : 65 365 183 483 273 573 16 104 316 404
Route 11 : 288 588 188 222 83 488 383 522 85 385
Route 12 : 264 246 564 546 26 140 228 440 326 528
Route 13 : 43 343 27 234 534 64 364 327 212 57 357 512
Route 14 : 81 163 103 463 403 381 61 284 361 584
Route 15 : 233 533 153 47 453 227 527 347 277 577
Route 16 : 31 258 331 558 217 160 517 130 460 430 283 583
Route 17 : 90 152 231 452 390 531 189 181 489 481
Route 18 : 117 165 417 465 77 190 377 490
Route 19 : 55 269 355 569 174 232 134 434 474 532 116 416
Route 20 : 62 6 362 159 306 145 459 252 445 552
Route 21 : 53 295 67 595 211 353 367 511
Route 22 : 25 325 197 131 431 497 257 119 419 557
Route 23 : 299 245 84 545 599 213 513 71 384 154 371 454
Route 24 : 266 156 176 244 456 566 476 150 146 544 450 446
Route 25 : 114 414 76 170 470 129 376 429 236 536
Route 26 : 17 58 317 262 33 358 562 333 102 402
Route 27 : 74 374 296 178 596 15 315 478 249 549
Route 28 : 19 63 319 147 363 70 370 447
Route 29 : 167 467 126 82 426 382 243 92 543 392
Route 30 : 23 179 323 272 298 479 572 122 598 422
Route 31 : 173 221 473 521 100 22 400 219 322 519
Route 32 : 8 263 308 125 425 254 554 259 559 56 563 356
Route 33 : 260 560 10 310 185 7 307 224 485 524
Route 34 : 169 469 68 292 368 18 318 592 195 495
Route 35 : 276 229 291 576 529 99 591 172 399 472
Route 36 : 123 423 180 124 480 29 424 329 50 350
Route 37 : 106 12 312 49 406 349 72 28 372 328
Route 38 : 218 13 518 48 297 313 597 348 66 366
Route 39 : 38 86 386 338 300 600 242 143 542 443
Route 40 : 39 339 155 455 120 42 342 420
Route 41 : 202 502 182 482 274 37 166 574 466 337
Route 42 : 80 380 1 278 301 578 161 149 449 461
Route 43 : 205 505 223 275 523 158 575 458
Route 44 : 40 105 280 340 270 580 405 95 570 395
Route 45 : 248 193 137 493 548 4 437 304 198 97 397 498
Route 46 : 45 261 36 138 438 561 345 336
Route 47 : 133 32 433 98 332 121 294 398 421 594
Route 48 : 168 35 187 335 487 201 468 501 79 379
Route 49 : 220 285 520 186 585 128 486 428
Route 50 : 203 503 196 78 378 496 164 3 464 91 303 391
Route 51 : 230 194 530 239 494 539 216 88 516 204 388 504
Route 52 : 250 209 550 225 509 235 535 525
Route 53 : 93 268 393 568 127 112 427 237 537 412
Route 54 : 293 96 148 593 396 448 115 251 551 415
Route 55 : 253 60 553 360 46 144 286 346 586 444
Route 56 : 255 94 30 555 394 330 109 101 409 401
Route 57 : 200 113 413 118 500 107 418 407 215 515
Route 58 : 267 207 34 334 142 507 206 506 567 442 256 192 556 492
Route 59 : 281 59 359 108 139 581 184 439 408 484 111 411
Route 60 : 226 75 526 41 282 375 582 341 5 305