Instance name : poa-n2000-4
Authors       : Dmitriy Demin, Mikhail Diakov (msd@veeroute.com), Ivan Ilin, Nikita Ivanov, Viacheslav Sokolov (vs@veeroute.com) et al. VRt Global (https://veeroute.com/)
Date          : 2023-04-18
Reference     : veeroute.com
Solution
Route 1 : 34 1034 947 310 723 1947 1310 1723 774 749 1749 1774 159 1159
Route 2 : 107 179 1107 196 1179 1196 228 722 1228 337 1337 1722
Route 3 : 47 423 1047 687 992 1423 1687 492 1992 9 1492 8 1008 1009
Route 4 : 524 10 213 207 1524 1213 1010 1207 46 1046 204 364 1204 1364
Route 5 : 984 1984 635 350 1350 1635 479 443 429 1443 551 1429 1551 1479
Route 6 : 49 997 181 1997 1181 1049 882 161 895 1882 1161 526 1526 1895
Route 7 : 60 731 1060 682 587 533 1682 1731 705 1587 1705 504 1533 1504
Route 8 : 795 1795 131 136 1131 1136 491 292 1292 1491 889 485 1889 1485
Route 9 : 343 609 216 1343 1609 261 1216 691 353 1261 1353 1691
Route 10 : 657 227 1227 183 1657 511 1183 1511 913 231 1231 1913
Route 11 : 268 692 354 1268 1692 1354 330 1330 733 3 1733 1003
Route 12 : 783 447 1783 1447 269 562 892 1892 1562 1269 973 1973 59 1059
Route 13 : 560 1560 171 1171 869 845 1869 1845 418 390 1418 833 1833 1390
Route 14 : 629 838 1629 1838 334 1334 121 645 344 1344 1645 1121 880 1880
Route 15 : 457 45 1045 478 410 1457 1478 974 1410 436 1974 929 1436 1929
Route 16 : 54 487 1054 317 1487 99 375 1317 1375 825 1099 425 1825 1425
Route 17 : 703 76 1076 1703 547 32 1032 243 230 1547 1230 557 1243 1557
Route 18 : 117 878 1117 482 1878 286 1482 412 150 1286 1412 1150
Route 19 : 775 18 1018 893 1893 923 1775 987 1923 1987 247 1247
Route 20 : 618 1618 717 1717 78 13 1078 871 1013 980 568 1871 1980 1568
Route 21 : 255 726 1255 1726 740 841 1841 1740 165 229 444 1229 1444 1165
Route 22 : 721 87 1087 1721 469 361 151 1361 1469 1151 877 363 1877 1363
Route 23 : 328 1328 549 1549 403 41 1403 1041 822 1822
Route 24 : 863 1863 648 1648 415 1415 542 97 1542 970 1097 1970 62 675 1675 1062
Route 25 : 808 545 1808 738 1545 1738 365 819 1365 432 1819 23 1432 1023
Route 26 : 707 1707 14 1014 347 1347 670 1670 91 520 1091 907 1907 112 1520 1112
Route 27 : 192 641 700 1192 1700 1641 887 965 1887 1965 803 837 1803 1837
Route 28 : 933 463 890 1933 1463 30 1890 1030 806 282 1282 1806 824 920 1824 1920
Route 29 : 460 1460 459 370 1459 1370 29 843 1029 191 1843 661 1191 1661
Route 30 : 397 746 757 1746 1397 1757 586 167 1586 1167 295 338 1338 1295
Route 31 : 389 569 1569 1389 606 200 1606 938 1938 743 961 1743 1200 1961
Route 32 : 369 1369 969 1969 904 24 1024 1904 313 283 1283 1313
Route 33 : 438 187 1187 865 1865 1438 340 170 1340 780 1170 1780 756 1756
Route 34 : 497 708 1708 614 1497 1614 813 1813 1 271 481 1271 1481 1001
Route 35 : 305 1305 356 351 710 1356 633 1633 329 1710 1351 1329 108 114 1108 1114
Route 36 : 120 1120 212 115 1212 384 782 1115 1384 960 1782 1960 437 1437
Route 37 : 744 1744 195 983 1195 122 1983 98 1122 486 1486 335 1098 1335 944 1944
Route 38 : 912 1912 52 1052 816 208 1208 1816 237 1237 810 1810
Route 39 : 840 1840 662 971 1662 1971 834 674 854 1854 1834 900 1900 1674
Route 40 : 116 1116 218 33 1033 852 1218 1852 630 1630 90 1090 532 174 1532 1174 220 1220
Route 41 : 550 402 1550 1402 449 462 1462 315 1449 1315 119 986 1119 147 1147 1986
Route 42 : 828 158 1828 246 1158 1246 528 69 1528 719 96 1069 1719 1096
Route 43 : 270 1270 924 1924 956 273 1273 221 1956 1221 855 844 1844 1855
Route 44 : 238 578 222 769 1769 1578 1222 1238 446 668 1668 1446 424 512 1424 1512
Route 45 : 287 624 1287 1624 673 1673 988 1988 380 493 1380 1493 307 135 1135 1307
Route 46 : 439 1439 474 285 1474 1285 421 1421 152 458 1152 1458
Route 47 : 781 771 1781 1771 154 640 1154 1640 776 125 382 1382 1125 1776
Route 48 : 809 467 118 1467 885 1118 1885 564 1564 751 836 1751 672 1836 1672 1809
Route 49 : 625 581 376 1625 1376 678 1678 248 1248 316 1316 1581 867 1867
Route 50 : 790 926 1926 1790 27 372 857 1372 1027 1857 666 339 1666 1339
Route 51 : 856 521 1856 1521 954 184 1954 1184 753 766 1766 1753
Route 52 : 685 111 1685 1111 659 991 1659 164 468 1164 1991 1468
Route 53 : 291 964 325 1964 1291 1325 258 155 801 1155 1258 308 1801 476 1308 1476
Route 54 : 235 289 1235 242 294 1294 940 1242 846 1940 1289 718 1718 1846
Route 55 : 830 1830 298 1298 441 720 1441 1720 576 205 791 1576 1205 80 1791 1080
Route 56 : 430 602 1602 1430 989 1989 611 556 1611 176 1176 1556 346 1346
Route 57 : 301 57 936 1301 300 1057 1936 1300 182 996 1182 1996 357 1357
Route 58 : 387 163 800 1163 1387 580 1800 431 1580 314 1431 106 1314 1106
Route 59 : 383 232 1232 35 1383 290 85 1085 1290 688 1035 1688 499 162 280 1499 1162 1280
Route 60 : 814 1814 883 1883 94 639 1094 1639 745 306 1306 1745 704 1704
Route 61 : 323 613 1613 768 1323 716 1768 821 1716 309 17 1821 1017 1309
Route 62 : 866 1866 79 428 385 1079 1428 826 1826 589 1385 1589 140 906 1906 1140
Route 63 : 962 407 1407 792 1962 21 942 1792 1021 1942 876 514 1876 1514
Route 64 : 888 891 1891 1888 260 1260 574 172 379 1574 1172 572 1379 1572
Route 65 : 223 585 1223 1585 686 975 1686 477 1477 1975 592 1592
Route 66 : 490 610 1610 934 1490 65 948 1934 40 1948 1065 1040 935 1935
Route 67 : 464 1464 251 77 1251 1077 917 715 1917 849 1849 1715
Route 68 : 83 16 1083 1016 998 735 1998 584 1735 1584 873 484 1873 332 1484 1332
Route 69 : 939 89 1089 1939 55 714 1055 1714 234 304 1234 411 1304 1411
Route 70 : 110 519 373 1110 1519 595 100 1373 1595 905 1100 1905
Route 71 : 909 752 1909 1752 180 495 1495 193 201 1193 1180 903 1201 1903
Route 72 : 617 632 1617 102 1632 701 259 1102 1259 1701 559 1559
Route 73 : 141 1141 778 1778 798 1798 677 28 1028 1677 671 1671
Route 74 : 58 797 186 1058 1797 453 1186 1453 224 199 1224 22 1199 1022
Route 75 : 958 742 265 1958 1742 968 1265 860 1968 51 1051 1860
Route 76 : 145 642 1145 1642 628 1628 362 1362
Route 77 : 796 327 1796 1327 169 951 1169 1951 401 755 1401 612 1755 1612
Route 78 : 972 763 1972 1763 93 1093 278 684 881 1278 281 1684 1281 1881 818 1818
Route 79 : 342 1342 760 593 1760 489 209 1489 1209 426 985 1426 1985 1593
Route 80 : 596 1596 600 166 1166 1600 445 897 1445 452 851 1452 1897 1851
Route 81 : 6 95 128 1128 1095 530 1006 368 1530 148 1368 789 1148 1789
Route 82 : 1000 386 2000 15 1015 537 1386 1537 553 516 1516 1553
Route 83 : 134 470 1134 644 730 1470 1644 1730 817 349 1817 963 1349 1963
Route 84 : 637 1637 296 63 1296 508 202 1202 1063 522 1508 236 1236 1522
Route 85 : 839 1839 156 1156 67 1067 39 392 1392 104 1039 252 1104 1252
Route 86 : 555 254 1555 654 1254 1654 440 607 1440 503 1607 2 1503 1002
Route 87 : 149 747 1747 26 1149 360 1360 194 1194 367 1367 38 1026 1038
Route 88 : 109 1109 275 636 898 1636 473 1473 1898 1275
Route 89 : 955 868 525 1868 1525 601 1955 664 1664 802 1601 1802
Route 90 : 395 1395 4 405 1405 1004 724 1724 322 999 71 1322 388 1999 1388 1071
Route 91 : 419 643 1419 1643 683 217 1683 949 1217 505 1505 1949
Route 92 : 536 1536 663 266 1663 1266 914 615 1615 1914 864 1864 498 1498
Route 93 : 299 1299 82 1082 513 567 12 1567 1513 1012 272 658 1658 1272
Route 94 : 531 603 1531 579 1603 779 1779 1579 81 43 1081 582 1043 1582
Route 95 : 754 850 1754 1850 932 563 1563 1932 507 605 1507 1605 534 1534
Route 96 : 799 1799 264 872 571 1872 697 1697 1571 591 1591 681 1264 1681 729 1729
Route 97 : 862 215 1862 451 1451 31 1215 198 1031 214 1198 293 1214 1293
Route 98 : 750 211 1750 381 1381 1211 399 1399 502 1502 734 341 1734 773 1341 1773 827 1827
Route 99 : 583 995 1995 1583 320 378 1320 475 1378 127 1475 1127
Route 100 : 859 352 416 1416 1859 1352 976 279 570 1279 1976 377 1570 1377
Route 101 : 409 1409 647 696 921 1921 1696 1647 72 448 1448 1072 959 1959
Route 102 : 931 758 1758 1931 130 324 835 1835 1130 709 1709 1324 928 732 1928 1732
Route 103 : 126 185 1126 590 1185 144 1144 1590 203 249 393 1203 1249 1393
Route 104 : 435 345 1435 483 319 1483 1319 777 1345 103 1777 918 1918 1103
Route 105 : 981 770 1770 815 1815 1981 188 146 1146 1188 371 676 1371 1676
Route 106 : 978 73 1978 1073 488 288 1488 1288 886 829 1886 160 1829 348 1160 1348
Route 107 : 263 494 1263 244 1494 11 1244 153 1011 19 1153 1019
Route 108 : 540 919 1540 123 1123 420 1919 1420 573 943 1943 649 1573 1649
Route 109 : 634 953 1634 736 1953 1736 588 1588 75 241 1241 1075
Route 110 : 48 177 1048 1177 993 807 1807 515 417 1515 1417 1993 831 870 1870 1831
Route 111 : 930 916 1930 1916 619 37 1619 1037 465 413 1413 1465 847 694 1694 1847
Route 112 : 400 627 1400 1627 680 366 374 1680 1366 1374 226 787 1226 1787
Route 113 : 689 1689 759 157 1759 946 1157 414 1946 1414 239 1239 124 1124
Route 114 : 693 679 1679 558 1693 277 359 1359 1277 1558 785 884 1785 1884
Route 115 : 66 1066 105 858 1105 206 1858 210 1206 1210 253 284 1284 621 1253 1621
Route 116 : 937 1937 762 541 1762 1541 36 517 1036 623 61 1517 1623 1061
Route 117 : 500 967 1967 1500 321 548 1321 1548 650 861 1650 1861 5 1005
Route 118 : 84 794 1084 53 1794 1053 598 1598 646 1646 527 667 1527 1667
Route 119 : 466 620 1620 1466 113 1113 538 133 1133 911 1538 297 1911 1297
Route 120 : 952 1952 660 608 1660 894 1894 1608 168 434 1434 1168 336 1336
Route 121 : 706 1706 178 690 1178 1690 70 979 1070 1979 422 896 137 1422 1137 1896
Route 122 : 496 565 1496 56 805 1056 1805 7 1007 1565
Route 123 : 788 1788 233 832 1233 665 1832 68 1068 655 1665 1655
Route 124 : 764 86 92 1764 1092 1086 812 391 566 1812 950 1950 1391 1566
Route 125 : 132 1132 267 358 1267 575 1575 1358 945 711 1945 454 1454 1711
Route 126 : 599 1599 173 1173 908 725 1908 1725
Route 127 : 501 461 1501 622 1461 728 1622 225 1728 101 784 1101 1225 1784
Route 128 : 727 510 1727 669 652 1652 1510 1669 761 957 1957 1761 748 1748
Route 129 : 915 539 1915 1539 509 1509 333 1333 312 398 767 1312 1767 1398
Route 130 : 450 240 1450 899 1240 1899 311 1311 256 257 1256 1257 543 472 1543 1472
Route 131 : 139 1139 303 653 1303 698 1653 456 1698 64 1064 219 1456 1219
Route 132 : 737 616 1737 1616 427 925 44 1427 1044 927 25 1927 1025 1925
Route 133 : 302 561 1302 408 1561 990 823 1990 1408 1823 739 651 1739 1651
Route 134 : 772 765 842 1772 1765 638 1842 50 1638 820 1050 129 1820 1129
Route 135 : 406 74 1074 1406 506 552 523 1552 1523 1506 189 1189
Route 136 : 262 941 1262 433 1433 1941 702 656 902 1702 1902 1656 518 1518
Route 137 : 713 1713 142 853 1142 455 1853 404 1404 1455 695 326 1326 1695 394 1394
Route 138 : 811 318 1811 190 1318 1190 786 42 1042 274 1786 1274 138 1138
Route 139 : 631 175 1631 966 1175 1966 544 529 879 1529 1544 1879
Route 140 : 442 1442 982 1982 396 1396 471 245 594 1245 1594 1471
Route 141 : 480 1480 977 1977 577 848 1577 1848 597 88 1597 626 1088 1626 793 1793
Route 142 : 331 1331 604 1604 874 741 20 1020 535 1874 1741 546 1535 1546
Route 143 : 250 804 1804 1250 699 901 143 1143 1699 355 1355 1901 922 1922
Route 144 : 875 554 1875 994 1994 197 1554 712 1712 1197 276 910 1910 1276