Instance name : poa-n5000-2
Authors       : Dmitriy Demin, Mikhail Diakov (msd@veeroute.com), Ivan Ilin, Nikita Ivanov, Viacheslav Sokolov (vs@veeroute.com) et al. VRt Global (https://veeroute.com/)
Date          : 2023-04-24
Reference     : veeroute.com
Solution
Route 1 : 1776 4276 950 2192 4692 822 3450 1912 4412 273 3322 1272 1290 2773 3772 795 3295 2177 2029 4529 3790 285 4677 2394 2785 4894
Route 2 : 2164 855 3355 4664 316 460 2960 674 2816 2113 677 3177 2112 4613 3174 1383 1363 3883 3863 466 4612 1931 2966 2232 4732 72 2572 4431 432 723 3223 2932
Route 3 : 1407 486 3907 2294 483 650 4794 1289 2986 2983 2360 4860 132 3150 170 3789 652 2670 2446 3152 754 2632 2322 3254 1538 4946 4038 1856 1091 4356 3591 4822
Route 4 : 663 120 2620 3163 1212 1741 3712 2476 4241 1821 4321 104 4976 1210 2604 1801 3710 1364 3864 4301 732 1287 2269 3232 1222 4769 1258 3758 3722 3787
Route 5 : 1693 791 257 3291 2757 1517 1816 239 4017 4316 1568 2739 4193 2228 4068 895 4728 1932 1414 3395 4432 1747 1596 4247 3914 640 4096 3140 942 1887 4387 3442 1775 287 1182 4275 3682 2787
Route 6 : 165 41 2541 403 2665 2289 2051 2903 387 861 3361 2887 2263 4763 2448 4789 4551 2221 4721 1195 425 3695 4948 2925 1685 4185 612 39 2154 3112 2539 303 4654 2803
Route 7 : 605 388 2888 1273 3105 656 1029 3773 3156 835 1562 3529 3335 4062 361 2108 2861 4608 2305 2041 2482 4541 4982 2283 1109 4783 4805 3609
Route 8 : 1621 268 4121 458 1951 2768 4451 1680 2958 1885 4385 752 3252 1389 3889 4180 2455 515 3015 2267 1835 2196 4767 825 4696 3325 4335 4955
Route 9 : 1352 800 3300 2495 38 3852 2055 408 4995 2538 2908 4555 1307 1100 3807 3600 2425 1386 736 3236 3886 1845 4925 2460 4345 994 4960 3494
Route 10 : 2049 1871 4371 290 363 2790 419 2919 4549 2126 2863 4626 1468 2188 4688 2173 8 592 3968 846 2508 3346 1494 3092 4673 2155 3994 992 3492 547 1601 4101 2431 4655 4931 3047
Route 11 : 857 954 3454 1941 716 3357 3216 1683 4441 380 4183 348 2848 717 2880 981 5 3217 169 2669 2505 2245 452 2952 3481 1846 2479 4979 4346 4745
Route 12 : 35 2043 1082 4543 1527 3582 1525 2535 4027 4025 638 2097 3138 2054 4597 771 4554 1108 3271 3608 1196 690 3190 497 3696 988 567 2997 1710 3488 3067 4210
Route 13 : 141 2172 2197 4672 636 2641 355 806 4697 3136 2855 3306 1768 1570 4070 574 3074 879 1362 4268 3379 1670 1675 4170 4175 193 1322 3862 3822 600 2693 1174 692 3192 3674 3100
Route 14 : 1981 881 4481 1093 3381 3593 1457 2474 181 365 3957 4974 2865 1798 2681 967 3467 4298 1679 532 4179 3032 804 1347 338 3847 3304 1480 2838 2165 3980 4665
Route 15 : 1084 277 3584 2462 260 4962 2777 2760 1782 2074 4282 4574 1161 110 1017 3517 2436 4936 2610 3661 815 262 2762 3315 1293 1200 3700 3793
Route 16 : 2443 1803 1153 711 4303 3653 4943 1914 2227 4414 3211 2339 865 4839 1041 1650 3541 4727 1194 4150 1532 4032 1535 3365 1492 3694 3992 4035 1336 903 1369 3836 3403 3869 412 2912
Route 17 : 109 1639 2609 1754 529 2191 3029 4139 1470 4254 178 4691 794 3294 2678 3970 670 978 3478 814 3170 183 3314 2434 4934 2683 858 885 3385 3358
Route 18 : 2323 2463 4823 1933 2111 1555 4055 4963 2162 4433 1114 1576 4662 4611 809 4076 745 3245 920 2416 3614 3309 1778 3420 1923 4916 4278 2195 4423 4695
Route 19 : 693 1497 3997 1752 3193 435 4252 1329 3829 1834 4334 137 2935 2637 245 1737 2745 1442 1999 4237 2114 4499 3942 4614 1853 4353 944 1337 1817 3837 1045 4317 3444 3545
Route 20 : 1822 26 1767 2526 1645 4322 4267 4145 1814 45 4314 1764 2545 4264 842 518 1443 3018 3943 3342 1413 1449 3913 3949 339 680 2839 3180
Route 21 : 778 1445 3945 301 2801 3278 1380 1168 3668 2198 3880 4698 2335 1372 4835 394 1023 3523 3872 1416 188 2688 146 2894 1825 2646 878 3916 4325 1793 219 2719 4293 3378
Route 22 : 897 1873 4373 1978 3397 1922 1898 4422 1786 4398 1580 4286 4478 4080 353 2465 1890 2853 4965 576 3076 4390 1823 1613 4323 210 2710 782 4113 850 3282 887 3350 643 3387 3143
Route 23 : 889 213 135 3389 2635 2713 530 1448 1686 3948 4186 3030 1990 2243 4490 95 2237 1281 4737 4743 3781 805 2595 83 1819 2583 859 3359 4319 1359 785 3859 1514 3305 3285 4014
Route 24 : 1954 4454 2199 1757 2211 4257 1831 4699 256 4711 4331 1739 2756 2042 2159 4659 4542 4239 191 118 2691 953 3453 1086 2618 367 2867 3586
Route 25 : 1053 1651 4151 2147 3553 2005 4505 1344 922 4647 2201 4701 801 3422 3301 1010 2137 3844 1779 3510 578 4637 4279 3078 298 1515 65 4015 740 2798 3240 2268 2565 848 4768 3348
Route 26 : 115 473 2615 93 2973 1674 2593 893 4174 843 3343 1721 3393 960 3460 231 4221 2731 741 150 2650 447 3241 2255 2175 2947 85 2585 4755 2427 4675 4927
Route 27 : 2189 1994 792 2047 4689 4494 816 3292 267 4547 2767 3316 91 977 1349 3849 2591 3477 1904 1590 4404 4090 1573 720 844 3344 4073 2142 3220 1925 4642 4425
Route 28 : 1059 2298 1762 4262 3559 377 2877 1714 103 4798 4214 2603 2398 46 4898 229 2546 2391 4891 572 3072 2271 2729 1486 4771 3986 558 1748 1251 4248 3058 1790 3751 4290
Route 29 : 1998 1742 1493 4498 2033 4242 3993 1973 4533 265 2765 504 1634 4473 3004 2087 4587 368 2208 4708 2392 4134 1869 4892 956 479 3456 4369 1605 4105 2868 2979 17 2517
Route 30 : 682 899 3399 1771 4271 3182 2420 608 4920 3108 1081 1673 4173 3581 703 199 841 2699 3341 1373 3203 980 3873 760 272 3480 1865 2772 3260 1581 4081 4365
Route 31 : 392 501 2892 516 3001 2170 3016 927 1531 4031 3427 1149 4670 3649 1187 204 3687 1163 1523 4023 3663 2704 1264 764 3264 3764 468 345 2968 2845
Route 32 : 705 1079 3205 1342 3579 965 620 3120 3465 312 3842 747 2812 175 3247 1151 2675 2406 681 4906 3651 3181 1513 4013 824 3324 625 395 1847 3125 1052 4347 3552 2895
Route 33 : 1205 1321 2424 4924 3821 3 546 2456 3046 1066 3705 4956 3566 783 2503 1308 3283 1317 3808 281 3817 1436 2781 1473 3936 2118 3973 641 4618 3141 1001 3501
Route 34 : 1057 1495 3557 1905 414 3995 4405 2914 2413 424 1787 244 4287 2924 326 2744 4913 1058 2826 3558 488 160 2988 1863 2660 2225 4363 632 16 3132 463 2516 2963 4725
Route 35 : 2057 1230 4557 3730 1461 216 3961 1836 4336 2716 1341 3841 623 1427 203 3927 765 3123 2703 1159 3265 1282 3659 1366 3866 730 3230 1725 3782 206 2706 4225
Route 36 : 101 1345 2601 3845 2487 227 2727 1242 4987 3742 2244 1398 3898 2048 325 4744 364 790 2864 1245 3290 3745 2329 2825 4829 1016 4548 1901 3516 1037 3537 4401
Route 37 : 1630 1088 4130 571 3588 3071 295 158 812 2658 3312 1152 2795 1591 3652 2370 4091 1254 3754 2185 4870 1190 3690 427 2299 4799 4685 2927
Route 38 : 888 941 3388 837 3441 1705 3337 405 4205 669 2905 230 3169 1717 2730 2145 4217 1876 4376 1217 3717 186 2686 2332 2400 4645 2129 727 4900 4832 1864 3227 1598 4629 4098 4364
Route 39 : 2452 40 2540 1780 4952 1505 4280 649 4005 2295 4795 2292 4792 1647 3149 1548 4147 4048 573 1141 1649 3073 1422 3922 2012 4512 2144 4149 1986 3641 788 3288 729 4486 4644 3229
Route 40 : 1400 1458 196 3958 2003 3900 1888 2421 4388 786 2696 4503 1496 3286 3996 1723 4921 291 2791 580 4223 3080 2015 1916 1711 4211 4416 4515 163 1472 3972 1471 2663 2473 4973 3971
Route 41 : 1619 1437 4119 113 250 3937 594 2613 2750 3094 1406 314 3906 1635 4135 2814 618 989 1755 4255 3489 3118 2046 2375 4546 4875 2161 890 4661 3390 1964 1122 3622 4464
Route 42 : 43 484 2543 912 2984 3412 1759 1862 4362 4259 1385 3885 1658 2069 4158 1699 1518 4569 4199 4018 1256 282 3756 1274 3774 2480 863 3363 1602 4980 1343 4102 220 2782 2720 3843
Route 43 : 1126 84 2090 2584 3626 422 2922 2378 4590 133 4878 1026 3526 1811 4311 2633 1500 2451 4000 1382 4951 1611 1522 3882 4111 1315 3815 1728 4022 318 4228 2818 1662 902 4162 3402
Route 44 : 1657 1707 1139 4157 1626 3639 1769 4269 4207 320 4126 1760 4260 2820 1098 156 1116 2656 1370 3598 1000 722 3500 1855 3616 1234 3734 570 3222 4355 3870 340 258 2840 1482 3070 2758 335 3982 2835
Route 45 : 1361 3861 2387 2017 1765 4265 4517 4887 1265 1103 3765 1943 3603 1074 4443 2308 3574 644 1003 1224 4808 3724 409 3503 3144 2115 2909 2359 4615 396 2352 4859 179 4852 2679 2896
Route 46 : 671 2131 3171 153 4631 1832 2467 2653 376 2876 4967 1628 1808 4332 4128 4308 923 2433 4933 2410 2426 3423 4910 4926 1440 1202 3940 3702
Route 47 : 2025 375 4525 2875 2034 719 3219 2193 4534 4693 442 1563 187 2942 271 2771 4063 598 2687 1828 3098 1388 59 4328 3888 1872 780 2559 3280 1636 4372 4136
Route 48 : 445 2338 2216 2945 4716 1150 932 3432 4838 3650 2409 834 969 3469 4909 3334 1659 1365 3865 4159 1270 1676 4176 3770
Route 49 : 108 2608 1140 2103 1561 3640 4603 4061 1781 1186 569 4281 2235 1936 3069 4735 116 2616 2248 3686 4436 2454 4748 1854 4954 1583 4354 4083 918 676 3176 3418
Route 50 : 29 2529 1055 3555 1968 1390 4468 1678 1524 4024 3890 1324 3824 1487 934 3434 4178 2094 2358 4858 71 4594 1955 2571 4455 1896 2171 3987 838 4671 3338 602 4396 3102
Route 51 : 1215 514 3715 3014 1276 201 1539 4039 3776 1310 3810 1198 429 2701 947 3698 3447 2929 1795 4295 1738 1338 3838 485 1043 2985 4238 31 1111 3543 3611 945 1566 4066 2531 3445
Route 52 : 796 3296 1305 1048 379 2879 3805 1859 1033 3548 1965 3533 4359 1326 4465 366 2866 3826 2395 117 4895 2301 2617 1844 4801 577 1967 4467 4344 1960 3077 397 4460 2897
Route 53 : 1316 192 3816 1722 2692 2319 4222 1993 4819 1379 1155 4493 3879 3655 1889 2217 4717 136 4389 278 2351 2636 2778 4851 709 1541 1050 4041 726 609 3109 3226 3550 3209
Route 54 : 27 1232 3732 274 2527 2774 665 1671 3165 1944 4171 4444 1368 1424 3868 3924 1902 2390 698 3198 4890 2389 4402 7 310 2810 1417 3917 4889 317 2429 2507 1701 4929 4201 1544 2817 4044 1301 3801
Route 55 : 1958 2481 4981 1286 4458 443 3786 2943 128 1002 402 1766 2628 1403 4266 3903 1959 3502 4459 362 2902 134 2634 1447 1173 3947 2445 3673 2320 2862 2120 4620 4820 255 2755 4945
Route 56 : 1982 2326 733 1603 4103 2411 4482 3233 4826 4911 2156 657 123 2623 2204 3157 4656 1462 1508 4008 4704 1868 3962 2140 2444 4640 4944 2252 4368 639 3139 1285 3785 4752
Route 57 : 1401 3901 2200 2491 4700 441 4991 2941 2220 2224 1042 1113 3613 4724 3542 4720 2123 1805 4305 4623 1750 1099 3599 2307 4807 1283 4250 1255 3755 1952 1357 4452 3857 3783
Route 58 : 1456 1609 4109 3956 1731 18 4231 99 212 2518 2712 2130 215 2599 2366 2715 4630 2459 4866 4959 1985 2302 4802 4485
Route 59 : 1773 354 2854 1929 4273 872 30 2530 3372 4429 1813 2403 2266 4903 2336 4313 4836 1121 1094 4766 3621 3594 76 1024 1919 3524 2576 4419 737 3237
Route 60 : 2106 1852 4606 2254 4754 4352 915 921 3415 588 3421 3088 370 1736 2438 2870 1726 4236 4226 1278 1812 3778 4312 2116 4938 607 2032 3107 4532 4616
Route 61 : 1640 2213 4140 4713 1303 1646 3803 4146 2122 1753 4622 4253 78 1848 2056 4348 2578 4556 769 53 1166 3269 2553 653 3666 3153
Route 62 : 1330 2013 2030 4513 3830 4530 2365 2396 4865 1216 3716 22 4896 1409 3909 968 2522 991 3491 3468 249 184 1648 2749 4148 2684
Route 63 : 1554 121 4054 2621 351 2009 4509 2314 2851 4814 1574 2348 4848 4074 701 384 3201 1241 3741 2884 666 308 2808 3166 1377 1820 4320 3877 1240 352 3740 2852
Route 64 : 436 1546 706 2936 315 1810 2815 2133 4310 4633 4046 3206 1334 1617 4117 3834 1966 4466 2296 1356 1501 3856 1279 4001 3779 4796
Route 65 : 2262 2279 4762 2124 4779 4624 963 817 3463 3317 246 63 2563 2277 2361 2746 4861 4777 2419 4919 154 50 240 2550 2654 2128 4628 591 3091 2740 1454 359 23 3954 2859 2523
Route 66 : 1453 586 1204 3704 3953 401 2287 3086 2901 1223 4787 173 1346 3846 2673 2060 3723 575 2346 4560 3075 4846 1903 2109 4609 4403 2061 1137 3637 4561
Route 67 : 803 1157 3303 1909 3657 2016 4409 383 4516 495 2883 1696 127 2995 4196 2259 4759 410 2627 2910 1019 1257 3757 3519 19 1802 2519 2011 4302 4511
Route 68 : 100 2153 4653 2372 2600 2478 4872 2291 4978 883 4791 3383 2178 821 4678 1288 3788 1021 3321 2246 1653 4746 4153 884 2190 3521 3384 60 1135 2560 3635 4690
Route 69 : 684 2076 3184 1028 4576 2300 3528 4800 2092 1940 4592 4440 2067 147 4567 2183 1172 2647 4683 1110 1489 3989 525 3025 959 3459 3610 1311 3672 987 1584 3487 3811 4084
Route 70 : 545 500 3000 1236 3045 3736 1727 1475 661 4227 1340 1948 3840 3975 3161 1733 453 4448 4233 470 1713 4213 1884 2970 2953 1488 3988 4384 1381 1124 1450 3881 3950 247 2747 3624
Route 71 : 2121 1095 1119 3619 691 3191 1123 3595 2037 3623 4621 4537 1688 456 1268 704 4188 2096 3768 4596 2207 3204 2241 4741 4707 1843 2956 1420 766 3920 4343 14 819 3319 2249 2514 2469 4749 3266 4969
Route 72 : 1652 1036 744 4152 3536 2072 1849 4349 1169 4572 2278 3669 3244 1219 4778 1034 3534 2264 4764 3719 1877 2310 4810 1975 4377 1625 98 4125 2598 4475
Route 73 : 1038 3538 1218 431 3718 928 931 3428 2039 2931 3431 4539 1025 658 3158 202 3525 294 2702 830 3330 1829 4329 2794 2334 2399 4834 2038 1351 3851 4899 4538
Route 74 : 1498 3998 1589 2203 4703 962 4089 234 49 2549 2125 2734 1560 4625 2485 3462 4060 194 651 4985 3151 2694 1774 207 4274 1588 2707 2457 4957 2078 4088 4578
Route 75 : 721 1423 3221 3923 1213 2160 32 2532 3713 4660 2382 1425 3925 1096 3596 4882 667 1438 55 3167 2555 3938 283 543 1582 4082 544 242 3043 386 2783 2742 995 3044 2886 3495
Route 76 : 582 1595 3082 1271 1294 3771 4095 2401 3794 617 4901 253 3117 1007 218 2718 2753 973 2068 3507 3473 1547 1032 4568 12 3532 4047 157 554 2512 1572 3054 2657 4072
Route 77 : 152 1434 2002 2652 3934 4502 1644 4144 478 1154 1300 3654 3800 2978 1426 172 2672 1796 4296 1732 1128 3628 3926 4232 2333 222 4833 1181 3681 2722
Route 78 : 2210 1176 3676 2168 1974 4710 4668 1880 4474 1193 3693 4380 513 635 2369 3013 3135 1927 4869 2242 1266 4427 3766 1509 4742 4009
Route 79 : 2315 1624 4124 521 4815 1983 3021 2282 4782 2297 4483 2324 2379 4824 4879 2001 88 1957 2588 2383 4797 4883 1893 4457 4501 2342 4393 2422 4842 4922
Route 80 : 87 2587 534 939 289 2789 3034 131 474 3439 2631 2974 1540 1643 904 4040 4143 2058 4558 2496 3404 1784 688 4284 2008 4996 4508 1292 683 3792 662 3188 1892 3183 4392 3162
Route 81 : 555 307 1231 3731 1720 3055 4220 2807 1663 773 3273 4163 67 1332 2567 2082 2260 3832 1479 4582 209 4760 2136 4636 3979 2354 4854 2709 2215 1178 1593 3678 4093 2286 4715 4786
Route 82 : 2231 4731 619 911 1040 3119 1669 3540 3411 876 3376 4169 1014 81 3514 1318 1516 3818 1712 2581 4016 2475 4212 4975 679 997 3179 3497
Route 83 : 297 849 2004 2797 624 3349 2251 3124 4504 44 4751 867 1328 3367 907 2544 3828 1992 3407 2151 4651 4492 251 1612 4112 1430 3930 2499 1607 2751 2362 4862 4107 4999
Route 84 : 540 1354 3040 979 3854 1661 2006 4506 3479 4161 1451 1664 1788 4164 2447 4288 3951 4947 321 2821 1809 1463 761 448 211 2711 3963 2948 4309 3261
Route 85 : 1374 332 695 3195 3874 1384 3884 2036 2832 949 4536 1976 1358 505 3858 4476 438 3449 2938 637 3137 955 3455 2417 3005 756 3256 4917 1537 2059 4559 1485 1578 4078 3985 2349 4037 4849
Route 86 : 1106 642 3606 13 2513 1209 2205 3709 3142 2423 1687 4923 4705 1446 4187 1656 4156 292 349 2849 2792 3946 1452 454 3952 2288 596 2954 1177 3096 4788 3677
Route 87 : 1963 418 4463 444 2918 328 2828 1376 3876 2944 909 1269 3769 1136 948 3636 3448 548 3409 421 2921 561 3048 1837 3061 2439 4337 2080 1185 1291 4939 4580 3685 3791 1263 28 3763 2528
Route 88 : 1259 936 3436 3759 2276 2079 4776 2158 2350 4850 4579 1092 1207 4658 1908 2470 3707 4970 214 2714 3592 763 3263 1097 3597 1404 4408 1327 1162 3662 2182 3827 3904 4682
Route 89 : 827 2472 4972 2018 3327 4518 2149 1668 4649 2257 4168 58 4757 2558 1339 313 925 2813 3839 3425 526 2461 4961 3026 2081 1297 4581 3797
Route 90 : 1921 382 4421 938 477 2977 3438 2882 1874 943 1015 4374 3443 3515 1926 4426 2435 1913 4413 393 2893 64 4935 2564 208 224 1886 2724 2708 4386 856 373 2873 3356
Route 91 : 472 1681 1302 4181 2972 1392 3802 2138 4638 813 851 3892 1261 3313 6 2506 3351 1691 739 68 4191 3761 159 3239 2353 2568 2486 4853 2023 2659 4986 4523
Route 92 : 1160 1247 2219 3747 4719 3660 2132 4632 1698 1073 4198 1027 3573 1132 3527 280 3632 241 270 2741 2770 1730 4230 2321 2780 97 1208 4821 1459 2597 3959 746 579 3079 3708 3246 25 2525
Route 93 : 1395 2095 1770 4595 1870 2428 4270 2284 4928 4784 4370 2328 629 3895 2330 4830 1469 4828 914 3414 3129 509 3969 933 3433 400 2900 1654 4154 3009 1277 626 3126 171 2671 3777
Route 94 : 1275 864 3775 3364 288 990 2788 875 3490 590 3375 2464 3090 4964 1158 1511 3658 1558 4011 2093 4593 1133 1557 4058 758 3633 710 2026 4526 3258 4057 3210 847 457 3347 2957
Route 95 : 309 1745 2809 527 385 3027 2885 1484 4245 1716 3984 1783 1115 3615 4216 4283 89 1980 2589 4480 1433 1047 198 3933 1078 3578 2135 4635 2698 130 1063 707 3563 2630 3207 3547 1312 3812
Route 96 : 1054 560 3554 3060 1984 983 1569 4069 3483 1881 47 4484 4381 2044 1051 3551 1056 1638 2547 4544 627 3556 1415 3915 3127 4138 2442 755 4942 1879 4379 3255 2405 4905
Route 97 : 439 2939 1280 275 886 3780 2775 917 3386 304 493 3417 2804 2163 2993 4663 1145 1604 4104 510 3010 3645 1378 1076 462 3576 3878 2962
Route 98 : 896 964 3396 3464 675 731 3175 1996 3231 1690 142 4496 2101 4190 1226 2642 2494 4601 3726 702 62 1506 4994 1397 2562 3897 2484 2105 4605 4006 1199 3202 4984 3699
Route 99 : 2290 1031 4790 455 331 2831 75 2955 2575 248 3531 1087 2748 2 3587 330 2502 1260 3760 2830 1221 459 3721 2959 595 1724 3095 538 4224 1620 4120 494 2316 2285 4816 2994 3038 4785
Route 100 : 1997 984 4497 1934 4434 1703 2275 3484 4203 2179 4775 1642 4679 430 2280 4780 4142 2930 974 33 3474 1565 1331 4065 3831 1838 1412 2533 2272 4772 1147 4338 1553 4053 3647 3912
Route 101 : 583 423 678 3178 1090 3590 2127 4627 2923 2453 3083 2141 2386 4953 1170 1476 4641 3976 164 4886 913 3670 1924 2664 4424 3413 2318 2052 4552 1946 4446 1631 4818 4131
Route 102 : 714 1633 1839 4339 1744 4133 3214 655 4244 465 1608 2965 4108 647 3155 1615 4115 261 1917 4417 1134 3634 1962 2761 3147 2347 1915 4462 4847 4415 449 2949
Route 103 : 2449 1947 1970 4447 4949 2000 4470 728 3228 155 4500 986 3486 603 869 2148 3103 4648 2655 1410 343 69 3369 520 3910 2341 2569 2843 4841 3020 832 751 1227 3251 3727 3332
Route 104 : 826 1483 417 2917 3326 2253 4753 1550 1201 3983 2139 4050 3701 654 894 4639 3154 1335 305 3394 1972 2805 1672 3835 2091 4472 4172 4591
Route 105 : 322 831 870 2822 413 3331 114 2913 1248 2614 3748 2490 2218 3370 4718 182 4990 2682 2393 1824 4893 1180 3680 90 1789 4324 940 3440 2418 2590 4918 4289 882 3382
Route 106 : 1075 2089 4589 3575 1350 542 3850 2408 2152 3042 1333 4652 143 3833 2150 2643 4650 1528 4908 1930 4028 77 4430 2050 1320 3820 461 4550 2577 2340 4840 2961
Route 107 : 777 686 3186 551 584 490 1503 3084 2990 3051 3277 2384 4003 2157 1035 4657 1005 3505 3535 4884 1465 411 2911 177 3965 1988 2677 4488 610 79 853 3110 3353 70 2579 2570
Route 108 : 880 1120 3380 3620 1203 2274 3703 1183 3683 634 4774 3134 37 531 2537 2035 1530 223 4535 3031 92 4030 2723 562 3062 919 2592 1435 2258 3935 3419 4758
Route 109 : 2483 873 4983 718 3373 1250 926 3750 1826 3426 3218 176 2020 4520 4326 2373 593 4873 2676 264 1987 3093 4487 2053 1477 507 3977 3007 2764 2233 4553 174 1867 4733 4367 2674
Route 110 : 2134 2317 1900 284 4634 2784 4817 1749 4249 106 4400 34 628 2606 566 2534 633 3128 1623 2064 3133 4123 2414 4914 937 4564 3066 1556 549 3437 3049 1827 4056 775 3275 4327 74 1542 2574 4042
Route 111 : 1552 2327 4052 4827 1695 358 266 4195 2858 2766 42 329 2829 2542 1961 799 3299 1044 4461 434 2934 798 2062 3544 3298 2412 148 4912 2648 4562
Route 112 : 372 2493 2872 111 4993 784 1237 2611 1616 3284 3737 1622 4116 1594 471 4122 2971 233 4094 2355 2733 1953 2065 4453 1062 4855 3562 52 2552 4565
Route 113 : 180 1606 2680 2085 4106 138 2638 1009 1507 228 852 4007 4585 2728 3509 659 3352 1704 759 3159 4204 189 3259 2689 1393 378 489 2878 2989 3893 467 523 556 3056 668 3023 3168 2967
Route 114 : 1171 946 1225 3446 346 3671 2304 1618 4804 3725 1192 4118 3692 1543 1571 2846 2102 4071 4602 4043 2167 492 2261 4667 1353 2992 4761 61 1911 3853 2561 823 4411 818 645 3323 3145 3318
Route 115 : 1018 828 3328 369 2869 1521 3518 1008 4021 221 708 2721 2377 1977 3208 4877 1460 225 3508 3960 235 901 2735 1144 3401 1718 4218 2725 3644 2356 4856 381 4477 167 2881 537 3037 2667
Route 116 : 1667 1428 2306 4806 3928 4167 2368 476 4868 2976 1064 1191 3691 3564 1772 107 4272 296 2607 611 1708 2796 406 2906 3111 2309 4208 4809
Route 117 : 699 3199 2010 496 4510 2996 300 480 2800 802 2980 1077 3577 845 910 3302 1799 3345 2281 2176 4299 4781 3410 2344 4676 2273 2458 4773 342 2842 4958 4844
Route 118 : 2397 1899 2440 4897 4940 2303 793 4803 4399 2345 3293 972 776 3276 2028 4845 3472 4528 1020 48 3520 2066 1850 2548 517 4566 4350 3017 1117 762 3262 725 3617 3225
Route 119 : 898 1013 1575 1942 3398 4075 4442 1989 3513 787 4489 1637 4137 3287 820 139 3320 1682 4182 563 2639 3063 451 1735 2951 4235 2500 2367 200 2700 4867 5000 1502 4002
Route 120 : 673 1702 689 2364 4202 4864 743 1641 3243 3173 3189 2169 587 4669 3087 4141 1399 3899 1979 2031 2337 4479 4837 4531 2021 2363 862 4521 4863 3362 715 3215
Route 121 : 1751 2063 4251 1577 4077 4563 1818 4318 263 398 2898 236 2736 2763 2374 1860 951 4360 3451 4874 1004 491 333 2833 2404 4904 2991 3504
Route 122 : 2312 1348 3848 1313 1065 3813 4812 511 648 3011 1991 3148 664 4491 119 2619 3164 166 3565 797 3297 1949 2666 1118 1 2501 3618 4449
Route 123 : 1060 1533 252 3560 1478 2752 4033 2388 3978 2415 4888 1112 712 3612 11 4915 2511 2088 3212 4588 344 371 2844 1197 3697 2871 416 226 1689 2916 1253 2726 4189 3753
Route 124 : 685 1148 3648 1355 3855 1252 3185 2293 1130 4793 2180 3752 4680 3630 2098 2100 4598 4600 1627 1758 4258 749 4127 2325 4825 1549 3249 433 630 2933 4049 149 2649 3130
Route 125 : 1085 1299 3585 1156 877 3656 3799 1666 3377 4166 2371 1971 614 3114 4471 4871 217 2717 891 1579 2489 4079 2230 3391 4989 4730 2071 2146 757 4571 4646 3257
Route 126 : 738 1179 1660 3679 1684 4160 3238 1891 4184 2239 4391 606 4739 57 3106 1906 162 2557 4406 2194 2662 2380 404 4694 1067 3567 2904 1791 1220 3720 4291 4880
Route 127 : 1833 871 4333 999 3499 2466 4966 2045 3371 4545 811 237 3311 900 2737 3400 1520 4020 1375 475 2975 279 2779 3875 2202 4702 1842 1319 528 3819 4342 3028
Route 128 : 767 3267 2492 73 1069 4992 3569 585 2573 1206 3706 2075 3085 2226 1238 4575 4726 3738 1610 966 4110 581 3466 1233 970 3081 254 3733 1939 3470 4439 1746 2754 4246
Route 129 : 860 1419 713 3360 854 3919 286 3213 2786 3354 1804 1387 4304 2437 1296 3887 1894 3796 10 1935 2510 4394 4937 2498 982 1969 4998 3482 4435 779 3279 4469
Route 130 : 1467 20 3967 2520 2070 4570 195 1910 4410 2695 1432 2357 3932 1597 4857 4097 1950 1068 1371 3871 1729 4450 3568 2247 1841 4229 4747 4341
Route 131 : 2311 601 3101 1080 4811 1444 3580 502 105 3002 892 3944 1629 2605 1011 3511 323 3392 2823 2265 1938 905 4129 2236 4765 4736 4438 3405 469 1464 3964 446 2969 66 2946 2566
Route 132 : 2077 697 4577 536 3197 357 3036 985 1858 2857 1677 4358 4177 958 1599 3485 4099 3458 2174 197 559 2697 420 3059 1866 2920 4674 334 924 2270 4770 3424 2834 4366 1391 3891
Route 133 : 1815 86 789 3289 2586 1761 552 4315 1228 4261 1314 3728 2143 4643 3814 3052 597 428 3097 259 1794 2928 1792 930 4294 1049 3430 3549 2759 1323 4292 3823
Route 134 : 1797 415 4297 1851 4351 302 2915 748 2802 1587 3248 1777 4277 4087 874 82 3374 54 2582 2441 4941 293 2554 1694 2793 2432 145 2645 4932 4194
Route 135 : 2119 952 906 3452 1586 4619 1089 4086 389 3406 660 2889 2086 3160 3589 4586 512 374 481 3012 2981 604 2874 426 3104 1491 564 2926 1143 3643 3064 1956 3991 535 3035 1235 4456 3735
Route 136 : 774 672 407 3172 696 2907 3274 724 185 2685 360 3224 1367 2860 734 3196 3234 1127 3627 3867 1165 1564 3665 4064 541 1861 3041 1325 1418 3825 1614 4361 3918 519 3019 4114
Route 137 : 1439 976 3476 3939 2497 1421 4997 243 3921 908 622 3122 2222 2743 2250 4722 3408 935 319 2819 3435 1474 4750 2040 4540 3974 810 735 1284 3310 3784 3235
Route 138 : 2110 1545 4610 1600 4045 499 4100 2181 2999 151 524 4681 390 2651 961 1706 3024 2890 4206 508 3461 299 1306 3008 1402 2799 311 2811 1763 808 971 3471 3806 3308 3902 4263
Route 139 : 1857 1030 1807 4307 3530 2186 4357 2024 4686 2214 4714 1499 3999 4524 1559 1298 3798 1142 4059 768 1360 3268 3642 599 1928 4428 1455 3099 3860 3955 1211 3711
Route 140 : 205 337 2837 996 2705 2027 3496 1129 4527 3629 1504 1529 1189 4004 1138 3638 1995 4029 3689 4495 2343 122 124 4843 2212 4712 56 2624 2556 1071 2622 3571
Route 141 : 565 1408 1806 3065 3908 1510 4306 2256 4756 2385 4010 80 772 2580 753 4885 3253 1107 3272 1585 3607 2376 168 2668 4876 1878 4085 269 464 4378 2769 2964
Route 142 : 2238 1012 4738 1945 1304 4445 2313 3512 3804 356 2187 4813 4687 1709 2856 2099 4599 4209 589 1567 3089 2430 4930 144 1267 4067 2644 1396 3767 3896 1519 2019 4519 4019
Route 143 : 868 1411 125 3368 1632 3911 2625 4132 1655 1692 1526 2488 4155 2014 4192 4026 4514 4988 770 522 3270 1394 3022 190 3894 836 3336 112 2612 2690 929 840 4 3429 3340 2504
Route 144 : 161 1536 1429 2661 4036 1244 3929 1937 3744 4437 2381 993 4881 1785 3493 4285 621 750 3121 3250 568 839 3068 2007 3339 4507 1262 503 3003 3762 2117 4617
Route 145 : 391 1214 2891 1700 539 3039 4200 1895 1083 1309 3714 1800 3583 4300 3809 1229 4395 1897 4397 550 2104 3050 3729 2229 4604 21 2402 4729 2521 4902
Route 146 : 324 2824 781 1830 4330 3281 1907 4407 1719 616 2468 4968 3116 4219 232 613 2732 1146 866 3113 3646 487 3366 1125 615 3625 3115 553 2987 3053
Route 147 : 533 1534 1697 1131 3033 4197 4034 9 1175 3675 3631 1740 4240 2509 1022 1188 341 3688 3522 1006 482 3506 2982 2841 2407 687 694 3194 1061 3187 4907 1039 3561 3539
Route 148 : 1466 1239 2166 1105 4666 3966 2477 3605 1243 4977 2084 3739 3743 742 3242 327 4584 2827 126 2626 1167 646 807 3667 3146 833 3307 1431 36 3333 3931 506 2536 350 2850 3006
Route 149 : 1104 1164 1072 3664 3604 1756 4256 2209 3572 1918 4709 4418 1046 2331 3546 4831 276 437 2776 2022 2937 336 2836 140 4522 975 2640 3475 829 3329
Route 150 : 1840 1743 4340 4243 916 2471 3416 1490 4971 3990 1715 1551 1405 4215 1592 4051 3905 129 1070 440 2629 4092 24 3570 2940 1246 2184 2524 3746 4684 1882 2450 4382 2223 4723 4950
Route 151 : 1295 399 998 3795 1249 2899 957 1102 3457 2107 3602 3749 1184 3498 2083 4607 3684 4583 51 306 102 2551 498 2806 2998 1101 2602 557 15 3601 450 2515 3057 2950
Route 152 : 1883 1920 4383 4420 1875 1441 700 4375 3200 3941 1665 2240 4165 94 2594 4740 2073 96 2596 347 1734 1481 4573 4234 2847 1512 4012 631 3981 238 2234 2206 4734 3131 4706 2738