Instance name : poa-n2500-1
Authors       : Dmitriy Demin, Mikhail Diakov (msd@veeroute.com), Ivan Ilin, Nikita Ivanov, Viacheslav Sokolov (vs@veeroute.com) et al. VRt Global (https://veeroute.com/)
Date          : 2023-04-18
Reference     : veeroute.com
Solution
Route 1 : 1042 653 1903 2292 753 161 2003 1411
Route 2 : 41 123 1242 1291 1373 2492 865 2115
Route 3 : 696 864 258 2114 1946 1508 1248 2498
Route 4 : 128 152 1378 1084 1402 2334 596 1846
Route 5 : 888 73 547 497 2138 1323 1797 1747
Route 6 : 957 306 706 2207 1556 1053 2303 1956
Route 7 : 780 1139 2030 84 676 2389 1926 1334
Route 8 : 811 2061 111 91 1361 1120 1341 544 2370 1794
Route 9 : 616 1866 657 991 1907 1021 2241 2271
Route 10 : 613 64 493 1863 1314 1743 1113 2363
Route 11 : 1003 2253 1223 2473 472 763 2013 1722
Route 12 : 1244 1100 2350 208 1458 2494 1164 2414
Route 13 : 602 431 498 1852 1681 1245 1748 2495
Route 14 : 637 1887 402 39 1652 965 2215 1289
Route 15 : 496 457 1707 1023 1746 502 2273 1752
Route 16 : 35 980 2230 381 894 1285 1631 2144
Route 17 : 380 1027 2277 533 1783 1134 1630 2384
Route 18 : 364 1108 1614 812 2062 1002 2358 2252
Route 19 : 283 772 126 2022 1533 70 564 1376 1320 1814
Route 20 : 768 333 930 1583 2018 1017 2267 2180
Route 21 : 359 825 1609 2075 1194 1163 2413 2444
Route 22 : 915 2165 638 704 1888 376 1954 1626
Route 23 : 981 1018 1140 2231 2268 2390 959 693 2209 1943
Route 24 : 700 869 1950 2119 1185 512 2435 1762
Route 25 : 523 686 1773 850 1936 911 2100 2161
Route 26 : 1069 775 2319 2025 996 594 1844 2246
Route 27 : 1030 1082 2280 1161 2332 508 2411 1758
Route 28 : 540 1078 1790 345 28 2328 454 1595 1704 1278
Route 29 : 1081 144 752 2331 1394 624 2002 1874
Route 30 : 27 829 209 1459 179 1277 2079 1429
Route 31 : 1221 2471 548 1798 577 82 1332 1040 1827 2290
Route 32 : 522 774 1214 978 1772 2024 2228 2464
Route 33 : 1239 1159 604 2409 1854 2489
Route 34 : 1142 413 732 2392 1982 18 1663 1268
Route 35 : 954 520 241 1491 587 2204 1770 1837
Route 36 : 1074 211 1461 71 2324 253 1503 1321
Route 37 : 1092 87 559 1809 591 1337 2342 1841
Route 38 : 1180 428 2430 1678 227 764 1477 2014
Route 39 : 4 298 1254 1548 199 46 1296 1203 2453 1449
Route 40 : 899 1198 2149 1215 2465 2448
Route 41 : 648 1216 1063 2466 659 1898 776 2313 1909 2026
Route 42 : 244 1494 183 729 592 1979 1433 1842
Route 43 : 621 1083 2333 576 1871 597 730 1847 1980 1826
Route 44 : 238 297 1488 955 1547 471 2205 1721
Route 45 : 663 907 1913 2157 423 783 1673 2033
Route 46 : 690 167 1058 1417 2308 1940 74 605 1324 1855
Route 47 : 778 762 2028 205 2012 898 2148 1010 1455 2260
Route 48 : 1130 1137 487 2387 2380 1737 601 1851
Route 49 : 931 1183 88 2181 2433 958 1338 2208
Route 50 : 808 430 1680 2058 279 640 1529 1890
Route 51 : 291 106 1541 928 1356 935 2178 1037 2185 2287
Route 52 : 400 1650 1227 1005 2477 551 1801 2255
Route 53 : 1122 1184 273 1523 2372 2434
Route 54 : 198 347 1448 627 1597 53 767 1877 1303 2017
Route 55 : 481 478 1731 375 1728 649 1625 1899
Route 56 : 248 1498 1228 807 2478 2057 504 1754
Route 57 : 1129 1049 2299 1144 2379 2394 1133 2383
Route 58 : 1169 321 1571 787 2419 15 2037 792 1265 2042
Route 59 : 668 307 1918 1029 2279 1557 543 820 2070 1793
Route 60 : 45 1047 2297 938 2188 1295 142 566 1816 1392
Route 61 : 687 232 595 453 1937 1845 1482 1703
Route 62 : 658 92 1342 301 1908 853 1551 738 1988 2103
Route 63 : 332 77 1582 880 1327 611 1861 2130
Route 64 : 278 324 736 1528 913 1986 1574 2163
Route 65 : 509 1149 1759 895 713 2399 1963 2145
Route 66 : 217 1467 944 1044 525 2294 2194 1775
Route 67 : 1068 565 173 1815 887 2137 1423 2318
Route 68 : 1079 770 688 1938 985 2329 2020 1095 2345 2235
Route 69 : 260 872 1510 2122 794 796 2044 2046
Route 70 : 961 1247 2211 1222 2497 256 2472 1506
Route 71 : 785 93 2035 1177 1343 295 2427 1545
Route 72 : 5 1112 293 1543 1255 2362
Route 73 : 532 1181 1782 169 2431 647 1897 1419
Route 74 : 1205 997 2455 296 2247 1546
Route 75 : 681 578 99 1931 1186 1828 2436 1349
Route 76 : 861 2111 1151 790 858 2401 2108 2040
Route 77 : 839 552 2089 67 368 618 1802 1618 1868 1317
Route 78 : 270 289 451 1539 1520 924 2174 1701
Route 79 : 755 1217 2467 476 2005 628 1726 1878
Route 80 : 1020 1224 1235 2270 2474 2485 416 1666
Route 81 : 1031 824 2281 2074 830 773 2080 966 2023 2216
Route 82 : 917 78 2167 702 1328 919 2169 1952
Route 83 : 967 386 1636 2217 1117 178 1428 2367
Route 84 : 326 213 1576 879 1463 2129 343 1593
Route 85 : 458 1708 1022 204 352 1454 2272 1602
Route 86 : 545 322 1795 833 1572 2083 568 1818
Route 87 : 449 1699 1004 655 420 2254 1905 1670
Route 88 : 982 117 2232 1367 1035 631 1881 2285
Route 89 : 821 1220 769 2071 2019 2470 1055 2305
Route 90 : 943 194 1444 2193 1096 49 867 2346 1299 2117
Route 91 : 19 1269 80 36 843 2093 1330 1286
Route 92 : 529 837 1779 12 2087 1262 138 187 1437 1388
Route 93 : 434 369 419 1684 1067 1619 1669 2317
Route 94 : 679 1056 2306 286 494 1744 1929 1536 195 1445
Route 95 : 1238 384 2488 1634 366 881 122 1372 1616 2131
Route 96 : 164 524 1157 731 2407 1774 1981 1414
Route 97 : 63 1007 1313 2257 1188 320 2438 1570
Route 98 : 1114 483 617 172 1867 2364 735 1422 1733 1985
Route 99 : 1229 2479 435 656 1685 1906 59 1309
Route 100 : 1105 694 554 427 1944 2355 1804 1677
Route 101 : 440 1690 1039 823 176 2073 1426 2289
Route 102 : 56 1306 200 1234 475 1725 2484 1450
Route 103 : 94 745 29 1995 936 1344 1279 2186
Route 104 : 120 921 1370 1099 2171 1189 2349 2439
Route 105 : 373 1623 932 716 488 1738 1966 2182 897 2147
Route 106 : 263 1513 952 1065 2202 2315
Route 107 : 311 469 733 1561 492 1983 799 1719 2049 1742
Route 108 : 708 444 1958 236 1694 972 1486 906 2222 2156
Route 109 : 331 372 916 1581 61 1622 1311 2166
Route 110 : 1202 137 1387 240 927 2452 1490 2177
Route 111 : 788 583 2038 397 582 1833 1647 132 1832 1382
Route 112 : 912 181 2162 937 145 1395 1431 2187
Route 113 : 969 312 131 2219 1381 1000 1562 2250
Route 114 : 441 1691 588 334 1584 1838 908 1246 2158 2496
Route 115 : 328 388 153 1638 765 1403 1578 2015 65 1315
Route 116 : 822 280 902 2152 2072 1072 1530 2322
Route 117 : 101 507 1757 1351 984 743 1993 335 1585 2234
Route 118 : 55 538 1788 1305 443 85 1335 1693
Route 119 : 685 506 1756 1935 223 643 1893 1473
Route 120 : 813 192 251 2063 1442 1501
Route 121 : 705 72 1955 107 1322 367 1357 379 1617 1629
Route 122 : 438 757 2007 1688 97 58 1308 1347
Route 123 : 976 868 734 2226 1051 2301 2118 1984
Route 124 : 840 68 2090 1318 1116 76 2366 1326
Route 125 : 620 1870 896 541 1791 305 715 1555 2146 1965
Route 126 : 892 1110 104 2360 358 2142 21 1354 1608 1271
Route 127 : 17 654 1267 660 1904 186 1910 1436
Route 128 : 625 201 1128 948 1451 2378 1875 2198
Route 129 : 14 354 426 1604 1264 168 1676 109 1418 1359
Route 130 : 721 447 1006 2256 1697 470 1720 1971
Route 131 : 1041 245 2291 422 1495 675 1672 130 1925 1380
Route 132 : 222 1472 539 1789 118 630 150 1880 1368 1400
Route 133 : 262 456 351 946 1512 1601 1706 2196
Route 134 : 38 239 1288 1025 1489 2275
Route 135 : 54 680 1304 50 929 2179 1930 13 1300 1263
Route 136 : 81 971 2221 348 1331 410 1598 1660
Route 137 : 875 2125 727 147 310 1397 43 1560 1977 1293
Route 138 : 1038 701 2288 1015 237 1951 2265 1487
Route 139 : 709 1204 1052 1959 1089 2302 2339 2454
Route 140 : 942 1212 607 2462 2192 274 1857 1524
Route 141 : 1206 399 336 2456 344 1649 1594 641 1586 1891
Route 142 : 442 1032 891 2282 462 2141 1692 1153 1712 2403
Route 143 : 34 47 1284 361 1297 672 1922 1611
Route 144 : 20 224 598 83 1270 1848 1333 1474
Route 145 : 143 652 1902 941 845 2191 1393 2095
Route 146 : 810 477 1727 622 922 1872 2060 2172
Route 147 : 629 677 1879 979 1098 1927 2348 2229
Route 148 : 133 691 1383 190 247 1497 1091 1941 2341 1440
Route 149 : 327 600 1158 1850 1147 2397 2408 1577
Route 150 : 266 1516 450 878 1700 90 1340 2128
Route 151 : 52 956 970 1124 2206 1302 2374 2220
Route 152 : 433 1683 23 550 1800 1154 2404 1273
Route 153 : 909 1008 2159 1107 25 2357 1275 2258
Route 154 : 534 425 468 1675 1077 1784 1718 2327
Route 155 : 177 1165 2415 844 1427 2094 1233 2483
Route 156 : 302 635 1885 586 1552 1836 947 2197 610 1860
Route 157 : 1064 940 2314 756 2190 165 1415 2006
Route 158 : 89 1043 2293 505 1755 378 1339 724 1628 1974
Route 159 : 318 135 418 1568 337 1668 1385 1587
Route 160 : 415 615 1865 1665 678 325 1928 1575
Route 161 : 901 355 1605 294 9 1259 2151 1544 191 1441
Route 162 : 405 174 1655 1048 484 1734 1424 2298
Route 163 : 31 8 1281 945 242 1492 2195 1258
Route 164 : 665 480 1730 254 1915 995 2245 1504
Route 165 : 446 1179 1028 1696 2429 2278
Route 166 : 362 983 1612 180 22 2233 1272 1430
Route 167 : 809 802 2059 1225 2052 2475 646 1896
Route 168 : 777 32 1197 2027 1282 553 1803 1200 2447 2450
Route 169 : 698 925 2175 1236 1948 1060 2486 2310
Route 170 : 826 900 2150 482 2076 1732
Route 171 : 1016 725 963 2266 231 1975 2213 1481
Route 172 : 1231 2481 188 1438 671 877 1921 666 2127 1916
Route 173 : 272 1201 1187 203 2451 2437 1453 1522
Route 174 : 556 1172 1806 421 2422 513 1671 1763
Route 175 : 803 1178 2053 791 412 1662 2428 2041
Route 176 : 599 1849 44 1213 1294 250 1500 2463
Route 177 : 905 703 461 1953 848 1711 2155 2098
Route 178 : 1182 572 1822 2432 467 1141 1717 2391
Route 179 : 33 1211 357 1607 1283 989 2461 2239
Route 180 : 268 105 1518 1057 1355 37 1287 2307
Route 181 : 828 852 163 2078 1413 102 2102 1352
Route 182 : 1046 633 673 1923 1209 2296 1883 2459
Route 183 : 154 1076 60 2326 1219 1404 2469 1310
Route 184 : 460 1087 1710 1160 2337 100 2410 1350
Route 185 : 206 429 1456 1679 851 292 1542 2101
Route 186 : 1127 800 448 2377 51 1698 1301 2050
Route 187 : 1070 404 1654 2320 1240 720 1970 271 1521 2490
Route 188 : 714 129 1964 136 466 1379 406 1716 1386 1656
Route 189 : 234 889 2139 1484 316 182 939 1566 2189 1432
Route 190 : 651 1026 2276 1250 1901 2500
Route 191 : 926 353 634 2176 1603 1884
Route 192 : 914 1123 2164 782 2032 6 2373 1256
Route 193 : 579 526 1776 317 1829 417 1567 1667
Route 194 : 849 1175 904 2425 2099 2154 339 558 1589 1808
Route 195 : 1136 1192 233 2442 2386 1483
Route 196 : 859 871 323 2109 1193 1573 2443 2121
Route 197 : 329 1036 964 1579 2286 2214
Route 198 : 771 2021 885 974 2135 403 1653 2224
Route 199 : 1162 2 968 2218 1252 2412 1174 2424
Route 200 : 338 1588 1014 141 1391 2264
Route 201 : 387 1637 267 805 2055 567 1517 229 1479 1817
Route 202 : 569 1012 1819 1135 2262 1013 2263 2385
Route 203 : 555 408 750 1805 1658 723 1973 2000
Route 204 : 230 257 1507 1480 10 585 1835 1260
Route 205 : 255 185 1505 992 1435 127 2242 1377
Route 206 : 857 517 2107 424 722 1767 1674 1972
Route 207 : 124 1156 1249 30 1374 2499 2406 1280
Route 208 : 806 2056 501 797 2047 1751 664 1914
Route 209 : 346 26 252 1115 2365 1276 1596 1502
Route 210 : 281 1531 249 491 1499 228 1741 1478 699 1949
Route 211 : 300 516 75 1766 689 1325 1939 1550
Route 212 : 1118 884 393 500 1750 2368 2134 1643
Route 213 : 269 990 2240 1519 514 196 1446 1764
Route 214 : 920 557 855 1807 717 2105 2170 1967
Route 215 : 661 1138 1911 1170 1132 2420 2388 2382
Route 216 : 287 584 1537 330 1580 1834
Route 217 : 463 110 1713 1360 304 166 1416 432 1554 1682
Route 218 : 395 1645 697 619 1947 1173 1869 2423
Route 219 : 683 950 2200 1155 2405 1933
Route 220 : 214 574 465 1824 1464 1715 650 1900
Route 221 : 160 1410 1111 1171 1061 2421 2361 2311
Route 222 : 1210 1195 748 341 2460 2445 1591 1998
Route 223 : 66 923 2173 1316 175 189 1425 1439
Route 224 : 1176 146 235 2426 1485 1396 219 866 1469 2116
Route 225 : 988 2238 503 79 436 1686 1753 1329
Route 226 : 528 1778 474 221 962 1471 2212 1724
Route 227 : 264 1121 636 1514 162 2371 1412 1886
Route 228 : 437 1687 737 603 1104 1987 1853 2354
Route 229 : 893 816 2066 216 2143 581 1466 1831
Route 230 : 225 854 459 184 1434 1709 1475 760 2104 2010
Route 231 : 836 1011 2086 149 573 2261 1399 1823
Route 232 : 1226 2476 207 987 1457 993 2237 2243
Route 233 : 389 960 1639 876 644 2210 1894 2126
Route 234 : 356 1208 1606 2458 1143 718 2393 1968
Route 235 : 707 1045 819 973 2223 2295 2069 1957
Route 236 : 645 751 2001 243 1895 766 2016 1493 490 1740
Route 237 : 741 401 1651 445 1991 1695 365 148 1398 1615
Route 238 : 795 856 2045 1050 2106 275 1525 394 2300 1644
Route 239 : 818 139 1389 202 2068 125 1452 511 1375 1761
Route 240 : 742 1992 1207 1166 815 2065 2457 2416
Route 241 : 692 669 1919 1942 121 96 1371 1346
Route 242 : 519 949 2199 390 1059 2309 1640 1769
Route 243 : 411 789 2039 340 1590 115 1661 1365 385 1635
Route 244 : 1090 710 2340 1191 2441 1218 1960 2468
Route 245 : 489 518 674 1924 761 1739 2011 1768
Route 246 : 593 827 642 1843 2077 62 1892 1312
Route 247 : 537 510 527 1760 1777 1232 1787 2482
Route 248 : 156 744 1406 1101 1994 2351 1009 2259
Route 249 : 542 1792 285 530 626 1535 1780 1876
Route 250 : 303 1553 975 414 999 2225 2249 1664
Route 251 : 69 1080 349 2330 1319 749 1599 1999
Route 252 : 515 215 1765 863 1465 814 2113 2064
Route 253 : 953 754 2004 1126 2203 398 1648 2376
Route 254 : 1073 159 1034 2284 2323 1409
Route 255 : 485 157 1735 155 758 1407 2008 590 1405 1840
Route 256 : 612 396 1646 114 1862 712 1364 16 1962 1266
Route 257 : 608 589 1858 288 575 1839 1825 1538
Route 258 : 1085 831 2081 874 846 2124 2335 2096
Route 259 : 197 918 1447 667 2168 309 1917 1559
Route 260 : 1237 1167 903 2153 623 2487 1873 2417
Route 261 : 319 951 1569 383 2201 562 1633 1812
Route 262 : 486 1736 116 1366 282 439 1532 1243 2493 1689
Route 263 : 455 1705 86 265 40 1515 1290 1336
Route 264 : 1086 112 2336 1362 883 684 1934 2133
Route 265 : 639 728 1889 1978 535 210 1785 1460 977 2227
Route 266 : 407 1131 882 2132 1657 2381
Route 267 : 847 363 994 2244 2097 1613
Route 268 : 134 377 781 2031 1627 1384
Route 269 : 740 998 1102 2248 1148 2352 1990 2398
Route 270 : 817 549 1799 392 2067 1199 2449 1642
Route 271 : 580 835 632 2085 1830 1882 1093 2343
Route 272 : 1054 140 2304 779 560 1390 2029 1810
Route 273 : 784 1230 759 2034 801 2009 2480 2051
Route 274 : 212 391 276 1526 1462 1075 246 1641 1496 2325
Route 275 : 382 57 1632 1109 1307 2359
Route 276 : 113 838 2088 1168 1196 2446 1363 2418
Route 277 : 670 1146 1920 284 1534 2396 1103 2353
Route 278 : 1097 151 571 2347 1401 193 1821 1443
Route 279 : 342 521 1066 1592 261 1771 2316 158 1408 1511
Route 280 : 609 308 3 259 1509 1558 1253 1859
Route 281 : 119 370 1190 1369 2440 1620
Route 282 : 42 1292 886 793 786 2043 2036 2136
Route 283 : 890 220 2140 563 277 1470 1527 1813 1150 2400
Route 284 : 360 832 2082 1125 2375 1 1610 1251
Route 285 : 662 290 1241 1540 103 2491 1353 1912 1119 2369
Route 286 : 910 2160 711 315 1961 747 1565 1088 2338 1997
Route 287 : 834 1106 2356 2084 226 804 1476 2054
Route 288 : 536 986 98 2236 1786 570 1348 614 1864 1820
Route 289 : 1145 1152 24 2402 2395 1019 2269 1274
Route 290 : 374 873 798 409 2123 1659 1624 2048
Route 291 : 1024 860 2274 726 682 2110 1976 1932
Route 292 : 561 350 1094 1600 1811 2344 841 2091
Route 293 : 546 719 1796 1001 1969 746 2251 1996
Route 294 : 108 313 495 1745 1358 371 1563 7 1621 1257
Route 295 : 479 170 934 1729 842 2184 2092 1420
Route 296 : 933 499 48 452 1749 2183 1702 1298
Route 297 : 1062 695 1945 299 2312 870 862 1549 2120 2112
Route 298 : 1033 531 1781 95 473 2283 1723 1345
Route 299 : 171 1071 1421 739 606 2321 1856 1989
Route 300 : 314 1564 218 464 11 1468 1261 1714