Instance name : poa-n4000-2
Authors       : BIG3 - Dmitriy Yampolskiy, Egor Nikolaev and Daria Savina. Smart Logistics Point by the BigThree team (big3.ru).
Date          : 2025-04-23
Reference     : BigThree team (big3.ru)
Solution
Route 1 : 1501 1869 3869 1124 1037 3037 3124 403 2403 3501
Route 2 : 738 282 2738 688 2282 683 992 2688 2683 2992
Route 3 : 1060 3060 40 1824 1240 3824 1182 3240 2040 3182
Route 4 : 1366 3366 1903 315 2315 1762 3903 3762
Route 5 : 733 957 2957 2733 665 1197 2665 3197
Route 6 : 241 1045 178 3045 2241 2178 810 2810
Route 7 : 1820 3820 1555 1308 700 3555 3308 2700 1038 3038
Route 8 : 1615 1520 3615 3520 77 2077 9 2009
Route 9 : 1221 1046 905 2905 3221 3046 1600 3600
Route 10 : 425 581 1553 3553 2425 2581 382 2382
Route 11 : 816 1756 1269 3756 2816 3269 285 2285
Route 12 : 220 1887 3887 2220 1384 3384 1327 3327
Route 13 : 648 1400 2648 3400 1801 3801 74 2074
Route 14 : 881 1290 2881 3290 830 468 1188 3188 2830 2468
Route 15 : 1736 3736 323 1992 3992 2323 1597 3597
Route 16 : 703 1017 3017 2703 1445 132 3445 2132
Route 17 : 755 879 580 2755 2879 2580
Route 18 : 1808 3808 1420 1633 3420 3633
Route 19 : 743 1312 2743 3312 546 2546
Route 20 : 706 1248 397 2706 3248 2397
Route 21 : 1291 227 1208 3291 2227 3208
Route 22 : 1075 1936 197 3075 3936 2197
Route 23 : 977 500 2500 1905 2977 3905
Route 24 : 1383 3383 1323 752 2752 3323
Route 25 : 1026 175 572 3026 2175 1959 2572 1764 3959 3764
Route 26 : 1447 1771 3771 716 3447 2716
Route 27 : 895 207 2207 2895 229 2229 482 2482
Route 28 : 1611 269 2269 3611 1840 3840
Route 29 : 1296 3296 899 263 1047 2263 2899 3047
Route 30 : 1899 3899 1606 1467 3467 3606 1438 3438
Route 31 : 1851 1143 777 3851 2777 3143
Route 32 : 1305 1748 1446 3446 3748 3305 1558 3558
Route 33 : 1386 3386 246 596 1794 2246 2596 3794
Route 34 : 1181 446 1835 3181 3835 2446 1367 3367
Route 35 : 544 1252 1259 3252 2544 3259 1654 569 3654 2569
Route 36 : 1134 3134 1912 3912 1703 1594 1334 3703 3594 3334
Route 37 : 270 2270 89 375 2089 1623 2375 3623
Route 38 : 536 2536 1189 1073 3189 3073 1900 1651 3900 3651
Route 39 : 283 2283 198 2198 928 1249 2928 3249
Route 40 : 960 2960 303 1357 2303 3357 1534 3534
Route 41 : 880 226 456 2226 1346 2456 3346 2880
Route 42 : 963 63 2963 2063 86 1112 3112 2086 1309 3309
Route 43 : 702 1616 2702 3616 1710 414 3710 470 2414 2470
Route 44 : 34 2034 935 911 2935 2911 8 851 2851 2008
Route 45 : 1576 1419 3419 1145 873 3576 3145 2873
Route 46 : 1778 1858 1281 3778 3858 3281 1950 3950
Route 47 : 840 1435 2840 1162 971 3435 3162 2971 653 2653
Route 48 : 982 542 1471 1626 2542 3626 3471 2982 1812 3812
Route 49 : 1425 1370 3370 1091 3425 3091
Route 50 : 1058 3058 405 511 805 2405 2511 2805
Route 51 : 1532 1978 1349 3532 3978 1635 3349 3635
Route 52 : 1183 1924 3183 3924 193 2193 136 1758 3758 2136
Route 53 : 1724 1539 3724 1546 3546 3539 1621 3621
Route 54 : 402 1288 2402 1125 3288 1783 3125 3783 1751 3751
Route 55 : 237 2237 1006 1111 1262 3006 3111 3262 250 2250
Route 56 : 1939 1701 3701 1331 3939 3331 1863 1313 3313 3863
Route 57 : 1491 1368 1805 3805 3368 3491 1874 3874 701 2701
Route 58 : 424 857 2424 2857 822 340 2822 2340 1476 3476
Route 59 : 1359 765 230 2765 1637 3637 2230 3359
Route 60 : 1818 3818 1787 1702 1644 3787 3702 3644
Route 61 : 1994 3994 907 2907 1878 1660 3660 3878
Route 62 : 1428 921 3428 2921 859 583 2583 2859
Route 63 : 1516 3516 142 421 2421 491 2142 2491
Route 64 : 1930 601 1752 2601 3930 3752 313 2313
Route 65 : 1574 1670 3574 590 1915 3670 3915 2590
Route 66 : 1397 713 1943 3397 2713 3943 654 2654
Route 67 : 1916 3916 420 1582 1517 2420 3582 3517
Route 68 : 326 1274 3274 2326 1316 1856 3316 3856
Route 69 : 346 2346 1681 1720 3681 691 3720 2691 279 2279
Route 70 : 1911 1505 1502 3911 3505 3502
Route 71 : 1683 453 1954 3954 3683 2453 1914 3914
Route 72 : 1933 1567 3567 3933 359 1246 3246 722 2359 2722
Route 73 : 1625 1573 1980 3625 3980 3573 1791 3791
Route 74 : 478 427 2478 68 2427 2068 114 2114
Route 75 : 1811 1340 3811 1844 1766 3844 3766 3340
Route 76 : 727 637 550 2550 2727 1413 1941 3413 3941 2637
Route 77 : 141 661 186 2141 2186 2661 416 495 2495 2416
Route 78 : 1355 1973 1750 3973 3355 3750 1521 3521
Route 79 : 401 1164 2401 1464 3164 1444 3444 3464
Route 80 : 434 1565 3565 137 836 2137 2434 2836 1897 3897
Route 81 : 43 458 685 2043 2458 866 1564 2866 3564 2685
Route 82 : 1088 1266 3266 3088 1289 3289 1460 3460
Route 83 : 1727 1883 3883 1324 3727 3324 1613 3613
Route 84 : 1241 1468 1013 3468 1998 3013 3998 3241
Route 85 : 591 372 2372 2591 985 378 2985 2378
Route 86 : 437 2437 1168 296 864 3168 2296 2864
Route 87 : 1347 3347 951 898 116 2951 2898 2116
Route 88 : 217 69 2217 2069 1537 3537
Route 89 : 979 1538 3538 2979 203 750 2750 2203
Route 90 : 438 712 586 2712 2438 815 2586 2815
Route 91 : 772 1105 1090 597 839 3105 3090 2597 2839 2772
Route 92 : 1199 3199 587 2587 1158 958 3158 2958
Route 93 : 1527 342 549 3527 2549 2342 380 2380
Route 94 : 628 875 1589 2628 2875 1581 3589 3581
Route 95 : 1629 1423 3629 113 304 3423 2113 2304
Route 96 : 1711 1401 3401 3711 740 919 2740 2919
Route 97 : 277 679 2277 363 180 961 2679 2363 2180 2961
Route 98 : 1469 72 3469 2072 813 2813 232 736 2232 2736
Route 99 : 613 170 2170 779 422 2422 2779 1024 3024 2613
Route 100 : 1377 3377 1280 705 1857 824 3280 2824 3857 2705
Route 101 : 1338 1332 1065 3332 1067 854 3065 3067 2854 3338
Route 102 : 1328 3328 1977 499 487 3977 2499 2487
Route 103 : 770 1360 3360 2770 123 1496 2123 3496
Route 104 : 1991 1671 3991 1607 3671 1391 3391 3607 523 2523
Route 105 : 1207 1078 3207 1885 3078 1894 3885 3894
Route 106 : 1077 3077 1443 107 3443 2107 1601 3601
Route 107 : 1971 1830 3971 1385 3830 3385 1463 3463
Route 108 : 1953 1272 3272 3953 1578 1387 3578 3387
Route 109 : 1937 1044 3937 1457 3044 3457 1485 508 2508 3485
Route 110 : 312 949 2949 362 2312 2362 1545 3545
Route 111 : 1707 298 3707 2298 1757 827 3757 2827
Route 112 : 1076 490 2490 538 1342 2538 3342 3076
Route 113 : 1036 3036 1239 1010 1230 3239 3230 3010
Route 114 : 941 803 1012 2941 2803 3012 1057 1440 3440 3057
Route 115 : 55 2055 1850 825 3850 1967 2825 3967 1524 3524
Route 116 : 1209 1587 3587 606 1110 2606 714 2714 3110 3209
Route 117 : 371 1297 1648 2371 3648 3297 273 2273
Route 118 : 48 819 751 2048 2819 2751 1261 3261
Route 119 : 243 1264 353 1408 891 2353 3408 3264 2891 2243
Route 120 : 1004 1580 3580 1422 1690 3004 3422 3690 924 2924
Route 121 : 896 872 2896 266 2872 2266 1618 3618
Route 122 : 94 642 2094 121 592 2642 2121 2592
Route 123 : 1960 3960 1497 1458 1798 3798 3497 3458 1826 3826
Route 124 : 1929 3929 820 674 2674 2820 556 2556
Route 125 : 1963 488 3963 1901 2488 1972 630 3901 2630 3972
Route 126 : 479 676 2479 145 2676 2145 1852 3852
Route 127 : 413 792 1677 2413 2792 906 3677 2906
Route 128 : 936 293 2936 808 2293 1023 2808 3023
Route 129 : 1884 3884 1723 3723 146 473 201 2146 2473 2201
Route 130 : 1136 1543 909 3136 3543 2909 1687 3687
Route 131 : 1614 3614 600 1995 2600 3995
Route 132 : 778 1213 3213 2778 1550 567 3550 2567
Route 133 : 646 305 1275 2646 3275 2305 1866 3866
Route 134 : 652 548 1192 1027 3192 2548 3027 2652
Route 135 : 274 640 2274 2640 1739 209 3739 2209
Route 136 : 698 310 2698 2310 699 73 2699 1190 2073 3190
Route 137 : 662 900 559 901 2901 2900 2559 2662
Route 138 : 444 2444 507 2507 1191 812 334 2812 3191 2334
Route 139 : 1113 3113 1225 206 239 3225 2206 1462 2239 3462
Route 140 : 1392 1365 492 3365 1318 2492 234 2234 3318 3392
Route 141 : 1394 192 366 565 2192 2366 1604 2565 3604 3394
Route 142 : 981 1559 1650 3559 1732 2981 3732 228 2228 3650
Route 143 : 1223 138 904 537 3223 2904 1649 2537 3649 2138
Route 144 : 708 2708 1646 1590 3646 3590
Route 145 : 1117 1658 3117 3658 510 2510 150 2150 723 2723
Route 146 : 1417 1846 344 3846 3417 666 2344 2666
Route 147 : 516 110 158 1021 3021 2110 2158 2516 518 2518
Route 148 : 605 788 62 2788 2605 1177 2062 3177
Route 149 : 861 476 888 2861 2476 2888
Route 150 : 1984 1841 3984 1478 3841 3478
Route 151 : 1999 762 435 3999 2435 2762
Route 152 : 1204 3204 1541 3541 1287 1627 950 3287 2950 3627
Route 153 : 260 513 152 2260 2513 1028 2152 3028
Route 154 : 1663 1987 3987 3663 611 461 2611 2461
Route 155 : 922 2922 1411 1544 3411 3544 1965 3965
Route 156 : 1494 1640 3640 3494 1379 993 2993 3379
Route 157 : 1014 512 769 3014 2512 2769 988 2988
Route 158 : 1506 1217 747 247 3217 2247 2747 1123 3123 3506
Route 159 : 271 1102 1203 2271 3203 3102 1341 3341
Route 160 : 918 2918 1430 1919 1282 3919 3430 3282 1426 3426
Route 161 : 1448 51 3448 2051 917 1740 2917 3740
Route 162 : 1763 1873 3763 3873 1795 1398 3795 3398
Route 163 : 1437 1632 1025 3437 3632 1512 3512 3025
Route 164 : 1976 1518 1800 3976 3518 3800 1716 3716
Route 165 : 1842 3842 1304 1533 3304 1776 3533 3776
Route 166 : 1536 465 2465 547 962 361 2361 2547 2962 3536
Route 167 : 694 2694 153 980 2980 2153 1234 3234
Route 168 : 291 2291 1498 486 3498 2486 358 2358
Route 169 : 1996 3996 28 200 995 2028 2200 166 2166 2995
Route 170 : 1257 3257 1358 3358 1944 1068 3944 1276 3068 3276
Route 171 : 1599 3599 39 1258 3258 2039
Route 172 : 1493 3493 1329 1652 3329 3652 1934 3934
Route 173 : 119 595 1682 2119 2595 1667 3667 3682 1725 3725
Route 174 : 1410 1772 3410 3772 1514 1949 3949 3514 1393 3393
Route 175 : 70 2070 1285 781 2781 3285 1722 3722
Route 176 : 1336 1734 3734 3336 897 1990 1278 2897 3990 3278
Route 177 : 1817 1904 3817 3904 1109 78 2078 3109
Route 178 : 190 309 392 88 2309 2088 2190 2392
Route 179 : 407 2407 337 571 1115 2337 2571 3115
Route 180 : 884 903 2884 2903 58 668 2058 2668
Route 181 : 758 1530 2758 3530 1202 1782 3202 3782
Route 182 : 367 1834 2367 1942 3834 3942
Route 183 : 147 364 1935 2147 2364 3935 1130 3130
Route 184 : 162 391 916 2162 2391 2916 154 2154
Route 185 : 297 1226 417 2297 3226 2417 1227 3227
Route 186 : 231 411 188 2231 2411 2188
Route 187 : 1596 3596 218 566 2566 2218
Route 188 : 412 1135 2412 124 1319 2124 3319 1666 3135 3666
Route 189 : 1566 440 3566 1653 3653 2440
Route 190 : 831 2831 1981 948 3981 2948
Route 191 : 335 937 2937 2335 1704 1728 3728 3704
Route 192 : 1395 1482 3395 3482 1598 3598
Route 193 : 19 664 991 2019 2991 480 2664 2480
Route 194 : 126 2126 1888 1404 3888 3404
Route 195 : 1985 826 3985 2826 1561 1487 3487 3561
Route 196 : 373 1099 3099 2373 1032 865 2865 3032
Route 197 : 696 144 204 2204 2144 6 2696 2006
Route 198 : 561 1155 2561 1072 870 3072 3155 2870
Route 199 : 289 2289 856 501 622 2856 2622 2501
Route 200 : 1172 734 2734 442 3172 545 2442 2545
Route 201 : 785 284 1619 2284 2785 3619 240 2240
Route 202 : 1490 399 1414 3490 2399 46 3414 2046
Route 203 : 1339 782 2782 927 3339 2927
Route 204 : 1424 793 1286 2793 3424 3286
Route 205 : 16 1827 2016 1513 3827 3513
Route 206 : 533 1050 744 2533 1179 3050 1525 3525 3179 2744
Route 207 : 1862 3862 393 1186 133 2393 3186 2133 311 2311
Route 208 : 647 2647 1022 33 426 3022 2426 2033
Route 209 : 966 464 555 2966 2464 2555
Route 210 : 1515 947 3515 2947 972 2 2972 2002
Route 211 : 1955 1784 3784 3955 521 2521
Route 212 : 115 238 1237 2115 2238 3237
Route 213 : 1492 973 2973 3492 1160 91 3160 2091
Route 214 : 584 1668 3668 1647 1390 3647 387 2584 3390 2387
Route 215 : 1745 3745 1906 525 2525 3906 1699 1201 3201 3699
Route 216 : 1610 829 3610 2829 350 718 2718 2350
Route 217 : 539 2539 920 1260 1715 3260 2920 3715
Route 218 : 1797 1974 1121 3797 3974 3121 485 2485
Route 219 : 717 341 1361 17 2341 2017 3361 2717
Route 220 : 330 680 447 2330 2447 2680 1479 3479
Route 221 : 1235 3235 489 540 278 2278 2489 2540
Route 222 : 787 2787 1222 1137 573 3222 2573 3137
Route 223 : 1187 1465 3187 1889 1979 3465 3889 3979
Route 224 : 1146 3146 748 1982 1210 2748 3210 3982
Route 225 : 474 404 863 2474 1169 2404 2863 3169
Route 226 : 32 1301 2032 1147 3301 1838 3147 3838
Route 227 : 1807 551 2551 3807 1271 1142 3271 3142
Route 228 : 161 2161 160 673 102 2673 2160 2102
Route 229 : 1475 3475 818 462 320 2462 2818 2320
Route 230 : 860 42 2860 2042 379 93 2093 2379
Route 231 : 1409 1421 3421 3409 557 687 2557 2687
Route 232 : 484 189 2484 1892 2189 3892 726 2726
Route 233 : 1033 1200 1007 384 2384 3200 3007 3033
Route 234 : 953 892 2892 1415 2953 3415 633 49 2049 2633
Route 235 : 739 2739 1449 1674 233 3449 2233 3674 319 2319
Route 236 : 30 1020 2030 3020 433 968 2433 2968
Route 237 : 1529 3529 1442 3442 598 753 2598 2753
Route 238 : 1039 999 3039 2999 45 1709 2045 3709
Route 239 : 1684 1825 3825 1250 517 3250 2517 3684
Route 240 : 976 1657 3657 1311 3311 1927 2976 3927 1698 3698
Route 241 : 264 807 324 2264 1662 2807 2324 3662
Route 242 : 731 498 2731 2498 1584 1802 1721 3802 3584 3721
Route 243 : 120 1096 2120 1571 3096 1488 3488 3571
Route 244 : 2000 635 1374 4000 2635 3374 1913 3913
Route 245 : 1719 1761 3719 3761 1519 1713 1300 3713 3519 3300
Route 246 : 1481 944 27 1118 3481 2027 2944 3118
Route 247 : 1923 585 3923 2585 376 409 2376 2409
Route 248 : 502 148 1770 2148 2502 3770 101 2101
Route 249 : 1166 983 1836 2983 3166 1406 3406 3836
Route 250 : 956 1592 2956 1211 1051 3592 3211 3051
Route 251 : 1837 869 3837 1326 2869 1733 3326 3733
Route 252 : 1070 1473 3070 603 3473 741 2603 2741
Route 253 : 855 2855 527 1405 2527 3405 336 2336
Route 254 : 173 2173 776 1295 1495 2776 3295 3495
Route 255 : 452 821 2821 1570 2452 185 3570 2185
Route 256 : 265 774 2265 2774 408 389 2408 2389
Route 257 : 1522 504 1053 3522 3053 2504 926 1562 2926 3562
Route 258 : 1310 515 1255 3255 2515 1853 3310 3853
Route 259 : 1066 1035 3035 969 616 3066 2969 2616 715 2715
Route 260 : 177 2177 95 262 2095 624 2262 2624 614 2614
Route 261 : 106 2106 112 1148 1806 3148 2112 3806
Route 262 : 347 2347 191 846 1178 2191 684 2846 3178 2684
Route 263 : 1267 1871 3267 1742 3871 3742 127 2127
Route 264 : 1268 3268 564 1163 2564 224 3163 1173 2224 3173
Route 265 : 1895 593 3895 2593 56 299 2299 2056
Route 266 : 610 532 2532 505 2610 2505 1343 1743 3743 3343
Route 267 : 845 167 1547 3547 2845 2167 1299 1712 3712 3299
Route 268 : 419 2419 396 784 693 2784 2396 2693 1429 3429
Route 269 : 1833 1354 3833 3354 1218 1333 3218 3333
Route 270 : 697 2697 214 2214 423 677 645 2645 2423 2677
Route 271 : 466 1356 3356 568 98 2568 216 2098 2216 2466
Route 272 : 1005 1886 1918 3005 3886 3918 351 2351 742 2742
Route 273 : 139 938 2938 771 331 2139 2771 2331
Route 274 : 978 965 2965 2978 467 1031 2467 3031
Route 275 : 1176 643 3176 354 2643 455 2354 2455
Route 276 : 1228 1236 3236 3228 109 933 317 2109 2933 2317
Route 277 : 316 2316 1484 798 2798 3484
Route 278 : 1602 3602 1947 128 1126 2128 3947 3126
Route 279 : 221 1451 3451 2221 1062 719 2719 3062
Route 280 : 1019 1988 3019 1961 1803 3988 3803 3961
Route 281 : 987 2987 853 681 2681 560 2853 2560
Route 282 : 1092 1029 3092 1781 3029 3781
Route 283 : 225 1593 1003 3593 3003 914 2225 2914
Route 284 : 258 1256 1855 3256 2258 1273 3855 3273
Route 285 : 1253 783 3253 2783 811 671 2671 2811
Route 286 : 1396 526 1848 3396 2526 3848
Route 287 : 83 1957 942 2083 3957 2942 759 2759
Route 288 : 1617 1659 288 410 2288 3659 3617 2410
Route 289 : 894 1968 314 3968 2314 1205 308 2308 3205 2894
Route 290 : 832 2832 1507 1193 104 2104 3507 3193
Route 291 : 57 796 318 2057 2318 395 2796 2395
Route 292 : 1577 3577 619 1127 3127 2619
Route 293 : 986 1480 1696 2986 1922 3480 3696 3922 848 2848
Route 294 : 428 817 1161 641 2817 2641 2428 431 3161 2431
Route 295 : 360 2360 1434 1768 3768 1198 3198 10 2010 3434
Route 296 : 1861 61 867 2061 3861 2867 163 2163
Route 297 : 1049 882 1685 3049 2882 3685 1350 602 2602 3350
Route 298 : 1483 1738 3483 3738 13 925 2013 2925
Route 299 : 294 509 1388 2294 3388 2509 575 2575
Route 300 : 356 325 2325 608 1896 2608 2356 3896
Route 301 : 1860 37 2037 3860 1086 1735 3086 3735
Route 302 : 52 1948 2052 862 3948 2862 800 2800
Route 303 : 355 2355 1122 3122 1556 893 967 2893 3556 2967
Route 304 : 1407 1320 3320 3407 242 2242 1132 3132
Route 305 : 82 2082 1008 1195 790 3008 3195 2790
Route 306 : 1150 1263 3263 3150 1583 1412 3583 3412 1097 3097
Route 307 : 275 1233 3233 1265 1634 3634 2275 3265 1279 3279
Route 308 : 615 2615 394 1114 2394 1345 3114 1489 3345 3489
Route 309 : 849 2849 1700 930 1180 3700 3180 2930 1548 3548
Route 310 : 1133 554 1284 3133 3284 2554 457 834 2834 2457
Route 311 : 1431 797 609 2609 721 1015 3015 2721 2797 3431
Route 312 : 338 174 2338 118 2118 2174 877 1043 3043 2877
Route 313 : 1656 1879 1001 3656 3879 3001 1785 3785
Route 314 : 244 432 2432 2244 130 1244 2130 3244
Route 315 : 302 2302 255 2255 1139 745 2745 3139
Route 316 : 1875 3875 1232 858 493 157 3232 2493 2157 2858
Route 317 : 463 2463 1706 3706 1499 3499 59 2059
Route 318 : 169 418 2418 2169 1103 1560 3103 3560 1891 3891
Route 319 : 31 760 2760 1399 332 2031 3399 2332
Route 320 : 695 2695 5 2005 562 994 1071 2562 3071 2994
Route 321 : 607 1500 1330 3500 2607 3330 25 2025
Route 322 : 1920 3920 18 111 2018 2111 757 2757 212 2212
Route 323 : 41 1921 3921 2041 883 631 940 2883 2940 2631
Route 324 : 801 804 381 2801 2381 1819 3819 2804
Route 325 : 1456 3456 1376 3376 1542 1153 3153 1588 3542 3588
Route 326 : 1628 3628 686 445 181 2686 2445 2181
Route 327 : 1692 1511 3692 1624 3511 1302 3624 3302
Route 328 : 1041 1 348 2001 3041 1843 2348 3843
Route 329 : 570 754 675 2570 2754 2675
Route 330 : 211 908 835 1945 2908 2835 3945 1170 3170 2211
Route 331 : 1568 3568 939 1101 321 2321 2939 3101 1083 3083
Route 332 : 599 2599 1106 890 254 3106 2254 2890
Route 333 : 1928 3928 1371 672 448 3371 2672 2448
Route 334 : 934 1283 814 2934 1796 2814 3796 3283
Route 335 : 621 974 1926 3926 449 2974 1054 2449 3054 2621
Route 336 : 531 1962 1087 2531 3962 3087 910 2910
Route 337 : 1277 329 3277 300 2300 2329 1940 749 3940 2749
Route 338 : 1416 213 1477 2213 3477 1523 3416 1816 3523 3816
Route 339 : 1595 923 3595 156 2923 1175 3175 436 2156 2436
Route 340 : 1753 1120 838 3753 3120 1898 2838 3898
Route 341 : 945 1526 3526 1746 3746 1303 3303 2945
Route 342 : 874 2874 720 964 251 2720 2964 2251 1034 3034
Route 343 : 1645 1726 3645 3726 165 506 2506 2165
Route 344 : 1975 398 1167 3167 3975 2398 1755 3755
Route 345 : 1081 3081 1378 1591 3591 1938 3378 3938
Route 346 : 1089 1799 3089 1849 3799 1767 3849 3767
Route 347 : 54 122 2054 2122 1119 333 2333 3119
Route 348 : 1362 1322 775 3362 3322 2775 1890 3890
Route 349 : 149 2149 38 1242 735 2038 2735 3242 1769 3769
Route 350 : 1788 3788 1540 374 26 3540 2026 2374 1373 3373
Route 351 : 22 2022 268 92 97 2268 2097 2092
Route 352 : 761 563 2761 1344 1128 2563 3128 3344 117 2117
Route 353 : 357 2357 164 806 794 2806 2164 1688 2794 3688
Route 354 : 1219 3219 84 1251 2084 766 3251 286 2766 2286
Route 355 : 100 2100 292 35 1018 2292 3018 2035
Route 356 : 307 651 2307 638 210 1678 3678 2638 2210 2651
Route 357 : 1306 3306 998 1079 626 2998 3079 2626
Route 358 : 208 709 1094 2208 3094 2709 1676 3676
Route 359 : 522 1254 3254 2522 841 1156 2841 3156
Route 360 : 400 1854 2400 1754 1964 3854 3754 3964
Route 361 : 1433 1665 730 3433 2730 3665 370 2370
Route 362 : 1059 3059 952 2952 441 368 2441 2368
Route 363 : 66 1810 2066 1212 497 3810 3212 2497
Route 364 : 1760 1369 1585 3369 3760 3585 541 2541
Route 365 : 439 2439 1298 287 2287 3298
Route 366 : 1829 3829 1159 1504 3504 3159 1664 3664
Route 367 : 75 1643 1691 3643 129 3691 2075 2129
Route 368 : 108 199 2108 306 636 2199 2636 2306 670 2670
Route 369 : 1439 1669 3669 3439 503 1847 2503 3847
Route 370 : 932 1157 2932 620 3157 1486 2620 3486
Route 371 : 272 634 2634 2272 737 47 1718 2737 3718 2047
Route 372 : 799 2799 1151 1171 1821 3821 3151 3171 187 2187
Route 373 : 235 4 369 2004 2235 1902 2369 3902
Route 374 : 79 2079 194 327 2327 2194 135 2135
Route 375 : 650 2650 791 1672 2791 3672 245 2245
Route 376 : 1508 1104 658 3104 3508 2658 886 2886
Route 377 : 1245 623 1152 2623 3245 975 2975 3152
Route 378 : 913 2913 339 2339 494 343 2343 2494
Route 379 : 1569 576 2576 85 3569 496 2085 2496
Route 380 : 780 954 2780 2954 1872 1098 3098 3872
Route 381 : 159 365 2365 1352 2159 1085 3352 3085
Route 382 : 931 2931 1009 36 1986 2036 3009 3986
Route 383 : 1790 215 2215 3790 96 689 2096 2689
Route 384 : 1214 1372 253 3214 3372 2253 1220 3220
Route 385 : 682 1238 844 729 2682 3238 2844 2729
Route 386 : 656 2656 639 1154 530 2639 3154 2530
Route 387 : 663 481 2663 2481 29 249 2029 2249
Route 388 : 1055 1381 3055 3381 1107 3 2003 50 3107 2050
Route 389 : 219 252 2219 578 2252 2578
Route 390 : 155 955 2955 2155 1082 1131 3131 3082
Route 391 : 1946 1620 1224 3946 3620 3224 1731 3731
Route 392 : 65 2065 1832 3832 1084 140 2140 3084
Route 393 : 728 2728 1063 773 202 2773 3063 2202
Route 394 : 390 168 2390 627 1140 2627 2168 3140
Route 395 : 843 205 2205 2843 1639 385 3639 2385 1194 3194
Route 396 : 1575 1867 3867 64 1907 3575 2064 3907 1792 3792
Route 397 : 1403 3403 929 625 632 2929 2625 2632
Route 398 : 534 2534 1714 3714 1737 1432 1382 3432 3737 3382
Route 399 : 477 2477 552 1777 629 2552 2629 3777
Route 400 : 588 2588 451 222 1870 2451 3870 2222
Route 401 : 301 2301 943 454 2943 2454 1908 3908
Route 402 : 125 732 2732 2125 1535 1551 3535 3551
Route 403 : 1141 459 1865 2459 3141 3865 1389 3389
Route 404 : 756 1011 2756 3011 1002 23 3002 871 2023 2871
Route 405 : 1293 828 1315 2828 3293 3315 1804 3804
Route 406 : 44 1689 850 3689 1572 2044 2850 3572
Route 407 : 649 1185 2649 3185 946 261 2946 2261
Route 408 : 1881 1292 377 707 3292 2377 2707 1364 3364 3881
Route 409 : 659 2659 618 1231 2618 105 2105 1695 3231 3695
Route 410 : 1765 1503 3765 3503 678 1093 2678 3093 1775 3775
Route 411 : 1042 475 1270 3042 1452 3270 3452 1215 3215 2475
Route 412 : 195 352 1056 3056 2352 1917 3917 290 2290 2195
Route 413 : 1552 1636 3552 1909 3909 3636 1780 3780
Route 414 : 1931 450 2450 3931 21 2021 71 2071
Route 415 : 1876 1730 3730 184 1554 2184 80 2080 3554 3876
Route 416 : 256 878 2878 2256 406 594 81 2594 2406 2081
Route 417 : 276 151 2276 2151 1000 1080 3000 3080
Route 418 : 7 134 2007 67 2134 2067 514 1868 3868 2514
Route 419 : 1472 657 223 3472 1563 2223 2657 3563
Route 420 : 1882 1759 1793 3759 3793 430 2430 3882
Route 421 : 1144 3144 1603 20 257 2020 3603 2257 1531 3531
Route 422 : 802 87 2802 2087 1823 1608 3823 3608
Route 423 : 196 660 1813 2660 2196 1839 3813 3839
Route 424 : 990 1828 3828 2990 460 519 2460 2519
Route 425 : 176 345 889 1952 2345 2889 3952 2176
Route 426 : 267 259 746 90 2746 2259 2090 2267
Route 427 : 1993 1129 1557 3557 3993 3129 1605 3605
Route 428 : 1680 3680 710 1694 2710 3694 1454 3454
Route 429 : 582 1622 2582 1880 1705 3622 3880 3705
Route 430 : 1789 3789 1631 3631 1708 1294 3708 3294 483 2483
Route 431 : 1969 3969 1983 281 1307 3983 2281 3307
Route 432 : 655 1958 644 2655 2644 3958 1348 469 2469 3348
Route 433 : 612 1016 959 3016 1314 2959 3314 2612
Route 434 : 1749 182 3749 443 2182 1427 3427 2443
Route 435 : 1061 388 3061 2388 577 809 2809 2577
Route 436 : 1317 1108 3317 1679 3108 1697 3679 3697
Route 437 : 24 2024 543 1774 1638 2543 3774 3638
Route 438 : 1351 528 2528 1630 3351 520 3630 2520
Route 439 : 690 1436 1717 868 3436 3717 2868 2690
Route 440 : 1509 3509 1138 1655 1822 3138 3655 3822
Route 441 : 1925 1779 3779 3925 1773 1243 3243 3773
Route 442 : 76 2076 558 1380 2558 3380 1989 1579 3989 3579
Route 443 : 764 704 2764 2704 1325 789 2789 3325 996 2996
Route 444 : 529 328 989 2529 2328 2989 885 524 2885 2524
Route 445 : 837 2837 1196 11 1786 3196 1549 2011 3786 3549
Route 446 : 1641 3641 887 1052 3052 236 2887 2236
Route 447 : 1809 1455 3809 876 3455 847 2876 2847
Route 448 : 669 2669 1461 589 667 2589 3461 2667
Route 449 : 183 1149 1474 3149 1095 2183 3474 3095
Route 450 : 902 12 103 2902 2012 1966 2103 3966
Route 451 : 1074 604 3074 15 915 2015 2604 2915
Route 452 : 1997 3997 1165 1048 997 3165 3048 2997
Route 453 : 768 2768 1831 1528 1247 3831 3247 3528
Route 454 : 724 1642 1184 786 3642 3184 2786 767 2767 2724
Route 455 : 1174 692 1675 3174 2692 3675 1693 3693
Route 456 : 179 852 2179 1864 1910 2852 3864 3910
Route 457 : 471 2471 53 383 2053 574 2383 2574
Route 458 : 1100 3100 1510 1030 1459 3510 3030 3459
Route 459 : 1375 1729 3375 3729 1216 1064 3216 3064
Route 460 : 1951 1859 3951 3859 579 386 2386 2579
Route 461 : 617 1814 3814 2617 1747 1686 3747 3686
Route 462 : 1069 248 763 3069 2248 912 2763 2912
Route 463 : 1609 3609 1970 553 2553 795 3970 2795 984 2984
Route 464 : 1402 415 3402 2415 322 823 2322 2823
Route 465 : 280 725 429 2725 2429 1893 1845 3845 3893 2280
Route 466 : 842 1470 1335 3470 2842 3335 1116 3116
Route 467 : 1932 1363 1321 3363 3932 1466 3321 3466
Route 468 : 970 2970 833 99 2833 1744 2099 3744
Route 469 : 1741 1586 3741 3586 14 1673 3673 2014
Route 470 : 1337 1353 3353 3337 1612 1450 3450 3612
Route 471 : 1956 1815 3956 172 3815 1229 2172 3229
Route 472 : 349 2349 1877 1661 1453 3877 3661 3453
Route 473 : 60 1206 1040 3206 2060 3040 143 2143
Route 474 : 131 171 535 2131 2535 2171 1418 3418
Route 475 : 711 472 295 2711 2295 2472 1441 3441
