Instance name : poa-n200-2
Authors : Hiermann, G. and Schiffer, M.
Date : 2024-04-30
Reference : arXiv:2405.00230
Solution
Route 1 :  47 2 147 102 79 25 35 135 75 175 95 179 125 40 195 100 200 20 120 140
Route 2 :  78 6 106 57 178 157 81 181 34 12 54 77 112 154 134 177 22 7 122 107
Route 3 :  91 19 119 65 48 148 191 87 165 68 32 132 187 29 129 52 152 168
Route 4 :  60 64 164 160 36 88 188 50 150 136 4 33 53 99 199 133 153 104
Route 5 :  76 11 111 176 74 39 139 10 110 72 174 172 67 31 131 86 186 167
Route 6 :  28 16 116 42 128 17 89 189 117 38 138 41 21 141 121 142
Route 7 :  15 70 46 146 13 170 113 97 115 92 192 197 55 44 155 144
Route 8 :  49 61 98 161 59 159 198 83 93 183 193 149 84 9 109 184
Route 9 :  71 171 5 63 163 105 30 23 130 123 73 173 14 58 158 114
Route 10 :  82 69 182 169 94 194 90 24 190 85 124 45 145 185
Route 11 :  8 27 108 127 37 18 51 137 118 1 151 101 26 126
Route 12 :  80 66 180 96 166 43 143 196 62 3 162 103 56 156
