Instance name : poa-n800-1
Authors       : Dmitriy Demin, Mikhail Diakov (msd@veeroute.com), Ivan Ilin, Nikita Ivanov, Viacheslav Sokolov (vs@veeroute.com) et al. VRt Global (https://veeroute.com/)
Date          : 2023-04-24
Reference     : veeroute.com
Solution
Route 1 : 360 186 760 334 586 207 734 98 498 607
Route 2 : 167 276 567 676 227 322 228 231 627 631 628 722 158 558
Route 3 : 299 295 338 695 738 352 752 313 699 8 181 408 713 581
Route 4 : 221 621 367 57 2 381 402 767 781 396 457 796
Route 5 : 42 242 268 642 442 668 188 588 366 273 245 261 673 766 645 661
Route 6 : 387 185 139 787 585 539 83 312 483 712
Route 7 : 368 768 64 201 601 464 224 624 25 270 124 670 113 513 524 425
Route 8 : 149 549 281 282 154 682 681 554 323 202 602 392 723 792
Route 9 : 291 84 484 240 691 287 266 329 687 640 729 666 400 800
Route 10 : 191 14 591 7 414 210 407 70 610 470
Route 11 : 269 80 669 363 480 122 763 522 165 179 54 193 565 579 454 593
Route 12 : 216 33 616 433 379 286 779 135 686 535 21 421 247 647
Route 13 : 41 136 536 441 277 359 759 377 332 777 677 369 732 769
Route 14 : 104 504 72 20 472 138 420 150 550 355 538 755 69 469
Route 15 : 350 750 305 37 705 437 74 168 347 474 568 747
Route 16 : 382 71 86 471 10 348 782 486 326 410 748 726
Route 17 : 79 34 479 258 219 60 619 301 658 701 370 460 770 434
Route 18 : 101 501 318 89 91 147 489 547 294 718 491 386 694 786
Route 19 : 3 178 578 58 403 82 111 458 90 511 99 482 174 490 499 574
Route 20 : 260 255 391 237 655 791 265 660 637 665 311 296 297 696 711 697
Route 21 : 394 794 173 68 263 468 259 306 663 659 573 196 706 176 596 576
Route 22 : 35 121 342 521 435 742 93 337 137 246 493 537 646 737
Route 23 : 50 153 87 487 450 358 553 243 302 702 643 758 162 562
Route 24 : 384 278 81 784 481 678 209 331 609 88 223 623 488 731
Route 25 : 12 195 180 320 412 580 595 309 720 709
Route 26 : 148 109 548 102 509 356 502 73 56 756 456 473
Route 27 : 214 280 146 26 614 680 546 426 94 333 494 733
Route 28 : 92 249 256 649 656 492 49 53 449 453 129 389 529 789
Route 29 : 300 335 398 700 735 383 385 798 783 344 785 744
Route 30 : 285 40 226 685 626 75 475 283 440 151 125 525 551 23 683 423
Route 31 : 206 606 319 197 719 597 203 364 603 166 298 349 698 566 764 749
Route 32 : 241 95 495 641 289 16 120 689 520 390 262 416 662 238 638 790
Route 33 : 43 5 205 443 605 204 405 604 397 220 341 797 183 583 741 620
Route 34 : 141 284 142 65 345 465 541 684 745 542 29 429
Route 35 : 163 563 27 427 130 118 51 451 530 290 518 690
Route 36 : 107 78 478 52 452 507 11 169 171 330 569 571 411 730
Route 37 : 351 751 211 611 36 234 62 634 13 436 15 462 415 413
Route 38 : 159 559 213 613 6 406 252 222 235 652 635 327 622 257 727 657
Route 39 : 4 303 404 703 17 184 175 584 575 145 417 545 365 765
Route 40 : 152 119 236 552 636 519 253 251 353 653 651 753
Route 41 : 395 376 795 357 757 275 776 24 143 424 675 543 328 728
Route 42 : 310 710 212 612 116 516 164 346 564 106 746 506
Route 43 : 61 272 461 112 672 127 527 189 512 232 632 589 157 239 639 557
Route 44 : 47 67 30 447 430 254 314 467 76 476 714 654 85 485
Route 45 : 22 115 422 198 190 515 598 316 590 371 771 716
Route 46 : 194 182 594 229 324 582 133 629 724 533 97 225 625 230 497 630
Route 47 : 172 161 572 271 199 671 599 561 32 103 77 477 503 372 432 772
Route 48 : 244 114 45 514 140 233 644 445 292 633 540 200 692 1 600 156 556 401
Route 49 : 374 774 304 378 704 778 117 354 19 517 419 754
Route 50 : 307 144 315 373 707 715 544 38 773 438
Route 51 : 63 463 293 108 308 708 693 508 217 105 617 505 59 55 459 455
Route 52 : 340 740 46 48 39 448 439 446 192 110 170 510 399 592 570 799
Route 53 : 317 31 336 431 717 736 267 134 534 96 667 123 496 523
Route 54 : 208 375 775 608 248 66 393 793 648 466 362 762
Route 55 : 44 18 444 418 28 343 743 428
Route 56 : 274 218 674 264 126 9 526 409 380 664 618 177 780 577
Route 57 : 321 215 721 615 288 361 688 325 761 725 279 160 131 531 679 560
Route 58 : 187 128 250 528 155 650 100 500 132 339 532 388 555 587 739 788