Instance name : poa-n1500-3
Authors       : BIG3 - Dmitriy Yampolskiy, Egor Nikolaev and Daria Savina. Smart Logistics Point by the BigThree team (big3.ru).
Date          : 2025-04-22
Reference     : BigThree team (big3.ru)
Solution
Route 1 : 142 9 759 469 1219 289 1039 393 892 720 396 1146 1470 441 1191 18 1143 768 315 643 1065 257 1007 1393
Route 2 : 171 336 921 163 913 446 1086 471 114 1221 864 271 1196 513 1021 40 60 1263 329 790 1079 810 34 321 427 1071 784 1177
Route 3 : 497 1247 320 1070 392 714 1142 700 1450 1464 745 175 374 925 1124 1495 411 404 519 1161 1269 1154
Route 4 : 265 179 929 263 1013 260 100 1010 850 189 1015 509 26 1259 458 939 1208 13 776 243 539 1289 763 993
Route 5 : 594 228 978 1344 102 491 1241 852 547 280 1297 449 1030 352 606 1102 1199 595 1345 1356 218 249 999 968
Route 6 : 181 586 931 192 942 164 1336 43 914 299 1049 659 793 644 1394 364 1409 11 131 881 761 1114 316 1066
Route 7 : 59 226 332 976 543 524 1082 809 229 686 1293 1274 1436 51 979 607 801 1357 133 162 912 191 941 883
Route 8 : 749 368 330 1118 1080 112 1499 685 168 334 198 529 918 1084 1435 948 1279 722 738 1488 699 1472 1449 862
Route 9 : 140 589 1339 414 1164 890 241 569 991 1319 489 223 244 973 1239 462 732 994 680 1212 736 1482 1486 1430
Route 10 : 559 1309 726 201 1476 120 951 619 620 870 675 1369 1370 1425 294 391 248 1044 998 1141
Route 11 : 322 743 1072 119 384 579 1134 1329 361 1493 869 183 1111 16 314 933 1064 766 207 698 1448 28 957 778
Route 12 : 405 447 95 1155 845 581 1197 214 1331 721 724 650 1474 1400 964 692 1471 605 693 1443 1442 1355 511 1261
Route 13 : 109 148 616 859 660 1366 898 737 1487 161 1410 325 1075 911 338 74 151 824 49 506 1256 901 1088 799
Route 14 : 312 502 1252 190 940 501 129 1062 166 879 105 855 916 1251 297 53 1047 803 57 470 1220 807 307 1057
Route 15 : 432 1182 195 649 945 77 1399 695 572 827 455 1322 748 1445 1205 1498 178 741 1491 678 1428 928
Route 16 : 10 760 359 255 296 614 1109 526 1276 1046 1364 1005 145 354 291 895 1041 1104 172 387 335 1137 922 1085
Route 17 : 495 93 843 1245 640 200 346 950 1390 211 1096 180 930 525 421 961 1171 648 1275 459 1209 98 439 848 1189 1398
Route 18 : 85 835 433 347 1097 434 1184 115 1183 46 865 383 1133 400 625 796 273 1375 1023 593 1343 1150
Route 19 : 174 345 687 702 1095 1452 159 924 909 158 908 353 358 585 1335 1103 1437 1108 658 1408 568 185 935 1318
Route 20 : 417 1167 426 56 1176 277 63 806 356 1027 1106 632 407 813 1157 66 1382 121 816 431 871 544 1181 1294
Route 21 : 596 176 1346 590 926 746 1496 89 647 1340 301 839 4 754 130 880 621 728 1051 1397 1371 1478
Route 22 : 552 1302 704 679 442 1429 1454 653 1192 656 236 578 986 1403 1328 716 1406 1466 224 290 1040 54 804 974
Route 23 : 399 1149 419 88 1169 461 1211 838 696 39 542 1446 789 710 1460 1292 733 196 946 415 1483 1165
Route 24 : 706 1456 540 655 1290 1405 81 79 486 654 1404 293 1043 1236 831 829 445 522 1272 665 1415 1195
Route 25 : 106 279 856 558 1029 1308 32 782 424 360 1174 278 1028 1110 520 87 499 500 837 1250 1270 1249
Route 26 : 197 947 608 734 1484 1358 15 55 765 517 638 805 251 1267 1388 160 1001 319 910 670 1069 1420
Route 27 : 677 1427 96 326 245 1076 846 995 107 562 73 823 1312 250 857 1000 252 477 1227 456 1002 1206
Route 28 : 493 37 1243 451 787 1201 712 108 202 952 488 1462 591 858 1238 1341 473 550 1300 623 1223 1373
Route 29 : 253 182 308 1003 333 3 932 1058 1083 386 343 753 1136 636 1093 1386 717 219 170 1467 554 1304 920 27 777 969
Route 30 : 269 663 1019 24 1413 711 774 684 1461 169 919 598 1434 729 556 235 1306 1348 615 1479 985 1365
Route 31 : 416 398 266 1148 344 1016 1094 662 1166 92 842 576 436 1326 1186 19 44 1412 546 1296 769 794
Route 32 : 283 629 1033 508 1379 609 1258 1359 630 222 1380 633 972 683 1383 454 341 1091 1433 1204 604 1354
Route 33 : 225 274 975 666 1416 267 1024 1017 217 33 389 1139 967 8 783 143 587 588 758 893 1338 1337
Route 34 : 6 357 1107 756 646 468 563 1218 1396 1313 71 601 1351 821 155 38 574 788 905 1324
Route 35 : 448 657 298 1048 220 970 1407 17 767 1198 313 634 1063 703 652 1384 1453 270 282 1020 132 1402 882 1032
Route 36 : 602 1352 637 705 1387 1455 281 537 713 1031 584 1287 689 1463 1334 30 382 1132 1439 780 379 1129
Route 37 : 342 372 50 1122 1092 800 165 534 1284 41 915 116 791 553 437 627 1377 866 612 1303 1187 1362
Route 38 : 463 430 1213 124 874 1180 541 1291 418 135 238 1168 515 237 885 744 987 348 988 1265 1494 309 1098 29 779 1059
Route 39 : 68 701 818 1451 94 126 876 284 844 370 1120 476 1034 232 982 472 113 1222 863 1226 518 1268
Route 40 : 36 1 786 718 751 1468 533 221 258 1008 971 153 1283 422 72 822 624 903 435 1172 1185 1374
Route 41 : 668 138 409 104 507 1418 854 1159 1257 669 610 888 1419 484 47 1360 311 1234 797 664 373 478 1123 1228 1061 1414
Route 42 : 545 691 376 1441 395 1145 397 1126 1295 1147 259 128 1009 125 878 80 875 199 505 1255 830 949
Route 43 : 557 67 1307 531 83 1281 833 817 209 295 739 1045 1489 959 134 884 371 651 1121 475 1225 1401
Route 44 : 366 337 709 1459 1087 599 1116 292 1042 310 1349 1060 464 285 1214 103 1035 5 490 755 1240 853
Route 45 : 613 1363 101 355 1105 390 851 492 1140 1242 239 504 1254 481 989 75 1231 154 904 825 603 377 1353 1127
Route 46 : 318 286 410 2 1160 479 1068 362 1036 752 1112 306 35 1229 1056 785 564 276 1026 628 1314 690 1440 1378
Route 47 : 110 860 111 25 45 775 188 938 795 861 52 802 152 69 413 1163 902 555 573 1323 1305 819
Route 48 : 256 1006 62 84 834 457 233 812 340 1090 1207 70 983 820 136 317 1067 886 275 1025 205 149 955 566 899 1316
Route 49 : 375 538 503 1125 674 1253 1288 1424 402 597 485 1152 1235 498 1248 1347 367 7 480 1117 1230 757
Route 50 : 494 1244 428 349 1178 408 1099 378 1158 523 1128 1273 474 234 91 984 841 639 1389 1224
Route 51 : 118 868 708 618 1368 727 1458 1477 735 1485 626 682 1376 401 1432 676 1151 731 1426 1481
Route 52 : 184 688 1438 61 528 934 811 394 1278 1144 465 187 937 444 1194 1215 667 567 1417 1317
Route 53 : 203 139 889 510 206 1260 956 611 1361 264 483 1014 117 953 1233 303 867 530 64 814 302 1053 272 1052 1280 1022
Route 54 : 86 836 403 193 167 943 1153 12 210 580 917 762 960 723 1330 600 1473 1350 570 1320 521 247 1271 997
Route 55 : 460 262 365 1210 740 1012 123 1115 873 467 157 907 1490 1217 173 561 1311 923 453 1203
Route 56 : 514 141 512 1264 1262 725 891 694 671 1475 487 1237 1421 261 1444 1011 42 350 1100 792
Route 57 : 327 204 213 963 577 954 1077 527 1277 617 122 681 1327 1367 1431 872 351 90 438 1188 840 641 1101 1391
Route 58 : 150 571 1321 900 300 177 31 227 1050 230 927 781 977 980 742 97 697 240 1492 847 1447 990
Route 59 : 144 894 730 1480 516 575 1266 215 583 965 1333 1325 635 381 645 1131 1395 1385 672 1422
Route 60 : 324 622 1074 482 429 1232 147 1372 1179 707 897 208 268 1457 565 958 14 1018 1315 532 194 944 1282 715 1465 764
Route 61 : 48 798 719 1469 440 452 328 388 1202 1138 1190 1078 406 496 1156 1246 21 186 936 137 423 1173 887 771
Route 62 : 23 536 127 773 877 380 443 1286 363 1113 1193 1130 535 287 76 1285 1037 305 826 1055 592 1342 22 212 962 772
Route 63 : 466 747 1216 1497 582 425 82 1175 832 1332 146 339 450 1200 420 1170 246 1089 896 996 20 65 770 815
Route 64 : 642 661 750 1392 631 1500 1411 156 369 1381 1119 254 412 1004 1162 906 548 1298 242 231 549 992 673 981 1299 1423
Route 65 : 560 58 385 1135 331 216 1081 966 1310 808 99 288 304 1054 78 849 1038 323 828 551 1073 1301
