Instance name : poa-n4000-5
Authors       : Isaiah Reimer (isaiah.reimer@rideco.com). RideCo (rideco.com)
Date          : 2023-04-04
Reference     : Rideco PDPTW Solver
Solution
Route 1 : 1644 3644 660 1583 3583 2660 1608 43 2043 3608
Route 2 : 1052 1239 622 3239 537 2622 2537 1571 3571 3052
Route 3 : 1071 520 646 3071 2646 2520 1766 1936 3766 3936
Route 4 : 1657 104 2104 1747 1687 3687 3657 13 3747 2013 345 2345
Route 5 : 189 1979 2189 3979 420 1031 3031 2420
Route 6 : 523 656 273 2273 2656 2523 1478 1950 3950 3478
Route 7 : 806 832 2806 1622 384 2384 2832 243 1171 3622 2243 3171
Route 8 : 1285 1843 3843 3285 1427 3427 529 2529
Route 9 : 5 1129 2005 1079 3079 964 3129 1076 2964 3076 237 2237
Route 10 : 149 823 18 2018 2149 2823 457 995 2457 2995
Route 11 : 1289 1565 319 3289 1604 2319 3565 472 3604 2472
Route 12 : 308 1011 1857 2308 3011 1419 3419 3857 134 2134
Route 13 : 223 1978 2223 994 3978 2994 132 491 2132 2491
Route 14 : 1236 1717 3236 607 3717 2607 812 802 2802 2812
Route 15 : 206 949 980 2949 1357 2980 3357 441 2206 1262 2441 3262
Route 16 : 176 1291 867 2867 3291 2176 1136 831 906 3136 2831 2906
Route 17 : 1127 1359 3127 3359 316 2316 1853 779 3853 2779
Route 18 : 746 2746 1795 3795 1475 3475 764 1748 3748 2764
Route 19 : 1123 3123 1461 105 2105 1484 3484 3461 614 1034 3034 2614
Route 20 : 347 2347 229 2229 585 2585 1555 1033 3555 751 2751 3033
Route 21 : 1900 1430 3900 1368 3430 1856 3368 3856
Route 22 : 630 399 1784 2630 2399 3784 1120 130 3120 2130
Route 23 : 985 2985 106 470 2106 2470 233 1563 3563 2233
Route 24 : 1288 725 1520 2725 3288 654 3520 2654 1068 3068
Route 25 : 493 2493 593 1026 2593 1108 3026 3108 959 2959
Route 26 : 1223 324 2324 1497 3223 369 2369 3497
Route 27 : 108 602 532 2108 2532 1859 2602 3859
Route 28 : 1458 669 1691 2669 3691 3458 1122 208 3122 2208
Route 29 : 864 1849 2864 1267 1699 3849 3267 524 3699 2524
Route 30 : 574 1645 2574 1401 3645 1243 3401 3243 781 2781
Route 31 : 1927 3927 899 1960 2899 155 3960 1301 2155 3301
Route 32 : 1921 1702 487 911 3921 3702 2487 2911
Route 33 : 1963 3963 1793 3793 1494 151 3494 1319 1632 3319 2151 3632
Route 34 : 1156 171 2171 468 3156 1152 1040 2468 3152 3040
Route 35 : 1030 1213 3030 1651 3213 509 3651 2509
Route 36 : 575 2575 76 1811 2076 3811 1942 1190 3942 3190
Route 37 : 143 982 2982 2143 1755 1176 3176 3755
Route 38 : 1820 3820 1017 1629 3017 3629 1077 3077
Route 39 : 205 2205 227 2227 648 2648 363 1408 3408 2363
Route 40 : 740 1381 3381 2740 1150 1376 84 3150 2084 3376
Route 41 : 322 1509 2322 3509 261 2261 1855 1671 3855 381 2381 3671
Route 42 : 458 107 2107 2458 1983 1438 3438 3983 1028 1372 3028 3372
Route 43 : 666 2666 1230 136 3230 1193 636 2136 2636 3193
Route 44 : 1974 3974 732 1572 1397 2732 162 3572 3397 2162
Route 45 : 1199 3199 1562 344 1903 2344 3562 3903 1202 3202
Route 46 : 301 188 2301 804 2188 1806 3806 2804
Route 47 : 1027 404 1981 3027 3981 813 2404 849 2813 2849
Route 48 : 1117 3117 194 1159 332 3159 2194 2332 3 2003
Route 49 : 1613 1740 3613 1962 3962 287 3740 2287
Route 50 : 421 159 2159 1659 2421 552 2552 1976 3659 3976
Route 51 : 1758 1852 992 3852 3758 1753 317 2992 2317 3753
Route 52 : 1309 513 3309 2513 1215 3215 1244 1672 3244 3672
Route 53 : 115 507 2507 876 2115 1625 516 3625 2516 2876
Route 54 : 157 2157 1468 710 1847 3468 3847 2710 1138 3138
Route 55 : 445 1531 678 2445 3531 453 2453 1198 3198 2678
Route 56 : 1866 3866 877 2877 1854 1695 731 2731 3695 3854
Route 57 : 311 2311 961 835 2835 2961 1399 726 3399 2726
Route 58 : 276 1929 859 2276 112 2859 2112 3929 1964 3964
Route 59 : 1826 1664 1432 3664 3432 1619 3619 3826 1763 447 3763 2447
Route 60 : 649 2649 51 2051 1162 3162 1170 1083 3170 3083
Route 61 : 88 2088 1893 323 3893 1081 3081 2323 770 2770
Route 62 : 561 1514 1488 3514 2561 250 303 2250 2303 3488
Route 63 : 66 1599 1413 2066 3599 3413 1044 1424 739 3044 2739 3424
Route 64 : 1588 3588 1668 3668 1012 1902 3012 998 3902 2998
Route 65 : 803 1355 2803 1383 3355 1165 844 3165 2844 3383
Route 66 : 955 102 1486 2102 2955 3486 1296 1133 3296 3133
Route 67 : 1754 1064 3064 244 27 3754 2244 1043 2027 3043
Route 68 : 1444 1742 3444 548 3742 2548 1276 1576 3576 3276
Route 69 : 901 1765 267 2267 3765 1684 2901 594 3684 2594
Route 70 : 1395 90 2090 3395 1384 3384 1636 715 3636 2715 902 2902
Route 71 : 933 965 2933 2965 161 870 2870 2161
Route 72 : 392 2392 257 724 2257 604 2724 2604
Route 73 : 1525 1612 3612 3525 1107 318 455 3107 2318 2455
Route 74 : 1871 3871 17 2017 1666 1186 3186 3666
Route 75 : 1915 231 298 2298 2231 79 3915 756 2079 1259 2756 3259
Route 76 : 1808 3808 525 2525 1131 975 1551 3551 3131 2975
Route 77 : 522 2522 599 412 2599 2412 1696 1207 3696 3207
Route 78 : 1688 1046 3688 1269 3046 627 758 2758 3269 2627
Route 79 : 571 836 2836 2571 1096 498 2498 3096 216 2216
Route 80 : 983 39 148 2039 1724 2148 3724 385 2385 2983
Route 81 : 938 620 596 2620 942 2942 2596 1029 3029 2938
Route 82 : 723 1452 1118 3118 3452 2723 256 2256
Route 83 : 1242 790 3242 814 2790 1394 3394 353 60 2353 2814 2060
Route 84 : 270 1761 2270 3761 481 297 2297 2481
Route 85 : 133 1749 2133 3749 1878 442 2442 378 3878 2378 1718 3718
Route 86 : 1415 785 3415 2785 787 2787 12 1323 2012 1303 3323 3303
Route 87 : 1700 647 3700 2647 1318 1184 3318 3184 78 712 2078 2712
Route 88 : 755 1831 3831 1560 1374 2755 3374 3560 275 2275
Route 89 : 752 1094 2752 3094 109 1252 2109 1240 3240 3252
Route 90 : 20 139 2020 973 2139 1955 1760 2973 3955 3760
Route 91 : 1417 3417 674 650 1899 2674 2650 1507 3899 1474 3507 3474
Route 92 : 1481 419 1088 1712 2419 3712 3088 64 2064 3481
Route 93 : 631 2631 839 1036 471 2839 2471 3036 434 2434
Route 94 : 77 2077 587 592 583 2592 2583 2587 354 21 2354 2021
Route 95 : 187 788 164 2187 2788 2164 182 1024 2182 608 2608 3024
Route 96 : 564 31 2564 173 2173 2031 1197 16 3197 2016
Route 97 : 1183 1500 3183 1633 3500 278 3633 2278 86 2086
Route 98 : 438 2438 137 2137 861 47 2861 2047 46 2046
Route 99 : 1896 480 3896 236 2480 2236 215 2215
Route 100 : 1908 95 2095 3908 469 624 2624 2469
Route 101 : 1149 320 559 2320 2559 3149 100 2100 1762 3762 783 2783
Route 102 : 786 444 2786 857 2444 695 2857 2695 1263 3263
Route 103 : 1331 1099 3331 703 3099 2703 1529 1348 1676 3529 3676 3348
Route 104 : 1278 1816 3278 3816 1798 1932 3932 48 3798 2048
Route 105 : 1406 1943 3406 1196 3943 459 2459 3196 1232 3232
Route 106 : 1736 1617 3617 1959 3736 681 2681 479 3959 2479 335 2335
Route 107 : 538 146 2538 887 2146 1113 2887 1489 3489 3113
Route 108 : 1616 744 3616 277 1596 1008 2744 2277 3596 3008
Route 109 : 366 818 2366 873 2818 2873 1405 576 3405 2576
Route 110 : 1741 3741 954 1249 3249 1585 3585 2954 827 2827
Route 111 : 527 1472 2527 3472 581 1972 456 2581 2456 3972
Route 112 : 1105 3105 1398 679 3398 761 2679 2761 357 2357
Route 113 : 1614 451 1707 847 3614 2451 8 2008 2847 3707
Route 114 : 663 1957 1085 2663 705 3085 3957 2705
Route 115 : 111 1764 1295 2111 3764 3295 165 1352 2165 3352
Route 116 : 1770 1457 113 3770 735 2113 2735 3457 1999 3999
Route 117 : 1973 1968 3973 1366 3366 3968 37 1928 3928 2037
Route 118 : 556 962 500 2556 991 2962 2500 2991
Route 119 : 1238 1448 3238 3448 1132 177 2177 3132
Route 120 : 1080 152 2152 3080 970 2970 1369 833 3369 2833
Route 121 : 997 939 2997 691 2939 1005 2691 71 3005 2071
Route 122 : 1093 294 3093 145 1258 2294 2145 3258
Route 123 : 1830 3830 1506 1511 3506 3511 1868 3868 628 2628
Route 124 : 1956 178 1054 2178 1045 3054 3045 1982 3956 3982
Route 125 : 1870 682 359 3870 2682 811 2359 2811 1930 3930
Route 126 : 1628 3628 368 2368 701 1066 3066 2701 795 2795
Route 127 : 1692 1429 1451 3429 3451 1371 3692 3371
Route 128 : 1174 3174 390 2390 255 1892 1177 2255 3177 3892
Route 129 : 452 1909 1775 3775 1114 3909 321 2321 3114 2452
Route 130 : 730 872 652 2872 696 2696 2652 2730 853 2853
Route 131 : 1210 3210 565 1499 3499 805 2565 1885 3885 1070 2805 3070
Route 132 : 1655 3655 1146 119 2119 3146 1732 1279 3732 3279
Route 133 : 210 2210 1217 967 2967 3217 741 169 2741 2169
Route 134 : 193 923 313 2923 2313 1653 3653 1178 3178 2193
Route 135 : 706 2706 1568 3568 1895 1813 3895 837 2837 3813
Route 136 : 35 943 2943 810 2810 1690 3690 971 2971 2035
Route 137 : 988 1513 2988 3513 464 114 2464 2114
Route 138 : 935 2935 676 1850 2676 3850 1715 140 3715 2140
Route 139 : 840 667 2840 282 2667 1615 2282 904 2904 3615
Route 140 : 1158 670 1476 3476 2670 3158 1284 597 2597 3284
Route 141 : 972 2972 249 2249 534 1454 3454 2534
Route 142 : 743 2743 1756 3756 163 2163 1550 3550 953 2953 680 2680
Route 143 : 372 1730 3730 2372 1593 896 2896 3593
Route 144 : 1926 1939 3926 3939 186 570 2570 2186
Route 145 : 944 158 2158 2944 1188 116 2116 930 3188 2930
Route 146 : 230 514 1459 2230 2514 3459
Route 147 : 1164 1091 1948 3091 3164 3948 766 1530 3530 2766
Route 148 : 1004 1527 3004 3527 1182 1920 3182 3920
Route 149 : 1441 3441 1137 1803 3137 3803 49 918 2918 2049
Route 150 : 699 2699 1200 260 3200 858 2260 528 2528 2858
Route 151 : 1143 1442 3442 201 1194 3143 2201 1580 3194 3580
Route 152 : 1837 618 150 2618 2150 3837 1626 1181 1773 3773 3626 3181
Route 153 : 511 1402 360 2511 1994 3402 2360 3994
Route 154 : 869 2869 1305 1725 3305 609 3725 717 2609 698 2698 2717
Route 155 : 661 1933 3933 1148 3148 2661 24 142 2142 4 2024 2004
Route 156 : 427 1709 789 2427 3709 1873 2789 3873 632 2632
Route 157 : 264 1823 3823 1425 2264 251 3425 1792 3792 2251
Route 158 : 281 1349 1547 3547 1001 3349 2281 1673 3001 3673
Route 159 : 1590 3590 517 437 2517 1090 2437 1385 3385 3090
Route 160 : 734 1471 2734 748 3471 1140 3140 2748 1988 3988
Route 161 : 300 207 2300 198 2207 1173 485 2198 2485 3173
Route 162 : 947 2947 531 2531 875 1350 2875 733 3350 172 2172 2733
Route 163 : 697 1952 3952 1911 2697 1635 3911 3635 30 905 2905 2030
Route 164 : 1595 1704 3595 910 325 3704 2325 2910
Route 165 : 1569 842 3569 2842 101 547 2101 1389 3389 2547
Route 166 : 890 2890 1460 562 3460 2562 293 330 2293 2330
Route 167 : 168 1768 3768 530 337 2168 1308 2337 2530 3308 362 2362
Route 168 : 1567 1206 1752 1130 3206 3752 3567 889 2889 551 3130 2551
Route 169 : 1923 3923 753 1428 3428 284 2753 341 2341 2284
Route 170 : 1354 1310 3310 1237 302 3354 3237 2302 1480 3480
Route 171 : 1678 1867 3867 1153 3153 1640 3678 3640 760 2760
Route 172 : 475 1534 2475 167 888 3534 2888 2167 1880 3880
Route 173 : 1631 3631 1986 239 843 2843 3986 2239 1209 936 3209 2936
Route 174 : 200 2200 1869 1787 3869 3787 1861 1347 3861 3347
Route 175 : 1797 721 572 2721 1839 3797 2572 1443 3839 3443
Route 176 : 74 2074 757 2757 774 1277 1575 3277 2774 3575
Route 177 : 645 1677 1918 2645 3918 1134 3677 3134 623 2623
Route 178 : 352 2352 539 1879 3879 289 2539 411 2289 2411
Route 179 : 1293 1216 3216 3293 1641 1663 3641 3663
Route 180 : 413 2413 1521 1115 3521 1777 3115 3777 1098 3098
Route 181 : 880 1997 3997 828 2880 96 2828 2096
Route 182 : 1818 1685 3818 3685 290 2290 1204 1805 1512 3805 3512 3204
Route 183 : 690 379 2690 1322 1967 3967 3322 2379 97 2097 1325 3325
Route 184 : 1829 1985 540 3829 2540 3985 339 1658 156 2339 3658 2156
Route 185 : 1261 40 3261 1611 3611 747 315 2747 2315 1711 3711 2040
Route 186 : 82 1073 573 2082 2573 1809 1518 3809 3518 3073
Route 187 : 1375 307 3375 1679 3679 1312 2307 3312
Route 188 : 1546 3546 1917 1112 3917 1257 462 3112 3257 2462
Route 189 : 763 1701 3701 2763 1743 355 878 2355 406 3743 2406 2878
Route 190 : 439 1862 398 2439 2398 3862 1597 1828 3828 3597
Route 191 : 246 1286 2246 1271 3286 1260 3271 683 3260 2683
Route 192 : 1542 1799 3542 1570 3799 1063 3570 1785 3063 3785
Route 193 : 380 1989 2380 3989 1328 536 1103 3103 2536 3328
Route 194 : 418 2418 1801 3801 1089 3089 484 987 2484 2987
Route 195 : 550 566 58 2550 2566 2058 1234 3234
Route 196 : 1865 1623 913 3623 2913 3865 367 1245 2367 3245
Route 197 : 912 2912 190 50 2190 81 769 2769 2081 2050
Route 198 : 348 1720 922 2348 3720 727 2922 1254 3254 2727
Route 199 : 657 489 2657 2489 1642 432 129 2432 2129 3642
Route 200 : 1059 791 2791 1618 38 3059 3618 1002 2038 3002
Route 201 : 1746 3746 1721 386 3721 2386 397 1796 2397 3796
Route 202 : 1807 1219 93 3807 2093 3219 25 582 2582 2025
Route 203 : 103 800 1941 3941 2103 2800 1111 3111 948 2948
Route 204 : 1970 460 2460 1627 3970 1386 3627 3386
Route 205 : 1100 979 3100 759 1016 3016 2759 2979
Route 206 : 1346 825 3346 1620 3620 2825 54 68 2068 2054
Route 207 : 120 2120 874 2874 830 203 1469 2203 2830 1313 3469 3313
Route 208 : 1356 185 616 3356 2185 2616 1965 3965
Route 209 : 1882 1208 3882 110 3208 807 2110 2807 291 2291
Route 210 : 801 15 2801 1078 2015 1610 3078 533 2533 3610
Route 211 : 283 83 1463 2083 1333 3463 295 2283 3333 2295 1919 3919
Route 212 : 53 1815 2053 3815 1812 1365 693 3365 3812 990 2693 2990
Route 213 : 993 1039 3039 2993 144 860 2144 2860 72 2072 1351 3351
Route 214 : 1166 3166 1227 1364 3227 1566 3364 3566 280 214 2214 2280
Route 215 : 61 578 1637 192 2061 2578 2192 713 3637 2713
Route 216 : 745 370 2370 305 2745 1733 1848 2305 3733 3848
Route 217 : 1998 3998 1804 1783 3783 1780 3780 1887 3804 3887 346 2346
Route 218 : 1119 611 894 3119 1714 2611 2894 3714
Route 219 : 1023 3023 1477 3477 909 1609 1084 3609 2909 3084
Route 220 : 1913 1297 3297 1519 3913 3519 1275 768 3275 2768
Route 221 : 502 2502 1060 1504 1510 3510 3060 3504 1179 3179
Route 222 : 1187 1584 3187 1433 3584 3433 1387 3387
Route 223 : 292 981 2292 714 1723 2714 1298 2981 3723 1222 3222 3298
Route 224 : 1074 3074 334 2334 767 1235 2767 3235 225 1889 2225 3889
Route 225 : 416 2416 217 2217 440 2440 1891 668 3891 2668 809 2809
Route 226 : 1729 258 3729 2258 338 543 2338 26 2543 2026
Route 227 : 1125 45 3125 2045 817 1161 1545 3545 2817 3161
Route 228 : 1600 851 3600 52 2052 2851 1482 1221 3482 3221
Route 229 : 1370 3370 1014 1890 1738 3738 3014 3890 1791 3791
Route 230 : 403 567 2567 1750 2403 3750 486 2486 1248 3248
Route 231 : 1412 1647 3412 1082 3647 941 2941 1630 1175 3175 3082 3630
Route 232 : 424 1306 2424 1577 3577 3306 1056 1776 3776 3056
Route 233 : 1553 1377 3553 3377 1421 686 3421 2686 605 2605
Route 234 : 121 722 855 2855 1660 3660 2722 383 2121 2383
Route 235 : 1886 1819 3886 1225 3819 1810 1656 3225 3810 3656
Route 236 : 1860 1128 3128 1307 3860 1299 3299 1832 3832 3307
Route 237 : 1648 3648 1980 826 3980 963 897 2963 2826 2897
Route 238 : 1734 711 2711 684 3734 426 929 2684 2929 2426
Route 239 : 191 312 123 2123 2191 2312 449 351 2449 2351
Route 240 : 1465 1247 1403 3247 3465 3403 1564 924 3564 2924
Route 241 : 1825 1586 3825 771 3586 2771 126 750 2750 2126
Route 242 : 1160 211 1977 3160 3977 1834 560 3834 2560 2211
Route 243 : 135 1032 2135 3032 1435 56 655 2655 2056 3435
Route 244 : 477 2477 57 1436 494 2057 3436 2494
Route 245 : 1975 22 3975 391 2022 1315 2391 3315
Route 246 : 1846 688 915 3846 2688 2915 9 2009 1581 3581
Route 247 : 634 269 2634 2269 577 519 2577 2519
Route 248 : 863 1995 2863 1940 978 3995 2978 1141 3940 3141
Route 249 : 625 598 2598 482 2625 1759 2482 1092 3092 3759
Route 250 : 1470 1898 3898 3470 1453 848 3453 2848 845 2845 664 2664
Route 251 : 515 1537 2515 274 3537 1327 2274 1072 3072 3327
Route 252 : 326 792 976 2326 1492 2792 3492 2976
Route 253 : 1102 3102 881 1003 3003 2881 1722 1884 3884 1498 3722 3498
Route 254 : 1835 1961 1087 3087 3835 1229 1467 3467 3229 3961
Route 255 : 1693 1727 3727 3693 401 1270 2401 3270
Route 256 : 1358 977 448 2977 3358 2448 974 1344 2974 3344
Route 257 : 1639 3639 1067 3067 1634 492 3634 436 2492 197 2197 2436
Route 258 : 1703 966 2966 3703 1705 128 2128 3705 405 2405
Route 259 : 884 221 2884 202 563 2563 2221 2202 780 2780
Route 260 : 932 1055 651 3055 1822 2651 2932 1864 3822 3864
Route 261 : 1009 501 2501 3009 765 299 2765 2299
Route 262 : 653 1414 2653 3414 879 510 2510 2879 340 2340
Route 263 : 606 2606 1264 1185 3264 3185 1665 920 3665 2920
Route 264 : 219 465 1314 2465 3314 238 2238 957 463 2957 2463 2219
Route 265 : 1169 925 2925 253 3169 1214 2253 3214 1407 3407 19 2019
Route 266 : 1363 689 3363 1337 1876 3337 3876 473 2689 2473 1523 3523
Route 267 : 555 310 2555 2310 798 490 742 2798 2490 2742
Route 268 : 1661 3661 1317 429 3317 2429 1360 314 2314 3360
Route 269 : 984 900 2984 1391 2900 1075 3075 3391 1342 3342
Route 270 : 1163 776 3163 2776 1905 1367 3367 3905
Route 271 : 1449 1726 3726 3449 271 1324 2271 3324 541 2541
Route 272 : 417 59 2417 1051 2059 3051 956 396 2396 2956
Route 273 : 1167 3167 288 67 2067 2288 160 1010 2160 3010
Route 274 : 1874 882 3874 1379 2882 3379 428 2428 1362 3362
Route 275 : 34 199 2034 2199 737 69 2069 2737
Route 276 : 1598 94 3598 1592 450 3592 2094 2450 613 2613
Route 277 : 1047 856 3047 2856 784 2784 1996 1993 3993 3996
Route 278 : 946 1431 2946 3431 1144 1589 3589 2 3144 2002
Route 279 : 342 1253 2342 3253 1881 908 3881 70 2908 2070
Route 280 : 1969 374 3969 181 2374 927 2181 1573 3573 2927
Route 281 : 1302 1062 3302 1400 3062 1422 3422 865 2865 3400
Route 282 : 1487 443 3487 309 2443 1340 2309 1332 3332 808 2808 3340
Route 283 : 1326 425 2425 3326 1416 1897 3416 3897 871 2871
Route 284 : 600 829 2829 2600 1287 1594 3594 3287 1393 3393
Route 285 : 495 544 1336 2495 626 2544 3336 885 2626 2885
Route 286 : 1439 75 3439 2075 822 124 2124 2822 1883 3883
Route 287 : 749 665 2665 2749 720 1265 960 2720 1224 3265 3224 2960
Route 288 : 934 673 2673 1833 2934 1042 3833 1440 3440 3042
Route 289 : 557 1603 3603 2557 838 1827 3827 2838
Route 290 : 1329 1316 615 2615 117 461 3329 2461 2117 3316
Route 291 : 1894 1844 3894 1517 3844 1689 3517 3689
Route 292 : 285 2285 247 1320 1731 2247 3320 3731
Route 293 : 1272 3272 640 2640 1437 454 431 3437 2454 2431
Route 294 : 141 2141 1116 3116 883 2883 754 1781 2754 3781
Route 295 : 1579 1800 3579 1602 3800 3602 125 1990 2125 3990
Route 296 : 815 1937 2815 3937 662 2662 950 183 2183 2950
Route 297 : 389 2389 154 242 2154 2242 1382 7 3382 2007
Route 298 : 1951 1535 3535 395 1211 3951 1751 2395 3211 3751
Route 299 : 903 2903 641 1380 1821 3821 3380 2641 1097 1503 3503 3097
Route 300 : 358 1345 2358 1643 3643 331 2331 612 3345 2612
Route 301 : 1048 3048 898 1931 180 2180 2898 1220 3931 3220 1786 3786
Route 302 : 503 36 821 2503 2036 252 1491 3491 2252 2821
Route 303 : 1061 589 2589 1145 3145 658 3061 373 1139 2373 2658 3139
Route 304 : 518 642 2518 245 2642 2245 259 1554 3554 1496 2259 3496
Route 305 : 1426 1587 3426 796 3587 62 2796 2062 1710 1280 3710 3280
Route 306 : 1462 1802 3462 579 147 3802 2147 2579
Route 307 : 228 2228 569 6 2006 1582 2569 3582 716 2716
Route 308 : 306 919 2306 2919 422 643 2643 2422
Route 309 : 891 1935 3935 265 2891 816 1662 3662 2265 2816
Route 310 : 279 1624 2279 1434 3434 3624 1294 1341 3341 3294
Route 311 : 886 248 2886 775 2248 862 2775 506 2862 2506
Route 312 : 968 1757 499 2968 3757 914 65 2499 2065 2914
Route 313 : 222 591 2591 1697 2222 1686 3686 3697
Route 314 : 1706 1728 3728 3706 1767 3767 659 232 2659 2232
Route 315 : 1817 1621 3817 1794 3621 3794 1904 3904 409 2409
Route 316 : 1124 1378 98 3378 3124 1195 2098 1151 3151 3195
Route 317 : 1053 400 2400 3053 1683 1154 3683 377 3154 2377
Route 318 : 1065 1388 91 3388 3065 2091 1013 1189 3013 3189
Route 319 : 1888 3888 1877 1292 1778 3877 3292 1485 3778 3485
Route 320 : 166 1949 2166 3949 931 175 2931 87 2087 2175
Route 321 : 240 603 2603 1147 3147 2240 601 1966 3966 2601
Route 322 : 1205 1549 3549 1538 3205 937 3538 476 2937 2476
Route 323 : 635 89 2635 2089 1922 1069 704 3922 3069 2704
Route 324 : 1101 3101 675 1605 3605 2675 1515 1409 3409 3515
Route 325 : 410 174 2410 328 2174 2328 1543 545 3543 2545
Route 326 : 1836 3836 235 2235 958 558 2958 1745 2558 3745
Route 327 : 1910 3910 588 2588 1455 672 868 3455 2672 2868
Route 328 : 1779 1536 1606 3779 1842 3606 435 3842 2435 762 2762 3536
Route 329 : 1984 296 3984 1652 375 2296 3652 2375 333 2333
Route 330 : 1845 1914 3914 3845 542 969 2969 1411 2542 3411
Route 331 : 430 2430 1774 3774 772 1533 3533 2772
Route 332 : 1556 1924 1180 3924 3556 1987 3180 3987
Route 333 : 1423 3423 466 2466 349 1789 2349 945 3789 2945
Route 334 : 526 1719 2526 272 2272 3719 234 224 2224 2234
Route 335 : 2000 1106 4000 23 3106 2023 866 1228 3228 2866
Route 336 : 1361 3361 1445 1814 586 3445 3814 505 2505 2586 1000 3000
Route 337 : 1772 3772 382 2382 644 1086 2644 685 3086 2685
Route 338 : 709 1035 1958 2709 637 3035 3958 2637 1557 3557
Route 339 : 218 1251 170 2170 1522 3251 3522 415 2415 2218
Route 340 : 1669 3669 1006 819 2819 3006 304 718 671 2304 2671 2718
Route 341 : 1335 3335 1037 402 2402 3037 1155 184 1142 2184 3142 3155
Route 342 : 1025 241 414 2241 2414 3025 1268 952 2952 3268
Route 343 : 1947 3947 1339 584 3339 921 2584 1007 3007 2921
Route 344 : 700 2700 521 1737 1135 3135 3737 2521
Route 345 : 1561 1907 3907 3561 794 1526 2794 3526
Route 346 : 329 1953 2329 371 3953 1058 3058 2371 719 2719
Route 347 : 1838 1 3838 2001 893 1502 3502 2893 1330 3330
Route 348 : 42 1782 3782 1938 2042 3938 1020 1473 3473 3020
Route 349 : 1578 1607 3607 3578 28 11 2028 1483 928 2011 2928 3483
Route 350 : 85 1311 3311 2085 1771 1157 3771 3157 138 2138
Route 351 : 1674 1250 3250 3674 1109 629 3109 1934 2629 3934
Route 352 : 1172 1646 1901 3646 940 2940 3901 3172
Route 353 : 1057 1971 3057 3971 1049 687 3049 2687
Route 354 : 483 996 2483 2996 852 702 2852 2702 1680 3680
Route 355 : 153 1282 2153 3282 1670 327 793 3670 638 2793 2327 2638
Route 356 : 196 1872 2196 1992 3872 361 3992 504 2361 446 2446 2504
Route 357 : 423 1649 2423 3649 1875 3875 179 773 2179 2773
Route 358 : 639 1256 3256 1266 2639 1338 467 3338 3266 2467
Route 359 : 1675 621 2621 1300 1334 3675 3300 3334
Route 360 : 376 262 2376 1233 3233 2262 1192 1667 3192 3667
Route 361 : 549 2549 1466 1281 3281 1516 3466 1558 3516 3558
Route 362 : 1396 266 3396 2266 387 951 1548 2387 3548 2951
Route 363 : 497 1479 2497 3479 1591 590 3591 2590 1858 3858
Route 364 : 1290 388 3290 1744 2388 41 393 2041 3744 2393
Route 365 : 1654 3654 220 1638 2220 1201 1418 3638 3201 1246 3418 3246
Route 366 : 1944 1769 3944 3769 1104 1698 3104 3698 1450 3450
Route 367 : 1241 1168 3241 736 1716 3168 3716 2736
Route 368 : 99 118 2099 478 1218 2118 2478 3218 692 2692
Route 369 : 1945 3945 1524 1540 3540 254 3524 1304 2254 3304
Route 370 : 343 619 2343 2619 617 907 2617 1212 2907 29 3212 2029
Route 371 : 707 633 2707 2633 127 1050 2127 3050
Route 372 : 1390 1539 3539 3390 1851 846 2846 3851
Route 373 : 1841 1541 3541 1650 3841 3650 1946 33 2033 3946
Route 374 : 1682 1493 3493 1501 55 1392 3501 2055 3682 3392
Route 375 : 1231 3231 1126 1095 1925 3126 3095 3925 1021 3021
Route 376 : 999 2999 820 336 1420 2820 63 3420 2336 2063
Route 377 : 433 2433 10 2010 782 1343 841 3343 2782 2841
Route 378 : 350 2350 1574 535 2535 508 3574 1601 3601 2508
Route 379 : 496 122 2496 488 2122 226 2488 2226 1226 3226
Route 380 : 204 2204 1038 1713 3713 1991 3038 3991 1274 3274
Route 381 : 209 2209 892 2892 850 1916 989 2989 2850 3916
Route 382 : 824 2824 1015 3015 729 1912 1508 3912 2729 3508
Route 383 : 917 1906 2917 3906 195 553 2195 1735 3735 2553 32 2032
Route 384 : 268 92 2268 1018 3018 2092 1373 3373 356 2356
Route 385 : 834 212 2834 1041 2212 1788 3041 1273 3273 3788
Route 386 : 797 1694 2797 131 3694 1824 3824 2131 365 474 2365 2474
Route 387 : 1022 73 2073 14 3022 2014 1019 3019
Route 388 : 1191 738 2738 3191 1863 1110 3863 3110
Route 389 : 1203 728 3203 708 2728 80 2080 2708 1404 3404
Route 390 : 1121 1446 3446 3121 677 986 2986 2677
Route 391 : 1490 916 2916 1283 3490 3283 1321 854 44 2044 3321 2854
Route 392 : 364 2364 1739 1353 3353 926 3739 2926 580 2580
Route 393 : 694 595 2694 2595 1495 3495 1708 3708 213 2213
Route 394 : 286 1410 3410 2286 1447 3447 777 778 2777 2778
Route 395 : 1255 3255 263 1456 2263 1552 3456 895 554 3552 2895 2554
Route 396 : 1464 1681 3464 3681 1532 1840 3532 3840 1790 3790
Route 397 : 1559 512 3559 1528 2512 546 3528 2546
Route 398 : 1954 1544 3544 3954 568 610 2610 2568
Route 399 : 407 394 799 2407 408 2394 2799 1505 2408 3505
