Instance name : poa-n2500-3
Authors : Simen T. Vadseth, Henrik Andersson, Jean-Francois Cordeau and Magnus Stålhane
Date : 10.07.2023
Reference : TBA
Solution
Route	1 :  1129 762 2012 428 2379 1678 959 749 1999 690 1940 532 2209 997 1782 350 2247 1178 165 1600 2428 1088 611 1415 2338 1861 352 604 1854 1602
Route	2 :  455 669 1919 147 1705 1397 312 172 1422 1160 2410 1562 876 516 2126 1766 411 396 1646 1147 2397 1661 1040 631 738 2290 1881 524 1988 1774
Route	3 :  306 587 1556 360 1610 1837 474 336 1724 128 1586 791 1378 602 449 543 2041 534 1852 1793 682 918 2168 1932 1699 1784 74 518 792 1324 2042 51 809 1768 1301 2059
Route	4 :  1062 745 149 2312 1995 1399 109 697 42 1292 839 1947 456 73 2089 1359 576 1323 429 1679 1174 1706 1826 1131 987 591 2237 300 1550 2381 896 2146 2424 1841
Route	5 :  294 436 1544 715 123 1686 1965 1094 2344 835 49 1373 2085 487 1737 477 1299 344 478 1728 1594 392 827 1642 1727 2077 960 2210 430 462 1680 1712
Route	6 :  598 1848 221 617 1471 1867 59 1309 33 1283 57 1157 1307 2407 651 1175 83 1333 2425 1901 1232 2482
Route	7 :  529 672 1922 734 1984 481 1095 1779 1731 491 1117 86 2345 19 1269 1741 200 1336 939 810 2189 1450 90 539 1789 1340 2060 2367 445 676 1926 1695 43 1293
Route	8 :  1069 585 1835 2319 161 251 1073 1501 1188 1411 2438 2323 984 315 1565 463 2234 143 1713 804 404 82 2054 1393 1332 928 1654 2178 453 137 1387 1703
Route	9 :  579 694 1829 1944 849 536 2099 1786 972 416 1666 1217 2222 2467 575 840 1825 238 133 1383 195 1445 2090 872 1488 941 538 2191 2122 1788
Route	10 :  675 709 1925 218 337 1959 1587 794 2044 693 1468 737 399 1943 626 1876 1649 1987 554 1804 982 512 502 2232 855 1752 1762 572 533 2105 1204 1822 1783 2454
Route	11 :  857 171 1421 2107 588 347 645 1597 1838 136 494 1386 1895 1120 1744 257 2370 58 1507 198 1308 1448 569 564 389 1819 338 365 1814 1639 425 1675 753 1588 2003 1615
Route	12 :  348 1242 1060 955 2310 730 1126 2376 1980 1598 2205 1193 963 2492 2213 232 2443 621 1482 244 1871 415 3 1494 153 1403 1239 1253 1665 2489 933 333 1583 2183
Route	13 :  8 1103 877 1258 2353 2127 1020 473 207 2270 1457 1723 520 542 1249 1770 1792 2499 1128 830 290 2378 1540 769 2080 2019
Route	14 :  812 488 1738 861 2062 2111 316 99 1349 800 1566 2050 71 418 295 182 1321 1545 1146 1432 1668 1180 2396 2430 953 495 667 1917 967 1081 1745 2331 2203 2217
Route	15 :  397 1647 1206 331 2456 1142 1058 1581 2308 1061 2392 2311 422 1135 317 2385 339 1672 1567 744 1092 2342 242 1589 1492 1994 746 132 1382 548 658 1908 1996 1798
Route	16 :  102 64 1352 1182 1110 1314 37 385 1635 845 1287 2360 2432 1244 2095 97 2494 1177 748 2427 150 1998 1400 813 1347 100 1350 507 1757 890 2063 2140
Route	17 :  72 853 1003 2103 2253 1322 777 773 705 627 2027 2023 328 1877 192 1578 1442 395 170 1420 1955 28 1645 117 1367 94 948 2198 1344 1219 390 1640 1278 1208 2469 2458
Route	18 :  286 1001 1536 105 343 1355 355 1207 2457 1593 2251 1605 1209 1233 620 2459 101 1870 727 565 1977 964 1351 2483 936 1133 1815 2214 197 2186 174 1424 2383 375 1447 1625
Route	19 :  68 423 1318 707 1957 1673 1109 1029 2359 628 424 2279 607 1878 636 459 1674 1886 586 1857 668 1709 1836 1165 846 2415 1918 2096
Route	20 :  2 739 1989 1079 597 2329 308 1847 1017 1558 1252 937 44 795 1294 2045 789 2267 2187 1164 657 2039 2414 81 379 1331 1077 2327 725 703 1629 1953 1907 1975
Route	21 :  228 549 601 1799 319 610 1569 1478 307 1860 41 1851 162 1412 1557 1049 540 268 1291 1790 913 108 2299 1518 831 1358 973 2081 2223 270 2163 118 1368 824 1520 2074
Route	22 :  1235 361 677 2485 1611 235 66 1927 1316 1485 291 309 1541 616 908 1559 970 2220 2158 1072 146 1866 763 277 1527 1396 2322 2013 723 387 1973 1637
Route	23 :  1195 622 2445 148 1872 1010 1398 2260 901 1105 2151 2355 247 613 1112 1863 1497 1068 958 2362 2208 671 2318 186 1921 451 562 1701 1812 1436
Route	24 :  120 405 559 1655 1370 164 276 1809 567 1414 89 1817 1339 1526 48 1051 2301 311 1298 255 1505 432 1682 818 1561 966 528 2216 950 1778 1038 383 2200 1140 2288 2068 2390 1633
Route	25 :  879 1052 2129 680 1930 844 2302 882 2094 949 2132 181 1431 2199 691 342 910 1941 508 2160 47 1592 1297 1758
Route	26 :  1183 190 2433 11 1440 87 1337 902 2152 1203 2453 736 1261 225 1475 550 1986 1800 398 92 1648 283 1342 1533 179 603 1429 995 220 1470 1853 1225 2245 2475 1152 2402
Route	27 :  640 521 1890 1162 1771 301 2412 969 29 1551 815 2219 1279 2065 932 722 1972 637 904 2154 1230 2480 213 1887 1463 407 2182 36 784 31 1657 1281 2034 1286
Route	28 :  289 1179 2429 1163 905 1539 2413 1111 2361 944 278 2155 201 393 2194 743 1993 1528 854 1643 1074 1451 1150 2400 2324 2104 35 176 158 1285 1408 1426
Route	29 :  843 1143 2093 45 990 2240 363 2393 1295 1613 716 1966 500 717 1750 880 2130 122 1967 280 1530 427 1372 431 1677 223 1681 820 919 1473 2070 848 2169 2098
Route	30 :  1024 2274 1032 1127 2377 962 2282 2212 1226 822 2072 1197 1012 2476 1015 2262 13 2265 2447 1263 239 683 1489 1933 808 2058
Route	31 :  807 1216 2057 151 584 1401 764 1834 410 2014 266 684 2466 1660 666 127 1516 1916 1934 1377 373 503 1623 1753 545 77 346 1795 1327 84 1596 249 1499 1334
Route	32 :  909 907 475 589 1725 2157 1839 892 874 321 2142 648 2124 2159 1011 1571 639 851 1898 2261 209 1889 2101 1459 891 204 1454 834 582 1832 2084 989 2141 2239
Route	33 :  974 599 1849 435 2224 1685 1054 2304 426 1237 1676 1173 129 1379 2423 406 2487 956 1656 214 2206 729 115 1979 1464 400 1365 926 205 193 1650 2176 1443 1455
Route	34 :  370 754 721 1971 1185 2435 318 1620 7 2004 1257 489 788 2038 1739 881 1568 888 2138 2131 1119 978 2369 801 2228 2051 560 652 1810 394 1902 887 2137 1644
Route	35 :  1221 2471 1187 752 2437 606 2002 262 1512 501 231 1751 357 1481 1607 69 1856 836 332 1319 1582 2086 1063 1202 2313 2452 183 779 573 1823 1433 833 2083 563 1813 2029
Route	36 :  138 1 781 2031 1388 1251 16 728 288 1978 1266 1205 1538 685 452 2455 1935 381 1702 78 689 1939 1328 1631 731 443 1981 1693 917 895 537 2145 1787 2167
Route	37 :  27 413 785 1277 2035 1663 167 527 1417 1777 1104 114 21 2354 873 1364 688 1938 596 1271 1846 236 2123 1486 1070 56 2320 1306 838 2088
Route	38 :  796 747 1022 1997 2046 2272 713 421 1671 258 1508 1963 1097 1200 2450 2347 163 772 1065 2022 993 1413 208 2243 2315 555 1458 187 1805 1437
Route	39 :  638 751 434 2001 345 1888 790 1595 2040 1684 870 265 2120 692 1136 1089 1515 2339 583 2386 858 1833 1942 2108 1151 2401
Route	40 :  313 93 1192 2442 1343 492 1563 635 437 1742 1885 1122 1687 954 2204 460 1710 2372 366 664 1616 1914 351 237 1224 1601 673 581 60 1923 1487 999 2474 2249 1831 1310
Route	41 :  547 450 188 1797 1700 552 1802 75 140 1438 160 1390 988 1325 2238 18 819 2069 885 2135 111 1268 1361 1410 414 340 1664 26 793 1590 837 1276 759 2043 2087 2009
Route	42 :  862 1043 2112 322 1572 2293 230 23 1480 441 1273 1691 76 1064 983 1326 2314 1036 2286 643 670 1920 1893 1033 2233 2283
Route	43 :  469 297 1547 135 1719 965 1385 568 2215 1057 1818 787 2307 2037 708 930 1958 2180 646 878 1896 1198 2448 686 2128 1936
Route	44 :  780 1118 875 2030 2125 732 2368 1071 1176 2426 702 1982 2321 54 1952 1304 296 1018 866 2116 1546 368 654 372 2268 189 1618 1622 1904 750 1439 269 1519 2000
Route	45 :  326 979 1576 1181 2229 2431 868 595 2118 14 376 1626 1076 1264 2326 1845 821 408 2071 334 530 1658 1584 485 1735 1780 720 1026 2276 1970
Route	46 :  52 293 1302 1543 710 233 1960 1483 30 314 742 1564 767 2017 733 1280 1116 1992 1983 483 281 578 1733 1531 899 2366 1828 2149
Route	47 :  401 609 1859 991 1651 2241 832 678 490 1740 1928 24 2082 1231 1274 358 2481 971 1608 2221
Route	48 :  6 320 593 1843 305 103 1570 1256 1555 1191 2441 38 1353 615 1288 325 403 630 1865 1653 438 714 264 256 1880 1514 1575 633 367 1688 1617 653 1903 1506 1964 1883
Route	49 :  724 1145 2395 50 1974 1300 1227 556 2477 741 1806 1223 2473 1229 1991 40 1290 95 696 1946 1345 2479
Route	50 :  124 486 1736 1220 1374 1035 1101 2470 1124 2374 947 2285 2351 701 1951 79 154 1404 574 2197 229 1479 1329 940 898 1824 267 2148 1517 202 2190 1452
Route	51 :  1030 378 2280 142 1628 1236 985 2486 1215 1392 2235 1019 2465 923 2173 2269 1168 929 2179 992 2418 2242 212 1462
Route	52 :  619 335 1585 935 863 2185 1096 2346 1869 766 1106 2113 2356 1047 700 2016 498 2297 726 1748 1976 224 1950 632 382 1632 1474 470 1882 4 472 1722 546 1254 1796 1720
Route	53 :  353 206 1456 386 1603 798 934 624 2048 211 2184 1874 184 1461 889 2139 1636 1023 2273 1184 1434 2434 1149 506 2399 104 1354 1756
Route	54 :  1082 806 828 2078 2056 605 2332 1855 551 704 825 180 1801 1430 217 1467 1954 931 2075 869 706 2119 1956 2181 623 80 1873 1093 1330 865 2343 2115
Route	55 :  986 1210 1100 2236 2460 359 484 1734 2350 1194 2444 1171 1609 903 961 2421 786 2153 219 2036 243 380 2211 755 1493 1469 141 274 1630 1391 2005 1524
Route	56 :  67 1317 17 1196 1267 2446 783 63 1313 2033 826 2076 511 246 1761 371 388 1638 1248 2498 263 1621 1496 1115 2365 816 1513 968 2066 921 2218 1138 2388 2171
Route	57 :  466 1212 1716 770 2462 2020 975 1137 1025 2275 2387 2225 116 203 758 2008 1366 1042 1453 1037 2292 2287 1041 634 2291 1884 852 681 145 2102 1166 2416 1931 1395
Route	58 :  391 275 1641 1141 2391 1525 173 1423 476 168 1418 1726 324 496 1746 448 1574 525 1775 1698 945 1091 2195 1218 2341 2468 526 377 1776 1627 1031 1044 2294 2281
Route	59 :  1050 1045 2300 144 1394 227 523 2295 1477 215 1465 1773 1245 915 850 2495 2165 2100 847 980 2097 5 1132 2230 1255 768 467 1717 2382 1067 2317 1039 2018 2289 1084 2334
Route	60 :  252 1153 1502 1213 284 1154 2463 2404 515 1765 2403 1534 884 323 1573 927 2134 2177 1240 226 1155 1476 2490 519 1769 191 799 1441 2405 2049
Route	61 :  920 1098 2170 1107 2348 2357 951 302 1552 2201 1008 886 711 2258 2136 1961 1004 32 1246 1282 2254 260 1169 2496 1510 412 330 2419 1662 1172 1580 1007 2422 2257
Route	62 :  782 1243 2032 2493 699 152 1402 1949 447 177 22 1427 245 497 1697 1158 1747 2408 65 439 642 1272 1689 775 1315 774 2025 1892 2024 1495
Route	63 :  740 126 259 510 1376 1760 1509 914 1078 2164 1990 996 2246 1148 2328 464 2398 271 1714 1075 2325 1521 924 362 20 1612 1161 2174 674 493 2411 1016 1743 1924 1270 2266
Route	64 :  544 480 1794 1730 1102 1005 859 2255 2352 608 2109 1858 110 1121 2371 1360 650 1900 468 349 1599 299 1718 282 1549 517 70 1532 210 1320 1767 1460 119 1369
Route	65 :  327 570 513 178 1763 1577 1820 641 1428 823 765 2073 522 1014 1772 557 2264 2015 1170 1891 1807 1080 2330 1048 2298 695 2420 776 1099 600 1945 1850 805 2349 2055 2026
Route	66 :  134 1144 2394 1384 1055 185 248 2305 1435 649 592 1899 1056 1842 1498 1250 2306 922 1085 2500 2335 1156 1123 2172 590 2373 444 2406 354 107 1604 287 1357 1840 454 1537 1694 1704
Route	67 :  1053 409 2303 1659 942 194 2192 303 1444 1553 925 2175 912 594 2162 292 1844 1542 1006 39 2256 1013 1289 55 1305 2263
Route	68 :  253 159 1503 1027 1409 222 2277 981 1472 803 2231 952 698 1948 155 2053 1405 1113 2202 279 2363 461 1529 329 1711 1579 561 571 802 1821 2052 9 1811 1259
Route	69 :  420 125 250 1375 509 1500 1759 15 166 1670 1139 1416 514 417 2389 712 1764 88 1667 1265 1338 1034 2284 196 687 1189 1937 761 1962 2011 2439 85 310 1335 1560 1446
Route	70 :  1167 121 771 2021 2417 814 1371 458 1708 364 2064 1614 240 91 1490 735 659 1341 1909 1186 2436 61 1985 718 976 1968 2226 1311 96 298 1548 1066 1201 2316 1346 2451
Route	71 :  614 156 1114 1406 2364 261 1864 10 175 1425 1260 34 499 1511 1234 1284 1159 2409 2484 1749 618 402 946 1652 661 2196 1868 867 2117 1911
Route	72 :  234 1484 442 272 1522 817 2067 1692 1247 994 2497 2244 531 1781 1222 757 2472 369 580 1619 2007 433 1830 471 1721 1211 1683 644 2461 482 1894 1086 2336 1732 541 1791
Route	73 :  760 139 655 2010 1905 1130 1389 797 1009 2047 662 1912 2380 2259 957 273 2207 911 558 479 1729 1523 1108 2358 2161 647 916 998 1897 811 1808 2166 2061 1125 2248 2375
Route	74 :  1190 1083 169 2333 2440 1419 612 1862 1087 62 504 2337 1002 1312 2252 1754 1090 938 756 778 2340 12 2188 2006 341 2028 1262 625 829 1875 2079 1591
Route	75 :  660 566 1910 1816 241 1214 2464 1491 446 440 465 1238 1690 374 2488 1624 1715 1696 1134 897 2384 893 2143 977 2227 2147
Route	76 :  216 384 883 2133 1634 1021 1241 1466 2491 1199 2271 535 2449 285 841 1785 894 1535 629 2144 1879 860 2091 112 130 1362 106 2110 1356 856 98 1380 304 1348 2106 1554
Route	77 :  356 719 577 1827 1969 553 131 1606 1381 1228 2478 1803 419 199 1669 1449 1059 943 2309 157 2193 663 1407 656 1913 1906
Route	78 :  900 1046 2150 113 457 2296 1363 25 1707 53 254 1504 1275 1303 505 665 906 1915 864 1755 871 679 842 2156 2121 2114 1929 1000 1028 2250 46 2278 2092 1296
