Instance name:	poa-n2500-7
Authors:		Carlo Sartori and Luciana Buriol
Date:			2019-2-11
Reference:		A matheuristic approach to the PDPTW (to be submitted)
Solution
Route 1 : 1127 124 2377 946 1374 873 2196 2123 431 788 714 1681 392 2038 1964 1244 1642 1137 2387 407 2494 1657 454 497 1704 1058 2308 1747
Route 2 : 557 707 1807 1957 691 324 1941 1574 443 647 1897 1693 608 741 1991 276 1858 588 1526 1838 1126 758 2376 2008 363 421 1613 225 1671 1475
Route 3 : 382 736 1632 1986 298 657 1907 1548 850 2100 404 711 1961 1654 328 636 1214 1578 2464 599 1886 1103 1849 695 2353 219 1945 1469 302 1552 512 1762
Route 4 : 130 861 1380 498 2111 963 1748 2213 143 1393 974 702 280 1530 1952 2224 41 559 818 1291 488 1738 2068 1809 249 1071 1207 2321 1499 994 2457 2244
Route 5 : 21 1203 1271 575 2453 1825 1147 2397 983 2233 568 1818 1078 2328 1025 819 661 2069 1911 2275 655 1905 1034 626 2284 185 730 1876 1435 337 1587 1980
Route 6 : 858 138 2108 1388 6 100 156 1406 1256 1206 1350 1202 2452 2456 693 1031 1943 576 2281 1826 312 281 1562 411 1531 886 1661 2136 145 1395 772 2022
Route 7 : 547 304 1797 440 1554 1690 362 862 2112 928 1612 2178 201 1451 305 548 1798 1555 399 496 1649 1746 939 1159 2189 2409 565 650 1815 92 1900 1342
Route 8 : 728 1978 888 2138 967 1101 2351 2217 297 144 1394 52 1043 2293 1033 1547 1302 106 359 1356 2283 1144 2394 1609 971 563 1813 1227 2221 2477
Route 9 : 854 696 2104 1946 694 1944 57 1307 775 1125 2025 527 2375 408 1777 574 1824 763 1658 222 2013 112 1472 864 2114 1362 51 43 516 1301 1766 1293
Route 10 : 709 1083 2333 1188 1959 2438 756 36 2006 1136 1286 2386 925 2175 511 594 1761 1844 480 1730 23 1273 1060 207 2310 927 1457 970 2220 2177
Route 11 : 83 375 509 1759 356 1625 1606 1333 345 1595 360 1097 1610 1098 2347 935 2348 1029 2279 2185 936 442 1692 621 2186 831 2081 493 1743 1871
Route 12 : 687 522 1937 246 1496 171 1772 151 1421 585 1401 869 1835 642 2119 607 1892 147 906 1397 1857 665 192 2156 1915 277 1527 1442 1124 2374 623 91 1873 1341
Route 13 : 361 252 822 2072 1611 260 1502 1510 583 922 880 1833 2130 2172 996 798 2246 133 1383 2048 182 12 1432 1099 1262 244 1494 2349 1172 2422
Route 14 : 1212 1106 456 1706 2356 754 2462 2004 518 703 1054 204 2304 1768 150 1400 1454 396 669 1646 485 510 1919 1735 416 1760 1666 1243 1953 80 2493 1330
Route 15 : 944 254 1504 2194 749 339 1589 1999 79 1158 1329 476 2408 26 1726 389 1639 1276 1248 1072 973 2322 2498 376 1013 1626 1000 2263 2250 2223
Route 16 : 292 1542 769 2019 368 1618 577 1827 177 451 1701 1020 1427 1102 2352 262 1512 2270 412 682 1932 1662 44 704 1954 1294
Route 17 : 243 295 863 1493 1545 893 2113 656 1906 315 2143 1167 1153 1565 2417 2403 1201 25 2451 1275 306 1556 108 1358 1131 825 1085 2075 2381 2335
Route 18 : 299 135 1549 1385 783 1090 2033 2340 539 70 1320 1173 1789 2423 287 824 1537 2074 1109 820 2070 2359 924 579 1829 2174 860 1042 2110 2292
Route 19 : 987 630 1880 2237 347 155 1096 1597 966 34 2346 2216 1284 489 803 2053 190 938 1440 1405 2188 1739 785 2035 942 132 2192 1382 1169 2419
Route 20 : 444 534 1694 1118 2368 1784 435 478 1728 129 1685 1379 193 1443 1168 843 2093 19 2418 1269 346 1596 680 279 852 1930 2102 815 1529 2065
Route 21 : 812 2062 1014 835 2264 2085 333 1583 33 587 477 1283 1046 1837 1727 195 2296 173 1445 1423 332 1142 1582 859 499 2392 170 1749 2109 1420
Route 22 : 1036 1205 2286 1195 2455 364 2445 1614 160 1410 1053 619 2303 1177 2427 398 1869 1648 13 341 18 1263 1591 1268 1091 314 2341 334 1564 1584
Route 23 : 1062 2312 1218 430 1117 2468 1680 110 266 1360 1516 2367 111 807 2057 1132 2382 1361 469 1088 1719 2338 327 1577 592 581 586 1842 1831 1156 2406 1836
Route 24 : 120 954 1370 729 2204 1180 1979 1044 2430 2294 1148 271 2398 184 1521 898 1434 58 2148 699 1308 908 1949 701 2158 1951 666 651 660 1901 1910 1916
Route 25 : 419 1114 384 2364 1669 1149 2399 1634 780 142 743 1993 20 2030 1392 1061 1270 857 2107 544 200 1794 460 2311 989 1450 2239 445 1710 1695
Route 26 : 353 1603 931 945 2195 1074 2324 2181 566 569 1816 424 1819 851 174 1424 1674 2101 844 826 672 1922 267 1517 2094 2076 122 1372 1065 957 2207 2315
Route 27 : 789 158 2039 1408 1198 689 268 1518 2448 915 1039 2289 1939 191 2165 1178 1052 2428 1441 2302 46 1296 1134 868 2384 952 2118 593 2202 1843
Route 28 : 1229 414 239 2479 1489 540 1664 1790 1123 291 403 1653 2373 1541 372 1215 162 1622 2465 1412 872 614 1864 313 1563 1204 2122 148 1217 2467 1398 146 1396 2454 417 1667
Route 29 : 410 698 1948 1026 55 1660 1305 2276 259 751 1509 891 2001 119 381 2141 1369 1631 473 524 1723 1774 663 1150 2400 1913 817 2067
Route 30 : 90 778 2028 1340 224 755 1474 2005 949 2199 529 434 1684 1779 589 1839 126 742 1992 1376 310 806 1560 1018 2056 712 1962 220 2268 1470 1143 975 2393 2225
Route 31 : 1239 744 463 50 1994 2489 1300 1713 959 409 832 2209 1659 468 2082 1718 737 520 1987 1770 1211 264 1514 2461 303 63 770 1313 1553 2020 29 1279
Route 32 : 776 777 2026 2027 753 1011 519 2003 993 1769 779 2029 2243 66 1316 2261 1187 903 300 2437 991 1550 45 1295 165 2153 2241 1415 598 1848 107 240 1357 1490
Route 33 : 538 377 1028 1788 2278 875 1627 2125 105 1186 2436 1355 1066 956 2316 2206 964 391 1641 60 603 1853 379 1629 1310 632 1176 2426 1882 2214
Route 34 : 428 88 1338 985 1023 1678 2235 570 1820 2273 990 982 2232 2240 1221 700 2471 933 1950 2183 640 340 1890 116 1366 1590 203 1453 202 813 1452 2063
Route 35 : 515 1765 622 1055 2305 1165 1872 2415 413 439 1663 1689 16 1266 282 216 1532 528 1466 1778 236 688 1486 810 427 2060 761 1677 2011 1938
Route 36 : 1241 393 2491 168 1643 708 1418 1958 853 909 671 2103 2159 2 159 1921 1409 1252 722 1972 578 5 1828 1004 2254 1255 218 1468 1184 97 481 1731 2434 1347
Route 37 : 1063 311 2313 1561 595 73 1845 1138 1323 865 2388 2115 752 2002 932 1016 2182 2266 1024 1017 1175 2267 2425 2274 256 1506 1170 1154 2404 2420
Route 38 : 167 644 1012 1894 2262 1417 1235 1113 2485 955 131 2363 2205 1381 402 678 1100 1652 1928 4 2350 560 1254 1810 153 1245 2495 988 2238 1403 369 1619
Route 39 : 674 965 2215 350 1924 735 1600 514 1764 1985 1010 283 2260 653 1533 554 1903 786 525 2036 1775 1804 1019 175 2269 1425 591 406 1656 1841
Route 40 : 127 1057 2307 896 1377 1094 596 1846 1185 2344 2146 2435 1249 426 503 2499 1676 1753 790 10 2040 178 198 1260 620 1428 115 1448 1870 149 1365 487 1399 1737
Route 41 : 902 830 2080 505 923 2173 2152 189 1049 1755 1439 2299 447 1224 2474 461 1697 1112 1711 2362 452 1702 930 2180 290 457 1540 390 1707 1640
Route 42 : 1040 2290 257 1250 1196 1507 2446 2500 462 901 1712 2151 590 867 2117 613 1840 1863 179 194 1429 367 1444 782 1617 378 2032 550 1800 1073 1628 2323
Route 43 : 75 1045 1325 2295 715 1965 321 436 1686 1140 1571 484 2390 1734 39 1289 658 637 1908 1887 609 1859 370 1220 1163 1620 296 2413 2470 1546 553 969 1803 2219
Route 44 : 551 1801 109 77 1327 65 1228 1359 846 2478 1315 322 532 2096 1782 76 1572 1326 533 659 1909 900 1783 448 1698 1108 2150 648 2358 797 2047 1898
Route 45 : 152 1402 482 187 1732 617 1867 1193 1437 2443 848 371 383 1621 446 2098 1633 1048 1696 2298 1171 950 2421 981 2231 2200 89 67 1339 344 1317 1594 1080 2330
Route 46 : 1005 385 1635 2255 1006 2256 221 1081 1471 388 2331 667 833 1638 686 1936 2083 1917 1009 54 838 1304 2088 2259 1076 1145 2395 870 745 2120 1995 2326
Route 47 : 646 951 1896 37 2201 1287 1238 255 2488 897 1505 1232 270 2482 1520 526 2147 1120 1776 278 2370 1528 517 1015 1767 2265 206 1456 418 723 507 1973 1668 1757
Route 48 : 947 2197 465 217 1715 1467 821 2071 134 1116 2366 1384 997 771 2247 929 2021 117 2179 1367 573 1823 1008 889 491 2139 2258 1741 69 118 1319 1368
Route 49 : 128 856 1378 2106 405 40 1290 1655 466 247 1497 235 1160 1716 2410 992 1485 265 802 2242 1107 2357 1515 504 2052 800 1754 2050 82 441 1691 1332
Route 50 : 1197 882 2447 718 2132 1968 842 1135 2092 1210 1003 2385 2460 2253 288 1002 1538 2252 86 948 2198 1336 766 365 1615 629 2016 1879 801 670 2051 1920
Route 51 : 1133 2383 355 238 433 1488 172 1605 1683 918 1422 366 96 1616 2168 1346 342 28 1592 234 1278 30 1484 211 662 1280 1461 1912 911 1064 2314 2161
Route 52 : 748 458 1708 828 1998 199 2078 1128 542 1449 2378 1792 15 724 1265 1974 467 438 1688 1717 479 1068 2318 881 2131 1729 401 1086 1651 2336 1110 2360
Route 53 : 706 1956 400 720 472 1650 1722 638 1970 229 1479 53 274 1888 1303 765 1524 913 2015 2163 455 275 1705 762 1525 555 2012 1805 787 792 2037 2042
Route 54 : 125 837 1231 2087 2481 1375 471 726 11 1721 1261 326 1976 1576 1122 343 1593 808 2058 668 2372 1918 615 725 1865 523 1975 9 1773 1259
Route 55 : 1194 845 2444 1155 2095 2405 227 1477 94 1344 1247 697 301 1551 2497 1947 397 839 1647 941 2089 721 2191 3 1971 1253 61 912 1311 2162
Route 56 : 684 958 1934 1219 2208 1111 541 2361 2469 95 1345 1791 351 899 2149 1199 1601 307 2449 1557 251 567 545 1501 1795 1817 245 1495
Route 57 : 294 791 1544 242 2041 1492 285 1535 1174 2424 829 474 2079 98 841 1724 1348 2091 502 1752 1182 352 2432 1602 1242 78 934 2184 2492 1328
Route 58 : 1209 917 2167 180 2459 879 1430 123 2129 208 161 1373 1411 1458 14 272 1522 1264 976 429 750 2226 1679 907 978 2157 612 1862 937 2228 2187 2000
Route 59 : 494 1744 1038 1234 2484 415 2288 1665 188 1236 183 2486 1438 764 1433 1225 2014 2475 269 926 1519 816 2176 2066
Route 60 : 336 231 1586 1084 2334 531 1781 1481 71 335 1585 1321 676 673 1926 1923 114 1035 1364 136 1386 2285 871 2121 422 773 1672 2023 719 450 1700 1969
Route 61 : 943 286 2193 387 1536 1637 727 814 1977 572 233 2064 1822 836 652 1483 2086 1902 910 349 1599 921 2160 2171 250 8 1500 633 1883 1258
Route 62 : 876 2126 562 521 1812 895 2145 1771 986 1161 2236 1059 2309 2411 1216 228 1478 181 2466 639 1889 600 1850 1183 2433 1431 558 1808 330 1580
Route 63 : 738 293 1077 1543 2327 1988 1121 1067 2371 2317 1001 2251 374 323 580 1624 1573 348 1830 664 1914 1041 1598 2291 877 919 284 1534 2127 1246 2496 2169
Route 64 : 1050 2300 1189 878 2128 552 1802 140 767 205 2017 1390 1455 163 1413 2439 1191 394 1644 840 793 2441 2043 2090 56 263 998 1513 1306 2248
Route 65 : 582 1832 953 887 759 495 2137 1745 2009 513 2203 325 1763 827 27 1575 2077 1277 84 866 2116 1334 710 1070 1960 530 883 2320 141 2133 1780 1391
Route 66 : 683 1933 705 962 690 2212 1955 811 2061 1940 501 905 2155 999 226 1476 2249 1751 1092 72 1322 331 2342 1581 1115 679 1929 2365 1208 2458 1105 2355
Route 67 : 972 2222 1007 731 437 2257 1981 601 675 1687 616 1851 1925 1200 890 1866 1130 2140 31 732 2380 1982 543 2450 42 1281 536 1146 1786 1793 1292 213 2396 1463
Route 68 : 329 1579 847 537 2097 874 1787 373 449 2124 1095 1699 2345 781 1139 2031 2389 916 7 1257 2166 809 380 1623 2059 1192 1630 571 2442 1821
Route 69 : 611 1861 979 968 49 2229 784 2218 1299 2034 654 641 1904 1891 733 584 1983 154 1834 1404 940 464 1226 1714 166 2190 1416 316 2476 1566
Route 70 : 212 535 1462 248 1785 223 1498 1 186 1251 1473 1436 24 1274 1037 774 2024 2287 1129 604 2379 1854 914 453 2164 1703
Route 71 : 746 22 1087 2337 1996 1272 1104 2354 849 2099 768 894 273 2144 2018 1523 606 17 1856 605 1267 892 645 1855 2142 618 1895 1047 1868 2297 209 1459
Route 72 : 197 628 1027 1878 2277 1447 823 2073 1157 855 1181 2105 2431 2407 1162 425 2412 121 1371 747 1675 1997 760 977 984 2010 2227 2234
Route 73 : 486 1736 546 74 1324 358 1796 884 1608 995 99 2134 2245 1349 713 1079 1963 1166 2329 740 2416 1990 1082 2332 717 920 2170 1022 1967 253 1503 317 2272 1567
Route 74 : 564 1814 716 757 1966 635 2007 1885 1164 164 2414 1237 1414 2487 338 483 1733 1588 1089 196 1446 1056 2339 104 2306 1354
Route 75 : 961 68 420 1318 1670 2211 62 169 1312 597 1419 1190 1847 2440 139 795 2045 692 1389 1942 1151 624 1874 2401 1230 214 2480 1464
Route 76 : 232 357 1482 643 1607 980 805 1893 2230 2055 549 103 210 1353 1799 834 1460 2084 59 506 113 1756 1309 176 1363 1426 386 102 1636 1352
Route 77 : 960 1141 2391 1032 2210 2282 319 1240 1569 2490 1119 2369 1213 230 2463 258 1508 1480 508 1758 1030 2280 64 1314 81 685 48 1331 1298 1935
Route 78 : 32 101 1282 1351 1223 1075 2473 2325 885 1233 354 1604 2135 2483 804 799 2049 681 2054 38 1288 1931 1093 627 1877 2343 500 556 1806 1750
Route 79 : 734 47 1984 610 1297 1860 492 395 1742 35 796 1285 2046 1645 625 137 1387 237 1875 475 1487 215 1725 677 1465 1927
Route 80 : 1021 634 2271 261 1884 309 1511 1179 1559 459 2429 1709 157 1407 1152 2402 904 1051 2301 87 2154 308 1558 649 1337 318 1899 432 1568 1682 93 1343 1069 2319
Route 81 : 739 561 289 1539 1989 320 1570 602 1852 1811 490 423 1740 1673 631 794 1881 1222 2044 2472 470 1720 85 1335 241 1491
