Instance name : poa-n5000-6
Authors       : Dmitriy Demin, Mikhail Diakov (msd@veeroute.com), Ivan Ilin, Nikita Ivanov, Viacheslav Sokolov (vs@veeroute.com) et al. VRt Global (https://veeroute.com/)
Date          : 2023-07-09
Reference     : veeroute.com
Solution
Route 1 : 1220 2019 4519 326 3720 2826 338 2058 1917 2838 4558 2491 1285 2348 4848 3785 2239 4739 1132 4991 3632 1087 3587 1262 650 3150 3762 36 2536 929 1996 256 2756 4496 4417 1682 3429 1899 20 4182 2213 4713 299 4399 2520 2799 889 3389
Route 2 : 2047 1038 4547 2084 4584 1928 3538 1511 4011 1181 2200 4428 4700 1422 1530 3922 3681 4030 1423 116 3923 609 3109 2616 2112 4612 1337 1271 3771 37 1464 3964 3837 430 1168 1039 2537 3539 2930 3668 1413 1586 3913 4086
Route 3 : 2386 2463 1484 4886 3984 1379 4963 2090 3879 865 3365 4590 1408 1192 94 3908 217 852 3692 3352 563 2717 2594 3063 736 3236 1831 1066 863 4331 3363 1313 1638 3813 109 3566 2609 4138 34 2534 497 1403 2997 3903 1571 4071 1383 12 2512 3883
Route 4 : 99 823 2599 1850 3323 38 974 2538 2218 4350 4718 3474 104 2604 156 1397 3897 2656 890 1790 4290 1395 3390 1590 3895 4090 850 704 1312 3350 1607 3204 1675 4107 3812 2323 4175 4823 1548 1100 950 4048 1303 3450 622 3600 3122 2063 3803 4563
Route 5 : 1734 4234 540 3040 651 1263 3151 1950 2470 399 4450 2899 715 2119 3763 4970 1449 1247 4619 3949 3215 1904 3747 4404 2083 4583 2035 1231 355 4535 2855 1551 1818 3731 4318 4051 1711 629 4211 2223 1733 4723 133 4233 2633 900 3129 335 732 1604 4104 2835 3400 3232
Route 6 : 1550 4050 2335 2100 429 4600 2929 4835 1102 1440 3602 3940 91 2245 2591 968 4745 2326 444 3468 2944 2116 4826 1688 4616 4188 1158 3658 1148 2057 3648 2477 4977 1407 1601 3907 4557 2207 2319 4101 4707 1896 4819 4396 719 3219
Route 7 : 2045 1490 4545 3990 1623 4123 2318 1506 4818 4006 1180 418 2918 3680 2280 1315 1384 3815 4780 1261 3884 3761 1150 3650 1418 1320 1189 3689 3918 815 3820 3315 201 1642 1978 4142 2232 4478 4732 2701
Route 8 : 619 504 3119 3004 1936 61 2561 4436 524 1731 1463 3024 246 2746 685 1909 4231 3963 458 3185 2482 4982 4409 1462 3962 2958 2305 4805 1419 1460 3960 3919 528 385 3028 822 2885 3322 2097 750 3250 380 449 2880 4597 742 2067 1072 3242 2949 3572 4567
Route 9 : 1366 2329 374 2874 902 3866 1834 3402 2093 4334 4829 1773 4593 4273 1495 3995 1179 3679 963 2186 4686 1458 2016 3463 4516 2003 1187 3687 3958 461 4503 1973 2961 1372 190 4473 2690 527 3872 3027
Route 10 : 1823 565 716 4323 3065 792 1280 775 3216 3292 3275 1788 759 3780 3259 4288 2380 478 2253 4880 4753 2978 1793 4293 533 1385 559 3885 3033 3059 1659 463 2963 1523 4023 4159 1947 1857 313 4447 4357 2813 1922 177 2677 2129 4422 4629 1664 4164
Route 11 : 1103 1553 3603 812 1415 3312 3915 4053 1005 1860 4360 525 469 3505 1859 4359 982 3025 3482 522 2427 2969 3022 964 4927 1861 3464 4361 936 2472 3436 4972 2136 332 1610 4636 891 2832 4110 1732 4232 220 2720 3391 2337 2009 4837 4509
Route 12 : 2163 1725 4225 1049 2012 4663 3549 2292 203 2703 1378 4792 4512 3878 1624 4124 2432 1429 1689 4932 4189 310 3929 2810 2013 1304 3804 1451 567 4513 3951 131 3067 1420 3920 2631 980 991 3480 1778 1361 1894 4394 3861 4278 3491 2227 4727
Route 13 : 1111 702 700 3202 426 3611 2926 3200 1536 523 4036 1276 946 3023 3446 367 3776 2423 314 4923 2814 2867 1695 2079 4195 1684 1715 4215 4579 1095 4184 3595 147 2647 490 373 2990 18 24 2518 928 2524 2873 3428 656 1203 3703 3156
Route 14 : 1510 835 1766 1941 3335 4010 4266 2277 2064 4441 4564 4777 577 1253 46 2249 3753 4749 103 3077 2546 2603 1962 4462 1433 3933 2420 914 2177 3414 4677 4920 1456 3956 286 608 3108 2786 683 3183 2492 4992 1970 315 2815 2498 4998 4470 773 3273
Route 15 : 1805 1661 4305 2238 4161 1951 4738 2289 4451 2494 4994 1776 4789 4276 325 1569 1335 4069 1873 4373 3835 1448 2825 1654 1883 4154 1985 3948 4383 4485 601 693 198 2424 2401 3101 3193 2261 4924 1991 4901 4761 4491 2698 1135 3635
Route 16 : 1171 899 653 3153 3671 603 3399 1816 952 4316 790 3103 3452 3290 705 2049 998 3205 3498 393 43 2343 2893 4549 2543 2274 4843 402 2902 4774 181 1504 623 41 4004 2681 1783 2541 4283 3123 2387 2191 2330 598 4691 3098 4887 4830
Route 17 : 2273 1702 2416 1825 1713 4916 4213 4773 1721 4325 4221 1471 3971 604 2414 4914 207 2707 1332 3832 770 3270 981 3104 1402 3902 4202 1814 3481 826 3326 2078 4314 910 1352 3410 3852 4578 543 1649 347 2847 1774 4149 4274 1802 633 3043 4302 3133
Route 18 : 383 1167 1752 2883 3667 78 4252 2578 1011 1216 3511 3716 2242 2488 4742 4988 1388 3888 566 2382 4882 3066 830 311 2811 1708 4208 3330 1468 1730 3968 4230 77 357 2577 1068 3568 2857 433 180 2680 2933 1311 613 3811 3113 2372 4872
Route 19 : 1723 1287 2307 1060 3560 4807 626 3126 1010 1960 4460 1057 3787 3510 1782 4223 4282 3557 2056 1705 4556 675 4205 148 3175 1855 2648 1034 4355 3534 2443 215 4943 2467 4967 2210 2715 1652 4710 1269 4152 3769 1596 821 4096 3321
Route 20 : 628 3128 1023 768 2426 3268 4926 2118 280 3523 422 2922 4618 2231 2780 1986 4731 4486 1077 97 3577 1678 2597 365 4178 1482 3982 1810 2865 2168 1618 1144 4118 4310 320 2820 351 3644 696 2851 967 774 3196 3467 3274 611 4668 3111
Route 21 : 2089 1483 341 3983 1018 2841 3518 4589 877 1509 3377 4009 1612 1622 4112 2038 4538 2495 4995 4122 2103 4603 118 171 2671 1432 1908 3932 4408 708 2618 1890 2260 4760 3208 152 4390 1197 2652 423 2458 3697 1123 3623 2923 4958
Route 22 : 1486 223 437 2937 1310 2723 3986 1987 3810 4487 168 2325 2668 4825 794 1827 4327 1784 1210 3710 1676 1650 3294 4284 4176 2005 4150 1138 1421 3638 154 4505 1059 73 2573 2654 1605 3559 2365 107 4105 4865 2176 4676 334 2607 2834 694 1940 1828 3921 4440 4328 3194
Route 23 : 1710 4210 2169 1178 4669 80 3678 2580 870 7 3370 2507 2031 1988 140 2640 4488 4531 2256 4756 1849 2143 4349 4643 1155 3655 912 3412 560 996 3060 3496 621 781 3281 3121
Route 24 : 428 681 3181 1410 1948 2928 4448 703 1806 1101 3910 3203 4306 210 2408 1994 4494 2710 3601 4908 2293 4793 978 836 1184 3684 3478 3336 1136 371 654 3636 3154 2871 2381 4881 346 2846 1162 3662
Route 25 : 70 14 2570 2022 2514 1653 4522 4153 1598 4098 2122 4622 1241 1534 3741 1914 1301 3801 1371 4034 4414 570 3871 3070 933 3433 274 2269 2774 1777 1279 4769 2134 4634 3779 4277 636 2138 3136 16 229 1107 3607 4638 2729 1916 2516 32 2532 4416
Route 26 : 1577 676 4077 1193 2222 4722 3693 1993 3176 1697 1901 4197 273 2773 4401 635 208 2708 2206 4493 4706 521 916 3416 1957 3021 333 911 2833 614 1165 3114 4457 3665 3411 1907 3135 1481 637 3981 4407 3137 807 679 3307 574 3074 955 3455 3179
Route 27 : 454 2954 1703 1106 4203 3606 160 1771 766 4271 3266 1416 970 3470 11 2660 2511 2300 4800 2496 3916 1597 4996 2094 4097 1579 779 4594 4079 2001 3279 386 4501 2886 1474 1213 3713 1965 1932 3974 2464 4465 4432 4964 2336 251 64 2564 4836 866 2751 277 3366 2777
Route 28 : 1665 666 4165 1291 1428 3928 3166 3791 2220 2153 4653 4720 972 1984 2074 3472 1497 4574 4484 1013 3513 188 3997 2688 1767 54 4267 2554 971 1679 234 4179 3471 2734 2208 1643 655 3155 4708 1300 731 4143 512 3231 3012 231 846 3800 3346 2731
Route 29 : 1070 306 3570 718 2806 3218 591 3091 396 1207 2896 1219 3707 2154 3719 1502 2487 4002 4987 1629 4129 4654 2183 2020 935 764 4520 3435 4683 861 3361 3264 1670 2327 4170 1331 4827 183 3831 2683
Route 30 : 1086 1911 3586 1278 4411 3778 1122 833 3622 1204 3704 515 3333 2181 4681 3015 1367 1222 484 3722 3867 2984 1345 2302 1040 3540 3845 248 4802 2179 4679 2748 707 3207 1339 1660 2099 3839 1424 1562 4160 2115 4062 4615 3924 4599 1147 197 2697 3647
Route 31 : 1375 1772 3875 4272 1750 4250 1669 1364 4169 3864 1968 4468 1229 1444 1531 4031 1030 3530 3729 3944 569 956 1056 3069 1115 3456 3556 1047 3547 2132 925 555 3615 536 3425 4632 2234 3055 4734 1871 3036 729 2462 4371 3229 4962 548 3048
Route 32 : 2294 324 481 293 2167 2824 2793 4667 597 2981 3097 2322 31 4794 4822 747 150 2531 3247 225 2650 2725 459 50 2550 2959 1567 214 2714 4067 2384 4884 740 3240 1146 3646 1297 1393 1575 3797 1920 4420 1270 4075 3893 1926 3770 4426
Route 33 : 2127 1521 1508 4008 4021 546 1736 3046 1879 4379 4627 587 4236 240 260 2760 2740 2233 3087 4733 403 714 1529 1915 4415 3214 2903 4029 575 3075 1404 2434 3904 271 58 2558 1976 4934 141 2771 4476 829 76 2576 1227 3329 3727 2641 1848 4348
Route 34 : 1539 1558 4058 4039 1455 475 744 2975 698 3955 3198 1437 3937 3244 166 2666 1995 2130 275 2775 1235 4630 4495 3735 1264 1116 3764 617 3117 3616 1615 1258 3758 4 4115 112 2504 2612 1517 1043 4017 3543 2281 316 4781 2816
Route 35 : 539 1559 1632 3039 4059 287 1343 4132 2787 2185 1274 3774 4685 1949 1541 3843 558 4041 4449 2341 3058 895 3395 4841 760 3260 2105 1172 2265 3672 4765 4605 443 896 1 2943 3396 1821 1781 4321 2431 4281 4931 2501
Route 36 : 938 3438 1201 3701 2037 556 3056 2415 1680 4180 1214 3714 634 3134 55 2120 2555 4915 859 1578 4620 2101 4078 756 4537 3359 4601 3256 791 406 3291 927 547 3427 2906 2212 1161 4712 3661 526 1866 3047 3026 1368 4366 2407 2451 4907 3868 4951
Route 37 : 879 1376 3379 3876 2442 4942 2087 1902 4402 1809 934 4309 3434 264 4587 129 2764 2171 90 4671 2590 2235 2629 1389 4735 1391 3891 1600 3889 144 1212 4100 3712 2644 2251 2438 2216 4751 4716 508 1067 3008 1524 4938 3567 4024
Route 38 : 1104 3604 1591 2469 4969 4091 381 149 2404 2649 2881 209 4904 1175 3675 2709 762 2481 3262 2046 4981 1239 4546 3739 1082 3582 2444 2172 4672 4944 1760 1611 4111 4260 2141 1842 4342 4641 1765 1052 4265 1513 4013 479 2979 3552 2229 4729
Route 39 : 2278 4778 2264 1441 4764 1967 1284 4467 3941 1722 4222 3784 487 327 2987 1319 3819 1308 2827 3808 123 110 13 2610 2513 1714 4214 2623 1133 841 3633 3341 1505 849 3349 1804 4005 873 4304 321 3373 2032 2821 4532
Route 40 : 336 684 1720 1085 2836 4220 3585 2452 1872 1780 4372 4952 4280 2085 4585 243 3184 139 2743 2639 233 2493 4993 786 1544 2448 3286 4044 1042 3542 1452 4948 3952 2733 1365 3865 2286 117 305 2617 2805 1195 3695 146 4786 2646
Route 41 : 1025 3525 1595 4095 1206 218 3706 1119 3619 2718 1200 3700 606 1796 3106 2346 4846 89 4296 2589 2182 4682 237 881 3381 777 2737 2288 3277 535 4788 1528 2282 3035 1205 1266 3766 44 3705 1668 4028 4168 778 2544 3278 1811 673 3173 4782 4311
Route 42 : 809 360 2860 3309 1478 1830 3978 1341 2076 4576 710 3841 2355 4330 513 242 4855 3013 3210 1442 3942 1400 1549 2742 4049 932 369 3900 659 3432 2869 1124 472 2409 4909 3624 285 3159 2972 2785 2313 1753 4813 4253 420 2042 1981 4542 2920 4481
Route 43 : 1406 612 3906 1176 1934 1014 3676 3112 4434 3514 1634 1656 2059 4559 1556 1589 4056 4134 4156 1290 4089 3790 105 2354 2605 1712 4854 1021 4212 840 3340 3521 754 3254 1956 235 4456 1762 2735 4262 411 1851 2911 4351 1998 4498 1099 3599
Route 44 : 257 596 857 2757 2025 4525 115 3096 3357 1323 2615 3823 495 2455 1602 2995 1888 4102 4388 4955 1807 4307 538 404 2904 3038 2215 4715 2088 2339 1246 4588 4839 3746 296 132 2796 2632 289 749 466 2789 1381 1820 3881 3249 4320 2966
Route 45 : 2211 2301 4711 151 2651 4801 1749 751 1935 3251 460 2960 4435 4249 1329 1989 4489 848 22 3829 1961 711 3348 2522 2486 3211 4461 4986 370 1835 1277 4335 2870 172 3777 2672 2395 1687 4895 2361 4187 1933 4861 170 4433 363 2670 2863 1498 3998
Route 46 : 544 1185 1667 1299 3799 4167 3044 1819 1930 1905 776 4319 3685 4430 3276 1756 2026 4405 4256 4526 1692 392 4192 1254 2892 908 1889 3754 3408 687 4389 3187 1875 4375 686 3186 1630 1348 4130 2002 3848 769 4502 1110 3610 3269
Route 47 : 2461 1846 644 4961 3144 4346 507 1045 3545 3007 224 1874 2137 2724 4374 2333 4833 4637 728 1154 501 3001 3228 1426 2091 3654 4591 3926 127 421 2627 880 2921 3380 1374 1852 3874 1727 586 82 4352 3086 47 4227 1580 2582 4080 2034 2547 4534
Route 48 : 2378 2055 562 3062 1666 4878 2000 4166 4500 35 2535 4555 414 1740 2180 2914 4680 1469 3969 4240 3 2503 813 662 3162 1457 2275 3313 4775 3957 435 192 184 2935 1829 2692 4329 2684 126 1079 2626 839 3339 3579 397 2897
Route 49 : 1533 4033 1349 1519 292 4019 1975 3849 1554 1963 4463 4475 2792 1169 4054 1895 352 3669 125 4395 2852 1726 4226 2625 1619 641 4119 1259 3759 135 1858 3141 29 4358 205 1051 2635 2529 2705 390 2890 395 2367 2895 3551 294 4867 1217 2475 2794 3717 4975
Route 50 : 2236 2123 4736 4623 1295 2205 1188 1370 3795 3688 3870 4705 283 1913 2783 1779 4413 511 4279 2080 3011 1557 4057 1035 388 2888 464 2332 4832 3535 387 2964 4580 1924 2887 45 4424 722 3222 2545 2490 897 3397 1694 4990 4194 2255 4755 1958 4458
Route 51 : 2445 93 4945 2593 1606 2476 4106 517 3017 4976 864 254 3364 801 2754 645 3301 3145 1972 1564 4064 4472 2156 2412 2184 986 1741 3486 4241 4656 4912 308 1002 4684 2808 259 984 3484 2759 6 1292 3502 3792 2506 1636 1026 3526 4136
Route 52 : 752 1081 739 3581 3239 1937 3252 1964 4437 319 4464 2485 1283 4985 605 2819 1307 3783 3105 886 3386 3807 1974 1738 1599 4238 987 4474 143 2643 4099 249 302 724 2749 3487 509 2802 697 3224 1673 3197 990 3009 1063 4173 3490 2077 4577 3563 1006 3506
Route 53 : 167 120 2667 2620 1892 212 1946 4392 2712 2457 1411 4957 4446 1467 1693 3911 1453 4193 2259 471 3967 378 4759 2971 3953 1294 2878 856 783 3356 3794 1450 3950 1644 2033 3283 4533 4144 1546 1196 3696 4046 505 491 3005 1663 1233 2991 3733 4163
Route 54 : 2478 1143 4978 1785 4285 3643 1803 128 4303 2628 1398 1211 2449 3711 3898 1114 291 3614 2267 4949 2791 4767 322 2822 2316 4816 1868 211 2711 2291 725 3225 4368 4791 1944 195 1737 2695 4237 4444 1613 2299 1267 4799 3767 4113 940 3440
Route 55 : 592 3092 2187 4687 2197 4697 648 376 3148 425 1706 2925 1360 3860 2876 4206 825 155 2164 3325 4664 2655 1878 576 4378 691 3076 1064 1792 3191 2192 3564 17 196 2517 4292 2027 2340 2696 4692 1761 660 4840 3160 4527 4261
Route 56 : 2029 349 2849 4529 957 2053 3457 165 452 4553 2665 2952 1487 506 3987 493 3006 74 2993 1230 3730 1488 2574 92 2592 3988 2166 113 1791 2613 1238 4666 3738 1157 4291 888 3388 3657 68 2069 4569 75 2575 2568 1427 145 3927 2645
Route 57 : 1614 1240 263 2763 4114 3740 2146 4646 340 2500 618 2287 2840 730 4787 5000 1992 646 3230 3146 4492 2303 1076 3118 931 4803 3431 2418 1000 4918 3576 843 3500 3343 252 2321 4821 2752 1298 3798 2189 2497 4997 4689
Route 58 : 1248 593 3748 3093 2379 4879 1225 1071 1322 3822 578 3571 3078 3725 2036 1074 615 4536 1435 3574 3115 1163 62 2562 3935 1445 3663 3945 2108 4608 30 642 2530 854 3354 995 3495 1351 1520 3142 4020 3851 108 2608 1156 1747 3656 4247
Route 59 : 657 3157 331 2831 1436 303 3936 2803 492 2061 4561 95 2992 21 2521 2595 1434 2113 2315 4815 3934 2203 247 4613 2747 639 4703 2421 448 2948 746 4921 3139 2198 2394 4698 3246 4894 2174 4674 1475 1824 4324 3975
Route 60 : 2068 1166 1190 63 4568 3690 3666 2158 4658 624 164 2563 2664 2248 3124 2390 4890 1461 2128 3961 1121 4748 4628 3621 945 457 2957 3445 2252 136 4752 2636 1177 1209 3677 2178 3709 1759 4678 4259 2425 4925 803 270 542 3303 2770 3042
Route 61 : 2202 1094 1392 3594 1476 4702 3892 871 3976 3371 2145 4645 816 2324 3316 4824 672 1414 3172 1897 2173 4397 2450 2296 4673 534 4796 3034 4950 3914 1131 1405 3905 1003 3631 2008 1789 4508 3503 2244 4744 2350 4289 1431 585 3931 3085 4850
Route 62 : 727 599 3227 25 3099 1028 2525 1847 485 2985 1380 3880 3528 361 4347 943 767 3443 1140 2861 3267 409 2909 2364 3640 2297 4864 266 2766 427 1009 4797 281 2927 1645 3509 2781 476 267 2976 2767 4145 175 2675
Route 63 : 2152 514 4652 2276 3014 2456 961 3461 4956 1255 4776 802 3755 1952 3302 4452 161 2661 965 1543 4043 488 2453 2988 3465 4953 2006 2221 4506 4721 60 1477 3977 669 2560 3169 607 342 2479 3107 2247 2842 2092 4979 4592 4747 2054 4554 582 3082
Route 64 : 1641 1843 2483 4141 1739 4983 415 4239 923 3423 975 4343 1512 3475 2190 4012 2915 119 2619 4690 782 169 2669 1942 3282 2230 4442 1054 3554 4730 2224 4724 652 106 3152 594 2606 3094 1137 921 3637 3421
Route 65 : 1812 2347 907 4312 1918 4847 4418 3407 1635 1032 53 1127 4135 79 3627 2106 2579 3532 1593 2140 2553 4640 4606 1585 1836 4085 4093 1903 4336 976 531 3476 2353 4853 4403 564 3031 1022 1980 4480 3522 3064 796 1882 4382 3296
Route 66 : 2279 1751 1696 4779 2263 1394 4251 4196 917 1328 4763 3894 3828 59 3417 2334 2559 1786 4286 2194 1020 3520 4834 4694 793 1139 3639 834 893 3393 3334 1001 100 3293 3501 2600 344 1221 2844 3721 610 939 3110 3439 1938 1198 4438 3698
Route 67 : 2447 4947 1286 1174 3674 1840 4340 276 1288 2776 1552 358 3788 2858 4052 1969 3786 1795 206 4295 4469 2706 2237 4737 179 2262 232 2679 4762 499 2732 1770 2999 1041 4270 3541 788 2098 3288 1069 4598 831 1538 3569 4038 3331
Route 68 : 2148 1886 2086 4648 4386 876 3376 4586 456 1990 2024 989 40 2956 4490 4524 3489 755 3255 2540 2499 4999 2102 2018 1289 668 3789 4518 3168 4602 541 573 1787 3041 4287 3073 1822 1316 799 1489 3816 4322 3299 545 3989 2402 3045 4902
Route 69 : 1145 3645 771 692 3192 3271 2459 1218 2433 4959 4933 761 3718 3261 894 2400 3394 284 1191 2784 1242 1327 3827 733 4900 3233 817 3691 3317 3742 1256 904 3756 3404 780 2052 1024 3280 1354 3524 3854 2228 988 4552 4728 3488 2369 4869
Route 70 : 1555 1542 121 2246 4055 4042 4746 2621 2454 1356 4954 797 28 3856 412 2528 1646 3297 2290 4146 2912 48 4790 1844 4344 2144 2548 2270 4770 4644 1570 1588 4070 4088 465 2373 2965 814 3314 1547 1648 4873 4047 4148
Route 71 : 954 3454 1501 561 4001 3061 553 1152 3053 3652 748 1347 3847 3248 101 1891 2601 4391 356 2440 1628 4128 2856 670 3170 1754 4940 178 4254 2309 2678 832 4809 3332
Route 72 : 2266 4766 2175 2466 4966 2219 4719 979 4675 1900 941 3479 4400 138 2638 1029 3441 272 2772 394 2894 1537 4037 3529 282 2254 994 4754 3494 1565 4065 2782 743 3243
Route 73 : 2048 1128 4548 413 1581 3628 671 4081 3171 1153 2913 3653 2072 455 4572 824 3324 2955 191 1798 2691 1296 3796 4298 1173 3673 2411 4911 913 784 3284 2226 3413 4726 2204 439 4704 407 858 2939 3358 2907
Route 74 : 937 3437 1245 785 3745 2429 1333 405 4929 3833 1048 3285 845 1945 2905 4445 3345 3548 2107 1681 57 4607 2557 518 3018 4181 1566 1709 4066 4209 2351 1282 3782 309 4851 2809 33 973 616 3116 3473 2533 10 1898 4398 2510 789 3289
Route 75 : 510 2004 4504 496 3010 1921 2996 1129 4421 408 3629 2908 2410 4910 922 3422 1764 1657 1382 1202 4264 3702 1983 4157 3882 4483 51 1324 3824 2465 4965 2551 1004 1769 2070 4570 2338 3504 4269 4838 2011 2391 4891 4511
Route 76 : 557 667 985 3057 2271 3167 4771 1515 3485 4015 2188 2125 4625 4688 1250 920 3420 1627 3750 2320 4127 238 4820 1170 2738 2295 3670 737 804 3237 182 3304 2682 470 85 2585 2970 1719 434 4219 1019 4795 2934 3519 1226 868 3368 1412 3726 1031 3912 3531
Route 77 : 2214 2240 1573 4714 4073 1931 721 4740 4431 581 3221 359 3081 2859 627 142 2342 3127 819 3319 2642 1346 219 2719 4842 3846 1971 1977 4477 4471 173 2673 199 84 2699 1273 2317 2306 4806 2584 4817 1716 3773 1357 4216 3857
Route 78 : 419 798 3298 2919 2117 745 4617 1479 2095 3979 81 3245 2581 1728 424 4595 4228 2924 2385 1096 4885 1465 3596 3965 2403 2430 1275 4903 1690 4930 2312 4190 4812 723 3775 3223 1953 477 2155 4453 1044 3544 4655 551 2977 3051 1658 4158
Route 79 : 1340 1939 3840 4439 2358 924 4858 3424 1862 884 1164 3384 4362 1215 3715 2441 3664 1350 2285 4941 298 3850 4785 441 2798 2941 1083 187 3583 447 2687 1867 2947 222 600 4367 318 3100 1125 2722 389 2889 3625 1470 2818 3970 1355 3855 1089 3589
Route 80 : 2160 4660 1701 4201 953 3453 130 2630 2010 1729 787 4229 806 4510 838 3306 1358 3287 3338 3858 348 1017 2848 1755 4255 3517 1691 1237 4191 3737 467 959 2967 163 2417 3459 1808 4917 213 2713 2344 2663 962 4844 4308 3462
Route 81 : 2362 1699 312 4199 677 2812 4862 494 3177 1997 239 2739 4497 2994 837 3337 898 1494 3398 3994 1518 519 3019 1837 4018 1704 810 4337 4204 665 3165 1363 3310 337 3863 1117 2837 3617
Route 82 : 2193 530 4693 2383 3030 4883 2428 498 2998 4928 949 3449 552 269 2769 3052 554 1625 3054 2468 4968 4125 1758 758 3258 2142 516 4258 1717 549 4217 66 4642 2566 3049 377 474 3016 2877 2974 2201 4701 1794 4294
Route 83 : 345 1745 2845 2149 4245 2397 4897 2126 4649 1142 4626 3642 874 588 114 3088 2614 3374 2352 4852 1466 2243 3966 4743 2170 1527 1244 2060 3744 2406 4560 1815 4906 4670 4315 4027 1093 3593 717 1870 872 3372 4370 2021 3217 4521
Route 84 : 162 1919 1088 2662 1881 4419 2110 3588 1390 3890 844 4610 869 4381 3344 3369 1574 2014 4074 4514 1055 3555 23 701 3201 738 2523 3238 674 3174 878 3378 442 1626 2162 4126 2942 2446 1033 4946 3533 966 482 4662 268 3466 2768 2982
Route 85 : 2314 1141 811 3641 1130 3630 4814 83 590 2583 3311 1698 1514 4198 4014 1677 3090 4177 15 1338 3838 537 2515 909 3037 1955 3409 951 230 4455 3451 2730 678 2489 3178 2405 4989 4905 602 1306 3806 1387 3887 741 69 3102 649 2569 3241 1396 3149 3896
Route 86 : 250 795 3295 1743 1718 372 4218 4243 323 2823 2872 2389 2750 1582 4082 1768 1522 4889 4268 765 2165 4022 4665 2413 4913 3265 186 1446 2686 2437 1493 4937 3993 1314 1633 3814 1249 3749 4133 2007 3946 4507 473 253 189 2973 2753 2689
Route 87 : 72 1616 88 489 2572 1159 4116 529 3659 2989 2588 2310 3029 453 4810 918 1516 2953 3418 1910 4410 1243 4016 3743 1813 2298 174 4313 4798 960 3460 1923 550 2674 3050 42 4423 726 3226 2376 2542 2082 4876 4582
Route 88 : 2051 5 1037 2209 3537 4551 903 3403 366 317 4709 2817 2505 486 446 2946 2866 977 2986 1105 3477 1671 3605 1318 4171 2050 3818 1151 4550 2195 4695 2041 4541 3651 2422 4922
Route 89 : 1799 4299 300 2800 853 2396 4896 3353 1401 3901 887 3387 1236 2419 4919 3736 1845 4345
Route 90 : 2073 1309 4573 288 3809 2788 2096 1409 4596 3909 1856 690 1183 2044 4356 96 3190 4544 1027 3683 2596 3527 194 855 3355 583 1563 3083 2694 4063 417 1016 2917 1864 3516 398 2898 1344 1112 3612 2371 19 3844 1561 4364 228 2519 4871 2728 640 4061 3140
Route 91 : 595 1707 1929 4429 2360 3095 4207 4860 706 663 304 947 3163 3447 3206 2804 2308 2349 4849 4808 1325 1617 3825 1876 1507 4117 382 842 4007 2882 1268 4376 3768 3342 157 2657 1603 4103 2368 2345 339 4868 4845 159 2839 2659
Route 92 : 226 8 2039 689 2726 2508 3189 4539 236 295 2736 102 2602 1061 3561 2150 4650 2795 1149 1832 2484 4984 2357 4332 3649 4857 1232 2131 1377 3877 688 3732 3188 438 2938 4631 572 1500 1108 4000 2 3072 3608 65 772 1893 2565 4393 3272 1744 2502 4244
Route 93 : 1330 1046 3546 462 620 3830 3120 2962 354 2139 2854 4639 1399 2370 3899 4870 1838 4338 1979 757 4479 2375 3257 245 2745 1386 1126 3626 343 4875 2843 1186 3886 3686 1647 658 124 3158 2624 4147
Route 94 : 1982 2374 1438 1265 3938 4482 2356 3765 709 4874 3209 4856 2196 2435 875 4935 3375 4696 200 2066 2700 2284 4566 451 4784 2951 1797 983 1826 4297 4326 3483 221 1817 2721 4317 2304 1532 4032 948 4804 3448
Route 95 : 436 1472 632 1194 3694 2225 3972 227 4725 3132 2727 1050 2936 1884 2111 4384 3550 532 3032 4611 1252 664 3164 682 3182 2017 1182 3752 450 2950 1966 3682 4517 122 2622 4466 1583 368 2868 137 2637 1097 4083 468 2968 3597
Route 96 : 2065 4565 1234 3734 1417 2474 1954 3917 1620 1109 4454 4974 930 3609 1841 4120 3430 1724 827 4341 1925 4224 3327 384 867 2884 1853 3367 4353 4425 1999 818 3318 87 4499 244 2744 2587 2268 98 1572 4768 9 2598 2509 568 1251 3068 4072 3751
Route 97 : 638 734 680 926 3180 3138 3234 1260 3426 290 3760 2217 4717 158 1223 3723 2790 176 1525 4025 2676 800 1685 4185 753 2658 3253 3300 1430 1655 3930 851 4155 2460 3351 307 4960 2807 440 255 2940 1443 2755 3943 1757 502 885 4257 1568 3002 4068 3385
Route 98 : 2398 202 892 1640 4898 297 2702 3392 2480 2797 4140 4980 401 364 2901 969 2864 1058 1008 3558 2043 3469 4543 350 3508 2258 2850 695 4758 763 3263 3195 2363 27 4863 1499 1540 2527 3999 67 4040 500 808 3000 2567 1118 3618 2359 1592 4859 3308 4092
Route 99 : 1321 2272 134 3821 2283 4772 1885 4783 2366 2634 1735 4235 1272 1439 3939 1943 432 4385 3772 4443 2075 4866 4575 2932 1224 1609 4109 712 258 3724 111 2611 3212 2758 262 1503 2762 1098 4003 579 480 2980 3079 847 3347 3598 1854 4354
Route 100 : 2104 1584 4604 1073 4084 713 3573 278 901 26 2526 2778 3213 3401 625 883 2028 3125 4528 2157 3383 1480 3980 410 4657 2133 2910 279 4633 2779 1651 1353 4151 1362 3862 3853 1491 3991 1492 1800 4300 3992 2250 1199 3699 4750
Route 101 : 1526 1912 4412 2199 4699 4026 1496 2151 2114 3996 4614 584 4651 2023 4523 997 3497 1587 4087 3084 2311 1317 3817 4811 2241 375 4741 2875 400 2900 261 2761 2436 241 4936 2741 999 906 3499 3406 1208 3708 1091 3591
Route 102 : 1865 204 4365 919 2704 3419 1742 416 4242 1927 2331 2916 2135 4427 4635 1134 4831 958 820 3634 379 2377 2879 3320 3458 2161 431 1674 2931 4661 1863 1473 4363 4174 49 1342 4877 3842 391 3973 193 2549 1639 1631 2891 1906 4131 4139 2693 4406
Route 103 : 1801 1257 4301 3757 720 1078 3578 483 3220 2983 1084 1833 301 4333 944 3584 2801 3444 647 1326 3826 153 862 3147 2653 1746 3362 4246 1062 2388 1672 4888 4172 1748 2062 4562 4248 828 3562 2147 3328 1090 3590 4647
Route 104 : 353 993 1120 3620 2853 3493 992 1880 3492 2328 4828 4380 52 2471 4971 2552 1281 1621 3781 1075 4121 3575 1686 503 3003 4186 1373 571 3071 1763 3873 2030 4263 4530 1959 4459 2071 643 1334 3143 56 4571 3834 2556
Route 105 : 329 905 3405 2829 1359 1302 185 2081 3802 3859 2473 942 4581 2685 1447 362 4973 3442 3947 2124 4624 1545 1425 2862 3925 4045 216 2257 1662 2716 4162 520 589 4757 1700 3020 1080 3089 4200 1336 3580 3836 1535 1065 4035 3565 2121 1775 4621 4275
Route 106 : 1305 1369 3869 3805 2159 4659 1485 1012 3985 735 3512 1887 3235 4387 1036 2393 3536 328 2828 805 4893 39 1454 1637 3305 3954 4137 1839 580 4339 2539 2109 3080 1015 1293 4609 3515 3793 265 1228 2015 3728 2040 2765 1092 4515 3592 4540
Route 107 : 1053 1007 915 3415 3507 3553 860 882 1869 2439 4369 699 3199 631 3382 3131 3360 661 3161 1576 330 2392 4076 2830 1608 4892 1459 2399 4939 630 4108 71 4899 1683 3959 3130 1113 2571 445 2945 3613 1594 4094 4183 1160 86 1560 2586 4060 1877 3660 4377