Instance name : poa-n800-3
Authors       : BIG3 - Dmitriy Yampolskiy, Egor Nikolaev and Daria Savina. Smart Logistics Point by the BigThree team (big3.ru).
Date          : 2025-04-22
Reference     : BigThree team (big3.ru)
Solution
Route 1 : 372 772 348 748 38 285 438 109 685 509 170 570 378 260 30 660 430 778
Route 2 : 99 499 123 215 354 523 615 754 256 51 656 370 451 770
Route 3 : 59 248 459 286 648 686 379 779 19 76 57 419 457 476 296 696
Route 4 : 13 310 341 413 741 710 140 540 172 228 5 572 628 405 185 163 563 585
Route 5 : 397 313 797 713 321 46 721 18 253 446 653 293 390 693 418 790
Route 6 : 358 138 758 538 131 531 175 575 121 12 521 141 412 78 541 87 487 478 155 555
Route 7 : 118 518 158 257 558 657 318 718 331 277 731 184 584 677 219 619
Route 8 : 326 726 243 17 643 417 135 301 246 535 701 646 191 167 36 567 591 436
Route 9 : 245 645 85 95 485 495 40 440 369 282 307 769 707 682 336 280 680 736
Route 10 : 162 562 49 103 216 503 449 237 616 79 97 637 479 94 225 494 497 625
Route 11 : 149 322 549 722 83 43 483 150 233 443 633 396 550 45 445 796
Route 12 : 311 711 375 325 775 725 153 201 553 254 209 601 654 609 275 675
Route 13 : 393 793 98 242 498 642 355 23 168 423 6 568 406 755 107 507 16 416
Route 14 : 217 195 70 617 595 80 480 470 35 122 435 399 317 799 717 522
Route 15 : 308 28 428 708 205 129 605 33 252 529 652 433 335 735 61 461 362 334 734 762
Route 16 : 316 716 368 273 673 768 210 161 561 387 610 787 395 8 408 795
Route 17 : 329 381 781 729 133 144 544 533 232 47 632 447 50 265 450 665
Route 18 : 151 551 171 34 571 279 434 159 679 559 332 22 422 732
Route 19 : 213 269 613 68 202 468 602 340 669 740 32 432 267 667 53 88 453 488
Route 20 : 305 229 351 751 705 629 345 373 773 745 60 349 460 304 749 704
Route 21 : 306 389 706 367 789 767 366 278 678 766 392 352 752 792
Route 22 : 136 255 319 655 719 536 284 361 684 761 110 82 75 510 475 482
Route 23 : 227 152 214 552 614 108 54 508 454 346 180 746 627 580 344 86 744 486
Route 24 : 111 93 493 511 29 429 130 530 2 119 519 402 132 236 636 532
Route 25 : 337 365 737 765 81 189 589 481 124 164 240 524 564 342 742 640
Route 26 : 220 300 166 620 700 27 566 63 114 427 463 391 514 89 791 489
Route 27 : 382 137 782 537 186 116 241 586 516 641 263 148 663 548 247 647
Route 28 : 194 160 560 594 398 798 376 314 776 96 714 264 496 271 671 664
Route 29 : 66 143 21 543 266 421 666 115 261 515 661 315 235 715 635 64 464 466
Route 30 : 303 289 287 383 703 687 689 783 4 295 695 380 404 333 780 733
Route 31 : 24 183 424 583 104 327 727 504 154 554 173 147 573 547 42 442
Route 32 : 77 268 11 477 668 339 258 739 658 347 281 681 747 384 784 411
Route 33 : 145 353 545 753 197 597 193 176 593 576 363 388 763 788 288 688
Route 34 : 112 20 113 513 420 105 222 505 622 58 458 128 528 512 192 592 44 444
Route 35 : 359 328 759 188 728 298 588 698 224 10 410 84 624 484
Route 36 : 270 65 670 465 249 187 92 649 587 492 283 15 683 302 702 415
Route 37 : 69 250 469 39 1 650 439 401 212 157 612 557 357 757 290 690 364 764
Route 38 : 244 102 502 644 211 611 174 100 574 208 500 74 608 474 292 91 692 491
Route 39 : 126 181 526 581 190 67 590 467 204 52 377 604 452 371 777 386 786 771
Route 40 : 238 9 638 409 226 259 626 659 207 55 26 455 426 607 323 723
Route 41 : 230 179 579 37 630 169 437 569 338 3 738 403 14 356 756 414
Route 42 : 41 25 142 425 542 441 125 106 525 506 177 274 577 674 134 206 534 606
Route 43 : 139 165 539 178 565 72 71 472 578 471 299 350 699 262 750 662
Route 44 : 251 291 651 400 691 800 276 272 672 676 385 374 774 785
Route 45 : 48 200 146 546 448 600 294 694 221 198 73 598 621 182 473 127 582 527
Route 46 : 90 62 101 462 490 501 360 324 724 760 56 456 31 231 431 631
Route 47 : 343 743 320 330 720 730 218 203 603 618 196 394 596 794 234 156 556 634
Route 48 : 223 239 312 117 639 712 623 517 120 520 7 199 407 599 297 309 697 709
