Instance name:	poa-n2000-2
Authors:		Carlo Sartori and Luciana Buriol
Date:			2019-2-11
Reference:		A matheuristic approach to the PDPTW (to be submitted)
Solution
Route 1 : 74 1074 186 1186 465 1465 146 888 1888 1146 650 1650
Route 2 : 749 1749 959 643 190 1959 1643 1190 816 621 1621 1816
Route 3 : 471 487 520 1487 792 1520 1792 611 1471 1611
Route 4 : 204 1204 479 14 1479 261 1261 835 1014 899 1899 1835
Route 5 : 538 125 1125 202 362 1202 1538 524 1362 1524
Route 6 : 446 28 974 1028 1974 551 1551 281 1446 1281 469 1469
Route 7 : 488 257 437 1488 769 1437 622 1622 1257 244 1769 1244
Route 8 : 321 174 1174 700 1321 933 1700 887 1887 1933 37 1037
Route 9 : 167 944 1944 1167 99 557 1099 1557 999 1999 502 295 1295 1502
Route 10 : 884 838 1884 312 1838 395 1312 131 1395 1131
Route 11 : 207 723 1207 9 1723 70 1009 363 1070 1363
Route 12 : 797 136 1797 903 1903 451 1136 511 1451 107 1107 1511
Route 13 : 763 303 1303 539 1763 419 808 1419 764 1539 1808 460 1764 1460
Route 14 : 651 192 1651 175 42 1175 1192 375 1042 18 1018 226 1226 1375
Route 15 : 647 1647 915 349 122 1915 1349 1122 626 916 1626 1916
Route 16 : 418 241 1418 908 1241 1908 914 893 378 118 1893 1914 1378 731 1118 1731
Route 17 : 510 641 1510 405 702 1702 1641 1405 895 595 854 1854 1895 1595
Route 18 : 945 25 925 1025 1925 416 1416 1945 775 1775
Route 19 : 233 1233 549 785 1785 730 1730 580 1580 1549
Route 20 : 468 327 330 673 1330 1327 724 1673 714 1724 322 331 1714 1468 1331 1322
Route 21 : 448 929 304 1929 900 65 1900 1448 200 1304 1065 515 1200 1515
Route 22 : 963 1963 453 613 1613 1453 645 672 1645 874 1672 1874
Route 23 : 690 149 436 1149 1436 946 1690 1946 353 517 1353 1517
Route 24 : 483 1483 537 116 639 1116 1639 1537 553 179 385 1179 1553 1385
Route 25 : 252 531 1252 1531 860 1860 340 399 1340 280 1399 1280 556 1556
Route 26 : 980 1980 772 725 1772 287 1287 141 1725 22 1141 1022 654 1654
Route 27 : 411 124 4 1124 152 1004 1411 1152 193 150 1193 1150
Route 28 : 995 676 1995 458 1676 604 413 1458 382 1382 259 1604 1413 1259
Route 29 : 51 705 240 1705 129 1051 1240 1129 742 846 1846 582 3 1742 1582 1003
Route 30 : 329 1329 290 640 614 1640 1290 377 1377 1614
Route 31 : 227 994 1994 504 1227 414 1504 1414 789 166 1166 1789
Route 32 : 92 1092 618 870 728 1870 760 1618 1728 1760 256 1256 288 1288
Route 33 : 365 755 78 1365 66 670 1670 1066 693 1693 425 1755 1425 1078
Route 34 : 851 975 489 1975 422 360 1422 1360 1489 715 1851 840 1840 1715
Route 35 : 269 326 98 1098 529 1326 1269 371 1371 562 1529 1562
Route 36 : 237 153 907 1237 336 1907 781 1153 1336 480 1781 1480
Route 37 : 484 793 1484 518 1793 1518 500 630 296 1630 1500 1296
Route 38 : 750 930 1930 1750 27 126 1126 76 1027 886 1076 396 1886 1396
Route 39 : 29 831 1029 370 1831 1370 114 491 1114 732 1491 242 1732 1242
Route 40 : 709 430 1709 564 1564 834 1430 1834 697 1697 187 636 1187 1636
Route 41 : 255 1255 773 561 1773 1561 164 103 1103 1164 72 1072
Route 42 : 294 525 1525 1294 947 786 934 1947 1934 1786 498 565 1498 1565
Route 43 : 528 768 1528 1768 80 596 1596 1080 307 1307
Route 44 : 30 1030 912 142 1912 1142 157 526 879 1526 1879 1157
Route 45 : 592 986 1592 527 1986 189 215 1527 761 1189 1215 109 1761 452 1452 1109
Route 46 : 717 11 449 1449 93 1093 148 1011 139 1717 196 1148 852 1852 1139 1196
Route 47 : 183 880 1880 262 635 1183 960 1262 1635 1960
Route 48 : 427 132 607 1607 1427 408 1132 310 942 1942 1408 1310
Route 49 : 799 751 1799 691 964 1751 867 1964 746 197 1867 1691 1746 1197
Route 50 : 958 737 1958 1737 435 664 440 1440 1435 472 1664 1472
Route 51 : 965 961 286 1961 245 1286 576 1245 881 1965 1881 583 1583 1576
Route 52 : 548 1548 177 970 441 48 1048 658 1970 1658 977 1177 687 1977 1441 1687
Route 53 : 713 299 366 1299 1713 45 1366 1045 251 470 1470 1251
Route 54 : 284 297 736 1736 1284 367 988 1297 1367 1988
Route 55 : 376 352 1352 572 1572 973 1376 214 1973 203 1214 883 1883 1203
Route 56 : 475 1475 817 426 15 1817 1426 1015 258 1258 811 1811
Route 57 : 807 201 1201 1807 140 1140 496 342 1342 461 1496 1461
Route 58 : 997 300 1997 171 39 1171 762 1300 1039 1762 990 1990
Route 59 : 951 825 1951 89 597 801 1597 1089 1825 1801
Route 60 : 667 52 1667 285 1052 1285 254 827 1254 1827 268 1268
Route 61 : 898 579 878 1898 1878 1579 206 83 1206 1083 695 602 1695 1602
Route 62 : 788 249 991 1788 264 1249 229 1264 1229 678 1678 1991
Route 63 : 121 318 1121 1318 402 1402 779 1 1779 599 1001 222 1599 1222
Route 64 : 195 982 1982 1195 243 224 390 1224 1243 169 1390 1169 555 1555
Route 65 : 495 8 663 1008 1663 1495 356 111 1111 53 877 1356 1053 1877
Route 66 : 108 858 507 1507 600 1858 314 1314 927 1600 1108 1927
Route 67 : 393 559 1559 1393 442 552 876 1552 1442 928 1928 1876
Route 68 : 543 1543 263 704 361 1361 940 1704 1940 1000 1263 989 2000 1989
Route 69 : 765 133 806 1765 1806 809 932 1809 1133 856 1856 956 1956 1932
Route 70 : 403 710 1403 601 1710 1601 91 1091 976 573 1976 1573 415 1415
Route 71 : 734 1734 919 861 872 1861 1919 547 684 1684 850 1872 1547 1850
Route 72 : 161 75 499 1161 1075 101 1101 398 1398 115 891 1499 1891 1115
Route 73 : 741 392 1741 1392 554 718 1718 391 1554 301 1301 1391
Route 74 : 998 948 127 1127 120 1998 217 1948 339 1120 1339 341 1341 1217
Route 75 : 644 1644 748 587 96 1587 1748 100 165 1096 338 1165 1338 1100
Route 76 : 936 1936 410 421 1410 787 1787 848 1848 1421 638 368 1638 1368
Route 77 : 379 1379 445 173 885 1173 1445 1885 847 949 1847 1949
Route 78 : 804 176 1804 656 238 1176 1656 38 1238 1038
Route 79 : 591 1591 863 275 1275 69 1863 585 1585 911 1069 1911 497 1497
Route 80 : 211 588 1211 412 1588 571 1412 450 1571 1450 64 343 1343 1064 981 1981
Route 81 : 686 800 906 1686 1906 1800 272 433 145 1433 1145 168 1272 1168
Route 82 : 896 43 1896 954 1043 239 1954 1239 535 782 1535 1782
Route 83 : 354 357 711 1357 805 221 1711 1805 1221 833 706 1706 1354 1833
Route 84 : 828 58 1058 957 364 1957 1364 250 657 1828 320 1250 1320 1657
Route 85 : 59 953 492 1059 567 1953 1492 993 1567 50 1050 1993
Route 86 : 160 205 1160 857 1205 778 1778 409 1409 1857 532 298 1532 1298
Route 87 : 334 1334 32 570 1570 545 1032 478 1545 822 1822 1478
Route 88 : 87 652 628 1628 1087 694 1652 542 1694 33 1033 1542
Route 89 : 720 722 216 1216 1722 675 901 1720 1901 1675 503 1503
Route 90 : 47 820 457 1457 593 625 1820 1593 1047 1625
Route 91 : 482 666 1666 541 521 1541 660 1660 283 1521 1283 1482
Route 92 : 743 923 1923 659 563 1659 1563 1743 972 1972
Route 93 : 137 1137 20 514 752 1752 1514 1020 73 505 1073 1505 56 1056
Route 94 : 655 194 324 1655 735 1194 1735 1324 41 309 1041 34 1309 1034
Route 95 : 319 865 332 1865 632 1319 1632 1332 397 918 1918 1397
Route 96 : 608 292 404 1404 1292 389 1608 921 1389 1921 864 1864
Route 97 : 818 71 1818 306 1071 506 578 1306 1506 473 812 1473 1812 1578
Route 98 : 996 508 1996 771 1508 1771 423 431 85 1431 1423 1085
Route 99 : 815 432 467 380 1467 1432 1380 355 1815 1355
Route 100 : 941 1941 747 794 6 1747 1006 950 892 1892 1794 1950
Route 101 : 228 1228 708 712 477 1712 247 1477 1247 1708
Route 102 : 335 1335 845 1845 128 1128 388 533 1533 688 1688 1388
Route 103 : 530 248 871 1248 1530 63 1871 810 1810 894 1063 1894
Route 104 : 337 97 1337 134 1097 199 481 1481 1134 317 1199 1317
Route 105 : 232 875 1875 692 1232 629 1629 824 897 1824 1692 1897
Route 106 : 969 902 1969 1902 372 842 1372 260 1842 795 178 1260 1795 1178
Route 107 : 274 774 1274 236 1774 766 1766 701 1701 1236
Route 108 : 21 1021 105 5 1105 1005 668 703 348 1668 1703 1348
Route 109 : 577 952 1577 839 1952 1839 889 1889 278 1278
Route 110 : 270 633 612 1633 1612 279 1270 1279 719 1719
Route 111 : 17 680 1680 1017 350 23 476 1350 1476 855 1023 1855
Route 112 : 844 1844 373 144 1144 634 62 1373 253 1253 1634 1062
Route 113 : 917 1917 523 868 1868 637 1523 289 1637 1289
Route 114 : 158 344 1344 984 88 1088 345 1158 1984 1345
Route 115 : 575 560 780 1560 648 1780 463 1575 1463 1648
Route 116 : 568 117 230 1568 1230 138 1138 407 1117 57 474 1057 1407 1474
Route 117 : 662 358 1358 95 603 1662 1095 586 1603 598 1598 1586
Route 118 : 624 699 1624 616 172 1616 544 1699 1172 1544
Route 119 : 696 313 151 1313 512 1696 1151 1512 669 756 1669 1756 558 1558
Route 120 : 905 832 1905 486 1832 1486 966 985 1966 1985 661 1661
Route 121 : 926 671 135 1135 1926 1671 387 610 1387 1610
Route 122 : 962 462 1962 439 119 1462 1119 1439 967 519 1519 1967 12 1012
Route 123 : 381 679 689 1381 540 727 1679 522 1540 1689 869 1869 909 1522 1727 1909
Route 124 : 968 1968 790 84 1790 1084 836 584 1584 180 1836 1180
Route 125 : 619 615 106 1619 466 1106 333 1615 1333 1466
Route 126 : 566 315 277 1315 1566 841 1277 1841 744 10 1010 77 1744 1077
Route 127 : 859 386 757 1386 36 1036 1859 1757 184 1184
Route 128 : 681 112 1681 904 1904 328 1112 265 1265 1328
Route 129 : 617 455 351 26 1351 1026 1617 1455 31 721 1031 1721
Route 130 : 94 490 1094 682 1682 729 1729 1490 623 733 1623 1733
Route 131 : 931 536 983 1536 920 1983 826 1931 1920 1826
Route 132 : 219 837 1837 978 516 1219 683 1516 1683 1978
Route 133 : 113 796 1113 104 302 1796 739 1104 1302 1739
Route 134 : 955 754 823 1955 170 1170 417 1417 213 1213 939 1754 1823 1939
Route 135 : 401 776 1401 1776 753 509 1753 698 1698 1509
Route 136 : 665 110 182 163 1182 1163 1665 594 394 1110 1594 882 1394 1882 220 1220
Route 137 : 13 609 685 1685 1609 266 1013 267 1266 821 1267 1821
Route 138 : 485 677 1485 649 1677 569 1649 494 1494 938 1938 1569
Route 139 : 987 293 1293 35 1987 384 605 1384 1035 1605
Route 140 : 738 546 501 1738 406 1546 1406 188 1501 1188
Route 141 : 198 1198 90 210 231 1210 1090 1231 642 550 1550 1642
Route 142 : 606 1606 924 783 1924 438 1783 2 61 1438 1061 1002
Route 143 : 574 1574 102 493 1102 1493 802 784 44 1044 1802 1784 777 1777
Route 144 : 282 81 1282 79 1081 456 1079 1456 54 1054
Route 145 : 291 156 1291 890 1156 454 185 1454 1185 798 1798 40 1890 1040
Route 146 : 444 646 1444 1646 181 1181 979 162 86 1979 246 1086 1246 1162
Route 147 : 424 1424 770 234 1770 740 49 1234 1740 1049
Route 148 : 745 1745 60 223 1060 1223 276 631 1631 866 1276 1866
Route 149 : 155 992 1155 464 271 1464 1992 1271 443 1443
Route 150 : 305 323 1305 862 1862 513 707 1323 1707 1513
Route 151 : 913 1913 273 1273 937 147 1147 212 1937 1212
Route 152 : 581 1581 369 1369 347 759 791 1759 1347 459 1791 1459
Route 153 : 653 819 1819 843 1843 19 1653 589 1019 1589 620 191 1191 1620 971 1971
Route 154 : 308 1308 726 429 123 1726 82 1429 218 225 1218 1082 1123 1225
Route 155 : 24 758 910 1910 346 1024 1758 534 1346 813 1534 814 1813 1814
Route 156 : 767 1767 830 67 1067 130 1830 1130 943 325 1325 1943
Route 157 : 803 7 1007 208 1208 1803 873 359 627 1359 1873 849 1849 1627
Route 158 : 434 143 922 1143 428 1428 209 1434 1209 1922
Route 159 : 311 590 316 1590 1316 16 1311 420 1016 935 1935 1420
Route 160 : 383 853 1383 829 1853 1829 674 716 1716 55 1055 1674
Route 161 : 400 159 68 1068 447 1447 374 1374 1159 1400 154 235 1154 46 1235 1046
