Instance name : poa-n4000-3
Authors       : Dmitriy Demin, Mikhail Diakov (msd@veeroute.com), Ivan Ilin, Nikita Ivanov, Viacheslav Sokolov (vs@veeroute.com) et al. VRt Global (https://veeroute.com/)
Date          : 2023-04-24
Reference     : veeroute.com
Solution
Route 1 : 621 1493 3493 243 2243 1066 3066 473 2473 1129 3129 1919 745 2745 3919 2621
Route 2 : 465 260 2260 72 2072 1358 2465 749 3358 819 2819 1584 1178 3584 1812 2749 3178 256 3812 2256 1196 3196
Route 3 : 143 2143 1242 3242 517 2517 408 1742 1172 3742 3172 2408 1449 457 3449 448 2448 35 2035 2457
Route 4 : 554 1715 2554 3715 343 2343 1789 1214 3789 3214 1157 537 1728 2537 3728 1847 3157 376 2376 1781 3847 3781
Route 5 : 1798 1174 1057 3798 1384 1843 3843 3057 3384 572 2572 557 3174 996 2557 1428 2996 1808 3428 941 3808 2941
Route 6 : 244 2244 1345 1711 167 3345 3711 2167 731 1293 3293 2731 1270 1267 899 2899 3270 3267
Route 7 : 1232 3232 1754 3754 1338 410 3338 1235 2410 3235 886 452 2886 3 1914 2452 2003 3914 1983 1444 3983 1238 3238 3444
Route 8 : 1083 396 596 2596 174 2174 1502 3502 1075 3075 531 2531 590 855 2590 1660 2855 3660 2396 3083
Route 9 : 608 2608 451 2451 1441 3441 1846 3846 663 1498 2663 1904 3498 3904 1723 1640 3723 1516 3640 1607 79 3607 3516 2079
Route 10 : 453 2453 1352 3352 1288 662 765 2765 3288 906 1311 2906 1264 3311 3264 285 2285 2662 1609 181 3609 2181
Route 11 : 1603 1623 88 3603 3623 2088 1582 3582 665 888 2665 1634 2888 3634 1853 539 2539 1245 1664 3664 3245 3853
Route 12 : 477 1830 3830 1193 2477 335 21 2021 120 2335 2120 3193 245 955 2955 1220 2245 3220 440 1321 2440 3321
Route 13 : 290 431 2290 333 2431 2333 54 1824 3824 297 1023 3023 2297 1310 3310 872 2872 2054 446 545 2446 2545
Route 14 : 189 807 2807 102 2102 644 1244 3244 2644 248 2248 1996 104 2104 3996 31 2031 1 948 2948 2001 2189
Route 15 : 684 2684 216 1627 2216 7 3627 2007 1995 48 890 2048 3995 1814 3814 652 2890 1489 2652 1472 3489 3472
Route 16 : 593 956 2593 2956 488 2488 1455 3455 147 1222 2147 678 2678 3222 1466 1874 460 3466 3874 926 2926 2460
Route 17 : 1740 3740 574 1103 3103 1801 2574 3801 1191 3191 1739 1877 1674 3739 3674 3877 281 2281 1477 315 3477 2315
Route 18 : 1955 883 3955 258 2883 2258 1656 1591 3656 3591 622 1254 1369 3254 2622 3369 1806 3806 306 2306 548 2548
Route 19 : 1331 1396 547 3396 3331 103 2103 1365 1927 2547 3365 1663 3927 1442 3663 986 2986 3442 1423 3423
Route 20 : 1647 3647 1132 841 2841 1351 3132 1689 3351 3689 330 1467 3467 2330 730 1642 2730 328 3642 1845 3845 2328
Route 21 : 1312 1964 3964 3312 148 521 423 2148 2423 954 695 2521 2695 2954 1290 1706 3290 111 3706 1696 2111 3696
Route 22 : 722 15 1274 1058 2015 427 3058 2722 2427 368 1521 3521 2368 726 2726 3274 891 38 2891 2038
Route 23 : 177 2177 1831 287 2287 3831 558 2558 733 2733 1215 1063 3063 1260 3215 1977 3260 3977 1685 1599 3599 3685
Route 24 : 444 2444 994 611 511 2994 2611 8 1967 2008 389 2389 94 3967 2094 525 2511 661 62 2525 2062 2661
Route 25 : 1192 3192 1420 603 1163 3420 3163 2603 74 450 2074 1143 2450 3143 49 1558 2049 1804 3558 1842 3804 1415 3415 3842
Route 26 : 1580 3580 809 483 2483 1387 2809 3387 634 2634 1153 3153 1463 792 3463 2792 668 813 2813 2668
Route 27 : 1821 3821 713 1614 3614 2713 1646 575 3646 1458 3458 2575 1059 1867 3059 1767 3867 3767 974 762 2974 2762
Route 28 : 599 2599 1459 1957 3459 3957 77 2077 1494 78 3494 2078 385 2385 291 2291 1577 1194 3577 3194 1430 3430
Route 29 : 141 1381 3381 1624 2141 1010 3624 3010 880 1252 2880 3252 504 1026 2504 1170 3026 3170 464 228 2228 2464
Route 30 : 752 1561 2752 3561 1594 1142 3142 3594 508 540 708 2540 2708 1372 2508 222 249 2222 3372 2249 1709 3709
Route 31 : 1206 723 3206 1150 3150 1392 1208 3208 1012 3392 27 935 3012 2027 2723 344 2344 2935 1257 882 2882 3257
Route 32 : 850 2850 1746 3746 1855 1003 3855 3003 75 2075 1440 69 425 3440 2425 2069 438 515 2515 2438
Route 33 : 13 154 2154 2013 1817 3817 43 591 2043 1007 2591 700 2700 238 3007 2238 475 1147 2475 582 2582 3147
Route 34 : 144 2144 877 87 2877 2087 1117 153 2153 3117 893 2893 251 1691 1758 3691 3758 1134 2251 3134 1249 121 2121 3249
Route 35 : 37 2037 1398 3398 1020 3020 1892 3892 224 1119 1721 2224 3119 3721 907 1978 3978 411 2907 592 2592 2411
Route 36 : 360 186 1912 2360 2186 1676 520 3676 1854 1074 2520 3854 3074 326 2326 825 351 2351 3912 2825
Route 37 : 1213 1915 3915 3213 152 1863 2152 3863 1233 1130 1247 3233 3130 1278 1729 3278 3729 3247 1077 1827 3827 3077
Route 38 : 1550 3550 1939 711 3939 2711 724 1792 584 3792 2724 2584 356 522 2522 2356 1212 3212 1602 1207 3207 3602
Route 39 : 759 1031 3031 1447 3447 826 2826 612 2612 1285 3285 301 482 1639 2301 2482 24 3639 944 2024 2944 1048 3048 2759
Route 40 : 1029 1836 3029 3836 1014 619 2619 61 3014 442 2442 2061 1033 3033 967 1887 3887 857 2967 2857
Route 41 : 487 2487 176 2176 416 2416 374 2374 231 162 2162 2231 497 142 2142 2497 478 373 1271 2478 2373 3271
Route 42 : 1226 1203 3203 803 2803 3226 1061 3061 551 2551 1753 957 3753 202 2957 1597 2202 3597 1190 98 2098 3190
Route 43 : 694 1084 909 3084 2909 278 2278 1187 3187 1834 971 2971 3834 1200 3200 199 1717 1042 3717 3042 2199 2694
Route 44 : 1070 3070 1292 1680 3680 3292 738 2738 1733 754 3733 2754 1782 1097 3097 491 3782 2491 1112 824 3112 2824
Route 45 : 1670 1116 3670 3116 1776 3776 1871 3871 602 1787 2602 3787 169 2169 58 2058 1810 830 3810 2830
Route 46 : 1045 1435 3045 3435 1410 3410 1669 633 3669 2633 5 404 2005 2404 1126 1227 3227 3126 910 414 2910 2414
Route 47 : 1004 3004 852 2852 1319 3319 1818 3818 898 2898 1476 1125 3476 3125 756 946 2946 604 2756 528 2528 2604
Route 48 : 1204 3204 1724 3724 1553 3553 1675 296 3675 932 2296 2932 502 1304 2502 1224 3304 3224
Route 49 : 307 2307 796 1884 3884 2796 1524 3524 1554 1813 561 3554 1650 3813 2561 3650 1936 3936
Route 50 : 1413 509 2509 1686 1375 3686 3375 1197 1991 402 3197 2402 3991 1579 3579 1111 868 3413 3111 2868
Route 51 : 779 1106 2779 3106 647 1263 1873 3873 2647 3263 325 1615 3615 393 2325 2393 1062 390 3062 2390
Route 52 : 329 6 1325 2006 3325 2329 2 962 2962 2002 19 838 2838 586 2019 2586 1474 470 2470 1039 3474 3039
Route 53 : 583 844 2583 2844 1439 3439 1574 1486 3574 3486 1869 246 2246 829 3869 2829 30 975 2030 1128 2975 3128
Route 54 : 493 313 2313 2493 1496 3496 400 2400 219 2219 205 151 2151 2205 1546 1505 1236 3505 3236 3546 958 2958
Route 55 : 157 1016 3016 2157 815 415 2815 2415 50 1334 2050 585 3334 458 2585 2458 274 1572 3572 659 2659 2274
Route 56 : 839 45 270 2045 2270 2839 1344 3344 1013 3013 833 755 2833 2755 110 609 1218 2609 2110 183 3218 2183
Route 57 : 1536 3536 1570 3570 1876 1303 1747 3747 3876 3303 1385 1515 3515 823 2823 720 3385 928 2928 2720
Route 58 : 1015 3015 840 2840 1080 208 771 3080 2208 2771 818 790 257 2818 2790 2257 429 1906 3906 2429
Route 59 : 1277 125 3277 916 512 500 2500 2125 1195 2512 853 3195 2853 10 2010 383 2916 675 1583 3583 2675 2383
Route 60 : 789 1282 2789 3282 1511 1803 3803 3511 753 533 2753 2533 1320 565 3320 2565 1655 3655 1840 264 2264 3840
Route 61 : 983 2983 773 1053 1793 3793 3053 518 17 2518 2017 2773 875 338 1777 2875 3777 2338 1909 1346 3346 3909
Route 62 : 387 1790 2387 3790 1374 354 3374 607 1295 2354 1407 2607 1851 3851 3407 3295 1429 160 3429 1872 2160 3872
Route 63 : 80 421 334 2421 1948 3948 2334 970 127 2127 1503 2080 342 2970 3503 2342
Route 64 : 1468 848 795 3468 2795 1718 2848 3718 1188 3188 468 395 2468 323 2395 718 2323 866 2718 2866 746 2746
Route 65 : 507 1992 2507 1673 3992 3673 1088 312 345 2312 2345 82 1651 3651 2082 3088 96 140 2140 2096
Route 66 : 719 2719 864 626 2864 2626 1318 1275 3318 3275 398 532 2398 656 2532 2656 426 367 747 2426 2747 2367
Route 67 : 1073 1151 3151 3073 1913 1513 3913 1796 3513 358 2358 3796 1393 3393 1585 1870 3585 1198 3198 3870 350 2350
Route 68 : 920 1412 3412 2920 1526 3526 1166 3166 904 1945 263 3945 2904 1305 1969 2263 3305 3969 541 2541
Route 69 : 961 2961 1596 3596 1133 3133 1800 3800 816 1534 1114 3534 2816 1731 3731 1658 3114 3658 788 687 2788 2687
Route 70 : 81 1828 1367 2081 3367 1202 3828 1457 1454 3454 3202 3457 632 2632 628 60 1953 2628 1895 3953 3895 2060
Route 71 : 1773 3773 589 237 2237 577 1648 3648 2577 728 555 2555 2728 1641 3641 1324 1973 1108 3324 2589 3108 3973
Route 72 : 1760 594 2594 3760 239 2239 1941 3941 629 347 2629 1152 2347 64 3152 2064 902 1483 2902 56 3483 2056
Route 73 : 1113 1497 3113 3497 1616 3616 242 2242 59 2059 1924 321 3924 2321 1485 1823 3485 894 3823 2894 1328 3328
Route 74 : 781 2781 1563 3563 1140 1702 3140 1431 3431 3702 213 283 2283 918 2918 2213 439 1281 2439 221 3281 2221
Route 75 : 1628 3628 847 272 2847 1950 3950 2272 67 1302 294 3302 1418 2294 3418 1104 1962 173 3962 3104 2067 2173
Route 76 : 529 2529 901 2901 1684 3684 1025 1294 1182 3025 797 3294 3182 2797 1337 1171 112 3337 3171 196 2112 2196
Route 77 : 831 1018 2831 1514 3514 3018 549 685 2685 215 2215 2549 36 308 2308 1051 2036 3051 812 310 2310 2812
Route 78 : 1093 3093 1765 1672 3765 1397 3672 3397 179 682 253 2179 1149 2682 3149 2253 1383 1306 3383 3306 392 2392
Route 79 : 989 2989 1040 3040 1678 1928 496 3928 3678 1769 2496 1959 241 3959 3769 2241 265 471 2265 1047 2471 3047
Route 80 : 701 23 2023 2701 1757 3757 1835 3835 145 2145 1216 3216 1608 1027 1495 3027 3608 3495 1619 3619 430 1722 2430 3722
Route 81 : 1221 3221 1921 1900 3921 3900 1360 697 3360 1427 2697 615 3427 679 413 2679 2615 2413 1794 3794
Route 82 : 1109 1829 651 2651 3829 1766 3766 943 2943 1815 3815 314 757 2314 2757 1820 1243 3820 3243 964 3109 2964
Route 83 : 1683 715 783 1838 3838 2715 1559 2783 1438 3559 3438 1314 193 2193 3314 1762 3762 3683 371 2371
Route 84 : 52 2052 560 2560 1786 3786 822 2822 1287 1530 3287 3530 1698 295 1975 3698 1707 3975 3707 292 2295 2292
Route 85 : 1404 1860 3860 3404 113 2113 1127 1958 3127 3958 951 1659 65 2951 3659 2065 1371 3371 885 2885 1421 1234 3421 3234
Route 86 : 1687 1903 3903 3687 107 2107 1087 897 3087 1460 2897 3460 352 1376 2352 1946 3376 3946
Route 87 : 447 1035 2447 1101 3035 1347 3101 459 2459 1858 1091 3858 3347 1600 3091 1960 3600 3960 1780 95 3780 1719 2095 3719
Route 88 : 11 1138 417 2011 1879 2417 3879 600 828 3138 2600 1779 3779 226 2828 1899 2226 1180 3899 71 3180 1241 3241 2071
Route 89 : 854 2854 406 2406 862 2862 921 269 2269 2921 811 115 1578 2115 2811 3578 1679 544 2544 3679
Route 90 : 581 874 2581 2874 1771 182 712 2182 3771 1998 2712 449 3998 40 100 2449 2040 2100 1736 1389 3736 3389
Route 91 : 1703 3703 1993 1011 3993 3011 1693 1933 3693 3933 527 2527 97 1041 869 2869 2097 3041 1745 1809 3745 3809
Route 92 : 1450 729 375 3450 725 2375 2725 1981 2729 1632 3632 3981 159 116 232 2159 2116 2232
Route 93 : 743 1595 3595 2743 267 1621 3621 139 2267 2139 1199 808 2808 3199 900 2900 1341 131 2131 3341
Route 94 : 14 2014 164 178 2164 1605 3605 2178 361 680 2680 635 2361 896 2635 2896 1488 858 3488 2858
Route 95 : 437 2437 70 917 2070 968 1612 2917 3612 721 2721 271 2271 2968 1626 319 2319 3626 1897 499 2499 3897
Route 96 : 1732 691 3732 217 2691 1484 1775 3484 655 3775 2217 1592 2655 1908 1246 3592 3908 3246 1355 46 3355 2046
Route 97 : 1373 3373 1291 3291 353 2353 1974 980 3974 161 2980 2161 391 1017 2391 3017 22 1519 2022 44 2044 3519
Route 98 : 1901 3901 1451 3451 1268 657 3268 366 2657 1313 3313 2366 1405 166 3405 641 1565 2166 3565 2641 739 2739
Route 99 : 1980 3980 1850 20 2020 138 977 3850 1625 2138 2977 3625 1795 3795 1050 3050 134 336 2134 1543 2336 758 3543 2758
Route 100 : 1571 1426 1237 3426 3237 1009 3009 871 18 2871 2018 969 1286 3286 2969 261 1564 580 2580 2261 3564 3571
Route 101 : 806 2806 26 1124 2026 3124 573 1464 2573 3464 534 498 2534 837 2498 2837 535 2535 433 785 2785 2433
Route 102 : 184 2184 887 2887 1586 3586 884 2884 1504 3504 676 277 2676 1424 2277 1382 3424 3382 1763 3763
Route 103 : 1785 945 2945 1617 3785 3617 484 2484 931 1654 1999 3654 2931 1944 3999 3944 490 1353 2490 3353
Route 104 : 640 999 2640 1926 2999 3926 1289 3289 929 979 2929 673 2673 671 2979 2671 1633 686 3633 667 2686 2667
Route 105 : 227 984 2227 2984 949 130 1005 3005 787 2130 1032 2787 3032 230 1123 2230 2949 1819 3123 3819
Route 106 : 1161 3161 791 1905 714 2791 3905 2714 1055 3055 1137 645 2645 3137 643 1859 1001 3001 2643 3859 1189 3189
Route 107 : 1043 550 3043 2550 1788 3788 365 2365 1890 950 1529 3890 2950 3529 836 546 2546 293 2836 476 911 2293 2476 2911
Route 108 : 359 101 2359 9 2009 2101 1158 1107 3158 804 3107 770 2804 942 2770 289 2942 2289
Route 109 : 1359 1499 3359 889 764 2889 601 563 2601 2764 692 2563 1575 2692 422 3499 3575 2422
Route 110 : 441 1308 2441 492 3308 1737 556 3737 1520 2556 3520 1576 3576 1052 485 631 3052 2631 2485 2492 1148 3148
Route 111 : 997 2997 467 1122 2467 1661 3122 3661 1169 455 2455 1136 3169 748 3136 2748 1710 1478 3478 881 3710 2881
Route 112 : 1008 108 2108 288 2288 514 3008 2514 1209 1085 559 3085 2559 1525 3209 786 2786 614 3525 2614 1866 3866
Route 113 : 1987 505 2505 472 3987 32 2032 2472 1588 3588 378 780 2378 2780 1479 273 2273 1551 3479 1667 3667 3551
Route 114 : 279 2279 156 1631 3631 2156 735 2735 843 953 1716 2953 2843 3716 617 117 2617 2117 443 1340 2443 3340
Route 115 : 800 2800 903 2903 827 2827 832 2832 394 2394 1078 3078 1144 1822 298 3144 3822 627 2298 925 2627 2925
Route 116 : 947 1228 2947 506 3228 409 2506 2409 302 466 2302 1518 2466 1714 3518 3714 1160 454 2454 3160 1589 1296 3589 3296
Route 117 : 523 1096 2523 3096 1394 672 3394 1183 2672 1079 1445 3183 3079 3445 1386 3386 568 562 2562 2568 47 1568 3568 2047
Route 118 : 767 2767 768 1377 3377 2768 1416 3416 1090 3090 1976 919 266 2919 3976 870 908 2266 2870 2908 860 2860
Route 119 : 304 129 2129 2304 1470 211 2211 3470 1720 4 3720 198 2004 1425 2198 3425 1943 3943
Route 120 : 320 1002 2320 1141 1916 1411 3141 3411 3916 3002 588 495 939 2588 2495 618 200 2200 2618 2939 1652 3652
Route 121 : 331 1557 3557 2331 638 2638 1699 1177 3177 646 3699 1049 3049 2646 670 538 2670 1749 2538 3749
Route 122 : 1637 419 3637 1167 2419 959 3167 1299 2959 133 805 2133 3299 136 2136 2805 250 2250 1744 1934 3744 3934 1726 3726
Route 123 : 851 2851 1852 1677 3677 53 3852 1364 2053 3364 1593 784 3593 236 2236 1378 1630 3378 3630 2784
Route 124 : 1110 318 2318 1336 3110 3336 1522 3522 1453 705 3453 2000 4000 1239 2705 1940 3940 3239 105 1893 3893 2105
Route 125 : 1802 3802 209 2209 1965 3965 1356 1883 204 126 2204 3883 2126 282 820 2820 2282 1653 434 3653 3356 2434
Route 126 : 1155 965 3155 1056 2965 3056 1770 1201 3770 1891 3201 234 119 3891 2234 2119 262 867 2262 865 2867 2865 704 2704
Route 127 : 1573 3573 137 2137 1997 3997 247 1759 2247 821 2821 3759 595 1947 3947 2595 1500 1251 3500 3251
Route 128 : 863 1695 2863 734 3695 576 775 1751 2775 2576 3751 1622 1629 3622 2734 1937 605 2605 3937 1741 3629 3741
Route 129 : 420 2420 1462 3462 1556 3556 693 2693 992 2992 341 794 2794 924 2341 1920 316 2924 3920 2316 793 2793
Route 130 : 118 570 2570 2118 1848 210 1273 3848 3273 2210 1929 1825 3825 690 3929 255 2690 1081 3081 2255
Route 131 : 1888 1963 3963 3888 399 1335 2399 3335 1022 3022 938 742 2742 2938 1931 380 3931 175 2380 2175
Route 132 : 1262 203 3262 1402 3402 1875 3875 357 2357 2203 1363 664 3363 2664 405 1156 3156 2405 1145 1898 3145 3898
Route 133 : 981 1752 461 3752 1370 2461 798 2981 3370 29 180 2180 2798 1071 2029 3071 613 2613 1284 1258 3284 3258
Route 134 : 324 2324 543 2543 1705 3705 1490 3490 363 737 2737 2363 1437 702 658 2658 3437 2702
Route 135 : 761 158 2158 2761 760 2760 674 2674 1990 218 3990 1791 2218 1517 280 3791 3517 2280
Route 136 : 150 1636 3636 1400 1019 2150 3019 1880 3880 195 2195 185 1738 2185 3738 41 1832 3400 2041 3832 845 2845
Route 137 : 109 2109 462 2462 1240 1099 3099 201 3240 2201 114 1849 2114 3849 1419 922 3419 2922 1179 620 2620 3179
Route 138 : 923 1566 3566 2923 370 2370 1917 3917 716 1982 2716 435 3982 28 2435 2028 1671 235 3671 233 2235 2233
Route 139 : 1613 1878 3613 480 3878 407 2480 122 2122 1432 327 3432 2407 1774 3774 2327 68 2068 630 1506 3506 2630
Route 140 : 1935 339 2339 3935 1021 1697 3021 973 3697 2973 1604 3604 1482 1368 3368 3482 1024 3024 34 1379 2034 494 3379 2494
Route 141 : 340 569 1865 2340 2569 952 2952 3865 681 57 1481 2681 2057 3481 1181 3181 84 567 2084 1856 2567 3856
Route 142 : 856 2856 1968 3968 623 1054 3054 2623 625 2625 1799 1547 3547 3799 1332 3332 1391 1942 3942 1098 3391 3098
Route 143 : 349 1223 2349 3223 172 736 2736 2172 212 2212 1531 1362 3362 424 3531 1539 3539 2424 1704 332 3704 2332
Route 144 : 990 2990 1280 3280 1436 1230 3230 379 3436 1542 3542 2379 286 516 2286 915 2516 1225 3225 2915 1761 3761
Route 145 : 1094 3094 284 2284 220 2220 1725 3725 937 510 2937 1327 2510 3327 571 1417 2571 3417 51 1390 3390 2051
Route 146 : 727 2727 1339 3339 275 1811 2275 3811 1118 1750 165 3118 3750 2165 1861 1461 3861 3461 1205 1433 3433 3205
Route 147 : 913 2913 1452 382 3452 802 2802 225 2382 1734 2225 259 2259 861 3734 2861 1512 1587 3512 3587 1544 3544
Route 148 : 1665 1841 3841 3665 1994 1471 3471 3994 149 445 1868 3868 2149 190 2445 513 2190 1173 2513 3173 1028 3028
Route 149 : 1265 3265 542 486 2486 666 982 2666 1501 2982 2542 873 3501 1581 2873 1210 1972 3210 3581 1507 3972 3507
Route 150 : 300 2300 1068 3068 526 1219 2526 305 3219 2305 1784 83 2083 3784 16 1954 1938 3938 2016 3954
Route 151 : 1089 1644 3644 3089 1326 3326 91 2091 317 876 2317 751 2751 1857 2876 1910 3910 3857
Route 152 : 1956 1185 3956 3185 1988 1826 3826 3988 552 2552 1951 3951 1508 3508 364 1102 2364 3102 1911 214 3911 2214
Route 153 : 1446 777 2777 763 2763 689 3446 1475 2689 3475 1918 1986 86 3986 3918 1253 479 2086 3253 536 2479 2536
Route 154 : 155 741 2155 254 2741 2254 384 732 2384 1961 3961 2732 1006 1896 3006 3896 1000 1131 3000 3131 649 2649
Route 155 : 1560 1523 3523 3560 1298 3298 1844 3844 1317 648 842 3317 2648 2842 1030 1713 3030 3713 1712 553 3712 2553
Route 156 : 474 2474 303 2303 1408 1165 3408 1743 1473 3473 3165 3743 337 740 2337 2740 778 991 2778 2991
Route 157 : 1545 3545 1255 3255 362 33 2362 1922 1537 3537 987 2033 369 2987 1688 3688 2369 1465 3922 187 2187 3465
Route 158 : 566 933 2566 879 2879 106 2933 2106 1925 1984 3984 960 3925 386 2960 2386 1146 192 2192 3146
Route 159 : 501 2501 1443 3443 1357 3357 782 2782 587 1889 3889 1491 2587 810 2810 3491 859 2859 1864 1361 3864 3361
Route 160 : 1323 912 3323 2912 750 1748 2750 3748 73 1100 2073 710 3100 1121 2710 132 3121 2132 1403 1388 3403 3388
Route 161 : 1276 1349 3276 1682 3349 998 2998 1643 3682 1657 3643 1590 3590 3657 1692 1638 3692 3638 85 1535 3535 2085
Route 162 : 1269 706 3269 2706 846 2846 372 1060 2372 3060 1923 3923 1730 1540 3540 3730 1092 3092 1036 1610 3036 3610
Route 163 : 772 1229 1064 3229 3064 1456 3456 1620 3620 163 1541 2163 3541 1816 776 3816 2776 1272 578 2772 3272 2578
Route 164 : 1162 1885 3162 995 2995 3885 799 2799 191 1184 2191 3184 976 92 2976 1300 2092 1211 3300 1532 3211 207 3532 2207
Route 165 : 168 1164 2168 3164 418 42 1261 2042 2418 3261 978 146 2978 1186 481 2481 2146 3186 1727 428 3727 2428
Route 166 : 1862 3862 1120 3120 834 2834 1076 3076 463 377 2463 1807 2377 3807 1480 1700 1970 3700 3480 3970
Route 167 : 878 1333 2878 3333 1989 3989 1069 1764 3764 3069 322 699 2699 717 1538 2322 3538 1690 1250 2717 3690 3250
Route 168 : 309 1886 2309 348 3886 2348 1552 1510 3510 3552 1549 1037 3037 3549 456 1350 3350 1469 3469 1902 3902 2456
Route 169 : 914 2914 1168 654 2654 3168 1668 1611 3611 3668 1645 197 616 2197 3645 2616 355 1044 1949 3044 2355 3949
Route 170 : 1217 3217 696 1115 2696 268 2268 3115 1266 930 2930 3266 1038 966 3038 849 2849 905 660 2966 2905 2660
Route 171 : 1735 3735 90 1082 2090 3082 1395 3395 1354 3354 769 653 2769 814 2653 1528 2814 311 3528 63 2311 2063
Route 172 : 89 2089 1708 1548 3708 1930 401 2401 25 3930 2025 3548 1805 703 3805 1971 2703 993 3971 1837 2993 1701 3701 3837
Route 173 : 1487 698 3487 2698 774 2774 524 2524 1666 3666 1380 3380 677 1555 2677 1694 3694 3555 12 432 2432 2012
Route 174 : 1105 1907 252 2252 276 3907 2276 412 1952 2412 3952 3105 1259 3259 1139 469 3139 636 1833 2469 2636 3833
Route 175 : 1783 985 2985 1065 3783 223 3065 2223 530 240 2240 2530 940 1297 2940 39 2039 3297 1315 835 2835 3315
Route 176 : 1772 388 1154 2388 99 3772 3154 801 2099 2801 1598 1409 3598 346 3409 1601 650 934 2650 2934 3601 2346
Route 177 : 128 972 2128 2972 206 2206 1135 1159 3135 3159 381 1279 2381 1329 3329 3279 637 1768 3768 2637
Route 178 : 1414 3414 123 2123 1256 3256 1366 3366 1618 3618 1422 3422 1797 3797 936 2936 1932 503 3932 2503
Route 179 : 1283 1778 66 1635 3283 2066 3635 1348 3778 3348 299 2299 1330 598 3330 2598 892 709 2892 2709 1176 194 2194 3176
Route 180 : 1316 1231 135 927 3231 3316 2135 1309 2927 1322 3309 3322 669 2669 707 188 2707 2188 1343 1301 3343 3301
Route 181 : 1966 3966 1307 3307 1569 744 3569 1681 2744 3681 397 564 2397 76 2564 1527 2076 3527 988 2988
Route 182 : 93 489 2489 766 1072 3072 1662 2766 3662 1509 3509 963 639 2639 2963 624 171 2624 2171 2093 1533 3533
Route 183 : 1606 3606 229 403 2403 1399 2229 3399 1406 1755 3406 3755 683 1881 3881 1894 2683 3894 1034 519 3034 2519
Route 184 : 436 1882 1448 3882 3448 2436 597 1567 3567 1562 2597 3562 1492 606 3492 2606 1086 610 2610 3086
Route 185 : 1649 1979 3979 3649 642 688 2642 2688 1095 1401 1067 3095 3401 3067 1342 1248 1434 3342 3434 3248
Route 186 : 124 1046 2124 3046 170 2170 55 2055 1756 579 1175 2579 1839 3175 817 2817 3756 895 1985 3839 3985 2895