Instance name : poa-n800-2
Authors       : Dmitriy Demin, Mikhail Diakov (msd@veeroute.com), Ivan Ilin, Nikita Ivanov, Viacheslav Sokolov (vs@veeroute.com) et al. VRt Global (https://veeroute.com/)
Date          : 2023-07-09
Reference     : veeroute.com
Solution
Route 1 : 273 34 115 673 434 515 19 152 27 419 552 154 427 554
Route 2 : 117 242 517 42 442 313 295 285 713 685 695 203 603 642
Route 3 : 143 543 139 45 386 445 61 461 311 786 711 539
Route 4 : 260 151 551 184 660 185 584 258 178 585 578 658
Route 5 : 37 375 319 437 775 47 719 202 11 602 447 411
Route 6 : 83 80 480 315 715 483 7 407 379 779
Route 7 : 358 197 30 758 597 430 33 314 714 433
Route 8 : 359 759 390 145 29 790 545 337 429 396 737 796
Route 9 : 250 232 62 650 632 21 198 421 598 462
Route 10 : 156 556 195 354 350 750 282 56 595 682 754 456
Route 11 : 210 60 126 610 526 331 460 731 303 703
Route 12 : 289 211 125 689 611 525 251 651
Route 13 : 71 1 22 281 422 401 471 681 270 670
Route 14 : 246 254 654 262 343 305 646 743 662 705
Route 15 : 256 271 656 333 671 733 370 770
Route 16 : 170 356 383 570 783 756 100 44 500 444
Route 17 : 227 627 376 220 776 87 141 294 487 541 694 620
Route 18 : 235 263 15 415 91 491 119 173 663 573 519 635
Route 19 : 267 222 667 622 5 148 269 405 548 669 217 155 617 555
Route 20 : 348 48 291 448 748 691 206 606 302 702
Route 21 : 342 742 321 316 716 261 307 721 661 393 707 793
Route 22 : 9 362 399 409 762 799 224 624
Route 23 : 98 322 324 722 130 133 724 530 498 533
Route 24 : 129 257 335 657 529 735 6 123 406 523
Route 25 : 144 544 4 52 25 425 404 452
Route 26 : 38 189 99 589 438 499 127 73 527 299 349 473 749 699
Route 27 : 228 296 116 516 696 628 136 24 424 253 536 653
Route 28 : 168 568 223 66 623 394 466 175 794 575
Route 29 : 377 309 188 777 588 230 92 492 286 630 276 676 709 686
Route 30 : 266 666 113 114 513 264 514 346 384 746 664 784
Route 31 : 76 95 2 101 196 596 402 495 476 501
Route 32 : 13 382 413 318 192 718 782 247 161 592 240 647 561 640
Route 33 : 252 177 652 380 577 259 81 780 481 659
Route 34 : 367 8 408 767 41 212 157 441 105 612 557 505
Route 35 : 327 727 365 765 49 449 364 280 680 764
Route 36 : 234 94 325 634 494 28 725 255 655 428
Route 37 : 193 12 106 412 506 593 107 67 332 507 467 732
Route 38 : 398 395 798 391 795 90 791 55 69 490 469 455
Route 39 : 169 329 729 389 283 274 674 789 683 219 109 619 569 509
Route 40 : 53 397 72 93 797 453 472 493
Route 41 : 208 183 608 583 245 645 18 31 418 431 176 226 576 626
Route 42 : 82 137 241 482 537 641 279 679 158 277 677 558
Route 43 : 218 142 618 268 542 213 284 668 613 684
Route 44 : 186 265 586 665 172 361 572 761 353 374 774 753
Route 45 : 388 788 150 3 550 403 63 159 463 215 615 559
Route 46 : 292 16 692 341 741 20 416 74 420 229 474 629
Route 47 : 392 237 637 792 308 17 708 225 625 417
Route 48 : 248 111 648 243 643 293 511 70 84 693 484 312 470 712
Route 49 : 179 221 288 579 621 688 75 204 475 287 604 687
Route 50 : 77 216 275 616 290 477 675 326 690 726
Route 51 : 310 272 710 50 153 450 553 672 39 381 781 439
Route 52 : 58 102 199 458 32 599 502 205 605 432
Route 53 : 297 140 54 454 697 540 134 59 534 459
Route 54 : 10 187 131 531 587 138 89 191 410 538 79 489 591 479
Route 55 : 35 435 180 580 118 400 231 518 631 800
Route 56 : 171 40 571 200 440 244 323 644 723 600
Route 57 : 306 706 14 128 108 414 182 528 97 508 582 497
Route 58 : 43 301 201 96 443 496 701 372 209 772 124 609 524 601
Route 59 : 167 344 334 36 567 436 734 368 744 768
Route 60 : 345 355 745 166 149 755 549 387 566 787
Route 61 : 385 785 304 704 181 239 68 581 238 639 638 468
Route 62 : 366 351 249 766 373 751 65 649 773 465
Route 63 : 336 736 360 760 339 739
Route 64 : 328 378 728 778 86 486 160 165 560 371 771 565
Route 65 : 347 330 85 747 730 214 614 485 110 510
Route 66 : 46 103 446 190 135 503 590 64 535 464 78 478
Route 67 : 26 162 562 104 504 194 594 338 121 738 521 426
Route 68 : 352 51 146 451 752 546 132 532 340 740
Route 69 : 120 112 57 300 512 164 457 700 520 564 363 763
Route 70 : 147 88 488 547 23 174 298 423 574 698
Route 71 : 317 320 720 369 717 769 236 278 357 678 636 757
Route 72 : 163 207 607 563 122 233 522 633