Instance name : poa-n400-4
Authors       : Dmitriy Demin, Mikhail Diakov (msd@veeroute.com), Ivan Ilin, Nikita Ivanov, Viacheslav Sokolov (vs@veeroute.com) et al. VRt Global (https://veeroute.com/)
Date          : 2023-07-09
Reference     : veeroute.com
Solution
Route 1 : 160 147 360 347 37 53 253 237 173 73 373 273 11 142 342 211 145 187 345 387
Route 2 : 148 348 30 164 230 364 165 118 318 365 79 279 86 286 178 14 214 32 378 232
Route 3 : 113 26 313 226 193 393 95 295 66 266 10 210 163 170 370 132 363 2 202 332
Route 4 : 108 85 308 285 191 194 391 125 394 325 188 388 81 281 47 247 82 200 282 400
Route 5 : 174 51 374 251 143 21 221 343 20 220 158 166 358 58 258 366 198 12 212 398
Route 6 : 171 371 183 99 299 155 383 29 90 229 110 310 290 355 141 3 203 341 112 105 305 312
Route 7 : 120 96 296 320 38 19 238 76 276 71 219 136 131 336 62 271 331 16 216 262 127 327
Route 8 : 45 24 224 15 245 215 27 227 124 324 137 337 153 353 94 294
Route 9 : 74 98 298 274 189 35 235 389 175 70 375 97 270 297 41 199 399 241 121 321 197 397
Route 10 : 115 315 181 72 381 156 272 192 392 356 59 259 57 50 250 257 184 384 103 303 117 317
Route 11 : 88 84 288 284 22 222 122 144 322 344 139 140 340 339 109 309 111 311 49 249 91 291
Route 12 : 18 83 218 283 162 362 31 119 319 231 154 354 168 1 368 201 87 7 287 207 60 260
Route 13 : 54 167 254 63 367 179 263 379 40 9 209 240 69 169 269 369 129 329 25 225 36 236
Route 14 : 128 328 52 196 396 106 306 152 252 130 330 352 43 243 89 46 289 65 246 265
Route 15 : 186 386 28 150 228 350 56 256 6 206 123 323 17 217 195 395 78 100 300 278 13 213
Route 16 : 149 39 349 239 151 107 351 307 180 380 104 114 101 314 304 301 80 92 280 292 182 382 68 268
Route 17 : 126 55 326 133 333 255 67 267 157 357 176 34 376 234 44 244 177 77 277 377 33 233
Route 18 : 5 205 159 359 93 293 8 48 208 248 134 334 116 316 146 346 185 172 385 161 372 361
Route 19 : 75 138 275 338 135 4 335 204 42 242 64 264 23 102 302 223 61 190 390 261