Instance name : poa-n1000-7
Authors : Hiermann, G. and Schiffer, M.
Date : 2024-04-30
Reference : arXiv:2405.00230
Solution
Route 1 :  198 136 461 698 405 636 94 106 961 35 905 445 594 535 606 945 297 797
Route 2 :  262 107 194 694 762 110 610 607 496 324 996 824 471 374 280 874 971 780
Route 3 :  124 19 418 519 918 624 259 197 15 759 697 417 917 312 515 491 991 812
Route 4 :  178 37 537 678 325 234 215 734 251 715 825 751
Route 5 :  365 146 383 883 646 359 865 47 859 364 864 429 929 30 547 530
Route 6 :  201 701 489 32 989 227 532 438 727 84 938 75 575 232 584 732
Route 7 :  128 354 380 854 95 109 595 880 391 628 475 891 609 164 664 975
Route 8 :  413 54 913 186 554 294 686 147 11 794 442 942 647 182 511 682
Route 9 :  459 327 827 50 959 56 556 163 366 550 457 866 663 250 750 957
Route 10 :  7 385 141 885 641 507 338 400 384 838 900 255 884 83 583 755
Route 11 :  497 356 117 997 244 302 802 617 16 516 25 744 856 293 793 525
Route 12 :  148 114 648 355 125 625 614 318 855 818 118 230 474 730 618 974
Route 13 :  305 311 93 811 593 805 344 326 68 844 568 281 826 243 781 743
Route 14 :  272 772 320 85 585 820 453 276 432 953 482 982 263 932 776 763
Route 15 :  279 49 779 308 549 70 808 303 229 570 439 803 729 939 245 745
Route 16 :  477 447 116 616 335 977 393 893 835 225 398 725 390 890 898 947
Route 17 :  92 592 3 313 503 71 571 103 603 813 142 290 790 642
Route 18 :  368 420 920 10 510 868 167 247 667 367 747 867 306 410 910 806
Route 19 :  73 353 853 52 573 372 21 521 552 61 872 212 42 561 712 542
Route 20 :  427 231 731 267 927 767 60 342 14 560 842 169 514 669
Route 21 :  105 176 309 809 392 676 605 373 892 873 322 822 205 705
Route 22 :  208 708 478 216 716 401 901 268 978 430 930 59 768 473 559 973
Route 23 :  181 191 681 396 896 490 691 454 990 954 108 315 466 608 815 966
Route 24 :  307 807 340 195 840 119 65 619 369 565 695 485 388 869 985 888
Route 25 :  214 412 714 370 221 912 492 721 992 870 180 680 386 886
Route 26 :  464 493 9 285 964 34 993 785 534 86 509 271 586 771
Route 27 :  283 389 228 889 783 233 728 38 538 733 174 213 674 713
Route 28 :  143 643 97 248 748 597 33 450 950 533
Route 29 :  206 31 706 57 531 235 557 433 735 379 933 292 879 792
Route 30 :  104 277 240 777 604 155 740 472 655 140 188 972 688 640
Route 31 :  381 330 394 830 894 157 89 657 406 170 881 670 906 589
Route 32 :  495 301 995 304 801 424 804 455 955 498 72 924 998 572
Route 33 :  20 520 55 23 156 656 48 437 555 523 548 289 937 789
Route 34 :  266 456 415 956 209 709 766 258 915 348 758 360 860 848
Route 35 :  173 323 823 352 852 673 440 296 377 270 770 796 940 877
Route 36 :  287 349 150 343 849 650 787 5 29 529 843 122 622 505
Route 37 :  102 602 480 448 486 986 948 241 980 295 741 451 951 795
Route 38 :  226 254 726 76 754 203 576 703 12 179 512 175 679 675
Route 39 :  77 79 577 135 579 256 187 635 126 756 626 207 687 707
Route 40 :  269 769 476 74 80 574 976 333 145 421 833 580 645 921
Route 41 :  222 151 500 651 722 387 1000 27 527 887 334 1 834 501
Route 42 :  468 968 153 434 653 934 436 395 936 282 168 895 668 782 286 786
Route 43 :  138 246 638 746 127 319 819 460 298 627 960 798 462 962
Route 44 :  64 564 278 264 22 467 522 967 317 764 778 494 817 994
Route 45 :  24 131 524 6 631 239 133 739 633 506 481 190 981 690
Route 46 :  120 431 291 931 791 261 620 761 341 265 841 358 858 765
Route 47 :  58 87 558 404 346 904 587 53 846 159 553 659
Route 48 :  419 202 96 332 919 111 596 63 702 832 611 563
Route 49 :  99 599 310 69 569 423 810 139 923 158 639 658
Route 50 :  46 399 899 376 546 257 757 357 189 876 689 857
Route 51 :  314 149 499 814 112 999 237 612 184 449 684 737 949 649
Route 52 :  137 224 637 724 252 351 851 88 752 132 632 588
Route 53 :  274 217 18 717 518 774 154 416 236 654 916 736
Route 54 :  185 465 685 81 204 581 965 704 375 446 875 946
Route 55 :  171 66 115 408 671 566 82 443 615 908 582 943
Route 56 :  36 331 831 435 536 41 935 210 541 316 710 816
Route 57 :  192 219 692 199 719 223 699 62 723 411 911 562
Route 58 :  452 407 952 907 260 362 371 463 871 963 760 862
Route 59 :  100 470 441 970 941 600 300 242 800 129 629 742
Route 60 :  321 821 39 193 539 409 909 693 426 336 836 926
Route 61 :  165 220 720 273 665 78 402 902 773 578 299 799
Route 62 :  44 469 969 177 677 544 130 13 630 513 422 922
Route 63 :  43 382 543 4 504 166 882 666 211 101 601 711
Route 64 :  45 397 200 897 700 458 958 545 98 40 598 540
Route 65 :  350 850 51 551 121 347 621 152 196 847 183 696 683 90 652 17 517 590
Route 66 :  162 284 662 784 134 488 403 634 275 903 988 775
Route 67 :  123 218 363 623 863 718 91 479 414 914 591 979
Route 68 :  378 238 878 113 613 28 738 528 487 987
Route 69 :  67 253 753 345 567 444 8 845 944 508
Route 70 :  2 329 502 484 829 172 984 483 672 983
Route 71 :  337 161 837 661 339 288 249 788 839 749
Route 72 :  428 928 26 144 526 160 425 644 361 861 925 328 828 660
