Instance name : poa-n4000-3
Authors       : BIG3 - Dmitriy Yampolskiy, Egor Nikolaev and Daria Savina. Smart Logistics Point by the BigThree team (big3.ru).
Date          : 2025-04-23
Reference     : BigThree team (big3.ru)
Solution
Route 1 : 684 1229 3229 2684 1765 1646 3765 3646 1458 301 3458 2301 1899 3899 892 709 2892 993 2709 392 2993 2392
Route 2 : 168 1570 2168 514 3570 1510 3510 2514 1549 1012 1501 3501 3012 745 3549 2745 1985 895 3985 2895
Route 3 : 1687 736 3687 2736 1158 1456 1445 3456 3158 3445 755 2755 885 2885 342 2342
Route 4 : 1174 290 2290 1516 603 102 2603 828 2102 3174 195 2195 3516 2828 226 150 2226 281 2281 355 1833 2355 2150 3833
Route 5 : 1468 795 3468 2795 1718 577 2577 3718 283 2283 347 540 2347 2540 680 2680 1146 1378 3378 1827 3146 3827
Route 6 : 1852 1151 3151 174 3852 2174 1800 3800 816 1177 1137 3177 2816 3137 1538 3538 1601 1762 3762 1250 3601 3250
Route 7 : 1410 3410 135 223 2223 2135 657 783 2657 224 1720 2224 3720 1126 1227 3227 3126 910 173 2910 2783 2173
Route 8 : 158 2158 883 854 2883 1511 2854 3511 753 533 2753 2533 1320 565 3320 2565 1225 3225 12 432 2432 2012
Route 9 : 1943 1282 152 3943 3282 1803 2152 3803 1295 1215 3295 896 3215 1049 3049 257 2896 2257 429 1667 3667 2429
Route 10 : 1352 1555 3352 750 375 2750 2375 733 2733 1233 3233 1247 3555 1260 1578 3260 3247 3578 1679 471 3679 2471
Route 11 : 1232 3232 1879 1514 1057 3514 3879 3057 401 1890 2401 1095 769 3890 3095 2769 814 110 2814 1 2110 2001
Route 12 : 1269 706 3269 2706 1988 1127 3988 1348 3127 3348 130 1159 2130 3159 311 944 1466 2944 3466 1535 3535 2311
Route 13 : 24 26 1415 3415 2026 1395 3395 1187 3187 764 929 2764 2929 163 2163 1924 3924 1692 2024 3692 1249 121 2121 3249
Route 14 : 1821 1367 3821 3367 796 254 2254 1464 2796 3464 534 2534 539 1663 2539 3663 1129 3129 411 1909 2411 3909
Route 15 : 1573 887 1109 3573 2887 1116 1397 3397 3116 3109 678 2678 458 776 2458 1042 2776 1105 3042 3105 545 2545
Route 16 : 1623 1603 1862 3603 3623 3862 693 2693 551 970 930 2551 2930 189 2970 1674 1640 3674 3640 1607 79 3607 2079 2189
Route 17 : 318 998 2318 2998 1643 1844 3844 1135 3643 3135 1401 1738 3738 3401 849 31 2849 34 2031 2034 845 2845
Route 18 : 52 550 2052 2550 138 1298 2138 3298 1524 3524 1681 705 3681 1006 3006 726 2705 1940 2726 47 3940 2047
Route 19 : 608 713 2608 1614 3614 2713 1672 1625 3672 3625 842 1050 2842 3050 134 2134 1934 1712 3934 553 3712 2553
Route 20 : 1093 806 20 2020 852 2806 2852 1880 74 2074 3880 563 787 2563 1030 2787 3093 3030 1808 941 3808 1701 3701 2941
Route 21 : 295 569 1132 2569 2295 3132 889 2889 799 2799 648 185 2648 2185 1200 3200 957 199 2957 1726 1532 3532 3726 2199
Route 22 : 1192 3192 66 999 2066 2999 1354 1289 3354 3289 127 1814 2127 3814 1330 836 3330 2836 567 1577 3577 1652 2567 3652
Route 23 : 813 2813 1349 3349 1994 1770 3994 3770 180 57 897 2180 2057 2897 1492 3492 1579 1340 3579 3340 1583 3583
Route 24 : 331 1838 1357 3357 3838 1484 2331 3484 165 1197 710 2165 1894 3197 3894 823 2710 2823 928 131 2928 2131
Route 25 : 80 995 1400 807 2995 1216 2807 1317 2080 3216 1498 3317 3498 1027 1713 3027 3713 3400 1832 3832 1589 3589
Route 26 : 328 2328 346 548 1559 2548 2 2002 1923 3559 3923 2346 645 1212 2645 535 2535 3212 1602 1207 3207 3602
Route 27 : 1069 1878 3069 480 3878 407 2480 139 2139 2407 345 1297 790 2345 2790 1425 3297 3425 1507 434 3507 2434
Route 28 : 1901 1561 3901 329 3561 1326 1855 2329 3326 3855 1927 3927 338 1171 2338 870 3171 1008 2870 3008
Route 29 : 67 154 1435 3435 2154 1678 106 530 2106 3678 2530 1534 3534 837 2837 2067 1585 3585 1111 214 3111 2214
Route 30 : 474 1613 2474 3613 1209 935 2935 3209 674 510 1327 2510 2674 3327 731 2731 1806 3806 1355 46 3355 2046
Route 31 : 581 1683 2581 348 2348 1552 1066 3552 3066 1360 3360 1990 3990 3683 1243 627 3243 478 2478 2627 925 2925
Route 32 : 1094 3094 284 2284 220 2220 103 2103 211 1153 2211 272 3153 2272 1033 3033 1650 3650 1321 1039 3321 3039
Route 33 : 437 691 2437 524 2691 2524 1502 1303 3502 3303 1945 263 3945 1791 1839 2263 440 443 3791 2440 2443 3839
Route 34 : 784 1977 2784 1631 3631 968 335 3977 2335 1372 3372 2968 1799 748 3799 525 2748 62 2525 2062 1346 3346
Route 35 : 1162 3162 444 1450 2444 99 3450 2099 210 1175 2210 3175 869 97 1041 2869 3041 2097 232 1727 3727 2232
Route 36 : 781 255 2255 2781 483 1831 1984 2483 1743 3984 3831 455 2455 1178 3743 3178 236 1281 3281 2236 1761 3761
Route 37 : 914 863 2914 2863 509 2509 801 1591 2801 3591 1157 537 1728 2537 3728 3157 117 2117 1433 1205 3433 3205
Route 38 : 734 912 2912 156 229 2156 2229 782 2782 1422 3422 853 2853 1908 1246 3908 3246 181 624 2624 2181 2734
Route 39 : 1254 1369 3254 3369 715 1133 2715 3133 1742 1172 3742 1449 3172 1729 3449 3729 448 2448 285 2285 1709 3709
Route 40 : 1968 719 2719 3968 611 1928 3928 2611 161 1506 473 2161 2473 3506 1417 571 2571 3417 1629 788 2788 3629
Route 41 : 743 2743 1308 492 3308 556 1520 2556 3520 1576 1825 3825 3576 1052 485 3052 631 2631 2485 2492 1148 3148
Route 42 : 1882 1331 3882 3331 986 2986 122 1490 2122 1432 3490 3432 391 319 2391 1660 3660 2319 1664 3664 1179 3179
Route 43 : 945 2945 1617 1737 267 3617 484 3737 2484 919 2267 773 2919 481 2773 792 2481 2792 621 2621
Route 44 : 1213 1915 3915 3213 1526 3526 1661 208 771 3661 2208 2771 669 2669 4 1987 3987 2004 859 2859 1749 3749
Route 45 : 1802 3802 723 847 362 33 2723 2362 1537 2033 3537 808 2847 369 2369 2808 717 1104 414 3104 2414 2717
Route 46 : 1519 1164 3519 3164 418 108 2108 1261 931 3261 2418 797 2931 2797 1337 68 3337 2068 702 1902 3902 2702
Route 47 : 1223 1550 3223 3550 172 2172 1107 212 1961 3961 2212 1481 3107 3481 1342 1434 1597 3342 3597 3434 1949 3949
Route 48 : 961 2961 1596 3596 589 1612 511 2511 3612 1309 3309 1152 477 3152 94 2589 2094 1653 1685 2477 3653 3685
Route 49 : 1427 266 2266 243 2243 3427 1666 1876 3666 1721 1119 3119 3721 64 337 2064 2337 1488 3488 1081 3876 3081
Route 50 : 1545 1448 3545 3448 53 1913 2053 1273 167 3273 2167 193 3913 2193 643 1859 2643 3859 1189 3189
Route 51 : 913 2913 1040 287 3040 862 2287 864 2862 1588 1007 2864 3588 449 3007 2449 273 661 2273 858 2661 2858
Route 52 : 856 1385 2856 766 1662 2766 3662 1365 322 3385 3365 1509 3509 2322 650 159 1341 2650 2159 3341
Route 53 : 1277 1886 1517 3277 1848 3886 3517 3848 1747 1118 3747 3118 1932 1302 3302 3932 1418 3418 1465 187 3465 2187
Route 54 : 390 2390 1724 3724 729 775 1751 2775 3751 1554 936 3554 1870 2729 2936 3870 1361 3361
Route 55 : 217 1993 1609 3993 2217 1345 1711 3609 3345 3711 1393 1409 3393 1314 3409 1887 3314 3887 1389 140 2140 3389
Route 56 : 360 832 1757 2832 2360 3757 1891 732 2732 676 3891 2676 1424 1382 3424 3382 1062 3062
Route 57 : 985 1783 2985 1065 3783 3065 1594 633 3594 1849 2633 259 3849 2259 1999 1291 3291 428 3999 1423 3423 2428
Route 58 : 1740 984 3740 128 2984 2128 1494 78 50 3494 2050 2078 385 1024 1873 3024 293 2385 1912 2293 3873 3912
Route 59 : 155 741 461 2155 2741 15 2461 2015 1792 1055 3055 3792 606 817 2817 2606 424 2424 1704 3704 1610 3610
Route 60 : 1274 777 2777 763 2763 372 638 2372 2638 888 904 2888 2904 1121 1305 1969 3121 3305 3969 894 2894 3274
Route 61 : 1004 3004 447 1680 3680 2447 1789 1475 3789 3475 1759 452 3759 2452 564 298 2564 2298 1983 1444 3983 3444
Route 62 : 1670 1384 3384 3670 133 1334 2133 3334 1608 1038 3608 3038 609 1938 494 2609 3938 2494
Route 63 : 989 309 2989 962 2309 1656 3656 843 1755 3755 2843 757 151 2151 2757 2962 1253 3253 519 582 2582 2519
Route 64 : 387 1790 2387 3790 164 1605 2164 389 3605 2389 1998 238 3998 2238 740 902 2740 2902 292 1946 2292 3946
Route 65 : 1536 860 3536 2860 1208 3208 1318 219 3318 2219 1100 3100 218 683 203 2218 280 2683 2203 1736 3736 2280
Route 66 : 1830 3830 1955 1325 3955 70 3325 1080 357 2357 3080 555 2555 222 2070 1706 2222 3706 1077 3077 225 2225
Route 67 : 109 2109 1771 768 623 2768 3771 1416 2623 3416 205 2205 516 1959 3959 2516 426 2426 1630 3630 1047 3047
Route 68 : 1606 994 3606 467 2994 2467 1817 1669 3817 3669 880 496 2880 1812 2496 256 3812 2256 866 2866 746 2746
Route 69 : 304 129 2129 699 2304 2699 1673 442 3673 2442 468 955 2468 2955 1419 3419 111 1147 2111 408 3147 2408
Route 70 : 177 1414 2177 3414 1242 625 3242 204 2625 1547 2204 3547 1440 69 2069 3440 228 1696 464 3696 2228 2464
Route 71 : 1045 505 1452 3045 2505 1374 3452 3374 269 954 2269 213 2954 918 2918 2213 439 1866 2439 3866 538 2538
Route 72 : 457 1381 3381 398 2457 1892 2398 43 2043 1252 3892 3252 1407 590 3407 2590 344 2344 614 1794 2614 3794
Route 73 : 327 1398 2327 3398 382 258 1648 2258 3648 819 2819 1584 2382 532 3584 656 2532 2656 367 1710 3710 2367
Route 74 : 990 2990 403 1496 3496 1230 2403 3230 379 1275 2379 3275 922 245 2245 2922 1236 3236 1483 56 3483 2056
Route 75 : 1636 779 2779 3636 1336 573 2573 3336 450 1143 2450 92 3143 2092 1300 1211 3300 315 3211 1044 3044 2315
Route 76 : 1043 560 3043 2560 268 1682 2268 3682 1244 3244 1521 804 3521 1896 3896 2804 1428 1804 3428 54 3804 1856 3856 2054
Route 77 : 3 2003 90 2090 1082 526 1486 3082 2526 3486 330 1869 3869 2330 49 1558 2049 977 3558 194 1176 2977 2194 3176
Route 78 : 1935 1064 3935 3064 1527 1351 642 2642 1087 3351 1675 3087 1386 3675 3527 3386 568 104 2104 2568 1837 446 3837 2446
Route 79 : 300 2300 1068 3068 822 2822 1235 3235 992 2992 1453 951 3453 2951 1807 3807 1480 60 1700 3700 3480 2060
Route 80 : 489 840 2489 725 2840 1406 2725 3406 639 1731 3731 1797 2639 1847 3797 3847 649 1271 3271 2649
Route 81 : 594 2594 1788 3788 877 1574 305 3574 2305 681 2681 2000 377 4000 2377 200 618 2877 2200 2618 793 2793
Route 82 : 997 2997 1255 3255 1921 1900 3900 3921 1470 1182 3470 3182 707 1017 3017 1688 2707 1437 3688 658 2658 3437
Route 83 : 101 396 9 2009 2101 2396 685 2685 754 2754 1097 1914 3097 3914 1767 1237 687 3767 2687 3237
Route 84 : 1649 1096 947 3096 2947 416 3649 2416 1668 1611 3611 3668 1784 83 2083 3784 1954 16 3954 2016 233 2233
Route 85 : 651 2651 884 1966 3966 2884 1775 1815 512 3815 3775 576 838 2838 2512 2576 1569 3569 1403 1388 3403 3388
Route 86 : 1306 3306 1446 1752 3446 654 3752 247 2654 821 2247 215 2215 2821 397 2397 975 76 1845 2975 2076 3845
Route 87 : 851 2851 388 711 55 2711 2055 125 2388 2125 1195 3195 1562 3562 690 2690 1658 3658 868 1898 2868 3898
Route 88 : 874 2874 1451 3451 1288 662 760 2760 3288 1063 3063 861 677 2662 2677 718 2718 2861 1350 3350 1353 3353
Route 89 : 1056 850 3056 1426 3426 2850 943 2943 1750 742 3750 19 2742 2019 1820 1134 3820 3134 38 891 2891 2038
Route 90 : 1772 1748 1154 3154 3748 724 1693 3772 3693 2724 1515 3515 1732 561 3732 1864 2561 1781 3864 3781
Route 91 : 501 6 2501 2006 1268 500 3268 120 2500 2120 1316 700 2700 166 1479 544 3479 2544 2166 1906 3906 3316
Route 92 : 1323 665 3323 1644 1072 3072 2665 3644 73 938 2073 294 2294 1929 3929 2938 502 1270 2502 1224 3270 3224
Route 93 : 436 1595 3595 118 2436 1557 3557 91 2091 597 2597 1991 2118 1491 3991 3491 1478 265 2265 3478 835 2835
Route 94 : 1976 1333 3976 3333 209 927 2209 1702 2927 3702 1925 960 3925 1170 2960 425 3170 2425 438 515 2515 2438
Route 95 : 1980 3980 1850 1860 3860 976 1454 3454 3850 1285 3285 381 694 2976 1181 2381 3181 1780 95 3780 2095 1719 3719 2694
Route 96 : 253 2253 1566 3566 333 2333 59 2059 886 2886 296 770 2296 2770 352 2352 562 2562 1328 3328
Route 97 : 1231 508 2508 517 2517 809 3231 1387 2809 3387 634 728 2634 2728 751 2751 1857 1910 3910 3857 988 2988
Route 98 : 1531 1046 3046 3531 1408 237 3408 591 2237 1473 2591 3473 504 1026 2504 3026 1169 641 1165 2641 3165 3169
Route 99 : 923 307 2307 2923 1394 672 3394 1183 2672 1078 3183 1522 3522 3078 1508 3508 1239 1131 3131 3239 1267 899 2899 3267
Route 100 : 1836 288 1256 3836 2288 1366 3256 584 587 3366 2584 2587 810 2810 132 383 2132 2383 454 2454
Route 101 : 1138 3138 98 113 2098 476 1930 2113 3930 2476 644 1676 3676 2644 730 1758 2730 405 3758 1376 2405 3376 1036 3036
Route 102 : 940 1563 2940 1054 3563 303 2303 3054 1130 361 378 3130 2378 635 2361 1505 2635 3505 958 2958 536 2536
Route 103 : 1546 3546 1280 1122 21 3280 2021 3122 240 2240 978 146 2978 1626 2146 875 2875 3626 22 592 2022 2592
Route 104 : 81 1217 2081 3217 1457 412 3457 2412 632 2632 1600 1960 3600 3960 580 1251 2580 3251 1768 3768
Route 105 : 1773 761 3773 2761 802 178 1193 2802 1356 3193 708 2708 404 2404 907 1978 2907 44 2044 3978 3356 2178
Route 106 : 1560 1084 909 3084 3560 2909 826 2826 1916 3916 1620 1067 3620 1032 3032 3067 230 1248 830 2230 3248 2830
Route 107 : 1841 554 3841 2554 774 2774 1933 579 3933 527 2579 586 2527 2586 1474 470 2470 3474 1098 3098
Route 108 : 1885 1070 3070 1635 3885 1818 3635 3818 898 1958 2898 3958 653 482 2653 1877 2482 1723 3877 3723 652 207 2652 2207
Route 109 : 1228 251 3228 574 384 2251 2384 2574 1013 1659 3013 1362 3362 3659 605 2605 1000 373 3000 2373 964 2964
Route 110 : 1276 419 1167 2419 3276 959 3167 2959 1299 1843 3843 3299 585 1639 3639 872 2585 2872 261 1564 2261 3564 183 2183
Route 111 : 143 752 2143 2752 170 2170 1364 3364 1438 655 2655 3438 1622 277 3622 2277 175 610 2610 2175
Route 112 : 1785 486 2486 630 1922 3785 2630 1621 3922 3621 317 646 2317 1001 2646 3001 380 1763 2380 3763 1238 3238
Route 113 : 332 1735 2332 3735 1627 343 2343 394 3627 2394 932 463 2463 1931 2932 1284 3931 289 3284 2289
Route 114 : 1312 279 3312 2279 472 1965 3965 2472 917 1313 2917 811 3313 1405 3405 2811 1512 1587 3512 3587 1544 3544
Route 115 : 727 456 2727 1989 3989 2456 1025 542 697 3025 1085 2542 3085 1199 2697 3199 413 1442 1469 3442 2413 3469
Route 116 : 920 1412 3412 2920 182 1399 3399 2182 1142 3142 1542 3542 314 2314 1220 3220 1461 3461 991 778 2991 2778
Route 117 : 306 2306 1011 1746 3746 1375 3011 3375 1075 664 3075 2664 622 1813 2622 670 3813 2670 1198 1745 3198 3745
Route 118 : 1963 115 3963 1769 2115 1196 3769 3196 1322 780 3322 2780 1774 3774 786 2786 882 1257 2882 196 3257 2196
Route 119 : 1628 3628 901 1974 2901 1684 3684 1150 980 3974 2980 987 2987 3150 188 1944 3944 2188 1343 1301 3343 3301
Route 120 : 698 2698 1471 1009 3471 3009 1079 543 2543 3079 368 364 2368 2364 1642 1112 3642 824 3112 2824
Route 121 : 1161 1103 1083 3161 1168 1413 3413 3168 3103 953 1716 2953 498 876 3716 2876 2498 720 116 2720 2116 3083
Route 122 : 1262 1703 3703 3262 1567 1705 3567 1003 3705 1654 3003 1777 3654 1525 3777 3525 1897 499 3897 2499
Route 123 : 1778 1472 3472 3778 421 2421 1117 153 2153 893 3117 2893 234 119 2234 2119 939 316 2316 2939 905 948 2905 2948
Route 124 : 1828 1459 523 3459 3828 688 2523 1689 2688 1871 971 3871 3689 2971 142 2142 262 867 2262 58 2867 2058
Route 125 : 1637 89 2089 1835 3637 1101 3101 3835 1948 871 3948 2871 1541 435 966 3541 2435 1383 202 2202 3383 2966 578 2578
Route 126 : 1979 3979 45 506 409 2506 2409 2045 600 334 2334 2600 1787 3787 28 250 2028 2250 1744 3744 659 2659
Route 127 : 320 1202 2320 1163 1411 3202 1858 3163 3411 179 3858 1149 2179 616 3149 1717 2616 235 3717 2235
Route 128 : 1462 3462 1099 3099 1140 521 3140 1699 1431 3431 3699 2521 1264 3264 1290 475 3290 1651 2475 3651 857 2857
Route 129 : 227 1447 2227 696 3447 2696 1441 1184 3441 805 3184 673 2805 557 2673 497 2497 2557 1572 274 3572 1048 3048 2274
Route 130 : 701 23 2023 2701 972 415 2415 299 2972 2299 663 2663 1904 1286 1495 3904 3286 3495 1619 3619 430 1722 2430 3722
Route 131 : 349 176 2349 2176 1786 1865 3786 3865 149 445 1868 3868 2149 2445 190 513 2190 1937 3937 2513
Route 132 : 157 340 2157 2340 846 2846 1951 1504 3951 341 3504 1854 2341 1160 3854 3160 1218 1379 1296 3379 3218 3296
Route 133 : 124 791 2124 2791 1997 3997 1941 3941 1090 1632 3090 3632 1641 3641 1861 3861 620 39 2039 2620 1551 3551
Route 134 : 1156 841 3156 2841 1884 302 3884 466 2302 1467 3467 2466 248 2248 1947 3947 1074 3074 1810 704 351 2351 3810 2704
Route 135 : 878 37 2878 2037 363 666 2666 353 2353 2363 1764 3764 873 2873 1581 1872 1324 3872 3324 3581 35 2035
Route 136 : 1113 1497 1002 3113 3497 1957 459 3957 2459 1005 1779 3005 3779 996 308 3002 2996 2308 541 1173 3173 1028 2541 3028
Route 137 : 1917 1571 3917 647 1826 3826 1824 3824 2647 325 1615 3615 393 2325 2393 1194 3571 3194 1430 3430
Route 138 : 1265 3265 1580 3580 1863 1875 3875 3863 933 312 1311 2312 3311 921 2921 2933 1972 160 3972 1245 3245 2160
Route 139 : 1203 3203 626 803 2626 2803 735 1883 1022 2735 3022 3883 1210 271 2271 3210 249 1565 3565 1936 2249 3936
Route 140 : 1760 599 2599 1586 3760 3586 738 1455 2738 3455 147 1222 3222 321 2147 2321 1920 1823 3920 974 3823 2974
Route 141 : 1404 640 3404 722 1141 2640 3141 18 2722 2018 48 890 1995 2048 3995 1503 3503 1180 2890 1489 3489 911 3180 2911
Route 142 : 903 2903 772 1926 431 3926 2431 1347 1191 1266 3347 3191 3266 136 2136 1638 3638 1633 1272 3633 3272 2772 1190 3190
Route 143 : 252 1907 2252 216 276 2216 3907 2276 25 950 2025 969 2950 692 2969 1139 2692 469 3139 636 2469 1819 2636 3819
Route 144 : 1956 451 2451 1616 3956 834 3616 2834 7 1529 2007 1739 3529 3739 598 2598 1310 3310 85 926 2926 2085
Route 145 : 1283 417 1439 2417 3283 137 3439 2137 1553 1530 3553 1691 3530 3691 1867 628 1953 2628 3867 1895 3953 3895 1893 3893
Route 146 : 244 767 2244 1756 2767 1686 3686 1060 3756 3060 1598 1918 3598 402 3918 2402 916 1034 675 2916 3034 2675
Route 147 : 1015 1114 1089 3015 3089 1166 3166 1634 3114 96 1226 3634 2096 855 679 2855 2679 490 2490 3226
Route 148 : 1493 1396 3493 1992 619 3396 3992 2619 17 547 2017 2547 963 1293 3293 2963 376 2376 1905 1568 3905 3568
Route 149 : 112 1029 3029 2112 1014 1725 3014 1294 3725 937 2937 3294 737 2737 615 1463 3463 934 2615 2934 371 2371
Route 150 : 441 2441 1339 3339 1811 1950 3950 3811 1889 1618 3889 1730 3618 1540 3540 3730 491 2491 1533 1086 3086 3533
Route 151 : 1487 339 3487 2339 1021 549 3021 1903 3903 973 29 2973 2549 460 2029 1539 3539 946 1528 2946 3528 2460
Route 152 : 420 2420 1647 3647 1201 410 2410 1058 3201 3058 297 1023 979 3023 2297 2979 169 2169 1371 3371 326 2326 825 2825
Route 153 : 1155 3155 1185 3185 324 1115 3115 2324 546 145 2145 2546 572 2572 1816 41 3816 336 2041 2336 1543 758 3543 2758
Route 154 : 1665 965 3665 2965 956 2956 488 612 2488 2612 1795 3795 1753 1645 3645 949 3753 84 2949 2084 1842 1234 3842 3234
Route 155 : 11 184 2011 2184 1523 3523 1776 278 3776 2278 1091 703 682 1482 3091 2682 3482 197 2197 2703 686 660 2686 2660
Route 156 : 1110 1204 3110 3204 827 2827 1019 191 3019 1834 162 2191 3834 2162 1125 3125 756 604 2756 528 2528 2604
Route 157 : 1106 3106 1708 815 3708 2815 242 1076 2242 1657 3076 1590 3590 3657 36 1051 2036 3051 812 310 2310 2812
Route 158 : 1359 1420 3420 602 3359 2602 716 2716 1982 231 2231 3982 924 613 2613 2924 1092 3092 785 2785
Route 159 : 141 789 123 2789 2141 2123 8 1967 2008 1188 3188 721 2721 286 3967 2286 915 1973 1108 2915 3108 3973
Route 160 : 462 2462 1402 1335 406 3402 2406 3335 629 2629 1380 3380 1278 323 3278 386 2323 1088 2386 3088 350 2350
Route 161 : 1206 1373 3373 3206 1392 275 982 2275 42 2042 3392 27 2027 2982 518 1919 908 2518 2908 3919 900 2900
Route 162 : 465 260 2260 1624 2465 1010 3624 3010 366 749 2366 1851 2749 3851 1332 3332 1690 967 3690 2967 105 2105
Route 163 : 487 2487 88 2088 798 952 2952 2798 1344 1733 3344 3733 794 595 2794 2595 865 1500 1123 3500 2865 3123
Route 164 : 1829 3829 87 714 1338 2714 2087 3338 839 65 552 2552 1144 2065 1822 2839 3144 3822 1304 762 3304 2762
Route 165 : 1018 981 1741 3741 1556 2981 1582 3556 3582 1219 3219 833 2833 1329 3018 1279 3329 71 3279 637 2637 2071
Route 166 : 583 844 2583 2844 1499 186 1846 3846 3499 2186 1460 3460 1981 1986 3986 3981 1391 14 3391 2014 1809 3809
Route 167 : 359 2359 1695 3695 1677 1307 3677 1061 3307 531 3061 10 2010 2531 1881 617 3881 1962 2617 503 3962 2503
Route 168 : 570 1939 2570 1766 3939 1513 3766 1796 358 3513 2358 3796 86 356 522 2522 2356 2086 479 1853 2479 3853
Route 169 : 596 2596 689 1370 1801 2689 3370 3801 1604 3604 1071 829 2829 1485 3071 93 3485 433 2093 2433
Route 170 : 800 2800 239 1754 2239 3754 1287 427 3287 246 2246 2427 1059 1698 942 3059 3698 1707 2942 1970 3707 3970
Route 171 : 453 1073 3073 2453 1240 148 765 2765 3240 2148 75 1436 2075 3436 1694 100 3694 2100 192 747 2192 2747
Route 172 : 1548 1035 3548 3035 374 370 2370 2374 575 1476 2575 3476 1782 1975 1102 3975 3102 3782 1145 1911 3145 3911
Route 173 : 1888 529 2529 3888 399 2399 32 558 2032 2558 395 2395 282 820 2820 198 2282 2198 1315 1599 3315 3599
Route 174 : 1221 1443 3221 3443 354 906 2354 1964 2906 1734 3964 241 2241 607 3734 1429 2607 221 3429 2221
Route 175 : 983 507 2983 1053 2507 1793 3793 3053 559 61 2559 2061 40 82 2040 2082 1655 3655 1840 264 2264 3840
Route 176 : 13 313 2313 2013 72 2072 712 2712 114 695 2114 2695 1363 1592 3363 1942 3592 3942 171 2171 1258 3258
Route 177 : 493 1377 2493 3377 1358 3358 400 2400 423 2423 5 848 2005 818 2818 2848 881 739 2739 2881
Route 178 : 1593 566 3593 2566 1020 879 2879 201 3020 2201 126 1136 2126 3136 1037 3037 1186 3186 51 1390 3390 2051
Route 179 : 1120 270 1016 3016 2270 3120 1263 365 2365 3263 1952 3952 1259 3259 1575 422 2422 3575 1874 3874 1421 3421
Route 180 : 759 1031 3031 593 2593 1319 3319 206 2206 107 2107 1714 1518 3518 3714 30 2030 291 2291 63 2759 1477 2063 3477
Route 181 : 144 1715 2144 3715 1697 1214 3697 3214 744 2744 588 495 2495 2588 1996 520 3996 1128 2520 3128 668 2668
Route 182 : 831 1798 1292 1124 3798 3124 2831 77 3292 2077 601 1671 1368 1805 2601 3368 3805 1971 671 2671 3971 1241 667 3241 3671 2667
