Instance name:    poa-n400-6
Authors:          Dmitriy Churilov (churilov@advantum.pro), Alexander Galko. Advantum Routing System (advantum.ru/route)
Date:             2025-04-02
Reference:        Advantum Routing System, advantum.ru/route
Solution
Route 1 : 78 49 193 278 249 393 44 31 244 231
Route 2 : 68 268 33 192 191 392 391 182 233 382
Route 3 : 37 30 237 17 129 217 329 230
Route 4 : 104 96 304 64 108 296 308 264 74 274
Route 5 : 71 15 271 59 153 259 16 216 353 215
Route 6 : 123 160 118 180 380 360 323 318
Route 7 : 2 106 136 202 99 336 299 306
Route 8 : 107 138 307 175 80 280 338 375 154 354
Route 9 : 24 29 224 229 89 20 289 140 340 220
Route 10 : 94 100 53 300 294 60 253 10 260 210
Route 11 : 165 365 19 195 93 219 293 47 395 247
Route 12 : 103 179 303 50 122 250 379 79 322 39 279 239
Route 13 : 25 225 92 34 72 234 272 75 292 275
Route 14 : 12 23 212 223 185 189 385 8 208 389
Route 15 : 18 169 13 213 174 218 374 150 369 350
Route 16 : 143 166 101 301 176 343 366 163 376 85 285 363
Route 17 : 190 128 390 171 36 236 371 113 313 328
Route 18 : 196 396 83 22 159 222 121 321 283 359
Route 19 : 124 127 324 155 327 130 198 355 330 398
Route 20 : 187 387 184 126 200 87 384 400 287 326
Route 21 : 105 46 305 42 114 246 314 242
Route 22 : 61 3 203 261 48 248 54 254
Route 23 : 69 149 349 95 269 21 221 295 135 335
Route 24 : 167 111 141 367 341 56 311 55 255 256
Route 25 : 58 76 276 90 290 258 57 257 70 270
Route 26 : 181 145 381 119 319 28 345 63 228 263
Route 27 : 172 125 120 110 325 320 52 310 372 252
Route 28 : 40 151 66 173 147 351 347 240 266 373
Route 29 : 146 134 97 297 334 346 142 342
Route 30 : 43 148 6 348 206 178 243 378 32 232
Route 31 : 109 309 91 38 157 291 357 67 267 238
Route 32 : 35 188 133 235 170 183 383 333 370 388
Route 33 : 62 164 27 116 227 65 265 364 262 316
Route 34 : 45 245 73 162 14 273 214 144 362 344
Route 35 : 186 158 4 358 194 204 394 386
Route 36 : 86 7 98 286 298 168 207 112 312 368
Route 37 : 81 51 281 5 77 82 251 282 205 277
Route 38 : 9 209 84 26 226 88 156 356 284 288
Route 39 : 197 161 137 361 132 117 337 397 317 332
Route 40 : 199 131 41 399 331 11 241 211 177 377
Route 41 : 115 315 102 139 1 302 152 201 339 352
