Instance name : poa-n1500-2
Authors       : Dmitriy Demin, Mikhail Diakov (msd@veeroute.com), Ivan Ilin, Nikita Ivanov, Viacheslav Sokolov (vs@veeroute.com) et al. VRt Global (https://veeroute.com/)
Date          : 2023-04-24
Reference     : veeroute.com
Solution
Route 1 : 44 18 794 258 455 768 1008 1205
Route 2 : 614 653 1364 577 1327 1403 16 766
Route 3 : 100 165 850 915 302 318 1068 1052
Route 4 : 118 483 1233 868 78 535 1285 828
Route 5 : 695 494 53 803 1244 561 1311 1445
Route 6 : 365 362 480 1115 626 1230 1112 1376
Route 7 : 727 696 1446 537 1477 627 1287 1377
Route 8 : 540 373 1290 376 1123 1126
Route 9 : 337 1087 113 195 863 324 1074 945
Route 10 : 475 640 712 1225 354 1104 1462 1390
Route 11 : 2 630 1380 314 364 1064 1114 752
Route 12 : 505 241 991 1255 477 478 1228 1227
Route 13 : 674 1424 47 797 7 305 757 1055
Route 14 : 1 192 942 751 207 563 957 1313
Route 15 : 747 421 1497 473 1223 1171
Route 16 : 228 82 288 832 978 96 1038 846
Route 17 : 479 1229 183 399 933 564 1149 1314
Route 18 : 389 1139 371 208 1121 544 1294 958
Route 19 : 648 279 1398 235 1029 68 818 985
Route 20 : 304 509 1054 201 23 1259 773 951
Route 21 : 652 417 1402 1167 120 257 870 1007
Route 22 : 126 610 876 245 995 1360
Route 23 : 316 500 1066 1250 43 133 793 883
Route 24 : 588 452 1202 1338 138 888 556 1306
Route 25 : 429 531 28 1281 778 1179
Route 26 : 432 283 524 1182 1033 1274 595 1345
Route 27 : 37 787 38 306 102 788 852 1056
Route 28 : 669 649 1419 1399 407 158 1157 908
Route 29 : 157 372 907 110 1122 471 860 1221
Route 30 : 375 52 802 1125 298 1048
Route 31 : 236 342 369 986 130 1092 1119 880
Route 32 : 190 940 54 269 499 804 1019 1249
Route 33 : 708 1458 377 547 1127 661 1297 1411
Route 34 : 644 1394 585 90 624 1335 840 1374
Route 35 : 693 617 1443 1367 99 849
Route 36 : 380 1130 45 390 73 823 1140 795
Route 37 : 512 153 435 1262 903 1185
Route 38 : 344 281 723 1094 1031 1473 251 1001
Route 39 : 384 545 353 1295 65 1103 1134 815
Route 40 : 641 732 1391 1482 430 396 1146 1180
Route 41 : 48 750 798 114 1500 174 864 924
Route 42 : 274 33 783 1024 338 1088
Route 43 : 623 1373 724 1474 525 405 1155 1275
Route 44 : 327 533 582 1077 1283 1332
Route 45 : 534 578 1284 303 1328 418 1168 1053
Route 46 : 572 1322 278 1028 424 72 1174 822
Route 47 : 410 352 1160 62 56 806 812 1102
Route 48 : 676 263 1426 1013 300 1050
Route 49 : 612 1362 567 186 936 1317
Route 50 : 140 332 890 209 1082 959 49 799
Route 51 : 92 423 1173 80 382 830 842 1132
Route 52 : 217 496 967 1246 163 913
Route 53 : 519 222 1269 681 972 1431 702 1452
Route 54 : 356 326 706 1106 1456 1076 143 893
Route 55 : 742 1492 639 1389 725 1475
Route 56 : 406 1156 503 415 1253 89 1165 839
Route 57 : 717 526 95 1467 1276 331 845 1081
Route 58 : 746 179 345 1095 929 1496
Route 59 : 181 161 911 194 341 1091 944 931
Route 60 : 426 517 433 1267 1183 692 1442 1176
Route 61 : 579 1329 667 502 234 1417 1252 984
Route 62 : 147 134 897 884 748 1498
Route 63 : 603 713 1463 668 660 1353 1410 1418
Route 64 : 592 575 662 1342 1325 1412 744 1494
Route 65 : 127 205 955 877 518 1268
Route 66 : 214 633 1383 167 917 678 1428 964
Route 67 : 434 237 1184 26 987 75 825 776
Route 68 : 645 651 1395 1401 618 657 1368 1407
Route 69 : 730 1480 438 256 392 1142 1188 1006
Route 70 : 299 363 1049 528 378 1113 1278 1128
Route 71 : 83 833 346 587 637 1096 1337 1387
Route 72 : 566 511 441 1316 1261 1191
Route 73 : 104 436 131 854 881 521 1271 1186
Route 74 : 30 780 160 690 1440 260 910 1010
Route 75 : 409 427 1177 1159 335 250 1085 1000
Route 76 : 359 416 63 1166 1109 813
Route 77 : 634 749 1499 643 705 1393 1384 1455
Route 78 : 297 1047 739 476 1489 202 952 1226
Route 79 : 27 266 1016 777 36 786
Route 80 : 401 330 1151 558 1080 1308
Route 81 : 249 999 19 204 42 769 954 792
Route 82 : 66 291 816 156 446 1041 1196 906
Route 83 : 3 333 1083 753 508 132 1258 882
Route 84 : 11 605 761 1355 41 791
Route 85 : 450 1200 413 673 1163 12 762 1423
Route 86 : 631 70 1381 820 343 1093 743 1493
Route 87 : 170 35 370 275 1120 785 1025 920
Route 88 : 173 411 923 246 1161 996 319 1069
Route 89 : 552 584 135 1334 885 1302
Route 90 : 462 285 296 265 1035 1046 1015 1212
Route 91 : 262 155 586 1012 77 905 1336 827
Route 92 : 182 632 689 1382 671 1439 932 1421
Route 93 : 515 119 719 1265 869 1469 347 1097
Route 94 : 287 1037 215 965 225 311 1061 975
Route 95 : 328 381 574 1324 1131 1078
Route 96 : 98 232 848 213 982 329 963 1079
Route 97 : 21 771 710 238 1460 487 988 1237
Route 98 : 177 191 498 941 927 1248 737 1487
Route 99 : 29 548 61 811 1298 397 779 1147
Route 100 : 348 484 1098 1234 597 1347
Route 101 : 628 506 1378 680 1256 635 1385 1430
Route 102 : 145 121 261 1011 871 301 1051 895
Route 103 : 551 325 590 1340 1075 718 1468 1301
Route 104 : 86 591 1341 836 317 259 1067 1009
Route 105 : 609 166 1359 571 1321 916
Route 106 : 94 665 1415 625 700 1375 1450 844
Route 107 : 707 607 360 1357 685 1110 1457 1435
Route 108 : 125 244 875 402 994 465 1215 1152
Route 109 : 159 495 129 909 76 1245 879 826
Route 110 : 87 81 837 658 831 176 926 1408
Route 111 : 454 431 1204 677 1181 469 1427 1219
Route 112 : 85 34 784 835 555 606 1356 1305
Route 113 : 253 1003 8 79 758 51 829 801
Route 114 : 722 1472 14 388 593 1138 764 1343
Route 115 : 714 199 1464 949 394 84 1144 834
Route 116 : 589 220 1339 716 1466 970
Route 117 : 554 1304 456 1206 108 670 858 1420
Route 118 : 598 687 1437 1348 538 1288 40 790
Route 119 : 248 242 998 404 992 351 1101 1154
Route 120 : 15 307 374 765 1057 1124
Route 121 : 31 679 682 781 1429 1432
Route 122 : 683 734 1433 621 1484 1371 162 912
Route 123 : 229 189 979 939 136 721 886 1471
Route 124 : 448 196 946 321 1198 542 1292 1071
Route 125 : 349 198 1099 948 738 1488 460 1210
Route 126 : 105 491 855 315 1065 735 1485 1241
Route 127 : 541 464 414 1214 1164 733 1291 1483
Route 128 : 451 546 638 1388 1296 1201 453 1203
Route 129 : 171 168 918 921 184 934
Route 130 : 219 111 123 861 969 425 873 1175
Route 131 : 576 1326 187 115 865 937
Route 132 : 122 510 322 1260 872 6 1072 756
Route 133 : 599 485 146 1349 1235 896 600 1350
Route 134 : 659 323 1409 412 1073 1162
Route 135 : 367 293 1043 270 88 1020 1117 838
Route 136 : 309 139 1059 223 336 973 1086 889
Route 137 : 60 64 810 458 814 636 1386 1208
Route 138 : 470 550 1220 559 1300 1309
Route 139 : 728 568 1478 1318 227 422 977 1172
Route 140 : 520 573 1270 1323 268 254 1018 1004
Route 141 : 149 601 57 899 366 807 1351 1116
Route 142 : 709 1459 522 1272 444 463 1194 1213
Route 143 : 91 428 447 1197 1178 203 841 953
Route 144 : 513 107 10 857 1263 720 760 1470
Route 145 : 74 419 824 1169 467 1217 459 1209
Route 146 : 570 656 1320 368 1406 1118
Route 147 : 562 398 557 1312 490 1307 1148 1240
Route 148 : 445 457 1207 715 711 1195 1465 1461
Route 149 : 655 239 1405 672 247 989 1422 997
Route 150 : 4 284 276 1026 1034 616 1366 754
Route 151 : 178 137 312 887 1062 928 569 1319
Route 152 : 17 474 767 339 1224 13 763 1089
Route 153 : 148 686 898 1436 437 210 960 1187
Route 154 : 216 200 950 966 745 1495 580 1330
Route 155 : 688 141 891 277 1438 1027
Route 156 : 22 488 772 1238 218 164 968 914
Route 157 : 124 874 726 507 529 1476 1279 1257
Route 158 : 175 611 1361 925 613 646 1396 1363
Route 159 : 150 741 1491 101 900 112 851 862
Route 160 : 684 320 530 1434 169 1070 1280 919
Route 161 : 295 1045 481 387 1137 1231 193 943
Route 162 : 514 386 233 1264 1136 650 1400 983
Route 163 : 308 543 46 1058 1293 704 796 1454
Route 164 : 560 1310 128 400 1150 395 878 1145
Route 165 : 698 294 596 1044 1448 1346 116 866
Route 166 : 527 523 1273 1277 664 1414
Route 167 : 271 172 492 1021 922 1242
Route 168 : 185 654 581 1404 1331 440 1190 935
Route 169 : 619 1369 292 391 1042 565 1141 1315
Route 170 : 442 420 1192 694 1170 602 1444 1352
Route 171 : 675 290 231 1425 981 1040
Route 172 : 642 393 1392 59 1143 809
Route 173 : 255 516 1266 1005 144 180 894 930
Route 174 : 280 230 69 1030 819 980 608 1358
Route 175 : 504 663 1413 1254 549 93 843 1299
Route 176 : 32 197 313 782 289 947 1063 1039
Route 177 : 97 629 666 1379 1416 847
Route 178 : 272 1022 310 466 282 1216 1060 1032
Route 179 : 154 408 1158 188 904 240 938 990
Route 180 : 740 252 379 501 1129 1002 1251 1490
Route 181 : 486 1236 334 117 867 583 1084 1333
Route 182 : 539 532 1289 1282 553 536 1286 1303
Route 183 : 443 482 357 1232 1107 731 1481 1193
Route 184 : 103 853 106 58 856 808
Route 185 : 355 403 1105 1153 151 221 971 901
Route 186 : 273 1023 264 697 67 1447 1014 817
Route 187 : 449 211 1199 647 961 1397
Route 188 : 729 361 620 1111 1370 594 1344 1479
Route 189 : 25 206 956 604 9 775 1354 759
Route 190 : 109 383 472 859 1133 1222
Route 191 : 699 1449 622 703 1372 212 1453 962
Route 192 : 5 286 755 55 20 770 805 1036
Route 193 : 691 24 1441 489 461 1211 774 1239
Route 194 : 497 350 1100 340 1247 439 1090 1189
Route 195 : 224 358 974 701 1451 1108 736 1486
Route 196 : 615 1365 71 142 892 493 821 1243
Route 197 : 243 468 267 993 1218 226 1017 976
Route 198 : 385 50 1135 800 39 152 902 789