Instance name : poa-n4000-1
Authors       : Dmitriy Demin, Mikhail Diakov (msd@veeroute.com), Ivan Ilin, Nikita Ivanov, Viacheslav Sokolov (vs@veeroute.com) et al. VRt Global (https://veeroute.com/)
Date          : 2023-04-24
Reference     : veeroute.com
Solution
Route 1 : 1663 786 3663 1719 2786 3719
Route 2 : 962 1055 2962 514 251 2514 289 2251 3055 2289
Route 3 : 438 2438 1102 925 735 3102 2925 2735
Route 4 : 563 1196 2563 1775 3196 880 3775 2880
Route 5 : 1394 1438 1942 3394 3438 3942
Route 6 : 919 214 2919 693 2214 1601 2693 3601
Route 7 : 833 39 2833 325 2039 794 2794 2325
Route 8 : 1418 1725 3418 1679 3725 3679
Route 9 : 389 1077 2389 3077 345 1296 2345 3296
Route 10 : 502 1158 2502 1221 3158 469 3221 2469
Route 11 : 9 354 2009 2354 1219 1638 3638 3219
Route 12 : 680 2680 1983 1444 3983 1706 3706 3444
Route 13 : 923 1257 777 3257 2923 511 2777 2511
Route 14 : 1085 3085 284 554 1209 2554 2284 3209
Route 15 : 1485 3485 1744 351 2351 1883 1374 3744 3883 3374
Route 16 : 1756 1722 1715 3715 3756 411 3722 2411
Route 17 : 1848 1938 1909 2000 4000 3909 3938 3848
Route 18 : 1300 3300 1412 1574 3412 1894 3574 3894
Route 19 : 1892 3892 813 504 576 2813 2504 2576
Route 20 : 1563 695 482 3563 1337 3337 2482 2695
Route 21 : 1026 1245 3026 3245 826 1787 582 2826 2582 3787
Route 22 : 466 53 2466 740 2053 1126 3126 2740
Route 23 : 1866 801 3866 2801 1384 687 2687 3384
Route 24 : 1811 1688 3688 3811 1228 1225 3228 3225
Route 25 : 960 877 2960 1571 2877 3571
Route 26 : 1755 1975 1841 3841 3755 3975
Route 27 : 646 1164 1220 2646 3164 1003 3220 3003
Route 28 : 1659 3659 1519 1289 1551 3289 3551 1168 3519 3168
Route 29 : 374 966 2966 2374 846 193 837 2837 2846 2193
Route 30 : 279 2279 73 296 2 2073 2002 2296
Route 31 : 1078 761 117 2117 70 2761 3078 2070
Route 32 : 89 312 2312 1113 2089 1179 684 2684 3179 3113
Route 33 : 398 303 2398 2303
Route 34 : 1812 1023 1390 3023 3812 3390
Route 35 : 806 998 1603 2998 3603 160 2160 2806
Route 36 : 591 958 865 2865 2591 2958 1472 3472
Route 37 : 1457 859 2859 3457 1156 529 2529 3156
Route 38 : 1523 1413 127 2127 3523 741 3413 2741
Route 39 : 596 712 2596 524 181 2181 2712 2524
Route 40 : 1432 665 1227 3432 2665 3227 1937 3937
Route 41 : 889 1737 1804 2889 3737 3804
Route 42 : 707 371 2371 276 2707 1016 3016 2276
Route 43 : 757 25 2757 681 1696 2025 3696 2681
Route 44 : 1437 994 1893 3437 2994 3893
Route 45 : 1367 633 3367 1205 3205 2633 570 1566 2570 3566
Route 46 : 484 1461 1496 3461 2484 1581 3496 3581
Route 47 : 694 107 23 2023 2694 2107 1181 442 2442 3181
Route 48 : 1640 1575 3640 3575 675 971 2971 2675
Route 49 : 273 1226 3226 659 2273 503 2659 2503
Route 50 : 204 1108 2204 731 1628 475 2731 3628 2475 3108
Route 51 : 805 1 2001 187 2805 2187 1760 1180 3180 3760
Route 52 : 1577 808 2808 3577 111 412 2412 2111
Route 53 : 1454 980 561 3454 688 2561 2980 2688
Route 54 : 564 1072 2564 851 3072 2851
Route 55 : 1695 894 1521 3695 3521 2894
Route 56 : 579 2579 456 754 225 2456 2754 2225
Route 57 : 1686 1451 1381 3686 3451 1545 3381 3545
Route 58 : 572 2572 95 35 2035 2095
Route 59 : 1916 1474 3916 470 550 3474 2550 2470
Route 60 : 1008 666 1032 2666 227 2227 3032 3008
Route 61 : 252 171 386 2171 2252 1532 2386 3532
Route 62 : 689 1096 1188 3096 2689 1689 3188 3689
Route 63 : 750 391 52 2750 2391 2052 1967 3967
Route 64 : 858 1076 2858 3076 1562 158 3562 2158
Route 65 : 1735 3735 1912 1665 1814 3665 3912 3814
Route 66 : 481 560 2481 2560 1512 690 173 2690 2173 3512
Route 67 : 44 2044 1073 726 924 2924 3073 2726
Route 68 : 920 671 2920 2671
Route 69 : 431 347 655 2431 2655 2347
Route 70 : 683 847 2847 2683 928 1542 2928 3542
Route 71 : 78 199 2199 2078 1039 465 3039 2465
Route 72 : 332 1612 3612 1138 2332 1923 3138 3923
Route 73 : 174 2174 97 2097 652 1047 3047 2652
Route 74 : 277 1752 3752 2277 1268 493 3268 2493
Route 75 : 447 167 1322 3322 2447 2167
Route 76 : 1392 943 3392 195 2943 1674 2195 3674
Route 77 : 820 907 1998 2820 1556 3556 1212 3998 3212 2907
Route 78 : 112 304 2304 744 2112 2744 1949 1982 3949 3982
Route 79 : 993 953 2953 1490 1266 3266 1867 3867 2993 3490
Route 80 : 1299 3299 17 2017 1403 1476 3403 3476
Route 81 : 1250 886 2886 1776 3250 1880 3776 1897 3897 3880
Route 82 : 1059 648 1661 2648 3059 3661 720 2720
Route 83 : 643 1611 3611 1703 3703 1727 2643 1931 3727 3931
Route 84 : 1568 584 2584 3568 281 2281
Route 85 : 1186 585 1471 2585 3186 1098 3471 3098
Route 86 : 656 1324 667 147 2147 2667 3324 2656
Route 87 : 1279 1021 3279 3021 1346 1475 3475 3346
Route 88 : 1116 558 1465 3465 3116 2558
Route 89 : 1423 745 1631 3423 3631 2745 945 2945
Route 90 : 387 1012 1518 2387 1247 3012 938 2938 3247 3518
Route 91 : 852 855 1606 2855 2852 3606 1838 3838
Route 92 : 1890 1783 1995 3890 3783 3995
Route 93 : 425 1720 3720 2425 262 567 2262 2567
Route 94 : 1927 3927 1382 403 1140 3382 2403 3140
Route 95 : 337 1371 3371 2337 1658 739 2739 3658
Route 96 : 119 485 959 978 2485 2959 2978 732 2119 2732
Route 97 : 996 1487 272 2272 2996 315 3487 2315 661 2661
Route 98 : 380 144 2380 2144 692 1256 3256 2692
Route 99 : 615 2615 1527 1456 1203 3203 3527 3456
Route 100 : 1813 1785 3813 1362 3785 1742 3362 3742
Route 101 : 28 1951 2028 1401 3401 3951 118 2118
Route 102 : 1466 3466 1610 1307 1549 3307 3610 3549
Route 103 : 1124 452 3124 1310 2452 607 2607 3310
Route 104 : 913 507 2507 1639 1104 3639 3104 2913
Route 105 : 1011 639 3011 2639 256 393 991 2393 2991 2256
Route 106 : 872 691 2691 2872 239 2239
Route 107 : 1962 798 491 2798 811 2491 2811 3962
Route 108 : 1974 292 3974 1616 2292 3616
Route 109 : 1996 3996 267 1056 2267 1540 3056 3540
Route 110 : 883 208 1287 2208 1864 1680 3287 3680 3864 2883
Route 111 : 99 459 910 2459 2099 2910 96 2096
Route 112 : 1664 509 1285 489 2509 3285 3664 2489
Route 113 : 460 1053 3053 2460 287 243 182 2287 2182 2243
Route 114 : 1509 605 3509 1199 2605 65 2065 3199
Route 115 : 317 1165 3165 2317 1187 108 2108 3187
Route 116 : 892 363 2363 2892 1887 1261 3887 3261
Route 117 : 1795 627 3795 2627 1174 1999 3999 3174
Route 118 : 45 1034 3034 2045 612 388 2612 2388
Route 119 : 307 1514 72 2307 3514 2072
Route 120 : 1194 3194 825 451 1184 2451 2825 3184
Route 121 : 1103 3103 651 1079 259 2651 3079 2259
Route 122 : 94 1590 964 3590 2964 2094
Route 123 : 418 733 2733 1831 266 2266 3831 2418
Route 124 : 575 428 2428 989 164 2575 2989 2164
Route 125 : 1767 1790 3790 1698 3767 566 3698 2566
Route 126 : 625 175 2175 2625
Route 127 : 840 1579 1277 2840 3579 682 3277 2682
Route 128 : 1373 887 7 2887 396 2007 2396 3373
Route 129 : 1074 430 3074 1739 2430 762 2762 3739
Route 130 : 1807 415 2415 3807 209 1145 3145 2209
Route 131 : 130 1369 3369 1258 2130 3258
Route 132 : 1110 350 3110 1823 2350 1980 3823 3980
Route 133 : 573 673 2573 2673 822 1263 3263 219 2219 2822
Route 134 : 1799 1531 3799 3531 241 1863 2241 3863
Route 135 : 230 71 2230 2071 1240 1302 3302 3240
Route 136 : 1619 869 3619 1840 2869 1786 3840 3786
Route 137 : 1267 831 3267 1584 2831 1473 3473 1552 3552 3584
Route 138 : 1550 180 537 2180 618 3550 2537 2618
Route 139 : 752 444 1127 2752 1771 1934 3771 3127 3934 2444
Route 140 : 1341 316 3341 1582 2316 939 520 2520 2939 3582
Route 141 : 1826 1657 3826 3657 1732 1486 3486 3732
Route 142 : 1670 1948 3670 308 3948 1036 957 2957 3036 2308
Route 143 : 1358 177 3358 2177 553 333 2553 2333
Route 144 : 305 196 2305 2196 54 2054 249 170 2170 2249
Route 145 : 1407 1511 3407 942 2942 888 544 2544 2888 3511
Route 146 : 638 2638 1645 1502 3645 3502
Route 147 : 535 1758 2535 1928 3758 1410 3928 3410
Route 148 : 1694 1765 3694 1835 3835 3765
Route 149 : 1025 445 817 2817 1585 3025 623 3585 2623 2445
Route 150 : 1147 1081 982 3147 149 2982 1647 3647 2149 3081
Route 151 : 8 2008 1886 727 433 3886 2727 2433 1936 3936
Route 152 : 324 599 2324 376 2599 2376 440 1282 3282 2440
Route 153 : 772 1947 2772 1083 1842 3947 3083 3842
Route 154 : 10 891 835 2010 2891 1163 2835 3163
Route 155 : 635 533 1469 2635 2533 3469
Route 156 : 770 335 1157 1977 1772 2335 3157 3977 3772 2770
Route 157 : 658 1312 298 2658 3312 1120 2298 780 3120 2780
Route 158 : 626 2626 176 1293 830 2176 2830 3293
Route 159 : 1515 81 922 2081 2922 1677 3515 3677
Route 160 : 1634 1730 3634 1992 3730 935 3992 2935
Route 161 : 4 608 1010 2004 3010 231 2608 2231
Route 162 : 778 1627 1656 3627 2778 3656
Route 163 : 103 505 2505 2103 1364 1960 3364 1642 3642 3960
Route 164 : 1503 1350 216 3503 2216 3350
Route 165 : 1565 660 2660 1726 1898 3898 166 3726 2166 3565
Route 166 : 854 1782 1323 3782 1857 3323 3857 2854
Route 167 : 405 2405 1048 1031 3048 930 3031 908 2930 2908
Route 168 : 1676 1378 3676 1380 3378 1637 3637 3380
Route 169 : 1297 334 3297 838 848 2848 2334 2838
Route 170 : 577 1294 101 2577 359 2359 2101 3294
Route 171 : 1594 795 545 3594 2795 1522 2545 3522
Route 172 : 148 384 2148 313 2384 1933 2313 3933
Route 173 : 156 18 2018 1404 2156 441 3404 41 2041 2441
Route 174 : 1060 1939 3060 728 571 2728 580 3939 2571 2580
Route 175 : 654 143 2654 1572 710 2710 3572 2143
Route 176 : 1924 474 2474 3924 882 293 2293 2882 1984 3984
Route 177 : 983 936 2983 2936
Route 178 : 1751 1839 3839 3751 719 1131 2719 3131
Route 179 : 1443 3443 896 90 2090 1558 2896 3558
Route 180 : 546 450 142 2450 2142 294 2546 2294
Route 181 : 932 1387 663 2663 3387 2932
Route 182 : 206 956 2206 1255 3255 2956
Route 183 : 1148 295 3148 2295 844 375 2375 2844
Route 184 : 664 2664 49 1292 2049 1093 3292 124 3093 2124
Route 185 : 1908 1876 3908 3876 1153 1043 3153 3043
Route 186 : 1655 1882 3882 3655 562 297 2297 2562
Route 187 : 565 1084 2565 29 523 3084 2523 2029
Route 188 : 471 1160 1448 3160 2471 3448
Route 189 : 67 2067 973 1326 1080 3080 2973 3326
Route 190 : 301 781 2781 1017 2301 742 3017 2742
Route 191 : 419 140 2140 2419 220 454 2454 2220
Route 192 : 1914 213 27 2027 3914 2213
Route 193 : 110 699 508 653 2110 2699 2508 2653
Route 194 : 189 68 2189 954 2068 2954 1151 506 2506 3151
Route 195 : 429 478 2429 369 914 2914 2369 2478
Route 196 : 327 647 2647 100 2100 1604 1411 3604 2327 3411
Route 197 : 1224 3224 1288 674 899 2899 2674 3288
Route 198 : 1396 1712 3712 3396 893 1743 604 2604 2893 3743
Route 199 : 756 952 774 2756 2952 2774
Route 200 : 1988 232 3988 1137 2232 3137 381 134 2381 2134
Route 201 : 1417 3417 569 102 2569 861 2102 1022 3022 2861
Route 202 : 1338 1520 1895 3520 3338 3895 765 2765
Route 203 : 1825 1970 3825 1731 3970 1853 3731 3853
Route 204 : 961 15 2015 775 2961 1736 3736 2775
Route 205 : 1356 1139 3139 3356 1591 1222 3222 3591
Route 206 : 551 1057 2551 1314 3057 1871 3314 3871
Route 207 : 1173 918 2918 3173 1272 1177 3272 3177
Route 208 : 1361 1668 3361 1345 3668 3345
Route 209 : 841 594 2841 318 1278 2594 2318 1872 3278 3872
Route 210 : 1778 1489 3489 1678 3778 1692 3692 3678
Route 211 : 849 1304 3304 62 1215 2849 2062 1321 3215 3321
Route 212 : 517 613 559 2517 703 2613 2559 2703
Route 213 : 1398 3398 1100 461 598 2461 3100 2598
Route 214 : 589 2589 1717 188 113 2188 3717 2113
Route 215 : 685 670 676 2685 2670 476 2676 2476
Route 216 : 748 543 2748 1062 1952 2543 3952 3062
Route 217 : 1218 834 1290 3218 3290 944 2834 2944
Route 218 : 194 1667 2194 3667 98 1020 3020 2098
Route 219 : 1788 3788 1805 1265 1397 3805 3397 3265
Route 220 : 1973 1713 3713 3973 1728 1819 3819 3728
Route 221 : 274 1961 152 399 2152 3961 2274 2399 921 2921
Route 222 : 708 1445 884 3445 2708 2884
Route 223 : 477 1554 3554 2477 1875 1710 3710 3875
Route 224 : 1063 1275 1815 3063 3275 3815
Route 225 : 407 857 2407 162 2857 1239 2162 3239
Route 226 : 792 1045 366 3045 2792 2366 1366 3366
Route 227 : 1854 1902 1762 3854 3902 776 3762 2776
Route 228 : 488 1599 453 2488 392 2453 3599 2392
Route 229 : 1343 621 3343 1193 2621 1064 3193 3064
Route 230 : 606 1082 2606 3082 1851 1013 3013 3851
Route 231 : 1200 911 3200 1789 3789 1844 2911 3844 789 2789
Route 232 : 1462 1360 1745 3360 1721 3745 3721 3462
Route 233 : 248 1028 990 2248 3028 2990 1377 3377
Route 234 : 1697 1847 1784 3697 3847 3784
Route 235 : 157 1121 3121 2157 1636 516 3636 2516
Route 236 : 1632 269 1716 2269 3632 3716
Route 237 : 1248 1351 1283 3248 3351 3283
Route 238 : 487 83 1536 2083 2487 3536
Route 239 : 32 1244 829 3244 2829 1281 2032 3281
Route 240 : 1510 1470 3510 904 3470 48 2904 2048
Route 241 : 1431 713 2713 1436 3431 3436
Route 242 : 1065 548 1308 3308 2548 3065 677 226 2226 2677
Route 243 : 1617 1560 1833 3617 3560 3833
Route 244 : 1391 1229 3229 3391 860 1311 3311 2860
Route 245 : 616 463 379 2463 2616 785 2379 2785
Route 246 : 970 212 2212 2970 1054 1355 1622 3054 3355 3622
Route 247 : 788 1592 2788 3592 1918 310 2310 3918
Route 248 : 1534 3534 88 104 1383 2104 2088 3383
Route 249 : 346 409 2409 2346 91 640 2091 1376 2640 3376
Route 250 : 1271 747 285 2747 3271 1262 2285 3262
Route 251 : 1206 984 3206 255 698 2984 2698 2255
Route 252 : 1195 1917 3917 3195 1095 796 3095 2796
Route 253 : 286 1019 1729 2286 3019 3729
Route 254 : 1319 709 2709 3319 1254 85 3254 1320 2085 3320
Route 255 : 394 601 2394 1733 2601 631 3733 2631
Route 256 : 1537 3537 1754 863 1500 3754 3500 2863
Route 257 : 985 132 583 2583 2132 1834 3834 2985
Route 258 : 968 51 2051 1217 1763 1899 3217 3763 3899 2968
Route 259 : 1723 1748 1913 3748 3723 3913 1794 3794
Route 260 : 237 1154 743 2237 3154 2743 1753 3753
Route 261 : 1210 1379 950 3210 1861 3379 2950 706 2706 3861
Route 262 : 329 1845 2329 791 362 3845 2791 2362
Route 263 : 1836 1446 435 3836 3446 2435
Route 264 : 1528 3528 1855 3855 1238 1178 3238 3178
Route 265 : 1049 929 3049 657 686 2657 2686 367 2929 2367
Route 266 : 862 1155 941 263 2941 3155 2862 2263
Route 267 : 1480 725 2725 3480 1232 254 2254 3232
Route 268 : 5 969 668 2969 1305 2668 2005 3305
Route 269 : 191 410 2410 2191 200 1125 2200 3125
Route 270 : 1352 1965 3965 1824 1685 3824 3685 3352
Route 271 : 624 1330 2624 61 870 2061 3330 2870
Route 272 : 1105 1595 3595 3105 1092 217 3092 2217
Route 273 : 1143 696 2696 525 3143 2525 306 2306 1052 3052
Route 274 : 597 1447 2597 3447 1919 519 3919 2519
Route 275 : 1621 55 331 3621 2055 2331 348 2348
Route 276 : 210 76 247 2076 2210 2247 1119 1029 3029 3119
Route 277 : 1242 421 501 390 2421 2501 2390 3242
Route 278 : 900 1646 1971 2900 3971 3646
Route 279 : 86 1940 2086 3940 406 288 2406 2288
Route 280 : 1009 644 3009 2644 497 1618 3618 2497
Route 281 : 522 38 818 2038 2522 2818 1702 3702
Route 282 : 1614 300 609 2609 3614 595 1167 2595 2300 3167
Route 283 : 828 912 1152 2912 2828 3152 1107 3107
Route 284 : 261 711 2711 1295 1430 3295 271 3430 2271 2261
Route 285 : 1911 1301 3911 1669 3669 3301 500 2500
Route 286 : 323 1004 1146 2323 3146 3004
Route 287 : 1968 1738 1859 3968 3738 3859 1846 3846
Route 288 : 926 874 976 1452 3452 2976 2926 424 2424 2874
Route 289 : 557 495 2557 1214 2495 526 2526 3214
Route 290 : 56 1333 2056 1372 3333 1653 3372 3653
Route 291 : 1620 3620 1958 1920 843 3958 3920 2843
Route 292 : 1761 1888 3761 819 3888 1915 3915 2819
Route 293 : 1202 1415 3202 1559 1535 3415 3535 3559
Route 294 : 1953 1208 490 2490 3208 779 617 2617 2779 3953
Route 295 : 1348 16 2016 1586 1492 3348 3492 3586
Route 296 : 1388 234 1675 3675 2234 3388 1339 3339
Route 297 : 518 448 2448 2518 462 128 2462 2128
Route 298 : 1822 1781 3781 1626 1746 3822 3626 3746
Route 299 : 642 358 538 2538 2642 2358 1037 3037
Route 300 : 116 1269 2116 1478 3269 1793 3478 3793
Route 301 : 1334 1042 3042 364 678 2678 2364 3334
Route 302 : 1583 1580 1427 3580 3427 3583
Route 303 : 373 87 185 2185 2373 2087 133 2133
Route 304 : 1359 20 1809 2020 3359 3809
Route 305 : 873 2873 1654 1955 1769 3654 3769 3955
Route 306 : 1687 951 473 3687 2951 2473 1420 3420
Route 307 : 1994 3994 1991 1671 766 3991 3671 2766
Route 308 : 1237 236 1690 3237 2236 1930 3690 3930
Route 309 : 1524 244 2244 1986 126 3524 3986 1682 2126 3682
Route 310 : 1624 1204 395 3624 3204 2395
Route 311 : 1505 1963 3505 3963 1777 760 2760 3777
Route 312 : 1978 3978 1481 979 1198 3198 3481 2979
Route 313 : 202 1650 1821 2202 3650 268 3821 467 2268 2467
Route 314 : 528 1569 2528 1609 1596 3609 3596 3569
Route 315 : 1808 260 3808 1001 2260 198 3001 2198
Route 316 : 1201 753 3201 344 1408 2753 2344 3408
Route 317 : 1349 242 578 211 2578 2242 2211 3349
Route 318 : 637 1598 2637 264 3598 1024 2264 1088 3024 3088
Route 319 : 1921 1806 3806 3921 1270 1633 3270 3633
Route 320 : 773 790 2773 2790 1458 974 2974 3458
Route 321 : 1327 278 1395 3395 3327 1750 2278 3750
Route 322 : 224 1683 1041 3683 2224 3041 1115 3115
Route 323 : 895 169 2169 2895 759 1133 26 2759 3133 2026
Route 324 : 238 718 669 2238 2718 1724 2669 3724
Route 325 : 940 879 1169 2879 3169 1964 3964 2940
Route 326 : 1069 1434 3069 1652 3434 161 2161 3652
Route 327 : 1573 1141 338 3573 3141 1870 2338 3870
Route 328 : 1708 1910 1830 3708 898 3830 3910 2898
Route 329 : 581 1067 510 3067 498 2581 2498 2510
Route 330 : 1354 933 3354 383 2933 1405 3405 2383 494 2494
Route 331 : 1625 1363 3363 372 650 11 2372 2650 2011 3625
Route 332 : 1162 1416 3416 1422 3162 705 3422 2705
Route 333 : 981 480 2480 1385 2981 1757 3385 797 2797 3757
Route 334 : 1901 955 2955 3901 1905 1477 3477 3905
Route 335 : 40 2040 807 1071 1342 3342 2807 3071
Route 336 : 628 588 1191 2588 827 3191 1546 2827 3546 2628
Route 337 : 997 1291 629 3291 1827 2629 3827 2997
Route 338 : 716 2716 771 603 222 2603 2771 2222
Route 339 : 153 46 1544 2046 3544 408 2153 309 2309 2408
Route 340 : 850 1211 3211 2850 257 427 2427 2257
Route 341 : 151 483 1328 2151 432 2483 3328 2432 1630 3630
Route 342 : 1907 1709 1946 3907 3709 33 3946 2033 69 2069
Route 343 : 836 122 2122 2836 1935 93 2093 3935
Route 344 : 1900 105 3900 12 2105 2012 446 2446
Route 345 : 814 1956 1945 2814 3945 3956
Route 346 : 878 1666 2878 1033 1484 3666 3484 3033
Route 347 : 342 934 1112 2342 2934 6 3112 2006
Route 348 : 866 1507 784 2784 2866 1774 3774 3507
Route 349 : 258 1460 3460 2258 724 1006 2724 3006
Route 350 : 539 1243 2539 3243 1176 1483 3176 3483
Route 351 : 1109 468 1797 3797 2468 3109
Route 352 : 1440 1094 3440 340 3094 540 2340 1600 2540 3600
Route 353 : 291 205 2291 1504 2205 75 3504 2075
Route 354 : 1925 1375 3925 66 3375 547 2066 2547
Route 355 : 416 1818 3818 2416 1249 74 2074 3249
Route 356 : 730 2730 1929 3929 1421 1419 3419 3421
Route 357 : 341 764 123 2764 1741 2123 3741 2341
Route 358 : 353 1873 3873 1070 2353 3070 1172 3172
Route 359 : 1414 1449 385 1516 3516 2385 3414 3449
Route 360 : 1442 3442 1766 1850 1802 3766 3802 3850
Route 361 : 472 1335 1329 2472 1701 3335 3701 3329
Route 362 : 121 702 2702 1260 2121 876 2876 3260 1159 3159
Route 363 : 1030 59 3030 22 793 2059 2022 2793 549 2549
Route 364 : 229 2229 1798 246 1526 2246 3798 3526
Route 365 : 106 1468 3468 897 2897 885 2106 2885
Route 366 : 1246 1044 622 3246 146 2622 2146 3044
Route 367 : 1498 215 3498 1644 2215 1607 3644 3607
Route 368 : 365 917 2365 2917 155 1479 2155 3479
Route 369 : 1464 3464 800 2800 1089 853 3089 2853 414 2414
Route 370 : 905 77 2905 1091 3091 2077 139 2139
Route 371 : 931 2931 1463 3463 1493 1353 3353 541 3493 2541
Route 372 : 1525 1987 21 2021 1303 3987 3303 3525 641 2641
Route 373 : 302 1058 2302 1325 1402 3058 3402 3325
Route 374 : 542 967 611 2967 2611 109 1000 2109 3000 2542
Route 375 : 890 532 1231 2890 2532 987 2987 3231
Route 376 : 1365 464 2464 3365
Route 377 : 1691 1959 3959 1878 397 2397 3691 3878
Route 378 : 1810 672 3810 1932 3932 2672 619 84 2619 2084
Route 379 : 1264 3264 1135 768 135 3135 2135 2768
Route 380 : 197 636 2636 2197 221 1649 3649 2221
Route 381 : 356 531 2356 2531 809 265 1144 2809 2265 3144
Route 382 : 275 349 590 2275 649 2349 600 2649 2600 2590
Route 383 : 536 1541 2536 3541 1884 3884 1764 3764
Route 384 : 587 816 2587 1132 2816 1593 3593 3132
Route 385 : 534 328 1817 2534 2328 3817
Route 386 : 1171 821 1990 1829 3990 2821 3171 3829
Route 387 : 404 947 2404 1344 2947 184 3344 2184
Route 388 : 1497 3497 1467 218 3467 2218 1711 3711
Route 389 : 513 168 1608 1803 2513 3608 2168 3803
Route 390 : 402 1347 2402 662 439 2439 2662 1317 3347 3317
Route 391 : 1106 1117 3117 3106 80 1567 3567 2080
Route 392 : 1005 120 1114 2120 37 704 2037 3005 3114 2704
Route 393 : 1635 250 832 2250 3635 2832 223 2223
Route 394 : 729 812 2812 1530 2729 3530
Route 395 : 36 1280 2036 368 1488 3280 2368 3488
Route 396 : 1386 186 3386 2186 842 737 2737 2842
Route 397 : 1966 1714 610 3966 3714 2610
Route 398 : 179 114 2179 586 2586 1086 2114 3086
Route 399 : 1393 3393 1014 1316 3014 1284 3284 3316
Route 400 : 233 1234 3234 2233 1118 336 2336 3118
Route 401 : 949 343 2949 2343 1879 3879 1340 1869 3869 3340
Route 402 : 479 721 2479 63 2721 492 2063 2492
Route 403 : 902 190 2902 1749 2190 138 2138 3749
Route 404 : 1557 634 1759 3557 1944 2634 3759 1705 3944 3705
Route 405 : 30 458 903 916 2903 2458 2916 2030
Route 406 : 769 283 2283 679 1506 2769 2679 3506
Route 407 : 1868 3868 1190 282 2282 3190 311 722 2311 2722
Route 408 : 1236 988 378 2378 3236 1843 2988 3843
Route 409 : 43 1389 3389 2043 1852 1693 3852 3693
Route 410 : 1170 1576 3576 630 3170 1570 2630 3570 377 2377
Route 411 : 486 50 2486 2050 361 701 370 2701 2361 2370
Route 412 : 1699 1672 417 3672 423 2417 2423 3699
Route 413 : 1455 165 3455 2165 1989 1707 3707 3989
Route 414 : 1313 240 1223 2240 3313 3223
Route 415 : 47 2047 1166 948 738 3166 2738 2948
Route 416 : 1259 755 136 2136 1602 2755 3602 3259
Route 417 : 1779 1993 3779 3993 1035 314 3035 2314
Route 418 : 1134 3134 496 906 2496 992 2906 1648 2992 3648
Route 419 : 1129 1185 1331 3129 3331 3185
Route 420 : 1233 1858 3233 1122 552 3122 3858 2552
Route 421 : 141 290 2141 79 13 2079 2013 2290
Route 422 : 515 1651 3651 1400 2515 3400 734 1332 2734 3332
Route 423 : 1097 1981 3097 714 1040 3040 2714 3981
Route 424 : 1175 1433 3175 3433 1230 1075 3075 3230
Route 425 : 1943 1513 3513 3943 1791 1770 3791 3770
Route 426 : 1111 14 2014 3111 1906 1792 3792 3906
Route 427 : 1979 3979 352 2352 593 3 746 2593 2003 2746
Route 428 : 253 413 137 2253 2137 58 2413 645 2058 2645
Route 429 : 1068 3068 400 1061 2400 3061 1251 1046 3251 3046
Route 430 : 556 1673 2556 1700 3673 3700
Route 431 : 34 24 2034 937 2024 1101 2937 602 2602 3101
Route 432 : 1613 3613 1136 1538 1336 3538 3136 3336
Route 433 : 1453 723 3453 2723 620 1409 3409 2620
Route 434 : 909 245 2245 2909 1315 150 2150 3315
Route 435 : 927 1643 3643 2927 443 1539 1027 2443 3539 3027
Route 436 : 1904 457 3904 2457 977 207 2207 2977
Route 437 : 1150 1309 867 3309 1051 804 3051 2867 3150 2804
Route 438 : 1494 1856 3494 1997 736 3856 3997 2736
Route 439 : 1368 700 3368 2700 815 763 2763 2815
Route 440 : 1192 1274 3192 3274 1561 1950 3950 3561
Route 441 : 799 946 823 1495 2946 2823 3495 2799
Route 442 : 1370 1629 3370 3629 1273 697 3273 2697
Route 443 : 1588 1459 3588 568 915 2915 2568 3459 1891 3891
Route 444 : 1862 3862 1435 1002 3435 1954 3002 3954
Route 445 : 803 235 824 1235 2235 2824 3235 2803
Route 446 : 1213 1099 1276 3213 3099 3276 1499 3499
Route 447 : 1976 1881 3976 3881 1007 965 2965 3007
Route 448 : 422 715 2422 2715 1662 1874 3662 3874
Route 449 : 1587 228 19 3587 2019 2228 360 2360
Route 450 : 1128 1564 3128 1865 3564 3865 1972 3972
Route 451 : 1428 1684 3684 3428 1747 802 3747 2802
Route 452 : 530 1926 2530 339 1718 3926 3718 2339
Route 453 : 1424 42 972 2042 1149 3149 2972 3424
Route 454 : 499 201 717 2201 2499 2717
Route 455 : 129 1482 1253 3482 2129 3253
Route 456 : 527 1439 3439 2527 1548 60 3548 2060
Route 457 : 203 767 2767 2203 1066 1547 3547 3066
Route 458 : 1605 864 2864 963 2963 3605
Route 459 : 782 437 1801 2782 2437 3801
Route 460 : 999 57 2057 2999 758 1399 3399 2758
Route 461 : 1161 871 3161 2871 881 1015 2881 3015
Route 462 : 614 2614 449 183 2449 1197 2183 3197
Route 463 : 1426 1578 1406 3426 3578 3406 632 2632
Route 464 : 355 1183 2355 975 3183 1517 2975 3517
Route 465 : 512 1130 1816 2512 3130 3816 326 2326
Route 466 : 1985 1889 3889 3985 330 749 2330 2749
Route 467 : 172 1357 2172 1087 125 3087 3357 2125
Route 468 : 401 1589 2401 1734 3589 1450 3734 3450 1555 3555
Route 469 : 1038 986 1543 3038 3543 2986
Route 470 : 1501 319 455 1623 2455 2319 3623 3501
Route 471 : 1681 1860 1922 3860 1740 3681 3922 3740
Route 472 : 1553 3553 320 1441 901 3441 2320 2901
Route 473 : 280 1182 1820 3820 3182 1957 2280 3957
Route 474 : 1216 1641 3216 1306 3641 3306 1252 3252
Route 475 : 845 1796 3796 2845 64 1491 2064 3491
Route 476 : 856 145 2856 192 2145 1123 3123 2192
Route 477 : 1508 1050 1425 3050 1849 3425 3849 1773 3773 3508
Route 478 : 178 163 2178 2163 1318 521 3318 2521
Route 479 : 1615 299 1286 3615 2299 3286
Route 480 : 382 2382 868 1241 1903 2868 3903 3241
Route 481 : 115 2115 1597 154 322 3597 2322 2154
Route 482 : 357 875 1837 2357 3837 2875
Route 483 : 555 1429 3429 2555 1529 839 2839 3529
Route 484 : 131 787 159 2131 2159 2787
Route 485 : 1828 434 1533 3828 3533 2434
Route 486 : 31 82 426 420 2426 2082 2420 2031
Route 487 : 1090 995 3090 2995 436 574 2574 2436
Route 488 : 1885 1189 3885 1800 3189 1660 3660 3800
Route 489 : 1704 1969 3704 3969 1298 751 2751 3298
Route 490 : 1896 592 1142 3896 3142 2592
Route 491 : 1018 1207 3018 3207 1768 1780 3768 3780
Route 492 : 1877 1941 1832 3877 3941 3832
Route 493 : 321 783 2783 2321 810 92 270 2810 2092 2270