Instance name : poa-n200-7
Authors       : Isaiah Reimer (isaiah.reimer@rideco.com). RideCo (rideco.com)
Date          : 2023-03-12
Reference     : Rideco PDPTW Solver
Solution
Route 1 : 38 3 73 81 173 103 25 138 125 62 162 5 105 79 179 181 40 24 124 140
Route 2 : 75 77 175 177 78 23 123 2 178 102 14 51 114 151 29 43 143 11 111 129 59 159
Route 3 : 9 54 55 109 154 70 170 34 155 15 134 50 150 115 57 22 157 122 48 148
Route 4 : 7 107 90 33 190 16 116 66 166 133 27 127 21 121 93 45 145 193
Route 5 : 46 146 47 92 147 192 83 183 69 86 169 71 39 186 63 171 139 30 163 130 87 187
Route 6 : 85 35 185 41 135 44 96 144 196 141 26 126 74 18 64 118 20 174 164 120
Route 7 : 13 52 152 91 113 191 1 84 68 168 184 8 101 4 89 189 108 95 104 195
Route 8 : 17 82 117 32 99 199 31 132 131 97 12 197 112 49 149 28 182 128 36 136
Route 9 : 100 94 200 194 10 110 72 6 172 106 56 156 42 37 137 142 76 176
Route 10 : 98 67 60 160 65 167 80 165 58 158 180 61 88 161 188 53 19 198 153 119
