Instance name : poa-n1500-1
Authors : Simen T. Vadseth, Henrik Andersson, Jean-Francois Cordeau and Magnus Stålhane
Date : 10.07.2023
Reference : TBA
Solution
Route	1 :  454 492 102 852 472 1204 370 1222 1120 1242
Route	2 :  241 991 355 153 1105 419 495 194 903 1245 1169 944
Route	3 :  582 289 1332 550 1300 560 1039 1310
Route	4 :  503 202 952 95 1253 638 1388 845
Route	5 :  145 123 895 251 1001 318 873 113 1068 863 6 756
Route	6 :  597 1347 106 327 178 856 928 676 1077 1426 248 998
Route	7 :  445 201 1195 448 951 167 917 1198
Route	8 :  621 413 1371 1163 18 296 717 1046 768 1467 298 1048
Route	9 :  343 611 1361 519 1093 663 1413 1269
Route	10 :  602 302 157 1352 907 506 1052 374 1124 1256
Route	11 :  67 209 817 47 177 927 183 797 959 493 933 1243
Route	12 :  548 107 620 1298 1370 574 857 21 1324 771
Route	13 :  24 774 646 255 1005 313 265 1015 1063 1396
Route	14 :  750 697 662 1500 59 1447 436 1412 1186 809
Route	15 :  409 610 1159 616 1360 467 1366 528 1217 1278
Route	16 :  37 618 599 787 1368 1349
Route	17 :  702 273 1023 1452 263 488 1238 1013 428 143 1178 893
Route	18 :  598 645 1348 1395 112 10 760 468 1218 862
Route	19 :  675 699 471 1425 429 1221 1179 1449 382 1132
Route	20 :  490 64 814 39 1240 789 207 957 188 591 938 1341
Route	21 :  740 172 284 446 1034 922 271 1490 323 1021 1196 1073
Route	22 :  414 111 338 442 1192 352 861 1164 1088 1102
Route	23 :  151 901 523 1273 667 520 532 1417 1282 1270
Route	24 :  309 625 1059 1375 258 208 3 1008 958 753
Route	25 :  141 82 486 832 1236 365 891 11 1115 162 761 912
Route	26 :  525 377 1275 1127 268 476 1018 1226 117 20 867 770
Route	27 :  336 68 1086 818 210 418 960 744 1168 1494
Route	28 :  392 466 291 1216 101 1041 184 1142 331 851 934 1081
Route	29 :  300 306 1050 573 674 1056 1424 1323
Route	30 :  679 477 156 1227 526 1276 650 1429 906 1400
Route	31 :  536 724 622 1474 584 1372 1334 256 1286 216 966 1006
Route	32 :  129 182 879 185 473 935 146 932 1223 896
Route	33 :  17 319 1069 108 767 554 1304 858 692 572 1322 1442
Route	34 :  237 285 501 987 423 2 388 1138 1173 1035 1251 752
Route	35 :  712 1462 613 175 342 925 354 142 1363 892 1092 1104
Route	36 :  91 317 16 841 1067 632 766 282 277 1027 1382 1032
Route	37 :  735 239 989 1485 121 212 871 690 1440 962
Route	38 :  469 297 541 539 474 1047 1291 1219 693 1289 1443 1224
Route	39 :  358 420 1108 345 1095 272 1170 617 1022 511 1261 1367
Route	40 :  98 671 261 1421 848 1011 698 56 1448 806
Route	41 :  703 40 1453 270 790 509 1020 246 1259 996
Route	42 :  321 683 1433 1071 531 636 1386 1281
Route	43 :  449 14 1199 764 242 642 719 1392 992 579 1469 1329
Route	44 :  556 746 179 552 1306 1302 929 1496
Route	45 :  538 163 110 1288 860 29 913 348 779 381 1131 1098
Route	46 :  397 478 422 1228 1147 1172 672 385 1135 1422
Route	47 :  134 402 1152 540 884 109 232 859 982 1290
Route	48 :  551 329 1301 205 955 562 1312 32 1079 278 782 1028
Route	49 :  264 196 125 875 741 664 1014 946 1491 1414 229 979
Route	50 :  380 337 1087 450 1130 659 1200 1409
Route	51 :  605 542 1355 224 1292 274 974 1024 99 543 1293 849
Route	52 :  537 133 49 1287 883 601 666 799 518 1268 1416 1351
Route	53 :  738 725 631 231 1475 726 1381 721 1471 1488 981 1476
Route	54 :  403 376 52 1126 802 668 720 1153 1418 1470
Route	55 :  704 682 315 1454 1432 1065 76 36 786 826
Route	56 :  386 85 1136 254 482 835 1004 225 259 1232 1009 975
Route	57 :  652 43 1402 356 669 1419 793 227 1106 339 977 1089
Route	58 :  147 897 174 305 1055 390 924 228 1140 978
Route	59 :  603 359 1353 340 1109 42 792 1090 678 1428
Route	60 :  623 252 287 1002 1037 1373 427 124 407 1177 874 1157
Route	61 :  280 45 795 220 588 1030 691 970 1441 1338
Route	62 :  165 203 118 868 953 211 915 432 961 487 1237 1182
Route	63 :  357 97 847 58 641 808 1107 1391 510 1260 100 850
Route	64 :  748 586 713 1498 708 1463 577 1458 1336 1327
Route	65 :  739 534 1284 747 1489 627 1377 5 1497 755
Route	66 :  535 308 583 1058 375 1333 566 1125 1285 400 1150 1316
Route	67 :  661 730 1480 465 1411 677 1215 587 1427 1337
Route	68 :  648 514 647 1264 73 823 1397 729 1398 1479
Route	69 :  294 335 1085 1044 238 988
Route	70 :  415 103 244 1165 853 513 80 1263 830 994
Route	71 :  687 502 1437 530 660 689 1410 1252 1439 1280
Route	72 :  396 131 881 1146 456 233 983 718 1468 1206
Route	73 :  498 328 633 1078 558 439 1248 1383 1308 1189
Route	74 :  168 245 918 491 470 995 137 545 1241 887 1220 1295
Route	75 :  475 283 78 1225 732 1033 565 1482 828 624 1315 1374
Route	76 :  527 1277 51 324 1074 25 53 775 801 803
Route	77 :  614 316 1364 1066 522 731 517 1481 1272 1267
Route	78 :  635 656 310 161 1060 1406 607 911 1385 1357
Route	79 :  593 62 1343 372 288 1038 1122 812 94 389 844 1139
Route	80 :  139 295 889 63 813 649 585 1045 1399 1335
Route	81 :  404 533 1283 700 1154 571 619 1321 1450 1369
Route	82 :  567 736 685 563 1435 1313 1317 1486 559 1309
Route	83 :  609 1359 363 410 1113 710 1160 7 1460 757
Route	84 :  189 507 939 326 54 1076 417 804 512 1262 1257 1167
Route	85 :  55 461 81 831 1211 805 90 79 840 829
Route	86 :  680 383 1430 1133 709 665 1459 581 1415 1331
Route	87 :  405 344 1094 592 1155 634 1384 1342 240 990
Route	88 :  234 984 722 362 479 1472 160 1112 1229 910
Route	89 :  630 749 1380 65 1499 130 249 815 880 999
Route	90 :  416 694 1166 1444 544 360 575 1110 1294 1325
Route	91 :  93 96 846 353 843 408 262 1103 1158 1012 453 1203
Route	92 :  628 743 640 1378 1493 727 673 1423 1390 1477
Route	93 :  658 604 1354 654 367 1117 1404 1408 398 434 1184 1148
Route	94 :  114 589 716 1339 864 84 387 1466 1137 834
Route	95 :  120 144 870 894 132 500 882 1250 215 371 1121 965
Route	96 :  72 69 822 214 819 701 964 1451 564 406 1314 1156
Route	97 :  312 366 421 1062 176 1116 452 1171 1202 926 485 1235
Route	98 :  368 369 126 876 1118 441 615 1119 1191 451 1365 1201
Route	99 :  612 653 235 985 181 1403 193 1362 931 943
Route	100 :  127 222 972 447 13 763 1197 204 877 1 954 751
Route	101 :  166 22 706 711 27 1456 916 772 777 1461
Route	102 :  30 236 780 154 986 737 443 1487 1193 904
Route	103 :  629 524 1379 733 481 1274 1231 1483
Route	104 :  715 128 1465 115 393 1143 878 458 865 1208
Route	105 :  70 50 820 800 608 460 1210 1358 8 758
Route	106 :  553 1303 286 173 1036 213 349 9 923 963 1099 759
Route	107 :  600 218 1350 171 695 395 968 921 119 1445 869 1145
Route	108 :  74 696 351 299 824 1446 1101 164 75 914 825 1049
Route	109 :  459 135 269 1209 186 686 1019 1436 885 569 936 1319
Route	110 :  77 66 827 170 655 816 1405 594 920 1344
Route	111 :  570 19 1320 457 1207 159 769 463 909 1213
Route	112 :  373 561 140 350 1123 1100 1311 430 890 33 1180 783
Route	113 :  267 155 905 1017 61 705 811 152 1455 902
Route	114 :  707 742 1492 89 546 431 1181 1457 839 529 1296 1279
Route	115 :  217 4 967 754 578 483 1233 293 1328 1043
Route	116 :  192 307 391 1141 433 1057 1183 942 361 496 1111 1246
Route	117 :  187 379 549 1129 497 1247 723 1473 1299 937
Route	118 :  728 1478 484 253 1234 12 1003 322 1072 762
Route	119 :  41 138 888 438 494 791 1188 426 197 1176 1244 947
Route	120 :  221 200 971 590 950 606 38 1340 1356 788
Route	121 :  191 198 257 941 948 136 247 886 997 504 1007 1254
Route	122 :  670 71 821 1420 250 399 1000 347 199 1097 949 1149
Route	123 :  314 149 899 311 1061 576 206 1064 1326 956
Route	124 :  688 557 745 684 1438 1307 444 1434 1194 1495
Route	125 :  555 15 31 781 57 1305 765 807 330 104 1080 854
Route	126 :  637 643 1393 595 1387 1345 384 180 1134 930
Route	127 :  364 1114 35 639 260 1389 1010 785 320 1070
Route	128 :  28 657 778 243 1407 993 23 87 837 773
Route	129 :  425 341 105 1175 219 521 1091 1271 223 969 973 855
Route	130 :  424 116 440 1190 1174 866 290 334 1040 1084
Route	131 :  276 303 480 1053 279 1230 1026 304 1054 1029
Route	132 :  651 48 411 1161 1401 714 798 1464 626 346 1376 1096
Route	133 :  499 455 596 1205 1249 401 1151 92 158 842 908 1346
Route	134 :  568 1318 681 230 1431 462 980 88 838 437 1187 1212
Route	135 :  34 332 784 464 1082 150 301 1051 1214 900
Route	136 :  190 26 195 945 44 940 505 776 1255 794
Route	137 :  275 1025 333 86 1083 60 836 508 1258 810
Route	138 :  266 169 435 1185 919 734 1484 644 1016 1394
Route	139 :  412 122 148 898 1162 580 872 515 1330 1265
Route	140 :  46 378 796 281 292 1128 1031 1042 226 976
Route	141 :  325 394 489 1239 83 1075 516 1144 833 547 1297 1266
