Instance name:	poa-n400-2
Authors:		Carlo Sartori and Luciana Buriol
Date:			2019-2-11
Reference:		A matheuristic approach to the PDPTW (to be submitted)
Solution
Route 1 : 103 303 45 57 245 58 20 257 258 220
Route 2 : 24 73 273 224 1 78 201 278
Route 3 : 19 15 215 69 219 86 286 269 90 290
Route 4 : 93 30 230 46 293 91 246 291
Route 5 : 33 233 72 97 68 297 268 272
Route 6 : 56 87 100 287 256 51 300 251
Route 7 : 7 101 207 98 13 301 213 49 298 249
Route 8 : 8 114 129 329 314 208 44 244
Route 9 : 118 318 139 339 42 75 43 275 242 243
Route 10 : 119 22 140 319 108 126 340 308 222 326
Route 11 : 28 115 315 147 347 66 5 228 205 266
Route 12 : 17 146 81 217 67 346 281 267 150 350
Route 13 : 110 151 310 9 209 52 351 252 26 226
Route 14 : 130 152 352 105 330 16 216 305 34 234
Route 15 : 154 354 62 116 50 262 250 132 316 332
Route 16 : 3 155 39 355 239 18 31 203 218 231
Route 17 : 106 83 306 283 92 158 60 292 260 358
Route 18 : 136 161 361 124 336 14 324 128 214 328
Route 19 : 120 89 320 163 289 25 363 225
Route 20 : 134 12 112 212 334 165 365 312
Route 21 : 37 169 237 29 143 64 229 369 343 264
Route 22 : 167 367 59 127 173 373 327 23 223 259
Route 23 : 61 141 174 341 261 138 338 27 374 227
Route 24 : 117 178 317 4 378 85 111 311 285 204
Route 25 : 104 304 168 102 181 381 302 10 368 144 344 210
Route 26 : 166 366 171 371 125 176 376 183 145 345 383 325
Route 27 : 11 211 32 121 321 232 54 254 184 384
Route 28 : 160 185 133 385 96 360 99 296 299 333
Route 29 : 180 48 380 248 137 337 186 386
Route 30 : 40 240 122 95 295 188 322 2 388 202
Route 31 : 88 288 172 179 379 372 53 189 253 389
Route 32 : 21 156 190 390 221 159 356 359 74 274
Route 33 : 191 38 47 79 247 391 279 238
Route 34 : 192 392 6 55 255 109 206 123 309 323 175 375
Route 35 : 193 94 135 393 294 113 335 82 313 282
Route 36 : 41 107 241 63 307 263 84 195 284 164 395 364
Route 37 : 194 70 270 196 131 394 331 36 236 396
Route 38 : 197 148 348 80 35 157 235 280 357 397
Route 39 : 170 65 187 370 198 387 265 398
Route 40 : 162 177 362 77 377 199 277 399 142 342
Route 41 : 71 182 153 382 271 76 353 200 400 276 149 349
