Instance name:	poa-n1000-6
Authors:		Carlo Sartori and Luciana Buriol
Date:			2019-2-11
Reference:		A matheuristic approach to the PDPTW (to be submitted)
Solution
Route 1 : 98 165 598 31 665 168 154 654 668 531
Route 2 : 53 316 282 782 553 816 386 87 886 587
Route 3 : 216 716 52 175 552 66 132 566 27 527 675 129 629 632
Route 4 : 289 158 789 658 209 494 709 323 994 823 103 603
Route 5 : 277 2 161 502 112 777 661 612 420 920
Route 6 : 202 67 702 567 153 109 200 700 653 609
Route 7 : 80 367 580 144 215 867 235 715 288 788 735 644
Route 8 : 123 68 568 623 63 92 294 592 563 794
Route 9 : 176 319 33 4 472 533 504 819 676 972
Route 10 : 334 232 834 65 565 47 732 1 547 501
Route 11 : 173 673 16 6 296 450 796 950 516 506
Route 12 : 372 102 872 336 97 597 836 602
Route 13 : 410 61 253 910 442 942 36 561 536 286 753 786
Route 14 : 146 106 646 86 606 315 586 164 664 815
Route 15 : 325 344 844 78 825 181 578 134 681 83 583 634
Route 16 : 93 169 358 593 669 327 303 858 322 827 822 803
Route 17 : 251 470 368 868 283 751 970 783 212 712
Route 18 : 184 180 684 680 57 557 345 417 845 124 917 624
Route 19 : 353 853 126 379 7 507 357 879 857 626
Route 20 : 281 171 781 218 114 382 614 718 671 882
Route 21 : 284 360 364 860 487 864 784 383 987 883
Route 22 : 242 387 355 887 742 855 448 948
Route 23 : 320 206 340 706 820 840 99 446 946 599
Route 24 : 297 115 615 797 391 8 508 35 891 535
Route 25 : 337 407 375 907 377 875 837 495 877 174 674 995
Route 26 : 183 5 683 17 22 505 398 517 898 522
Route 27 : 378 201 399 701 91 878 208 899 708 591 308 808
Route 28 : 40 51 72 540 300 400 551 800 381 572 881 900
Route 29 : 259 178 339 759 839 408 678 193 908 693
Route 30 : 155 196 363 409 863 655 696 909
Route 31 : 411 104 911 107 607 226 188 688 422 604 922 726
Route 32 : 21 390 56 556 890 143 521 412 643 912
Route 33 : 388 414 221 888 463 963 425 914 721 925
Route 34 : 90 256 590 497 997 133 633 756 62 369 562 869
Route 35 : 147 73 116 573 131 631 418 647 616 918
Route 36 : 366 262 866 265 762 223 765 137 723 637
Route 37 : 136 167 667 421 636 321 921 821
Route 38 : 260 268 423 760 923 299 768 280 799 780
Route 39 : 179 373 426 374 874 926 873 19 679 519
Route 40 : 191 76 101 691 576 328 601 255 828 755
Route 41 : 429 427 929 213 927 713
Route 42 : 71 292 157 431 931 571 305 657 792 805
Route 43 : 198 46 148 546 13 648 247 698 513 747
Route 44 : 55 15 397 897 476 515 89 976 555 332 589 482 832 982
Route 45 : 177 677 139 333 437 639 290 790 937 833
Route 46 : 273 438 938 304 773 393 804 163 893 663
Route 47 : 486 986 239 252 752 739 50 343 550 843
Route 48 : 314 244 293 744 814 302 59 793 802 559
Route 49 : 121 26 443 621 943 526 25 234 734 525
Route 50 : 444 274 944 186 12 41 686 512 774 541
Route 51 : 295 267 795 240 445 740 945 767 199 699
Route 52 : 197 318 697 818 313 301 801 813 380 880
Route 53 : 430 225 930 187 725 23 523 687 285 785
Route 54 : 449 257 757 272 772 949 392 229 892 729
Route 55 : 371 264 317 764 354 817 871 465 965 854
Route 56 : 451 331 951 831 462 118 141 962 326 641 618 826
Route 57 : 453 120 85 620 585 142 953 10 510 642
Route 58 : 30 64 530 439 473 455 973 939 9 955 564 509
Route 59 : 119 416 619 342 42 916 456 542 956 842
Route 60 : 347 20 847 520 457 162 662 957 307 807
Route 61 : 54 298 554 458 81 958 798 278 581 778
Route 62 : 459 82 959 419 582 28 246 919 746 214 528 714
Route 63 : 406 460 906 276 263 776 39 149 539 960 649 763
Route 64 : 454 29 954 529 105 43 543 481 605 152 652 981
Route 65 : 44 447 135 544 635 464 964 947
Route 66 : 335 150 835 499 475 975 999 160 348 848 650 660
Route 67 : 466 271 966 249 771 84 222 749 440 584 940 722
Route 68 : 428 205 928 467 967 376 705 876
Route 69 : 287 484 984 787 346 468 846 968 359 859
Route 70 : 384 117 617 220 720 469 884 969 38 538
Route 71 : 166 185 394 894 685 45 666 74 545 574 435 935
Route 72 : 243 182 743 362 245 682 745 471 862 971
Route 73 : 349 849 270 770 404 58 279 779 558 904
Route 74 : 291 791 341 241 3 841 413 741 913 190 503 690
Route 75 : 261 311 761 113 811 250 474 254 613 754 750 974
Route 76 : 110 237 610 159 18 659 737 329 48 548 829 518
Route 77 : 461 140 961 640 395 128 628 452 895 478 978 952
Route 78 : 480 32 532 405 210 710 477 977 980 905
Route 79 : 479 436 979 100 37 600 537 370 936 389 870 889
Route 80 : 14 441 424 514 924 941 228 233 728 733
Route 81 : 236 60 189 560 689 483 736 403 903 983
Route 82 : 351 396 224 851 203 896 703 724
Route 83 : 95 195 595 492 361 992 861 491 695 991
Route 84 : 207 330 127 627 488 830 707 988 138 638
Route 85 : 401 489 989 352 901 96 49 549 852 596 125 625
Route 86 : 490 338 990 172 838 217 717 672
Route 87 : 94 402 902 306 594 122 433 933 415 806 622 915
Route 88 : 24 219 310 312 810 130 812 719 630 385 524 885
Route 89 : 275 156 656 493 775 266 350 850 993 766
Route 90 : 75 269 575 204 79 704 88 769 579 192 692 588
Route 91 : 324 824 11 108 608 111 432 511 145 932 611 645
Route 92 : 485 985 496 231 996 238 738 151 651 731
Route 93 : 69 365 211 865 569 309 194 694 809 498 711 998
Route 94 : 34 258 170 434 670 70 534 758 934 570
Route 95 : 356 230 77 248 730 500 577 748 856 1000 227 727
