Instance name : poa-n1000-7
Authors : Simen T. Vadseth, Henrik Andersson, Jean-Francois Cordeau and Magnus Stålhane
Date : 24.06.2023
Reference : TBA
Solution
Route	1 :  340 4 194 694 840 230 504 75 575 485 315 466 730 815 985 966
Route	2 :  45 219 55 719 555 545 289 242 742 789
Route	3 :  80 120 278 415 620 915 580 250 29 778 529 89 750 589
Route	4 :  456 6 956 309 809 260 506 362 760 862
Route	5 :  477 24 524 57 557 276 977 432 776 932 25 525
Route	6 :  428 480 928 352 980 852 241 458 958 53 741 483 553 983
Route	7 :  337 202 96 837 702 596 450 130 950 630
Route	8 :  66 115 408 22 264 522 566 615 764 908 299 799
Route	9 :  208 708 478 401 901 978 268 370 184 684 474 870 768 164 664 974
Route	10 :  303 114 614 71 571 85 803 585 94 369 118 618 594 42 869 312 542 812
Route	11 :  383 37 537 883 325 344 68 844 568 281 188 825 688 781
Route	12 :  253 150 349 753 345 849 650 122 845 622
Route	13 :  19 497 464 117 997 193 519 964 333 364 617 864 317 693 833 17 817 517
Route	14 :  137 441 941 637 377 88 414 914 877 588
Route	15 :  254 18 302 802 215 518 5 754 251 715 751 505
Route	16 :  73 354 380 854 396 573 880 134 896 126 626 634 451 295 951 795
Route	17 :  279 305 779 805 326 156 656 119 84 619 403 584 826 903
Route	18 :  58 558 267 50 767 395 105 895 550 263 605 373 873 763
Route	19 :  143 643 97 448 597 273 948 249 440 940 773 749
Route	20 :  77 220 577 204 720 74 704 402 574 223 723 902 158 658
Route	21 :  49 9 285 509 549 785 472 140 275 775 972 640
Route	22 :  92 298 592 476 798 131 356 631 316 976 132 856 632 816
Route	23 :  20 520 400 338 34 366 534 838 866 47 900 70 570 547
Route	24 :  368 465 87 965 868 247 587 33 747 61 561 533
Route	25 :  452 447 313 947 952 813 62 286 28 786 528 487 562 987
Route	26 :  262 153 762 318 653 818 436 282 936 473 59 782 559 973
Route	27 :  459 418 959 918 144 259 15 759 644 322 515 175 822 675 280 780
Route	28 :  79 579 199 256 756 174 699 108 674 182 608 682
Route	29 :  67 43 543 567 376 41 541 876 211 101 601 711
Route	30 :  46 399 899 359 859 455 546 955 423 139 923 271 639 771
Route	31 :  378 161 661 238 878 63 563 237 738 737 190 690
Route	32 :  468 51 551 968 121 347 621 152 196 847 183 696 683 652 471 374 874 971
Route	33 :  218 500 363 323 718 863 823 224 1000 724 252 232 752 83 732 583
Route	34 :  231 731 176 60 392 560 14 892 676 258 443 514 758 943
Route	35 :  382 136 636 882 91 133 168 668 633 290 142 591 790 642
Route	36 :  173 3 673 113 613 488 503 351 851 988 243 743
Route	37 :  102 602 10 484 510 984 172 288 339 672 788 839
Route	38 :  495 301 995 304 801 804 496 417 996 917 261 225 761 725 334 1 834 501
Route	39 :  365 146 195 646 865 203 703 438 65 695 565 938 180 680 386 886
Route	40 :  181 191 681 434 691 430 930 934 388 433 933 205 705 888
Route	41 :  413 335 913 56 556 835 233 38 538 733 213 481 981 713
Route	42 :  397 171 221 897 492 721 992 479 671 979
Route	43 :  272 54 772 308 808 554 336 187 836 98 687 40 598 540
Route	44 :  277 240 353 853 777 740 109 11 292 511 609 189 792 239 739 689
Route	45 :  269 412 769 112 291 912 612 212 169 791 669 712
Route	46 :  274 311 26 811 526 234 774 734 154 416 236 654 916 736
Route	47 :  185 404 685 81 904 300 800 129 581 629
Route	48 :  287 36 343 787 536 843 444 294 794 207 944 462 962 707
Route	49 :  201 419 701 76 919 394 424 576 324 824 894 348 360 924 860 848
Route	50 :  321 116 616 821 39 21 539 319 521 257 819 439 757 245 939 745
Route	51 :  100 314 329 600 814 387 829 27 357 527 887 857
Route	52 :  192 125 625 692 331 244 831 744 255 491 170 991 390 670 890 755
Route	53 :  435 123 935 623 493 210 128 993 710 398 898 628
Route	54 :  93 593 23 371 48 486 986 523 463 548 871 963
Route	55 :  307 470 807 165 44 200 970 665 544 367 700 867
Route	56 :  151 110 610 31 651 531 467 209 967 709 341 841 358 858
Route	57 :  489 155 989 177 655 166 666 375 677 446 875 946
Route	58 :  320 420 405 920 820 106 248 748 35 905 82 535 582 606 265 422 922 765
Route	59 :  124 2 624 52 502 127 552 449 328 627 828 949
Route	60 :  407 135 490 990 907 454 635 372 954 872 410 306 910 806
Route	61 :  327 235 214 714 827 453 437 953 735 361 460 861 937 960
Route	62 :  469 107 148 969 607 648 16 409 516 909 406 229 391 906 891 729 30 530
Route	63 :  178 678 86 216 103 586 227 716 603 12 727 179 512 679 293 793
Route	64 :  355 461 162 662 149 961 855 342 649 475 842 975
Route	65 :  228 186 686 728 32 532 482 197 145 697 982 90 645 590
Route	66 :  226 266 431 726 766 147 931 647 163 457 494 663 994 957
Route	67 :  7 385 141 885 641 507 384 393 884 893 379 879 445 442 945 942 297 797
Route	68 :  381 64 167 564 296 667 78 270 881 796 578 770
Route	69 :  499 104 350 850 332 111 604 8 611 832 508 999
Route	70 :  330 283 389 889 830 157 783 426 657 425 160 925 660 926
Route	71 :  429 138 198 95 638 929 698 217 595 222 717 72 498 998 722 572
Route	72 :  427 284 206 784 346 927 706 846 159 13 513 659
Route	73 :  99 246 599 310 746 69 810 411 569 421 911 921
