Instance name : poa-n1000-6
Authors : Simen T. Vadseth, Henrik Andersson, Jean-Francois Cordeau and Magnus Stålhane
Date : 24.06.2023
Reference : TBA
Solution
Route	1 :  15 169 419 669 102 919 333 515 602 833
Route	2 :  26 360 113 526 860 122 613 228 622 728
Route	3 :  178 115 678 615 63 92 294 592 563 794
Route	4 :  176 319 33 533 50 550 819 290 676 790
Route	5 :  335 835 210 13 433 933 79 710 579 247 747 513
Route	6 :  268 260 760 12 768 11 511 345 512 845
Route	7 :  353 402 902 270 853 389 770 404 889 422 922 904
Route	8 :  372 219 492 872 719 992 133 112 633 471 612 971
Route	9 :  236 54 298 554 458 81 736 958 798 581
Route	10 :  284 364 76 146 646 348 576 462 962 864 784 848
Route	11 :  223 108 181 608 244 723 89 134 744 589 681 83 583 634
Route	12 :  201 399 338 701 91 899 195 838 591 308 695 808
Route	13 :  44 447 135 635 544 464 964 947
Route	14 :  466 271 966 328 118 771 828 179 618 285 679 785
Route	15 :  334 183 834 105 683 354 326 854 605 227 826 727
Route	16 :  454 29 954 529 392 130 892 49 630 549 151 651
Route	17 :  158 275 55 658 209 555 709 357 1 857 775 501
Route	18 :  69 126 569 417 57 557 323 917 823 626
Route	19 :  177 677 249 84 327 749 279 779 827 584
Route	20 :  430 225 930 474 109 725 200 700 974 609
Route	21 :  259 451 318 951 759 463 818 346 963 369 846 869
Route	22 :  243 182 743 221 245 682 745 124 721 624
Route	23 :  461 140 961 640 204 385 885 145 704 332 832 645
Route	24 :  321 325 825 16 821 355 855 516 278 778
Route	25 :  292 157 431 5 505 931 305 657 792 805
Route	26 :  295 241 795 741 64 455 9 955 564 509
Route	27 :  262 232 762 197 732 329 829 697 163 663
Route	28 :  173 477 673 437 480 937 977 980
Route	29 :  273 2 161 773 661 211 502 125 711 482 625 982
Route	30 :  80 367 580 230 867 340 730 840
Route	31 :  397 341 897 476 841 237 976 30 737 18 530 518
Route	32 :  356 486 986 239 248 739 217 856 717 748 435 935
Route	33 :  75 206 575 172 706 672 203 187 703 448 687 948
Route	34 :  485 985 264 496 317 996 450 764 817 950
Route	35 :  439 473 973 208 939 19 519 708 229 233 729 733
Route	36 :  443 441 941 943 58 370 870 413 558 913
Route	37 :  289 40 789 540 283 7 783 212 507 129 712 629
Route	38 :  453 438 344 844 938 304 804 953 214 714
Route	39 :  21 94 407 907 594 377 521 412 877 912 36 536
Route	40 :  281 171 781 218 114 382 614 718 671 882
Route	41 :  107 607 95 595 374 874 43 543 358 391 858 891
Route	42 :  256 300 398 756 159 800 659 494 488 898 988 994
Route	43 :  215 128 628 61 253 442 942 715 561 286 753 786
Route	44 :  174 495 674 995 265 191 765 137 186 691 686 637
Route	45 :  436 100 37 537 600 408 936 193 693 908
Route	46 :  52 301 207 801 131 552 59 707 631 559
Route	47 :  167 136 667 421 636 280 921 780
Route	48 :  406 460 906 276 263 776 6 149 506 960 649 763
Route	49 :  410 306 148 648 238 806 432 910 478 978 932 738
Route	50 :  93 202 593 8 702 508 35 383 883 535
Route	51 :  32 415 532 144 915 86 420 586 164 920 664 644
Route	52 :  449 368 470 868 272 772 949 465 310 970 810 965
Route	53 :  119 416 619 42 916 456 350 542 956 850
Route	54 :  479 979 343 65 565 400 381 881 843 900
Route	55 :  459 320 77 959 577 820 153 141 641 468 968 653
Route	56 :  330 72 51 198 551 155 830 655 698 572 103 603
Route	57 :  411 71 911 188 571 688 235 47 547 735
Route	58 :  261 761 45 545 222 361 226 861 491 726 722 991
Route	59 :  484 427 429 929 984 213 927 713
Route	60 :  110 127 610 627 20 347 847 520
Route	61 :  287 266 787 315 766 139 639 815
Route	62 :  90 293 590 336 97 405 793 597 836 905
Route	63 :  384 117 617 220 720 469 884 969 352 852
Route	64 :  351 396 224 120 851 896 724 620
Route	65 :  388 60 560 331 888 28 831 246 746 528
Route	66 :  216 716 175 423 3 675 10 923 299 503 510 799
Route	67 :  34 414 258 170 670 39 534 758 914 539
Route	68 :  386 379 886 879 106 48 606 234 734 548
Route	69 :  242 490 387 990 67 742 567 887
Route	70 :  98 165 598 665 31 38 538 168 531 668
Route	71 :  121 428 342 842 621 99 928 446 946 599
Route	72 :  53 316 282 782 553 74 816 500 255 574 1000 755
Route	73 :  251 82 373 751 582 313 873 288 813 788
Route	74 :  277 138 638 257 70 162 757 662 777 375 875 570
Route	75 :  185 394 267 894 24 685 767 481 152 981 652 524
Route	76 :  390 349 46 849 890 425 546 395 322 895 925 822
Route	77 :  371 205 467 871 967 376 705 876
Route	78 :  311 365 811 269 472 865 88 769 192 692 972 588
Route	79 :  314 378 499 999 337 814 837 25 878 142 525 642
Route	80 :  78 274 578 457 41 774 541 307 957 807
Route	81 :  487 23 523 17 987 22 87 517 587 522
Route	82 :  14 85 104 585 380 514 880 604 27 527
Route	83 :  184 180 684 680 309 96 452 809 596 952 359 859
Route	84 :  296 252 123 796 752 68 568 623 403 483 983 903
Route	85 :  297 366 797 4 440 303 866 504 940 803 190 690
Route	86 :  324 824 393 101 166 666 601 132 893 632
Route	87 :  196 363 409 863 696 231 909 362 731 862
Route	88 :  150 160 660 426 650 143 926 643 66 566
Route	89 :  291 339 791 62 250 839 312 254 812 754 750 562
Route	90 :  489 401 56 989 901 194 497 997 694 498 556 998
Route	91 :  424 111 475 975 240 445 611 924 740 945 199 699
Route	92 :  156 444 944 189 656 493 434 934 689 154 993 654
Route	93 :  147 73 116 573 302 616 647 418 802 918
