Instance name : poa-n4000-4
Authors       : Dmitriy Demin, Mikhail Diakov (msd@veeroute.com), Ivan Ilin, Nikita Ivanov, Viacheslav Sokolov (vs@veeroute.com) et al. VRt Global (https://veeroute.com/)
Date          : 2023-04-24
Reference     : veeroute.com
Solution
Route 1 : 1483 1245 1716 3483 3716 1428 3245 3428
Route 2 : 285 529 2285 1830 227 2529 1947 3830 3947 2227
Route 3 : 1720 1253 3253 1098 1305 3305 3098 481 3720 2481
Route 4 : 449 554 2554 980 727 477 2477 1323 2449 309 2727 2980 2309 3323
Route 5 : 540 1543 2540 1519 1025 3519 3543 1612 3025 3612
Route 6 : 855 167 1374 3374 1905 2167 1652 3905 3652 2855 1191 3191
Route 7 : 488 343 2488 502 2343 1528 450 1877 2502 2450 3528 3877
Route 8 : 1573 1257 3257 3573 395 515 67 2067 2515 843 2395 2843
Route 9 : 1955 1174 3955 753 608 2753 446 2446 3174 988 330 2988 2330 2608
Route 10 : 1891 960 1342 204 2960 2204 143 3891 3342 2143
Route 11 : 1819 1627 381 3627 1776 3819 1258 2381 1944 3776 3944 3258
Route 12 : 325 992 2325 1529 3529 2992 1664 207 3664 98 2207 2098
Route 13 : 1172 582 1066 3066 3172 1204 1014 2582 3014 3204
Route 14 : 1766 1586 1046 3766 1998 1840 3998 3 3046 3840 3586 2003
Route 15 : 1088 1895 652 2652 1021 3088 3895 1826 3826 3021
Route 16 : 1282 1692 814 1516 3282 3516 1032 3692 3032 981 2814 1006 3006 2981
Route 17 : 252 1742 117 1555 3742 2252 1246 2117 3246 3555
Route 18 : 1223 1059 3223 170 3059 1097 202 2202 2170 3097
Route 19 : 442 1399 3399 2442 522 1618 2522 1611 494 3618 3611 2494
Route 20 : 945 889 2945 1463 275 157 3463 2157 2889 2275
Route 21 : 1366 480 3366 2480 1475 1506 3506 701 3475 724 2724 2701
Route 22 : 1347 1242 3242 389 3347 214 2389 824 2214 808 2824 2808
Route 23 : 1663 3663 1468 1846 3846 758 2758 943 2943 1221 3468 3221
Route 24 : 915 1523 3523 1397 759 3397 2915 501 2759 2501
Route 25 : 1734 3734 1688 1545 1495 3688 3545 1693 3495 619 2619 3693
Route 26 : 1166 1178 3178 296 3166 322 2296 1492 2322 3492
Route 27 : 833 1111 1439 1419 3439 3111 589 3419 2833 2589
Route 28 : 1481 1437 872 3437 2872 1471 707 3481 3471 1008 1300 3300 3008 2707
Route 29 : 536 674 291 2536 2674 852 595 2852 822 2595 2291 2822
Route 30 : 1194 3194 1729 34 1704 3729 1561 3704 2034 1435 3561 3435
Route 31 : 1028 3028 487 139 1739 2487 2139 3739
Route 32 : 219 510 2219 899 1849 2510 1208 2899 1610 3208 3849 3610
Route 33 : 767 1740 3740 1447 3447 1181 1401 2767 3401 894 3181 151 2894 2151
Route 34 : 1820 1821 3820 695 2695 3821 519 662 2662 2519
Route 35 : 226 192 979 1105 2192 1480 3480 2979 2226 3105
Route 36 : 1536 827 3536 295 22 2827 2295 1084 811 2022 3084 2811
Route 37 : 1288 888 2888 1336 3288 3336
Route 38 : 1016 731 286 1276 1156 3016 3276 2286 3156 2731
Route 39 : 150 950 1175 2950 3175 839 819 129 2819 2839 2150 2129
Route 40 : 1291 3291 638 1240 1325 3240 2638 951 3325 1087 2951 3087
Route 41 : 1033 43 1102 3033 1650 1992 3650 3102 2043 659 2659 3992
Route 42 : 1086 3086 1069 1537 231 634 3069 3537 1207 3207 2231 2634
Route 43 : 1685 675 1248 2675 740 3248 1976 3685 1708 896 2896 2740 3976 3708
Route 44 : 40 1750 301 2040 1251 913 3750 3251 2301 1982 3982 2913
Route 45 : 1710 1124 353 3710 1131 3124 2353 3131
Route 46 : 1500 276 3500 1363 772 498 571 2772 2571 2498 3363 2276
Route 47 : 620 359 911 2620 2911 1484 1874 2359 495 3874 3484 2495
Route 48 : 1844 694 784 3844 2694 2784 1422 140 3422 2140
Route 49 : 818 1669 220 2220 2818 1425 629 3669 2629 3425
Route 50 : 1726 482 1623 559 2559 3726 3623 2482
Route 51 : 574 1990 3990 2574 1044 1034 3034 3044 1010 969 2969 3010
Route 52 : 1694 1260 580 3260 329 2580 3694 2329 1018 165 2165 3018
Route 53 : 600 618 2600 524 1883 2618 610 210 2610 3883 2210 2524
Route 54 : 323 344 2344 1003 1273 3003 2323 550 1544 3544 2550 3273
Route 55 : 1801 1477 1972 3801 1744 3972 345 3477 363 2345 2363 3744
Route 56 : 417 1967 1417 2417 563 1278 3967 3417 770 3278 2563 2770
Route 57 : 1624 3624 1384 1055 1261 3261 987 3384 3055 2987 1855 3855
Route 58 : 1074 579 3074 90 1154 2579 2090 1948 3154 3948
Route 59 : 1404 110 1775 434 3775 235 3404 160 2434 2110 1542 2235 3542 2160
Route 60 : 1757 933 630 2933 352 3757 2630 688 2352 2688
Route 61 : 1920 1037 273 2273 1521 1310 3920 3037 3310 63 1860 2063 3860 3521
Route 62 : 1452 1581 3452 3581 1409 1064 176 45 2176 3064 3409 551 2045 2551
Route 63 : 947 1865 1334 2947 62 153 2062 3865 2153 3334
Route 64 : 1970 324 616 3970 956 2616 2956 2324
Route 65 : 1823 399 1772 690 686 2686 3823 3772 2690 2399
Route 66 : 1745 1538 3745 3538 1962 1306 355 3306 2355 871 2871 3962
Route 67 : 1453 565 2565 1959 3453 1271 1195 3195 3271 3959
Route 68 : 28 906 1568 2028 2906 641 1929 3929 2641 362 2362 3568
Route 69 : 1541 1162 3541 1727 3162 1699 3699 1540 3727 599 2599 3540
Route 70 : 415 1076 1079 3076 3079 2415 505 2505
Route 71 : 144 1326 2144 673 42 3326 2673 1513 2042 3513
Route 72 : 1418 1202 3202 127 370 3418 2127 1832 1157 2370 3157 1322 3322 3832
Route 73 : 531 973 7 2973 497 1707 2007 2531 3707 2497
Route 74 : 1297 782 1234 2782 3297 229 3234 2229
Route 75 : 977 1897 2977 1714 3714 543 2543 874 3897 2874
Route 76 : 909 1013 486 1143 3013 23 2486 2909 2023 939 2939 3143 289 2289
Route 77 : 116 2116 1140 368 315 1963 3963 1596 2368 2315 3596 3140
Route 78 : 1795 1367 3795 1651 3367 1798 3798 3651
Route 79 : 1737 250 1126 1372 1407 2250 3737 890 3407 2890 3126 3372
Route 80 : 1308 1286 3308 1423 200 725 3423 3286 2725 859 2200 2859
Route 81 : 1973 567 643 668 3973 1763 2567 1058 3058 2643 2668 3763
Route 82 : 1934 304 739 3934 2304 1112 3112 2739 692 2692
Route 83 : 1192 1498 1052 3192 569 1395 3052 3498 3395 2569
Route 84 : 621 546 1358 3358 2621 479 2546 1019 2479 3019
Route 85 : 936 1479 1674 3479 2936 1816 3816 539 77 3674 689 2539 2689 2077
Route 86 : 137 506 1301 2506 617 3301 2617 266 2137 2266 1601 1476 3601 3476
Route 87 : 1605 431 3605 999 2431 1893 919 2999 541 2541 2919 3893
Route 88 : 1564 573 2573 3564 1449 920 931 2920 2931 3449
Route 89 : 402 1953 2402 1677 177 928 3677 2177 3953 1027 2928 185 3027 2185
Route 90 : 243 1182 3182 975 2243 806 2975 2806 1683 1436 3436 3683
Route 91 : 278 1731 122 212 3731 2122 2212 2278
Route 92 : 51 1049 1321 2051 3049 489 3321 1238 2489 3238
Route 93 : 1117 592 3117 1496 3496 1116 2592 1209 414 3116 2414 3209 1170 3170
Route 94 : 259 1958 3958 873 2259 327 1841 2873 2327 3841
Route 95 : 1725 508 3725 680 741 2508 1676 2680 2741 1313 3676 1539 3539 3313
Route 96 : 452 366 96 667 2452 2096 1159 2667 336 2366 542 2336 2542 3159
Route 97 : 1621 705 238 2705 1077 257 2238 2257 3077 3621
Route 98 : 1392 774 2774 3392 237 24 1053 451 2024 3053 2451 2237
Route 99 : 1786 553 1338 3786 2553 1675 982 3338 39 3675 2982 2039
Route 100 : 512 1130 3130 1355 2512 1761 3761 3355
Route 101 : 1317 1346 1344 3346 882 3317 2882 3344
Route 102 : 1123 1902 438 3123 2438 1275 3902 3275
Route 103 : 1592 142 1719 3592 761 696 1633 2142 2761 2696 3633 3719
Route 104 : 1626 912 1128 2912 3128 1614 3626 1078 3078 3614 1665 3665
Route 105 : 437 816 2437 978 2816 858 1012 1995 3995 3012 2978 2858
Route 106 : 698 397 53 2397 2698 1698 1005 825 2053 3005 421 2825 2421 3698
Route 107 : 1997 179 392 2179 1635 838 2392 3997 517 2838 2517 3635
Route 108 : 1451 8 2008 188 552 3451 2188 2552 842 1681 3681 2842
Route 109 : 491 347 2491 2347 166 1728 578 3728 282 2166 2578 2282
Route 110 : 1809 1654 1081 3809 3081 3654
Route 111 : 360 419 6 2360 1852 1964 2006 2419 3852 3964
Route 112 : 663 1020 1870 2663 792 3020 2792 3870 333 373 907 2373 2333 2907
Route 113 : 1985 1780 1227 3780 633 401 3227 1833 3985 2401 3833 2633
Route 114 : 917 1803 3803 805 31 2917 349 2031 2805 2349
Route 115 : 331 1315 2331 1957 3315 1524 78 3524 3957 138 2138 2078
Route 116 : 1966 1691 1200 3691 1222 1615 1228 3966 3222 3200 3228 970 2970 3615
Route 117 : 319 2319 1813 635 799 1606 2635 2799 458 2458 3813 3606
Route 118 : 1511 1965 1827 82 3827 2082 3511 52 3965 2052
Route 119 : 1443 29 2029 507 1517 3443 3517 1512 2507 3512 916 2916
Route 120 : 729 1598 3598 1354 2729 3354 56 1732 307 3732 2056 2307
Route 121 : 1682 99 496 1281 3682 2496 1818 3281 2099 245 3818 2245 1850 3850
Route 122 : 105 2105 516 1472 1679 2516 1575 3472 3679 3575
Route 123 : 133 1793 726 1339 2726 1188 3339 1724 3793 2133 3724 780 3188 2780
Route 124 : 847 1285 37 2037 3285 2847 1748 1886 3748 3886
Route 125 : 1277 1792 585 1834 1797 2585 3792 3797 3277 3834
Route 126 : 1427 3427 1899 342 2342 538 3899 2538
Route 127 : 1292 1939 1380 3292 611 2611 3939 3380 1229 242 2242 3229
Route 128 : 1637 853 1048 1038 3637 92 3048 2853 1040 2092 3040 3038
Route 129 : 33 2033 1357 3357 1445 3445 1309 493 1890 942 3890 2493 2942 3309
Route 130 : 1943 1168 1108 3943 3108 215 1169 1004 3168 256 2256 3004 2215 3169
Route 131 : 856 715 2715 905 2856 1023 2905 3023 1580 1794 3794 3580
Route 132 : 371 448 2371 625 193 544 2625 2448 2544 2193
Route 133 : 468 1430 453 557 877 2453 2468 3430 2557 2877 420 2420 714 2714
Route 134 : 1201 73 1390 636 3201 2073 3390 218 2636 2218
Route 135 : 706 2706 602 2602 1230 1039 3039 3230 1882 703 3882 2703
Route 136 : 484 1697 3697 904 2904 2484 1646 3646 377 2377
Route 137 : 564 405 350 1065 2564 271 2405 2350 865 3065 2865 2271
Route 138 : 1216 337 3216 1502 2337 778 2778 338 3502 743 2743 2338
Route 139 : 135 376 2135 2376 581 1067 2581 1415 3067 3415
Route 140 : 1518 1134 1806 3134 3518 863 1930 1988 3806 3930 3988 2863
Route 141 : 1294 1868 1324 3324 754 3868 203 3294 2754 326 2203 161 2326 2161
Route 142 : 1670 1730 3670 1911 3730 1630 422 2422 476 3630 2476 3911
Route 143 : 1393 3393 1509 3509 503 340 1381 2503 1414 3381 3414 2340
Route 144 : 603 648 1861 2648 3861 1741 2603 251 2251 3741
Route 145 : 456 457 1876 2456 1999 3999 3876 2457
Route 146 : 1864 470 672 2672 1969 3864 1146 1791 2470 3969 3146 3791
Route 147 : 1362 280 3362 95 1933 2280 3933 244 2095 2244
Route 148 : 1926 755 1198 3926 1620 1304 1139 3198 3139 3620 3304 2755
Route 149 : 213 555 255 2255 2213 180 89 1341 2180 2555 3341 2089
Route 150 : 1183 1927 1243 3183 1349 128 3349 3243 966 3927 2128 2966
Route 151 : 1923 38 59 2038 1353 2059 1050 857 3353 2857 3923 862 2862 3050
Route 152 : 1856 884 288 3856 1571 2884 3571 1980 2288 191 2191 3980
Route 153 : 424 649 604 2424 152 2604 2649 2 685 2152 1738 2685 2002 3738
Route 154 : 351 198 394 2351 164 2198 1379 2394 2164 509 2509 3379
Route 155 : 310 1314 2310 1026 3026 1138 3314 1272 3138 1408 3408 1068 3272 3068
Route 156 : 1843 3843 1660 954 901 837 2901 2954 2837 3660
Route 157 : 733 469 2733 903 891 1263 2469 3263 2903 2891
Route 158 : 1093 427 577 1189 93 3189 2427 2093 2577 3093
Route 159 : 1577 1749 1167 3749 3577 320 2320 941 886 3167 2886 2941
Route 160 : 779 1296 2779 1808 3296 1410 3808 1095 3095 3410 938 924 2924 2938
Route 161 : 1051 1094 3094 1515 850 3051 3515 197 2850 1546 3546 2197
Route 162 : 186 41 2041 475 1993 2475 1 2186 3993 2001
Route 163 : 1150 1429 3150 3429 1866 1715 868 196 2868 3866 2196 3715
Route 164 : 902 840 335 2902 2840 2335 209 560 2560 1387 3387 2209
Route 165 : 1508 1106 1848 1721 3848 3508 3106 3721 1655 3655
Route 166 : 594 922 2922 407 2594 1764 3764 274 2407 2274
Route 167 : 669 640 2640 372 1239 1369 2669 208 3239 2208 2372 1680 3680 3369
Route 168 : 826 1987 2826 217 3987 1552 2217 3552
Route 169 : 807 1120 1501 2807 3120 1235 3235 3501
Route 170 : 382 1736 1535 2382 1666 3736 3535 3666
Route 171 : 1376 1759 3376 1533 3759 1662 3662 3533
Route 172 : 169 993 2169 1467 1723 2993 3467 433 1622 3622 2433 1859 3723 3859
Route 173 : 174 561 374 789 2174 2789 2374 2561
Route 174 : 1871 1054 588 3871 3054 1284 2588 361 1785 2361 3284 3785
Route 175 : 1438 57 35 3438 1940 2035 3940 2057
Route 176 : 1921 460 2460 3921 881 820 2881 1011 2820 670 3011 2670
Route 177 : 369 346 1703 1171 3171 1464 682 2346 2369 3464 3703 2682
Route 178 : 996 1405 3405 946 2996 932 2946 1950 2932 48 302 3950 2048 2302
Route 179 : 607 36 2607 2036 1880 465 3880 2465
Route 180 : 426 158 1986 2426 2158 284 3986 114 2284 1147 3147 2114
Route 181 : 867 1022 1446 380 2867 3446 2380 3022
Route 182 : 1085 1456 3085 631 3456 1100 810 2810 270 2631 3100 2270
Route 183 : 514 1769 3769 1853 429 3853 746 2429 530 2746 2530 2514
Route 184 : 1831 748 834 1979 3831 2748 1752 2834 3979 3752
Route 185 : 702 1092 2702 1628 474 3092 1043 3628 2474 3043
Route 186 : 1812 1784 3784 3812 1144 961 50 2050 678 3144 2961 2678
Route 187 : 1802 292 1845 1898 3898 2292 3845 3802 1837 1394 3837 3394
Route 188 : 126 1584 2126 1047 984 3047 416 3584 76 2076 2416 2984
Route 189 : 1553 1951 141 1952 3553 3951 3952 1790 3790 2141
Route 190 : 1482 1984 1991 1268 3984 1329 3991 3482 3268 3329
Route 191 : 1486 1110 3486 68 2068 756 3110 467 2756 2467
Route 192 : 499 1045 851 2499 3045 277 87 2087 2851 2277
Route 193 : 1743 1989 849 3743 2849 1702 3989 1164 1121 3121 3164 3702
Route 194 : 593 870 974 1583 2974 2870 3583 898 2593 2898
Route 195 : 1190 1252 3190 3252 1455 3455 691 178 2691 1994 3994 2178
Route 196 : 1389 1534 1936 441 2441 3534 3936 17 2017 3389
Route 197 : 732 976 2732 720 2976 281 2281 1783 2720 953 2953 1448 3783 3448
Route 198 : 1356 81 1625 2081 3356 734 2734 628 2628 3625
Route 199 : 1690 391 716 1478 2391 3690 1554 2716 3478 3554
Route 200 : 1063 1141 398 1854 3141 1289 3289 3063 3854 2398
Route 201 : 549 661 1560 2549 132 1647 3560 2661 2132 3647
Route 202 : 742 1835 2742 763 3835 679 2763 2679 790 2790
Route 203 : 406 2406 201 1828 2201 119 802 813 2813 801 3828 2119 2801 2802
Route 204 : 1689 435 794 3689 1378 534 2794 2435 3378 1847 2534 3847
Route 205 : 1114 1595 3114 12 1377 3595 2012 1570 3377 1829 3829 3570
Route 206 : 821 71 1017 2821 1839 3017 1673 2071 3839 3673
Route 207 : 211 13 2211 454 2013 775 2775 2454
Route 208 : 123 111 1089 1411 2111 829 2829 2123 3089 3411
Route 209 : 1103 1842 3103 3842 990 55 860 2860 2055 2990
Route 210 : 711 1811 2711 1514 3811 1350 473 145 3514 3350 1550 3550 2145 2473
Route 211 : 79 1383 2079 3383 861 1312 2861 788 2788 3312
Route 212 : 1333 1233 187 3233 1858 2187 1771 1787 3333 241 3771 2241 3858 3787
Route 213 : 632 699 1254 2632 455 1983 3254 2699 1751 3983 2455 3751
Route 214 : 18 16 2016 1225 2018 1910 3910 3225
Route 215 : 216 918 101 2216 2918 1649 2101 1075 3649 1274 3075 3274
Route 216 : 1421 1161 1863 718 1667 2718 1582 3863 3667 3421 3161 3582
Route 217 : 948 1565 836 230 2948 195 3565 2836 2195 2230 762 2762
Route 218 : 535 94 2535 222 914 1640 3640 1672 3672 2222 2094 2914
Route 219 : 1526 1705 3526 1531 831 3531 2831 1213 3705 3213
Route 220 : 261 239 677 2261 798 2677 2798 224 2239 83 2224 2083
Route 221 : 989 606 2989 1925 3925 1497 1924 2606 624 1224 3497 3224 2624 3924
Route 222 : 728 1368 548 1250 3368 3250 189 2728 2189 2548
Route 223 : 1136 830 3136 2830 1148 1493 3493 3148
Route 224 : 687 584 472 2472 306 2306 2687 1587 2584 390 3587 1520 3520 2390
Route 225 : 1466 148 2148 1767 3767 3466 1474 1522 1444 3522 3474 3444
Route 226 : 817 2817 1311 723 1996 2723 3996 3311
Route 227 : 925 1822 803 2925 1412 3822 664 2664 3412 2803
Route 228 : 1551 403 3551 591 1359 908 2403 2908 1457 3359 737 2591 2737 3457
Route 229 : 864 1634 2864 400 1062 14 3062 2014 2400 3634
Route 230 : 1657 20 2020 3657 1661 430 471 2430 3661 927 2927 2471
Route 231 : 258 396 2258 184 952 2396 1266 3266 2184 2952
Route 232 : 1504 1527 1632 1941 3632 1796 3504 997 3527 3941 1932 3932 3796 2997
Route 233 : 655 32 136 2655 2032 1400 2136 1454 3400 3454
Route 234 : 375 965 639 1815 2965 3815 2375 2639
Route 235 : 883 1125 2883 1176 528 1607 2528 3176 876 1036 3125 2876 3607 3036
Route 236 : 173 297 2297 527 1919 2173 3919 1403 2527 3403
Route 237 : 1576 1488 1345 3576 1563 3563 1559 3345 3488 3559 645 2645
Route 238 : 700 466 1556 2700 1118 2466 1903 3903 3556 3118 1617 1247 3247 3617
Route 239 : 1604 279 3604 1765 3765 2279 265 2265
Route 240 : 1351 1142 2000 3351 1373 3142 3373 1869 4000 3869
Route 241 : 1914 1402 1718 3402 3914 887 3718 2887
Route 242 : 1888 3888 358 1071 1572 841 3572 2358 2841 3071 74 2074
Route 243 : 1779 1971 735 3971 1416 3779 2735 3416
Route 244 : 88 712 2088 513 1896 2712 1907 3896 3907 2513
Route 245 : 773 797 921 260 2921 2773 2797 2260
Route 246 : 432 2432 404 1490 1370 3490 2404 3370 1653 3653
Route 247 : 1434 1299 418 3299 1330 2418 1879 3434 3879 462 3330 2462
Route 248 : 1070 525 3070 1009 3009 357 2357 225 2525 2225 1922 3922
Route 249 : 744 483 2483 504 408 2744 1789 1599 2504 3599 3789 2408 900 2900
Route 250 : 658 653 108 2108 2653 2658 70 598 1460 2070 2598 3460
Route 251 : 745 97 1184 3184 2745 2097
Route 252 : 411 1264 1760 3264 765 2411 1002 2765 3002 3760 1773 1591 3591 3773
Route 253 : 793 2793 69 2069 1566 1332 796 3566 2796 3332 1532 3532
Route 254 : 1091 786 2786 3091 815 590 2590 721 2815 576 2721 2576
Route 255 : 1115 657 2657 354 2354 3115 1371 697 2697 3371
Route 256 : 1432 1768 3768 107 3432 1949 1450 3949 2107 4 2004 464 3450 2464
Route 257 : 1901 717 1590 2717 622 3590 3901 75 2622 2075
Route 258 : 846 1328 1360 2846 1609 823 3360 2823 3328 1619 3609 3619
Route 259 : 130 1686 1658 3686 1029 2130 3029 3658
Route 260 : 387 738 1574 2387 290 3574 1462 2738 985 2290 3462 10 2985 2010
Route 261 : 1700 15 294 777 2015 2777 2294 3700
Route 262 : 19 2019 1594 199 205 2199 1083 2205 3083 3594
Route 263 : 236 2236 11 341 149 2011 1398 2341 2149 3398 1889 3889
Route 264 : 1975 100 248 2248 3975 262 2100 267 1465 3465 2262 2267
Route 265 : 1499 1270 3499 1782 1569 3782 3569 1132 3270 3132
Route 266 : 1505 1249 1616 1382 65 3616 2065 3505 3382 3249
Route 267 : 1163 1218 1203 3163 1602 3218 1129 3203 3602 3129
Route 268 : 511 1885 683 3885 440 1137 339 2683 3137 2339 2440 2511
Route 269 : 112 520 1302 2112 2520 1109 3302 1244 1547 3547 3109 1900 3244 3900
Route 270 : 1232 413 1754 3232 1974 2413 749 3754 2749 3974
Route 271 : 892 332 2332 443 2892 254 1287 3287 2443 2254
Route 272 : 492 1343 3343 2492 1946 1473 3473 768 1458 3946 3458 2768
Route 273 : 1388 1215 3215 964 3388 1494 2964 3494 656 1090 2656 3090
Route 274 : 991 447 1644 2991 311 3644 2311 2447 379 2379
Route 275 : 1061 1459 1107 3061 300 2300 3459 3107 1001 3001
Route 276 : 272 1906 929 2929 3906 1217 1426 2272 3217 3426
Route 277 : 644 436 2436 2644 1804 1187 3804 3187 478 247 2478 2247
Route 278 : 1295 681 1082 287 3295 2681 385 2287 3082 1158 3158 2385
Route 279 : 54 757 2054 1042 1145 3042 1931 1942 2757 1375 3375 3931 3145 3942
Route 280 : 626 49 958 2958 835 2049 2626 1904 2835 171 2171 3904
Route 281 : 1491 660 3491 1915 1613 612 3613 1968 3968 2660 3915 2612
Route 282 : 1894 1712 3712 1589 3894 3589 1928 3928
Route 283 : 1279 848 3279 804 760 2848 1269 3269 2804 2760
Route 284 : 163 1293 459 3293 1507 2163 305 2459 2305 949 3507 2949
Route 285 : 752 1629 1978 3629 115 2752 971 3978 2115 2971
Route 286 : 1104 1365 3104 1265 1152 3265 3152 1810 3365 3810 1735 3735
Route 287 : 485 1717 3717 60 2060 1956 393 2485 2393 1713 3956 3713
Route 288 : 1348 1385 3385 3348 1406 3406
Route 289 : 1056 1024 264 3024 1316 3056 1073 1319 3316 2264 3073 3319
Route 290 : 1057 72 3057 1352 3352 537 2072 736 1695 2736 2537 3695
Route 291 : 156 1135 2156 730 3135 240 1875 2730 3875 986 2986 2240
Route 292 : 676 269 2269 66 2676 665 2066 308 1960 2308 1762 2665 3762 3960
Route 293 : 562 1639 1035 318 2562 2318 893 879 3639 2879 3035 2893
Route 294 : 785 926 2785 880 854 963 572 2963 2572 2880 2854 2926
Route 295 : 713 2713 1608 1817 3817 5 1781 3608 3781 2005
Route 296 : 1912 1656 3656 1340 84 1206 3340 566 2566 3206 3912 2084
Route 297 : 1867 3867 181 131 1510 2181 1678 1548 2131 3510 3548 3678
Route 298 : 425 568 693 2425 268 221 2568 1211 2693 2268 2221 3211
Route 299 : 367 781 2781 2367 1600 558 1857 1180 1862 3600 3862 2558 3857 3180
Route 300 : 1487 1851 3487 3851 9 570 1226 2009 1671 3671 3226 2570
Route 301 : 1747 1119 3747 995 3119 1578 800 2995 3578 2800 146 2146
Route 302 : 30 348 2030 314 162 2314 1687 2162 2348 3687
Route 303 : 125 1236 2125 1935 1122 3935 1185 3236 3185 3122
Route 304 : 615 1701 384 2615 1177 1503 168 3701 2384 3177 3503 2168
Route 305 : 1597 1788 968 1096 3096 3597 3788 545 2968 2545
Route 306 : 80 356 1113 2356 967 2080 3113 2967 957 2957
Route 307 : 25 1283 104 2104 2025 642 1072 2642 3072 3283 866 2866
Route 308 : 895 923 2895 2923 1918 710 3918 2710
Route 309 : 1255 601 1945 897 3255 316 3945 1878 1165 2601 2897 3165 2316 3878
Route 310 : 1938 1530 3938 490 614 3530 2614 1567 2490 3567
Route 311 : 1259 64 91 1080 2091 3080 3259 1638 147 2064 3638 2147 378 2378
Route 312 : 44 1696 1549 3549 787 654 2044 3696 2654 2787 1770 3770
Route 313 : 596 1396 994 2596 2994 518 3396 2518
Route 314 : 637 523 113 812 2637 2812 2113 2523
Route 315 : 878 2878 875 1199 1361 2875 3199 940 3361 2940 791 2791
Route 316 : 998 334 1645 3645 844 2334 1364 2844 2998 666 3364 2666
Route 317 : 1913 1981 3981 3913 708 1838 3838 2708
Route 318 : 1193 935 650 3193 283 1197 463 2935 2650 2463 2283 3197
Route 319 : 1099 609 3099 154 2609 1709 106 47 2106 2154 2047 3709
Route 320 : 1337 410 190 1210 2190 3210 934 3337 2410 2934
Route 321 : 586 223 556 2223 1441 3441 1562 2556 2586 1424 1179 3562 3179 3424
Route 322 : 61 461 2461 2061 232 671 1041 2232 1280 2671 3280 3041
Route 323 : 1778 3778 253 646 2253 1641 2646 1711 962 2962 3711 3641
Route 324 : 293 910 1298 1231 2293 2910 1155 3298 3155 3231
Route 325 : 1873 1777 1420 3420 766 3873 2766 3777
Route 326 : 233 1101 3101 983 2233 386 1442 2983 2386 3442
Route 327 : 445 1908 2445 3908 1631 234 3631 623 2234 1469 3469 2623
Route 328 : 776 783 2783 444 2444 719 2776 2719 955 1220 651 2955 2651 3220
Route 329 : 885 228 2885 1642 2228 1186 3642 1758 3186 409 2409 3758
Route 330 : 1127 832 2832 1433 704 3127 27 2704 3433 2027
Route 331 : 1485 845 3485 183 412 2845 2183 2412 972 1267 3267 1961 2972 3961
Route 332 : 1603 1133 3133 246 3603 2246 120 155 2155 2120
Route 333 : 1214 1461 613 3214 175 3461 1872 1756 2613 3756 2175 3872
Route 334 : 1800 313 3800 2313 423 1659 3659 2423
Route 335 : 1684 1335 134 3684 172 2134 3335 2172 1917 85 2085 1525 3917 3525
Route 336 : 944 1431 764 722 709 2764 2722 2709 3431 2944
Route 337 : 1733 605 1977 3733 2605 194 583 2194 1585 2583 3977 3585
Route 338 : 1212 795 3212 58 1558 249 2795 2058 3558 2249
Route 339 : 364 1937 3937 1219 2364 3219 1954 1909 1331 3909 3331 3954
Route 340 : 1814 1489 1413 3814 3413 750 533 869 2533 3489 2869 2750
Route 341 : 1007 1593 383 3007 1303 1588 3303 2383 3593 959 1149 3588 3149 2959
Route 342 : 1391 428 2428 3391 1643 298 521 3643 1799 2521 2298 3799
Route 343 : 500 388 575 2388 2575 809 2500 771 2809 2771
Route 344 : 206 747 121 2206 2747 769 2769 1648 3648 1030 2121 3030
Route 345 : 1824 26 828 2026 1290 3824 118 3290 2828 2118 365 1579 3579 2365
Route 346 : 321 1706 751 3706 2751 2321 1774 1825 124 2124 3774 3825
Route 347 : 1000 86 2086 1755 3000 1262 3755 303 3262 2303 109 2109
Route 348 : 1636 1327 328 439 2328 2439 1836 3327 21 3636 2021 3836 1557 3557
Route 349 : 312 1031 1241 182 3031 2312 46 3241 526 2046 1887 2182 2526 3887
Route 350 : 1160 937 2937 1746 3160 1881 102 3746 3881 532 2532 2102
Route 351 : 1196 1386 3196 1805 1153 1307 3153 3386 1237 3237 3805 3307
Route 352 : 1318 1807 3807 587 2587 3318 317 1256 2317 1015 3256 3015
Route 353 : 299 2299 627 1470 1884 1151 2627 3470 3884 263 3151 2263
Route 354 : 159 2159 103 684 2103 2684 647 1173 3173 1722 3722 2647
Route 355 : 1916 1753 3916 1440 597 3753 3440 2597 1060 547 2547 3060
Route 356 : 1668 3668 1320 930 1892 1205 3320 3892 2930 3205