Instance name:	poa-n2500-1
Authors:		Carlo Sartori and Luciana Buriol
Date:			2019-2-11
Reference:		A matheuristic approach to the PDPTW (to be submitted)
Solution
Route 1 : 1122 291 1541 559 172 2372 1422 1099 1809 2349
Route 2 : 1070 2320 885 243 39 643 2135 1493 1893 1289
Route 3 : 1022 953 316 2203 1566 371 2272 1621
Route 4 : 899 813 2149 140 251 1390 2063 1501
Route 5 : 317 566 1816 330 1580 471 1567 1721
Route 6 : 528 854 554 2104 78 1778 1804 1328
Route 7 : 602 70 689 1320 85 1852 1335 1939
Route 8 : 387 433 1637 1141 2391 439 1683 1186 2436 1689
Route 9 : 356 1242 1606 1143 386 2393 2492 1636
Route 10 : 156 811 2061 695 1406 776 1945 2026 568 1818
Route 11 : 648 920 313 1563 618 1898 717 2170 1868 1967
Route 12 : 942 1217 2467 414 519 2192 1664 1769
Route 13 : 808 181 931 1431 676 2058 2181 1926
Route 14 : 556 275 1525 1806 850 392 2100 1642
Route 15 : 943 844 2193 84 734 2094 1984 1334
Route 16 : 1054 802 2304 828 2078 1147 2397 2052
Route 17 : 170 642 306 1892 1556 1420 169 1419
Route 18 : 248 1498 1228 807 1067 2057 2478 2317
Route 19 : 825 574 2075 1061 895 1824 2311 2145
Route 20 : 705 572 1955 431 1822 533 1783 1681
Route 21 : 247 1497 362 898 2148 712 1612 16 1962 1266
Route 22 : 835 281 1531 1014 640 1890 2085 2264
Route 23 : 784 1152 103 2034 1353 867 2402 2117
Route 24 : 1247 2497 841 2091 570 614 1864 1820
Route 25 : 230 402 1480 706 104 195 1354 1652 1445 1956
Route 26 : 436 79 1156 1229 1686 2479 1329 2406
Route 27 : 1114 215 903 488 2364 2153 1465 1189 1738 2439
Route 28 : 1216 1167 2466 12 1262 862 2112 2417
Route 29 : 297 36 1547 796 1286 2046
Route 30 : 1140 1018 2268 476 628 2390 959 1726 1878 2209
Route 31 : 56 240 1306 540 1790 927 1490 2177
Route 32 : 373 401 1623 527 1651 565 878 1777 1815 2128
Route 33 : 381 1131 407 1631 2381 1657
Route 34 : 978 979 1214 1004 2229 2254 2228 2464
Route 35 : 1069 221 790 1471 1224 2474 2319 2040
Route 36 : 961 323 303 2211 1553 904 2154 1573
Route 37 : 778 831 2028 924 109 2174 178 2081 1359 1428
Route 38 : 307 1015 1557 1223 607 2473 2265 1857
Route 39 : 163 1118 520 462 1413 2368 1770 1712
Route 40 : 629 145 1395 1879 718 1019 2269 1968
Route 41 : 126 20 598 1376 1848 1270 672 28 1278 1922
Route 42 : 63 623 1313 186 1873 1060 2310 1436
Route 43 : 350 201 855 1451 1085 2105 1600 2335
Route 44 : 1033 2283 541 114 1791 1364 908 1246 2158 2496
Route 45 : 193 727 237 1977 1443 597 576 1847 1826 1487
Route 46 : 888 1127 2138 2377 630 150 1880 1400
Route 47 : 152 754 1402 2004 984 175 1425 2234
Route 48 : 1138 1102 733 1983 1148 2352 2388 2398
Route 49 : 1038 615 1865 701 2288 492 1951 1742
Route 50 : 440 892 1690 569 1819 223 2142 881 1473 2131
Route 51 : 1081 2331 424 293 57 1543 1674 1307
Route 52 : 515 135 700 1765 591 1950 1841 1385
Route 53 : 360 860 2110 1161 1610 631 2411 1881
Route 54 : 737 1226 2476 294 288 1538 1987 1544
Route 55 : 1101 1208 2351 1188 2458 1002 2438 2252
Route 56 : 1058 64 613 2308 1863 1133 1314 2383
Route 57 : 446 5 1112 1696 1255 2362
Route 58 : 595 882 346 252 2132 1845 1596 1502
Route 59 : 31 458 1708 89 1281 1339 454 1704
Route 60 : 1142 740 1052 2302 1132 1990 2392 2382
Route 61 : 41 900 2150 473 945 1723 1291 2195
Route 62 : 1078 1206 1175 2425 2328 445 2456 674 1924 1695
Route 63 : 469 1719 851 1173 2101 1120 2370 2423
Route 64 : 949 745 2199 1995 627 743 1993 1877 1040 2290
Route 65 : 460 661 1911 1710 944 887 2194 2137
Route 66 : 781 1187 272 2031 1076 2437 2326 1522
Route 67 : 521 470 1103 1720 261 1771 977 2227 1511 2353
Route 68 : 744 780 500 1750 1048 1994 2030 2298
Route 69 : 963 873 725 40 2123 2213 1975 1290
Route 70 : 711 523 378 315 1961 1565 1773 724 1628 1974
Route 71 : 1182 498 2432 857 650 2107 1748 1900
Route 72 : 496 457 1707 1746 735 1 1251 1985
Route 73 : 116 1366 726 497 682 1932 1747 1976
Route 74 : 1235 1241 2491 1225 1209 2485 2459 2475
Route 75 : 54 1304 987 409 2237 1659 1017 2267
Route 76 : 670 1146 1920 318 1568 1199 2396 2449
Route 77 : 849 768 2099 999 493 2249 2018 1743
Route 78 : 1136 1205 233 2455 2386 1483
Route 79 : 981 691 276 2231 985 1526 966 1941 2235 2216
Route 80 : 286 608 1536 772 2022 1858 897 339 2147 1589
Route 81 : 1031 2281 153 391 368 1618 1641 972 2222 1403
Route 82 : 87 1046 896 2146 1000 2296 1337 2250
Route 83 : 580 632 584 1882 1830 1834
Route 84 : 785 2035 1236 33 2486 1283 511 1761
Route 85 : 687 438 338 1937 1688 1588 249 1499
Route 86 : 1179 1036 2429 2286 932 2182
Route 87 : 859 426 1676 2109 168 432 122 1418 1682 1372
Route 88 : 308 73 970 1323 1558 1250 2220 2500
Route 89 : 1025 1028 329 2275 1579 2278
Route 90 : 177 1074 2324 865 2115 254 1427 1504
Route 91 : 1130 226 2380 638 1476 1888 1088 2338
Route 92 : 997 653 2247 1903 25 1275 361 1611
Route 93 : 1180 1049 1222 2299 394 1172 2430 2472 2422 1644
Route 94 : 902 891 915 2165 102 2152 2141 1352
Route 95 : 47 274 1297 558 273 1524 1523 1808
Route 96 : 827 71 1321 2077 62 928 2178 1312
Route 97 : 370 1042 208 1458 2292 1620
Route 98 : 954 327 600 1032 2282 2204 1850 1577
Route 99 : 1106 258 2356 1508 588 804 1838 2054
Route 100 : 340 336 1590 95 822 1345 2072 1586
Route 101 : 969 551 1005 1801 2219 1104 2255 2354
Route 102 : 901 253 1503 703 10 2151 1953 1260
Route 103 : 144 22 1272 467 1394 228 1478 1717
Route 104 : 298 1220 1548 1249 1126 2470 2376 2499
Route 105 : 658 133 1383 761 1908 965 2215 2011
Route 106 : 477 673 1727 319 606 1569 1923 1856
Route 107 : 599 1849 585 180 60 1310 1835 1430
Route 108 : 517 117 1767 202 448 1452 1698 1367
Route 109 : 44 918 1294 824 514 2168 1764 2074
Route 110 : 332 134 1034 1582 2284 1384
Route 111 : 620 1870 645 751 2001 1895 820 906 2070 2156
Route 112 : 328 444 644 1694 404 1578 720 1654 1894 1970
Route 113 : 32 68 1282 561 1115 1811 1318 2365
Route 114 : 157 375 1407 814 874 2124 1625 2064
Route 115 : 211 1461 295 686 1936 1545 1075 76 2325 1326
Route 116 : 17 510 1760 871 1267 995 2121 2245
Route 117 : 123 158 1408 967 1373 2217 1200 2450
Route 118 : 1230 1184 2480 2434 1248 2498
Route 119 : 914 2164 863 593 596 1843 2113 1846
Route 120 : 483 1105 1733 1165 2415 601 2355 1851
Route 121 : 72 283 1533 1322 15 675 1925 699 1265 1949
Route 122 : 1092 741 482 1991 49 1732 2342 1299
Route 123 : 856 2106 287 162 1412 18 1537 1268
Route 124 : 1197 1128 974 2378 2447 709 1959 2224
Route 125 : 1098 197 1447 421 2348 1027 2277 1671
Route 126 : 364 816 2066 964 530 1614 1780 2214
Route 127 : 795 818 2045 2068 365 352 1615 773 2023 1602
Route 128 : 1073 1178 547 946 2323 2428 2196 1797
Route 129 : 413 238 1001 1488 1663 746 2251 1996
Route 130 : 1151 200 1063 2401 65 1450 2313 1315
Route 131 : 1086 1185 713 2336 398 1963 1648 2435
Route 132 : 1202 1080 769 7 2019 2330 2452 1257
Route 133 : 708 430 1958 786 793 747 1680 1997 2043 2036
Route 134 : 167 66 805 1417 2055 1029 1316 2279 594 1844
Route 135 : 105 377 722 1627 1355 1972
Route 136 : 268 213 1518 870 532 1463 1782 2120
Route 137 : 1116 549 2366 883 1799 684 1934 2133
Route 138 : 1129 775 2379 996 2025 1154 2404 2246
Route 139 : 728 1011 485 1978 1125 1735 2375 2261 149 1399
Route 140 : 459 447 1193 1709 419 1697 1669 2443
Route 141 : 382 752 1632 723 1973 624 2002 1874
Route 142 : 411 262 141 464 1512 1661 1391 1714
Route 143 : 912 9 2162 937 165 1415 1259 2187
Route 144 : 120 652 1902 6 1370 731 1981 1256
Route 145 : 507 481 677 1731 348 1757 410 1927 1598 1660
Route 146 : 4 91 1341 774 1254 59 1309 2024
Route 147 : 621 1006 1871 229 1240 2256 1479 2490
Route 148 : 222 612 1472 1862 787 929 2037 282 1532 2179
Route 149 : 534 395 1645 468 842 2092 1784 1718
Route 150 : 113 1239 1159 2409 1363 1168 2418 2489
Route 151 : 633 651 1883 1163 1901 2413 417 1667
Route 152 : 119 1190 415 2440 1665 1369
Route 153 : 803 545 2053 791 1795 2041 118 1368
Route 154 : 1238 384 1634 2488 300 179 1429 1550
Route 155 : 742 46 1992 1207 1296 567 1817 2457
Route 156 : 1227 958 2477 97 58 1347 1308 2208
Route 157 : 560 616 452 1866 779 1702 2029 1810
Route 158 : 516 1766 296 557 495 1745 1807 1546
Route 159 : 1100 2350 552 479 138 1802 1729 490 1388 1740
Route 160 : 697 589 1947 191 1839 592 877 2127 1842 1441
Route 161 : 1062 696 2312 299 292 1549 1946 1542
Route 162 : 1079 232 2329 894 453 2144 1703 1482
Route 163 : 269 770 730 1519 582 1980 2020 132 1832 1382
Route 164 : 396 420 1646 750 380 1630 1670 2000
Route 165 : 108 1144 1212 1358 335 1585 2394 2462
Route 166 : 716 1210 1195 1966 192 2460 2445 1442
Route 167 : 617 1030 1003 2253 2280 1023 1867 2273
Route 168 : 603 765 2015 1853 1204 1053 2303 2454
Route 169 : 755 98 907 1348 246 2157 2005 367 1617 1496
Route 170 : 1145 312 683 1933 305 1562 2395 1555
Route 171 : 45 938 2188 1295 279 80 1529 1330
Route 172 : 397 753 2003 1647 526 922 1776 2172
Route 173 : 92 968 23 1342 21 1273 1271 2218
Route 174 : 355 1605 667 738 1917 508 1988 1758
Route 175 : 537 129 265 1379 939 2189 1787 715 1515 1965
Route 176 : 1177 234 1181 2431 235 1484 1485 2427 866 2116
Route 177 : 571 955 1109 2205 2359 43 1821 1293
Route 178 : 690 637 1940 1887 1096 37 1287 2346
Route 179 : 29 124 636 655 1374 1279 1905 1886
Route 180 : 1045 474 203 1724 182 2295 1432 1453
Route 181 : 322 879 1137 2129 2387 320 1572 1570
Route 182 : 218 451 919 2169 1468 1055 2305 1701
Route 183 : 1097 789 2347 693 2039 512 1762 1943
Route 184 : 302 1198 1552 1215 2465 2448
Route 185 : 225 14 1264 536 250 1786 1475 760 1500 2010
Route 186 : 988 241 1491 189 2238 649 1439 1899
Route 187 : 342 1066 1592 962 216 2316 2212 1466
Route 188 : 260 872 1510 2122 112 794 1362 564 2044 1814
Route 189 : 236 639 1068 1889 210 1486 1091 1460 2341 2318
Route 190 : 847 363 994 2244 2097 1613
Route 191 : 548 729 1798 1213 183 1979 1433 2463 792 2042
Route 192 : 971 81 2221 90 1331 782 1340 2032
Route 193 : 449 1090 2340 1191 86 1699 2441 1336
Route 194 : 205 538 680 1455 1930 861 1788 2111
Route 195 : 151 456 351 1401 259 1601 1706 1509
Route 196 : 441 1691 245 989 1495 911 2239 2161
Route 197 : 777 2027 125 139 1375 1150 1389 721 2400 1971
Route 198 : 280 553 1803 1087 998 1530 2337 2248
Route 199 : 1169 184 1434 423 2419 127 1377 1673
Route 200 : 910 2160 358 422 1219 1672 1608 2469
Route 201 : 463 980 2230 1713 821 840 757 2071 2090 2007
Route 202 : 239 578 681 1828 1035 1931 1489 2285
Route 203 : 662 923 1059 2173 231 1912 2309 1481
Route 204 : 506 359 1609 1072 1756 815 2322 2065
Route 205 : 425 1026 1675 2276 1166 173 1423 2416
Route 206 : 52 609 8 1258 1124 1302 2374 1859
Route 207 : 435 1685 1012 619 2262 799 2049 1869
Route 208 : 635 586 1885 1160 1836 155 2410 1405
Route 209 : 542 763 1792 285 2013 846 1535 2096
Route 210 : 321 934 951 1571 290 2201 925 1540 2184 2175
Route 211 : 19 2 1252 513 1269 1763 749 1999
Route 212 : 160 1410 1008 1064 2314 161 2258 1411
Route 213 : 128 266 1516 412 1378 1662 174 1424
Route 214 : 188 1438 853 147 1397 403 659 1653 2103 1909
Route 215 : 1231 1110 2481 1157 647 1897 1119 2360 2369 2407
Route 216 : 982 1108 2358 610 1860 801 2232 2051
Route 217 : 1007 1044 2257 525 284 2294 1775 1534
Route 218 : 434 499 224 1684 1749 504 1474 1754
Route 219 : 1013 1211 2263 1117 190 2367 2461 1440
Route 220 : 1016 694 2266 823 641 1944 1891 2073
Route 221 : 107 429 1357 220 345 1595 1470 1679 82 1332
Route 222 : 707 389 1957 876 1639 960 2210 2126
Route 223 : 106 671 1356 1921 704 756 2006 766 1954 2016
Route 224 : 461 546 886 1796 2136 142 1392 1711
Route 225 : 301 1551 137 207 1387 611 343 1457 1861 1593
Route 226 : 719 1083 2333 94 1344 1969 1134 2384
Route 227 : 692 669 1919 587 1837 1009 2259 1942
Route 228 : 771 2021 990 1155 2240 494 1744 2405
Route 229 : 442 376 1626 475 1692 1077 2327 1725
Route 230 : 829 27 936 976 1277 2226 2079 2186
Route 231 : 788 2038 952 1065 2202 2315
Route 232 : 917 212 1462 369 1619 2167 1245 2495
Route 233 : 834 869 2084 1113 2119 1194 2363 2444
Route 234 : 83 817 455 2067 1333 1705 256 1506
Route 235 : 583 535 1785 204 1454 115 1833 1365 13 1263
Route 236 : 1221 634 2471 550 1884 1153 1800 2403
Route 237 : 529 837 196 1779 2087 309 1446 590 1840 1559
Route 238 : 1244 656 2494 1164 1906 227 1477 2414
Route 239 : 35 531 214 1781 622 1285 1464 1872
Route 240 : 1020 164 930 1414 393 2270 1643 2180
Route 241 : 278 270 38 289 1288 1539 1520 1528
Route 242 : 1094 472 154 1722 1404 2344
Route 243 : 486 388 1736 941 783 2191 1638 800 2033 2050
Route 244 : 1201 491 11 2451 1261 1741 379 1629
Route 245 : 101 1351 698 845 935 1948 2185 2095
Route 246 : 668 217 575 913 1918 1467 1825 2163
Route 247 : 131 77 1327 880 524 1774 1381 2130
Route 248 : 1192 868 427 810 2442 2118 2060 1677
Route 249 : 324 736 626 1876 1986 1574
Route 250 : 206 418 625 1456 948 1668 1875 2198
Route 251 : 405 858 993 1655 2108 2243 646 1896
Route 252 : 864 450 2114 1700 1218 1123 2373 2468
Route 253 : 956 353 604 2206 1854 1603
Route 254 : 839 372 136 2089 1622 947 2197 304 1386 1554
Route 255 : 263 176 1513 664 484 1734 1426 1914
Route 256 : 1149 1162 2399 443 2412 1047 2297 1693
Route 257 : 466 198 975 1448 544 2225 1050 1794 2300 1716
Route 258 : 563 310 277 1527 1813 577 1560 1827
Route 259 : 555 408 349 1599 400 1658 1805 1650
Route 260 : 366 255 1616 1505 992 67 2242 1317
Route 261 : 264 478 1514 61 543 1728 1311 1793
Route 262 : 909 2159 1111 1171 2421 271 1521 2361
Route 263 : 311 1561 1039 905 732 2155 2289 1982
Route 264 : 665 42 1292 244 344 1594 1494 1915
Route 265 : 1183 1139 341 2389 848 1591 2433 2098
Route 266 : 437 1687 326 1051 1576 88 1338 2301
Route 267 : 93 509 1233 1759 1043 1343 2293 2483
Route 268 : 171 950 1421 242 852 2102 2200 1492
Route 269 : 110 111 1361 1360 121 96 1371 1346
Route 270 : 69 983 75 48 2233 1319 1298 1325
Route 271 : 501 518 489 1751 1232 1739 2482 1768
Route 272 : 940 1089 1107 2339 2357 666 2190 1916
Route 273 : 685 826 991 767 1935 2076 2241 2017
Route 274 : 679 1056 2306 100 148 1929 1398 830 2080 1350
Route 275 : 55 663 1913 1095 1305 2345 130 50 1300 1380
Route 276 : 505 1755 889 416 1666 758 2008 2139 1010 2260
Route 277 : 34 762 194 1284 2012 480 1730 605 1855 1444
Route 278 : 921 159 2171 1409 1093 2343
Route 279 : 1041 759 2009 1082 2291 2332 199 1449
Route 280 : 890 333 798 2140 739 1583 1989 2048
Route 281 : 688 933 465 1938 30 2183 1715 1280
Route 282 : 838 926 2088 354 2176 1604 74 1324
Route 283 : 884 1170 2134 503 748 2420 1753 1998
Route 284 : 875 986 2125 2236 99 973 2223 187 1437 1349
Route 285 : 714 399 1964 267 406 1649 1203 1517 2453 1656
Route 286 : 809 337 2059 1135 797 2047 2385 1587
Route 287 : 710 832 2082 1960 334 833 1584 2083
Route 288 : 893 2143 581 819 2069 1243 2493 1831
Route 289 : 957 654 1158 2207 1904 1196 2446 2408
Route 290 : 374 657 390 1907 1021 1624 1640 2271
Route 291 : 836 2086 383 26 562 1633 1812 1276
Route 292 : 428 1234 3 1678 573 2484 1253 1823
Route 293 : 522 257 325 1507 678 1772 1928 1575
Route 294 : 1024 1174 2274 347 1597 53 2424 1303
Route 295 : 806 2056 1057 1071 660 2307 2321 1910
Route 296 : 314 579 1564 1829 702 843 1952 2093
Route 297 : 331 812 1581 1084 2062 502 2334 51 1301 1752
Route 298 : 487 185 1121 1737 764 1435 2014 2371
Route 299 : 1176 146 357 1607 2426 385 1396 219 1635 1469
Route 300 : 539 1789 916 209 166 1416 1459 2166
Route 301 : 1237 143 24 2487 1037 1393 1274 2287
