Instance name : poa-n2000-3
Authors       : Dmitriy Demin, Mikhail Diakov (msd@veeroute.com), Ivan Ilin, Nikita Ivanov, Viacheslav Sokolov (vs@veeroute.com) et al. VRt Global (https://veeroute.com/)
Date          : 2023-04-24
Reference     : veeroute.com
Solution
Route 1 : 145 815 1815 1145 378 56 496 632 1632 580 1496 661 1378 106 1106 1661 1580 1056
Route 2 : 768 813 233 205 1768 1813 1233 313 558 1205 655 1655 1558 961 353 1961 1313 1353
Route 3 : 764 608 1764 300 1608 799 1300 875 330 572 1572 1330 1799 1875
Route 4 : 65 839 989 1989 1065 506 1839 1506 903 43 1903 924 732 1043 1732 1924
Route 5 : 323 357 822 1822 900 1900 442 1442 1323 1357 181 849 424 1849 1181 1424
Route 6 : 364 305 950 1305 206 1950 1364 1206 320 149 1320 810 692 1149 1810 1692
Route 7 : 685 15 1685 170 1015 987 273 1987 1273 1170 25 601 1025 1601
Route 8 : 288 540 675 1675 242 1288 1540 219 1219 1242 991 97 1097 795 326 1795 1991 1326
Route 9 : 517 1517 537 564 1537 20 1564 386 1020 467 1386 1467
Route 10 : 501 1501 184 1184 475 47 1475 870 53 1047 1053 1870 723 95 1723 1095
Route 11 : 583 1583 156 754 1754 1156 131 141 1131 460 1141 1460 975 1975
Route 12 : 542 838 1838 560 1542 841 1560 743 457 1457 1743 1841 312 400 1312 1400
Route 13 : 672 863 865 283 1865 1283 1672 623 1623 71 772 1772 341 1341 1071 1863
Route 14 : 422 119 1422 1119 221 19 1221 185 1019 478 1185 116 1478 369 1116 247 1369 1247
Route 15 : 796 173 1173 180 1796 1180 929 217 157 1929 167 1167 1157 1217
Route 16 : 573 376 515 556 1573 408 1408 1376 1515 896 1556 927 1896 974 1927 1974
Route 17 : 465 5 935 1465 1935 633 100 1005 159 1100 741 1159 1633 1741 938 169 1938 1169
Route 18 : 602 864 544 1544 595 1595 1602 388 497 1388 1864 1497 758 858 1758 1858
Route 19 : 640 481 534 1534 1481 130 682 1640 438 1130 1682 785 840 1785 1438 1840
Route 20 : 495 638 816 1495 714 285 1714 1816 1638 1285 562 339 1339 1562
Route 21 : 774 394 707 749 231 1394 1749 1707 1231 905 1774 536 1905 1536 825 1825
Route 22 : 134 862 1134 543 1543 1862 737 222 821 1737 91 1821 1091 1222
Route 23 : 291 610 1291 88 781 1610 110 1088 1781 79 49 1079 477 1477 1049 1110
Route 24 : 559 1559 78 529 94 1078 267 54 1529 406 1406 1054 1094 509 1267 1509
Route 25 : 329 1329 892 565 545 1892 733 708 1565 1545 105 1733 1708 1105
Route 26 : 948 670 1670 659 986 213 1659 1948 319 1986 1213 827 101 1101 1827 1319
Route 27 : 790 1790 958 859 428 1428 1958 243 1243 973 1859 158 203 1973 1158 1203
Route 28 : 224 569 464 1464 1569 1224 561 873 642 1642 1873 387 1561 302 1387 1302
Route 29 : 223 461 845 1845 250 880 1880 1223 62 1461 30 1030 730 1250 1730 1062
Route 30 : 516 207 586 1586 1207 176 1516 346 1176 947 1346 102 1947 1102
Route 31 : 324 257 1324 1257 719 225 803 1225 1719 978 1803 1000 355 1978 1355 2000
Route 32 : 648 977 1648 80 1977 598 710 637 1637 1710 1598 1080 84 488 1488 1084
Route 33 : 371 128 1371 377 1128 535 1377 628 1535 1628 38 441 1441 627 1038 1627
Route 34 : 218 976 806 1218 1976 417 550 1806 143 1417 435 1143 22 1022 1435 1550
Route 35 : 123 354 1354 1123 577 705 1705 260 1577 499 462 1499 512 1462 1512 1260
Route 36 : 591 419 459 1591 480 1459 64 1064 1419 980 605 1480 1605 505 1980 1505
Route 37 : 446 687 507 1687 1507 1446 175 514 1175 1514 667 415 1667 1415
Route 38 : 334 367 160 1367 322 1334 1160 1322 523 574 1574 915 1523 706 1915 1706
Route 39 : 646 1646 483 606 177 139 1177 1606 1139 726 1726 1483 493 988 1988 1493
Route 40 : 528 1528 126 1126 379 1379 631 317 490 1631 1317 995 761 1995 1761 1490
Route 41 : 335 735 359 1359 784 979 1335 1735 1979 290 842 108 1842 1290 356 1356 1108 1784
Route 42 : 729 662 96 742 1662 1096 360 1729 1742 658 1658 1360 390 1390
Route 43 : 68 3 557 1068 1003 439 949 153 1949 1557 86 66 1439 1086 1153 1066
Route 44 : 527 919 1919 396 590 942 486 1527 1396 588 671 1486 1588 1942 1590 1671 614 1614
Route 45 : 727 968 1968 890 115 1115 1727 238 239 1239 1890 720 1238 261 1720 1261
Route 46 : 407 836 1836 1407 521 589 1521 472 1589 834 1472 1834
Route 47 : 375 1375 444 971 1444 619 163 1619 624 93 1093 1971 1624 1163
Route 48 : 45 214 1214 874 1045 1874 58 1058 886 347 466 1886 1347 1466
Route 49 : 293 641 1293 1641 344 683 41 709 946 1344 1041 1709 688 1946 1688 1683
Route 50 : 393 458 1458 431 1431 271 1393 198 1271 644 340 1198 397 1397 1644 1340
Route 51 : 37 970 881 1881 1037 276 1276 1970 848 718 885 734 1718 1734 1885 1848
Route 52 : 666 956 1666 867 584 1867 440 1584 1956 599 1440 1599
Route 53 : 551 82 967 1551 26 1082 1967 747 282 1026 1282 1747 491 1491
Route 54 : 812 411 923 1411 200 1812 1200 960 1923 1960 765 23 894 1765 1894 1023
Route 55 : 622 8 1622 240 1008 1240 307 228 832 1228 1832 625 1307 713 1625 1713
Route 56 : 345 51 420 1051 1345 295 1420 103 1295 853 876 1876 399 1103 1399 1853
Route 57 : 694 272 698 1272 1698 99 482 1694 1099 538 1482 1538
Route 58 : 381 1381 72 1072 502 1502 603 136 1136 1603 607 409 1409 1607
Route 59 : 788 1788 227 587 665 1227 546 1587 1546 1665 489 1489
Route 60 : 604 29 40 1604 1040 634 1634 1029 912 851 752 1752 1912 1851
Route 61 : 98 693 869 1693 413 1098 1413 1869 775 1775 262 405 1262 1405 161 1161
Route 62 : 963 77 877 1963 844 1077 1844 1877 805 945 1805 189 846 1846 1189 384 1945 1384
Route 63 : 328 484 1328 570 1484 943 362 1570 52 374 1052 1374 309 1943 1309 520 1362 1520
Route 64 : 663 1663 716 503 593 1503 1593 427 1427 171 1716 835 1835 1171
Route 65 : 90 617 498 1090 1498 793 61 1793 983 1617 463 780 1463 1983 1061 531 1780 1531
Route 66 : 318 930 44 1044 144 745 1144 1745 1930 1318
Route 67 : 981 164 187 1981 830 1187 1830 612 1164 778 1612 1778 349 1349
Route 68 : 418 132 1132 549 1418 1549 582 1582 751 220 209 1751 1209 871 1871 1220
Route 69 : 887 12 674 1012 933 1674 1887 492 944 1944 1933 1492 931 972 1931 1972
Route 70 : 138 962 1138 1962 433 997 1997 951 279 336 1279 952 1951 1433 1336 1952
Route 71 : 653 269 1269 1653 332 510 1332 1510 425 432 1425 797 715 1432 1797 1715
Route 72 : 882 451 1882 1451 766 676 755 1676 630 1766 928 1755 348 1348 1928 1630 615 1615
Route 73 : 416 914 1914 17 1416 773 1017 174 855 1773 1174 807 1807 1855 212 1212
Route 74 : 525 251 777 1525 1251 125 1777 829 1829 10 1125 1010 423 1423
Route 75 : 196 519 1196 722 1519 275 479 1722 1275 216 879 740 1740 1479 1879 1216
Route 76 : 878 1878 626 1626 575 690 712 1575 697 1690 959 1697 1959 1712
Route 77 : 786 166 450 1786 179 600 1450 1179 1166 1600 819 338 1819 996 1338 1996
Route 78 : 46 294 1046 762 1762 352 1294 24 301 1352 1024 1301
Route 79 : 999 215 897 1999 195 1897 1215 1195 889 456 13 42 1889 1456 1042 1013
Route 80 : 50 385 1385 1050 232 736 1736 553 576 1576 474 1553 1232 955 85 1474 1085 1955
Route 81 : 83 137 1083 552 1137 311 1552 121 888 1311 263 1888 1121 59 1059 1263
Route 82 : 926 1926 664 597 1664 252 857 1597 1857 801 1252 321 721 1801 1321 1721
Route 83 : 678 1678 426 234 1426 746 910 1746 310 1234 1310 936 1910 828 1828 1936
Route 84 : 120 264 1120 244 792 1244 953 1264 616 297 1953 728 1297 1616 1728 1792
Route 85 : 443 1443 920 567 1567 1920 724 36 1724 1036 197 767 1197 236 1236 1767
Route 86 : 235 471 1235 127 476 1127 1471 533 1476 522 1533 760 1522 1760
Route 87 : 547 750 178 1547 254 1750 342 1178 1342 1254 327 964 1327 808 1808 1964
Route 88 : 596 1596 208 917 1208 691 1691 957 1917 113 1957 256 1113 861 1861 1256
Route 89 : 993 485 1993 804 1485 1804 738 89 1089 1738 287 266 140 1266 1287 1140
Route 90 : 636 1636 578 843 1578 585 1843 191 1585 414 669 87 1669 1087 1414 1191
Route 91 : 699 990 391 1391 1699 899 182 1182 4 1990 278 1899 1004 1278
Route 92 : 921 689 11 1689 229 1921 118 69 1118 1011 1229 1069 782 1782
Route 93 : 152 911 1152 1911 770 686 1770 759 824 1759 1686 500 1500 1824 913 1913
Route 94 : 277 194 1194 701 1701 891 680 1891 711 1711 39 1039 635 1680 1635 1277
Route 95 : 530 370 800 331 1331 448 1370 1530 1800 1448 199 129 1199 248 337 1129 1248 1337
Route 96 : 154 620 1154 581 1581 473 779 1473 1620 1779 660 107 934 1934 1660 1107
Route 97 : 74 1074 856 1856 883 826 939 1883 1826 1939 372 1372 298 1298 343 1343
Route 98 : 351 1351 383 368 668 1383 165 513 1165 1368 904 1668 92 1513 1904 1092
Route 99 : 941 1941 725 109 609 1725 1609 909 673 954 994 1909 1109 1673 1994 1954
Route 100 : 316 1316 403 704 429 1429 1403 554 296 1704 437 1437 1296 1554 787 1787
Route 101 : 60 1060 333 1333 27 650 1650 684 1027 645 1645 1 1684 1001
Route 102 : 365 677 9 1677 568 1009 1568 304 893 1365 135 1304 1135 1893
Route 103 : 866 245 193 860 1860 696 1866 1193 579 817 1245 1696 1579 937 1937 1817
Route 104 : 57 395 147 148 1057 1147 392 1395 932 469 1148 1392 814 1469 1814 1932
Route 105 : 643 854 55 487 447 1447 1055 1643 1487 430 1854 652 511 1430 1511 1652
Route 106 : 16 117 1016 769 1117 230 1230 744 1769 1744 398 401 1401 1398
Route 107 : 306 982 14 1306 833 818 1818 34 1034 1982 1014 142 201 1142 776 1201 1833 1776
Route 108 : 226 1226 21 884 28 1028 789 1884 1021 1789 255 112 1112 186 1255 1186
Route 109 : 453 361 1453 454 1361 308 1308 731 470 1731 1470 1454 907 1907 647 504 1504 1647
Route 110 : 518 651 1651 1518 739 237 314 18 1739 1237 63 1018 1063 1314 901 1901
Route 111 : 594 852 1594 1852 382 389 831 1389 1831 1382 771 940 539 1539 1940 1771
Route 112 : 756 1756 783 902 1902 73 1073 1783 613 48 1048 1613 303 1303
Route 113 : 410 258 32 1258 1032 358 1410 246 1246 1358 249 31 1031 1249 656 908 1908 1656
Route 114 : 183 1183 286 1286 468 81 350 1081 1468 253 1350 1253 850 1850 188 1188
Route 115 : 150 373 1150 155 992 1992 299 1373 1155 1299 162 654 1654 1162
Route 116 : 700 380 508 1508 1700 280 1280 421 1380 1421 33 1033 124 1124
Route 117 : 202 695 1202 1695 292 809 1809 111 1111 1292 657 281 1657 1281
Route 118 : 67 325 621 1325 703 1621 1067 1703 563 794 1563 571 1794 763 1763 1571
Route 119 : 168 363 1168 847 1847 70 1363 757 1757 802 1070 717 1717 1802
Route 120 : 434 210 1210 823 555 1434 895 532 1823 265 1532 1555 1265 1895
Route 121 : 452 998 241 1998 1452 6 1241 289 1289 984 1006 1984 541 172 1172 1541
Route 122 : 315 1315 748 872 146 412 1412 1146 922 1922 436 1436 1748 1872 898 1898
Route 123 : 211 837 965 791 1837 1791 259 1965 455 1211 681 1259 753 1681 1455 1753
Route 124 : 868 820 1820 969 1868 629 1969 918 1629 122 1122 1918 618 1618
Route 125 : 270 274 1274 1270 611 284 592 1284 1611 966 1592 75 925 1075 1925 1966
Route 126 : 906 494 1494 649 524 1649 1906 114 1524 35 204 1114 151 1204 1035 1151
Route 127 : 702 404 1702 1404 548 104 526 2 1104 1526 366 1366 1002 76 1548 1076
Route 128 : 679 916 190 1679 133 1916 1133 798 7 1007 985 1190 1798 1985
Route 129 : 445 811 192 1445 449 402 1811 1192 268 639 1449 1402 1639 1268 566 1566