Instance name:    poa-n600-6
Authors:          Dmitriy Churilov (churilov@advantum.pro), Alexander Galko. Advantum Routing System (advantum.ru/route)
Date:             2025-04-02
Reference:        Advantum Routing System, advantum.ru/route
Solution
Route 1 : 112 412 3 35 303 192 335 492
Route 2 : 299 286 586 58 599 358 253 553
Route 3 : 154 210 268 454 510 246 568 546
Route 4 : 10 191 27 491 310 73 373 327
Route 5 : 244 116 416 544 86 156 456 386
Route 6 : 258 69 558 102 245 402 545 369
Route 7 : 94 54 163 463 394 108 354 408
Route 8 : 300 104 186 600 152 404 486 452
Route 9 : 274 199 499 574 135 188 488 435
Route 10 : 15 76 176 476 376 241 315 541
Route 11 : 161 117 261 561 417 207 461 507
Route 12 : 7 91 307 391 148 288 448 588
Route 13 : 110 211 410 257 511 557
Route 14 : 133 208 183 85 433 508 483 385
Route 15 : 130 170 470 175 430 475 255 555
Route 16 : 179 53 14 353 195 495 479 314
Route 17 : 157 457 272 204 572 504 171 471
Route 18 : 228 528 190 196 490 185 485 496
Route 19 : 214 128 141 428 105 441 514 405 46 346
Route 20 : 292 25 592 282 325 212 582 512
Route 21 : 267 61 213 567 129 36 429 361 513 336
Route 22 : 223 19 523 107 407 118 319 418
Route 23 : 39 52 67 367 127 352 339 427
Route 24 : 99 242 542 289 80 589 399 380
Route 25 : 142 101 21 401 138 442 438 321
Route 26 : 97 397 65 159 365 254 554 459
Route 27 : 2 302 70 50 370 350 92 392
Route 28 : 296 160 77 377 460 596 95 395
Route 29 : 66 106 406 366 96 396
Route 30 : 281 209 509 232 198 581 532 498
Route 31 : 122 422 205 263 563 271 571 505
Route 32 : 222 224 180 480 524 250 522 20 320 550
Route 33 : 219 132 48 519 432 348 139 439
Route 34 : 167 220 467 243 543 520
Route 35 : 120 172 115 415 235 420 472 535
Route 36 : 225 90 45 390 525 345 126 426
Route 37 : 153 453 143 123 109 443 409 423
Route 38 : 265 103 403 565 98 194 398 494
Route 39 : 165 113 413 216 465 173 516 473
Route 40 : 239 187 11 487 311 218 539 518
Route 41 : 140 193 18 181 440 481 318 493
Route 42 : 56 356 293 42 593 28 342 328
Route 43 : 49 79 164 16 349 464 379 316
Route 44 : 62 166 466 197 362 497 184 484
Route 45 : 119 6 306 131 264 431 419 564
Route 46 : 252 150 450 71 371 552 34 334
Route 47 : 276 178 478 125 137 425 576 437
Route 48 : 43 136 436 237 343 537 8 308
Route 49 : 284 17 584 295 317 221 521 595
Route 50 : 60 294 230 360 594 177 477 530
Route 51 : 121 297 421 158 597 236 536 458
Route 52 : 298 238 538 59 598 359 124 424
Route 53 : 182 259 89 389 559 482 41 341
Route 54 : 203 78 64 378 364 503
Route 55 : 206 269 4 506 32 569 304 332
Route 56 : 189 202 169 502 278 578 489 469
Route 57 : 270 570 68 226 368 526 38 338
Route 58 : 24 248 147 324 447 145 548 445
Route 59 : 40 340 234 285 29 585 329 534
Route 60 : 23 217 323 9 517 309
Route 61 : 277 279 577 579 82 12 312 382
Route 62 : 151 231 280 531 580 451
Route 63 : 215 275 93 515 575 393 63 363
Route 64 : 262 562 81 233 533 381 111 411
Route 65 : 291 55 355 591 84 240 384 540
Route 66 : 247 283 583 162 547 134 462 434
Route 67 : 51 229 351 22 529 26 326 322
Route 68 : 251 155 1 551 301 455
Route 69 : 100 30 47 330 266 347 566 400
Route 70 : 5 144 305 168 444 256 468 556
Route 71 : 31 273 331 227 573 37 337 527
Route 72 : 174 75 74 375 260 374 474 33 560 333
Route 73 : 57 287 114 414 357 146 587 446
Route 74 : 83 149 201 449 290 383 590 501
Route 75 : 44 88 344 87 388 387
Route 76 : 13 200 249 72 500 313 549 372
