Instance name : poa-n1000-2
Authors : Hiermann, G. and Schiffer, M.
Date : 2024-04-30
Reference : arXiv:2405.00230
Solution
Route 1 :  70 227 349 727 212 849 712 336 836 234 37 570 537 734 254 347 754 385 65 847 452 565 885 952 158 658
Route 2 :  479 267 979 767 242 23 523 18 742 518 166 116 181 666 681 309 616 141 809 641 24 319 819 524
Route 3 :  314 210 710 814 174 140 271 377 877 771 674 640 113 613 251 262 375 751 762 236 736 875 297 187 797 687
Route 4 :  483 983 396 1 896 501 285 165 785 38 665 538 200 416 360 916 700 170 670 55 453 860 953 555
Route 5 :  87 62 142 587 642 562 374 198 211 698 429 874 711 929 152 159 85 652 659 585 34 276 534 776
Route 6 :  153 4 653 161 504 661 443 133 943 633 239 739 491 6 506 303 991 66 369 803 869 566 71 571
Route 7 :  405 126 626 51 279 551 441 779 197 941 697 56 556 103 905 124 26 624 244 304 744 526 804 603
Route 8 :  92 474 592 974 269 372 472 872 769 9 509 130 972 3 630 214 503 231 714 423 731 923 458 958
Route 9 :  12 330 61 512 388 830 561 888 351 851 47 82 582 348 547 132 848 356 632 856 462 962
Route 10 :  147 407 907 647 184 77 496 684 577 168 668 996 288 404 788 229 22 904 729 522 7 243 507 743
Route 11 :  42 177 677 542 27 527 106 488 43 988 606 155 543 371 391 655 891 871 213 96 596 713 32 532
Route 12 :  346 846 31 531 343 58 843 246 558 746 105 175 675 605 178 97 597 128 678 222 208 628 708 722 473 973
Route 13 :  259 100 759 10 510 600 373 167 873 321 301 667 821 801 25 525 482 20 129 146 982 629 520 646
Route 14 :  127 101 601 258 627 64 337 837 564 145 645 758 156 207 707 291 656 791 76 334 576 834
Route 15 :  137 495 637 995 199 182 682 492 699 992 91 335 204 591 48 835 704 308 173 548 808 673 274 774
Route 16 :  39 539 54 477 554 469 60 977 969 235 735 560 193 693 449 949 79 362 579 422 862 922 415 915
Route 17 :  398 898 41 306 541 806 172 672 201 293 380 793 701 160 425 880 925 333 358 660 858 833
Route 18 :  457 109 957 609 392 29 400 892 412 529 464 900 232 912 964 732 497 428 203 997 397 897 928 703
Route 19 :  284 311 255 811 784 256 755 756 263 261 761 148 763 2 104 648 502 604 290 790 118 45 618 545
Route 20 :  324 467 967 824 35 535 350 185 850 685 143 80 580 643 312 245 745 812 463 75 963 575
Route 21 :  108 226 305 608 726 320 805 820 465 281 965 781 421 484 984 294 921 171 794 149 671 86 649 586
Route 22 :  444 341 841 944 476 976 121 191 94 621 691 470 490 990 970 205 594 221 705 364 864 721 194 694
Route 23 :  112 322 612 822 44 338 257 544 757 838 493 475 993 110 975 265 387 610 445 765 887 945
Route 24 :  150 317 28 817 456 528 409 102 602 909 956 650 390 408 908 890 21 95 595 521
Route 25 :  240 17 517 90 590 299 340 799 740 840 114 498 998 14 614 494 994 514 289 789 451 951
Route 26 :  169 669 190 268 690 768 176 11 511 676 162 439 662 225 461 939 328 961 725 828 440 940
Route 27 :  219 383 135 883 485 68 635 985 568 719 119 280 619 307 780 807 431 88 931 588
Route 28 :  122 622 111 74 418 918 611 574 272 98 772 433 933 598 136 636 454 315 954 815 399 899
Route 29 :  478 437 978 426 937 481 981 926 188 89 157 688 657 241 589 741 183 19 218 683 718 519
Route 30 :  264 460 764 960 266 230 766 730 164 664 216 40 376 876 716 339 540 107 151 839 607 651
Route 31 :  78 578 81 581 186 459 686 73 959 63 573 563 447 947 363 863 394 99 599 894 486 986
Route 32 :  224 724 139 639 50 352 550 282 402 782 367 852 275 270 902 867 249 770 775 749 5 406 505 906
Route 33 :  302 401 802 329 901 260 760 435 829 935 366 365 131 866 865 631 316 499 999 816
Route 34 :  180 287 787 680 468 353 968 853 403 359 903 436 936 487 859 987 500 489 1000 989
Route 35 :  292 384 237 792 884 448 737 411 911 948 220 332 832 720 354 72 854 389 572 889
Route 36 :  413 410 910 913 120 620 215 192 692 715 57 238 557 738 286 52 209 786 552 709 117 617
Route 37 :  370 870 134 434 634 934 138 93 638 393 593 154 893 163 663 654 250 67 442 750 567 942
Route 38 :  327 395 217 827 717 895 53 345 845 553 202 386 702 450 950 427 886 420 927 920
Route 39 :  300 123 623 800 414 432 932 914 455 955 253 144 195 695 753 644 189 357 857 689
Route 40 :  84 30 584 382 530 325 825 882 248 283 748 424 924 783 115 430 323 615 930 823
Route 41 :  83 379 583 879 295 49 277 549 795 777 480 326 298 980 826 798 310 810
Route 42 :  331 831 33 381 881 273 773 533 446 223 313 813 946 417 438 917 723 938
Route 43 :  296 247 747 796 13 318 513 59 818 559 179 679 361 342 861 842 16 378 516 878
Route 44 :  15 515 125 419 625 196 368 919 696 868 46 355 546 206 706 855 471 971
Route 45 :  228 69 278 728 569 778 466 252 344 752 966 844 8 233 733 36 508 536
