Instance name : poa-n400-4
Authors : Simen T. Vadseth, Henrik Andersson, Jean-Francois Cordeau and Magnus Stålhane
Date : 24.06.2023
Reference : TBA
Solution
Route	1 :  160 147 360 347 37 53 253 237 173 73 373 273 142 342 14 214 32 172 372 161 232 361
Route	2 :  108 85 308 285 191 194 391 394 125 325 188 388 81 281 47 129 247 25 329 36 236 225
Route	3 :  113 26 226 313 193 393 95 295 66 266 10 210 163 170 370 132 363 2 202 332
Route	4 :  5 205 159 359 93 293 8 48 208 248 134 334 116 316 146 346 185 178 378 385
Route	5 :  148 348 30 164 230 364 165 118 318 365 79 279 86 286 11 211 145 187 345 387
Route	6 :  149 39 349 239 151 107 351 307 180 380 104 114 101 314 304 301 80 92 280 292 182 382 68 268
Route	7 :  115 315 181 72 381 272 156 192 392 356 59 259 57 50 250 184 257 384 103 303 117 317
Route	8 :  88 84 288 284 22 222 122 144 322 344 139 140 340 339 109 309 111 311 49 249 91 291
Route	9 :  126 55 326 133 333 255 67 267 157 357 176 34 376 234 44 244 177 77 277 377 33 233
Route	10 :  54 167 254 63 367 179 263 379 40 9 209 240 69 169 269 369 82 200 282 400
Route	11 :  45 24 224 15 245 215 27 227 124 324 137 337 153 353 94 294
Route	12 :  186 386 28 150 228 350 56 256 6 206 123 323 17 217 195 395 78 100 300 278 13 213
Route	13 :  171 371 183 99 299 155 383 29 90 229 110 290 310 355 3 141 203 341 112 105 305 312
Route	14 :  174 51 374 251 143 21 221 343 20 220 158 166 358 58 258 366 198 12 212 398
Route	15 :  74 98 298 274 189 35 235 389 175 70 375 97 270 297 41 199 399 241 121 197 321 397
Route	16 :  75 138 275 338 135 4 335 204 42 242 64 264 23 102 302 223 190 61 390 261
Route	17 :  120 96 296 320 38 19 238 76 276 71 219 136 131 336 62 271 331 16 216 262 127 327
Route	18 :  18 83 218 283 162 362 119 31 319 231 154 354 168 1 368 201 87 7 287 207 60 260
Route	19 :  128 328 52 196 396 106 306 152 252 130 330 352 43 243 89 46 289 65 246 265
