Instance name : poa-n2000-5
Authors : Hiermann, G. and Schiffer, M.
Date : 2024-04-30
Reference : arXiv:2405.00230
Solution
Route 1 :  143 398 309 1309 556 203 1203 1143 1556 488 1488 9 219 1009 753 1753 1219 803 1803 947 323 1947 1323 1398
Route 2 :  990 500 318 280 1500 1318 1280 1990 630 1630 785 741 1785 1741 182 111 1182 666 1111 1666 675 840 1675 1840
Route 3 :  110 1110 768 612 1768 1612 604 180 229 1604 1180 420 1229 1420 218 1218 733 1733 17 385 1385 1017 682 1682
Route 4 :  133 819 1133 691 1819 1691 489 907 1489 518 13 1907 1013 998 1998 524 1524 948 592 1948 1592 1518
Route 5 :  984 361 1361 751 891 1751 603 1984 491 1603 1491 303 789 1303 1789 624 1624 1000 1891 51 2000 1051
Route 6 :  872 1872 272 281 1272 1281 363 1363 972 61 1972 1061 792 141 1141 1792 795 1795 833 1833 944 1944
Route 7 :  976 105 1976 857 1857 1105 791 669 1791 634 1669 1634 744 655 1655 1744 601 446 1601 747 1747 1446
Route 8 :  321 1321 345 1345 454 566 1454 1566 84 508 700 1084 1700 1508 71 391 234 1071 1234 1391 852 1852
Route 9 :  210 343 1343 1210 130 204 1204 1130 268 810 1810 1268 501 517 1501 1517 195 973 1195 1973 988 1988
Route 10 :  55 577 1055 1577 220 434 1220 1434 681 676 1681 844 235 662 1235 1662 1676 449 1844 1449 848 1848
Route 11 :  959 37 1037 870 1870 1959 184 263 1184 1263 342 5 1342 609 1005 503 1503 1609 156 1156 709 1709
Route 12 :  410 347 1410 1347 296 1296 553 1553 249 1249 954 44 1954 1044 821 297 1821 1297 967 883 1883 1967
Route 13 :  941 573 1573 6 1006 107 1107 113 335 1113 813 1335 1813 732 1941 1732 298 1298 894 1894 457 1457
Route 14 :  242 123 1242 1123 160 561 1160 165 1165 1561 157 1157 497 1497 230 293 1293 1230 189 433 1189 1433
Route 15 :  771 481 1771 313 1481 1313 85 978 1085 479 1479 1978 863 934 1863 1934 849 752 1752 1849 757 1757
Route 16 :  895 1895 179 1179 730 869 1730 1869 129 1129 903 1903 282 924 1282 847 1924 1847 53 755 1053 1755
Route 17 :  790 963 528 1790 1963 199 1528 843 1199 759 1843 1759 516 88 1516 1088 100 866 1866 451 1100 1451
Route 18 :  886 620 1620 1886 56 87 845 1056 369 1845 1369 45 677 1045 1677 818 1087 288 1818 1288 525 1525
Route 19 :  658 1658 198 371 1198 980 1980 660 1660 1371 378 168 1378 1168 495 831 1495 1831 742 571 1571 1742
Route 20 :  613 370 1613 1370 134 1134 832 654 244 1654 1832 1244 614 582 823 1582 1823 1614 436 306 1436 1306
Route 21 :  57 626 935 1935 101 1057 1101 737 431 1737 404 1431 392 1404 1392 247 95 1247 1095 108 1108 1626
Route 22 :  996 355 945 1996 1945 977 1977 1355 812 197 228 1812 1197 1228 271 460 1460 326 1271 1326 951 1951
Route 23 :  429 1429 498 918 1918 1498 912 358 1912 1358 132 1132 754 418 1418 212 1212 1754 769 1769
Route 24 :  406 961 1406 674 765 1961 1765 1674 161 1161 390 1390 357 569 1357 1569 575 1575 262 444 1444 1262
Route 25 :  952 462 594 1952 80 1462 1594 1080 351 1351 778 1778 458 299 1458 1299 873 492 1873 308 1492 1308
Route 26 :  98 504 1098 705 1504 864 167 1864 1167 932 670 1932 33 1670 307 1033 1307 1705 706 783 1706 1783
Route 27 :  636 285 1636 568 1285 1568 461 314 1314 1461 396 904 1396 1904 923 474 1923 1474 982 955 1982 1955
Route 28 :  289 595 1595 470 1289 1470 453 26 1453 719 1026 905 1719 703 1905 468 1703 720 567 1468 1567 1720
Route 29 :  68 1068 277 279 1277 739 1279 1739 102 191 746 1102 1191 1746 743 1743 987 1987 215 546 1215 1546
Route 30 :  867 1867 81 136 226 1081 1226 1136 724 600 1600 1724 135 1135 283 736 1283 1736 72 1072
Route 31 :  671 638 1671 1638 797 969 1797 1969 301 1301 965 533 1965 1533 926 1926 338 960 1338 1960 150 1150
Route 32 :  586 953 1586 1953 902 701 1902 1701 537 435 1537 1435 238 35 635 1238 1635 1035 469 815 1469 1815
Route 33 :  466 930 1466 1930 221 365 1221 1365 155 194 939 1194 1155 1939 860 871 1871 1860 349 1349 377 1377
Route 34 :  807 1807 643 805 1805 114 1643 1114 200 794 1200 411 1794 1411 315 1315 332 610 1610 1332 570 1570
Route 35 :  116 1116 991 828 1991 231 1231 1828 937 919 1937 644 476 1919 1644 552 1476 1552 122 1122 337 1337
Route 36 :  147 685 1685 1147 606 374 1606 1374 804 555 1804 940 1555 1940 399 459 67 1399 1459 822 1067 1822
Route 37 :  49 1049 882 1882 898 401 1898 1401 437 1437 591 52 1591 1052 523 729 1729 442 1523 1442
Route 38 :  688 1688 522 725 1522 1725 19 787 1787 1019 826 1826 723 1723 124 177 1177 1124 424 471 1424 1471
Route 39 :  239 193 702 1239 1193 192 1702 1192 467 1467 585 1585 82 115 1082 1115 336 581 1581 1336 885 1885
Route 40 :  483 1483 665 104 28 1665 1028 1104 877 767 1767 1877 728 1728 478 328 1478 647 1328 1647 455 1455
Route 41 :  913 761 1913 1761 750 1750 139 590 1139 350 1350 1590 908 964 1964 1908 140 766 1140 1766
Route 42 :  509 353 1509 1353 652 311 1652 1311 419 651 1419 1651 897 717 1717 1897 362 62 1062 1362
Route 43 :  40 428 1040 1428 245 1245 11 1011 502 925 1502 1925 7 711 1711 1007 762 14 1762 1014 827 1827
Route 44 :  693 734 1693 1734 589 1589 842 538 699 1842 1538 456 1699 1456 672 106 1672 1106 950 811 1950 1811
Route 45 :  412 96 1096 1412 89 319 956 1319 1956 1089 850 1850 993 550 1550 1993 519 1519 99 1099 521 1521
Route 46 :  330 1330 995 1995 680 331 1680 154 510 1331 1510 1154 432 1432 253 1253 329 1329 250 622 1250 1622
Route 47 :  667 275 1667 1275 487 806 1806 1487 103 1103 968 1968 906 1 1001 1906 999 1999 389 1389 536 1536
Route 48 :  992 166 1166 1992 543 540 78 1078 621 1540 1543 287 1621 402 1287 1402 480 1480 183 227 1183 1227
Route 49 :  441 958 1441 1958 317 395 1317 579 1579 1395 764 83 816 1816 1083 29 1029 1764 304 1304 856 1856
Route 50 :  994 64 1064 851 1994 694 1851 1694 499 997 1499 646 1997 527 1527 1646 241 1241 63 1063
Route 51 :  186 1186 15 201 1015 1201 547 1547 188 1188 714 1714 208 438 1438 1208 405 1405 748 718 1718 1748
Route 52 :  302 542 1302 354 1542 1354 943 1943 835 346 1835 1346 985 802 774 1802 144 1774 1985 164 1164 1144
Route 53 :  738 1738 137 1137 780 266 1266 653 1780 1653 34 1034 629 1629 388 631 1388 312 1631 190 1190 1312
Route 54 :  505 548 1505 465 1548 1465 386 529 1386 563 1529 1563 650 837 1837 485 1650 1485 713 1713
Route 55 :  745 1745 222 1222 692 1692 602 1602 625 690 1625 206 1690 264 1206 224 776 1776 1264 1224 559 1559
Route 56 :  70 472 1070 1472 261 372 1261 1372 825 439 1825 1439 205 415 1415 1205 979 1979 10 463 1010 1463
Route 57 :  887 496 1887 1496 884 1884 740 464 1464 4 1740 564 1564 1004 535 69 1535 1069 707 32 1707 1032
Route 58 :  269 1269 387 1387 408 749 1408 1749 254 1254 158 427 1427 1158 172 1172 814 710 1710 1814 861 1861
Route 59 :  112 1112 232 1232 770 862 1862 760 1770 1760 735 1735 207 640 1207 1640 678 784 1784 946 1678 1946
Route 60 :  611 368 1368 534 1611 1534 185 77 875 1185 243 1875 1077 1243 450 86 817 1086 1450 1817
Route 61 :  596 1596 580 348 1348 892 1892 1580 211 820 1820 798 1211 809 1798 1809 145 383 1145 1383 109 1109
Route 62 :  565 1565 584 1584 520 758 1520 683 1758 1683 858 931 1858 367 1931 1367 341 1341 637 1637 514 1514
Route 63 :  900 400 1400 1900 260 1260 801 854 1854 1801 781 300 1781 1300 128 917 1917 119 1128 1119
Route 64 :  375 54 1375 1054 511 8 397 1511 1008 1397 986 608 1608 1986 333 126 1126 1333 901 1901
Route 65 :  545 494 1494 916 1916 1545 921 248 1921 639 1248 1639 16 1016 782 544 1544 859 1859 1782
Route 66 :  97 933 176 1933 1097 1176 216 24 1024 641 1216 910 1910 1641 246 376 1246 1376 39 1039 426 1426
Route 67 :  889 407 971 1889 1971 1407 513 75 1075 3 1513 1003 727 855 1855 1727 888 779 1888 1779
Route 68 :  615 20 1615 632 1632 1020 484 1484 587 583 1587 551 1551 1583 409 394 1394 414 1409 1414 138 1138
Route 69 :  915 79 1079 1915 50 558 1558 142 1142 48 578 1048 1578 512 1050 305 1512 181 1181 1305
Route 70 :  482 448 1482 695 1448 531 1695 1531 445 1445 324 788 773 1788 1773 1324 661 217 1661 1217
Route 71 :  117 936 1117 251 1251 1936 656 214 896 1896 1214 1656 360 1360 366 1366 273 373 1273 1373
Route 72 :  574 576 1574 648 1648 1576 257 295 1295 1257 12 384 1012 267 1384 169 1267 93 1169 1093
Route 73 :  928 1928 187 173 1173 922 1187 1922 416 1416 422 663 174 1422 1663 1174 560 1560 756 686 1756 1686
Route 74 :  881 618 1618 364 657 1364 605 1657 1605 443 1881 1443 879 911 1879 1911 21 880 1021 1880
Route 75 :  379 962 381 1379 1962 31 659 1031 1659 824 938 1824 178 1381 393 1178 1393 152 1938 1152
Route 76 :  597 236 1597 1236 382 18 1382 1018 507 1507 417 1417 170 2 1002 1170 58 1058 598 1598
Route 77 :  284 1284 233 1233 447 148 1447 808 1808 1148 627 322 43 1627 1322 1043 715 617 1715 1617
Route 78 :  909 1909 530 704 1704 1530 830 532 1532 1830 425 292 1425 1292 356 1356 853 127 1853 1127
Route 79 :  94 1094 673 1673 320 42 1320 1042 274 452 1274 413 1413 1452 380 1380 352 515 1515 1352
Route 80 :  836 949 1836 1949 65 38 1038 1065 697 1697 73 975 1073 1975 252 334 1252 1334 865 796 1865 1796
Route 81 :  541 1541 645 477 1645 225 1477 1225 237 121 1121 1237 957 1957 607 562 1607 974 1562 1974
Route 82 :  286 890 1286 1890 163 423 1163 679 1423 1679 777 490 1777 893 1490 1893 175 359 1175 1359
Route 83 :  868 430 1868 1430 151 1151 276 1276 118 989 1118 793 1793 1989 966 475 1966 1475 23 1023 22 1022
Route 84 :  588 1588 716 1716 593 1593 325 557 1325 1557 970 294 1970 1294 572 1572 473 1473 90 1090 92 1092
Route 85 :  763 1763 838 1838 599 46 1046 1599 27 878 1027 421 1878 1421 649 223 1223 1649 149 202 1149 1202
Route 86 :  209 240 1240 74 1209 1074 664 1664 159 30 1159 1030 125 619 1619 1125 799 259 1799 1259
Route 87 :  59 1059 539 628 1539 983 1628 839 278 1983 1839 1278 340 1340 981 1981 506 1506 258 1258
Route 88 :  914 775 1914 339 1339 1775 846 1846 829 684 1684 256 1829 291 1291 344 1344 1256
Route 89 :  731 1731 722 876 1722 549 1549 1876 41 1041 687 1687 171 1171 642 25 1025 1642 927 1927
Route 90 :  265 696 1696 1265 929 800 1800 920 1929 1920 403 91 1091 131 1403 1131 213 1213 47 1047
Route 91 :  942 1942 486 120 623 1120 1623 721 1486 1721 196 290 1196 1290 899 493 1899 1493
Route 92 :  255 1255 310 153 1310 772 1153 1772 841 1841 76 834 270 1834 708 1708 1270 1076
Route 93 :  327 60 1060 1327 146 698 1698 66 1146 1066 726 526 1526 1726 554 316 1316 1554
Route 94 :  786 1786 440 712 1440 1712 36 616 689 1036 1689 1616 633 162 1162 1633 668 874 1874 1668
