Instance name:	poa-n1000-2
Authors:		Carlo Sartori and Luciana Buriol
Date:			2019-2-11
Reference:		A matheuristic approach to the PDPTW (to be submitted)
Solution
Route 1 : 264 331 764 831 350 185 850 685 143 80 580 124 643 244 624 286 744 786
Route 2 : 311 210 811 710 184 372 13 872 684 198 513 59 698 559 249 85 585 749 5 173 505 673
Route 3 : 62 296 562 161 661 796 261 263 763 761 148 91 229 591 648 729 183 394 323 894 683 823
Route 4 : 346 401 901 90 590 299 846 340 799 840 114 216 716 241 614 22 741 103 522 297 797 603
Route 5 : 314 11 814 388 511 279 402 888 779 53 345 845 553 902 46 170 546 670 315 158 815 658
Route 6 : 177 410 910 336 677 338 201 836 838 82 582 701 280 348 780 848 96 213 596 713 32 532
Route 7 : 12 247 255 747 755 512 377 318 321 877 359 821 818 859 417 55 151 917 651 555
Route 8 : 224 724 139 199 699 639 301 351 851 360 313 801 813 860 132 107 632 422 922 607
Route 9 : 30 35 535 530 285 785 38 130 73 573 538 630 160 214 387 660 714 423 887 923
Route 10 : 42 28 542 528 432 932 215 277 777 715 155 110 655 97 597 610 26 141 641 24 526 524
Route 11 : 327 325 217 825 827 717 403 429 929 903 436 936 431 88 588 218 931 718
Route 12 : 92 180 592 330 174 830 680 320 674 43 293 820 543 793 225 386 328 886 725 828 438 938
Route 13 : 153 444 653 944 75 434 182 138 934 682 638 575 248 404 748 48 904 385 885 548 420 276 920 776
Route 14 : 137 396 896 292 58 792 558 172 168 672 668 220 283 637 163 663 783 720 364 445 864 945
Route 15 : 398 54 898 120 554 165 620 192 692 665 47 347 547 308 847 452 171 808 671 952 274 774
Route 16 : 287 108 787 305 608 18 518 166 666 805 455 955 253 195 695 312 753 245 812 745 187 415 915 687
Route 17 : 227 349 727 212 1 501 849 712 459 959 2 63 563 449 309 502 949 290 809 790 118 45 618 545
Route 18 : 460 960 266 329 260 766 760 435 829 935 365 288 131 788 865 631 52 209 552 709
Route 19 : 324 407 169 824 669 907 411 448 188 948 911 688 332 375 832 875 442 463 942 149 963 649
Route 20 : 19 430 134 382 278 634 882 778 466 116 616 966 128 221 628 721 86 930 586 519
Route 21 : 39 539 467 967 256 176 756 197 697 191 676 367 691 433 933 867 66 369 869 566 7 71 571 507
Route 22 : 291 111 791 31 343 843 418 531 611 918 94 235 470 735 970 447 947 594 357 222 208 708 722 857
Route 23 : 100 15 515 600 140 77 374 577 640 113 874 613 25 450 525 427 950 453 927 953 471 971
Route 24 : 302 802 237 135 68 635 472 737 568 200 700 104 972 204 14 514 704 604 115 615 101 601
Route 25 : 122 259 622 759 419 196 242 742 696 919 157 657 366 454 866 289 954 789 333 473 833 973
Route 26 : 84 474 974 584 271 269 769 246 746 771 239 739 252 105 605 178 752 678 354 72 854 389 572 889
Route 27 : 379 879 353 49 853 549 37 537 275 475 975 775 16 378 516 878 36 536
Route 28 : 457 370 957 870 190 50 690 476 550 976 465 98 965 270 598 136 636 770 342 339 842 839 462 962
Route 29 : 78 578 477 381 468 881 977 968 93 393 593 251 262 893 751 762 236 736 358 399 858 899
Route 30 : 317 306 41 817 541 806 106 181 606 681 57 326 480 557 298 980 826 798
Route 31 : 437 937 481 29 392 981 529 119 619 892 156 207 707 238 656 265 738 765 21 304 521 804
Route 32 : 87 4 142 504 587 642 337 121 837 272 621 772 416 391 916 891 482 20 129 982 629 243 520 743
Route 33 : 483 983 219 258 64 719 373 564 873 145 758 412 645 912 3 371 503 76 871 334 576 834
Route 34 : 226 81 147 581 186 726 230 686 730 56 556 193 647 693 362 99 599 486 986 862 406 906
Route 35 : 341 127 841 627 33 164 664 533 9 509 202 150 702 390 408 650 890 908 489 989
Route 36 : 284 126 61 626 784 133 561 456 633 89 240 956 154 589 490 740 990 79 654 189 579 310 689 810
Route 37 : 300 123 623 800 414 295 914 491 795 6 506 303 991 355 803 855 34 117 617 534
Route 38 : 109 395 609 69 569 895 234 492 992 254 734 754 461 231 211 961 731 440 711 940
Route 39 : 112 322 612 822 44 488 988 441 544 941 493 40 993 540 152 159 361 652 659 451 861 194 951 694
Route 40 : 282 223 782 268 51 768 273 773 551 380 281 781 484 984 880 65 494 994 146 356 565 856 646 723
Route 41 : 495 125 625 995 10 510 167 352 667 335 852 424 924 205 835 363 705 863 233 95 595 733
Route 42 : 70 570 294 74 257 574 757 443 496 943 175 996 794 144 344 675 844 8 405 644 905 319 508 819
Route 43 : 267 767 383 883 384 485 884 400 985 464 900 232 376 876 964 732 497 428 997 928 67 250 750 567
Route 44 : 83 228 728 583 469 60 969 560 439 498 998 425 939 206 706 925 203 397 897 703
Route 45 : 479 17 979 27 517 527 102 23 523 409 368 602 909 868 179 679 421 921 499 316 999 816
Route 46 : 413 478 978 426 913 926 162 446 662 307 946 807 487 987 500 1000 458 958
