Instance name : poa-n5000-3
Authors       : Dmitriy Demin, Mikhail Diakov (msd@veeroute.com), Ivan Ilin, Nikita Ivanov, Viacheslav Sokolov (vs@veeroute.com) et al. VRt Global (https://veeroute.com/)
Date          : 2023-04-24
Reference     : veeroute.com
Solution
Route 1 : 818 47 3318 2547 2473 2432 4973 4932 959 967 1190 3459 3690 3467
Route 2 : 613 112 1046 3113 3546 2612 970 9 2398 2509 4898 870 3470 1944 4444 3370
Route 3 : 2087 1305 3805 1119 1751 3619 4251 736 1256 207 572 3072 3236 2707 541 1189 3041 4587 3756 175 3689 2675
Route 4 : 2321 1573 1919 1563 4419 4821 4063 2237 4073 141 1127 2641 4737 2424 2301 3627 4924 4801
Route 5 : 958 2093 2064 3458 4593 4564 956 3456 1364 930 3864 3430 360 59 252 2860 2559 426 2926 2752
Route 6 : 2463 1877 4377 4963 1866 2381 4366 2372 4881 4872 344 1128 117 2844 3628 2617 753 3253
Route 7 : 2500 2449 5000 2225 1968 4725 4949 789 1672 4468 3289 4172 1636 1630 79 4130 2579 4136
Route 8 : 1029 170 2397 1481 3981 2670 3529 4897 1862 519 1613 1348 2051 4113 4362 4551 3848 3019
Route 9 : 1177 1193 3677 1263 1442 3693 3942 77 1108 3763 3608 2197 2577 581 4697 56 1666 3081 4166 2556
Route 10 : 160 1400 672 3900 1763 3172 2660 2124 4263 809 172 4624 1735 3309 627 4235 2672 3127
Route 11 : 1616 821 1472 3321 4116 3972 1501 916 4001 1224 1204 3416 1798 2015 3724 3704 4515 4298
Route 12 : 136 2636 134 555 2634 1946 4446 1474 720 3055 3974 694 96 3220 2596 402 3194 2902
Route 13 : 1688 4188 610 3110 1650 585 4150 3085 660 589 357 3160 2857 662 1246 3162 3089 3746
Route 14 : 1829 359 1433 4329 979 2859 3933 3479 1653 327 758 4153 3258 1079 287 236 2827 3579 2736 2787
Route 15 : 2138 1678 4638 325 1748 4178 161 4248 2825 429 1082 3582 2661 2929
Route 16 : 414 1525 178 2678 595 4025 2914 2075 1875 3095 4575 4375
Route 17 : 226 838 3338 337 213 2726 2837 2713 62 559 987 3059 2562 1395 631 1929 4429 3487 3895 3131
Route 18 : 1904 4404 2192 1618 4118 4692 1288 1135 211 3788 2711 1153 739 3635 1740 3653 4240 3239
Route 19 : 1785 2458 2429 4285 4929 4958 628 1611 3128 699 3199 2241 2354 4741 4111 4854
Route 20 : 664 1182 3164 72 3682 2572 410 1057 2910 1436 3557 3936 1397 542 3042 3897 765 1945 4445 3265
Route 21 : 2380 1158 1956 4456 3658 4880 813 400 1659 1997 3313 2900 304 4159 4497 2804
Route 22 : 168 2668 612 330 3112 643 719 686 3143 3186 1456 3219 1623 2442 3956 4942 4123 2830
Route 23 : 335 2835 615 3115 1920 932 1836 3432 91 499 4336 2591 4420 319 2999 181 1948 4448 2681 2819
Route 24 : 149 2649 1360 2252 3860 4752 2240 156 1821 1731 2656 4740 4321 877 4231 1848 1551 4348 3377 4051
Route 25 : 2027 2280 2307 4780 4527 4807 2156 4656 525 208 887 1837 2708 1291 3387 3791 4337 3025
Route 26 : 1198 3698 265 1068 3568 2765 1194 1140 3694 864 3640 2003 3364 4503
Route 27 : 964 1827 138 1938 4327 3464 4438 176 356 2638 2676 2856 561 2445 3061 4945
Route 28 : 1942 1267 4442 2284 4784 2275 3767 1349 961 192 4775 3849 587 3461 2692 976 947 3087 3476 3447
Route 29 : 1690 1448 3948 249 2749 508 3008 4190 2479 1658 191 1278 4979 4158 3778 2691 2318 4818
Route 30 : 1736 1695 4195 4236 852 2378 4878 1712 632 3352 3132 772 4212 875 1639 3272 147 2647 4139 3375
Route 31 : 893 1078 1352 3852 3393 3578 434 2195 1002 2934 785 3502 4695 3285 36 92 2592 2536
Route 32 : 1802 339 2839 2427 4927 1864 4302 1937 1162 4437 3662 2057 4364 1133 4557 2178 728 4678 3633 3228
Route 33 : 797 1885 4385 3297 292 1446 2493 2792 3946 1402 757 3902 4993 2149 2413 4649 3257 4913
Route 34 : 153 811 2653 3311 1911 1824 4411 4324 1609 4109 1508 197 4008 2697 130 209 2709 2630
Route 35 : 2155 663 4655 1129 39 3163 3629 2539 1475 1727 4227 1778 3975 1996 1392 4496 4278 3892
Route 36 : 2218 998 415 4718 1477 1491 2915 3977 3498 1776 3991 4276 2233 1578 266 2766 4078 4733
Route 37 : 1789 2220 2315 4815 4289 4720 364 2864 1883 317 1132 1183 4383 2817 1221 1187 3683 3721 3632 3687
Route 38 : 1954 1071 4454 1652 679 3571 4152 3179 272 564 731 1137 3231 3064 2772 2128 3637 4628
Route 39 : 1631 524 3024 4131 1502 1917 4002 4417 618 1608 2254 1047 3118 1844 4108 4754 4344 3547
Route 40 : 115 301 2615 1347 2801 3847 1080 348 1040 2848 3540 1215 290 3580 764 341 2790 3715 2841 3264
Route 41 : 2032 2205 4532 437 2937 2491 4705 282 4991 2001 2782 4501
Route 42 : 2257 2127 4757 2244 4744 1340 3840 4627 755 607 1610 3255 775 3107 3275 4110
Route 43 : 2081 183 1484 4581 2683 2018 3984 2311 4811 2274 4518 1565 4774 4065
Route 44 : 905 2444 3405 867 121 3367 4944 2105 2621 1471 1304 2387 4605 3804 4887 3971
Route 45 : 1262 842 3762 3342 606 725 986 3106 594 3486 945 3225 1743 3445 2250 3094 4243 4750
Route 46 : 1403 3903 2158 2009 1857 4509 4357 4658 962 3462 2086 1180 2361 4861 3680 4586
Route 47 : 1466 3966 2008 2434 4934 1483 2040 4508 122 3983 2622 4540 1100 968 3600 2346 3468 4846
Route 48 : 800 1300 529 1157 3300 3029 2264 4764 577 3077 3657 1973 1693 1381 4193 3881 4473 3800
Route 49 : 511 3011 705 495 2995 2099 1425 3205 3925 4599 451 28 1050 781 3550 2528 2951 3281
Route 50 : 376 2876 1582 503 3003 42 4082 876 637 2542 3376 1873 194 2694 4373 3137 2324 4824
Route 51 : 653 15 2515 421 2279 2921 4779 3153 505 1645 2065 4145 1506 3005 4565 2219 4006 4719
Route 52 : 230 2730 2020 993 1514 4520 3493 89 4014 1044 1213 2589 3713 1036 3544 1045 3536 3545
Route 53 : 188 2296 1765 4265 2688 4796 1569 1511 777 4069 4011 3277 835 473 1239 3335 2973 670 3739 3170
Route 54 : 2118 4618 131 1500 4000 2053 2631 1934 4553 4434 899 3399 927 1049 3427 2391 3549 4891
Route 55 : 1638 1721 4138 4221 1172 570 3070 3672 2080 1819 1240 3740 4319 4580
Route 56 : 1910 4410 796 1892 4392 1186 3296 374 1602 4102 3686 1684 338 2874 4184 2838
Route 57 : 1711 2359 2371 2147 4211 4871 4859 4647 1021 1386 3521 1526 552 4026 3886 1136 270 3052 3636 2770
Route 58 : 2041 1 1371 1581 3871 4541 2501 4081 897 3397 1423 1764 3923 2042 1983 4264 4483 4542
Route 59 : 2222 4722 1075 1148 3575 1464 3648 248 16 2748 2516 3964 565 1600 3065 4100
Route 60 : 1131 1607 1201 3701 3631 2335 4107 439 443 1895 2939 1767 4835 4267 4395 2480 2943 4980
Route 61 : 1984 2287 1890 619 4390 2325 4484 4825 4787 2006 3119 2148 4506 4648
Route 62 : 1146 1869 3646 1812 4312 1166 4369 2313 4813 3666 2104 2034 2119 4604 4619 4534
Route 63 : 1754 1443 2333 4833 3943 4254 1972 1222 972 4472 2355 4855 3472 2137 1543 4043 3722 4637
Route 64 : 1378 3878 214 583 2714 743 3083 32 407 3243 629 2532 1076 1626 2907 3576 4126 3129
Route 65 : 273 310 2773 2810 286 465 2786 1065 1179 2965 1487 3565 1316 369 3816 3679 2869 3987
Route 66 : 2299 1007 4799 223 3507 1159 486 921 2723 3421 2986 1143 1668 3643 8 3659 1116 3616 4168 2508
Route 67 : 493 997 2993 3497 771 289 101 3271 1053 2789 1792 2601 3553 2084 2401 4292 4901 4584
Route 68 : 2072 4572 190 75 2575 1579 83 2583 2690 4079 2030 1546 483 4530 4046 1505 2983 4005
Route 69 : 1550 4050 389 1104 3604 2367 2889 2055 1999 4499 2471 4867 4555 4971
Route 70 : 167 752 3252 2667 794 1545 1478 4045 3294 2305 854 1746 371 4805 3978 2871 4246 3354
Route 71 : 1759 4259 2247 4747 2047 1706 4206 2234 4547 2466 4734 2399 2395 4895 4966 4899
Route 72 : 918 1771 1175 4271 94 808 3418 2594 3308 827 3327 404 1362 1367 3675 2904 3862 3867
Route 73 : 843 2271 2302 4802 4771 2217 2317 2421 4717 4817 2132 1399 4921 3899 3343 4632 742 512 3242 3012
Route 74 : 1687 1394 3894 247 363 4187 2863 1313 3813 2193 1114 2747 1744 4693 3614 4244 114 1887 4387 2614
Route 75 : 539 826 3039 3326 1121 3621 874 580 2224 693 145 3193 3374 1980 3080 4724 2645 4480
Route 76 : 1801 2011 1009 3509 4511 4301 2202 2031 1354 4702 2117 2180 4531 3854 4617 4680
Route 77 : 754 509 3009 504 3254 1160 3004 3660 455 2016 372 2955 4516 2298 2173 4798 2872 641 4673 3141
Route 78 : 2340 4840 2190 4690 1359 52 1444 3944 2552 3859 1503 4003 707 3207
Route 79 : 903 1516 490 4016 1032 2990 1605 3 3403 3532 639 2503 3139 4105 30 2530 982 3482
Route 80 : 554 1067 582 3054 3082 3567 480 983 2980 697 1018 3483 1418 3197 793 3918 3293 3518
Route 81 : 556 636 3056 1375 3136 3875 1034 1081 34 3534 3581 2534 969 177 2389 4889 2677 3469
Route 82 : 482 2461 2450 2982 2400 4961 1810 4310 622 4950 3122 2476 4900 33 4976 2533
Route 83 : 2358 4858 996 269 567 3067 3496 2769 1592 845 143 2643 828 1560 1327 4092 3328 3345 4060 3827
Route 84 : 1476 142 1884 1846 2642 4384 3976 4346 1145 2435 1998 4935 4498 714 3214 1531 3645 4031
Route 85 : 1385 3885 314 591 3091 2814 1490 650 391 3990 2377 2891 1749 3150 543 3043 2215 4877 4249 4715
Route 86 : 1843 1831 4343 954 687 4331 3187 1958 264 116 2764 4458 1113 3454 2616 73 3613 187 569 2573 2687 3069
Route 87 : 680 1092 3180 412 3592 1589 257 2757 383 2912 4089 2177 2883 4677 1647 105 4147 311 2605 2811
Route 88 : 1010 624 673 3124 1350 3850 3173 3510 2049 4549 1220 45 1013 3720 938 3513 2545 3438
Route 89 : 1793 2309 748 1459 4809 1302 4293 3248 256 3959 3802 1604 2756 4104 1338 1794 3838 4294
Route 90 : 1797 4297 1122 1376 1091 2349 3622 4849 3591 3876 910 1329 3410 332 3829 1805 4305 2832
Route 91 : 240 1230 3730 2457 832 3332 2740 179 162 4957 1393 2679 2662 3893 2185 1596 4096 4685
Route 92 : 1522 963 4022 601 1663 4163 3101 3463 1055 1099 220 2720 1427 3555 3599 975 3927 3475
Route 93 : 2483 4983 685 2286 1225 309 3185 2036 2809 2336 4786 4536 3725 4836 2002 4502
Route 94 : 1358 224 1147 1156 2724 3647 3656 2255 3858 1309 634 3134 3809 1098 4755 3598
Route 95 : 1991 4491 1791 1155 1458 1897 4291 3958 4397 3655 2143 2068 4568 119 692 2619 427 4643 3192 2927
Route 96 : 1077 745 1567 4067 3245 3577 1363 768 3268 2194 971 3863 7 3471 4694 2507
Route 97 : 2056 4556 51 560 316 3060 2551 234 517 2816 184 2734 2684 3017
Route 98 : 1413 708 1469 1421 3208 3921 3969 148 3913 189 198 2648 2698 1714 2689 1296 4214 1011 3511 665 3796 3165
Route 99 : 943 2130 3443 1599 1345 1033 4099 4630 3533 1498 3845 977 3477 245 243 3998 2743 2745
Route 100 : 2044 4544 767 746 3267 49 726 74 3246 3226 869 2574 2549 915 1227 3727 3369 3415
Route 101 : 297 2797 1664 1564 4164 2088 2407 4907 4064 2033 4588 1568 4533 328 929 3429 2828 4068
Route 102 : 2238 87 540 1003 3040 4738 3503 2587 805 1562 2208 4708 4062 81 3305 1517 4017 2581
Route 103 : 1753 4253 836 735 1090 165 3336 3590 2013 1087 2665 3587 3235 4513
Route 104 : 1528 2306 1027 3527 2251 2487 4028 4806 4987 2111 2411 4751 4911 4611 386 305 2886 2805
Route 105 : 2472 4972 713 501 2070 1434 3001 3213 3934 206 336 2836 2706 4570
Route 106 : 2488 2282 4988 1281 4782 1716 2067 4567 3781 4216 1112 1553 3612 654 277 4053 2777 3154
Route 107 : 431 1435 132 762 3262 2931 730 2632 3935 212 3230 2712 1303 469 1940 3803 50 2969 1665 2550 4440 4165
Route 108 : 2046 2113 4546 2277 4613 1184 4777 682 2454 4954 3182 3684 2069 1014 737 1651 4569 3237 3514 4151
Route 109 : 2167 4667 1809 1876 4309 1993 4376 2261 4761 4493 1089 1795 294 2794 4295 3589
Route 110 : 1540 6 100 4040 2154 2506 2600 4654 1899 1307 1280 3807 885 4399 3780 3385
Route 111 : 464 298 1556 4056 2798 2061 163 1279 4561 3779 1696 340 2663 4196 2066 4566 2964 2840 819 3319
Route 112 : 440 1571 889 2940 158 4071 1317 3389 3817 1962 2658 4462 1060 698 825 3325 3560 3198
Route 113 : 1913 1154 4413 3654 1770 513 1521 4270 3013 2477 4021 4977 164 1761 4261 863 2664 3363
Route 114 : 1889 1619 2341 4119 4389 4841 1656 1860 1625 4125 4360 4156
Route 115 : 675 20 3175 280 1622 2520 1808 2780 4308 4122 1854 1507 1286 4354 3786 453 2953 4007
Route 116 : 1657 514 4157 3014 1226 2176 4676 3726 2091 544 4591 154 3044 558 994 3494 2654 3058
Route 117 : 1855 690 4355 933 1454 3433 3190 3954 822 1404 1415 3322 3904 3915
Route 118 : 2116 2106 1903 4606 2260 4403 4616 2269 4769 4760 1752 66 4252 1374 1283 3783 3874 2566
Route 119 : 2059 1547 271 2285 2771 2207 4047 4559 4707 4785 676 1115 3176 195 1197 3615 2695 3697
Route 120 : 1245 1901 3745 4401 1251 3751 1123 2323 2281 4823 3623 2456 2295 4795 4781 4956
Route 121 : 1682 1244 4182 3744 2206 702 2063 4706 4563 666 3202 1559 667 3166 3167 1074 4059 3574
Route 122 : 1217 1216 1277 3716 3717 779 3777 1867 782 2382 4367 3279 4882 773 1275 3273 3282 3775
Route 123 : 199 2433 4933 625 783 911 2699 3411 1710 3125 3283 1816 4210 2054 4554 4316
Route 124 : 536 2161 4661 1126 3036 2467 3626 4967 1110 352 2852 313 3610 2813 1577 1321 4077 3821
Route 125 : 1813 1628 1356 4128 4313 1001 2071 3856 3501 1332 398 740 4571 3832 3240 2898
Route 126 : 2443 2151 2174 4674 4651 2157 4943 2223 4657 2198 4723 4698 2327 2141 4641 1777 4827 4277
Route 127 : 2328 2203 4828 4703 2357 1342 4857 276 1960 3842 2776 2294 4460 1144 2058 3644 4558 4794
Route 128 : 1323 3823 873 3373 251 738 1041 3238 2256 2751 4756 2023 3541 1258 3758 4523
Route 129 : 1909 1931 4431 611 4409 3111 1293 1322 3793 3822 1888 751 4388 3251 2163 4663
Route 130 : 1987 4487 1151 487 2987 2329 3651 810 403 4829 1118 3310 2181 2332 3618 2903 4681 4832
Route 131 : 2100 1766 459 4600 2014 2959 4514 4266 2384 90 279 4884 2779 2590
Route 132 : 1820 1732 4320 4232 1685 700 4185 1705 2114 4614 2499 4999 3200 4205
Route 133 : 878 829 1965 4465 3329 3378 1891 4391 816 1772 498 3316 2998 318 1237 3737 4272 1440 2818 1072 3940 3572
Route 134 : 2266 2446 2322 4946 4766 4822 1391 494 2221 3891 4721 674 2994 1265 3765 3174
Route 135 : 695 2134 3195 900 596 4634 3400 21 2521 2121 3096 4621 1069 2043 2165 4665 4543 3569
Route 136 : 44 535 1852 2544 3035 1839 4339 2330 4830 4352 734 520 780 3020 3280 3234
Route 137 : 2353 65 2565 689 3189 1603 1457 4103 1453 4853 1518 3957 2402 3953 4018 4902
Route 138 : 1022 63 3522 1554 2563 1052 1218 3552 4054 2462 3718 528 1063 4962 3028 3563
Route 139 : 1431 24 2524 960 2396 4896 3931 2101 3460 4601 1426 1881 1787 4381 4287 3926
Route 140 : 1325 110 3825 2288 2610 492 4788 2992 729 2062 4562 157 3229 2657
Route 141 : 1598 343 4098 1932 4432 2843 204 345 2845 2452 1268 1692 3768 2704 4192 4952
Route 142 : 491 2991 2110 4610 1398 3898 727 238 3227 381 984 2738 2881 3484 2334 2201 1629 4834 4129 4701
Route 143 : 2097 4597 1125 3625 259 1357 2759 2474 4974 1774 716 4274 3216 3857
Route 144 : 60 2560 722 217 656 2717 3222 1035 616 38 3535 3116 3156 2538 308 1700 2808 1951 4200 4451
Route 145 : 718 1473 3973 1120 3620 1083 3218 3583 2362 922 657 4862 3157 2283 3422 4783
Route 146 : 1544 4044 2460 2005 1059 3559 4505 2373 4960 1847 215 4873 571 2715 4347 3071
Route 147 : 926 22 3426 1328 2522 3828 1449 1699 3949 814 1270 3314 4199 1790 3770 4290 1236 3736
Route 148 : 1419 113 1817 2613 3919 2189 4317 4689 1992 1335 216 3835 1452 3952 4492 2716
Route 149 : 831 1529 1828 4029 4328 3331 1669 2268 1673 1207 4169 4768 2079 3707 860 4173 3360 4579
Route 150 : 1861 1978 1366 3866 4361 917 4478 1961 4461 3417 1617 295 2795 599 4117 823 3099 3323
Route 151 : 1111 71 3611 1411 1287 2571 3787 2383 2209 3911 4883 2368 4709 2096 4596 4868
Route 152 : 1990 2182 4490 2276 4682 1299 4776 1679 1250 3750 3799 1601 1915 4415 4179 4101
Route 153 : 548 353 3048 1461 2853 3961 784 1750 1853 12 4250 2406 2512 3284 4353 4906
Route 154 : 2136 4636 2078 2265 1315 4578 894 4765 3815 1918 1373 3394 774 3873 4418 3274
Route 155 : 2146 1949 661 766 4646 3266 84 3161 696 4449 346 3196 2846 778 2584 584 3084 3278
Route 156 : 884 1830 3384 4330 1939 1814 1203 1409 4314 4439 2392 3703 1694 3909 4194 4892
Route 157 : 331 37 1084 3584 2537 677 1284 2831 3177 803 3784 1936 3303 2171 2405 4905 4436 4671
Route 158 : 69 2569 770 1209 3270 1661 2253 4753 1655 3709 4161 366 2866 880 4155 3380 965 1241 3465 3741
Route 159 : 1103 3603 891 1775 205 815 4275 3315 2162 3391 2705 597 1460 1051 4662 3097 3960 3551
Route 160 : 790 3290 467 2967 423 1519 1974 4474 2292 2923 4792 4019 1292 378 1930 4430 2878 3792
Route 161 : 1437 1196 3937 3696 638 1586 68 3138 2568 4086 1248 3748 1703 4203 684 1597 54 2554 4097 3184
Route 162 : 1583 1165 1038 4083 3665 139 1835 4335 2639 3538 457 18 1957 4457 2339 2957 2518 4839
Route 163 : 2374 2351 1988 4874 4488 2272 4851 2366 4866 4772 408 2123 4623 1768 2908 4268
Route 164 : 1308 1339 2440 3839 3808 4940 2486 2159 1324 4986 4659 3824 2153 1200 562 3062 3700 4653
Route 165 : 939 901 3401 1017 3517 3439 1432 1649 3932 760 1417 4149 225 3917 2725 3260
Route 166 : 575 2484 952 3075 2469 3452 4984 4969 474 2344 2974 70 4844 2570 2077 4577
Route 167 : 1314 446 2946 1012 2496 3814 420 3512 2920 4996 988 1621 4121 3488 64 497 2997 2564 633 3133
Route 168 : 2089 4589 1150 3650 1199 1614 2211 3699 2122 4711 4622 4114 2316 2319 2470 4816 4819 4970
Route 169 : 1515 1451 898 3951 2412 3398 4015 2343 4843 4912 855 475 923 3423 2416 2975 3355 4916
Route 170 : 1981 4481 1697 908 3408 4197 1943 1058 882 4443 1344 3382 3558 1922 4422 3844
Route 171 : 573 1977 3073 4477 1330 1739 4239 3830 2140 2017 659 1365 3159 4640 4517 3865
Route 172 : 1054 507 1020 3007 3554 3520 1445 1019 3519 2029 3945 13 1541 2513 4041 4529
Route 173 : 268 2142 788 4642 2768 3288 124 17 2517 1178 2624 14 3678 2514 526 299 3026 2799
Route 174 : 1422 3922 395 2895 355 2855 2000 4500 1455 155 3955 1499 2655 946 538 3038 3999 3446
Route 175 : 2152 4652 1005 444 1803 4303 3505 1202 1024 3702 3524 2944 1428 1290 1902 3790 802 3928 4402 3302
Route 176 : 1976 285 840 4476 3340 691 2785 1214 3714 452 1637 681 2952 4137 3191 620 3181 1935 3120 4435
Route 177 : 253 551 2370 3051 2753 108 4870 1686 406 4186 2906 2608
Route 178 : 904 1370 3870 1192 418 3404 2918 3692 1538 1896 1635 2045 4135 4038 2139 4396 4545 4639
Route 179 : 2408 4908 1713 468 759 2968 4213 3259 749 872 1463 3372 447 3249 1612 3963 2947 1537 4037 4112
Route 180 : 1513 151 769 4013 3269 2651 1318 3818 1558 776 4058 2415 2107 4607 3276 4915
Route 181 : 1301 1933 3801 1995 4433 4495 1470 173 1295 3970 3795 2673
Route 182 : 1094 1585 4085 3594 1208 817 1595 3317 4095 2236 2468 1832 4736 4968 3708 1745 4332 4245
Route 183 : 1306 647 3147 2312 3806 4812 416 362 43 2543 2862 2916 380 98 1654 2880 4154 2598
Route 184 : 1480 227 3980 2727 1255 1191 3755 2498 3691 2259 4998 200 593 4759 2700 3093 646 3146
Route 185 : 1555 931 3431 4055 1311 521 275 3021 2303 3811 4803 883 3383 2775 477 576 85 2585 3076 2977
Route 186 : 202 2263 2186 2702 1173 640 3140 4686 3673 644 3144 837 942 1026 3337 709 3526 3442 3209 609 3109 4763
Route 187 : 2304 2191 2278 4691 4804 2350 1073 791 4778 4850 3573 3291 1572 861 3361 4072
Route 188 : 1234 2150 4650 1465 3734 3965 2414 1206 203 4914 106 2703 2606 1588 3706 4088
Route 189 : 242 334 2742 2834 1205 1905 795 3705 4405 985 1509 3295 4009 2430 3485 4930
Route 190 : 912 3412 185 2685 1093 3593 1707 392 2892 1039 4207 3539 1006 1742 1967 3506 857 3357 4242 4467
Route 191 : 2052 2455 4552 4955 1725 1369 1698 4225 944 4198 2289 3869 1493 3444 3993 4789
Route 192 : 1779 1141 1138 4279 1859 3638 4359 3641 865 2422 3365 4922 2439 4939 255 2083 4583 2755
Route 193 : 476 306 399 2899 909 3409 2806 2976 1390 1310 1228 3810 3890 3728
Route 194 : 2050 4550 721 1510 3221 25 4010 531 2525 1387 3887 3031 1570 1379 4070 3879
Route 195 : 390 2489 4989 2890 193 201 2693 1320 460 2701 3820 2960 133 394 1782 2633 4282 2894
Route 196 : 1838 733 4338 3233 2245 2448 48 4948 4745 1249 2548 3749 1486 820 3320 3986 940 3440
Route 197 : 747 1447 3947 3247 515 2293 3015 222 4793 228 1587 4087 2722 95 2728 804 2595 3304
Route 198 : 278 1438 470 1701 2970 2778 3938 4201 1264 1497 3997 974 1681 3764 1285 1326 3474 3826 4181 3785
Route 199 : 127 991 3491 1042 706 1297 3542 2627 3206 3797 1591 4091 1523 1031 723 152 4023 2652 3531 3223
Route 200 : 824 1760 4260 1733 2160 488 2235 4233 4735 2988 4660 382 2169 862 642 2882 4669 3324 3142 3362
Route 201 : 1724 293 1372 4224 182 2793 879 3872 2682 3379 1233 866 3733 3366
Route 202 : 1223 41 2541 715 990 3215 3723 1728 10 2109 2216 4228 4609 4716 219 1229 3490 3729 2719 2510
Route 203 : 1729 4229 1542 1384 4042 566 3884 422 621 2 3066 2922 3121 2502
Route 204 : 1675 146 2646 1337 4175 3837 1926 807 871 4426 1841 3307 4341 1450 3371 3950 724 3224
Route 205 : 2133 76 411 4633 2576 1406 2911 171 3906 347 2671 578 2847 1893 4393 590 3078 489 2989 3090
Route 206 : 1825 2183 849 1269 4325 3349 1062 3769 1924 4683 479 3562 4424 2360 4860 1907 4407 2979
Route 207 : 1130 1912 3630 1781 1757 4257 4281 4412 1549 4049 244 315 2744 530 1416 3030 2815 3916
Route 208 : 1142 1152 302 2802 1298 3642 3798 3652 574 1615 31 4115 2531 3074 605 218 1914 4414 3105 2718
Route 209 : 1557 1908 19 4408 4057 1783 4283 2519 322 1361 710 2822 2464 3210 3861 4964
Route 210 : 550 1818 1088 4318 3050 1195 3588 995 365 2865 3495 3695 159 1272 1096 2659 3772 3596
Route 211 : 806 296 2796 1880 419 3306 2919 4380 1662 4162 1709 1667 4167 2345 4209 763 4845 3263
Route 212 : 2481 902 617 3402 4981 3117 1975 602 393 2342 2893 4475 4842 3102 1878 2073 4573 4378
Route 213 : 2028 2314 4528 4814 2436 2024 4936 2004 4504 2199 4524 2200 2431 4700 4699 4931
Route 214 : 2172 196 2451 2369 4869 4672 1401 2696 186 454 4951 2686 442 3901 2942 2954
Route 215 : 906 1168 925 3425 471 1950 3668 2971 630 2007 4450 3130 2356 547 3047 4507 4856 3406
Route 216 : 481 645 3145 1414 1061 2981 3914 1642 3561 1253 1260 3753 2420 4142 303 3760 4920 2803
Route 217 : 934 55 2242 2555 3434 1822 717 4742 4322 1708 3217 4208 1726 210 1000 4226 3500 2710
Route 218 : 231 2731 409 941 3441 1524 2909 2210 4024 385 260 2885 896 2760 3396 4710 2092 4592
Route 219 : 35 856 2535 1252 1823 4323 3356 2010 2331 3752 4510 2262 4831 4762 1257 3757
Route 220 : 1730 2337 4230 1539 323 4837 4039 1989 2823 4489 579 1947 104 3079 4447 2604
Route 221 : 1627 1289 3789 2164 4127 1755 1574 4074 4664 4255 2273 1842 1504 4773 4004 4342
Route 222 : 1167 333 1008 2833 761 3261 3667 2168 3508 232 2732 1389 235 4668 2735 3889
Route 223 : 1139 886 3639 1807 2310 86 3386 4307 1871 2586 174 1346 4371 2674 3846 4810
Route 224 : 1702 166 4202 2666 1341 1741 4241 3841 2131 326 2826 4631 1985 1680 4180 4485
Route 225 : 1496 1271 744 2364 3996 3244 3771 4864 129 1343 2629 1964 614 651 3114 3843 1312 4464 3151 3812
Route 226 : 957 103 2290 4790 2437 2603 3457 2485 2212 4985 4937 4712 1718 397 500 4218 2897 3000
Route 227 : 1430 1025 3930 847 58 3525 3347 1747 2558 537 233 1086 3037 2733 3586 2187 4687 4247
Route 228 : 448 1467 1633 2948 1979 3967 4479 4133 1925 546 239 2739 1273 4425 3773 3046
Route 229 : 405 704 283 3204 2376 140 2905 2640 2783 4876 655 549 3049 1161 626 1095 3155 3661 3595 3126
Route 230 : 2196 312 1043 2812 4696 109 3543 1722 2609 608 2038 4222 4538 3108 1850 510 4350 3010
Route 231 : 1535 4035 2478 4978 2492 2175 4992 1149 4675 250 3649 600 2750 741 3100 46 3241 2546
Route 232 : 1282 1689 2085 3782 4585 881 4189 3381 2352 2021 358 2858 2490 4521 4990 4852
Route 233 : 914 2102 3414 424 4602 2924 1336 799 321 3836 1952 2821 3299 2326 1575 4452 4075 4826
Route 234 : 2308 4808 518 756 955 3256 261 3018 1784 3455 2761 846 4284 834 3346 284 3334 953 3453 2784
Route 235 : 1231 812 1643 652 2394 3731 4894 4143 3152 1439 1420 438 3920 3939 3312 2938
Route 236 : 586 3086 523 2082 3023 120 1594 4582 4094 2620 137 1849 1232 2637 4349 3732
Route 237 : 93 463 2214 1788 4714 2963 4288 2593 2226 4726 1134 53 1377 2553 1169 3634 3669 3877
Route 238 : 2213 2090 4713 4590 2423 2438 4923 1963 4938 4463 2246 2035 1927 4746 4427 4535
Route 239 : 2108 839 1351 1646 4146 4608 2228 3339 3851 4728 111 920 989 2611 3420 3489
Route 240 : 841 1720 3341 4220 1660 1872 4372 2144 2026 4644 4526 4160
Route 241 : 801 2365 3301 4865 1815 1970 4470 4315 2388 4888 1800 150 4300 2650
Route 242 : 1424 1856 1495 1858 3924 4356 4358 3995 1780 545 1056 3045 3556 1266 4280 1235 1620 3766 4120 3735
Route 243 : 1953 516 4453 1786 603 3103 4286 3016 2447 4947 1683 1512 1834 4012 4334 1921 4421 4183
Route 244 : 1879 320 2404 4379 4904 2820 2409 1677 4909 1485 4177 787 1028 3985 3528 3287
Route 245 : 300 1796 4296 2800 324 1163 27 2527 2375 3663 2824 1407 1640 4875 703 4140 3203 3907
Route 246 : 1368 2338 4838 3868 2060 4560 1105 11 3605 1928 4428 1723 1274 2511 3774 1715 4223 4215
Route 247 : 1576 118 2267 2618 1527 1986 4076 4027 4486 935 1882 936 3436 3435 4767 4382
Route 248 : 2112 2243 425 2925 4612 2410 4910 4743 858 67 671 3358 2567 3171 417 1468 2917 3968
Route 249 : 1294 3794 180 2680 373 263 913 2873 3413 2763 1462 658 3158 592 1898 3962 3092 4398
Route 250 : 1520 688 445 4020 3188 2945 2459 948 907 4959 924 3407 3448 458 3424 1959 4459 2958
Route 251 : 2386 2232 4732 1070 4886 428 3570 123 2229 2928 2094 4729 1969 4469 527 4594 2623 1210 3027 3710
Route 252 : 387 2887 126 57 2557 2626 307 433 2933 450 2807 522 3022 980 3480 1243 2950 533 2098 3743 4598 3033
Route 253 : 1238 23 1015 3515 2103 2523 3738 4603 413 604 5 2913 388 2505 888 3388 3104 1566 2888 4066
Route 254 : 2230 1624 4124 4730 107 2607 1704 1826 4326 4204 1185 1833 3685 1971 4471 2297 4797 4333
Route 255 : 798 1004 2441 2115 3504 4941 4615 3298 750 40 2540 3250 1412 1674 456 2956 3912 4174
Route 256 : 1106 1966 557 4466 1242 3057 3606 3742 1868 4368 534 462 370 3034 2962 2870
Route 257 : 830 3330 2048 1773 4548 102 2602 4273 262 1593 2762 125 1331 432 4093 3831 711 2932 3211 2625
Route 258 : 2482 4982 1171 786 3671 3286 1479 351 2179 2851 2166 3979 4679 1117 1276 4666 3617 3776
Route 259 : 1048 1955 78 2227 3548 4455 4727 379 2578 1188 496 701 3688 2879 3201 2996
Route 260 : 1489 375 2875 3989 973 1382 435 3473 1737 4237 2935 3882 999 635 2125 3499 4625 3135
Route 261 : 1644 1923 2231 4423 4144 4731 978 1548 3478 4048 1388 267 2767 895 2291 4791 3888 3395
Route 262 : 2239 1561 1863 4739 4363 4061 683 3183 1734 1806 892 1353 3853 281 4306 2781 3392 4234
Route 263 : 1410 1840 1691 598 3098 3910 4340 4191 342 669 1261 3761 2842 3169 981 1536 1441 3481 3941 4036
Route 264 : 26 1769 890 2526 4269 568 2170 3390 4670 3068 1580 4080 1590 169 396 2896 2669 229 1109 2729 3609 4090
Route 265 : 1845 29 623 4345 1886 2529 3123 1762 4262 4386 1174 2258 3674 1429 1641 3929 4141 4758
Route 266 : 588 1383 3883 3088 732 246 1164 3232 3664 2746 97 1259 1584 3759 2597 4084
Route 267 : 2135 1097 4635 3597 461 128 2961 1494 485 3994 1212 2628 919 2985 3419 241 3712 135 2741 2635
Route 268 : 1102 1355 3602 1717 1534 3855 1219 1738 1851 4217 4034 4351 3719 4238 349 2849 144 1870 4370 2644
Route 269 : 1064 868 3368 3564 384 2884 1941 928 3428 2300 4800 2497 4441 2426 4926 4997
Route 270 : 859 992 3492 532 1319 3032 3359 1211 3819 1016 1254 3711 1900 88 3516 3754 2129 4400 4629 2588
Route 271 : 288 2126 2788 848 4626 2348 3348 2465 2320 4848 4820 2453 4953 4965
Route 272 : 712 274 3212 1066 2774 2403 4903 1176 3566 1982 3676 441 237 2737 4482 2941
Route 273 : 2120 1994 4620 1894 2076 2025 4576 4394 4494 4525 851 254 354 2754 2854 3351 4 2504
Route 274 : 1333 3833 949 221 951 2721 3449 3451 1906 668 950 2418 3450 3168 4918 4406
Route 275 : 466 1334 484 3834 2984 2966 478 553 1037 3053 2978 1865 3537 649 4365 3149
Route 276 : 367 99 844 792 2249 2867 4749 3344 2599 2419 2248 4919 3292 2037 4748 4537
Route 277 : 449 1670 4170 2949 1492 966 3992 2188 4688 3466 1758 61 4258 2039 2495 2561 4539 4995
Route 278 : 1085 3585 502 1533 3002 291 2791 361 4033 1676 2861 4176 2390 1101 4890 3601
Route 279 : 2393 4893 430 1107 2930 563 3063 1482 3607 2270 2379 3982 4770 4879
Route 280 : 1030 937 368 3437 3530 2868 1719 853 2145 3353 4219 2425 4645 401 1124 4925 3624 2901
Route 281 : 2363 4863 1916 1756 1671 4256 4171 4416 1023 1488 3988 1874 1247 3523 4374 3747 2019 1606 4519 4106
Route 282 : 82 1532 4032 80 1181 506 2582 678 2580 3178 258 3681 329 3006 2758 2829
Route 283 : 1804 850 4304 3350 2074 1811 4311 4574 1648 350 1530 2850 4148 4030
Route 284 : 2494 1552 1408 3908 4052 2385 4994 2347 2475 4885 472 4847 2972 436 377 4975 2936 2877 2095 4595
Route 285 : 1396 833 1799 3333 3896 1380 4299 3880 2428 1632 4132 4928
Route 286 : 2022 2184 2417 4917 4684 4522 1170 2204 3670 1634 4704 2012 4512 1405 4134 648 3905 3148