Instance name : poa-n3000-1
Authors : Hiermann, G. and Schiffer, M.
Date : 2024-04-30
Reference : arXiv:2405.00230
Solution
Route 1 :  1493 2993 953 442 2453 754 47 2254 1942 1547
Route 2 :  1190 400 1900 758 1061 2690 2258 2561 1232 2732
Route 3 :  37 1537 915 2415 1169 531 2669 2031 189 1689
Route 4 :  740 630 2240 1024 2524 712 2212 1274 2130 2774
Route 5 :  110 1610 1178 139 1070 2678 2570 1639 1466 2966
Route 6 :  480 121 1621 1980 787 467 1051 2287 1967 2551
Route 7 :  950 2450 652 75 2152 826 2326 97 1597 1575
Route 8 :  1072 2572 294 1794 391 675 306 2175 1891 1806
Route 9 :  1057 413 445 1913 1945 940 2557 2440 1046 2546
Route 10 :  103 1027 2527 1143 1603 468 2643 852 2352 1968
Route 11 :  1049 409 2549 363 1863 1277 625 2777 2125 1909
Route 12 :  814 197 1697 643 23 2143 1523 2314 1117 2617
Route 13 :  69 977 303 1569 1119 1803 298 2477 2619 1798
Route 14 :  536 766 2266 263 931 532 1763 2431 2032 2036
Route 15 :  127 27 8 1627 1527 1508 865 293 1793 2365
Route 16 :  146 1646 528 503 2028 1007 2507 2003 729 2229
Route 17 :  89 1589 960 681 266 1766 2460 2181 387 1887
Route 18 :  107 778 2278 645 1034 2534 454 2145 1954 1607
Route 19 :  1004 770 2504 956 2270 380 2456 627 2127 1880
Route 20 :  694 718 2194 893 2218 2393 481 799 2299 1981
Route 21 :  159 1659 106 186 1606 530 1686 2030
Route 22 :  589 236 1736 444 1944 637 455 2137 1955 2089
Route 23 :  523 932 2023 1157 515 284 2657 2015 1784 2432
Route 24 :  244 992 2492 1744 290 240 1790 315 1740 1815
Route 25 :  396 374 1896 9 1874 949 2449 1509 26 1526
Route 26 :  176 1676 168 221 1721 1668 184 521 1684 2021
Route 27 :  613 2113 559 2059 888 774 423 2274 2388 1923
Route 28 :  170 1670 72 1572 901 200 1700 2401
Route 29 :  1180 2680 1133 728 2633 861 2228 981 2361 2481
Route 30 :  102 994 2494 623 944 2123 346 2444 1602 1846
Route 31 :  174 557 2057 593 55 142 1555 2093 1642 1674
Route 32 :  330 251 1751 584 1830 2084 141 1641 1146 2646
Route 33 :  683 664 2164 299 769 2269 906 1799 2406 2183
Route 34 :  40 621 2121 1540 238 918 265 1765 1738 2418
Route 35 :  920 1071 2420 854 2571 50 1550 2354 737 2237
Route 36 :  132 883 2383 988 631 2131 1632 2488 259 1759
Route 37 :  131 143 1643 603 2103 436 201 1701 1936 1631
Route 38 :  768 812 2268 465 1965 242 1742 498 2312 1998
Route 39 :  243 1743 278 68 1778 519 1568 1159 2019 2659
Route 40 :  843 2343 990 2490 323 1823 1098 2598 750 2250
Route 41 :  344 1844 1118 154 1438 2618 1654 2938
Route 42 :  874 2374 490 705 934 1990 2434 2205 993 2493
Route 43 :  20 1520 792 1092 2592 2292 984 405 2484 1905
Route 44 :  526 2026 539 511 473 2039 2011 1973 995 2495
Route 45 :  119 569 1619 747 2069 851 2247 2351 1174 2674
Route 46 :  271 1771 440 286 615 2115 1940 1786 698 2198
Route 47 :  648 844 2148 48 49 2344 1548 281 1549 1781
Route 48 :  336 660 2160 1836 1009 482 1982 1104 2509 2604
Route 49 :  786 145 2286 1645 657 2157 14 4 1514 1504
Route 50 :  296 1796 113 285 1468 2968 1785 716 2216 1613
Route 51 :  390 1890 381 1881 326 369 1826 1869 311 1811
Route 52 :  650 2150 277 52 1777 361 1552 1861 475 1975
Route 53 :  59 7 1559 87 1587 1507 822 226 1726 2322
Route 54 :  551 2051 587 937 1154 2087 2437 2654
Route 55 :  823 2323 642 638 1412 2912 2142 2138 1443 2943
Route 56 :  732 2232 15 1515 372 1872 672 418 2172 1918
Route 57 :  304 1804 1111 1042 671 2611 2542 2171
Route 58 :  508 2008 506 789 2006 2289 415 1915 1417 2917
Route 59 :  35 1535 60 385 1560 1885 581 2081
Route 60 :  65 479 1979 1565 563 1040 2063 2540
Route 61 :  388 334 1888 1834 376 1876 349 254 1849 1754
Route 62 :  347 980 1847 2480 156 1100 2600 1656
Route 63 :  61 1561 833 291 2333 538 1791 668 2038 2168
Route 64 :  912 2412 62 1562 232 116 80 1732 1580 1616
Route 65 :  961 2461 876 1033 725 2533 2376 2225
Route 66 :  167 36 269 1667 1769 1536 566 345 1845 2066
Route 67 :  351 81 1581 1851 783 2283 798 270 1770 2298
Route 68 :  1415 1482 1305 2915 1308 2982 2805 2808
Route 69 :  1300 2800 120 1620 965 791 2291 2465
Route 70 :  223 412 1723 439 1912 1364 1939 2864
Route 71 :  946 206 801 2301 1706 2446 543 2043
Route 72 :  406 922 24 460 1960 2422 1524 1906
Route 73 :  196 1696 690 260 1760 986 2190 2486 972 2472
Route 74 :  679 93 1593 2179 832 138 2332 1638
Route 75 :  867 1266 2766 2367 1448 2948 1067 2567
Route 76 :  1385 1355 2855 1253 2753 2885 1422 2922
Route 77 :  130 1246 1630 140 1019 1640 2519 2746
Route 78 :  1342 1384 1328 2828 2884 2842 1208 2708
Route 79 :  802 544 399 2044 871 1899 2371 2302
Route 80 :  1227 2727 1197 904 720 2697 2404 2220
Route 81 :  685 889 1188 2389 2688 1271 2771 2185
Route 82 :  321 806 2306 1016 1013 1821 2516 2513
Route 83 :  356 1149 872 1856 249 2372 2649 1749
Route 84 :  779 991 2279 2491 879 117 2379 1617
Route 85 :  1341 1269 2841 1455 2769 2955 1462 2962
Route 86 :  136 125 898 1625 1636 2398 477 1977
Route 87 :  219 402 1719 1363 1902 133 2863 1633
Route 88 :  560 2060 510 340 1193 2010 2693 1840
Route 89 :  456 1956 1153 2653 1235 2735 1121 2621
Route 90 :  738 1268 2238 2768 880 105 2380 1605
Route 91 :  53 1128 2628 505 217 1553 2005 1717
Route 92 :  887 827 2327 1132 1347 2632 2387 2847
Route 93 :  1225 2725 1295 2795 162 609 2109 1662
Route 94 :  152 1011 1028 1652 2528 2511 877 2377
Route 95 :  1002 591 2502 1315 2091 1216 2815 2716
Route 96 :  973 700 978 2200 1410 2478 2910 2473
Route 97 :  1433 1475 2975 1429 756 2256 2929 2933
Route 98 :  1473 2973 1383 1314 819 2883 2814 2319
Route 99 :  322 1822 793 620 813 2293 2120 2313 358 1858
Route 100 :  1436 2936 5 1164 183 2664 1505 1683
Route 101 :  800 858 2300 1365 2358 1472 2865 2972
Route 102 :  411 1911 730 175 1675 150 2230 1650
Route 103 :  604 974 817 2104 2474 2317 1392 2892
Route 104 :  12 804 948 2304 194 2448 1694 1512
Route 105 :  926 108 1234 1378 1608 2878 2734 2426
Route 106 :  653 2153 1055 2555 1084 703 2584 2203
Route 107 :  292 1792 1044 601 890 2101 2544 2390
Route 108 :  32 1532 910 2410 1076 350 2576 29 1850 1529
Route 109 :  1393 1298 2798 2893 1325 1215 2715 2825
Route 110 :  764 319 2264 1819 305 673 2173 1805
Route 111 :  95 622 829 1595 2122 2329 1284 2784
Route 112 :  1464 713 25 2964 1525 2213 1420 2920
Route 113 :  568 870 1322 2068 2370 2822 1282 2782
Route 114 :  572 1386 484 1984 2886 590 2072 2090
Route 115 :  541 649 500 2041 2149 501 2000 2001
Route 116 :  540 2040 731 1476 2231 218 2976 1718
Route 117 :  815 2315 588 2088 680 1075 2575 2180
Route 118 :  256 1756 721 1450 1093 2593 2221 2950
Route 119 :  11 1511 808 420 2308 1920 1116 1058 2616 2558
Route 120 :  19 1519 215 626 1171 1715 2126 2671
Route 121 :  1089 921 2589 2421 1307 753 2807 2253
Route 122 :  968 983 2483 2468 1376 1399 2899 2876
Route 123 :  547 220 1449 2047 1720 2949 1005 2505
Route 124 :  658 607 2107 1218 2158 2718 763 2263
Route 125 :  537 247 2037 225 1747 1725 1148 2648
Route 126 :  377 803 410 1877 1910 182 2303 1682
Route 127 :  124 580 1230 1624 2080 1192 2730 2692
Route 128 :  229 13 1729 1250 1513 1335 2750 2835
Route 129 :  1086 428 2586 635 900 1928 2135 2400
Route 130 :  379 1879 134 1036 230 1634 1730 2536
Route 131 :  595 2095 1065 964 335 2464 2565 1835
Route 132 :  1105 546 2046 2605 1272 639 2772 2139
Route 133 :  824 2324 109 1609 553 449 2053 1949
Route 134 :  578 1161 2078 2661 957 193 2457 1693
Route 135 :  592 414 1170 2092 1914 2670 1357 2857
Route 136 :  925 903 777 2425 2403 2277 1302 2802
Route 137 :  1442 576 1439 2076 2939 2942 507 2007
Route 138 :  287 896 1231 1787 2396 2731 235 1735
Route 139 :  1120 695 2620 1435 2195 2935 30 1530
Route 140 :  1136 332 913 1832 644 2413 2144 2636
Route 141 :  1283 362 2783 634 1862 1162 2134 2662
Route 142 :  702 485 717 2217 1985 1212 2202 2712
Route 143 :  596 2096 727 959 1131 2227 2459 2631
Route 144 :  577 2077 765 1015 195 2265 2515 1695
Route 145 :  663 2163 1177 1023 272 2523 2677 1772
Route 146 :  1029 1017 2517 2529 1229 1191 2691 2729
Route 147 :  96 191 1691 1596 1103 90 2603 1590
Route 148 :  751 320 1820 2251 767 422 2267 1922
Route 149 :  341 437 1841 1937 982 759 2482 2259
Route 150 :  533 192 2033 1692 1273 1248 2773 2748
Route 151 :  202 300 1800 1702 366 471 1866 1971
Route 152 :  641 34 599 2141 1534 2099 760 2260
Route 153 :  309 212 1809 348 1243 1712 2743 1848
Route 154 :  149 773 1649 1459 927 2273 2959 2427
Route 155 :  401 866 881 2366 1901 1414 2381 2914
Route 156 :  88 1142 527 39 2027 2642 1539 1588
Route 157 :  575 2075 1130 788 629 2630 2288 2129
Route 158 :  845 2345 1025 1304 902 2804 2525 2402
Route 159 :  71 1571 28 692 1528 33 1533 2192
Route 160 :  1175 1425 2675 2925 1226 1263 2726 2763
Route 161 :  1404 1394 2904 2894 1405 1201 2701 2905
Route 162 :  987 928 2487 2428 58 241 1558 1741
Route 163 :  811 570 1062 2311 2070 2562 605 2105
Route 164 :  99 1109 884 2609 2384 1599 1254 2754
Route 165 :  1351 687 1152 31 2187 1531 2652 2851
Route 166 :  743 493 762 2243 2262 392 1993 1892
Route 167 :  333 499 688 1999 1163 2188 2663 1833
Route 168 :  1336 1424 2924 936 722 2436 2836 2222
Route 169 :  126 1626 935 98 359 2435 1598 1859
Route 170 :  1053 2553 1097 421 682 2597 1921 2182
Route 171 :  1280 2780 63 1563 67 368 1567 1868
Route 172 :  1123 1432 2623 2932 1451 2951 1228 2728
Route 173 :  375 963 2463 1875 438 561 2061 1938
Route 174 :  1147 2647 636 2136 1059 337 2559 1837
Route 175 :  640 207 1707 2140 1340 1458 2840 2958
Route 176 :  1291 2 1502 2791 849 487 1987 831 2349 2331
Route 177 :  895 1114 2395 723 2614 2223 775 2275
Route 178 :  514 513 923 2014 2423 2013 1381 2881
Route 179 :  748 310 608 2248 1810 2108 796 2296
Route 180 :  736 276 489 2236 1313 1989 2813 1776
Route 181 :  1078 574 2074 459 486 1986 2578 1959
Route 182 :  44 1544 317 70 962 2462 1817 1570
Route 183 :  1094 2594 355 715 1855 101 2215 1601
Route 184 :  339 742 2242 1839 704 1155 2204 2655
Route 185 :  424 316 1924 1816 1063 908 2563 2408
Route 186 :  3 1079 1503 2579 360 1397 1860 2897
Route 187 :  556 1141 2641 2056 1316 1413 2816 2913
Route 188 :  1461 2961 458 1082 848 1958 2582 2348
Route 189 :  665 83 435 2165 1583 1935 1279 2779
Route 190 :  905 917 434 2417 2405 1934 545 2045
Route 191 :  1406 224 785 2906 1724 2285 1359 2859
Route 192 :  821 1360 1498 2321 2860 1403 2998 2903
Route 193 :  529 426 2029 860 2360 954 1926 2454
Route 194 :  834 1041 177 2541 1677 1481 2334 2981
Route 195 :  693 17 651 2193 1517 273 2151 1773
Route 196 :  535 2035 1 1490 1501 502 2990 2002
Route 197 :  1317 2817 686 647 699 2147 2186 2199
Route 198 :  85 128 1585 1628 708 318 1818 2208
Route 199 :  600 253 1753 2100 1022 1043 2522 2543
Route 200 :  279 1354 2854 1779 840 283 2340 1783
Route 201 :  1275 2775 1081 199 470 2581 1970 1699
Route 202 :  1312 1200 2700 1485 2985 1367 2812 2867
Route 203 :  1085 1491 1456 2585 2956 1296 2796 2991
Route 204 :  610 198 2110 74 1698 1054 2554 1574
Route 205 :  1052 855 942 2355 2552 1238 2442 2738
Route 206 :  6 830 1167 2667 2330 1299 1506 2799
Route 207 :  509 328 971 2471 1165 1828 2009 2665
Route 208 :  1474 433 947 2974 1933 598 2447 2098
Route 209 :  416 1916 478 1978 185 565 1685 818 2065 2318
Route 210 :  611 2111 313 1373 1813 655 2873 2155
Route 211 :  76 1576 701 264 488 2201 1764 1988
Route 212 :  780 2280 1108 666 752 2166 2608 2252 239 1739
Route 213 :  586 2086 343 1843 342 431 1931 582 1842 2082
Route 214 :  1287 1416 2916 2787 525 522 2022 2025
Route 215 :  734 2234 78 1038 1578 474 2538 1974
Route 216 :  79 163 1446 1579 2946 1663 77 1577
Route 217 :  882 491 1074 2574 1991 2382 1099 2599
Route 218 :  945 1181 1318 2445 2818 2681 1256 2756
Route 219 :  996 450 975 1950 2496 2475 873 2373
Route 220 :  173 1400 1673 2900 1426 2926 165 1665
Route 221 :  1330 466 2830 790 1966 2290 805 2305
Route 222 :  1151 354 1854 463 859 2651 1963 2359
Route 223 :  669 1352 2169 64 2852 419 1564 1919
Route 224 :  1140 41 188 2640 1541 1214 1688 2714
Route 225 :  1126 1195 899 794 2626 2695 2399 2294
Route 226 :  1430 2930 1419 1411 2919 353 1853 2911
Route 227 :  382 1882 1187 255 997 2687 1755 2497
Route 228 :  517 2017 1139 1035 878 2639 2378 2535
Route 229 :  1390 2890 724 2224 314 403 1903 1814
Route 230 :  891 677 2391 2177 1267 1387 2887 2767
Route 231 :  781 617 2117 2281 448 837 2337 1948
Route 232 :  1087 1202 1290 2702 2790 1396 2896 2587
Route 233 :  661 1064 497 2564 1997 172 2161 1672
Route 234 :  371 628 2128 357 1857 967 2467 1871
Route 235 :  451 619 2119 771 1951 1445 2271 2945
Route 236 :  602 135 1635 714 2102 929 2214 2429
Route 237 :  1348 1334 2848 1135 245 2834 2635 1745
Route 238 :  797 2297 430 516 810 2016 1930 2310
Route 239 :  624 2124 816 938 735 2235 2316 2438 204 1704
Route 240 :  378 18 1878 1518 1206 395 1895 2706
Route 241 :  841 216 1716 2341 43 147 1543 1647
Route 242 :  1166 2666 275 1209 22 1775 2709 1522
Route 243 :  930 187 2430 1687 408 726 1908 2226
Route 244 :  1421 1204 2704 2921 453 472 1953 1972
Route 245 :  462 1021 1083 2521 1962 2583 1372 2872
Route 246 :  1031 864 2531 2364 976 985 2476 2485
Route 247 :  746 739 567 2067 2246 970 2239 2470
Route 248 :  951 73 1122 297 1573 1797 2622 2451
Route 249 :  1134 550 2050 1008 180 2508 2634 1680
Route 250 :  1375 2875 1240 711 820 2211 2740 2320
Route 251 :  999 979 2479 2499 1224 914 2724 2414
Route 252 :  1407 1454 2907 2954 1457 691 2957 2191
Route 253 :  571 308 158 1808 1658 1480 2980 2071
Route 254 :  1112 384 2612 496 1203 1884 1996 2703
Route 255 :  394 1292 92 1894 838 2792 1592 2338
Route 256 :  558 2058 1339 1144 383 2644 2839 1883
Route 257 :  710 2210 1182 1032 153 2532 2682 1653
Route 258 :  1332 1264 2764 2832 1345 504 2845 2004
Route 259 :  646 86 2146 1586 846 524 2346 2024
Route 260 :  1494 137 373 2994 1368 1637 1873 2868
Route 261 :  157 678 2178 457 1125 2625 1957 1657
Route 262 :  1434 1066 2934 495 2566 782 1995 2282
Route 263 :  1487 1418 2918 2987 46 233 1733 1546
Route 264 :  1356 1428 2928 2856 398 554 1898 2054
Route 265 :  952 1012 534 2512 2034 2452 616 2116
Route 266 :  1460 2960 1478 447 1947 2978 885 2385
Route 267 :  446 1006 2506 1222 1946 2722 933 2433
Route 268 :  307 875 1115 1077 2375 2615 2577 1807
Route 269 :  228 1728 494 939 618 2439 2118 1994
Route 270 :  1069 2569 919 464 1964 1048 2419 2548
Route 271 :  100 289 1600 1789 1160 614 2660 2114
Route 272 :  520 227 1727 2020 1310 2810 129 1629
Route 273 :  1293 1205 2793 2705 1252 2752 1073 2573
Route 274 :  148 1648 1030 91 1344 2844 2530 1591
Route 275 :  386 1886 1499 2999 1129 863 2629 2363
Route 276 :  1236 282 1782 2736 958 2458 1257 2757
Route 277 :  1010 56 1556 2510 542 1198 2698 2042
Route 278 :  181 1681 364 955 432 1864 2455 1932
Route 279 :  1453 2953 1276 1281 2776 2781 776 2276
Route 280 :  1379 1259 1245 2879 2759 2745 123 1623
Route 281 :  659 2159 144 209 1091 1644 1709 2591
Route 282 :  1427 2927 1107 208 171 2607 1708 1671
Route 283 :  1496 2996 1329 2829 250 222 1750 1722
Route 284 :  916 1488 2416 1260 2988 2760 1343 2843
Route 285 :  1221 2721 847 324 856 1824 2347 2356
Route 286 :  512 868 2012 2368 367 911 2411 1867
Route 287 :  1145 654 312 2645 2154 1812 1401 2901
Route 288 :  1333 662 2162 1244 2833 2744 1101 2601
Route 289 :  1168 1056 2556 2668 327 670 2170 1827
Route 290 :  1184 2684 122 151 941 1651 1622 2441
Route 291 :  155 1018 2518 1655 857 1137 2357 2637
Route 292 :  1003 684 2184 2503 1320 2820 267 1767
Route 293 :  262 1762 66 853 16 1566 2353 1516
Route 294 :  518 1150 2018 2650 365 719 1865 2219
Route 295 :  1258 1319 809 2758 2819 2309 1176 2676
Route 296 :  1102 2602 114 1297 1441 1614 2797 2941
Route 297 :  869 2369 667 178 2167 1678 656 2156
Route 298 :  1465 1286 2786 2965 166 549 2049 1666
Route 299 :  709 2209 231 862 2362 1158 1731 2658
Route 300 :  1110 461 676 2176 2610 1961 1470 2970
Route 301 :  161 57 1557 1661 1050 632 2132 2550
Route 302 :  894 2394 583 1001 2501 2083 1037 2537
Route 303 :  1199 1371 2699 1361 2871 2861 237 1737
Route 304 :  897 2397 733 2233 1096 483 2596 1983
Route 305 :  210 1710 84 1584 839 633 2133 2339
Route 306 :  164 1664 118 1618 689 252 2189 1752
Route 307 :  745 370 1870 2245 1395 169 1669 2895
Route 308 :  10 807 2307 1510 1000 94 1594 2500
Route 309 :  1388 2888 404 274 755 1904 2255 1774
Route 310 :  417 246 393 1893 1917 1746 1311 2811
Route 311 :  288 886 1788 2386 1358 1306 2806 2858
Route 312 :  1484 2984 757 1366 397 2866 2257 1897
Route 313 :  1080 674 427 1927 2580 2174 1423 2923
Route 314 :  706 429 1497 2206 1929 2997 1237 2737
Route 315 :  1471 1179 2971 2679 1088 261 1761 2588
Route 316 :  697 2197 1217 552 998 2052 2717 2498
Route 317 :  1026 2526 54 828 1020 1554 2520 2328
Route 318 :  1249 1463 2963 2749 329 1346 1829 2846
Route 319 :  1039 1124 1185 2624 2539 2685 1326 2826
Route 320 :  943 594 2094 2443 892 761 2392 2261
Route 321 :  907 2407 1090 1489 160 2989 2590 1660
Route 322 :  234 1113 2613 1734 1220 1213 2713 2720
Route 323 :  1211 2711 469 1047 1969 2547 1156 2656
Route 324 :  612 248 1748 2112 302 190 1802 1690
Route 325 :  850 2350 407 280 1477 1780 1907 2977
Route 326 :  548 741 2048 2241 1242 2742 301 1801
Route 327 :  1402 1370 2870 2902 1219 45 1545 2719
Route 328 :  597 989 1106 2489 2097 2606 1492 2992
Route 329 :  1337 1289 2789 2837 295 1795 1045 2545
Route 330 :  82 492 1582 1992 1241 2741 1324 2824
Route 331 :  1377 2877 909 325 835 1825 2409 2335
Route 332 :  1068 1288 2788 2568 1303 1210 2710 2803
Route 333 :  1294 1309 2794 2809 213 969 2469 1713
Route 334 :  1452 2952 42 573 338 1542 1838 2073
Route 335 :  836 1014 2336 2514 784 205 2284 1705
Route 336 :  562 585 2062 1247 2747 2085 1382 2882
Route 337 :  1173 2673 564 2064 1189 555 2689 2055
Route 338 :  1196 1323 2823 2696 966 749 2466 2249
Route 339 :  1483 1369 2983 2869 425 1925 38 1538
Route 340 :  1338 2838 21 352 1852 476 1521 1976
Route 341 :  1479 606 2106 2979 1270 1233 2733 2770
Route 342 :  443 1943 1251 2751 1255 1444 2755 2944
Route 343 :  772 452 1952 258 2272 1758 1398 2898
Route 344 :  842 2342 1500 3000 1486 2986 1262 2762
Route 345 :  1447 2947 1327 1278 2827 2778 744 2244
Route 346 :  331 203 1703 1831 1207 1440 2940 2707
Route 347 :  1389 2889 1186 179 2686 214 1679 1714
Route 348 :  111 1495 1362 1611 2862 2995
Route 349 :  268 112 1768 1301 1612 2801
Route 350 :  257 1757 1437 1095 2937 2595
Route 351 :  1223 2723 1408 1353 2908 2853
Route 352 :  441 1941 1374 1467 2967 2874
Route 353 :  104 1349 1604 707 2849 2207
Route 354 :  211 1711 1431 1469 2969 2931
Route 355 :  389 51 115 1551 1889 1615
Route 356 :  1285 924 1127 2785 2627 2424
Route 357 :  1380 1350 795 2880 2850 2295
Route 358 :  1265 1172 1060 2765 2560 2672
Route 359 :  1321 1261 2821 1391 2761 2891
Route 360 :  1331 1239 2831 1183 2683 2739
Route 361 :  1409 825 1138 2909 2325 2638
Route 362 :  579 696 2196 2079 1194 2694
