Instance name : poa-n2000-5
Authors       : Dmitriy Demin, Mikhail Diakov (msd@veeroute.com), Ivan Ilin, Nikita Ivanov, Viacheslav Sokolov (vs@veeroute.com) et al. VRt Global (https://veeroute.com/)
Date          : 2023-04-24
Reference     : veeroute.com
Solution
Route 1 : 101 97 1097 695 1101 622 1695 200 794 1200 591 1794 1591 910 1910 391 405 1622 1405 1391 852 1852
Route 2 : 116 40 991 1116 1040 1991 103 1103 968 932 1932 342 1968 1342 906 609 1609 1906 312 463 1312 1463
Route 3 : 761 112 1112 1761 770 46 1046 1770 350 1350 52 300 1052 128 1300 795 1795 833 1833 1128
Route 4 : 147 1147 576 1576 296 42 1296 785 1042 903 1785 1903 218 871 1218 388 1388 1871 51 536 1051 1536
Route 5 : 941 588 1588 130 204 1204 1130 365 630 1365 1630 378 1 1378 1001 1941 380 58 1380 1058 352 1352
Route 6 : 193 448 1448 1193 211 531 547 1531 188 1188 1547 641 1641 247 71 1211 1247 811 1071 259 1811 1259
Route 7 : 209 240 1240 1209 192 1192 467 216 1467 1216 517 582 1517 1582 899 349 1349 951 1899 1951
Route 8 : 284 1284 160 313 1313 1160 791 502 1791 1502 789 1789 44 860 1044 544 1860 1544
Route 9 : 55 612 1055 203 1612 461 229 1203 1461 1229 425 1425 802 144 1802 777 1777 617 1617 1144
Route 10 : 330 1330 32 281 310 1281 1310 832 896 287 1896 1832 614 1287 177 1177 814 1614 964 1964 1814 1032
Route 11 : 705 137 1137 594 1705 1594 423 507 1423 1507 417 77 1417 170 1170 1077 175 512 1512 1175 150 1150
Route 12 : 361 1361 355 977 1977 902 1902 1355 161 1161 940 88 1940 399 459 1088 1399 1459 586 822 1586 1822
Route 13 : 836 949 1836 1949 838 1838 599 1599 419 439 1439 1419 174 535 1174 734 1535 140 1140 944 1734 1944
Route 14 : 565 1565 239 364 225 1239 26 1364 1225 1026 3 1003 727 855 1855 1727
Route 15 : 870 59 1059 6 1006 199 1199 759 1759 721 435 1721 1435 384 449 1384 1449 848 1848 1870
Route 16 : 302 368 1302 1368 354 1354 18 808 1018 1808 863 278 1863 1278 981 999 1981 503 1503 1999 389 1389
Route 17 : 227 725 226 1725 1226 19 920 1019 1920 499 1499 1227 711 1711 81 145 1145 880 1880 1081
Route 18 : 596 1596 702 882 580 1882 1702 1580 84 600 1084 508 1508 1600 125 24 1024 1125 799 1799 426 1426
Route 19 : 210 110 1210 1110 739 85 1739 1085 937 919 1937 644 934 1919 1934 1644 256 344 1344 742 1256 1742
Route 20 : 472 70 1070 1472 372 1372 214 61 1214 1061 415 1415 655 1655 821 1821 53 755 1053 1755
Route 21 : 545 790 606 1606 1790 1545 921 248 1921 639 1248 413 1639 1413 297 1297 592 570 1592 1570
Route 22 : 166 541 1166 1541 173 176 1176 1173 431 737 1737 404 1431 1404 246 95 642 1246 1095 1642 927 1927
Route 23 : 289 74 1074 1289 331 510 1510 1331 244 1244 456 1456 672 106 1672 1106 756 686 1756 1686
Route 24 : 867 1867 935 187 1935 1187 27 659 735 1659 1027 1735 754 418 1418 212 1212 152 1754 1152
Route 25 : 242 123 1242 1123 80 653 1080 1653 965 989 533 1989 1965 1533 230 293 1293 1230 92 1092
Route 26 : 913 1913 763 1763 317 395 1317 760 1395 824 1760 421 1824 83 1083 1421 649 1649 888 779 1888 1779
Route 27 : 900 272 1900 1272 75 1075 772 1772 826 687 1826 1687 171 1171 366 1366 273 373 1273 1373
Route 28 : 886 345 1886 1345 543 540 397 1540 1397 1543 121 663 1663 1121 205 1205 923 948 1923 990 1948 1990
Route 29 : 976 1976 869 107 1869 1107 877 1877 476 351 1351 552 1476 1552 706 1706 783 308 1783 1308
Route 30 : 889 786 1786 440 1440 664 1664 724 700 1700 392 1724 1392 264 823 1264 1823 471 1889 1471
Route 31 : 375 407 929 1375 1407 513 1929 1513 158 324 1158 271 1324 414 326 1271 1326 1414 138 1138
Route 32 : 327 60 542 1542 1327 382 1382 1060 526 590 1590 1526 304 29 1029 316 1304 1316
Route 33 : 49 745 1745 1049 408 680 1408 1680 605 1605 443 1443 858 1858 367 1367 336 581 1581 1336 108 1108
Route 34 : 37 1037 782 632 1782 1632 843 876 1876 1843 12 238 1012 35 1238 267 1035 333 1267 1333 901 1901
Route 35 : 117 353 1353 1117 311 842 1311 1842 422 651 1422 1651 290 635 1290 1635 815 945 1815 1945
Route 36 : 909 1909 771 1771 539 780 1539 978 1780 660 1978 1660 118 1118 34 1034 752 1752 475 1475 23 1023 22 1022
Route 37 : 685 866 1685 486 120 1120 257 1486 1257 555 516 1555 987 1516 1866 1987 215 217 1215 1217
Route 38 : 410 528 1410 1528 884 102 1884 420 249 1102 1249 1420 624 1624 473 1473 189 338 1338 1189 457 1457
Route 39 : 595 1595 645 136 1645 1136 416 1416 254 45 1254 1045 626 91 1091 703 1703 720 1626 874 1720 1874
Route 40 : 143 768 1768 412 319 1412 1143 314 1319 301 1314 1301 728 1728 298 328 1298 647 1328 1647 455 1455
Route 41 : 481 1481 233 1233 381 139 579 1139 1579 1381 207 750 640 1207 1640 678 1678 769 1750 1769
Route 42 : 994 64 851 1851 1064 1994 36 758 1758 159 1036 1159 438 208 1438 1208 376 213 1376 1213 72 1072
Route 43 : 370 1370 21 1021 898 401 1898 625 1401 1625 437 1437 253 131 1253 567 468 1131 1468 1567 47 1047
Route 44 : 54 1054 749 845 1749 1845 537 532 1532 1537 196 550 1550 1196 560 1560 707 514 1707 1514
Route 45 : 658 1658 198 1198 487 806 1806 561 1487 767 1767 5 1561 462 478 1005 1478 960 492 1960 1492 1462
Route 46 : 688 971 1688 1971 892 566 1892 1566 881 719 115 1719 1115 607 957 1957 1607 195 1195 1881 885 1885
Route 47 : 269 1269 942 1942 623 804 1804 1623 669 904 1669 744 1904 831 1744 847 1831 1847 521 1521
Route 48 : 496 996 1996 674 1496 1674 956 491 925 1956 1491 993 1925 126 460 1993 1126 1460 546 796 1546 1796
Route 49 : 665 104 1104 1665 557 113 1557 1113 670 793 1670 33 1793 849 1033 1849 598 757 1598 1757
Route 50 : 636 593 11 1593 325 1011 1325 9 219 235 1009 1235 753 1219 1753 190 506 1506 1190 1636
Route 51 : 500 318 1318 1500 604 89 1604 812 1812 191 1089 1191 7 729 1007 1729 436 306 1436 1306
Route 52 : 671 573 1671 1573 447 148 1447 1148 778 829 1778 1829 458 299 1299 1458 17 90 1090 444 1444 1017
Route 53 : 321 530 1530 1321 114 260 1260 854 1114 41 1854 1041 850 1850 409 519 1409 1519 747 451 1747 1451
Route 54 : 255 400 1400 1255 251 268 1251 997 1268 1997 646 527 1527 575 1646 385 1575 1385 262 1262
Route 55 : 406 992 643 1992 1643 589 1589 825 1825 810 1810 360 1360 135 1135 283 1283 1406 202 522 1522 1202
Route 56 : 872 1872 201 15 1201 657 1015 1657 683 820 1820 1683 931 798 1931 736 1798 341 1341 1736 988 1988
Route 57 : 94 1094 38 1038 320 1320 168 741 1741 1168 182 666 1666 732 1182 1732 682 1682 840 1840
Route 58 : 429 959 1429 1959 231 1231 864 167 1864 1167 943 1943 490 893 1893 2 1490 1002 181 1181 359 1359
Route 59 : 914 236 1914 339 1339 1236 146 142 1142 1146 292 966 1292 122 1966 1122 982 738 1982 1738
Route 60 : 98 667 275 1098 1275 1667 184 983 1184 479 1983 1479 497 1497 340 1340 926 1926 955 571 1571 1955
Route 61 : 995 1995 387 1387 694 801 1694 690 905 1801 1905 1690 234 329 1329 1234 383 559 1383 1559
Route 62 : 638 730 1638 568 1568 1730 484 1484 587 1587 452 569 1452 1569 873 156 1873 1156 709 1709
Route 63 : 751 1751 498 918 1498 1918 676 844 970 1970 1676 891 1844 258 1258 10 1891 1010
Route 64 : 952 1952 828 266 1266 263 1828 1263 165 1165 73 975 1073 252 1975 67 1252 865 1067 1865
Route 65 : 379 962 1379 1962 31 1031 800 1800 714 717 1717 1714 224 818 1818 1224 766 1766
Route 66 : 286 79 1079 1286 151 1151 276 1276 294 335 1294 1335 662 1662 998 1998 733 883 1733 947 1883 1947
Route 67 : 265 1265 56 134 1134 1056 972 1972 878 816 1816 1878 223 270 708 1223 1708 1270 856 1856
Route 68 : 428 504 1428 245 1504 1245 980 1980 839 1839 157 1157 524 357 1524 1357 1000 518 2000 1518
Route 69 : 483 1483 261 1261 652 511 8 1652 1511 621 1008 1621 69 315 1315 1069 124 1124 424 1424
Route 70 : 68 1068 277 279 1277 434 1279 553 1434 274 1274 1553 551 1551 16 1016 859 601 1859 1601 377 1377
Route 71 : 441 958 1441 1958 862 1862 912 358 1912 1358 792 141 1792 523 1141 119 1523 1119
Route 72 : 494 961 1494 1961 830 765 1830 1765 228 4 1004 1228 986 1986 334 100 1334 99 1099 1100
Route 73 : 887 347 1887 1347 648 1648 374 295 1374 1295 87 403 677 1677 1403 288 1087 362 1288 1362
Route 74 : 611 597 698 1611 1597 1698 185 1185 534 875 1534 1875 48 1048 356 515 1356 1515 305 1305
Route 75 : 696 704 1704 654 1696 1654 841 1841 726 938 1726 554 1938 784 1784 1554
Route 76 : 509 613 1509 1613 153 78 1078 787 1787 1153 411 1411 633 897 1633 776 1897 973 1776 827 1827 1973
Route 77 : 505 548 1505 465 1548 1465 386 529 1386 563 1529 1563 650 837 1837 1650 661 169 1169 1661
Route 78 : 343 1343 716 1716 371 846 628 1371 1628 1846 684 1684 578 291 1291 1578 86 450 817 1086 1450 1817
Route 79 : 398 309 1309 1398 556 489 603 1556 1603 1489 629 1629 243 1243 774 1774 715 127 1715 1127
Route 80 : 470 584 1584 520 922 1520 1470 1922 30 206 879 1030 1206 1879 14 62 933 1014 1062 1933
Route 81 : 673 969 28 1673 1028 1969 746 303 1303 1746 743 1743 474 1474 675 967 1675 1967
Route 82 : 179 280 1179 285 1280 1285 797 1797 907 813 13 1907 1813 1013 908 861 1908 562 525 1562 1525 1861
Route 83 : 764 232 1764 1232 65 1065 697 197 1697 608 1197 1608 788 1788 332 610 710 1710 1332 1610
Route 84 : 133 819 105 1133 1819 220 1105 1220 954 129 1954 1129 495 803 1495 979 1803 1979 323 337 1323 1337
Route 85 : 430 868 1868 1430 66 558 1066 1558 627 322 43 1627 1322 1043 853 164 1164 1853
Route 86 : 731 1731 618 1618 477 1477 689 616 1689 427 1616 1427 432 1432 619 1619 637 109 1109 1637
Route 87 : 895 1895 691 577 1691 1577 681 1681 155 194 939 1194 1155 1939 111 1111 631 241 1631 1241 63 1063
Route 88 : 620 936 693 1620 1693 348 1348 1936 656 363 1363 781 501 1656 1781 1501 485 493 1485 713 1493 1713
Route 89 : 615 20 953 1615 1953 701 1020 1701 699 237 1699 1237 132 1132 442 149 1149 1442
Route 90 : 574 963 1574 1963 464 740 1464 1740 390 396 1390 572 1572 1396 307 433 1307 894 1894 1433
Route 91 : 57 928 1928 712 1057 1712 453 154 1453 445 1154 1445 162 911 1911 1162 25 1025 748 718 1718 1748
Route 92 : 915 890 1915 50 1890 835 1050 346 1835 1346 282 924 1282 480 1480 1924
Route 93 : 186 807 1186 1807 805 1805 916 1916 180 634 1180 1634 583 446 1583 394 1394 469 1469 93 1446 1093
Route 94 : 984 1984 96 1096 722 1722 549 1549 538 369 1369 1538 723 773 1723 1773 950 39 1950 482 1039 1482
Route 95 : 775 163 1163 679 1775 985 1679 1985 76 834 178 1834 393 1178 1393 946 1946 1076
Route 96 : 466 930 1466 1930 221 857 1221 1857 488 1488 564 1564 402 172 1402 1172 917 1917 183 974 1974 1183
Route 97 : 222 692 1222 454 1692 602 1454 1602 585 1585 82 809 1082 762 1809 250 1762 1250 668 1668