Instance name : poa-n5000-5
Authors       : Dmitriy Demin, Mikhail Diakov (msd@veeroute.com), Ivan Ilin, Nikita Ivanov, Viacheslav Sokolov (vs@veeroute.com) et al. VRt Global (https://veeroute.com/)
Date          : 2023-04-18
Reference     : veeroute.com
Solution
Route 1 : 1436 1616 747 3247 3936 244 4116 1930 26 2744 4430 2526 1469 87 2587 3969
Route 2 : 2079 935 3435 1841 1786 4286 4341 361 2861 4579 770 3270 1894 4394
Route 3 : 538 3038 1677 268 2768 4177 1408 3908 1808 1660 4160 4308 1046 3546
Route 4 : 123 728 112 2623 859 2612 3228 1588 3359 4088 1604 68 352 2568 4104 2852
Route 5 : 1765 4265 1669 4169 1725 442 2334 4834 4225 532 3032 2942 269 773 3273 2769
Route 6 : 969 3469 704 1826 176 3204 2676 1970 4326 4470 2107 4607 460 2960
Route 7 : 832 2469 345 4969 115 3332 1261 2615 2211 3761 1714 4214 2845 4711
Route 8 : 1710 4210 552 2391 3052 975 1246 3746 1690 4190 3475 2122 2339 4622 4891 4839
Route 9 : 1032 542 3042 3532 1167 3667 1637 2005 2313 4505 4137 4813
Route 10 : 159 2659 277 1514 2777 1412 3912 4014 1981 4481 2317 1828 4328 4817
Route 11 : 1327 3827 1043 3543 451 2951 1335 1149 3649 1361 1735 3861 3835 4235
Route 12 : 1806 4306 601 3101 134 2065 1698 4565 4198 2634 2082 4582
Route 13 : 2014 1562 1732 4062 4514 2444 4232 126 2626 2376 4944 1458 4876 3958 1405 3905
Route 14 : 2270 1322 4770 3822 103 2603 1415 1096 1781 4281 3596 3915 2400 1605 4105 4900
Route 15 : 2442 4942 2197 620 3120 605 4697 565 3105 1633 3065 1750 4133 4250
Route 16 : 92 1071 2592 3571 1068 2370 4870 1267 2414 3568 3767 1287 4914 3787
Route 17 : 171 733 2168 3233 4668 337 2351 2837 2225 2671 1593 4725 4851 4093
Route 18 : 2434 794 4934 3294 2232 2455 201 4955 2701 4732 2160 1954 4454 4660
Route 19 : 1065 628 3565 3128 1241 1893 3741 4393 2093 4593 2218 4718
Route 20 : 2230 4730 2332 4832 2449 4949 1594 1582 4094 4082 435 824 2935 3324
Route 21 : 2485 4985 1719 4219 1372 3872 449 2296 132 2949 4796 2632
Route 22 : 808 1563 3308 447 2947 757 2461 4961 4063 3257 2488 4988 819 2466 4966 3319
Route 23 : 1132 1907 1922 3632 4407 2322 4422 1285 4822 2337 523 3785 3023 4837
Route 24 : 1865 138 4365 1456 327 2638 208 3956 2708 1293 2827 1982 2427 3793 4482 4927
Route 25 : 519 1133 3019 876 3633 20 3376 2520 300 2105 2800 4605 1484 3984
Route 26 : 1649 1190 4149 1489 1673 1795 4295 4173 3989 1836 3690 4336 484 1320 2984 3820
Route 27 : 2146 4646 1224 3724 1868 1174 4368 1490 3990 3674 260 2760 2459 4959
Route 28 : 458 2196 1611 4111 2958 744 241 4696 2182 3244 2741 356 2856 4682
Route 29 : 477 2977 2194 1082 3582 4694 2042 4542 1476 330 3976 2052 4552 2830 1480 3980
Route 30 : 393 518 2420 3018 2893 4920 1820 1741 4320 263 4241 2763 2384 1453 3953 4884
Route 31 : 262 2762 1289 2029 333 3789 4529 2374 2833 377 1837 4874 2877 4337
Route 32 : 707 596 3207 3096 874 119 2619 1230 3374 3730 767 3267
Route 33 : 1027 1579 4079 755 3255 847 3347 1897 3527 4397 420 576 3076 2920
Route 34 : 1204 3704 996 3496 1884 654 4384 249 2749 256 3154 1764 2756 4264
Route 35 : 1099 3599 1504 55 4004 840 2555 1186 3340 2033 3686 4533 196 2696
Route 36 : 986 795 3486 3295 1288 3788 2121 454 4621 2954 2484 4984
Route 37 : 666 3166 2424 2407 4907 4924 1215 1268 1009 3768 3715 3509 2207 4707
Route 38 : 2331 1818 2490 4990 4318 2147 1506 4831 4647 841 4006 879 3341 3379
Route 39 : 1413 999 1381 3499 3913 834 912 3334 3412 1423 3881 2205 3923 424 2924 4705
Route 40 : 1118 2260 3618 4760 2355 978 404 3478 1513 2904 1026 4013 980 4855 3526 3480
Route 41 : 1369 981 1882 3869 4382 3481 2453 4953 288 1350 3850 1543 4043 2788
Route 42 : 1600 614 766 873 3114 4100 3266 990 3373 548 3490 3048 1896 4396
Route 43 : 1636 633 4136 400 2900 3133 224 429 2724 1889 95 2929 4389 2595
Route 44 : 1910 921 3421 4410 1340 381 754 3840 2881 149 1591 3254 2649 4091
Route 45 : 1364 398 3864 1638 2075 2898 4138 4575 2437 1472 4937 3972
Route 46 : 676 3176 428 1135 2928 1813 3635 2221 360 4313 4721 2860 2167 4667
Route 47 : 457 2238 2957 1428 4738 2022 4522 3928 2423 1181 2234 3681 4923 4734
Route 48 : 1729 4229 644 2125 3144 4625 947 1727 4227 629 3447 3129
Route 49 : 1539 267 2767 1286 4039 2366 1843 3786 4343 4866 179 421 2679 2921
Route 50 : 2020 652 776 387 4520 3276 3152 2887 2103 1044 3544 4603 2344 2406 4906 4844
Route 51 : 1573 185 2685 4073 1313 412 3813 371 2912 1226 2871 3726
Route 52 : 1797 1048 3548 926 1170 3670 4297 3426 991 3491 1128 443 3628 2943
Route 53 : 2235 1021 101 3521 4735 194 2601 906 2694 3406 436 2217 4717 2936 1438 3938
Route 54 : 2373 2495 4873 1080 2154 4995 4654 971 3580 1644 4144 374 2415 3471 4915 2874
Route 55 : 768 3268 506 3006 9 210 2509 2710
Route 56 : 1983 125 1067 4483 2625 3567 139 2639 1716 1232 4216 3732
Route 57 : 446 220 2720 2244 2946 4744 1274 568 3774 3068 147 2647 2134 1062 4634 3562
Route 58 : 1124 2214 3624 658 3158 1002 4714 1284 3502 3784 172 2672
Route 59 : 1800 2186 4300 24 1430 4686 2524 1403 3930 3903 1108 3608 557 2438 4938 3057
Route 60 : 466 2077 1642 4577 4142 1295 2966 924 3795 3424 891 3391 895 3395
Route 61 : 1574 4074 936 2380 3436 4880 1951 225 4451 317 2725 2817 2418 1478 3978 4918
Route 62 : 1838 1518 1880 4018 878 3378 4380 4338 2279 1672 4779 4172
Route 63 : 124 1324 2624 3824 1053 608 3108 3553 161 2661 82 2582 480 2980
Route 64 : 1955 976 3476 4455 469 2969 1329 1445 3829 2210 3945 829 3329 4710
Route 65 : 539 3039 1178 648 3148 3678 452 2952 491 2184 2991 1864 4684 4364 529 3029
Route 66 : 1435 531 3935 3031 1815 367 4315 723 3223 1830 2254 4754 4330 2867
Route 67 : 544 489 3044 2989 2246 1344 4746 2055 1366 3844 4555 3866 2099 4599
Route 68 : 1342 456 3842 143 2956 1809 2081 2643 166 4581 4309 81 1481 2581 2666 3981
Route 69 : 1373 1694 3873 4194 1613 2113 4113 416 4613 871 2916 3371 1921 4421
Route 70 : 1162 2174 599 4674 3662 3099 369 678 2869 1330 3830 1834 3178 4334
Route 71 : 437 677 2937 3177 232 313 2732 2813 1701 4201 1988 4488 1934 4434
Route 72 : 264 167 2667 2764 1078 438 3578 1474 2938 3974 468 144 2968 2644
Route 73 : 2440 4940 1790 849 4290 1821 4321 817 3349 3317 2212 4712 54 710 2554 3210
Route 74 : 2126 1123 370 3623 4626 2870 1861 2441 2094 4361 4594 4941 1923 1580 4080 4423
Route 75 : 1084 1990 4490 3584 1104 3604 1763 2422 2172 4922 4263 4672
Route 76 : 1189 758 3258 3689 323 681 1446 2823 3181 3946 2340 4840 472 2972
Route 77 : 748 3248 661 1754 1325 3825 309 2809 1105 3161 3605 306 736 4254 3236 2806
Route 78 : 1879 1602 4102 2178 4678 1088 4379 852 3588 528 3028 3352 2045 4545
Route 79 : 1188 3688 180 375 2875 2680 1300 950 3450 3800 2204 353 2853 4704 2114 4614
Route 80 : 880 1650 4150 2347 756 4847 3256 1885 4385 3380 1989 4489 2315 4815
Route 81 : 1031 280 2780 759 3531 3259 275 2775 1341 195 470 2695 2970 3841
Route 82 : 29 2529 1157 684 3184 3657 1271 1383 3771 3883
Route 83 : 383 2883 1854 4354 351 1122 2851 2439 4939 3622 1439 3939
Route 84 : 245 2745 221 1643 488 2988 1892 2721 4143 1249 1217 4392 3717 2016 3749 4516
Route 85 : 1409 2284 4784 1651 3909 4151 1555 1374 3874 4055 340 2840
Route 86 : 1251 3751 1468 955 378 2878 3968 3455 1208 2097 3708 365 655 2865 4597 3155
Route 87 : 190 2421 2690 1209 4921 1352 3709 75 3852 1509 2575 908 4009 3408
Route 88 : 919 193 3419 2013 4513 2693 668 3168 1097 3597 1635 2294 4135 4794
Route 89 : 1902 774 4402 3274 122 2622 2359 4859 2497 4997 2312 65 4812 1796 4296 2565
Route 90 : 1561 4061 1265 1850 4350 3765 321 983 2369 2821 2306 4869 3483 4806
Route 91 : 2008 4508 2353 4853 2102 928 481 2981 3428 4602 403 2903
Route 92 : 2454 1247 3747 4954 1961 1862 4461 2158 4362 1243 4658 3743
Route 93 : 1353 718 3218 1700 4200 3853 1193 1845 3693 2283 4345 656 4783 3156
Route 94 : 417 384 2884 2179 564 4679 2273 4773 2299 3064 4799 592 3092 1520 2917 4020
Route 95 : 2001 1557 914 4501 234 3414 4057 2734 566 669 3169 3066 2491 4991
Route 96 : 956 3456 1056 2133 4633 3556 1360 556 3056 835 3860 3335 1147 3647 1774 4274
Route 97 : 1238 3738 1259 769 3759 771 1422 3269 3271 106 2606 3922 388 2888
Route 98 : 242 478 2978 1556 2742 1081 4056 1592 3581 1023 4092 3523
Route 99 : 1898 1166 4398 3666 475 1459 235 3959 2975 2735 904 1270 3404 3770
Route 100 : 432 1074 942 2932 3574 3442 1291 1218 3718 1102 3791 1194 3602 3694 1310 3810
Route 101 : 675 1087 2375 3175 1761 4261 312 4875 1706 3587 4206 2812
Route 102 : 2277 1237 4777 3737 1035 1464 3535 3964 2155 4655 285 2785 1943 4443
Route 103 : 1219 250 2750 3719 520 2367 3020 1151 4867 239 2739 3651
Route 104 : 2054 4554 995 1512 4012 3495 1973 1974 4473 958 4474 3458 1926 1429 3929 4426
Route 105 : 1066 1050 3566 1720 2262 3550 2403 4762 4220 495 2465 4903 4965 1646 2995 4146
Route 106 : 2057 1967 4467 1054 3554 660 1652 3160 2166 4152 2219 4557 4719 4666
Route 107 : 1351 2448 3851 2486 4948 2101 4986 4601 2489 938 3438 4989
Route 108 : 701 1488 3988 121 2621 3201 463 1810 2963 2086 4586 1634 4134 1317 4310 3817
Route 109 : 959 3459 801 1799 2129 4299 3301 4629 1873 1924 4373 4424 1378 948 3878 3448
Route 110 : 732 3232 699 1449 3199 504 3949 3004 1382 1521 3882 716 4021 3216
Route 111 : 665 3165 90 516 3016 2590 2143 4643 1946 4446 1620 4120 1583 252 2752 4083
Route 112 : 1748 916 4248 1375 3875 3416 1726 1622 4226 2416 4122 4916 104 2604
Route 113 : 1975 363 1711 2863 4475 1400 1223 1321 3900 3723 308 3821 2808 982 4211 3482
Route 114 : 1979 4479 646 3146 1629 618 153 2653 4129 1475 3118 505 3975 3005
Route 115 : 1631 875 3375 4131 570 311 3070 57 2811 2557
Route 116 : 2248 2085 4748 4585 2325 600 3100 4825 555 3055 2074 1840 4574 4340
Route 117 : 141 2641 1316 83 3816 2583 858 1707 3358 4207 941 163 1143 2663 3441 3643
Route 118 : 1770 2383 4270 1787 4883 4287 1832 4332 1906 4406 968 818 3468 3318
Route 119 : 1233 1169 3669 927 3427 1094 3733 3594 165 598 2665 1565 2003 4503 4065 3098
Route 120 : 405 1283 2905 1356 3783 1493 3856 37 1242 3742 1301 2537 3993 3801
Route 121 : 844 3344 1658 498 187 4158 31 2998 2687 788 2531 3288 1281 807 3781 3307
Route 122 : 940 1003 3503 1927 3440 4427 2463 889 3389 4963 657 1394 3157 3894
Route 123 : 1526 1823 4323 4026 358 118 1744 2858 2618 2031 4244 343 4531 2843
Route 124 : 108 1421 2259 3921 2608 1772 1115 4759 4272 1731 3615 4231
Route 125 : 72 1547 2572 4047 440 2940 336 169 2836 2669 497 382 2997 2882
Route 126 : 385 1334 2885 3834 1416 1212 3712 3916 1444 326 3944 1737 2826 4237
Route 127 : 1154 3654 4 2288 4788 100 2600 1175 1545 3675 2504 1140 4045 3640 410 2910
Route 128 : 18 1689 2328 4828 4189 2518 354 1016 2854 3516 1940 1195 3695 4440 809 3309
Route 129 : 680 569 1704 2377 3180 3069 4204 4877 1679 294 4179 415 209 2794 2915 2709
Route 130 : 833 1146 1791 3646 3333 4291 1258 1041 3758 3541 1234 2381 3734 4881
Route 131 : 1956 4456 1846 643 4346 1606 892 3143 4106 3392 1728 779 3279 4228
Route 132 : 2500 897 1290 3790 3397 5000 17 1323 1150 2517 3650 3823
Route 133 : 10 1058 2510 2000 4500 2292 3558 203 974 4792 2703 3474
Route 134 : 1467 1805 3967 4305 2402 12 4902 2512 13 1877 4377 2131 2513 4631 2308 4808
Route 135 : 525 177 2677 1485 3985 3025 2053 1708 318 4553 4208 2818 798 3298
Route 136 : 2170 4670 994 1533 3494 1319 549 4033 2326 3819 3049 73 2573 4826
Route 137 : 389 2498 2889 1017 1121 3621 4998 3517 1235 1769 4269 3735
Route 138 : 970 831 3331 2492 3470 4992 1511 4011 1203 3703 28 2528
Route 139 : 922 3422 2436 730 461 2961 3230 4936 2119 1542 4042 917 4619 3417
Route 140 : 2452 624 3124 4952 1696 2456 915 4196 3415 4956
Route 141 : 445 109 48 2609 2945 2548 1501 4001 1179 3679 1957 612 3112 4457
Route 142 : 1076 1507 866 3576 3366 4007 2249 4749 1153 963 3463 3653 738 524 3238 3024
Route 143 : 2460 2430 4960 4930 626 1355 3855 1180 3126 2110 4610 3680
Route 144 : 16 1091 2516 3591 30 1184 2341 3684 2530 933 4841 2083 3433 4583
Route 145 : 1998 113 1994 2216 4494 4716 1721 299 4498 2799 4221 2613 355 2855
Route 146 : 653 1560 636 3136 4060 3153 1254 2213 4713 3754 2354 1 4854 350 2850 2501
Route 147 : 964 3464 501 1137 1192 3001 3692 3637 2474 988 2261 4761 3488 4974
Route 148 : 1486 1937 2018 3986 4437 4518 61 2145 2561 4645 2428 4928
Route 149 : 2220 4720 796 3296 2171 1814 4671 2175 4314 2215 4715 4675
Route 150 : 706 2112 1296 3796 3206 4612 1198 735 3698 1687 1952 3235 4187 4452
Route 151 : 322 1936 2822 812 4436 3312 1713 4213 1497 514 3997 3014 1662 2473 4162 4973
Route 152 : 2300 881 4800 3381 890 1248 3748 3390 561 427 761 3261 3061 2927
Route 153 : 1263 3763 1925 1437 3937 140 4425 2640 2282 896 4782 464 3396 762 2964 3262
Route 154 : 1125 3625 34 1349 3849 1587 2534 4087 2165 2357 2368 4857 4868 4665
Route 155 : 903 3403 1888 4388 1070 763 3570 279 3263 1277 2779 401 3777 2901
Route 156 : 1397 954 3454 3897 479 2201 535 2979 2043 3035 4701 4543 1935 1398 3898 4435
Route 157 : 248 2748 1657 739 60 3239 4157 2560 46 1447 2546 1833 4333 3947
Route 158 : 2314 4814 175 2471 2675 4971 291 1803 2791 253 2753 4303 1030 3530
Route 159 : 347 228 2728 392 2847 1801 825 2892 3325 4301
Route 160 : 1252 66 1407 2566 3752 509 3907 1969 3009 341 717 4469 2841 3217
Route 161 : 2036 765 3265 4536 2243 1279 2181 4681 4743 492 3779 2992 910 3410 1757 4257
Route 162 : 1933 2015 4515 1129 4433 362 2862 1239 3629 305 2805 3739
Route 163 : 837 1211 1912 4412 3711 331 902 3402 2028 2831 2120 4528 3337 4620
Route 164 : 2398 4898 265 2765 1036 3536 215 806 2715 3306 1913 4413 1280 3780
Route 165 : 1779 4279 952 905 284 3452 2784 1609 3405 1387 686 3887 3186 4109
Route 166 : 1626 1376 3876 989 1072 3489 3572 683 3183 4126 1530 4030 59 2559
Route 167 : 396 419 2919 276 2896 1756 1389 2776 3889 45 2545 4256
Route 168 : 860 3360 304 2192 4692 2104 2804 207 274 4604 1171 2774 114 3671 2614 2707
Route 169 : 2481 1448 3948 586 4981 1019 301 3086 2801 3519 373 2873
Route 170 : 1424 97 3924 2597 1141 3641 667 3167 1647 287 2787 2360 4147 4860
Route 171 : 2319 40 4819 293 2540 188 2793 2688 702 775 3275 3202 1343 3843
Route 172 : 1869 4369 703 721 3221 3203 591 2017 3091 627 3127 4517 1895 4395 1964 4464
Route 173 : 901 3401 2361 720 1466 4861 3220 3966 882 1371 622 3871 111 3382 3122 2611
Route 174 : 2363 4863 1901 4401 1420 1566 862 3362 1640 3920 1253 4066 2161 4661 4140 3753
Route 175 : 2011 4511 1515 4015 791 110 3291 414 1213 2610 204 3713 2914 2704
Route 176 : 2253 1564 4064 898 582 4753 3398 3082 1168 672 3668 1414 3172 3914
Route 177 : 2061 380 2880 4561 1380 2483 785 2278 4983 4778 594 3285 1434 3094 3934 3880
Route 178 : 490 150 2650 722 2990 3222 604 729 3104 1603 2394 4103 3229 4894
Route 179 : 1751 1632 1052 4132 623 3552 1645 4145 4251 2291 1060 4791 3123 1131 3560 3631
Route 180 : 2152 4652 543 1965 3043 296 4465 320 2820 2796
Route 181 : 1804 4304 530 3030 695 3195 751 3251 1586 4086 307 93 2807 2593
Route 182 : 422 2922 1598 1570 4098 2162 2435 4662 929 4935 2247 4070 1792 3429 4747 4292
Route 183 : 462 2962 1886 4386 1847 2336 4836 4347 962 1993 3462 4493
Route 184 : 1206 1148 546 3706 3648 3046 399 7 2899 2507 670 2496 1568 4068 4996 3170
Route 185 : 1222 2386 1315 3722 4886 2118 3815 1947 4618 590 3090 838 4447 3338
Route 186 : 1915 2206 4415 448 1039 4706 3539 2948 344 1891 2844 4391 1318 3818
Route 187 : 1049 3549 426 1960 4460 1553 4053 634 2926 3134 1077 441 2941 3577
Route 188 : 888 3388 2280 4780 2229 395 4729 1614 2100 4114 2895 4600
Route 189 : 1855 1431 3931 231 2731 4355 433 2933 1037 1487 3537 3987 1164 1712 4212 3664
Route 190 : 236 1802 439 1090 4302 2736 3590 2939 1839 91 4339 2591 1177 3677
Route 191 : 1298 218 1538 3798 1567 2718 4038 1214 4067 1874 2429 4929 3714 4374
Route 192 : 780 1266 3766 1717 885 3385 3280 4217 1648 1681 4181 4148
Route 193 : 671 1523 4023 1278 3778 3171 1120 283 2783 2258 3620 4758 1827 4327
Route 194 : 135 2044 2635 1250 1641 4544 1558 4141 3750 737 3237 4058 1904 1359 4404 3859
Route 195 : 742 1025 487 3242 2987 278 2067 4567 3525 2778 944 503 3003 2164 3444 4664
Route 196 : 2092 2116 1718 4592 4218 1705 4616 2049 920 4205 4549 868 3420 540 3368 3040
Route 197 : 1859 1357 4359 1411 1220 3857 3720 3911 1899 1849 1418 4349 3918 4399
Route 198 : 1928 541 4428 33 2533 3041 1297 1014 3797 117 2617 3514 2499 4999 705 3205
Route 199 : 1425 1576 3925 4076 120 1294 2620 3794 662 1368 3162 3868 1255 839 3339 3755
Route 200 : 1745 1202 4245 3702 931 2189 3431 158 4689 750 2658 894 3250 133 3394 2633
Route 201 : 527 3027 578 2233 3078 181 339 4733 2681 2839 1546 1395 4046 1978 4478 3895
Route 202 : 851 607 3107 368 3351 2868 743 3243 830 749 3330 966 3249 3466
Route 203 : 67 2567 1723 515 3015 973 3473 2241 4741 2063 4223 4563 2348 1020 3520 4848
Route 204 : 2396 1073 4896 3573 2111 4611 2289 2135 4635 4789
Route 205 : 1165 957 1185 517 3457 3017 3665 3685 1842 4342 637 836 3137 3336
Route 206 : 799 129 2629 2157 3299 512 3012 223 4657 289 2723 2789 559 3059
Route 207 : 237 645 2060 2737 3145 1440 4560 1674 690 3190 3940 4174 8 1950 4450 2508
Route 208 : 1001 3501 310 2462 4962 1015 2810 567 3515 3067 1201 3701
Route 209 : 550 3050 1691 4191 2034 1055 3555 589 1659 4534 4159 3089 51 2551 96 2596
Route 210 : 500 2316 4816 1516 4016 3000 979 1794 3479 4294 2050 4550 32 2532
Route 211 : 513 476 3013 1462 3962 2976 2267 1454 3954 1760 4260 1269 3769 4767
Route 212 : 329 507 14 2829 2382 2458 4958 2514 99 4882 3007 1908 4408 2599
Route 213 : 2290 4790 1759 272 4259 2002 1911 2772 4502 4411 1653 4153
Route 214 : 1103 3603 1370 1086 3586 3870 2494 1346 4994 3846 1426 3926 2012 4512
Route 215 : 1358 1773 3858 815 3315 2264 4273 4764 1116 1256 1695 3616 3756 4195
Route 216 : 1007 547 1621 3047 3507 691 925 3425 4121 3191 168 2668 2412 1112 4912 3612
Route 217 : 36 1227 3727 2536 1127 1463 3963 142 1762 2642 4262 2159 1107 3627 3607 4659
Route 218 : 80 394 2894 631 3131 494 2580 998 3498 2994 1005 1680 3505 4180 2450 4950
Route 219 : 789 3289 816 3316 1881 682 4381 883 3383 3182 292 562 3062 2792
Route 220 : 1682 1944 4444 4182 473 1623 689 4123 2973 3189 872 3372 297 2797
Route 221 : 1505 4005 1152 3652 2191 784 3284 574 4691 777 3074 1399 3277 3899
Route 222 : 2 2502 726 3226 1110 459 3610 563 2959 3063 1929 4429
Route 223 : 1876 1401 2467 3901 4967 4376 1221 698 3198 3721 2190 4690 1010 255 3510 2755
Route 224 : 2345 1040 2482 4982 4845 3540 1749 1878 4249 4378 1853 2169 4353 4669
Route 225 : 1664 510 3010 4164 1971 4471 1404 753 3253 191 3904 316 2816 2691
Route 226 : 1807 186 4307 1083 2686 3583 577 1824 987 4324 3077 3487 2070 4570
Route 227 : 2358 977 4858 3477 1245 3745 47 1093 1697 4197 2547 3593 1427 3927
Route 228 : 1665 4165 581 1182 3081 160 3682 2660 496 2996 1597 4097 2387 4887 425 2925
Route 229 : 1336 1549 1419 3919 3836 4049 1022 1029 3522 3529 2329 1733 4829 1332 4233 3832
Route 230 : 997 1887 3497 1101 4387 3601 2006 688 4506 781 1519 4019 3188 3281
Route 231 : 2153 1377 1348 4653 3848 3877 932 2124 423 3432 4624 2923 1216 3716
Route 232 : 1173 3673 803 3303 2009 887 3387 1328 3828 4509 1305 3805
Route 233 : 899 575 3075 843 3399 3343 741 56 3241 105 2556 2605 810 1666 3310 4166
Route 234 : 1292 606 298 3792 1308 3106 2798 3808 1045 1938 486 3545 4438 1225 2986 3725
Route 235 : 1683 869 3369 745 4183 2330 3245 613 4830 2203 4703 3113
Route 236 : 2411 4911 1047 3547 2239 465 4739 2303 102 4803 2965 2602
Route 237 : 611 545 3111 3045 1528 537 3037 4028 1584 2310 4810 1229 3729 4084
Route 238 : 137 1113 493 2156 2993 4656 3613 1667 2637 1460 3960 1522 4167 746 4022 3246
Route 239 : 522 1738 3022 2098 434 2934 4238 713 4598 2095 502 4595 3213 854 3354 3002
Route 240 : 725 1536 4036 2356 3225 1163 4856 3663 192 1848 4348 1228 2692 3728
Route 241 : 2137 2140 1798 4637 4640 230 2392 216 2716 4298 2730 4892 1494 3994
Route 242 : 2226 571 3071 1544 4044 4726 1551 1385 2477 3885 4977 4051 2026 4526
Route 243 : 639 2084 2476 3139 4584 1517 822 4976 3322 2457 4017 52 4957 2552
Route 244 : 715 3215 1000 2472 663 4972 3500 2343 3163 1581 4081 2047 4843 4547 1703 4203
Route 245 : 233 2733 3 2503 1063 2183 3563 1276 4683 1816 1968 3776 1236 4468 4316 3736
Route 246 : 584 3084 1699 4199 128 1306 1742 3806 2628 1775 2019 4242 4275 4519
Route 247 : 2433 1158 4933 1117 3617 3658 1531 2297 4797 4031 2025 827 3327 4525
Route 248 : 2200 198 4700 2311 4811 621 2698 2342 4842 2274 4774 3121 2309 4809
Route 249 : 2432 1577 4077 4932 985 3485 2379 4879 1654 805 4154 2251 3305 4751
Route 250 : 1450 131 2631 3950 1851 4351 2362 4862 2227 4727 1916 1980 4480 4416
Route 251 : 560 708 3208 3060 533 647 3033 3147 2408 349 4908 630 2849 3130
Route 252 : 1391 2302 84 2091 4802 2584 4591 2231 1156 4731 2130 3656 338 4630 2838 3891
Route 253 : 116 640 2616 3140 2142 4642 1918 315 4418 2815 573 2148 2058 4558 3073 4648
Route 254 : 783 2109 3283 2038 4609 2250 4538 348 4750 89 2180 2848 2589 4680 219 2719
Route 255 : 1432 3932 390 923 3423 2890 1740 2478 4240 4978 63 2563 2195 1607 4695 4107
Route 256 : 1822 397 4322 2897 1856 302 2802 4356 714 3214 1183 3683 1393 3893
Route 257 : 1958 1161 3661 4458 1639 811 4139 1661 1785 4285 3311 1144 4161 3644 760 3260
Route 258 : 2080 2409 4580 4909 170 650 853 3353 2670 1461 3150 792 3292 3961
Route 259 : 700 1331 3200 3831 2413 848 4913 3348 2023 2318 4523 4818
Route 260 : 2401 2151 4901 4651 1134 1326 2265 3634 1069 3826 4765 3569
Route 261 : 2032 1953 4453 4532 1575 2417 4075 4917 1200 679 3700 281 1671 3179 2781 4171
Route 262 : 1008 1920 1470 3508 4420 731 3970 1589 4089 1338 3231 3838 335 2835
Route 263 : 909 1384 3884 3409 1559 870 2271 3370 4059 719 3219 200 4771 821 2700 3321
Route 264 : 2106 206 4606 1831 359 2706 2859 4331 2066 649 3149 4566
Route 265 : 254 1155 325 2825 2754 2237 1995 4737 1572 4072 4495 3655
Route 266 : 1302 3802 408 2908 602 2136 4636 3102 1390 1388 3890 3888 2198 4698
Route 267 : 1736 554 1829 4236 261 2761 4329 77 3054 471 86 2577 2971 2586 41 2541
Route 268 : 1991 4491 286 2007 4507 2786 2090 4590 1033 183 3533 2683 2451 4951
Route 269 : 1304 1442 3942 197 2096 1079 4596 2697 1615 3579 178 4115 1524 2678 3804 4024
Route 270 : 642 2256 3142 4756 2293 687 3187 334 4793 2834 842 3342
Route 271 : 786 3286 1535 1702 4202 2281 4035 2021 4521 2275 2320 4775 1959 4459 4820 4781
Route 272 : 2378 764 2132 4632 3264 4878 1345 2188 583 3845 4688 3083
Route 273 : 1057 1392 3892 211 3557 1465 2711 3965 2087 2389 4889 2089 4587 4589
Route 274 : 1309 1339 3809 3839 992 3492 2004 4504 1676 1752 1282 4176 3782 4252
Route 275 : 1608 4108 98 790 3290 2393 2598 850 793 3350 1205 3293 4893 3705
Route 276 : 1362 1987 1303 3862 4487 857 1510 3803 4010 3357 379 1871 2879 4371
Route 277 : 603 2222 3103 2193 4722 1106 4693 3606 1503 1624 4003 127 4124 1627 2627 4127
Route 278 : 1552 4052 508 3008 1655 4155 1455 1722 3955 4222 402 2902
Route 279 : 1860 4360 907 3407 2404 4904 1311 1197 3697 418 1034 3811 2918 3534
Route 280 : 536 3036 1601 521 3021 1199 2493 3699 4101 4993
Route 281 : 1264 3764 151 693 2651 1610 4110 3193 2419 2298 4798 4919
Route 282 : 1670 619 3119 4170 934 5 3434 2505 572 1875 3072 1452 2479 4375 3952 4979
Route 283 : 1730 4230 1784 2069 4569 386 2886 4284 485 659 2068 3159 4568 2985
Route 284 : 1684 1085 3585 1365 4184 413 3865 2913 27 2527 152 2652 782 3282
Route 285 : 609 251 2426 2751 3109 1354 965 3465 3854 4926 1114 1835 1273 3614 4335 3773
Route 286 : 2108 877 3377 1863 4608 148 25 2525 2648 2346 4363 4846 960 3460
Route 287 : 1119 3619 696 3196 1963 4463 2046 1678 4546 2464 4178 4964 1479 3979
Route 288 : 724 641 1977 3224 4477 3141 1492 1244 3992 1783 953 3744 3453 1260 4283 3760
Route 289 : 366 2866 1534 4034 295 2445 2030 4530 2795 4945 2257 1499 4757 3999
Route 290 : 1612 4112 1537 4037 2224 884 1379 4724 1909 4409 3879 3384
Route 291 : 391 2268 2891 2470 1473 3973 4768 4970 1817 4317 1776 4276 2141 4641
Route 292 : 2446 4946 800 21 430 2521 2930 1333 3300 3833 617 3117 1939 2323 4823 4439
Route 293 : 2138 222 1075 2722 3575 1942 4442 1540 4638 4040 2056 2295 4556 4795
Route 294 : 1159 1793 1768 3659 4268 4293 164 319 2664 2819 35 820 2535 3320 972 3472
Route 295 : 1532 2327 4032 4827 1780 1272 2027 3772 58 4527 4280 2558
Route 296 : 1172 2062 4562 814 3672 2242 984 3484 3314 4742 202 2399 4899 2702 1693 4193
Route 297 : 804 2252 3304 1758 372 2872 4258 638 2128 4752 3138 893 4628 3393
Route 298 : 1406 2041 3906 4541 1905 1312 3812 4405 1207 1628 3707 282 4128 2199 2782 4699
Route 299 : 1525 4025 1778 1098 1903 3598 4278 2177 1984 4403 4484 4677 226 2726
Route 300 : 900 2475 3400 4975 1482 3982 1508 4008 342 961 3461 2842 290 2790
Route 301 : 1363 1191 3863 3691 2071 238 1857 2738 4571 107 4357 802 828 2607 3328 3302
Route 302 : 1931 1619 4119 2425 4431 1858 4925 407 2907 4358 2365 357 4865 2857
Route 303 : 951 1495 3451 1299 3799 2335 4835 2051 3995 2372 4872 4551 1692 1852 4192 4352
Route 304 : 615 346 3115 2846 2123 4623 2305 4805 651 3151
Route 305 : 431 1051 1187 3551 1932 3687 2931 4432 585 3085 1777 2390 4890 4277
Route 306 : 595 1006 2078 1136 4578 3506 1011 3636 70 2570 3511 266 863 2766 3095 3363
Route 307 : 697 3197 1498 1240 3998 3740 967 69 1812 2569 4312 3467 1100 3600
Route 308 : 711 2410 4910 3211 1541 2285 258 4041 4785 189 1441 2758 2689 3941
Route 309 : 1844 11 2048 2511 911 4344 3411 1976 229 2324 4548 2729 4476 453 2953 4824
Route 310 : 1386 845 1617 4117 1502 3345 1914 2039 3886 4002 4539 4414 1038 864 3538 3364
Route 311 : 1883 1668 4168 4383 1739 709 3209 4239 2388 2333 4833 4888
Route 312 : 1743 4243 19 673 3173 2519 1496 50 1109 3996 2550 3609
Route 313 : 1825 314 78 2578 4325 247 2747 2814 6 2506 243 1595 2743 2443 4095 4943
Route 314 : 2202 712 4702 632 3212 3132 2395 4895 1966 154 1917 4466 2654 4417
Route 315 : 2269 4769 483 787 2983 2149 3287 1089 4649 409 3589 2909
Route 316 : 674 1527 3174 4027 752 76 3252 2576 74 2574 1766 184 580 4266 3080 2684
Route 317 : 1985 1688 4485 4188 1529 4029 1771 4271 2115 4615 593 1941 3093 4441 865 3365
Route 318 : 1656 4156 136 2088 1709 4209 2636 4588 1872 4372 94 2594
Route 319 : 23 1685 2523 4185 482 2287 4787 1675 2982 4175 1126 1746 4246 3626
Route 320 : 1367 3867 1550 1061 4050 1625 3561 217 4125 1130 2717 3630
Route 321 : 588 886 3386 3088 2286 4786 2127 2150 1999 4650 4627 49 2549 4499
Route 322 : 2076 4576 1890 1866 4390 4366 44 2544 270 2770 2245 4745
Route 323 : 1210 949 3710 3449 1599 376 4099 157 2876 79 257 2657 2579 2757
Route 324 : 1782 2037 4282 856 579 4537 3356 1337 364 3837 740 2864 3079 214 3240 2714
Route 325 : 303 1059 2803 174 3559 1590 2674 2240 4090 4740 2209 4709
Route 326 : 15 2173 2515 551 3051 2397 4673 4897 1630 4130 1275 3775 772 943 3443 3272
Route 327 : 2321 4821 240 1569 2740 946 3446 1092 1949 4069 3592 455 4449 2139 2955 4639
Route 328 : 1231 62 2562 1596 3731 4096 2064 1018 4564 625 3518 3125 39 2539
Route 329 : 1145 3645 2073 4573 1986 2117 4486 199 4617 2699
Route 330 : 53 1867 2553 2364 616 1663 4367 3116 1919 4864 4163 1024 4419 3524
Route 331 : 259 2759 1686 2266 1004 4186 3504 1948 4766 2236 1417 4736 4448 3917
Route 332 : 610 1314 3814 3110 1160 1139 1870 3639 939 3660 3439 4370
Route 333 : 2276 937 173 2673 4776 727 411 2911 162 3227 945 2662 3445 3437
Route 334 : 1013 1900 4400 3513 1715 635 4215 3135 587 3087 1471 145 3971 2645
Route 335 : 692 1755 3192 4255 2144 2223 22 4644 2522 4723 1753 823 3323 4253
Route 336 : 271 1767 4267 1347 2771 2338 1410 3847 3910 4838 2385 4885 1734 406 4234 2906
Route 337 : 1138 2208 553 1257 3757 4708 694 3194 3053 3638 1578 1819 4319 4078
Route 338 : 2035 511 4535 3011 42 1176 1457 2542 3676 3957 1491 3991
Route 339 : 332 85 2832 930 2585 3430 2352 734 467 2967 4852 778 3234 855 3278 3355
Route 340 : 2349 826 3326 1992 2024 4492 4524 38 1996 1064 2538 4496 4849 3564
Route 341 : 1811 1142 558 3058 1500 4311 156 3642 4000 1042 3542 2656 2040 1307 3807 4540
Route 342 : 328 2828 182 2447 4947 2682 2487 1028 4987 88 2187 4687 3528 2588 324 2824
Route 343 : 1585 4085 43 130 2543 2630 2307 797 4807 3297 474 2974 1196 3696
Route 344 : 526 3026 1262 444 1724 2944 2480 3762 4980 4224 2176 4676 1477 2350 3977 4850
Route 345 : 212 1433 2255 2712 664 3933 3164 2072 2263 4763 4572 1747 1548 4048 4247 4755
Route 346 : 1111 846 3346 1396 3611 71 3896 2405 2571 213 4905 813 2713 3313
Route 347 : 2272 4772 2468 1443 1554 4968 3943 1962 4054 4462 1095 2431 4931 3595
Route 348 : 1402 3902 1012 2301 3512 4801 913 205 3413 1789 2705 146 4289 2646
Route 349 : 2228 4728 2371 4871 1972 499 2999 4472 64 2059 2564 4559 1483 3983
Route 350 : 918 685 3185 3418 246 861 1997 2746 1571 3361 4497 597 4071 3097
Route 351 : 1945 1618 4445 4118 450 2010 227 4510 2950 1451 3951 2727 2185 534 4685 3034
Route 352 : 1788 2163 4288 993 3493 867 155 2304 3367 2655 4804 273 2773 4663