Instance name : poa-n600-2
Authors : Alexander Yuskov (a.yuskov@g.nsu.ru), Igor Kulachenko (ink@math.nsc.ru), Yury Kochetov, Igor Vasilyev, Zhangdong, Chenjuan, Huanghaohan, Wanglongfei
Date : 28.05.2025
Reference : HGIM
Solution
Route 1 : 222 158 189 458 88 489 156 456 522 388 40 157 30 457 112 340 412 96 330 168 468 396 296 596
Route 2 : 4 45 304 163 345 181 234 463 217 481 534 94 517 205 3 394 303 103 403 505 95 177 395 87 477 387
Route 3 : 188 69 488 35 335 48 369 187 348 109 37 409 337 199 154 487 454 499 114 414 223 15 523 244 315 277 544 577
Route 4 : 121 226 239 526 421 281 539 581 2 250 550 211 302 210 510 511 143 78 197 378 62 443 497 43 362 343
Route 5 : 129 86 9 309 429 259 559 90 216 390 116 416 386 246 289 546 516 290 589 254 590 18 318 554
Route 6 : 59 101 89 359 401 224 389 150 162 450 265 524 247 462 565 547 294 594 7 137 307 82 437 382 133 178 433 478
Route 7 : 29 329 132 432 57 100 55 400 357 355 83 135 383 170 75 77 435 108 470 408 377 161 375 461 84 384 20 102 320 402
Route 8 : 221 287 587 521 297 597 47 191 347 207 507 491 126 46 426 42 346 342 299 295 595 599
Route 9 : 208 38 338 25 325 508 273 573 67 36 367 206 506 336 21 60 321 151 123 451 360 423 23 323
Route 10 : 169 219 469 519 85 385 125 165 110 465 118 425 410 418 172 111 31 411 472 106 331 406
Route 11 : 24 214 107 514 324 407 6 16 306 183 316 483 130 146 430 242 542 446 268 266 11 566 568 311
Route 12 : 113 12 413 98 152 312 33 398 174 41 452 176 476 341 141 333 63 441 119 363 474 235 419 213 535 513
Route 13 : 52 232 532 298 142 442 352 194 494 598 14 32 314 117 417 153 332 71 453 104 155 404 455 371
Route 14 : 93 49 393 349 56 356 73 203 503 215 373 282 515 245 582 545 27 255 327 164 555 243 464 160 460 543
Route 15 : 184 229 484 529 269 276 576 569 251 53 353 551 267 567 240 237 19 540 537 249 319 549
Route 16 : 147 179 231 479 39 447 339 253 531 553 270 274 570 58 358 272 574 97 572 192 397 492
Route 17 : 218 196 518 496 279 139 579 182 482 439 202 261 502 99 561 399
Route 18 : 159 258 459 92 51 351 66 558 392 136 366 200 236 536 436 500 286 586 209 44 186 509 344 486
Route 19 : 128 17 317 280 291 580 591 428 13 285 185 313 81 115 381 34 334 485 585 415 131 431
Route 20 : 80 225 105 140 380 22 322 440 405 195 227 495 263 525 527 271 563 275 571 575 166 134 466 434
Route 21 : 241 65 28 365 233 328 167 541 467 533 175 475 120 26 204 420 145 326 504 256 445 1 10 301 556 310
Route 22 : 149 171 471 449 264 564 79 91 379 68 391 368 5 54 305 148 448 61 361 354
Route 23 : 198 8 308 300 498 600 262 288 260 588 562 293 560 228 74 593 374 248 528 278 548 283 578 583
Route 24 : 173 473 212 190 512 490 70 370 238 50 538 350 252 220 201 124 284 424 520 501 552 584
Route 25 : 64 76 376 138 230 364 530 122 422 193 127 438 144 427 493 257 444 180 480 557 292 72 372 592
