Instance name:	poa-n3000-6
Authors:		Carlo Sartori and Luciana Buriol
Date:			2019-2-11
Reference:		A matheuristic approach to the PDPTW (to be submitted)
Solution
Route 1 : 254 189 1689 1754 390 787 1421 2921 1890 473 1190 2287 2690 1973
Route 2 : 712 297 1017 556 1797 2056 1367 2212 2867 11 498 2517 290 23 1790 1511 1998 1523
Route 3 : 831 530 2030 648 2331 2148 625 2125 852 96 631 2131 1596 2352
Route 4 : 1131 2631 1296 341 1134 1228 2796 593 2634 2728 2093 1841 154 1654 1408 2908
Route 5 : 659 2159 867 1197 374 923 1874 2367 822 2423 2697 2322 1434 2934
Route 6 : 51 642 346 477 2142 1393 2893 1551 1846 1977 1182 2682 665 517 2165 2017
Route 7 : 122 997 894 1622 789 2497 134 982 1634 2394 766 2289 2266 2482 82 1582
Route 8 : 247 382 707 1747 2207 1882 620 1249 1014 496 2749 2514 2120 1996
Route 9 : 1168 399 2668 734 1491 2991 2234 1148 27 2648 807 1899 2307 1527 1419 1136 2636 2919
Route 10 : 408 1331 187 1908 1687 2831 53 1056 1553 2556
Route 11 : 551 2051 267 645 1767 1254 1453 2754 2145 165 1665 684 2953 2184
Route 12 : 77 357 1577 650 1857 116 1379 2150 709 1616 2879 965 1412 2465 271 1771 2209 2912 68 1568
Route 13 : 568 899 2068 908 2399 520 104 2020 938 1604 755 2408 2438 529 2255 2029 177 1677
Route 14 : 1439 495 1452 1118 2939 1995 667 2618 397 1066 1897 2167 2566 2952 1012 2512
Route 15 : 895 45 436 1344 1545 720 2844 2395 1936 833 2220 1216 2333 355 2716 1855
Route 16 : 1053 213 1713 248 2553 945 1748 549 629 533 2445 2129 2049 2033 385 1885
Route 17 : 1309 215 701 1715 1313 2809 108 858 2201 54 1608 2358 2813 1554 988 2488
Route 18 : 686 448 1948 546 774 532 2274 2032 2046 662 829 2186 2329 2162
Route 19 : 221 1721 490 1364 1990 940 2440 1490 2990 2864 661 2161 65 1565 942 2442
Route 20 : 191 617 2117 1691 717 603 2217 2103 217 364 1717 808 160 2308 1864 1660
Route 21 : 1407 1123 163 2623 1663 2907 896 1069 2569 1217 2396 1165 2717 869 2369 656 2665 2156
Route 22 : 7 111 1507 1611 1479 479 1979 2979 1276 478 824 2776 2324 115 1978 1615
Route 23 : 280 48 1548 1020 238 2520 1780 1089 1738 1278 1323 2823 2589 2778
Route 24 : 1467 447 545 1218 2045 2967 1482 2982 841 331 1947 1191 2718 955 2341 1831 2455 1280 2691 2780
Route 25 : 1171 1169 2669 30 2671 1177 1530 1350 2850 92 2677 844 1592 706 431 2344 2206 870 1931 2370
Route 26 : 26 218 1156 1526 1327 1287 1718 2787 2827 1129 2656 916 2416 2629 1388 2888
Route 27 : 32 489 853 1045 1989 1013 2353 2545 2513 668 445 2168 1945 1532 500 2000
Route 28 : 227 150 1650 727 1727 2227 1496 675 1447 2996 461 2947 2175 575 2075 1961
Route 29 : 518 998 211 2018 90 2498 1342 1590 454 2842 1711 1954 1459 391 1187 2959 2687 1891
Route 30 : 1238 849 88 819 2349 1073 2738 1588 2573 424 2319 539 1924 2039
Route 31 : 252 482 771 1752 174 1982 1674 1308 2808 381 1881 460 1345 2845 1960 172 2271 1672
Route 32 : 1267 788 2767 1209 784 2284 2709 119 2288 917 1390 1619 2417 2890 413 1913
Route 33 : 395 1895 1473 1275 2775 2973 412 512 1440 426 2940 2012 1926 951 1912 2451
Route 34 : 113 571 602 1613 419 1919 2071 2102 1100 361 89 1589 1861 2600
Route 35 : 738 856 2238 971 2471 2356 1493 1067 34 2567 1534 633 2993 296 2133 1796 24 1524
Route 36 : 1466 838 167 1667 2966 825 196 2325 2338 1330 1381 409 1387 1696 2830 2881 2887 1909
Route 37 : 718 828 2218 2328 892 848 2392 1033 2533 2348 417 543 1917 2043
Route 38 : 410 1910 1484 621 1351 342 2121 2984 525 1164 2851 1842 2025 2664
Route 39 : 128 276 1054 624 1628 1776 2554 713 2124 1326 2826 168 2213 1668
Route 40 : 1394 350 1850 2894 1189 888 123 931 1198 2431 2689 2698 2388 1623
Route 41 : 854 1265 258 2354 531 353 689 2031 2189 1758 2765 264 1853 1359 1764 2859
Route 42 : 236 954 722 1736 2222 2454 303 475 42 1975 208 1542 813 2313 1803 1708
Route 43 : 16 106 1516 93 1606 130 1593 1422 2922 1038 1630 231 125 1731 1625 2538
Route 44 : 915 1200 2415 407 2700 639 1170 1907 688 2670 2188 2139 1096 994 2494 2596
Route 45 : 415 1915 515 84 1584 2015 1083 522 2022 672 2583 1328 663 2172 2163 2828
Route 46 : 521 451 1271 459 2771 2021 1959 1951 234 433 1499 927 1933 1734 2427 1184 2999 2684
Route 47 : 580 1362 2080 1397 2862 2897 871 1494 209 2994 2371 1709
Route 48 : 792 859 585 2359 2292 153 2085 81 1653 637 1581 990 2490 2137
Route 49 : 5 1058 609 1505 1035 2109 389 2558 1889 2535 925 872 2425 2372
Route 50 : 1001 324 322 736 2501 2236 1824 1822 441 536 62 1941 101 1601 2036 1562
Route 51 : 494 1994 468 1212 1968 2712 669 404 2169 1147 1904 2647 117 1617
Route 52 : 1442 1449 2942 845 963 1340 2949 2463 1002 1498 2840 2998 882 2502 2382 2345
Route 53 : 1246 1315 2815 393 76 2746 1261 1110 2761 1576 1893 1234 2610 2734
Route 54 : 986 323 1252 2486 1823 1221 1097 2752 598 2098 2721 2597
Route 55 : 1050 2550 783 1460 2283 534 1321 2960 724 2034 2821 2224
Route 56 : 487 1272 1987 1232 352 2772 1852 1325 2732 277 287 2825 1787 1777
Route 57 : 907 513 2407 266 1247 2747 1766 832 2332 690 883 2190 2013 2383 363 1863
Route 58 : 261 199 503 2003 1699 1761 420 1343 2843 1920 975 873 2475 2373
Route 59 : 278 1176 373 2676 1161 1778 1873 440 2661 1940 936 2436
Route 60 : 368 1332 1090 1133 2832 1868 1206 1385 2633 2885 2590 594 2706 2094
Route 61 : 1373 326 2873 103 74 1826 1603 1574 1099 8 2599 1352 1508 2852
Route 62 : 345 302 1802 421 1845 411 1921 1186 1911 959 2686 2459
Route 63 : 1040 1370 1391 826 2870 2891 2326 2540 751 467 2251 1967
Route 64 : 1205 1455 2705 2955 120 542 2042 1032 1620 952 714 705 2532 2452 527 1223 2027 2723 2214 2205
Route 65 : 1478 554 348 2978 398 1339 1848 2839 2054 1898 1025 1349 414 2525 1914 2849
Route 66 : 861 1441 2361 918 2418 687 2187 2941 1336 693 161 810 2310 1661 2836 2193
Route 67 : 744 255 316 1816 2244 1755 1372 243 538 2872 600 1743 2038 2100
Route 68 : 660 1245 291 1105 557 868 2605 2160 1791 2057 2368 259 2745 1759
Route 69 : 220 1431 973 912 1720 2473 1115 2931 2412 2615 664 1240 2164 2740 651 2151
Route 70 : 204 770 1704 657 2270 1006 492 2157 192 2506 1692 1992
Route 71 : 1215 1255 1341 2755 2715 2841 110 80 1580 1036 1610 2536 1237 2737
Route 72 : 823 596 597 78 1578 2097 2323 2096 641 921 2141 1064 2564 2421
Route 73 : 1065 2565 526 17 1517 1263 2763 2026 1306 1116 2616 2806 112 1612
Route 74 : 1214 979 677 387 2714 2177 1887 1144 1291 2479 2791 799 2644 2299
Route 75 : 874 75 1018 1575 335 2374 1048 1279 2779 1835 2518 285 2548 976 2476 1785
Route 76 : 1424 619 913 1481 1277 2413 2119 2981 2777 901 2401 1077 2577 2924
Route 77 : 12 126 1626 817 203 1512 1292 920 2317 2420 745 232 1703 2245 2792 772 1732 2272
Route 78 : 202 1702 695 1400 1356 2195 2856 768 2900 508 2008 2268 1489 2989
Route 79 : 710 570 2210 2070 796 1304 1141 1483 2983 2641 2296 2804 379 1879
Route 80 : 607 2107 681 263 97 1763 2181 288 599 1788 1183 2683 1597 2099 1429 2929
Route 81 : 149 1152 1649 1208 311 2652 372 1811 2708 1872 157 1041 2541 1657
Route 82 : 850 1500 1468 1380 2968 2350 1160 3000 2880 610 2110 2660
Route 83 : 22 1425 1522 73 2925 138 1638 1573 1023 2523 501 2001 1028 2528
Route 84 : 375 881 1875 731 815 2381 2231 2315 1143 180 2643 1680 1310 630 537 2037 2810 2130
Route 85 : 1145 144 1644 2645 1128 1074 2574 905 2628 2405
Route 86 : 968 1037 2468 1113 2537 329 800 2613 146 2300 957 1646 394 1829 1894 2457
Route 87 : 1409 222 1722 1347 2909 1264 2847 430 902 1087 2764 761 2402 1930 2587 2261
Route 88 : 1222 889 2389 2722 162 321 1662 1411 1821 876 396 1896 2376 2911
Route 89 : 2 1448 1502 1173 2673 2948 834 141 562 1641 356 1461 934 1856 2062 2334 2434 2961
Route 90 : 847 472 612 2347 1972 558 2112 405 2058 1905 1446 2946 384 1103 1884 2603
Route 91 : 756 1015 2515 1497 523 2997 2256 2023 1357 1225 2725 903 2857 2403
Route 92 : 564 1092 427 1413 1927 2592 2064 950 2450 1062 2913 237 1 2562 1737 1501
Route 93 : 58 1338 794 2838 292 1558 2294 1430 2930 1792 1305 735 2235 2805
Route 94 : 750 611 139 2250 463 1639 914 1963 2414 1317 2817 428 2111 552 1928 2052
Route 95 : 1068 2568 835 2335 1236 446 1946 21 1521 541 2736 879 2379 239 2041 1739
Route 96 : 307 464 811 1807 1964 1286 2311 2786 962 175 1675 2462
Route 97 : 380 79 1880 260 1579 742 2242 1760 250 36 1750 1536
Route 98 : 1172 992 2492 694 1227 2194 37 1537 140 535 1640 636 2136 2035 1418 2672 1011 2727 2511 2918
Route 99 : 586 2086 1386 6 1506 1435 2886 2935 802 1071 349 1849 2571 2302
Route 100 : 148 452 438 767 1938 2267 1952 1146 769 29 2646 1648 2269 369 1529 1869
Route 101 : 615 2115 1346 214 2846 1714 1078 743 338 2578 362 1838 286 2243 1786 1862
Route 102 : 223 13 1723 212 1513 1712 1322 226 1726 1266 2822 1085 2766 2585
Route 103 : 1210 2710 588 1109 969 2469 2088 2609 474 1974
Route 104 : 754 2254 207 1403 55 1555 773 2903 1707 1063 18 1518 2563 2273
Route 105 : 205 886 632 935 1288 2386 1443 929 1705 2132 2943 2429 2788 2435
Route 106 : 253 715 2215 497 1753 606 1997 1094 480 2594 2106 1980 946 2446
Route 107 : 937 1454 2437 242 2954 1742 805 210 1477 2305 2977 1710
Route 108 : 947 358 2447 453 528 2028 578 2078 730 1858 1953 1456 2230 798 2298 1007 837 2337 2507 2956
Route 109 : 15 310 1515 1122 1810 1106 2622 2606 1195 2695 181 392 1681 1892
Route 110 : 806 1233 2306 2733 416 1495 1916 289 1008 2508 944 2995 1789 2444
Route 111 : 152 39 974 1652 1155 2655 219 1061 2474 640 2561 1539 2140 647 273 2147 866 1773 1719 2366
Route 112 : 1114 336 1179 2614 1836 1000 2500 370 1870 2679 653 69 1569 2153 1363 2863
Route 113 : 740 188 2240 228 274 1728 1774 314 1688 1814 939 158 1051 2551 2439 1658
Route 114 : 1079 643 626 2579 2126 2143 814 2314 456 1281 2781 1956
Route 115 : 1185 2685 449 225 1725 1052 1258 1949 432 2552 2758 864 1932 469 2364 1969
Route 116 : 184 839 757 563 2063 1684 2339 1470 985 2257 2485 2970
Route 117 : 510 240 2010 591 1740 1294 2091 95 1595 904 344 2794 1844 2404 1126 2626
Route 118 : 1282 1163 67 2663 1567 2782 560 797 354 2060 1289 2789 1854 401 1901 2297
Route 119 : 514 891 2391 107 2014 1142 2642 1469 1607 383 265 1765 2969 1883
Route 120 : 366 1866 804 516 898 2304 304 1804 109 2016 964 1609 2464 2398
Route 121 : 327 1827 484 970 1984 2470 64 1564 1125 485 2625 1202 2702 1985
Route 122 : 418 1396 1918 1107 993 2896 425 1231 2607 782 2493 1925 2282 2731 547 583 2083 2047
Route 123 : 1239 2739 1093 670 728 505 2593 2228 2005 2170 553 795 2053 587 2087 2295
Route 124 : 995 2495 958 1270 2458 59 926 2770 2426 1559 1021 333 1833 922 2521 2422
Route 125 : 272 1159 1043 1772 2543 2659 256 604 262 1756 2104 1762
Route 126 : 948 334 2448 332 1834 1832 301 1801 786 281 2286 1199 2699 1781
Route 127 : 989 118 1618 2489 66 1566 1464 481 244 2964 1981 1744 1319 2819 1486 1290 2986 2790
Route 128 : 458 1119 86 1958 1586 840 2619 87 1587 1009 2509 966 2466 2340
Route 129 : 450 644 2144 442 1335 1950 439 1942 2835 1303 46 2803 1546 1939 200 1480 2980 1700
Route 130 : 1260 38 827 2760 877 2377 1027 2327 900 1538 1402 2527 2400 2902
Route 131 : 696 105 801 2196 315 2301 1135 1605 1815 2635 1010 2510
Route 132 : 131 1166 1631 1366 2666 2866 1243 406 1906 2743 779 646 2146 2279
Route 133 : 875 1485 2375 635 758 2258 2135 2985 565 241 555 1741 540 2055 2040 2065 19 1519
Route 134 : 1395 4 164 1664 589 1193 2089 605 1504 1026 2895 2693 2105 2526 704 2204
Route 135 : 711 1138 2211 2638 127 1432 2932 1044 1627 308 1269 2769 1808 2544
Route 136 : 1462 257 1757 1181 723 2962 884 2223 778 2681 25 2278 2384 1525
Route 137 : 567 1420 2067 2920 1029 885 2385 2529 1055 2555
Route 138 : 300 1800 229 1117 1302 2617 1729 708 924 2802 493 63 2208 1993 2424 1563
Route 139 : 1139 1060 2639 1284 2784 2560 737 504 2004 269 991 2491 2237 1769
Route 140 : 1427 403 2927 1903 502 378 491 44 2002 1878 716 1544 1991 2216
Route 141 : 1175 2675 1401 2901 812 763 2312 2263 434 726 618 1934 2118 2226
Route 142 : 186 1329 328 1686 325 1828 2829 785 775 1825 2275 190 2285 1273 2773 1690
Route 143 : 1219 206 2719 762 2262 1706 100 1600 360 1256 1463 2963 1860 2756
Route 144 : 1250 748 573 2248 2750 2073 114 608 2108 1614 159 1320 376 1659 2820 1876
Route 145 : 1471 2971 136 423 1636 1299 1923 910 339 2410 2799 1839
Route 146 : 306 509 2009 893 1806 622 1108 2393 674 2122 579 2608 2174 2079 1444 2944
Route 147 : 1297 317 671 2797 72 1817 1334 2171 471 1572 1971 2834 524 2024
Route 148 : 124 777 1624 2277 1201 1262 462 846 2701 2346 2762 52 1962 1552
Route 149 : 437 981 312 2481 1812 319 1937 1283 1819 1312 2783 2812
Route 150 : 371 1871 94 574 1594 2074 151 1651 752 2252 1151 1476 1220 2976 2651 2720
Route 151 : 47 820 1248 2320 2748 1154 2654 170 1547 60 1670 1180 2680 1560
Route 152 : 1457 2957 142 155 1642 1655 1458 1211 2958 422 2711 1922 658 2158
Route 153 : 1318 601 299 1274 1799 2818 2774 283 2101 739 1783 2239
Route 154 : 592 887 1049 2387 2549 2092 40 194 337 1694 1540 1837
Route 155 : 9 1047 2547 295 1795 71 1509 185 890 1571 1685 2390
Route 156 : 1259 320 1820 2759 857 377 2357 1877 268 198 1382 1768 1698 2882
Route 157 : 1158 511 2658 1030 1196 2530 14 2011 1472 2696 2972 1514
Route 158 : 1445 1268 2945 2768 183 1019 351 145 2519 860 1683 1851 1645 943 2360 2443
Route 159 : 855 1086 590 2355 2586 1378 700 2200 2090 967 2878 1229 2729 10 1510 2467
Route 160 : 143 842 1643 1451 1213 2951 655 2713 843 2343 2155 2342 1307 2807
Route 161 : 132 616 2116 1632 1433 43 1543 673 1102 2173 2602 960 429 2460 1929 2933
Route 162 : 1251 1428 2751 1084 2928 2584 137 1224 2724 1188 996 1637 2496 2688
Route 163 : 911 178 1678 2411 685 1355 193 2855 2185 582 1693 2082
Route 164 : 386 719 1886 245 614 1311 1101 2114 1745 2219 233 759 2811 1120 2601 2259 1733 2620
Route 165 : 678 70 98 1598 1570 1080 1369 2580 2178 2869
Route 166 : 679 862 2179 569 2362 2069 230 1730 725 1235 2735 691 169 2225 1669 2191
Route 167 : 465 1088 1965 1016 2588 347 2516 1392 1847 1003 972 2892 2472 2503
Route 168 : 182 1682 956 359 680 2180 1859 566 2456 702 1348 2202 2066 2848
Route 169 : 1022 666 941 2166 2522 765 1377 1438 2441 2877 2265 2938 1076 340 2576 1293 1840 2793
Route 170 : 821 1140 2321 476 2640 682 1976 102 2182 1602 544 343 1843 2044
Route 171 : 1436 1157 2936 2657 1095 1389 793 2595 2293 932 2889 133 1633 2432
Route 172 : 987 863 2363 2487 1242 519 1149 2649 2742 2019
Route 173 : 1375 388 1059 2875 2559 466 1888 1966 561 878 2378 1174 1410 2674 2061 2910
Route 174 : 781 275 983 1775 1406 930 2281 2906 548 2483 2048 836 2430 2336
Route 175 : 978 1098 1111 2598 2611 595 99 2478 179 2095 1679 1599
Route 176 : 1405 2905 1072 2572 698 1360 2198 1167 2860 2667 282 1782
Route 177 : 455 1192 1376 2876 1423 2692 270 1955 1770 613 2923 1488 2988 980 2480 2113
Route 178 : 1383 780 195 2280 2883 1695 305 50 933 1805 2433 1550
Route 179 : 1241 224 1724 697 2741 246 284 1746 1784 2197 57 732 2232 1557
Route 180 : 1415 1042 318 1818 2915 764 830 121 1361 2264 1226 1621 2861 2330 2726 2542
Route 181 : 676 443 1943 2176 1204 897 1426 2926 2704 2397
Route 182 : 1031 166 584 1324 2084 2824 576 2531 818 2076 2318 1162 1666 2662 20 1520
Route 183 : 1295 83 1583 2795 1091 692 85 1585 1153 2591 2192 1465 1150 2965 2653 2650
Route 184 : 760 2260 1285 733 2233 649 2785 791 2149 1178 171 1082 2291 2582 2678 1671
Route 185 : 1207 2707 1230 776 2730 470 2276 28 1970 1528 652 2152 1004 906 2504 2406
Route 186 : 628 2128 749 1316 2249 156 2816 1487 1656 483 2987 1983
Route 187 : 249 1749 721 2221 444 1039 1944 1333 2539 851 1374 2874 2833 2351
Route 188 : 279 1779 550 1474 1475 1298 2798 402 2050 2975 33 2974 1902 1533
Route 189 : 488 865 2365 1988 816 1194 2316 1368 2694 729 2229 2868
Route 190 : 699 623 741 2241 2123 2199 1127 928 2627 2428 747 499 1104 2604 1999 2247
Route 191 : 1300 129 1301 2800 1629 41 1541 2801 1414 1005 2914 2505 919 2419
Route 192 : 1358 1337 2858 1070 2837 1416 1034 2570 2534 1203 1130 2630 2916 2703 746 2246 1404 2904
Route 193 : 173 298 1673 49 1798 1549 367 654 1867 2154
Route 194 : 176 35 1535 457 581 1676 313 2081 1813 627 1957 2127 1124 577 2077 294 1794 2624
Route 195 : 909 2409 1399 1257 638 953 2757 293 1793 2138 1024 2899 2453 703 2524 2203
Route 196 : 1365 2865 1371 1314 1492 1132 2814 2871 2992 999 2499 2632 507 2007
Route 197 : 1046 197 1697 56 2546 634 2134 216 1556 572 1716 2072
Route 198 : 61 330 1830 1561 31 790 365 984 1531 753 2253 2484 2290 1865
Route 199 : 251 506 809 2006 2309 1751 3 400 1503 1900 486 1244 1986 2744
Route 200 : 435 1935 1450 961 880 2950 2380 2461 1253 1112 1384 2884 2753 2612
Route 201 : 803 235 1398 1735 2898 2303 1075 2575 949 1354 2449 1057 559 2854 2557 2059
Route 202 : 135 147 1635 1437 1647 1353 2937 1137 2637 2853 977 201 1701 2477
Route 203 : 1081 1121 683 2581 2183 91 2621 1417 309 1809 2917 1591
