Instance name : poa-n3000-5
Authors       : Dmitriy Demin, Mikhail Diakov (msd@veeroute.com), Ivan Ilin, Nikita Ivanov, Viacheslav Sokolov (vs@veeroute.com) et al. VRt Global (https://veeroute.com/)
Date          : 2023-07-09
Reference     : veeroute.com
Solution
Route 1 : 1140 739 2640 273 1773 190 2239 1690 1157 1332 2832 1166 2657 2666
Route 2 : 242 325 365 1825 1865 1300 907 2407 1142 2642 1742 2800 1479 535 2979 2035
Route 3 : 1420 511 209 1709 823 2920 2011 1483 2983 2323 514 74 1574 2014 460 1960
Route 4 : 662 984 111 2484 663 2163 1493 2162 1231 1611 2731 187 2993 638 304 1687 201 2138 1804 1701
Route 5 : 698 98 2198 642 2142 435 1598 1201 1935 1252 826 2701 1319 606 2752 1029 2106 2819 2326 2529
Route 6 : 176 775 250 1676 1470 1750 1274 2275 667 2970 54 2774 2167 1326 94 1554 1594 2826
Route 7 : 402 342 1056 1842 1902 1160 896 2556 1355 2855 480 2660 1980 1438 2396 2938
Route 8 : 1253 696 47 2196 2753 1027 1037 1547 2537 2527 426 1017 1926 441 525 2517 2025 1941
Route 9 : 564 1187 2064 2687 1206 812 1124 2312 2706 93 902 2624 1593 1389 1374 2402 2889 1197 2874 2697
Route 10 : 669 2169 78 1393 991 760 1578 1266 2491 2766 227 1727 2893 2260
Route 11 : 744 768 1366 2244 2866 2268 1444 735 2944 2235 1299 385 2799 789 2289 1885
Route 12 : 1466 80 2966 515 1357 2015 1305 1580 838 2857 1471 2805 2338 2971
Route 13 : 1167 477 2667 188 1205 2705 1688 1977 1276 585 2085 2776
Route 14 : 998 687 2187 154 2498 118 553 1654 1618 1218 863 2718 437 2053 2363 1480 1937 2980
Route 15 : 1128 552 1008 2052 110 2508 1186 2628 1610 841 2686 2341 588 556 2088 965 2465 2056 1500 3000
Route 16 : 63 1563 1061 1188 1302 2561 243 2688 2802 236 21 1743 1736 1521
Route 17 : 1136 307 2636 1807 335 726 2226 263 1835 695 1086 1763 850 2586 2195 2350
Route 18 : 1278 502 322 2778 703 2002 595 1213 1822 2095 2713 2203
Route 19 : 862 117 496 2362 452 1617 764 2264 1996 1427 1952 2927
Route 20 : 472 1972 196 1097 67 1111 1696 73 2611 1487 2597 1573 379 2987 1567 1879
Route 21 : 1291 859 200 1153 2359 2791 1700 2653 1419 776 759 2919 2276 2259
Route 22 : 1012 1382 2882 866 2512 2366 537 505 2005 330 1830 899 2399 2037
Route 23 : 1397 845 2897 1106 1306 1337 2606 2345 1310 2806 2837 1364 2810 2864 411 422 1922 1911
Route 24 : 1492 928 2428 1284 2992 1235 26 2784 2735 718 1526 30 2218 1530 425 1925
Route 25 : 983 1243 2743 265 2483 1765 671 600 1219 2100 2719 930 2171 1409 2909 2430
Route 26 : 709 298 2209 150 810 1798 1650 2310
Route 27 : 575 1204 2704 434 2075 1 264 254 1764 1934 1003 1754 2503 473 1501 1973
Route 28 : 162 961 1662 1272 714 2772 2461 1108 1354 2608 745 1133 2854 2214 2633 2245
Route 29 : 482 210 449 769 1982 2269 1949 1368 144 1710 924 1644 1058 2424 2868 198 2558 1698
Route 30 : 284 755 2255 1165 1784 2665 375 1875 1358 852 1314 2814 2352 174 2858 960 2460 778 2278 1674
Route 31 : 45 95 371 1871 872 1595 1545 168 2372 1407 2907 430 1080 2580 1668 1930
Route 32 : 740 1475 2240 90 220 1238 2975 1590 139 2738 163 1720 1178 1639 1663 2678
Route 33 : 249 922 1749 2422 601 934 2101 504 294 2434 2004 149 1649 1794
Route 34 : 641 563 2141 1169 2669 921 2063 2421 597 806 2097 2306 1052 1026 2526 2552
Route 35 : 578 1290 633 2790 1445 2133 31 2945 2078 357 1005 1857 2505 1268 1531 2768 275 450 1950 1775
Route 36 : 136 716 2216 195 1636 397 1897 489 1989 321 1695 756 2256 1173 1821 2673
Route 37 : 883 2383 781 233 2281 59 1559 1353 1733 14 2853 1514
Route 38 : 656 228 2156 423 1728 1228 1923 1333 2728 751 2833 1236 1379 2879 2251 1137 2736 2637
Route 39 : 451 378 363 1951 1878 1863 1330 1053 283 2830 1155 1783 2553 2655 1260 146 2760 1646
Route 40 : 85 1469 463 2969 394 1585 1894 822 143 2322 1388 1963 19 2888 1430 212 1519 1643 2930 1712
Route 41 : 892 109 2392 130 116 1609 1630 666 476 1976 2166 1477 1616 2977
Route 42 : 1047 1250 2547 1229 122 2750 2729 1195 1447 2695 1437 24 2947 83 1524 2937 1583 1622
Route 43 : 1267 56 1556 483 596 2767 1199 1983 2699 2096 1453 1280 2953 1105 2780 2605
Route 44 : 530 391 1237 1891 2737 1451 802 2951 2030 1092 2302 731 491 362 2592 2231 1862 1991 389 1889
Route 45 : 848 2348 1095 528 221 1063 2028 486 2563 1391 2891 2595 1032 268 2532 1721 1768 1151 1986 2651
Route 46 : 754 1118 2618 2254 82 1311 1582 882 2811 1102 2382 2602
Route 47 : 1340 2840 478 1296 1978 1175 2796 1390 2675 81 2890 1581
Route 48 : 865 2365 770 1203 2703 2270 827 758 2327 2258
Route 49 : 215 255 1715 156 1755 948 1656 2448 958 351 2458 821 1851 2321
Route 50 : 897 457 1413 1957 1489 2913 677 2397 2177 2989 837 1184 1331 2337 2831 2684
Route 51 : 787 2287 288 599 2099 424 587 1924 2087 1788 49 360 1549 607 2107 520 1860 2020
Route 52 : 602 253 2102 722 1194 204 2222 1704 1753 1077 2577 2694
Route 53 : 1054 40 1435 2554 2935 290 1540 1198 2698 1790 1224 1325 2724 753 2825 2253
Route 54 : 824 2324 487 996 521 1987 2496 2021 903 860 2360 1028 2403 1100 2600 2528 446 1946
Route 55 : 225 1462 1725 2962 1271 500 847 245 2000 374 1874 605 2347 1745 2105 2771
Route 56 : 1057 299 2557 539 919 418 1918 2419 241 1799 2039 134 1741 1207 2707 1634
Route 57 : 941 396 1192 1896 119 2692 2441 29 1619 836 881 2381 481 1529 346 1456 2956 2336 1846 1981
Route 58 : 1350 348 2850 427 1927 1294 1848 916 2794 2416 793 112 1612 2293
Route 59 : 621 843 2121 712 692 2343 2192 2212 842 701 2342 1081 2581 2201
Route 60 : 1484 1449 2984 1386 370 1034 1870 604 2886 2104 2949 2534 1123 399 315 2623 1815 715 2215 1899
Route 61 : 1257 309 752 1809 484 2757 1139 2639 1359 1984 2252 2859 343 1380 2880 1843
Route 62 : 1072 159 376 1659 490 2572 554 2054 1208 1876 1990 2708 708 312 2208 1812
Route 63 : 285 1785 113 1163 905 2663 644 2405 2144 1613 929 507 2007 1372 2429 208 2872 1708 1161 2661
Route 64 : 251 1044 1751 749 22 2544 1043 2249 1522 2543 1339 2839
Route 65 : 3 971 1411 2911 2471 1104 2604 1503 723 733 914 2414 2223 2233
Route 66 : 651 2151 1070 646 2570 1448 2146 989 2489 219 2948 1270 1719 967 2770 2467
Route 67 : 293 1226 1793 456 2726 1490 103 2990 1603 1035 1392 2535 199 1956 1007 2892 625 2125 1699 2507
Route 68 : 763 101 1601 2263 549 957 448 1948 186 2049 1223 2723 2457 1686
Route 69 : 1159 415 1370 1021 2870 1915 2659 2521 1303 1031 2531 1334 2803 106 7 2834 1606 1507
Route 70 : 1098 436 713 1936 2598 1403 2903 126 1093 2213 1626 868 2368 1342 2593 142 1112 1642 2842 2612
Route 71 : 1385 728 2885 2228 799 58 2299 1558 1189 1170 2689 2670
Route 72 : 711 42 2211 20 1542 664 1520 461 2164 148 1961 819 684 2184 1648 648 2148 2319
Route 73 : 946 259 1088 2446 2588 1082 817 189 1759 1689 2582 693 2193 13 2317 1513
Route 74 : 1210 1401 1000 2500 271 2710 1114 2614 2901 815 1771 68 369 1568 2315 1869 1191 1135 2635 702 2691 2202
Route 75 : 654 1117 2154 1315 2815 889 1361 2617 2389 1467 2861 2967 652 904 2152 2404
Route 76 : 416 1048 917 331 2417 2548 232 543 1916 1732 2043 108 1265 558 1831 2765 2058 1608
Route 77 : 618 743 1225 2725 2118 794 2243 615 2294 2115 230 1033 901 2401 2533 1730 959 2459
Route 78 : 175 1675 833 727 2333 2 392 2227 1892 1066 2566 44 1502 36 1067 2567 1544 1454 2954 1536
Route 79 : 640 2140 956 875 84 2456 1432 2375 1584 1015 2932 517 2017 301 2515 313 1801 1813
Route 80 : 359 28 1528 1312 1859 2812 1433 1156 2933 2656 1308 1273 2808 1221 2773 462 1962 2721
Route 81 : 1443 318 1818 431 624 2943 2124 1046 1931 1020 2546 420 2520 1920
Route 82 : 1244 594 2744 53 1215 1553 1431 2094 1010 685 2931 2715 11 214 1362 2185 1511 181 2862 1714 1681 2510
Route 83 : 447 1211 1947 772 2272 2711 137 962 1637 1141 2462 2641
Route 84 : 1138 1245 2745 2638 980 1442 1400 888 2388 2942 70 2900 2480 1570
Route 85 : 893 900 2400 909 689 2393 501 2189 89 2001 1486 2409 1589 295 955 2986 1795 1084 2584 2455
Route 86 : 734 1418 2918 964 2464 277 2234 1143 1777 184 367 2643 1867 1684 742 2242
Route 87 : 1145 1177 1004 2504 364 2645 1251 639 2677 2139 1864 1287 1288 2751 1181 2788 2681 2787
Route 88 : 976 419 1919 2476 854 2354 533 2033
Route 89 : 1485 690 2190 1381 2985 1371 2871 506 2881 100 2006 628 1600 2128
Route 90 : 492 1992 102 572 2072 857 589 2357 1602 2089 636 2136
Route 91 : 679 1040 2179 849 2540 2349 582 1415 694 2082 2194 2915
Route 92 : 1091 2591 1039 665 218 2539 1429 2165 1718 413 2929 650 568 2068 2150 936 32 1913 2436 1532
Route 93 : 795 23 2295 213 1523 1220 1713 124 2720 856 1434 66 2356 2934 1624 1566
Route 94 : 1387 783 2887 1440 1045 2283 898 2398 584 1494 2940 2545 39 2084 1539 2994
Route 95 : 874 445 1945 598 2374 1006 2098 977 609 2477 2109 2506 1241 292 2741 571 999 2071 1792 2499
Route 96 : 542 798 2298 2042 1285 915 2415 468 1968 280 2785 1780 355 404 1904 1855
Route 97 : 256 361 1861 1071 1756 1395 2895 1113 2571 173 978 2613 2478 1673
Route 98 : 1009 544 2044 1323 1416 2823 2916 2509 48 1548
Route 99 : 387 949 1887 1304 386 1886 1472 2804 688 2449 216 2972 2188 581 1247 2081 2747 1716
Route 100 : 1149 1301 329 2801 471 2649 1971 785 432 1829 390 2285 180 1890 1932 328 1680 634 1828 2134
Route 101 : 790 1474 927 2427 1011 1162 2974 356 2290 2511 1002 1856 2502 69 350 1850 1569 2662
Route 102 : 407 77 1577 107 864 1607 222 1907 1439 2364 1722 2939
Route 103 : 1457 1120 400 680 2620 1900 442 933 2957 1942 2180 272 746 1772 2433 2246
Route 104 : 50 885 686 1550 2186 258 2385 237 765 2265 1737 1758 1402 1423 2902 1460 2960 2923
Route 105 : 1185 444 2685 603 1944 580 1329 2103 2080 674 1096 2174 2829 2596
Route 106 : 317 1817 79 523 1579 550 2050 1090 2023 211 2590 719 1711 1461 720 2220 2961 2219
Route 107 : 548 1405 2048 616 2905 178 2116 853 2353 1678
Route 108 : 839 1277 2777 1399 2899 1375 2875 278 569 2339 297 1778 2069 479 1797 1979
Route 109 : 467 969 1967 269 366 2469 730 1769 1866 2230 1019 353 2519 314 1853 1814
Route 110 : 890 433 2390 1933 1240 509 2009 830 2740 1154 2654 2330 1496 92 125 1625 2996 1592
Route 111 : 1051 1481 152 1652 121 2551 1621 1144 464 2644 1078 2578 2981 973 1964 398 2473 1898
Route 112 : 1341 2841 1256 1116 2616 932 721 2756 2432 172 2221 267 1767 1672
Route 113 : 935 2435 160 614 261 1660 1761 2114
Route 114 : 403 1408 1903 282 2908 1782 560 871 2060 2371
Route 115 : 327 319 1819 247 1234 1827 988 182 2734 2488 1747 1682 1180 566 2680 2066
Route 116 : 1214 1384 2714 303 1803 2884 296 257 1757 1146 660 1796 2160 786 1377 2877 2646 2286
Route 117 : 906 1482 1079 2982 1417 2917 135 1635 2406 1498 1147 2579 2998 2647
Route 118 : 1412 493 2912 1346 1993 1421 2846 637 2137 2921 409 643 1909 41 2143 1541
Route 119 : 876 2376 811 1127 2311 804 2627 1450 2950 2304 729 886 2386 2229 577 2077
Route 120 : 1255 672 2755 573 873 2073 164 2172 562 2373 1664 953 2062 2453
Route 121 : 923 570 920 2420 2070 1360 339 1279 2860 576 1839 2076 985 2423 2779 870 2370 887 2485 2387
Route 122 : 982 226 262 1726 2482 510 2010 244 626 334 1762 1834 878 2126 2378 1744
Route 123 : 1264 381 2764 1881 203 1014 1050 1703 207 2514 1202 2550 1212 1707 2712 2702
Route 124 : 1262 405 1905 911 194 2411 1694 699 2762 465 1965 2199 593 2093
Route 125 : 25 620 2120 114 1525 1107 784 938 1614 2607 945 2438 2445 975 2284 2475
Route 126 : 131 1196 1631 1018 2518 1122 2696 1060 1242 1347 2560 408 1908 2622 2742 1376 2847 2876
Route 127 : 252 1752 388 832 157 2332 1425 1657 2925 613 518 2113 1888 707 2018 2207
Route 128 : 512 1321 2012 2821 1089 96 1596 1059 324 2589 1455 2955 1824 2559
Route 129 : 1258 231 2758 323 1731 792 75 1823 1249 1313 2292 2813 1575 697 2749 2197
Route 130 : 1295 987 2487 2795 513 1298 1183 1036 2683 1030 2013 2536 808 2798 2530 610 1134 2110 9 2634 1509 2308
Route 131 : 541 1367 2041 2867 796 1126 995 2626 531 2296 2031 574 86 2495 1586 2074
Route 132 : 1369 1282 421 2869 2782 1074 1921 2574 992 993 1083 2493 2583 803 2492 2303
Route 133 : 1125 440 2625 1068 1940 990 347 1847 2490 1365 2568 818 2865 1230 2730 2318
Route 134 : 239 1739 657 732 2232 1338 675 2175 736 2838 592 2236 2092 2157
Route 135 : 705 499 1436 2205 503 1999 2936 414 260 1914 2003 1394 494 1994 1760 2894
Route 136 : 1351 1110 2851 1099 2610 185 2599 171 1685 326 1671 676 1826 151 2176 1651
Route 137 : 877 410 1038 1129 2377 1464 1286 2629 1910 855 2964 311 2355 2538 940 2786 2440 1811
Route 138 : 1150 340 1217 1840 2717 377 2650 276 1877 1776 1275 653 234 861 2153 2775 741 1734 2361 2241
Route 139 : 681 238 373 1738 2181 1873 1023 289 2523 561 1789 147 485 1985 1647 2061
Route 140 : 1130 266 2630 673 524 767 1233 1766 2733 2267 1069 2173 1383 2024 2883 2569
Route 141 : 429 380 791 2291 1168 1880 1929 725 2668 1398 2225 782 661 2898 926 2426 2282 2161
Route 142 : 943 968 274 1216 2468 1774 2443 1478 2716 64 2978 302 1564 1802 1131 963 2631 2463
Route 143 : 16 270 1516 1770 1246 944 1327 2827 2746 2444
Route 144 : 908 1132 2408 1042 2632 538 2542 658 2158 970 2038 2470
Route 145 : 401 632 1458 700 557 2132 27 1901 2958 1527 333 2200 1062 2057 1833 2562
Route 146 : 191 71 1691 1488 1571 2988 1016 412 2516 1912 4 1426 1504 2926
Route 147 : 682 1087 2587 1176 2676 1491 2182 127 1627 1495 453 2995 2991 1953
Route 148 : 169 590 1669 717 18 2217 738 1518 937 2090 2238 1363 529 62 2863 2029 880 2437 2380 1562
Route 149 : 1283 217 2783 777 1717 545 2277 1320 2045 129 2820 97 1629 912 498 1597 2412 1998
Route 150 : 1171 800 2671 33 1533 368 2300 925 1041 2425 2541 1349 1868 2849 17 192 979 1692 2479 1517
Route 151 : 1406 1109 1239 2906 840 2609 2739 46 2340 1209 828 2328 51 1546 291 2709 1551 1791
Route 152 : 1473 1293 1222 1499 2793 2999 2722 2973 1441 177 1677 141 2941 1641
Route 153 : 308 622 1808 1269 2122 546 1055 2769 2046 344 153 2555 1844 1261 1653 2761
Route 154 : 809 132 748 2248 747 2309 281 1632 1324 1781 724 2224 2247 2824
Route 155 : 286 1152 1786 87 1190 1587 2652 835 2335 2690 526 133 555 2026 1633 105 2055 1605
Route 156 : 750 508 551 1121 2250 814 2008 774 2621 2051 1356 38 2314 2274 1538 2856
Route 157 : 761 2261 306 459 1959 1806 88 540 1588 2040
Route 158 : 1013 1335 337 1837 2835 475 2513 1103 2603 1975 516 2016
Route 159 : 406 757 1906 52 1552 120 393 1001 1893 1620 608 2501 2257 762 630 2130 2108 2262
Route 160 : 1459 279 2959 1779 443 1424 438 2924 1938 623 1943 2123
Route 161 : 647 2147 1352 1024 2524 834 2852 417 57 1557 2334 1172 1917 519 2019 884 737 2237 2672 2384
Route 162 : 43 455 1476 1543 454 115 183 1954 1955 72 2976 1572 1615 1683 1328 2828
Route 163 : 583 895 2083 565 372 2395 1872 788 2065 166 1666 2288 338 55 1555 1838
Route 164 : 952 235 167 1735 158 1658 1227 2452 1465 1667 2727 145 2965 384 1645 1884
Route 165 : 1025 2525 224 205 1705 1115 1724 161 2615 805 611 2305 2111 1322 1661 2822
Route 166 : 341 332 497 1281 1841 1832 1997 1292 2781 2792 1316 986 913 2413 2816 2486
Route 167 : 1263 99 1599 2763 37 155 1463 1537 1655 635 2963 495 2135 807 691 2307 1995 2191
Route 168 : 846 2346 1378 829 2878 202 780 981 2280 2329 1702 34 2481 123 382 649 1882 1623 2149 1534
Route 169 : 1232 1452 91 2732 1591 2952 466 974 579 801 1966 2474 2301 2079
Route 170 : 710 773 2210 1317 179 305 1805 2817 2273 1259 1049 1679 2759 820 2549 567 2320 2067
Route 171 : 165 458 1665 1958 229 918 2418 1085 1729 1200 951 2700 2585 1318 2451 2818
Route 172 : 779 522 931 627 2279 2022 2127 2431 439 954 1174 1939 1348 2454 2674 659 2159 2848 619 2119
Route 173 : 128 1414 1628 2914 1094 1336 2836 617 2594 858 704 2358 894 2117 2204 797 2297 2394
Route 174 : 35 771 2271 1535 1373 474 1974 320 1820 869 2873 910 223 1723 2410 2369
Route 175 : 536 12 1512 2036 1396 104 1604 8 844 1508 825 2344 248 2896 1064 591 2564 1748 140 2325 1640 2091
Route 176 : 1422 1076 2576 2922 645 891 2391 470 2145 1101 2601 1970
Route 177 : 1404 428 997 2497 1065 2904 395 1928 629 2565 1895 2129
Route 178 : 867 655 2155 61 2367 942 1410 2910 2442 1561 851 947 2351 2447
Route 179 : 10 527 1468 1248 2027 1148 1510 547 2968 2748 2648 349 170 994 2047 1670 1849 2494
Route 180 : 559 316 1816 831 2331 1182 2059 1119 138 2682 2619 586 1638 2086
Route 181 : 668 246 60 2168 1343 1746 1560 972 2843 2472
Route 182 : 5 670 2170 1505 631 2131 352 534 1852 358 1858 2034
Route 183 : 1344 1073 2844 206 2573 950 1706 966 2450 1497 1428 2928 2466 469 1297 2997 1969 2797
Route 184 : 1345 683 2183 2845 310 816 336 1810 1289 1836 2316 354 1854 2789 1254 2754
Route 185 : 612 879 193 939 2439 240 2112 1693 2379 65 1565 1740 197 300 1697 1800
Route 186 : 345 532 1307 2032 1845 813 2807 1158 2658 287 1787 488 2313 1988
Route 187 : 1179 383 1193 2693 2679 1883 1022 6 1164 1506 2522 706 2664 1309 2206 2809
Route 188 : 1446 76 2946 1576 678 15 1515 2178 1075 766 2575 2266