Instance name:	poa-n4000-6
Authors:		Carlo Sartori and Luciana Buriol
Date:			2019-2-11
Reference:		A matheuristic approach to the PDPTW (to be submitted)
Solution
Route 1 : 134 1534 2134 3534 1622 3622 589 2589
Route 2 : 1306 3306 1633 1952 3633 3952
Route 3 : 1089 1907 1863 3907 7 3863 3089 2007
Route 4 : 1529 1365 3529 3365 1738 1539 3539 3738
Route 5 : 1548 3548 1329 460 3329 2460 592 2592
Route 6 : 1438 515 3438 27 2515 2027 457 2457
Route 7 : 1823 1240 3240 1600 325 3823 2325 3600
Route 8 : 814 2814 601 149 1017 2601 2149 3017
Route 9 : 900 733 2900 365 2733 489 2365 2489 239 2239
Route 10 : 105 99 200 2099 715 2200 2715 2105
Route 11 : 24 2024 599 1526 2599 3526 1298 3298 1047 3047
Route 12 : 421 1540 577 566 3540 2577 2566 2421
Route 13 : 1857 1865 3865 812 2812 3857
Route 14 : 1739 3739 1166 1126 1120 3166 3126 3120
Route 15 : 1258 833 2833 3258 971 2971
Route 16 : 736 1046 2736 3046 86 1522 2086 3522
Route 17 : 716 1751 2716 3751 845 1293 3293 2845
Route 18 : 1855 1980 3980 957 1078 3855 2957 3078
Route 19 : 591 374 2591 1238 110 2374 1516 3238 2110 3516
Route 20 : 1852 3852 540 2540 650 2650 896 2896 530 2530
Route 21 : 1538 1192 3192 1207 3207 21 2021 3538
Route 22 : 712 2712 274 405 988 2405 2274 2988
Route 23 : 501 1976 3976 313 2501 1822 2313 3822
Route 24 : 693 1200 102 2102 3200 2693 1441 3441
Route 25 : 425 2425 1083 1159 3083 3159 1586 3586
Route 26 : 849 1683 1716 2849 3683 15 3716 2015
Route 27 : 104 1958 2104 3958 1731 3731 1482 3482
Route 28 : 568 2568 1570 72 2072 3570
Route 29 : 631 967 2967 2631 1860 1084 3860 3084
Route 30 : 1352 1510 3510 3352 156 1527 3527 2156
Route 31 : 1535 998 97 2998 1241 2097 3241 1962 3962 3535
Route 32 : 1832 56 3832 1479 2056 3479 292 773 2773 2292
Route 33 : 1111 268 2268 1890 1390 3390 3890 3111
Route 34 : 1858 721 3858 1063 2721 553 3063 2553
Route 35 : 139 774 2139 2774 361 2361
Route 36 : 1598 1576 3598 40 569 3576 2040 2569
Route 37 : 1566 794 3566 2794 1669 1473 3473 3669
Route 38 : 1663 1402 3663 1407 3402 488 3407 2488
Route 39 : 929 2929 1160 722 3160 2722 1519 3519
Route 40 : 111 2111 1837 1804 3804 3837
Route 41 : 18 1717 2018 3717 1840 155 2155 3840
Route 42 : 1101 1157 3101 1149 3157 276 3149 2276
Route 43 : 884 2884 1454 723 2723 3454 63 2063
Route 44 : 866 2866 64 1284 3284 2064 1578 3578
Route 45 : 1171 901 3171 1423 2901 3423 1389 3389
Route 46 : 624 472 2624 1543 2472 3543 860 2860
Route 47 : 39 2039 291 1967 1631 2291 3631 3967
Route 48 : 90 1899 380 2090 3899 2380
Route 49 : 1577 1347 1193 3577 3347 3193 1892 3892
Route 50 : 1564 3564 234 1079 535 3079 2234 2535
Route 51 : 796 1351 2796 1052 3351 1026 3052 3026
Route 52 : 1337 22 2022 1065 1281 3337 3065 3281
Route 53 : 358 2358 1678 3678 1768 1027 3768 3027
Route 54 : 51 1053 2051 3053 932 870 2870 2932
Route 55 : 339 1447 2339 3447 750 275 2275 2750
Route 56 : 1559 1239 3239 3559 931 2931 1392 1355 3355 3392
Route 57 : 784 2784 879 511 2879 2511
Route 58 : 81 1474 730 2081 3474 2730 1115 3115
Route 59 : 1787 231 3787 1244 2231 1987 3987 3244
Route 60 : 499 495 222 371 2495 2222 2371 2499
Route 61 : 1109 187 1141 3141 2187 3109 1616 3616
Route 62 : 1556 454 521 2454 3556 1749 2521 3749
Route 63 : 1891 3891 1274 1941 3274 3941
Route 64 : 1480 1584 3584 1024 3024 3480
Route 65 : 598 2598 1607 3607 886 1250 2886 3250 1704 3704
Route 66 : 114 280 2114 2280 1010 3010
Route 67 : 1318 902 259 2902 2259 3318
Route 68 : 500 1644 2500 3644 1295 3295 1553 3553 420 2420
Route 69 : 1579 1028 3028 1050 3050 744 3579 2744
Route 70 : 742 575 554 2742 2554 2575 177 2177 230 2230
Route 71 : 973 1000 3000 1165 1849 3165 3849 2973
Route 72 : 1874 917 2917 3874 732 1893 2732 3893
Route 73 : 446 574 1319 2574 1878 3319 3878 2446
Route 74 : 435 520 2435 2520 537 2537
Route 75 : 1515 3515 451 12 2012 2451
Route 76 : 1691 3691 1134 912 2912 1460 3134 3460
Route 77 : 1277 179 3277 1411 2179 3411 165 2165
Route 78 : 431 602 279 2431 2602 2279 1211 3211
Route 79 : 1850 1523 3523 1742 1887 3850 3742 3887
Route 80 : 978 1406 2978 1758 3406 3758
Route 81 : 498 2498 1626 3626 1745 980 2980 3745
Route 82 : 1371 3371 1689 776 3689 1574 2776 3574
Route 83 : 1902 1896 3902 548 3896 382 2548 2382
Route 84 : 966 762 587 2587 2762 1124 3124 2966
Route 85 : 494 1032 3032 2494 687 772 2772 2687
Route 86 : 300 2300 193 1461 876 3461 2193 2876
Route 87 : 1483 1775 1571 3571 3775 330 2330 3483
Route 88 : 1348 1699 1410 3348 3410 972 2972 3699
Route 89 : 651 621 2651 610 2621 2610
Route 90 : 439 2439 1061 1075 345 3061 3075 2345
Route 91 : 1541 3541 1388 171 2171 3388 909 2909
Route 92 : 1035 3035 122 49 1048 3048 2122 2049
Route 93 : 1645 3645 1499 741 2741 1948 3499 3948
Route 94 : 401 145 2145 544 138 2401 2544 2138
Route 95 : 1658 3658 779 965 786 2779 2965 2786
Route 96 : 77 2077 428 1326 2428 1375 3326 3375
Route 97 : 278 671 1827 2671 2278 3827 898 2898
Route 98 : 240 83 2240 1695 2083 3695 1986 3986
Route 99 : 1219 3219 1926 1677 3926 801 3677 2801
Route 100 : 1634 1520 3634 350 3520 1271 2350 3271
Route 101 : 878 2878 1226 282 3226 1037 2282 3037
Route 102 : 920 934 1829 3829 2920 379 2934 2379
Route 103 : 987 2987 572 1701 3701 337 2572 2337
Route 104 : 1376 3376 862 533 2533 2862
Route 105 : 1288 1625 3288 951 3625 2951 1279 3279
Route 106 : 194 1601 2194 3601 1145 1602 3602 3145
Route 107 : 1153 3153 1506 1568 1696 3506 3696 3568
Route 108 : 1220 288 1162 2288 3162 1446 3446 3220
Route 109 : 905 2905 1225 1144 1151 3144 3225 3151
Route 110 : 1550 3550 1719 720 3719 1488 2720 3488
Route 111 : 209 2209 964 559 2559 2964
Route 112 : 1972 3972 1430 1786 3430 3786 1501 3501
Route 113 : 1572 1077 3077 3572 1012 1380 3012 3380
Route 114 : 922 1245 2922 3245 579 2579
Route 115 : 369 677 673 2677 2369 2673
Route 116 : 1913 58 3913 2058 1752 3752 1833 3833
Route 117 : 476 1718 2476 3718 1117 1934 3117 3934
Route 118 : 229 1384 3384 2229 430 303 2430 2303
Route 119 : 1950 1127 3950 1795 3127 484 3795 2484
Route 120 : 734 93 804 2734 2093 2804 1491 3491
Route 121 : 1169 3169 1612 1936 1595 3936 3612 3595
Route 122 : 1405 1002 1889 3405 3002 830 2830 3889
Route 123 : 228 825 2825 2228 1475 1871 3871 3475
Route 124 : 1463 1183 3463 201 3183 2201
Route 125 : 714 2714 1779 994 2994 3779 242 2242
Route 126 : 1203 236 3203 1682 2236 708 3682 2708
Route 127 : 1327 410 2410 999 389 3327 2999 2389
Route 128 : 550 1811 486 2550 3811 2486 727 2727
Route 129 : 65 447 2065 2447 653 2653
Route 130 : 1585 3585 442 690 1582 2442 2690 3582
Route 131 : 1547 79 3547 2079 98 2098
Route 132 : 826 2826 1472 1296 3472 1879 3879 3296
Route 133 : 471 2471 1773 562 2562 3773
Route 134 : 124 1119 2124 1270 3119 962 2962 3270
Route 135 : 311 2311 840 1876 2840 3876 247 2247
Route 136 : 844 2844 769 1400 2769 1898 3400 3898
Route 137 : 685 1750 249 3750 2685 2249 1044 3044
Route 138 : 173 1652 3652 2173 778 366 2778 2366
Route 139 : 1213 260 3213 1872 2260 3872 1981 3981
Route 140 : 1639 654 3639 2654 346 250 2250 2346
Route 141 : 1818 372 620 3818 2372 186 2620 2186
Route 142 : 751 1280 3280 2751 1114 183 2183 3114
Route 143 : 1139 465 1478 2465 3139 3478
Route 144 : 875 2000 67 4000 2067 2875
Route 145 : 683 1187 1223 2683 3187 3223 82 2082
Route 146 : 1835 1985 3985 3835 387 2387
Route 147 : 1694 487 926 3694 2926 2487
Route 148 : 1008 1712 1268 3712 3008 3268 847 2847
Route 149 : 662 2662 1136 1301 3301 3136 873 2873
Route 150 : 628 1304 458 2628 3304 1172 2458 3172
Route 151 : 208 2208 1772 578 3772 2578
Route 152 : 679 2679 453 1557 1221 2453 3221 3557
Route 153 : 1537 1648 3537 3648 946 336 2336 2946
Route 154 : 1562 1686 1792 3686 3562 1782 3792 3782
Route 155 : 766 2766 1966 220 2220 3966 293 2293
Route 156 : 752 1408 3408 1249 1452 3452 3249 2752
Route 157 : 1332 3332 1362 1382 3362 3382
Route 158 : 129 1427 2129 3427 254 1439 2254 3439
Route 159 : 1653 1759 3653 3759 1831 3831
Route 160 : 404 197 2404 867 2867 2197 1957 3957
Route 161 : 54 874 38 2874 2038 189 2189 2054
Route 162 : 993 2993 1679 1558 3679 3558
Route 163 : 1945 871 403 2403 2871 323 2323 3945
Route 164 : 1921 596 821 3921 2596 2821
Route 165 : 1005 3005 944 1868 1349 3868 2944 3349
Route 166 : 130 2130 1544 3544 1038 995 3038 2995
Route 167 : 444 1484 2444 856 3484 729 2856 2729
Route 168 : 655 2655 565 393 126 2393 2565 2126
Route 169 : 718 112 2718 466 2112 2466
Route 170 : 505 1735 2505 3735 199 1387 3387 2199
Route 171 : 1930 3930 252 807 2252 2807
Route 172 : 1023 1632 3023 3632 271 2271
Route 173 : 1359 632 2632 1325 3359 3325
Route 174 : 805 1346 2805 3346 1706 656 3706 2656
Route 175 : 1856 3856 125 1260 2125 3260
Route 176 : 1409 1029 43 3409 3029 2043 1774 3774
Route 177 : 1798 1128 1316 3128 3798 3316 462 2462
Route 178 : 625 1676 306 2625 3676 2306 1449 3449
Route 179 : 1573 1243 384 3573 3243 2384
Route 180 : 1333 3333 158 1728 2158 1067 3067 3728
Route 181 : 1810 107 1194 3810 2107 3194
Route 182 : 1514 1148 3148 1269 3269 3514
Route 183 : 1619 3619 1998 755 3998 2755
Route 184 : 781 2781 1074 1627 3627 3074 675 2675
Route 185 : 1398 11 1404 3398 2011 3404
Route 186 : 1118 1919 1093 3118 3919 3093 665 2665
Route 187 : 595 706 2595 2706 1760 474 3760 2474
Route 188 : 1227 1909 3227 3909 541 2541 1069 3069
Route 189 : 1508 3508 1317 87 3317 2087 224 2224
Route 190 : 1275 637 1443 2637 3443 294 2294 3275
Route 191 : 386 2386 363 2363 1138 682 3138 2682
Route 192 : 1125 3125 691 42 2691 1942 2042 3942
Route 193 : 1603 3603 824 119 2119 2824
Route 194 : 697 1618 512 2697 2512 3618 739 2739
Route 195 : 1820 3820 178 1637 2178 1476 3637 3476
Route 196 : 1309 196 3309 2196 928 623 2623 2928
Route 197 : 62 948 2948 2062 585 790 2585 2790
Route 198 : 1092 3092 1179 563 2563 3179 1881 3881
Route 199 : 1801 3801 1989 467 3989 2467 57 2057
Route 200 : 1307 3307 1273 1664 3273 3664
Route 201 : 1091 319 3091 2319 1471 1665 3471 3665
Route 202 : 416 441 2416 392 1297 2441 3297 2392
Route 203 : 1336 1458 1442 3336 3458 3442 947 2947
Route 204 : 1789 3789 1049 1826 3049 1746 3826 3746
Route 205 : 483 232 2232 2483 976 2976
Route 206 : 953 52 1189 2953 3189 2052
Route 207 : 496 204 2204 1324 2496 3324
Route 208 : 1252 1655 3655 3252 89 2089 1370 3370
Route 209 : 1363 469 2469 1969 3969 1462 3462 3363
Route 210 : 66 2066 1062 882 3062 2882 1713 3713
Route 211 : 1580 731 1697 2731 3580 689 2689 3697
Route 212 : 216 923 2216 2923 1188 1381 3381 3188
Route 213 : 1041 3041 765 1531 639 2765 3531 2639
Route 214 : 1513 164 3513 2164 1440 710 3440 2710
Route 215 : 618 1100 1310 2618 3100 3310
Route 216 : 385 737 2737 792 1888 2385 2792 3888
Route 217 : 1199 1042 3042 1698 3698 3199
Route 218 : 1436 1059 3059 3436 115 1959 2115 3959
Route 219 : 756 3 1973 2756 2003 3973
Route 220 : 921 785 2921 270 2785 2270
Route 221 : 1205 422 1108 2422 3205 3108
Route 222 : 80 1428 1302 2080 3428 3302
Route 223 : 140 2140 244 1650 2244 1421 3650 3421
Route 224 : 1707 3707 1481 3481 360 2360 1866 3866
Route 225 : 412 1953 1137 3953 2412 3137 1097 3097
Route 226 : 347 1133 2347 261 406 2261 2406 3133
Route 227 : 396 1185 2396 1771 3185 3771
Route 228 : 1095 117 3095 1956 2117 672 3956 2672
Route 229 : 1628 1999 3628 3999 1374 3374 213 2213
Route 230 : 1620 3620 509 1154 3154 1399 2509 3399
Route 231 : 1210 3210 48 707 2048 2707
Route 232 : 890 2890 850 936 2850 2936 1287 3287
Route 233 : 627 302 2302 1330 2627 3330
Route 234 : 456 643 2456 2643 1019 3019 1700 3700
Route 235 : 53 1132 1395 1503 3132 3503 3395 2053
Route 236 : 225 2225 438 1434 2438 3434 724 2724
Route 237 : 1415 3415 1567 793 3567 2793 170 2170
Route 238 : 290 2290 1286 1418 3418 1299 3286 3299
Route 239 : 184 1825 2184 1218 3825 883 2883 3218
Route 240 : 211 1873 2211 411 3873 2411
Route 241 : 974 357 2974 2357 1328 1104 3328 3104
Route 242 : 605 1596 3596 1711 2605 3711
Route 243 : 257 600 2257 2600 611 576 2611 2576
Route 244 : 73 2073 307 338 2307 2338
Route 245 : 1812 3812 1292 3292 235 2235 1880 3880
Route 246 : 1575 527 3575 2527 1256 748 3256 2748
Route 247 : 1106 437 1848 645 2437 3848 2645 3106
Route 248 : 846 2846 1314 985 2985 3314
Route 249 : 770 1464 2770 3464 1743 3743 1853 3853
Route 250 : 351 31 2351 448 2448 664 2031 2664
Route 251 : 26 1422 2026 3422 892 2892
Route 252 : 277 2277 841 854 2854 2841 148 2148
Route 253 : 911 143 2143 1915 3915 2911 272 2272
Route 254 : 121 1416 2121 3416 692 2692
Route 255 : 1788 1867 1692 3788 3867 3692 210 2210
Route 256 : 1414 238 3414 2238 1918 1635 3918 3635
Route 257 : 1877 930 2930 1990 3877 141 3990 2141
Route 258 : 1903 1147 3903 3147 1477 3477 638 2638
Route 259 : 482 725 2482 46 2046 2725
Route 260 : 1977 506 2506 3977 1229 1397 3397 3229
Route 261 : 816 1814 3814 2816 819 1265 3265 2819
Route 262 : 1932 3932 823 2823 1105 1212 3105 3212
Route 263 : 848 1910 3910 2848 243 1368 3368 2243
Route 264 : 1498 3498 532 214 2532 2214
Route 265 : 367 768 2367 2768 1278 1494 3494 3278
Route 266 : 434 1885 504 2434 3885 2504
Route 267 : 1714 510 2510 3714 573 2573
Route 268 : 218 1096 617 3096 2218 2617 1747 3747
Route 269 : 542 445 1846 2445 1502 3846 2542 3502
Route 270 : 1468 212 2212 3468 843 245 2245 2843
Route 271 : 1670 1830 3670 3830 1045 1545 3045 3545
Route 272 : 1146 1248 3248 895 3146 2895 1006 3006
Route 273 : 1549 1935 1191 3191 3935 3549 318 2318
Route 274 : 304 2304 1450 3450 669 2669 1176 3176
Route 275 : 192 1058 2192 3058 1997 3997
Route 276 : 702 1583 1993 2702 3583 3993
Route 277 : 1920 1617 1705 3920 3617 3705
Route 278 : 1003 3003 558 2558 1640 670 2670 3640
Route 279 : 1453 956 3453 1493 2956 1525 3493 3525
Route 280 : 190 788 343 2190 2788 2343 314 2314
Route 281 : 782 2782 59 1983 2059 3983
Route 282 : 168 2168 1167 10 2010 1086 3167 3086
Route 283 : 1613 3613 388 159 2159 2388
Route 284 : 1303 3303 1803 635 3803 2635 1262 3262
Route 285 : 705 329 1401 2705 2329 3401 1242 3242
Route 286 : 296 872 2296 2872 181 2181
Route 287 : 1403 3403 1174 356 518 2356 2518 3174
Route 288 : 982 1726 754 2982 3726 2754 1156 3156
Route 289 : 1487 94 3487 1231 2094 3231 941 2941
Route 290 : 590 1604 545 3604 1216 2545 3216 2590
Route 291 : 113 1530 2113 1228 3530 133 3228 2133
Route 292 : 508 215 2215 2508 1886 191 3886 2191
Route 293 : 935 2935 30 1267 2030 1345 3267 3345
Route 294 : 47 2047 1334 977 2977 3334 1121 3121
Route 295 : 597 897 2897 2597 997 1235 2997 3235
Route 296 : 984 1729 2984 1130 3130 3729 355 2355
Route 297 : 1369 1255 811 2811 3255 3369
Route 298 : 916 2916 1056 3056 1851 791 3851 2791
Route 299 : 549 525 1057 3057 2549 2525 1030 3030
Route 300 : 443 162 2443 1504 2162 3504
Route 301 : 802 2802 364 799 2799 2364 865 2865
Route 302 : 492 2492 1636 463 3636 1944 2463 3944
Route 303 : 1007 3007 1800 1776 3776 3800 1356 3356
Route 304 : 172 258 2172 2258 440 2440
Route 305 : 1610 3610 480 1246 3246 2480
Route 306 : 894 174 2894 1815 2174 1087 3815 3087
Route 307 : 1181 1214 3181 3214 1940 1033 3033 3940
Route 308 : 1838 3838 266 289 2266 426 2289 2426
Route 309 : 1974 340 491 3974 2340 2491
Route 310 : 1208 3208 613 2613 1001 175 3001 2175
Route 311 : 1624 789 1312 2789 3624 3312 1949 3949
Route 312 : 1431 61 3431 606 2061 2606
Route 313 : 1895 3895 696 1799 2696 3799
Route 314 : 144 2144 1641 767 3641 2767
Route 315 : 1394 3394 763 70 68 2070 2068 2763
Route 316 : 1611 608 3611 2608 1900 3900
Route 317 : 1098 1630 3098 233 3630 2233
Route 318 : 1492 3492 640 2640 560 907 2560 2907
Route 319 : 1770 3770 88 839 2088 2839
Route 320 : 1693 3693 1076 1496 136 3076 3496 2136
Route 321 : 1195 3195 644 2644 1311 60 2060 3311
Route 322 : 857 1233 2857 497 3233 2497 699 2699
Route 323 : 1756 1424 3756 1675 3424 887 3675 2887
Route 324 : 1597 459 147 502 2459 2502 2147 3597
Route 325 : 641 1660 3660 2641 580 2580
Route 326 : 1142 485 2485 3142 1780 1843 3780 3843
Route 327 : 1703 477 3703 815 2477 2815
Route 328 : 359 1039 2359 3039 1681 3681
Route 329 : 1129 1794 419 3129 3794 2419 680 2680
Route 330 : 29 1034 3034 2029 1197 3197
Route 331 : 1662 3662 1561 1963 3963 391 3561 2391
Route 332 : 1755 1917 3755 899 3917 2899 842 2842
Route 333 : 1964 551 3964 743 2551 2743
Route 334 : 161 1647 2161 809 3647 1841 2809 3841
Route 335 : 32 1922 1554 747 3922 2747 3554 2032
Route 336 : 603 2603 777 1748 2777 3748 836 2836
Route 337 : 1666 834 2834 264 1946 2264 3946 3666
Route 338 : 1391 3391 198 835 2198 2835
Route 339 : 455 1259 2455 1684 3259 3684
Route 340 : 206 267 2206 523 2267 2523 203 2203
Route 341 : 137 1168 2137 1377 3168 3377 354 2354
Route 342 : 1261 817 1090 3261 2817 23 3090 2023
Route 343 : 877 642 2877 1335 2642 3335
Route 344 : 167 2167 1497 3497 1929 3929 1927 3927
Route 345 : 1784 424 3784 526 2526 2424 1552 3552
Route 346 : 1614 1385 3614 3385 1690 479 3690 2479
Route 347 : 780 1201 3201 2780 991 2991
Route 348 : 1103 1082 1905 3103 3082 3905
Route 349 : 695 1386 418 3386 2695 2418 668 2668
Route 350 : 1720 1426 101 3720 3426 2101
Route 351 : 481 1724 2481 3724 513 2513
Route 352 : 813 2813 759 1781 619 2759 3781 2619
Route 353 : 1656 753 3656 2753 1339 3339
Route 354 : 855 1560 2855 106 581 3560 2581 2106
Route 355 : 1412 3412 1456 1732 3456 1671 3671 3732
Route 356 : 381 586 963 2586 1465 2381 2963 3465
Route 357 : 1354 529 2529 1991 3354 3991
Route 358 : 1051 534 3051 1308 2534 3308 1198 3198
Route 359 : 461 2461 711 2711 1546 1649 3546 3649
Route 360 : 1834 1938 3938 3834 975 2975
Route 361 : 35 853 2853 2035 1861 3861 1184 3184
Route 362 : 1883 3883 402 2402 78 1615 3615 2078
Route 363 : 1680 979 3680 2979 490 395 2395 2490
Route 364 : 1417 3417 50 1517 3517 2050 1237 3237
Route 365 : 1638 970 3638 2970 564 2564
Route 366 : 1413 3413 1606 3606 952 1015 2952 3015
Route 367 : 1730 676 2676 3730 1725 3725
Route 368 : 55 1970 2055 3970 861 2861
Route 369 : 888 636 2888 6 2636 2006
Route 370 : 1511 3511 1996 1785 1790 3996 3785 3790
Route 371 : 1470 719 1589 3470 2719 3589
Route 372 : 681 253 246 2246 2253 1113 2681 3113
Route 373 : 1429 3429 1495 273 3495 2273
Route 374 : 408 1769 414 2408 3769 2414 837 2837
Route 375 : 709 942 1025 2709 309 2942 2309 3025
Route 376 : 223 2223 880 2880 1509 1071 3071 3509
Route 377 : 390 519 2390 2519 615 2615
Route 378 : 1264 3264 449 2449 332 546 2546 2332
Route 379 : 1783 1521 3783 3521 1064 3064
Route 380 : 1859 1016 3859 3016 557 1342 2557 3342
Route 381 : 409 2409 285 745 2745 2285 295 2295
Route 382 : 992 2992 798 760 1687 2798 2760 3687
Route 383 : 1170 633 464 2633 3170 2464
Route 384 : 1912 3912 1107 188 2188 3107 8 2008
Route 385 : 237 1943 906 2237 2906 3943
Route 386 : 1177 3177 452 1294 2452 3294
Route 387 : 333 2333 135 517 2517 2135 1135 3135
Route 388 : 429 1764 3764 321 2429 2321 949 2949
Route 389 : 1204 3204 1727 163 864 2163 3727 2864
Route 390 : 1196 3196 1173 37 3173 2037
Route 391 : 1364 852 3364 2852 17 2017 1767 3767
Route 392 : 686 996 2996 2686 1486 1 2001 3486
Route 393 : 255 783 2255 2783 838 2838
Route 394 : 1383 3383 1894 1911 1551 3911 3894 3551
Route 395 : 169 1444 2169 1344 142 3444 3344 2142
Route 396 : 1839 1875 571 2571 3875 3839 1040 3040
Route 397 : 954 2954 1164 1018 3164 287 3018 2287
Route 398 : 298 659 2298 2659 324 2324 981 2981
Route 399 : 1276 284 3276 2284 1777 3777
Route 400 : 552 1068 3068 959 904 2904 2552 2959
Route 401 : 885 127 2885 2127 939 2939
Route 402 : 400 607 283 2607 2400 634 2283 2634
Route 403 : 969 1102 2969 146 3102 2146
Route 404 : 1140 3140 831 132 2831 1300 2132 3300
Route 405 : 33 822 96 2033 2822 2096
Route 406 : 248 2248 832 1723 3723 2832
Route 407 : 614 2614 1155 701 1592 3155 3592 2701
Route 408 : 310 2310 688 800 427 2800 2688 2427
Route 409 : 584 1190 2584 1960 3190 3960
Route 410 : 44 1253 3253 2044 738 1821 2738 3821
Route 411 : 131 85 2131 2085 1594 3594
Route 412 : 757 2757 1437 3437 1808 1448 3808 3448
Route 413 : 740 2740 704 2704 818 2818 827 2827
Route 414 : 71 1182 2071 3182 555 151 2555 2151
Route 415 : 820 2820 368 1266 2368 3266 1995 3995
Route 416 : 207 1341 2207 1372 3341 3372 1816 3816
Route 417 : 335 2335 36 2036 1836 1797 3797 3836
Route 418 : 221 881 2221 2881 908 983 2983 2908
Route 419 : 1674 3674 1222 1565 3565 3222 1283 3283
Route 420 : 1247 3247 990 118 1806 2990 2118 3806
Route 421 : 735 594 2735 2594 717 2717
Route 422 : 1906 1605 14 3605 2014 3906
Route 423 : 450 1209 3209 2450 316 417 2316 2417
Route 424 : 567 2567 84 41 2084 2041
Route 425 : 317 2317 362 1060 2362 3060 1066 3066
Route 426 : 1864 76 694 2076 2694 810 2810 3864
Route 427 : 1897 1485 3897 3485 927 1581 2927 3581
Route 428 : 919 1754 3754 185 2185 1757 3757 2919
Route 429 : 1131 3131 322 2322 1688 3688
Route 430 : 1054 3054 377 74 2377 2074
Route 431 : 1202 176 652 2176 1230 2652 3230 3202
Route 432 : 1807 3807 1805 630 3805 2630
Route 433 : 1467 1587 3467 1741 3741 1206 3587 3206
Route 434 : 663 1971 2663 3971 925 475 2475 2925
Route 435 : 256 2256 1978 950 227 3978 2950 2227
Route 436 : 301 2301 1161 3161 1819 34 3819 2034
Route 437 : 869 2869 1350 1469 3350 3469
Route 438 : 943 344 2943 2344 1667 538 3667 2538
Route 439 : 1070 1563 3070 3563 375 2375
Route 440 : 1702 3702 373 2373 1043 3043
Route 441 : 341 1609 2341 863 3609 2863
Route 442 : 1367 1591 1289 3367 3289 3591
Route 443 : 75 25 2025 2075 315 2315
Route 444 : 678 1766 1163 2678 3163 3766
Route 445 : 1685 3685 1085 1459 3085 3459 561 2561
Route 446 : 703 536 646 2703 2536 2646
Route 447 : 1870 3870 1590 1361 3590 3361 1672 3672
Route 448 : 1817 868 1654 3817 3654 2868
Route 449 : 1251 3251 1528 3528 1321 3321 1150 3150
Route 450 : 1813 3813 1081 3081 1532 1343 3532 3343
Route 451 : 108 265 308 2108 2265 2308 1215 3215
Route 452 : 522 1955 2522 3955 1988 3988
Route 453 : 1901 1224 3901 3224 1709 3709 1845 3845
Route 454 : 1733 803 3733 1020 2803 1055 3020 3055
Route 455 : 1123 3123 797 2797 312 2312 1916 3916
Route 456 : 775 1984 3984 2775 986 2986
Route 457 : 1360 1373 3373 468 3360 2468
Route 458 : 1009 251 3009 1608 2251 3608
Route 459 : 1505 3505 1542 3542 1854 1659 3854 3659
Route 460 : 1588 3588 1847 583 3847 539 2539 2583
Route 461 : 1869 195 3869 1186 2195 3186
Route 462 : 1236 326 2326 3236 1313 1445 3313 3445
Route 463 : 1715 1968 1884 3715 3968 3884
Route 464 : 182 2182 1931 123 2123 3931
Route 465 : 524 2524 1994 202 2202 3994 674 2674
Route 466 : 152 2152 1802 1358 1232 3358 3232 3802
Route 467 : 924 100 263 2924 2263 2100
Route 468 : 1842 3842 1366 1753 3366 3753
Route 469 : 582 2582 241 2241 331 2331
Route 470 : 1629 3629 1721 45 2045 918 3721 2918
Route 471 : 1338 1646 3338 604 2604 1599 3646 3599
Route 472 : 667 913 2667 327 1036 2913 2327 3036
Route 473 : 728 2728 528 1734 3734 2528 281 2281
Route 474 : 1323 1555 1315 3323 3555 3315 157 2157
Route 475 : 516 1642 2516 286 103 2103 3642 2286
Route 476 : 370 2370 1073 1500 3500 116 2116 3073
Route 477 : 1451 1925 657 3451 3925 2657 616 2616
Route 478 : 859 2859 1466 3466 1457 698 2698 3457
Route 479 : 1234 531 3234 2531 787 2787 1433 3433
Route 480 : 1651 851 3651 2851 1011 3011
Route 481 : 1923 1793 305 3793 3923 2305
Route 482 : 153 570 2153 1072 1285 2570 3285 3072
Route 483 : 1593 903 3593 2903 1014 432 2432 3014
Route 484 : 700 352 2352 1621 658 3621 2658 2700
Route 485 : 1765 3765 398 1331 3331 2398
Route 486 : 915 2915 1744 1524 3524 3744
Route 487 : 746 1080 2746 1657 3080 342 3657 2342
Route 488 : 154 2154 269 1824 3824 2269
Route 489 : 109 2109 1396 955 3396 2955 684 2684
Route 490 : 1425 3425 795 2795 1643 3643
Route 491 : 661 2661 1862 828 2828 3862
Route 492 : 960 2960 937 2937 1116 262 3116 2262
Route 493 : 1924 1737 1143 3924 1419 3737 3143 3419
Route 494 : 1122 3122 1507 1722 3507 3722 69 2069
Route 495 : 436 1489 3489 2436 1791 1257 3791 3257
Route 496 : 514 1536 3536 1933 2514 660 3933 2660
Route 497 : 348 2348 13 2013 1710 3710
Route 498 : 205 2205 160 150 2160 2150 473 2473
Route 499 : 958 2958 1263 1954 3263 3954 648 2648
Route 500 : 1110 1282 299 3110 2299 3282
Route 501 : 612 2612 1455 433 2433 1178 3455 3178
Route 502 : 378 2378 415 2415 5 2005
Route 503 : 1661 3661 1393 1939 3393 3939
Route 504 : 1961 933 3961 2933 1435 3435
Route 505 : 1357 3357 1992 16 2016 3992 556 2556
Route 506 : 166 1763 2166 1340 3763 3340 588 2588
Route 507 : 1761 376 328 3761 2376 2328 1623 3623
Route 508 : 1975 1022 3022 1031 3031 3975 910 2910
Route 509 : 1420 3420 609 92 2609 1673 2092 3673
Route 510 : 9 1762 726 3762 2726 2009
Route 511 : 593 2593 20 120 761 2120 2020 2761
Route 512 : 423 1533 3533 1175 3175 626 2626 2423
Route 513 : 543 493 829 2543 2829 2493
Route 514 : 128 2128 1736 3736 1809 3809 1291 3291
Route 515 : 806 1914 3914 2806 858 2858
Route 516 : 891 713 2713 394 2891 353 2353 2394
Route 517 : 1740 3740 217 1254 2217 3254
Route 518 : 397 1112 3112 2397 1158 3158
Route 519 : 622 219 1021 2622 2219 1272 3021 3272
Route 520 : 1828 3828 1379 407 3379 2407
Route 521 : 666 1305 2666 1432 3305 3432
Route 522 : 1882 989 1013 3882 2989 3013 1778 3778
Route 523 : 226 2226 764 940 2764 2940 808 2808
Route 524 : 1937 914 3937 1965 3965 1004 2914 3004
Route 525 : 1569 629 1322 2629 1099 3322 3569 3099
Route 526 : 399 2399 758 1290 507 2758 3290 2507
Route 527 : 1951 95 3951 1708 2095 3708
Route 528 : 1518 1152 3518 889 3152 2889 470 2470
Route 529 : 961 2961 180 749 2180 2749
Route 530 : 1844 1353 3353 3844 297 2297
Route 531 : 1796 3796 1088 649 3088 2649 893 2893
Route 532 : 1979 349 3979 1512 2349 3512
Route 533 : 547 2547 647 1378 2647 3378 1490 3490
Route 534 : 334 2334 413 1668 3668 28 2413 2028
Route 535 : 4 2004 478 1947 2 2478 2002 3947
Route 536 : 1320 3320 320 91 2320 2091 503 2503
Route 537 : 1928 3928 1094 1908 3908 3094
Route 538 : 1904 968 3904 383 2968 2383
Route 539 : 771 2771 19 938 2019 2938 1180 3180
Route 540 : 1217 1982 945 3217 3982 2945
